0.0	0.0	0.0	0.0	0.0
0.0	0.0	0.0	0.0	0.0
0.0	0.0	0.0	0.0	0.0
0.0	621.5	2060.9	3369.1	4327.5
0.0	1177.1	2245.5	3388.1	4222.3
0.0	1174.6	2389.7	3416.3	4307.7
0.0	885.9	2296.3	3280.2	4289.8
0.0	923.7	2262.1	3126.5	4272.2
0.0	848.0	2183.2	3167.0	4271.8
0.0	725.6	2204.2	3123.2	4260.4
0.0	689.6	2258.2	3072.8	4156.2
0.0	973.9	2193.4	3207.4	4161.5
0.0	1008.7	2172.3	3208.0	4247.0
0.0	1042.3	2307.3	3302.9	4273.8
0.0	860.5	2169.9	3206.2	4155.8
0.0	1018.5	2171.4	3248.9	4253.8
0.0	1016.6	2167.2	3267.3	4323.0
0.0	1040.4	2133.8	3147.3	4220.2
0.0	931.8	2003.4	3115.2	4161.0
0.0	948.3	1950.7	3228.4	4241.7
0.0	529.0	1177.2	2416.9	4052.8
263.6	527.7	1129.2	1884.7	4319.1
261.2	534.2	1203.8	1829.5	4326.7
263.6	533.4	1336.4	1841.2	4354.1
261.8	532.9	1512.2	1846.7	4286.7
264.9	551.4	1640.2	1894.3	4277.3
269.9	551.6	1663.5	1943.3	4242.3
272.2	566.9	1782.3	2015.9	4247.4
281.2	585.7	1880.9	2193.8	4331.9
286.0	606.0	1924.6	2288.4	4279.7
293.3	627.7	1907.8	2249.4	4331.1
300.9	646.9	1898.6	2229.6	4349.1
305.2	601.6	1932.8	2795.0	4119.6
150.8	354.3	1942.7	3081.9	4128.8
71.8	446.4	2008.7	3279.5	4351.3
70.7	1105.7	2269.8	3230.9	4334.1
315.0	1042.7	2199.4	3192.4	4296.6
0.0	1066.6	2124.6	3258.5	4307.1
0.0	200.0	2139.0	3702.2	6000.0
0.0	1116.6	1642.6	2930.7	4298.1
263.4	902.7	1601.1	2735.9	4132.7
0.0	1005.6	1899.0	2950.6	4133.5
300.0	1103.7	2041.8	3233.8	4222.8
190.5	1073.5	2236.2	3314.8	4377.3
139.5	1042.9	2372.3	3343.0	4530.9
63.5	1125.4	2387.9	3529.4	4518.4
0.0	1014.2	2239.7	3620.4	4561.7
240.0	1015.2	2338.2	3363.2	4639.2
0.0	995.2	2299.4	3243.0	4643.8
0.0	537.3	1837.3	3050.5	4574.6
0.0	515.3	1524.0	2967.6	4529.5
420.0	565.5	1518.6	2995.0	4469.0
100.3	636.8	1496.3	2955.1	4286.3
571.4	693.1	1459.0	2959.8	4128.2
90.2	650.3	1473.0	2935.8	4139.3
571.3	701.0	1365.9	2836.1	4048.0
0.0	730.7	1295.3	2790.3	4110.0
0.0	759.2	1286.3	2739.6	4107.0
86.6	756.9	1238.4	2657.9	3953.1
245.2	761.0	1227.0	2613.2	3928.7
259.2	746.6	1215.6	2579.2	3923.6
259.1	731.3	1217.1	2515.6	3992.2
254.5	743.7	1189.6	2450.8	4021.5
250.2	719.2	1178.3	2378.9	4031.3
246.6	723.6	1166.4	2252.5	4128.1
243.6	711.5	1177.2	2142.8	4098.9
242.6	713.0	1144.4	2040.3	4137.1
240.3	702.0	1191.3	1933.1	4155.3
239.5	689.4	1177.8	1828.1	4088.6
237.5	697.5	1178.7	1706.4	4161.2
237.3	681.6	1213.7	1659.7	4258.7
238.2	682.1	1298.8	1659.0	4249.4
237.4	667.2	1421.8	1673.5	4239.2
236.9	703.7	1468.4	1732.5	4219.9
236.5	690.0	1577.3	1868.5	4125.0
235.5	708.4	1646.8	2011.8	3983.3
235.8	712.3	1683.1	2143.5	3850.3
234.8	703.6	1779.6	2254.0	3685.3
234.8	647.8	1865.5	2353.6	3553.5
236.3	664.9	1884.9	2616.8	3573.0
234.0	619.1	1960.2	2766.4	4127.9
235.8	858.9	2132.8	2846.9	3991.5
240.2	786.2	2006.4	2822.5	3822.7
236.0	797.3	1781.7	2782.3	3799.6
235.0	753.2	1701.9	2552.5	3751.4
237.9	750.5	1629.4	2472.4	3642.3
232.1	792.6	1556.1	2897.2	3971.3
229.7	800.9	1422.9	3064.6	4040.3
227.8	794.5	1318.0	3196.4	4017.6
224.5	791.8	1253.1	3271.7	3992.3
223.0	811.5	1185.5	3334.1	3987.8
223.5	804.1	1103.7	3352.9	3968.2
223.6	798.5	1102.4	3388.3	3995.2
224.1	781.0	1095.8	3399.4	3990.0
223.2	758.0	1081.7	3434.5	4016.1
223.7	729.0	1059.8	3440.2	4044.1
226.1	699.0	1098.2	3431.4	4063.1
229.5	666.1	1143.3	3395.7	4110.5
232.8	588.5	1206.6	3333.6	4131.2
237.4	479.6	1250.6	3266.9	4092.6
242.2	836.0	2020.1	3334.3	4289.9
240.4	914.7	2080.2	3295.0	4462.7
119.6	1351.1	2197.4	3060.9	4158.2
71.0	787.9	1960.4	3231.5	4441.6
222.6	876.0	2175.8	3387.7	4442.0
0.0	906.7	2427.0	3282.5	4282.2
255.3	1016.6	2716.3	3389.7	4099.9
82.9	1119.8	2397.4	3152.4	3980.0
164.6	813.6	2011.5	2970.9	3979.0
231.9	803.8	1970.3	2821.1	4031.7
64.0	926.6	1893.5	2445.2	4061.9
0.0	755.5	1830.1	2676.1	4095.5
256.9	680.1	1490.6	1856.5	4194.8
263.8	705.3	1476.4	1777.0	4396.2
260.5	697.0	1460.6	1751.6	4532.5
252.4	693.0	1447.7	1726.9	4566.9
248.6	706.9	1426.4	1726.2	4589.9
244.7	732.5	1443.7	1770.3	4677.8
245.6	723.4	1456.3	1831.6	4621.1
243.3	752.4	1476.7	1883.6	4659.7
240.6	738.7	1570.1	1917.8	4414.8
239.9	730.6	1655.3	1953.6	4049.0
239.0	739.8	1710.4	2011.7	3548.8
238.9	772.7	1878.6	2904.6	4407.8
234.9	764.8	1946.6	2873.8	4446.2
232.7	800.4	1882.8	2840.0	4339.2
236.2	733.3	1856.7	2932.7	4304.7
229.2	688.4	1885.2	3077.4	4116.4
224.3	679.8	1914.3	3091.9	4034.3
222.9	659.0	1935.9	3069.9	4051.1
223.7	641.6	1958.2	3080.3	4138.1
221.6	538.2	1960.7	3106.0	4273.0
223.2	488.9	1963.1	3125.1	4439.1
224.6	530.8	2020.4	3137.6	4533.5
226.0	734.5	2347.2	3180.0	4500.9
75.7	995.4	2382.5	3225.6	4317.8
0.0	1140.0	2301.4	3249.2	4214.5
0.0	807.7	2200.3	3461.4	4503.9
0.0	771.4	2173.6	3476.1	4678.9
141.2	956.6	2441.7	3427.7	4565.3
81.6	916.8	2103.7	3163.8	4463.6
0.0	630.0	2104.8	3091.5	4479.1
0.0	631.1	2006.8	3062.1	4433.4
0.0	484.8	1962.4	3068.7	4293.6
238.0	477.2	1960.6	3050.8	4323.7
223.8	490.8	1957.6	3037.6	4297.9
212.0	505.9	1939.5	3034.9	4222.2
203.5	511.6	1915.0	3029.1	4239.7
204.6	576.6	1901.4	3003.1	4223.4
203.9	575.7	1866.9	2996.4	4181.8
202.3	597.7	1834.4	2993.8	4148.5
200.5	591.7	1799.3	2950.7	4065.4
199.5	580.1	1773.8	2899.1	4032.8
198.4	563.6	1755.2	2854.8	4037.8
197.9	530.6	1733.0	2848.7	4029.0
196.5	495.7	1720.8	2891.2	4051.4
199.2	465.9	1784.2	2954.6	3994.5
210.0	1041.1	2002.3	2970.4	4044.4
209.2	1060.8	1979.9	3014.0	4077.9
99.3	933.0	2086.8	3111.0	4097.6
137.9	934.3	2186.3	3160.9	4145.3
0.0	893.9	2025.9	3071.0	4082.6
354.3	880.2	1989.4	3053.6	4090.7
480.0	927.0	1947.7	2971.3	4097.9
521.7	1103.2	2335.8	3115.7	4062.9
0.0	781.2	2247.4	3081.0	4098.2
428.6	624.6	1847.4	2911.2	3994.3
0.0	800.6	1739.2	2999.2	4000.2
0.0	1036.3	1913.4	2942.3	4007.8
0.0	951.0	1902.8	2936.5	3966.5
105.4	997.6	1753.8	3040.7	4010.7
0.0	858.0	1712.3	2995.3	4098.8
0.0	874.4	1803.7	2970.8	4128.6
0.0	880.4	1829.7	3042.8	4031.0
0.0	1048.7	1738.7	3053.8	3909.2
0.0	883.8	1787.7	3118.2	3917.5
0.0	1092.9	1790.7	3166.0	4099.1
0.0	920.5	1595.1	3215.5	4155.3
0.0	932.5	1606.5	3243.5	4044.9
0.0	929.0	1654.1	3253.3	4038.0
0.0	960.6	1839.7	3334.3	4089.2
0.0	1076.6	1905.5	3371.3	4121.3
