0.0	0.0	0.0	0.0	0.0
0.0	0.0	0.0	0.0	0.0
0.0	0.0	0.0	0.0	0.0
0.0	942.2	2155.8	3184.2	4530.0
0.0	1045.7	2188.1	3173.4	4321.2
0.0	1037.9	2266.5	3202.1	4281.9
0.0	954.5	2188.9	3342.0	4178.8
0.0	719.1	2117.8	3354.1	4210.9
0.0	1051.5	2304.5	3294.5	4396.6
0.0	1013.1	2276.8	3234.7	4337.4
0.0	563.7	2080.0	3097.8	4234.3
0.0	828.0	2042.9	3238.2	4341.3
0.0	906.4	2188.7	3396.3	4487.9
0.0	1038.7	2244.1	3386.9	4597.5
0.0	1074.8	2207.3	3366.1	4593.2
0.0	1163.5	2164.0	3245.7	4363.8
0.0	1158.4	2234.1	3218.3	4384.2
0.0	1044.4	2251.5	3248.0	4470.8
0.0	1074.9	2276.6	3401.5	4438.1
0.0	1210.4	2279.6	3458.3	4525.9
123.7	1252.2	2432.3	3438.5	4501.3
0.0	1230.2	2392.9	3430.6	4575.6
245.1	1166.6	1631.4	3170.1	4584.7
0.0	981.6	1517.3	3251.4	4457.5
0.0	873.5	1624.5	3206.4	4275.3
63.5	695.9	1678.8	3247.4	4255.4
244.9	837.6	1793.1	3353.4	4303.8
67.7	1063.3	1801.7	3390.4	4140.4
276.4	799.8	1804.3	3321.8	4133.2
264.9	813.0	1904.9	3450.3	4184.6
249.3	866.6	1906.8	3330.4	4124.0
100.9	1073.9	1940.1	3107.1	4052.8
0.0	1029.2	1923.6	2992.6	4061.0
77.8	1034.2	1907.2	3003.2	4190.4
0.0	805.3	1967.7	3070.5	4259.9
0.0	1003.7	1991.7	3053.3	4150.7
0.0	889.9	1891.6	2949.6	4024.2
0.0	1099.2	1918.2	3037.6	3994.6
291.4	1078.1	1968.8	3249.4	4034.2
288.2	1113.9	1965.8	3328.2	4219.4
303.9	883.5	1967.1	3240.3	4092.1
259.2	1003.0	1869.1	3153.4	3995.9
268.5	825.2	1842.5	3190.1	4063.5
275.6	802.9	1916.5	3155.8	4114.4
0.0	844.1	1892.8	3195.1	3999.7
0.0	744.2	1736.5	2925.0	3799.3
0.0	706.2	1624.2	3020.4	3999.7
0.0	856.9	1599.7	3067.2	4134.3
72.2	848.6	1551.8	3054.2	4154.4
136.9	814.5	1457.3	3150.7	4176.0
196.5	1015.1	2092.2	3211.1	4244.9
148.3	955.1	2370.9	3314.9	4263.4
0.0	809.9	2329.9	3236.6	4182.8
0.0	721.3	2154.8	3285.0	4341.8
0.0	755.5	2096.1	3327.2	4294.4
0.0	999.1	2340.5	3300.3	4279.4
0.0	817.4	2225.2	3158.2	4254.0
0.0	692.7	2257.6	3283.2	4320.4
0.0	535.4	2162.2	3393.1	4358.7
0.0	420.2	1981.7	3255.5	4409.5
0.0	391.9	1932.0	3175.7	4291.6
224.1	390.4	2086.2	3194.5	4143.8
211.7	501.7	1777.6	3147.8	4000.3
202.4	582.6	1526.1	2930.3	4068.2
194.7	464.1	1851.5	2960.2	4023.2
191.6	392.0	1632.4	3128.7	3957.3
191.1	416.8	878.8	2950.2	4100.8
197.5	438.9	871.2	2838.6	4252.7
211.5	467.4	928.0	2820.7	3970.0
222.1	554.9	1069.5	2689.3	3853.9
228.9	639.0	1203.1	2607.6	3781.5
231.1	681.9	1348.2	2554.8	3830.3
232.9	723.5	1527.6	2542.9	3884.5
233.9	723.9	1636.7	2588.1	3911.0
233.6	716.6	1681.7	2644.9	3835.1
232.7	698.1	1732.9	2672.6	3766.3
232.9	670.1	1701.9	2688.4	3782.8
231.2	513.3	1677.1	2701.0	3671.6
223.6	591.7	1762.1	2795.7	3855.5
216.5	671.7	1753.4	2797.7	3880.1
218.9	701.2	1736.5	2794.5	3863.4
215.1	727.2	1696.9	2808.0	3800.8
212.5	763.8	1681.2	2694.5	3819.2
211.7	766.3	1627.5	2639.8	3827.8
212.0	762.1	1583.6	2657.1	3863.5
212.0	739.2	1507.7	2685.1	3923.8
213.5	693.2	1463.5	2642.9	3952.0
214.7	653.8	1351.2	2636.6	3921.0
217.3	636.0	1268.1	2669.0	3883.7
216.6	597.7	1218.2	2723.6	3907.4
206.7	557.7	1175.8	2659.5	3990.4
192.0	513.4	1134.6	2690.9	4265.5
92.4	723.2	2103.2	3349.0	4312.1
225.4	765.3	1991.8	3242.2	4164.3
71.1	899.8	2093.4	3214.7	4219.4
72.0	921.1	1975.7	3226.5	4220.0
0.0	1079.0	2003.6	3171.4	4184.5
0.0	1037.2	2115.4	3149.1	4097.4
0.0	824.8	2060.3	3099.5	4150.3
0.0	766.6	1971.8	3081.6	4201.9
115.4	736.7	2028.0	3108.1	4176.6
0.0	1010.8	2169.1	3126.6	4184.2
0.0	902.9	2112.2	3112.1	4107.6
0.0	822.0	2097.5	3149.4	4148.0
0.0	801.8	1974.3	3062.1	4332.1
0.0	806.1	2008.0	3072.8	4186.1
145.4	802.5	2095.7	2879.6	3963.9
102.3	518.2	2030.6	2757.7	3895.4
0.0	500.1	2018.9	2732.5	3968.4
171.4	503.9	2020.9	2764.9	3952.8
169.9	482.2	2023.6	2812.3	3950.0
163.9	459.2	2017.9	2881.2	3980.7
156.0	461.7	1920.1	2847.9	3979.1
146.4	508.1	1842.0	2843.3	4043.6
73.5	689.3	1876.9	3079.0	4137.5
191.6	1041.6	2155.6	3199.2	4276.6
69.6	1128.4	2179.9	3183.3	4343.0
0.0	1103.2	2186.6	3243.4	4372.7
0.0	929.6	2245.2	3252.3	4371.2
0.0	898.8	2204.8	3207.3	4421.0
0.0	958.6	2194.5	3086.0	4410.9
0.0	870.0	2167.0	3100.8	4388.1
0.0	871.4	2090.6	3210.6	4364.3
0.0	1213.2	2233.9	3483.4	5777.2
0.0	760.6	1979.7	3116.2	4319.0
0.0	492.2	1864.2	2840.0	4118.4
0.0	505.9	1813.0	2751.5	3892.7
174.4	512.7	1843.8	2744.2	3939.6
170.7	514.9	1846.7	2706.1	3852.7
170.7	511.8	1845.7	2612.4	3695.7
170.1	505.5	1855.7	2605.3	3624.6
169.6	506.0	1865.5	2634.9	3910.6
168.3	512.0	1911.1	2820.2	4104.2
171.0	601.4	2282.5	3074.4	4253.3
173.6	653.4	2522.6	3399.6	4386.8
166.1	686.9	2518.9	3346.7	4185.1
78.9	731.4	2552.7	3336.1	4201.1
0.0	757.3	2550.5	3392.0	4245.9
133.6	686.0	2544.7	3396.6	4213.7
71.0	646.0	2543.0	3368.6	4351.2
0.0	623.7	2481.2	3371.0	4319.9
77.4	631.3	2490.7	3396.1	4294.8
0.0	1003.7	2552.0	3486.1	4314.6
209.0	970.0	2560.2	3462.3	4216.6
100.9	1423.1	2573.8	3335.0	4332.7
105.3	1181.1	2526.9	3227.0	4321.4
79.7	844.8	2409.7	3008.7	4082.8
206.9	429.3	2266.4	3059.6	3888.8
219.5	407.4	2201.4	2663.9	3651.4
194.5	380.7	2210.8	2719.8	3791.6
186.4	360.6	2217.9	2834.3	3875.9
180.3	423.8	2183.0	2642.6	3848.3
176.9	431.2	1987.0	2530.7	4053.0
84.3	375.0	2025.7	2757.8	4212.0
165.9	348.0	2049.1	3054.4	4325.6
162.3	351.6	2061.2	3179.2	4266.5
79.0	976.7	2305.4	3173.9	4276.4
79.0	986.7	2276.5	3140.3	4274.2
395.4	730.4	2055.7	2903.9	4128.6
500.0	592.1	1777.1	2428.6	4041.5
0.0	522.8	1607.6	2188.5	3861.8
181.7	535.7	1456.0	2004.4	3865.1
178.3	547.2	1411.3	1895.6	3959.5
179.2	550.1	1394.1	1825.1	4044.9
179.2	568.6	1389.5	1797.5	4042.7
177.3	610.7	1369.6	1790.2	4018.0
172.3	664.3	1339.7	1832.7	4041.2
163.3	721.0	1334.2	1949.2	4014.1
161.6	751.6	1369.4	2030.7	3957.7
160.7	764.2	1417.0	2128.4	3833.8
161.0	778.5	1449.5	2233.6	3759.5
161.6	783.2	1449.2	2303.0	3804.0
163.2	792.3	1468.7	2330.7	3856.4
163.6	790.3	1484.9	2427.2	3854.3
163.2	786.2	1519.1	2499.5	3997.4
163.8	755.6	1619.4	2542.2	3998.4
165.5	737.7	1683.8	2583.9	4012.8
164.5	697.4	1692.1	2655.1	4027.3
163.9	649.1	1687.3	2534.4	3921.8
162.9	602.6	1663.0	2500.1	3932.4
161.5	567.3	1609.5	2513.8	3921.4
161.1	587.8	1689.1	2627.7	3872.7
158.2	770.0	2123.3	3046.8	4159.7
155.9	956.8	1964.2	3182.9	4241.5
82.2	880.8	1952.3	3319.6	4333.6
0.0	876.2	2049.7	3320.7	4350.9
85.8	985.2	2245.9	3261.1	4331.6
0.0	1003.6	2200.1	3268.2	4344.0
93.6	919.1	1928.4	3116.6	4239.2
67.9	963.7	2200.9	3213.2	4233.1
154.2	854.0	2242.9	3268.9	4296.5
0.0	985.3	2200.3	3272.7	4327.2
338.9	1205.7	2189.9	3279.4	4222.0
351.3	972.5	2028.3	3122.0	4137.9
105.3	1006.8	2050.7	3116.1	4102.1
0.0	950.5	2176.3	3176.5	4222.1
375.5	899.0	2108.2	3160.8	4260.8
0.0	824.7	1943.9	3222.8	4286.0
95.5	701.1	1906.9	3279.6	4283.1
0.0	541.5	914.7	2593.5	3839.7
0.0	514.7	894.2	2727.9	4029.8
75.9	520.1	916.2	2752.7	3974.1
64.1	630.8	2271.0	3472.9	4399.5
0.0	544.4	926.5	2530.9	4000.2
66.4	548.7	921.4	2365.8	3736.0
66.1	564.4	961.5	2325.4	3799.0
67.1	583.7	1003.9	2225.1	3888.6
67.8	578.7	1038.2	2132.1	3883.2
67.7	607.2	1087.9	2014.5	4032.5
68.0	616.3	1120.4	1933.5	4099.8
68.6	620.2	1151.0	1928.9	4121.3
141.1	734.5	1196.7	1979.7	3905.4
72.8	738.7	1194.8	1940.3	3831.4
72.5	703.7	1211.7	2274.7	4101.7
70.2	907.0	1723.5	3537.4	4650.5
144.6	965.5	1874.9	3595.2	4515.6
73.8	980.8	2002.1	3505.3	4238.0
222.2	883.4	2134.1	3518.7	4234.8
0.0	833.0	2089.4	3407.7	4446.1
132.4	728.5	1928.7	3278.8	4579.1
66.9	748.0	1973.3	3409.0	4585.2
0.0	1013.9	2229.0	3297.9	4541.4
268.8	999.3	2181.0	3387.2	4637.2
0.0	1060.3	1954.5	3314.6	4600.8
0.0	1166.5	2189.6	3320.3	4573.7
0.0	1053.2	2100.0	3502.0	4563.5
