0.0	0.0	0.0	0.0	0.0
0.0	0.0	0.0	0.0	0.0
0.0	0.0	0.0	0.0	0.0
0.0	863.0	1808.2	3270.4	4819.8
0.0	891.3	1772.9	3015.0	4162.5
0.0	959.4	1733.1	2929.3	3954.9
281.0	936.5	1756.1	3195.5	4130.4
0.0	813.8	1808.3	3082.9	4202.3
0.0	968.7	1832.2	3114.2	4306.7
0.0	1063.3	1952.8	3132.0	4219.5
0.0	1165.4	2203.6	3175.8	4249.3
0.0	1132.5	2259.6	3167.9	4365.7
0.0	1043.0	2276.2	3252.2	4333.0
0.0	1049.9	2338.0	3311.9	4367.7
0.0	937.3	1918.0	3116.8	4219.0
0.0	781.2	1644.6	3069.2	4181.8
0.0	886.6	1757.6	3068.4	4309.4
0.0	934.7	1867.8	3069.7	4351.8
568.1	1084.2	2105.2	3305.7	4298.6
0.0	995.2	1962.1	3355.3	4261.4
93.0	614.7	1949.0	3483.4	4198.7
259.3	558.1	1482.7	3019.9	4044.6
277.4	588.6	1395.5	2797.2	4128.1
238.4	689.2	1437.2	2796.1	4113.8
228.0	780.6	1431.4	2812.5	4095.3
226.0	809.1	1447.5	2755.1	4108.8
223.7	833.8	1489.6	2746.6	4131.3
225.2	836.3	1555.0	2753.9	4117.4
228.8	826.5	1627.8	2791.5	4052.4
235.3	810.7	1708.8	2800.3	4056.3
242.3	772.9	1803.8	2915.2	4164.4
249.3	713.3	1981.4	3061.7	4253.5
253.4	520.2	2116.0	3157.7	4392.6
256.5	487.3	2361.3	3271.6	4619.4
254.3	539.0	2501.1	3388.6	4644.9
123.8	771.5	2525.9	3227.2	4248.9
79.7	868.5	2603.0	3204.1	4252.9
0.0	1005.4	2798.8	3313.2	4349.6
0.0	841.3	2854.2	3373.1	4307.7
84.4	606.1	2826.5	3353.0	4309.0
0.0	555.7	2791.3	3391.8	4292.4
0.0	438.2	2534.1	3164.5	4130.5
0.0	515.0	2491.3	3105.9	4000.9
272.8	515.1	2427.7	3030.5	3993.9
257.6	498.7	2124.4	2971.2	3983.1
251.1	498.7	2000.0	2900.0	4037.1
239.2	508.5	1939.5	2850.4	4057.6
238.3	529.4	1867.0	2821.5	4029.6
237.0	501.3	1774.2	2777.7	4033.4
230.8	499.2	1631.9	2771.9	3970.8
231.7	471.7	1609.3	2743.0	3850.3
231.1	508.2	1669.9	2876.3	3902.2
232.7	597.9	1750.3	2947.1	3931.8
230.0	656.7	1780.4	2926.9	3876.9
224.2	711.0	1656.1	2905.2	3895.7
223.1	749.6	1595.8	2878.9	4045.2
221.1	769.1	1572.4	2890.5	4053.0
221.3	887.8	1558.6	2897.8	4029.8
220.7	1114.9	1582.8	2825.5	4022.3
220.1	742.1	1570.0	2683.5	4010.7
221.6	730.8	1582.1	2716.8	3995.6
223.0	716.9	1520.5	2682.1	3981.8
225.5	706.2	1384.6	2571.1	3980.0
227.9	771.8	1435.9	2597.1	4003.7
230.1	877.5	2056.4	2935.7	4126.2
223.4	1127.6	2190.0	3098.1	4204.8
110.1	1212.9	2173.7	3097.7	4210.3
74.0	1131.1	2123.2	3139.1	4263.6
75.2	1209.5	2115.8	3252.3	4281.7
187.4	1125.2	2185.8	3035.6	4224.8
270.0	1130.8	2320.2	3160.2	4278.9
528.8	1194.8	2330.8	3378.6	4287.7
243.0	1152.6	2340.5	3310.9	4308.2
543.3	835.0	2317.0	3162.1	4291.4
533.1	1024.3	2302.5	3226.8	4149.7
557.9	901.5	2094.9	3184.8	4159.1
288.8	814.4	2073.2	3194.4	4249.8
0.0	497.4	1117.4	2848.8	4177.7
239.8	476.4	1104.6	2965.9	4021.3
220.2	500.4	1113.8	2955.3	4000.2
214.3	522.7	1220.4	2938.0	4022.1
211.1	497.2	1223.6	2982.2	4052.5
207.9	428.3	1202.6	3104.8	4074.9
209.4	415.4	1242.6	3101.1	4096.2
210.6	411.6	1306.5	3051.4	4094.0
208.7	420.6	1278.3	3011.2	4081.2
207.6	453.7	1274.4	3057.4	4068.8
206.5	545.5	1288.4	3094.9	4112.9
206.0	650.8	1320.9	3051.9	4112.0
205.7	678.4	1321.1	2959.5	3919.0
206.5	751.5	1321.6	2933.0	3902.2
207.5	796.3	1297.2	2888.2	3875.8
208.4	828.4	1330.1	2886.4	3864.2
207.7	798.4	1257.4	2877.6	3835.7
208.1	829.3	1241.9	2887.5	3823.6
207.2	859.6	1240.8	2898.1	3859.3
207.1	789.4	1251.6	2900.8	3898.6
207.5	776.3	1249.4	2920.6	3916.8
207.2	774.9	1250.0	2926.6	3870.3
208.3	762.5	1253.2	2956.3	3869.7
210.2	736.8	1259.1	2981.2	3906.3
211.8	716.9	1245.8	3008.1	3903.2
213.2	675.7	1237.9	3046.0	3921.9
216.7	635.5	1228.5	3073.1	3968.3
218.9	576.6	1221.6	3077.9	3992.4
220.0	435.6	1147.4	3061.6	3983.4
221.9	430.5	1138.8	3036.9	3979.2
221.8	421.5	1215.8	3017.2	4006.2
108.5	387.3	1478.7	3004.6	4005.6
70.8	355.0	1759.7	3049.4	4109.5
232.4	440.9	1598.4	2991.3	4064.0
244.9	458.5	1517.5	2874.5	3939.7
237.0	460.4	1622.5	2925.3	3968.8
229.7	454.7	1708.2	2959.3	3994.7
230.2	450.0	1913.9	2912.9	3840.8
226.2	442.5	2334.7	2943.5	3810.9
222.9	443.0	2544.5	3030.4	3871.4
221.5	436.6	2593.4	3046.6	3842.9
220.7	423.6	2626.8	3049.7	3878.7
216.2	428.5	2615.9	3039.5	3853.7
214.9	429.5	2531.6	3007.4	3876.9
213.7	430.8	2485.2	2988.0	3875.8
213.6	439.1	2328.2	2907.5	3848.8
212.3	465.4	2146.1	2890.8	3854.1
208.8	607.8	2063.0	2828.2	3926.7
206.2	636.4	1941.1	2811.9	4007.1
204.8	659.3	1808.2	2767.4	3993.3
204.1	730.2	1740.6	2659.9	4028.4
203.2	761.4	1661.8	2673.8	4082.5
203.0	758.3	1614.7	2678.4	4055.9
203.9	733.8	1564.8	2658.0	3963.5
205.0	684.7	1467.1	2613.5	3902.1
205.7	585.4	1478.7	2752.7	3955.8
204.9	462.1	1942.0	3121.8	4142.4
67.8	824.1	2100.6	3241.8	4197.7
0.0	1050.0	2346.9	3296.3	4299.9
0.0	1102.8	2192.8	3342.2	4277.8
0.0	1022.6	2170.9	3353.4	4396.5
0.0	1267.2	2210.7	3331.6	4228.0
0.0	1316.5	2285.8	3314.1	4263.0
149.9	1060.9	2214.3	3387.6	4262.3
311.5	974.4	1911.1	3047.9	3915.8
297.0	817.7	1444.5	3032.4	3816.7
0.0	727.8	1265.7	3131.9	3677.1
223.6	640.6	1241.1	3101.7	3712.7
215.0	737.9	1368.1	3096.0	3767.1
210.1	690.8	1534.6	3140.4	3834.3
207.3	586.4	1527.7	3106.5	3782.4
205.2	547.6	1527.4	2818.2	3757.1
203.0	437.9	1637.5	2734.4	3882.1
200.9	418.0	1695.1	2756.4	3961.6
208.0	415.2	1675.1	2793.4	3962.3
206.5	419.7	1740.7	2803.4	4012.6
205.7	441.3	2097.4	3175.5	4088.7
212.7	582.3	2173.2	3319.1	4287.5
115.0	650.5	2139.2	3216.9	4350.1
245.4	717.9	2104.2	3379.5	4378.4
258.0	840.5	2156.8	3642.2	4427.8
0.0	784.5	2163.6	3431.1	4403.9
0.0	751.9	1893.5	2924.0	4187.1
0.0	945.4	1882.7	2857.4	4016.1
0.0	911.3	1831.7	2820.8	3901.2
0.0	895.4	1806.4	2778.2	3938.5
0.0	914.9	1734.5	2707.9	3858.0
0.0	877.6	1754.7	2688.0	3683.9
230.4	871.9	1637.3	2629.2	3641.6
220.6	895.1	1564.7	2571.0	3641.7
209.2	906.2	1523.0	2531.3	3646.3
202.3	919.1	1486.3	2560.3	3779.7
201.0	913.1	1502.7	2566.3	3730.9
202.1	905.9	1487.3	2530.5	3647.8
203.7	891.8	1468.4	2517.9	3778.2
201.9	849.2	1443.6	2526.4	3875.7
195.4	807.1	1405.9	2542.6	3858.9
186.1	766.9	1370.2	2538.2	3840.0
66.8	772.9	1413.3	2612.9	3890.5
226.5	551.6	1937.2	3016.2	4249.7
0.0	802.8	2061.8	3101.1	4340.9
0.0	1084.6	2293.1	3231.8	4346.3
0.0	867.7	2053.9	3163.5	4246.0
0.0	853.4	2054.1	3211.7	4227.2
0.0	829.9	2129.1	3032.4	4277.9
0.0	801.0	2058.4	2883.6	4284.3
250.6	1032.1	2129.4	2966.7	4122.1
249.0	1003.0	2176.3	3223.5	4153.0
108.9	884.3	1516.3	2491.9	3795.6
297.0	849.5	1455.1	2488.9	3823.2
276.9	827.8	1649.3	2531.0	3798.8
257.2	731.2	1674.4	2587.0	3772.0
228.5	676.6	1751.2	2625.5	3769.1
209.5	611.2	1876.3	2674.0	3866.5
101.2	568.5	2007.9	2852.4	3943.2
100.8	521.2	2230.6	3084.0	3958.6
195.5	502.7	2248.9	3041.9	3975.4
203.7	581.0	2205.5	3024.6	4098.4
208.8	558.7	2226.4	3356.8	4595.5
218.2	765.2	2250.9	3406.0	4731.1
260.9	872.9	2370.5	3677.1	4788.1
0.0	1109.2	2438.0	3863.3	4882.3
203.4	910.7	2355.9	3807.2	4786.7
545.5	936.4	2200.6	3601.1	4752.3
413.8	1236.4	2418.6	3726.9	4810.5
0.0	1306.6	2538.9	3811.7	4763.2
210.5	1128.8	2647.6	3780.7	4808.8
0.0	907.5	1977.2	2998.2	4153.9
0.0	926.0	1741.0	2855.6	4011.8
120.0	858.7	1545.4	2816.9	3883.1
0.0	965.9	1506.3	2864.6	3845.6
214.9	983.8	1492.4	2950.5	3857.1
200.0	905.9	1453.0	3002.0	3845.5
197.9	848.2	1452.1	3038.5	3874.9
198.9	1050.8	1499.8	3046.4	3901.3
201.1	1053.2	1575.5	3057.0	3877.9
200.6	742.6	1617.2	3028.3	3850.8
199.2	657.9	1671.9	3042.6	3891.6
198.5	585.4	1694.2	3039.2	4054.9
199.1	493.2	1708.9	2915.1	3974.6
197.8	416.7	1735.3	2842.1	4008.6
198.0	403.9	1845.9	2849.3	4364.1
204.0	405.0	1966.4	2920.7	4413.6
202.1	405.7	2005.4	2942.1	4375.6
203.3	405.9	1945.4	2957.9	4366.9
204.9	434.6	1918.7	3109.1	4396.9
206.6	559.0	2056.3	3285.4	4463.2
217.9	530.5	2022.9	3172.3	4386.1
232.6	541.1	1870.1	2958.9	4294.8
219.3	602.9	1830.6	2980.6	4251.7
204.2	643.5	1844.8	2979.7	4209.6
197.1	751.1	1861.4	2969.8	4186.9
193.7	819.3	1835.4	2969.2	4152.0
193.2	865.6	1835.3	2993.2	4104.3
190.9	901.6	1800.3	3016.2	4036.3
188.9	948.6	1749.5	3039.1	3998.7
186.1	967.2	1674.3	3004.8	3941.5
184.3	991.9	1651.5	3019.9	3802.3
181.8	939.8	1540.8	2984.2	3782.4
181.9	919.4	1445.1	2738.6	3784.3
183.2	824.5	1460.9	2798.5	3756.2
185.8	758.4	1458.8	2610.2	3704.8
187.1	695.3	1283.2	2107.9	3597.1
190.1	638.6	1296.5	2227.9	3647.0
200.5	680.7	1735.6	3221.6	3586.3
212.8	662.4	1919.6	3385.5	3874.7
216.0	1039.6	1983.2	3447.6	4061.2
211.0	1055.0	1956.8	3377.9	4092.2
109.2	886.1	1941.9	3417.1	4203.2
74.8	866.9	1944.2	3430.4	4318.0
84.7	767.7	1875.3	3451.1	4452.0
0.0	757.9	1936.9	3431.8	4435.3
273.3	1077.7	1943.8	3459.7	4409.6
274.2	1035.7	1918.3	3377.9	4415.0
300.0	1107.4	1914.7	3299.8	4363.4
220.5	1096.5	1871.9	3267.9	4363.2
0.0	1065.8	1914.9	3277.3	4413.6
0.0	997.9	1961.2	3261.8	4520.4
0.0	937.9	1929.7	3326.7	4479.3
