0.0	0.0	0.0	0.0	0.0
0.0	0.0	0.0	0.0	0.0
0.0	0.0	0.0	0.0	0.0
0.0	987.6	1950.5	3026.2	4151.7
0.0	991.5	1934.8	3115.1	4020.6
0.0	1048.4	1883.4	3207.9	4067.4
0.0	1001.2	1890.3	3177.4	4173.2
0.0	1055.4	1924.3	3072.1	4194.9
0.0	936.0	1956.3	2988.0	4160.1
0.0	857.3	1934.2	3049.5	4180.6
0.0	719.6	1858.3	3048.5	4164.6
0.0	910.6	1917.0	3003.4	4178.7
0.0	877.9	1999.7	3086.0	4214.6
0.0	1025.3	2136.8	3146.7	4133.7
0.0	1088.6	2055.1	3144.3	4180.6
0.0	805.5	2219.5	3257.0	4234.1
0.0	782.4	2263.9	3219.9	4212.5
0.0	899.8	2318.6	3203.8	4389.8
0.0	961.5	2352.1	3415.7	4433.9
0.0	995.7	2260.8	3764.8	4434.3
164.4	1001.1	2356.1	3954.3	4439.0
0.0	1157.0	2528.6	3822.8	4563.0
0.0	1290.7	2536.7	3832.5	4701.2
0.0	1309.6	2425.5	3748.2	4667.7
0.0	1329.8	2420.4	3713.6	4626.2
255.3	1180.2	2382.5	3651.1	4691.1
0.0	1088.5	2394.0	3715.0	5011.5
0.0	1020.4	2535.9	3896.0	4752.4
0.0	1025.4	2051.6	3425.5	4512.8
545.5	553.4	1873.0	3143.2	4563.1
0.0	458.3	1867.5	2986.5	4337.4
218.8	463.1	1879.3	2969.8	4241.6
226.2	466.3	1919.1	2970.4	4167.6
230.6	465.0	2004.4	2965.5	4035.9
229.3	468.3	2033.6	2922.4	3984.9
229.2	479.1	2020.6	2823.1	3923.2
226.4	506.5	2000.8	2780.8	3916.1
227.4	527.1	1988.0	2784.4	3916.4
229.6	538.7	1912.4	2820.3	3927.7
232.5	541.7	1908.7	2845.2	3998.7
236.6	556.8	1941.6	2888.3	4040.6
239.6	557.4	1943.6	2918.5	4076.8
240.6	556.6	1921.1	2993.6	4171.3
247.1	574.1	1810.1	3034.2	4223.8
251.9	490.4	1785.0	2993.7	4269.7
254.7	481.9	1751.9	2720.5	4314.9
252.1	263.0	1716.0	2808.4	4314.8
127.3	257.9	1606.3	2890.5	4332.7
253.1	257.2	1555.9	2830.4	4344.7
256.0	258.7	1636.2	2841.5	4296.5
253.1	510.1	1740.4	2986.6	4268.2
257.2	470.3	1801.1	2959.5	4300.1
255.4	498.1	1933.7	2927.7	4286.8
254.8	517.5	2041.5	2943.0	4294.2
253.9	499.5	2163.0	2991.1	4273.2
252.6	489.6	2273.6	2974.5	4270.2
249.0	486.4	2355.6	2930.3	4265.8
244.8	471.1	2379.1	2920.5	4280.3
238.2	460.3	2395.9	2888.0	4249.9
229.5	431.6	2392.0	2909.9	4198.6
218.9	429.7	2294.9	2928.8	4199.0
200.3	474.2	2152.7	2969.6	4169.5
188.9	520.1	1954.9	2968.3	4122.8
91.4	601.2	1765.0	2992.3	4117.7
99.3	684.0	1682.6	2989.2	4141.1
85.5	730.9	1576.3	2973.0	4071.4
105.4	785.6	1459.1	2952.0	4006.5
125.1	781.3	1375.6	2884.6	3983.9
178.9	762.3	1313.1	2897.0	3964.3
183.5	778.5	1271.9	2980.4	3929.3
185.4	807.3	1198.6	2994.2	3941.4
186.4	805.7	1179.8	2986.6	3953.4
187.3	812.2	1183.6	2985.5	3937.0
189.8	752.4	1183.1	2964.2	3903.6
194.9	741.6	1220.3	2967.6	3838.9
200.0	766.3	1257.3	2904.1	3797.1
202.8	771.7	1372.4	2900.2	3881.0
201.9	1066.5	2252.1	3189.8	4322.6
0.0	982.3	2248.4	3276.3	4296.3
260.1	1034.5	2181.5	3249.8	4260.0
0.0	1133.7	2231.0	3282.3	4426.1
0.0	1083.9	2349.8	3375.1	4298.8
272.6	1019.6	2320.1	3377.8	4211.3
0.0	733.1	1951.9	3190.5	4192.3
500.0	665.9	1916.6	3119.1	4166.4
226.4	560.2	1805.7	3049.7	4279.6
259.2	528.9	1773.3	3044.3	4399.0
248.2	516.2	1798.2	3129.9	4396.8
239.2	518.2	1919.7	3293.8	4412.0
234.5	701.5	2488.0	3731.6	4760.3
235.4	860.9	2600.5	3923.5	4840.1
78.2	1171.6	2857.5	3938.8	4744.8
76.9	1158.7	2827.0	3824.4	4690.0
80.0	1165.7	2587.4	3689.1	4619.5
272.0	1506.0	2917.7	3785.2	4540.6
0.0	1532.9	2778.5	3830.5	4350.4
222.5	1421.5	2440.8	3636.6	4181.1
315.8	1332.0	2063.0	3346.8	4000.3
221.0	1228.0	1966.1	3059.1	4132.3
314.9	1168.8	2065.3	2994.4	4131.5
580.5	1095.9	2131.7	3024.9	4161.5
136.8	1007.5	2054.2	3116.5	4220.5
243.5	481.2	1398.2	2842.9	4259.1
216.0	408.7	1074.5	2694.0	4224.9
199.1	401.8	1027.1	2707.7	4209.6
193.4	432.1	1018.8	2408.1	4015.1
190.7	464.8	1042.9	2299.5	4021.8
190.2	498.1	1762.5	2334.6	4142.1
190.8	544.2	1610.4	2154.6	4112.9
191.0	542.8	1252.1	2042.2	4097.1
194.6	551.2	1343.7	1996.2	4114.2
198.7	557.1	1362.2	1992.4	4108.4
201.9	565.1	1322.3	1964.9	4101.9
204.0	578.0	1382.5	1968.6	4130.2
203.1	559.7	1428.3	1994.0	4187.4
191.8	537.7	1478.5	1985.3	4228.6
63.5	544.3	1606.7	2045.6	4279.3
112.2	504.0	1756.4	2970.6	4321.1
87.8	440.1	1811.2	3160.9	4248.9
178.7	1263.0	2091.6	3276.1	4312.4
0.0	1064.8	2143.1	3199.5	4194.0
0.0	1011.1	2207.3	3265.7	4230.4
0.0	915.9	2104.2	3183.1	4281.8
0.0	857.6	2123.2	3169.4	4325.7
0.0	933.2	2188.8	3178.8	4316.7
0.0	1149.1	2095.6	3172.6	4225.0
0.0	1192.2	2175.9	3233.0	4259.9
0.0	1059.7	2140.4	3183.7	4238.2
0.0	693.6	1972.5	3018.8	4140.6
0.0	1004.3	1578.3	2939.0	4082.7
0.0	895.9	1558.8	3081.6	4002.3
0.0	1188.3	2535.5	3739.3	4068.1
134.1	1101.8	2775.3	3795.6	4374.5
107.7	1013.0	2655.8	3844.8	4569.5
63.5	974.8	2446.6	3753.2	4276.8
270.3	647.3	1317.0	3132.8	4253.2
244.8	662.0	1415.3	3002.7	4420.3
215.0	709.5	1595.3	3003.7	4242.2
203.1	730.7	1724.5	2986.2	4154.5
197.2	723.5	1838.5	2961.4	4059.0
195.3	713.5	1932.7	3038.7	3978.9
191.9	691.8	2085.7	3039.9	3999.9
190.7	687.0	2154.4	3037.0	3986.5
187.3	668.1	2212.6	3010.9	3948.3
187.1	671.6	2355.9	2935.3	3946.0
187.5	640.5	2368.1	2857.3	3899.5
187.7	631.3	2084.9	2653.2	3894.6
184.6	592.1	1737.4	2586.0	3909.1
183.3	479.5	1697.0	2542.9	3993.1
180.3	386.2	1681.3	2538.0	3948.8
179.7	462.9	1778.5	2594.4	4047.4
180.2	368.5	1793.0	2593.7	4259.3
177.1	346.9	1789.2	2623.4	4299.5
174.6	350.8	2025.6	2966.9	4293.6
88.1	391.7	2143.6	3116.0	4153.6
86.9	500.9	1957.1	2833.7	3983.1
325.7	530.2	1836.2	2874.2	4298.6
314.5	627.9	1641.1	2838.1	4262.8
0.0	678.2	1576.2	2811.2	4009.0
0.0	713.1	1513.5	2915.1	4042.5
0.0	759.5	1412.6	2850.2	4053.6
158.8	762.7	1347.2	2864.0	4046.2
0.0	771.6	1310.5	2906.3	3997.2
0.0	792.4	1281.9	2934.7	3975.0
75.9	784.7	1261.5	2952.1	3920.1
173.3	767.7	1247.6	2953.7	3882.4
180.5	764.7	1235.0	2983.1	3894.4
184.8	740.9	1226.1	3028.3	3867.5
188.4	734.9	1216.5	3059.8	3866.1
190.3	733.7	1204.5	3080.6	3865.9
192.0	721.9	1179.0	3110.0	3823.4
194.3	704.1	1113.3	3147.4	3842.3
196.8	700.5	1097.9	3170.4	3879.7
199.2	697.6	1136.7	3201.4	3917.8
200.9	687.1	1180.7	3161.7	4053.9
202.1	645.3	1209.2	3093.5	4182.2
203.3	606.2	1200.3	3014.8	3991.3
203.4	658.1	1182.0	2964.9	3745.7
204.0	826.3	2703.2	3158.9	4248.4
202.3	767.6	1394.6	2840.7	3768.5
199.7	866.4	1715.9	2842.1	3775.0
100.1	837.7	1703.1	2879.3	3776.4
66.0	856.3	1532.9	2710.8	3849.0
200.8	940.1	1526.4	2561.3	3873.8
205.9	834.2	1535.9	2426.1	3865.3
212.7	758.7	1569.8	2316.5	3941.0
214.6	717.0	1559.4	2339.0	4070.5
220.1	618.4	1541.1	2257.8	4185.5
217.3	580.3	1523.0	2096.3	4206.6
212.5	545.7	1496.4	2030.1	4388.7
209.2	528.5	1562.1	2084.5	4220.3
208.8	526.8	1641.4	2105.6	4199.2
207.9	502.8	1708.5	2145.4	4200.4
207.4	471.9	1747.1	2256.4	4133.9
209.1	460.1	1917.3	3015.3	4142.7
209.9	474.8	2157.9	3269.6	3933.3
207.4	383.1	2056.2	3210.9	3997.0
70.1	962.2	2047.0	3257.8	4192.5
74.9	966.9	2246.5	3336.1	4258.1
0.0	714.7	2212.1	3245.4	4201.7
0.0	750.4	2167.1	3277.2	4247.6
0.0	769.9	2150.1	3277.9	4377.9
0.0	661.5	2240.7	3240.1	4278.8
0.0	1092.6	2256.5	3232.8	4314.3
0.0	999.5	2170.3	3181.9	4378.4
0.0	1122.1	2156.5	3062.1	4272.4
0.0	1254.7	1922.4	2963.3	4297.9
0.0	951.0	1813.7	2928.2	4346.4
119.9	911.0	1831.0	2920.5	4405.2
0.0	849.4	1802.9	2939.3	4492.4
230.5	763.8	1738.7	2911.3	4380.2
216.8	771.7	1676.4	2752.9	4279.2
205.9	798.9	1663.6	2772.8	4251.7
200.9	817.0	1642.7	2810.0	4275.9
196.1	811.7	1634.0	2832.8	4280.8
192.2	813.5	1630.6	2860.0	4293.7
189.5	828.4	1582.1	2906.7	4304.5
188.5	835.5	1578.4	2950.5	4253.5
186.9	834.4	1572.0	2952.6	4254.9
186.1	821.2	1574.3	2950.6	4200.0
183.9	824.8	1569.2	2953.3	4155.8
182.8	816.1	1550.8	2937.5	4236.2
181.4	816.8	1559.7	2961.9	4200.3
182.1	826.5	1543.6	2982.2	4211.2
181.0	806.8	1514.3	2983.9	4229.7
178.9	824.7	1516.7	2985.1	4260.6
177.0	812.0	1524.5	2970.2	4266.7
174.5	802.9	1518.5	2978.0	4246.5
173.6	803.4	1503.4	3014.6	4194.7
172.7	818.1	1497.9	3020.2	4140.5
171.7	810.4	1505.8	3031.9	4159.8
170.6	826.9	1510.0	3034.0	4214.1
170.4	794.3	1470.6	3032.9	4157.9
169.0	812.4	1384.1	3085.1	4148.2
171.2	744.4	1396.9	3217.5	4275.5
172.5	654.6	1650.4	3422.4	4406.6
171.9	387.6	1659.3	3080.7	4417.2
174.1	353.7	1593.0	2961.8	4464.4
179.2	913.4	1773.0	3009.0	4589.9
179.3	894.6	1816.3	3095.1	4569.5
180.3	357.9	1788.4	2987.5	4469.2
181.0	413.3	1838.1	2966.1	4422.5
89.7	672.0	1746.7	3048.3	4143.0
182.5	778.0	1574.3	3040.2	3956.0
187.2	823.8	1386.2	3052.7	4002.8
241.0	879.0	1378.9	3110.8	4153.7
242.0	984.8	1571.0	3094.8	4182.6
0.0	958.9	1667.2	3132.8	4252.4
238.3	898.4	1665.2	3131.4	4224.6
214.2	806.4	1648.9	3188.4	4146.4
234.2	856.0	1750.8	3219.5	4136.5
238.1	992.8	1825.8	3230.7	4155.7
0.0	922.6	1625.6	3051.0	4107.3
