0.0	0.0	0.0	0.0	0.0
0.0	0.0	0.0	0.0	0.0
0.0	0.0	0.0	0.0	0.0
0.0	625.1	2045.5	3280.4	4197.0
0.0	1030.1	2047.4	3304.6	4254.1
0.0	1232.1	2349.1	3366.8	4334.1
0.0	1282.0	2268.4	3321.8	4254.5
0.0	1003.5	2278.6	3256.2	4103.2
0.0	1010.9	2366.0	3355.0	4166.1
0.0	1140.7	2195.4	3379.9	4311.9
0.0	1027.7	2112.0	3261.9	4230.4
0.0	1107.7	2119.5	3284.0	4316.8
0.0	1074.1	2319.7	3326.0	4332.1
0.0	1033.5	2286.9	3409.1	4177.9
0.0	1089.5	2201.3	3391.8	4219.2
0.0	1171.9	2133.2	3339.5	4390.4
0.0	250.5	2198.8	3186.5	4271.7
236.4	463.9	2136.1	3105.6	4260.1
249.0	466.1	2109.8	3046.9	4545.3
211.9	490.7	2212.3	3054.0	4654.0
190.9	526.3	2305.9	3100.9	4693.4
194.8	553.1	2370.6	3154.9	4673.3
198.0	576.8	2399.8	3185.5	4633.4
200.5	585.9	2426.5	3191.9	4630.3
201.5	563.2	2463.9	3208.3	4552.0
202.1	522.1	2488.2	3180.7	4472.0
202.1	498.1	2462.8	3087.6	4446.8
202.0	475.4	2397.5	2896.8	4422.4
201.6	470.0	2255.5	2757.7	4385.7
200.1	476.5	1972.4	2704.3	4241.3
195.0	509.1	1919.2	2671.3	4059.8
95.1	493.3	1788.8	2634.9	4061.6
186.8	482.3	2366.9	2966.4	4189.5
185.3	571.0	2222.4	3134.6	4137.3
184.9	495.5	1974.7	2994.5	4150.7
185.2	433.9	1914.1	2914.5	4273.8
184.3	567.6	2073.5	2905.3	4212.2
183.8	498.4	2203.2	2981.5	3977.1
212.3	547.2	2248.5	3076.6	4060.3
214.9	622.6	2284.4	3107.5	4094.0
221.1	632.0	2271.5	3132.8	4095.0
222.8	686.0	2244.4	3105.6	4089.5
222.9	702.7	2205.3	3034.9	4092.2
225.1	701.7	2129.6	2920.0	4102.7
228.7	729.3	2043.0	2762.1	4089.4
232.7	744.2	1926.6	2555.6	4052.1
235.5	735.8	1807.1	2432.7	4031.2
236.5	716.1	1665.1	2301.3	4194.7
235.9	727.2	1503.8	2233.4	4337.5
233.2	749.1	1452.2	2193.1	4217.0
112.6	868.2	1810.7	2992.6	4276.9
72.5	901.1	1923.1	3002.9	4189.6
219.6	849.1	1873.2	2938.1	4055.0
224.4	839.8	1804.9	3061.0	4147.8
228.0	507.1	1520.3	2620.1	4163.7
232.1	565.8	1413.1	1935.4	4207.1
237.9	582.7	1447.8	1942.4	4263.4
244.2	594.8	1463.8	1951.2	4148.1
243.1	581.8	1464.7	1977.8	4016.7
244.9	572.4	1437.4	2000.4	4112.8
243.7	498.1	1410.0	2111.4	4145.6
238.2	490.0	1491.7	2427.6	4128.7
244.3	490.9	1491.6	2418.5	4146.7
244.9	504.7	1543.7	2473.7	4167.3
245.9	480.3	1613.3	2594.5	4179.2
246.0	473.1	1695.9	2702.0	4197.4
249.4	464.1	1711.7	2675.5	4167.9
249.8	461.5	1724.1	2647.5	4117.1
255.6	667.8	1954.1	2828.2	4150.6
270.1	737.1	2086.1	3067.0	4295.1
262.1	772.4	2181.1	3161.1	4415.9
262.0	791.0	2221.5	3212.0	4443.6
265.4	802.5	2244.0	3246.0	4441.1
268.7	804.1	2253.8	3244.4	4448.7
269.4	808.4	2260.3	3266.7	4459.9
270.0	801.2	2252.7	3275.0	4453.4
268.2	795.8	2233.6	3268.0	4411.0
264.6	795.3	2229.0	3277.0	4391.0
261.2	808.6	2228.5	3267.5	4408.4
255.8	802.2	2199.8	3293.0	4498.1
244.2	775.8	2194.1	3274.4	4564.1
230.3	759.3	2194.3	3316.2	4607.7
215.9	737.9	2190.9	3327.2	4622.6
199.1	681.6	2202.1	3361.2	4693.1
165.5	641.2	2237.8	3281.8	4438.7
119.7	626.8	2247.3	3232.9	4194.1
84.2	575.4	2191.6	3300.2	4259.1
0.0	690.3	2145.8	3307.2	4205.7
266.5	922.8	2198.2	3341.4	4227.9
72.0	1149.1	2350.4	3394.2	4255.6
0.0	1223.8	2342.3	3340.8	4258.4
0.0	1200.5	2302.9	3257.8	4233.8
0.0	1103.8	2260.5	3315.1	4264.7
0.0	1043.3	2227.2	3281.0	4304.5
0.0	1047.9	2274.0	3267.6	4454.3
0.0	876.8	2136.9	3235.4	4311.2
0.0	1099.8	2259.4	3195.7	4200.2
0.0	1254.8	2293.8	3304.8	4228.0
0.0	1290.9	2340.3	3412.7	4325.1
0.0	1087.8	2326.4	3373.6	4392.1
0.0	1260.5	2465.2	3377.7	4393.3
0.0	1003.5	2544.5	3508.7	4503.7
0.0	386.1	2551.6	3697.9	4600.6
0.0	402.1	2579.3	3722.4	4511.7
197.8	397.0	2565.3	3644.7	4471.3
88.0	409.7	2578.2	3587.8	4479.9
183.8	452.8	2558.8	3512.7	4398.6
182.2	522.6	2520.7	3427.4	4431.3
185.1	533.8	2478.1	3374.9	4480.1
182.1	562.9	2414.0	3318.4	4448.2
182.4	521.6	2332.0	3258.5	4387.6
177.9	465.4	2244.3	3144.6	4361.6
173.7	358.7	1728.6	3026.7	4043.0
87.4	401.5	1646.2	3029.1	3568.9
178.6	407.7	1579.8	3024.3	3447.1
178.9	395.0	1650.6	2996.3	3563.6
179.7	536.4	2109.5	3075.1	3899.8
183.6	602.4	2110.1	3087.1	4074.9
178.5	690.3	2074.2	3052.9	4261.1
178.6	719.6	1996.7	2988.8	4230.6
176.4	736.3	1934.2	2914.2	4207.2
175.5	732.7	1867.8	2895.2	4191.8
176.7	741.9	1779.0	2891.3	4199.9
177.4	759.8	1716.1	2932.2	4152.0
177.4	766.1	1652.3	2934.9	4160.8
178.4	764.4	1597.0	2929.0	4158.9
178.7	746.9	1546.6	2934.3	4146.6
179.6	731.9	1490.8	2953.2	4222.6
181.2	737.7	1434.6	2950.5	4260.5
180.5	718.9	1371.2	2959.5	4208.1
182.5	708.0	1319.4	2973.4	4200.1
184.3	699.8	1291.4	2997.0	4272.8
186.3	681.3	1246.3	3033.8	4312.5
189.8	642.8	1185.8	2928.2	4271.9
193.6	624.7	1163.0	2791.0	4292.7
197.0	633.0	1124.5	2822.0	4252.3
200.7	647.3	1082.1	3008.7	4279.3
204.5	673.1	1099.5	3028.5	4199.5
209.1	722.9	1223.2	3074.7	4095.1
212.6	825.8	1354.7	3035.5	4197.2
215.0	875.7	1523.0	2963.0	4283.2
217.4	994.6	1893.7	3087.4	4192.1
214.2	1043.0	2221.2	3135.7	4169.3
103.0	1066.4	2191.9	2975.5	4266.7
66.7	1029.0	2044.0	2941.0	4230.2
64.9	1089.6	1912.1	2931.8	4112.4
0.0	1059.5	1962.8	2972.5	4110.6
0.0	944.1	1798.6	2870.2	4097.4
334.5	900.5	1754.0	2809.1	4037.7
66.2	866.6	1737.1	2833.2	4089.4
