0.0	0.0	0.0	0.0	0.0
0.0	0.0	0.0	0.0	0.0
0.0	0.0	0.0	0.0	0.0
0.0	1198.7	2250.9	3396.8	4361.3
0.0	1228.8	2202.6	3354.0	4331.5
0.0	1314.0	2210.5	3271.9	4195.9
0.0	1140.0	2299.9	3319.5	4173.6
0.0	1077.1	2419.5	3477.4	4398.1
0.0	882.9	2337.5	3285.2	4338.0
0.0	683.2	2190.8	3269.0	4157.3
0.0	718.5	2177.0	3289.8	4245.5
0.0	1217.3	2195.1	3369.7	4252.0
0.0	1159.3	2350.7	3463.9	4311.6
0.0	1092.7	2240.3	3297.5	4364.9
0.0	848.9	2130.8	3139.2	4340.8
0.0	859.8	2182.9	3237.5	4365.7
0.0	1228.0	2273.2	3415.4	4277.6
0.0	1019.3	2155.5	3403.2	3855.5
0.0	942.2	2216.8	3440.3	4164.8
0.0	800.5	2415.0	3431.2	4194.7
0.0	685.1	2066.6	3143.4	4122.5
413.8	1022.8	1910.9	3058.0	4098.7
421.6	1015.0	1849.9	3021.5	4101.0
475.7	1114.5	2016.0	3114.9	4153.9
0.0	1181.8	1943.5	3192.6	4065.9
0.0	1034.3	1812.3	3187.7	4081.2
0.0	680.7	1710.0	2838.2	4019.8
235.2	640.2	1178.2	2761.6	4098.3
227.5	669.7	1001.8	2824.0	4126.9
234.0	654.5	1013.1	2840.5	4161.5
237.8	765.0	1220.6	2830.3	4387.0
238.0	845.2	1406.1	2801.3	4439.1
236.9	815.7	1613.1	2768.4	4347.0
237.4	865.4	1841.7	2792.5	4285.9
237.2	806.4	2030.7	2914.6	4243.6
240.2	758.5	2173.9	3075.8	4249.6
240.4	677.7	2212.9	3106.1	4411.0
242.2	580.0	2322.8	3048.4	4708.8
249.5	691.4	2344.7	2924.1	4648.2
252.9	512.5	2123.1	2885.5	4284.4
252.7	505.9	1553.2	2875.9	4102.3
246.6	690.3	2312.5	2987.1	4438.5
75.9	727.5	2285.8	3224.3	4446.4
76.4	971.3	2453.8	3504.8	4508.0
0.0	1074.5	2633.9	3384.3	4568.3
0.0	965.5	2772.9	3340.5	4597.7
131.9	379.3	2641.6	3316.2	4506.6
312.5	369.9	2629.3	3298.9	4526.1
285.6	389.5	2648.3	3234.6	4568.0
281.7	396.3	2655.3	3181.1	4517.9
278.2	384.8	2641.9	3148.1	4481.2
275.5	373.9	2510.9	3120.4	4397.3
267.5	277.4	2326.4	3339.2	4376.9
84.4	290.8	2192.9	3301.9	4326.0
63.5	349.5	2048.2	3144.6	4206.4
0.0	1068.9	2073.1	3099.3	4177.6
0.0	200.0	2117.6	3215.9	4274.1
0.0	1073.7	2385.7	3388.5	4410.8
0.0	1118.7	2472.3	3354.7	4607.1
0.0	1033.9	2507.0	3320.1	4696.8
103.4	955.1	2532.5	3326.8	4527.1
375.0	1016.2	2473.6	3315.5	4443.2
169.0	722.1	2436.8	3186.0	4352.1
203.0	492.1	2358.9	3030.0	4178.5
0.0	491.5	2379.4	2950.2	4216.2
270.7	499.2	2363.6	2925.0	4409.9
255.6	495.8	2340.6	2870.7	4402.9
249.4	471.3	2319.1	2827.4	4394.9
244.3	493.9	2285.0	2786.0	4366.6
243.6	485.7	2233.6	2742.1	4378.0
243.5	484.4	2184.6	2691.7	4361.6
243.7	486.3	2141.4	2677.8	4365.8
243.5	474.4	2056.0	2674.0	4398.0
242.6	479.9	1904.4	2659.2	4377.8
241.2	478.0	1716.1	2677.3	4428.2
241.9	487.5	1604.2	2673.2	4422.4
242.6	485.5	1443.3	2677.8	4430.5
242.3	481.7	1278.8	2693.8	4431.6
242.0	470.7	1188.8	2716.8	4441.6
234.1	487.8	1156.4	2736.4	4434.8
231.5	512.5	1140.5	2734.5	4373.6
230.1	531.4	1133.1	2679.7	4332.6
223.1	559.3	1161.3	2600.2	4327.8
214.7	620.1	1218.8	2483.9	4312.1
208.9	604.7	1252.9	2378.2	4305.2
202.4	588.1	1332.9	2299.2	4285.5
197.9	577.2	1429.9	2168.9	4239.4
193.7	564.9	1533.2	2090.1	4193.8
191.4	562.2	1635.8	2041.4	4152.5
190.1	536.2	1721.5	2009.2	4122.1
186.6	524.5	1817.2	2258.6	3988.2
178.7	326.2	1874.6	2740.2	3989.4
88.1	316.1	2036.2	2972.8	4073.4
92.2	1086.3	2266.6	3285.5	4120.3
295.8	524.9	2246.7	3450.9	4333.9
0.0	782.1	2318.5	3369.4	4360.4
0.0	841.4	2335.5	3222.7	4315.0
155.8	1440.4	2340.6	3275.7	4257.2
67.1	1364.0	2167.6	3246.8	4202.9
462.4	1369.1	2269.3	3208.3	4209.0
74.6	1206.9	2181.7	3208.3	4144.3
120.6	1082.6	2072.1	3043.7	4078.8
121.6	1049.0	2202.1	2927.3	4073.3
0.0	863.8	2655.4	2950.7	4271.3
227.4	868.0	2777.1	3016.5	4416.1
208.9	928.2	2813.1	3050.4	4413.2
208.9	835.1	1257.7	2938.7	4207.0
207.7	833.2	1410.9	2835.6	4248.0
207.5	891.9	1637.5	2743.2	4269.2
208.3	888.1	1825.8	2715.1	4247.9
208.9	888.4	1993.3	2728.9	4255.4
211.2	828.7	2123.4	2753.1	4159.2
212.1	629.9	2181.2	2913.0	4388.7
211.0	534.3	2332.0	3036.9	4729.1
218.3	521.7	2137.7	3060.8	4771.5
221.4	506.5	2349.3	3211.0	4298.2
222.3	577.4	2116.9	2950.1	4098.4
213.5	822.0	2260.2	3312.2	4285.2
67.3	796.3	2160.9	3287.5	4161.9
67.9	537.1	2240.9	3412.6	4305.9
0.0	861.1	2469.5	3370.7	4606.3
0.0	1131.2	2742.5	3344.5	4550.5
0.0	1265.6	2698.3	3392.2	4403.8
218.2	375.0	2582.2	3424.3	4247.0
257.6	421.0	2650.8	3509.6	4458.1
240.0	458.6	2630.6	3533.6	4422.1
226.6	448.6	2630.5	3458.7	4306.2
227.2	504.2	2687.0	3313.9	4453.6
224.5	472.3	2655.0	3259.4	4390.6
221.0	428.2	2512.9	3259.8	4320.3
212.2	594.8	2492.0	3329.6	4323.7
212.0	1020.7	2497.6	3429.0	4328.2
72.0	1012.5	2254.2	3391.2	4340.2
0.0	1049.7	2228.5	3305.3	4437.3
457.9	1020.3	2188.7	3201.5	4264.6
0.0	464.2	1996.8	3123.2	4184.5
251.3	482.9	1894.6	2947.7	4241.8
217.5	489.6	1816.5	2565.4	4043.5
203.9	489.0	1757.1	2223.9	4040.4
200.4	473.7	1735.5	2123.0	4059.7
196.2	464.0	1719.4	2094.2	4096.5
193.5	468.3	1745.1	2102.5	4127.8
190.5	459.7	1828.4	2157.8	4177.3
188.2	462.6	1894.4	2229.4	4197.2
186.4	469.4	2005.5	2327.9	4202.6
184.4	500.6	2095.6	2456.1	4179.1
183.6	485.3	2163.9	2600.3	4157.1
180.5	496.8	2201.0	2767.9	4169.6
179.3	515.9	2276.8	2927.0	4216.1
178.8	485.6	2320.3	3002.3	4245.2
177.5	481.5	2336.9	3017.8	4280.8
175.5	483.8	2361.5	3053.9	4294.7
175.6	484.2	2408.7	3098.1	4282.5
174.9	480.8	2447.9	3114.9	4336.5
175.4	454.9	2472.0	3076.5	4374.6
174.3	452.2	2496.2	3087.4	4390.9
174.7	449.3	2511.2	3094.9	4372.1
175.0	424.2	2541.3	3115.2	4399.1
175.9	410.6	2555.7	3089.6	4460.1
176.7	423.7	2555.1	3092.8	4368.8
179.4	391.7	2550.6	3117.2	4320.9
179.5	438.7	2572.7	3122.9	4365.6
180.0	504.2	2519.8	3151.1	4330.2
182.6	547.2	2558.1	3124.0	4319.7
178.2	692.7	2531.1	3114.4	4343.2
87.5	720.8	2485.3	3197.0	4366.0
179.2	840.3	2549.8	3134.7	4297.2
173.9	894.9	2509.9	3117.8	4321.0
86.0	962.5	2488.5	3148.9	4327.4
0.0	786.3	2409.7	3137.3	4293.7
0.0	825.3	2373.6	3163.7	4309.7
0.0	904.5	2401.1	3164.8	4298.5
0.0	856.6	2404.0	3147.1	4196.0
0.0	978.4	2392.4	3202.8	4116.2
0.0	931.6	2392.2	3261.9	4158.7
0.0	982.0	2310.8	3295.3	4204.4
0.0	1066.1	2324.3	3131.2	4162.9
0.0	996.1	2326.9	3187.1	4094.4
0.0	938.0	2333.7	3305.5	4171.4
0.0	1022.7	2298.4	3217.0	4184.6
0.0	984.5	2206.4	2964.9	4129.3
0.0	827.8	2254.2	3111.9	4111.2
0.0	886.9	2304.0	3243.3	4069.2
0.0	904.8	2240.6	3217.3	4023.0
0.0	899.0	2171.2	3202.6	4158.0
0.0	901.8	2192.8	3132.8	4129.7
0.0	934.8	2227.9	3089.3	4131.1
0.0	816.9	2153.5	3092.3	4272.1
0.0	845.2	2086.2	3131.6	4320.7
0.0	908.3	2167.3	3255.8	4269.6
0.0	969.3	2229.4	3292.4	4313.3
0.0	997.0	2248.0	3275.2	4344.4
0.0	1047.9	2171.8	3290.3	4301.0
0.0	934.9	2120.1	3200.5	4217.5
0.0	875.1	2162.8	2988.9	4122.9
0.0	944.4	2244.1	3038.9	4148.3
0.0	1117.0	2300.2	3217.8	4271.2
0.0	943.7	2185.8	3260.3	4230.2
0.0	1132.8	2203.8	3246.4	4206.5
0.0	1201.6	2345.5	3396.1	4417.9
0.0	1029.7	2173.2	3284.2	4261.0
0.0	1072.6	2238.1	3218.5	4133.5
0.0	982.5	2297.8	3265.1	4158.9
0.0	1010.8	2302.8	3240.2	4233.0
0.0	1089.3	2284.8	3282.6	4299.4
0.0	798.5	2090.9	3100.6	4380.5
0.0	1016.7	2205.3	3164.8	4247.1
0.0	1008.2	2184.3	3317.7	4303.2
