0.0	0.0	0.0	0.0	0.0
0.0	0.0	0.0	0.0	0.0
0.0	0.0	0.0	0.0	0.0
0.0	841.6	2084.8	3143.1	4166.9
0.0	947.4	2120.2	3242.3	4089.1
0.0	1085.4	2142.7	3272.1	4244.0
0.0	963.3	2218.6	3157.5	4215.0
0.0	1132.3	2234.6	3120.1	4139.4
0.0	1086.6	2168.8	3175.4	4215.5
0.0	945.1	2237.6	3311.3	4243.5
0.0	838.4	2266.9	3281.6	4279.7
0.0	1055.7	2372.3	3252.9	4247.5
0.0	1058.5	2289.5	3316.2	4291.9
0.0	1017.5	2299.2	3429.6	4340.8
0.0	1005.7	2363.8	3344.2	4544.2
0.0	1062.1	2275.8	3107.5	4654.0
0.0	434.6	2209.1	2959.8	4452.1
194.5	394.9	2116.0	2921.9	4495.3
236.2	385.7	2042.5	2834.9	4457.3
227.0	407.2	1803.2	2811.8	4386.0
220.7	427.0	1837.2	2803.4	4375.0
218.7	501.1	2062.9	2807.0	4387.9
222.5	593.9	2068.1	2907.6	4319.0
223.9	709.5	2055.2	2904.6	4207.3
221.2	750.8	2003.3	2836.7	4107.2
219.2	809.4	1970.4	2810.4	4072.2
217.5	867.1	1934.7	2833.4	4115.9
220.5	890.6	1908.1	2839.9	4120.4
221.4	903.3	1886.5	2854.5	4050.9
222.7	895.4	1847.2	2890.2	4043.8
226.4	845.8	1856.7	2908.2	4167.7
229.6	809.3	1882.6	2915.5	4251.6
236.6	817.4	1868.7	2981.1	4160.1
239.3	812.7	1993.6	3259.2	4005.4
238.2	914.7	2191.3	3376.3	4020.3
117.9	935.2	2347.3	3411.1	3902.6
78.1	1125.7	2594.1	3402.8	4065.3
80.8	1073.0	2736.5	3352.4	4153.6
0.0	1089.0	2702.0	3356.6	4152.7
248.8	1656.6	2675.6	3426.3	4340.4
73.2	1366.7	2583.4	3401.4	4329.9
0.0	1504.9	2509.7	3419.8	4199.6
0.0	1438.6	2511.0	3386.2	4062.0
0.0	1365.1	2429.9	3405.7	4218.9
571.4	1335.5	2366.9	3314.3	4224.5
119.8	1343.3	2461.2	3278.2	4173.1
0.0	1529.2	2517.0	3298.3	4239.4
492.0	1472.7	2471.2	3235.8	4212.8
239.7	959.6	2150.4	2949.3	3961.7
0.0	579.3	1580.0	2985.2	3717.0
314.0	594.2	1457.2	3061.5	3981.3
305.6	591.0	1255.6	2988.2	4269.7
299.2	596.0	1178.4	3031.8	4151.0
298.2	611.5	1183.0	3032.2	3999.4
299.9	600.8	1180.6	3096.7	3879.9
295.9	592.2	1177.1	3063.4	3811.9
292.4	728.8	1237.5	3004.2	4023.3
291.6	583.1	1434.1	3046.7	4394.0
293.1	595.4	1608.5	3126.0	4291.9
296.4	589.0	1788.7	3162.3	4243.4
298.8	600.2	1886.9	3089.9	4226.0
301.0	764.7	2131.1	3045.8	4144.1
302.4	548.2	2284.2	3029.2	4137.1
304.8	504.2	2385.6	2994.5	4205.3
306.7	325.7	2517.1	2959.2	4273.5
153.1	312.7	2598.9	3085.6	4412.3
298.5	313.5	2592.7	3223.2	4552.7
72.5	564.8	2337.8	3170.1	4221.5
0.0	1163.8	2358.4	3245.8	4175.2
0.0	1066.6	2221.7	3329.8	4170.1
0.0	200.0	2093.0	3193.8	4233.0
0.0	1206.9	2070.5	3069.5	4549.1
0.0	861.3	1960.6	2676.9	4437.2
461.8	684.6	1891.7	2959.6	4246.7
0.0	638.5	1865.8	2855.2	4150.3
0.0	863.1	1753.3	2725.5	4090.4
0.0	846.7	1790.1	2702.0	4147.8
0.0	1383.3	1967.4	2758.2	4144.2
194.3	774.6	1668.0	2340.0	4060.9
271.2	683.2	1627.4	2221.6	4098.1
257.6	613.4	1457.7	1888.3	4184.5
248.6	573.3	1426.2	1833.3	4203.2
240.0	582.4	1447.3	1852.0	4220.2
240.1	558.5	1432.7	1862.4	4151.7
236.4	553.3	1406.9	1873.1	4051.9
229.0	558.2	1483.7	2005.1	4025.1
223.0	586.6	1503.8	2367.0	3963.8
219.4	581.8	1508.8	2733.2	3983.6
217.2	583.1	1402.9	2871.7	4118.9
216.4	510.7	1287.0	3032.5	4166.9
217.7	462.0	1230.1	3102.8	4207.7
219.4	441.6	1180.5	3102.0	4283.7
219.7	454.8	1207.7	3125.5	4318.7
221.3	455.7	1290.7	3068.8	4244.4
223.1	466.9	1502.3	2982.7	4216.2
225.9	482.6	1692.9	2889.5	4406.3
231.4	479.4	1899.4	2992.1	4367.3
233.7	481.3	2155.7	2986.1	4338.7
240.8	485.6	2460.8	3071.2	4346.6
246.5	507.7	2489.6	3077.7	4245.1
249.4	492.7	2560.3	3088.4	4265.1
250.9	493.4	2535.0	3134.4	4214.1
245.5	555.1	2480.3	2979.6	4145.7
239.2	629.1	2538.5	3024.2	4227.7
116.9	494.4	2446.2	3082.2	4117.3
77.2	715.1	2471.4	3132.6	4083.9
236.1	826.9	2469.2	3023.0	4072.1
0.0	773.4	2534.1	3067.6	4116.3
240.0	651.4	2546.2	3044.3	4146.5
255.3	596.7	2528.3	2862.2	4047.3
224.4	555.0	2467.4	2806.4	4015.3
227.1	545.1	2461.1	2872.4	3953.4
225.2	490.3	2355.8	2724.3	3942.8
219.3	477.9	2330.0	2653.1	3942.6
210.7	498.3	2276.0	2591.8	3941.9
208.1	520.7	2203.7	2578.4	3928.2
205.4	549.4	2165.0	2508.6	3907.8
199.8	583.5	2089.5	2440.2	3894.8
194.8	577.6	2019.6	2357.0	3877.7
192.6	591.9	1936.5	2296.9	3910.9
190.7	601.2	1850.2	2209.5	3929.0
189.1	610.1	1768.5	2116.8	3914.4
190.0	598.4	1727.5	2040.3	3963.6
192.5	606.5	1647.4	1987.8	3987.9
193.9	602.4	1584.4	1953.6	4033.1
195.5	596.2	1558.5	1939.8	4093.8
195.9	595.0	1543.0	1892.1	4077.6
197.0	590.8	1447.0	1809.7	4072.8
196.8	602.2	1401.4	1774.4	4060.8
197.4	582.2	1329.6	1772.9	4010.2
197.8	456.1	1218.4	1695.0	3896.4
199.9	411.5	1119.4	1916.9	3767.6
204.6	401.1	1011.3	2332.2	3936.6
203.0	401.5	1109.7	2705.8	4170.6
197.6	433.8	1504.9	2892.5	4145.3
194.0	485.1	1533.5	2823.9	4066.0
189.8	522.0	1653.1	2907.0	4057.1
188.3	715.3	1554.3	2873.7	4001.2
191.8	407.0	1190.9	2555.7	3816.7
195.5	431.4	1252.9	1684.9	3562.5
196.1	534.7	1398.6	1792.2	3461.8
198.7	618.9	1573.6	2092.4	3484.3
198.3	649.3	1596.5	2390.1	3608.2
196.1	699.3	1583.6	2552.8	3706.4
194.5	719.1	1649.4	2657.5	3764.8
193.0	721.5	1732.3	2737.3	3864.8
193.5	718.0	1745.2	2778.6	3881.2
193.3	717.5	1752.0	2894.7	3914.2
192.8	692.1	1748.9	2975.2	3924.9
193.5	658.2	1772.0	2994.0	4069.1
195.2	608.1	1815.9	2829.4	4126.6
196.1	496.7	1819.0	2536.6	4260.1
194.1	425.6	1902.2	2729.7	4411.5
195.6	440.5	1916.5	2906.0	4451.4
200.5	442.4	1923.2	2893.5	4442.9
201.1	429.9	1963.8	2750.0	4523.3
205.1	430.3	2024.5	2767.8	4491.4
207.7	445.1	2221.5	3098.2	4437.3
207.8	779.6	2281.4	3543.3	4511.1
205.3	1279.8	2505.4	3662.4	4559.9
221.4	1023.8	2345.5	3404.0	4433.8
80.5	968.5	2073.1	3265.6	4466.3
571.4	860.0	2131.0	3412.4	4565.6
0.0	703.0	2106.3	3158.2	4429.6
0.0	596.9	2052.8	2968.6	4344.8
0.0	463.4	1882.9	2908.5	4244.4
212.9	468.7	1845.5	2864.4	4227.7
207.8	462.3	1804.5	2894.6	4110.0
212.1	433.7	1868.3	2862.8	4079.2
207.2	422.9	2025.0	2735.5	4270.2
202.7	430.5	1966.7	2623.9	4282.5
202.3	430.1	1801.6	2546.8	4112.5
200.0	431.2	1617.6	2505.6	4023.5
199.1	431.0	1642.1	2650.3	4043.3
197.8	434.0	1708.8	2677.9	3973.3
196.1	418.4	1583.6	2384.5	3746.4
194.9	395.2	1889.4	2640.0	3919.5
193.4	688.3	2009.3	3006.7	3865.3
199.9	732.0	1237.0	2931.8	3615.1
196.0	769.3	1240.1	2983.0	3616.8
193.5	783.2	1303.5	3027.7	3665.5
192.1	785.2	1348.2	3021.2	3672.2
190.6	785.4	1405.3	2989.2	3714.3
190.8	788.3	1508.9	2965.0	3751.4
192.4	805.5	1623.0	2917.5	3804.7
192.5	788.0	1695.9	2854.2	3845.9
191.5	769.9	1819.6	2758.4	3860.6
193.4	733.7	1885.8	2672.9	3868.3
197.0	696.0	1952.8	2671.5	3984.0
200.8	630.7	2058.2	2755.6	4045.2
201.8	571.0	2117.5	2801.3	4039.9
199.1	638.7	2079.7	2853.2	4058.0
197.6	904.8	2277.9	3058.2	4165.4
106.5	1189.8	2318.3	3410.7	4325.0
313.4	850.4	2195.9	3264.1	4246.6
266.7	1327.2	2221.5	3200.0	4237.9
130.4	1066.2	2134.1	3199.2	4246.2
129.8	1073.4	2157.2	3226.2	4311.9
0.0	1199.6	2277.8	3315.0	4351.2
0.0	800.3	2096.5	3119.8	4254.3
0.0	811.8	2059.1	2914.3	4136.0
0.0	664.8	2123.3	2853.7	4092.9
0.0	643.5	2155.6	2876.8	4085.7
203.7	671.6	2168.2	2870.5	4052.1
203.5	715.2	2194.2	2835.4	3964.6
202.1	728.1	2161.2	2788.8	3943.4
198.2	736.3	2114.3	2851.5	3905.8
195.4	732.8	2087.5	2904.4	3899.1
192.8	729.0	2039.8	2910.5	3886.0
191.6	732.9	1980.7	2869.2	3785.3
189.4	734.3	1931.4	2871.2	3750.3
187.8	731.3	1847.2	2898.5	3702.8
186.1	736.6	1764.7	2928.8	3712.3
184.4	747.4	1657.2	2852.4	3705.7
181.2	739.5	1577.3	2787.0	3626.0
180.5	730.4	1598.2	2777.6	3685.0
179.6	806.9	1936.7	2794.0	3816.9
176.3	731.7	1907.8	2735.9	3848.8
174.6	685.4	1721.6	2529.5	3941.9
176.9	808.4	2054.2	2840.9	4035.8
177.7	970.5	2173.4	3190.0	4162.8
174.7	833.6	2129.8	3101.8	4233.9
173.2	683.5	2065.3	3026.8	4080.2
171.4	582.1	2188.9	3146.9	3960.0
169.9	600.4	2033.2	2742.4	3884.4
168.4	652.6	1825.1	2609.3	3844.2
162.9	663.0	1799.4	2957.4	3852.4
221.4	677.2	1378.1	2859.5	3772.4
244.0	688.0	1457.4	3036.9	3741.3
230.4	685.0	1590.1	3031.1	3780.6
236.7	679.3	1819.9	2994.1	3903.9
243.7	645.7	1927.5	2912.8	3929.3
127.1	645.5	2082.8	2929.8	3919.8
84.2	672.9	2254.0	2912.5	3936.1
238.4	614.6	2361.2	2965.9	3977.1
201.2	561.3	2478.2	3045.2	3948.9
89.5	525.4	2546.7	2991.3	3941.4
92.4	473.5	2575.6	2951.6	3927.8
94.9	528.8	2596.6	2976.5	3969.9
206.8	527.7	2590.3	2883.1	3978.5
211.6	497.6	2471.6	2834.9	3921.0
203.8	485.4	2436.7	2830.1	3933.9
207.9	664.4	2392.5	2829.9	3958.0
207.4	695.5	2112.2	2747.3	3991.4
100.3	954.9	2271.1	2884.3	4070.2
68.2	966.7	2342.7	3172.8	4179.0
0.0	918.8	2211.6	3218.6	4233.9
0.0	750.5	2047.4	3133.1	4224.9
