0.0	0.0	0.0	0.0	0.0
0.0	0.0	0.0	0.0	0.0
0.0	0.0	0.0	0.0	0.0
0.0	848.1	1979.7	2811.1	4530.0
0.0	885.1	1992.4	2850.6	4148.7
0.0	887.2	2054.1	2992.1	4104.1
131.2	937.9	2027.6	2996.4	4203.4
145.0	895.5	2044.9	3089.3	4233.2
0.0	1016.9	2222.7	3178.3	4261.7
0.0	1072.7	2192.4	3209.4	4331.9
0.0	1097.4	2177.2	3163.8	4328.8
0.0	973.2	2329.7	3135.2	4285.4
0.0	1070.0	2480.8	3414.9	4363.9
0.0	1078.7	2241.9	3328.1	4256.4
0.0	1248.9	2288.7	3329.7	4307.7
0.0	787.5	2524.8	3417.1	4500.3
0.0	702.1	2615.7	3444.4	4485.1
0.0	584.3	2423.7	3366.5	4428.3
0.0	470.2	1000.5	2721.3	4359.4
184.7	442.5	1051.0	2705.8	4305.8
198.9	417.1	1316.0	2681.9	4269.0
204.3	419.0	1546.8	2609.0	4266.8
209.8	427.3	1773.6	2628.1	4308.4
213.6	429.2	1964.3	2649.8	4379.9
215.8	426.6	2193.1	2744.2	4390.8
213.5	424.0	2280.8	2835.1	4392.6
211.2	437.0	2315.4	2876.3	4408.6
213.2	438.7	2299.5	2889.6	4394.7
216.0	464.7	2254.4	2842.5	4376.3
220.1	516.4	2209.0	2890.5	4263.2
219.9	579.3	2110.3	2885.3	4373.3
219.7	619.5	2055.5	2858.1	4410.0
219.2	641.0	1957.4	2781.4	4342.7
217.0	663.7	1901.7	2698.3	4383.6
213.6	663.8	1880.1	2730.4	4373.9
210.2	662.7	1821.3	2684.3	4298.2
207.5	631.6	1730.9	2643.5	4251.0
205.3	549.6	1766.3	2762.8	4205.9
200.5	748.4	1960.0	2978.1	4209.0
90.9	1034.4	2116.9	3283.0	4290.5
84.5	1022.7	2170.4	3287.0	4376.7
162.9	1243.4	2380.9	3234.9	4459.2
83.7	816.5	2171.0	3160.4	4273.9
177.6	871.4	2187.6	3117.6	4235.0
184.0	1222.1	2204.0	3159.0	4355.0
0.0	1134.6	1792.9	2994.7	4177.7
0.0	1136.4	2024.6	3225.2	4226.1
0.0	853.7	1791.1	3003.4	4239.5
192.0	614.0	1735.7	2880.8	4285.5
0.0	533.4	1763.1	2694.6	4233.1
222.0	562.0	1791.7	2698.8	4304.5
211.0	588.6	1839.2	2642.1	4338.9
213.0	627.0	1873.2	2650.5	4273.1
211.9	634.9	1880.9	2636.3	4220.1
211.8	636.4	1878.4	2698.1	4217.7
211.8	639.7	1882.0	2717.0	4314.0
211.1	637.3	1854.4	2755.5	4373.6
210.7	625.7	1816.8	2736.3	4320.0
209.7	613.8	1812.6	2813.7	4288.7
207.1	512.4	1791.7	2813.9	4080.5
201.2	459.6	1737.5	2806.2	3837.9
0.0	531.5	1737.9	2818.7	3876.3
193.0	553.1	1769.6	2847.8	3966.2
196.8	558.1	1771.3	2526.6	3615.7
197.2	584.5	1753.7	2540.8	3725.5
195.7	586.0	1730.6	2596.4	4026.2
193.1	554.6	1674.1	2430.3	3984.1
191.3	553.6	1752.0	3390.7	4313.7
187.6	571.5	1703.0	3387.4	4344.3
183.7	558.4	1563.2	2800.0	4191.1
180.1	550.6	1511.7	2486.5	4275.6
177.5	508.4	1459.5	2595.4	4173.5
176.1	496.9	1461.0	3028.0	4207.8
172.6	501.2	1519.9	3098.6	4284.8
169.3	514.7	1704.4	3085.2	4209.8
167.0	538.7	1859.6	3072.3	4221.3
163.0	462.9	1667.9	3057.7	4253.6
165.9	465.7	1334.7	3005.6	4185.6
170.8	481.7	1413.5	2371.4	4080.5
174.3	498.0	1476.8	2162.9	4156.4
180.4	515.8	1558.6	2278.9	4152.2
187.2	512.1	1632.9	2354.5	4188.6
190.7	499.8	1753.3	2353.5	4325.1
193.0	487.7	1783.7	2913.0	4518.1
194.4	472.0	1754.6	2535.9	4519.2
195.0	512.4	1748.0	2398.1	4384.5
195.7	550.9	1739.7	2448.4	4330.8
195.9	553.3	1702.3	2514.8	4224.2
196.8	570.5	1653.1	2491.3	4240.4
198.0	581.5	1602.0	2557.3	4387.2
199.2	591.9	1558.6	2570.7	4470.4
199.5	550.9	1469.5	2606.6	4574.8
196.4	395.9	2335.5	2823.0	4676.9
96.4	390.0	2395.5	2716.4	4712.6
194.5	387.9	1909.9	2615.3	4683.0
192.0	381.0	2035.5	2726.2	4722.3
190.9	384.2	1772.6	2803.8	4686.7
190.6	444.2	1887.6	3088.3	4504.7
195.0	938.3	2611.5	3879.7	4589.7
192.7	963.4	2737.6	4064.8	4830.1
180.2	863.8	2611.4	3917.2	4824.6
87.0	1384.2	2740.9	3880.9	4984.7
89.6	1178.6	2474.8	3856.5	5109.8
375.0	944.5	2473.4	3907.9	4999.5
169.0	1281.3	2870.5	3974.9	4930.0
0.0	1093.4	2890.2	4021.6	4646.1
196.7	1008.4	2807.8	3797.8	4323.8
0.0	958.1	2717.8	3439.2	4395.1
333.3	892.8	2472.4	3513.5	4373.3
77.4	1159.0	2258.6	3316.4	4331.0
73.7	880.9	2220.7	3109.7	4163.6
73.2	802.9	1875.5	2822.4	4092.4
0.0	573.8	1807.5	2792.8	4115.2
0.0	570.8	1859.4	2744.5	4202.2
178.3	568.6	1912.6	2767.6	4263.4
176.8	564.2	1944.0	2854.8	4280.4
174.3	551.3	1996.7	2918.9	4332.4
173.0	531.6	2070.6	2938.8	4392.9
171.4	525.5	2148.2	2919.9	4374.5
169.6	515.2	2228.7	2950.1	4231.2
167.4	502.1	2265.8	2953.5	4200.0
166.2	496.9	2313.8	2902.2	4213.9
165.8	491.2	2417.8	2850.1	4222.9
165.5	466.6	2458.2	2754.1	4244.5
164.1	467.9	2404.4	2712.0	4257.3
160.4	495.8	2361.1	2927.5	4303.2
149.4	865.4	2326.2	3008.4	4336.2
112.3	1032.5	2336.6	3041.8	4300.4
0.0	824.6	2249.8	3069.7	4303.5
0.0	757.8	2203.7	3054.8	4242.6
0.0	558.0	2306.9	2902.1	4183.3
158.4	494.9	2188.2	2752.4	4162.6
0.0	527.7	2024.2	2742.2	4201.6
183.9	601.3	1994.3	2822.8	4236.1
171.6	636.3	1968.6	2885.2	4301.1
161.9	623.2	1930.8	2943.8	4348.0
75.4	633.0	1907.2	2993.3	4376.5
185.6	381.8	2297.8	3080.5	4483.4
65.9	370.0	2262.2	3033.4	4601.3
230.9	330.9	2260.8	3056.4	4580.5
67.8	325.7	2215.3	3066.8	4524.7
0.0	325.8	2450.4	3039.0	4509.6
210.3	672.4	2497.8	3069.9	4459.9
92.0	345.9	2113.0	2995.8	4500.7
188.8	321.2	2058.8	2990.1	4535.0
163.3	346.2	2233.6	2886.9	4503.9
79.5	348.5	2427.2	2836.3	4499.6
160.0	317.0	2406.1	2904.2	4451.8
160.9	589.3	2133.7	2998.4	4377.0
174.4	646.2	2108.8	2996.3	4327.6
166.6	690.5	2123.9	2984.7	4321.4
168.0	694.4	2126.2	2958.8	4364.5
170.6	676.4	2123.1	2928.4	4292.3
170.6	696.5	2084.8	2923.6	4219.0
172.7	735.9	2012.4	2951.7	4199.3
174.8	756.1	2014.9	2974.5	4319.1
176.7	742.9	1996.4	2966.5	4336.3
174.4	699.9	1904.0	2876.5	4341.4
176.0	724.1	1852.2	2823.8	4349.4
177.5	733.7	1751.5	2828.4	4204.1
176.8	748.2	1697.1	2815.8	4135.3
174.3	815.9	1643.3	2824.9	4103.6
172.7	839.6	1550.8	2824.3	4074.0
171.1	831.2	1513.7	2845.0	4142.4
168.9	798.0	1485.5	2917.0	4084.5
163.9	820.6	1432.7	2943.1	4031.9
161.4	798.5	1359.9	2850.0	3969.9
157.6	799.8	1490.6	2828.5	3991.2
153.7	779.7	1494.6	2815.6	4130.6
152.6	743.6	1433.0	2768.7	4028.6
153.3	864.1	1549.0	2731.5	4018.2
152.7	838.7	1584.8	2639.1	4140.7
155.7	786.3	1650.3	2591.5	4168.6
163.2	781.0	1758.6	2578.4	4125.9
162.8	771.3	1947.2	2745.3	4239.4
170.4	769.2	2070.6	2802.7	4441.0
172.7	553.4	2206.8	2841.6	4344.1
164.0	483.6	2290.2	2865.8	4263.4
162.4	464.9	2244.7	2840.2	4356.6
162.6	460.0	2188.7	2804.4	4349.4
160.6	480.1	2083.2	2707.1	4121.3
159.6	496.6	1958.4	2908.4	4142.3
150.9	1139.3	2366.2	3213.5	4334.1
88.2	1136.6	2290.9	3126.0	4268.1
0.0	1080.5	2106.6	3089.0	4299.8
0.0	1060.4	2149.0	3225.7	4366.8
0.0	1110.2	2204.7	3216.4	4301.7
0.0	1101.1	2241.9	3190.7	4246.9
0.0	988.9	1827.6	2799.5	4041.3
0.0	580.4	1776.2	2683.2	4088.2
0.0	596.9	1850.2	2706.6	4219.5
179.9	627.9	1862.0	2729.5	4268.3
175.7	653.9	1864.5	2740.1	4359.3
158.4	672.4	1886.5	2710.9	4350.7
155.1	674.3	1852.9	2694.5	4336.4
153.5	726.3	1816.2	2684.4	4282.9
153.6	692.0	1751.4	2711.4	4329.4
150.4	741.6	1710.9	2699.4	4319.4
151.9	759.1	1667.8	2711.2	4336.4
151.4	766.6	1655.8	2675.1	4362.2
152.4	737.6	1665.2	2711.2	4354.0
151.6	752.6	1623.6	2698.9	4415.7
152.7	695.3	1553.4	2716.9	4289.2
152.9	612.2	1461.0	2662.8	4127.6
153.3	588.9	1647.6	2671.6	4205.7
148.7	927.8	1837.6	2941.8	4306.8
0.0	1034.6	2059.5	3086.5	4237.5
0.0	1081.8	2364.9	3148.3	4265.8
0.0	942.5	2260.4	3182.2	4252.5
469.0	869.6	1742.3	2984.4	4160.8
464.6	1008.8	2604.7	3759.7	4492.3
0.0	556.1	1160.1	2744.9	4116.1
175.5	557.6	1185.7	2756.0	4061.8
164.7	532.6	1157.8	2835.0	4028.7
157.9	517.0	1226.8	2829.3	4046.1
158.3	508.1	2144.0	2769.2	4070.7
159.9	494.0	1204.9	2762.3	4019.9
159.9	491.6	1296.5	2848.6	3861.6
160.6	486.2	1520.3	2888.6	3734.1
160.6	496.3	1630.2	3088.9	4089.9
159.3	820.1	1704.4	3025.9	4167.6
81.1	1032.9	2229.2	3042.0	4157.5
0.0	554.4	2258.8	2990.8	4015.4
0.0	675.2	1616.9	2771.3	4010.1
133.1	698.2	1665.5	2764.0	4028.3
0.0	589.7	1706.6	2790.0	4070.3
236.5	734.3	1672.2	2911.6	4109.4
476.7	1002.5	1637.5	2965.1	4038.4
71.3	963.3	1401.9	2929.8	3983.0
0.0	827.6	1637.3	3089.4	4119.5
0.0	775.1	2027.4	3236.0	4262.1
0.0	1176.0	2460.4	3552.4	4347.3
0.0	1153.3	2389.1	3300.2	4268.6
