0.0	0.0	0.0	0.0	0.0
0.0	0.0	0.0	0.0	0.0
0.0	0.0	0.0	0.0	0.0
0.0	1191.9	2398.3	3059.5	4314.8
0.0	1155.3	2344.2	3141.1	4278.7
0.0	1080.5	2394.9	3226.7	4254.5
0.0	1075.0	2379.8	3354.7	4206.9
119.7	1138.4	2325.2	3473.1	4198.6
0.0	1291.9	2282.1	3483.5	4274.0
0.0	1272.2	2230.8	3353.2	4276.1
0.0	1058.6	2214.2	3297.0	4283.6
0.0	1104.8	2169.0	3203.7	4339.6
0.0	999.3	2189.4	3184.3	4329.2
0.0	1001.4	2263.7	3231.1	4330.0
0.0	1091.1	2285.9	3279.6	4379.6
0.0	966.5	2310.4	3241.8	4310.2
0.0	1091.1	2379.8	3346.3	4290.8
0.0	1097.2	2272.3	3336.2	4285.4
0.0	1061.4	2075.1	3133.2	4354.0
0.0	1083.1	2008.8	2972.6	4186.1
0.0	1132.7	1935.4	2892.1	4108.5
0.0	927.7	1571.2	2886.8	4033.6
278.9	708.9	1332.1	2730.3	4060.3
0.0	573.8	1250.3	2709.1	4019.5
0.0	538.6	1191.8	2705.2	4001.5
213.3	498.7	1200.5	2668.3	4066.5
208.3	487.6	1202.4	2675.1	4113.9
210.3	486.7	1203.0	2667.2	4091.2
210.8	491.9	1224.6	2628.9	4077.1
213.7	496.5	1266.6	2607.1	4057.2
217.1	505.4	1314.2	2634.6	4008.0
220.0	488.5	1359.4	2668.2	4049.9
223.0	479.5	1425.9	2664.1	4076.2
227.4	472.4	1509.7	2628.7	4112.5
238.5	478.5	1730.4	2667.5	4043.7
245.6	488.4	2024.9	2752.5	4081.4
245.1	706.3	2157.2	2845.5	4053.4
122.1	1786.2	2437.6	3035.0	4047.6
77.4	1761.4	2368.6	2987.8	4053.9
94.0	1901.1	2405.5	3096.2	4233.4
0.0	1942.1	2455.5	3086.4	4236.4
352.9	1915.2	2447.3	3123.9	4267.9
226.4	1800.6	2507.8	3061.0	4257.7
0.0	1758.1	2494.8	3006.5	4169.5
0.0	1902.1	2452.6	3040.3	4143.2
0.0	1494.1	2204.0	2819.2	4123.6
67.0	1868.6	2349.1	3048.8	4196.8
160.0	1511.8	2288.8	2864.0	4060.2
0.0	996.4	2115.7	2679.9	3959.1
122.4	794.8	2179.9	2755.0	4048.7
324.3	778.4	2183.4	2904.8	4030.4
160.0	760.5	2089.2	2831.2	4022.0
102.2	875.7	2115.1	2900.8	4179.3
88.9	983.4	2003.2	2895.1	3949.2
67.5	1570.8	2377.8	3550.2	4022.8
0.0	920.0	2122.3	3203.3	4227.7
121.1	910.9	2227.1	3284.1	4277.8
118.4	960.2	2208.8	3384.5	4366.8
0.0	982.3	2177.3	3321.5	4383.8
0.0	999.3	2244.3	3306.9	4240.5
0.0	1208.5	2220.7	3318.6	4224.3
0.0	1150.2	2288.3	3297.3	4292.9
0.0	966.4	2108.7	3193.0	4216.4
0.0	891.3	2055.7	3092.1	4025.4
0.0	1052.0	2317.0	3498.1	4191.4
0.0	1081.2	2382.6	3343.6	4212.9
0.0	1010.4	2333.8	3321.9	4329.3
0.0	1206.8	2253.3	3439.9	4286.5
0.0	1099.9	2204.6	3426.9	4302.9
0.0	996.7	2181.5	3230.2	4302.3
0.0	983.7	2182.5	3074.7	4267.5
0.0	1105.1	2284.9	3176.2	4249.4
0.0	1048.8	2161.8	3178.4	4250.9
63.5	934.9	2199.3	3272.0	4275.8
0.0	1064.9	2381.9	3309.3	4252.7
0.0	932.1	2278.7	3172.9	4214.8
63.5	925.7	2125.9	3116.6	4343.3
0.0	1213.3	2364.9	3205.7	4340.6
0.0	1160.0	2277.1	3339.1	4250.6
0.0	1092.9	2172.6	3347.5	4154.3
0.0	1077.6	2229.4	3354.0	4186.3
0.0	992.2	2303.1	3400.4	4256.0
0.0	1154.2	2229.4	3290.7	4222.4
0.0	1124.6	2209.4	3208.3	4258.3
0.0	1047.9	2280.7	3374.3	4323.0
0.0	974.6	2207.0	3275.5	4246.0
0.0	1054.7	2181.2	3222.6	4322.9
0.0	880.8	2285.1	3182.2	4298.8
0.0	790.1	2121.4	3156.1	4115.4
171.5	396.6	2067.0	3115.0	4097.6
0.0	380.4	1946.6	3021.1	4199.8
161.4	334.8	1613.0	3082.1	4166.3
148.3	335.9	1563.4	3125.9	4188.0
146.8	304.2	1652.6	3077.3	4256.9
146.9	726.3	1826.6	2714.2	4271.2
0.0	750.5	1902.9	2740.6	4379.0
172.5	768.1	1964.9	2819.3	4366.4
169.7	817.9	2006.0	2847.0	4432.7
170.5	865.6	2038.9	2859.7	4361.8
172.4	878.7	2047.2	2878.3	4276.1
173.9	899.4	2039.4	2902.3	4258.9
176.1	910.1	2047.4	2896.0	4218.2
178.3	928.6	2147.1	2866.3	4320.6
180.8	932.1	2218.1	2905.2	4435.7
183.0	930.0	2200.3	2914.4	4578.9
186.0	922.4	2182.2	2860.2	4602.7
189.5	871.5	2199.5	2902.5	4548.5
193.6	808.2	2169.8	2863.1	4418.8
202.8	876.1	2172.3	2964.1	4376.7
208.1	997.9	2202.0	3122.0	4375.5
104.5	716.5	2139.5	3191.7	4370.3
0.0	748.4	2098.7	3199.0	4461.1
0.0	1267.0	2209.6	3232.4	4390.0
0.0	1330.6	2167.8	3183.5	4287.6
571.4	670.5	2129.3	3015.2	4213.5
0.0	726.7	2036.2	2664.7	4215.4
0.0	761.1	2048.7	2590.9	4088.0
75.7	778.8	2452.1	3349.4	4329.1
0.0	820.7	2343.2	3321.4	4347.2
0.0	1288.9	2422.6	3387.6	4291.5
0.0	1144.2	2456.4	3335.1	4335.9
0.0	535.0	2050.7	3003.0	4164.3
0.0	864.1	1757.0	2640.5	4170.6
0.0	845.3	1693.9	2621.4	4211.5
0.0	821.3	1662.7	2665.4	4190.2
166.7	802.7	1606.7	2689.1	4105.1
162.5	802.8	1613.3	2735.2	4090.7
162.0	802.8	1622.8	2726.5	4177.4
160.0	798.9	1594.5	2718.0	4198.4
156.5	791.6	1548.4	2723.6	4164.3
151.4	811.2	1537.4	2721.6	4122.4
146.2	813.2	1531.7	2672.3	4091.1
139.1	791.5	1490.8	2633.0	4062.8
135.5	754.6	1460.8	2636.7	4050.9
132.4	733.4	1397.0	2560.1	4055.4
131.4	733.1	1352.0	2511.6	4026.1
131.3	818.9	2031.7	3092.7	4247.5
128.0	806.5	2032.5	3353.1	4275.4
0.0	937.8	2179.7	3258.7	4259.7
0.0	991.8	2429.4	3250.9	4263.9
0.0	1045.5	2361.4	3372.1	4250.8
0.0	582.7	1990.4	3099.7	4186.6
0.0	669.8	1727.0	2682.5	4217.5
0.0	695.3	1767.2	2822.0	4223.9
0.0	768.4	2232.4	3267.5	4209.0
0.0	942.5	2281.7	3273.0	4146.3
0.0	860.7	2174.6	3120.0	4186.8
0.0	791.6	2185.6	2936.1	4294.4
0.0	891.2	2206.8	2763.3	4391.3
0.0	834.7	2224.1	2793.2	4414.5
69.7	608.1	2216.3	2822.8	4450.0
129.3	617.7	2218.8	2849.9	4412.5
140.1	537.5	2155.7	2843.1	4285.1
142.0	488.4	2070.5	2769.7	4169.9
141.1	487.9	1982.6	2760.1	3887.7
139.1	561.5	1858.9	2738.1	4125.7
138.1	497.7	1850.1	2698.4	4302.1
140.5	473.1	1512.6	2720.9	4215.9
139.0	457.9	1407.2	2633.0	4096.0
136.7	427.3	1552.3	3145.6	4117.3
132.4	424.5	1448.1	3270.4	4095.7
131.4	421.5	1359.9	3154.9	4012.8
131.3	426.7	1363.9	2727.1	3920.0
133.9	460.2	1555.1	1982.3	3886.4
134.9	475.1	1761.8	2028.4	3940.7
135.3	481.6	1875.8	2055.0	3995.5
136.7	480.8	1959.1	2317.4	4078.8
137.6	503.4	1955.6	2380.5	4137.6
138.3	490.5	1881.2	2723.3	4182.3
139.8	622.4	1978.4	3146.1	4269.0
135.4	590.5	2186.9	3311.4	4391.4
63.5	1083.4	2173.5	3325.6	4371.2
106.2	911.7	2215.6	3296.0	4441.6
0.0	1056.4	2336.2	3306.4	4387.7
0.0	994.8	2200.6	3255.6	4338.0
0.0	1004.8	2107.0	3159.4	4261.5
0.0	869.6	2256.4	2976.6	4214.2
0.0	816.5	2383.8	2971.5	4317.6
0.0	671.2	2483.1	3075.9	4255.4
0.0	754.6	2578.2	3096.5	4203.2
63.5	645.7	2638.6	3227.4	4313.9
0.0	449.5	2660.3	3212.9	4471.5
167.8	446.0	2694.1	3233.9	4439.5
157.2	447.8	2710.9	3236.0	4323.4
153.0	420.4	2772.9	3247.0	4344.4
145.5	420.7	2768.2	3211.4	4399.7
141.4	386.0	2760.5	3268.2	4448.8
135.8	368.6	2766.1	3279.6	4526.8
126.2	355.3	2800.2	3288.0	4580.4
117.8	375.9	2802.7	3226.3	4601.8
110.6	400.9	2803.9	3225.4	4592.4
104.3	346.7	2805.6	3145.1	4459.0
98.0	351.2	2727.4	2983.2	4458.2
0.0	351.8	2663.6	3053.4	4355.5
264.6	1115.5	2427.0	3305.5	4313.9
283.3	1073.3	2293.0	3282.4	4355.8
70.2	1042.7	2308.3	3351.7	4377.5
0.0	1191.9	2379.6	3264.6	4386.4
0.0	1118.2	2476.3	3288.1	4363.6
0.0	686.3	2283.4	3307.3	4391.8
0.0	612.1	2392.7	3260.7	4467.9
0.0	636.7	2642.9	3203.0	4533.6
0.0	832.6	2185.4	2926.2	4360.4
500.0	788.1	2117.1	2865.9	4234.9
0.0	711.3	2073.8	2851.1	4181.5
0.0	743.0	2106.0	2851.4	4139.8
0.0	703.4	2110.0	2950.0	4159.3
148.3	628.6	2005.0	3057.5	4194.2
76.9	814.8	1953.4	3037.3	4224.0
0.0	962.3	2023.2	3117.6	4203.1
0.0	1093.8	2098.6	3277.1	4332.9
0.0	1137.6	2123.9	3230.0	4264.0
0.0	1154.9	2234.7	3199.2	4247.1
0.0	1134.0	2328.6	3276.9	4326.6
