0.0	0.0	0.0	0.0	0.0
0.0	0.0	0.0	0.0	0.0
0.0	0.0	0.0	0.0	0.0
0.0	1107.9	2142.1	3224.9	4264.5
0.0	1118.1	2172.1	3248.3	4277.1
0.0	967.7	2123.1	3305.3	4358.0
0.0	955.6	2078.0	3354.1	4271.9
0.0	478.0	2041.7	3235.7	4181.0
0.0	1049.4	2216.4	3272.0	4335.3
0.0	1176.3	2265.3	3225.4	4374.4
0.0	1112.4	2128.4	3032.4	4353.1
0.0	905.5	2206.4	3098.8	4307.7
0.0	804.3	2278.7	3369.5	4250.5
0.0	1158.4	2330.1	3382.2	4170.1
0.0	886.7	2365.5	3564.4	4289.8
0.0	833.5	2325.1	3666.6	4283.7
0.0	650.4	2329.1	3675.2	4343.8
0.0	878.6	2386.9	3551.2	4405.2
0.0	805.7	2206.2	3040.5	4273.9
0.0	682.7	1259.9	2625.4	3941.2
209.3	718.4	1303.5	2709.6	3912.6
199.8	745.0	1336.3	2781.9	3956.1
199.0	759.0	1339.8	2845.0	3998.1
199.5	753.7	1330.1	2844.2	3969.1
199.8	725.0	1308.1	2817.5	4007.7
199.3	695.5	1272.4	2821.9	4027.0
198.2	657.6	1238.9	2783.0	3994.6
196.2	597.5	1218.1	2735.5	3956.6
193.5	619.0	1226.7	2725.7	4025.0
190.8	653.4	1243.4	2746.6	4042.0
188.7	615.7	1241.3	2772.4	3956.8
188.4	606.3	1226.2	2784.1	3968.7
187.4	619.5	1223.7	2797.0	3973.3
188.4	617.0	1242.7	2795.6	3972.5
191.1	596.3	1246.8	2819.3	3939.1
194.7	609.4	1214.9	2931.0	3898.2
196.4	625.1	1185.4	3017.2	3917.3
196.9	690.0	1176.6	2994.4	3866.4
196.9	544.3	1186.2	2984.2	3866.5
196.6	677.3	2987.2	3799.4	4285.1
194.6	430.8	1025.7	3629.2	4206.4
198.0	422.2	1036.2	3651.6	4229.1
205.3	452.6	1098.3	3686.0	4241.8
213.8	455.8	1080.6	3728.5	4135.7
221.8	467.5	1047.2	3716.6	4048.1
226.3	485.4	1031.9	3705.2	4134.5
234.5	507.0	1076.0	3654.6	4163.8
240.6	527.9	1296.3	3235.3	4189.3
240.6	565.9	1289.3	3206.8	4211.6
245.6	640.8	2469.4	3395.4	4224.6
247.3	638.3	1645.2	3037.4	4134.4
250.5	615.1	1574.1	2926.6	4149.3
256.7	587.8	1628.1	2854.0	4159.0
268.4	549.9	1665.9	2836.1	4224.7
277.4	541.5	1715.1	2884.4	4135.8
270.9	410.9	1755.7	3080.1	4169.9
84.6	355.0	1926.7	3207.2	4268.1
63.5	845.7	2059.4	3201.4	4268.6
67.3	745.1	2038.5	3099.8	4238.6
0.0	574.2	2143.1	3144.8	4286.4
0.0	1108.4	2276.7	3193.5	4387.6
0.0	1021.7	2135.2	3068.5	4300.2
0.0	1261.0	1989.5	2974.3	4076.0
0.0	884.8	1969.2	2825.4	3987.6
0.0	557.1	1988.4	2797.5	3923.9
0.0	598.3	1952.6	2712.4	3852.7
236.5	606.1	1789.8	2614.0	3749.4
221.4	646.1	1705.3	2629.0	3777.5
211.1	682.1	1651.2	2634.5	3787.0
201.5	727.6	1663.4	2631.3	3810.4
193.8	739.4	1666.8	2655.6	3850.3
188.9	724.1	1655.4	2643.9	3796.5
186.7	689.3	1687.5	2615.6	3772.3
185.5	656.7	1557.4	2533.4	3785.1
186.2	589.9	1460.2	2440.8	3750.6
184.1	571.4	1435.8	2390.7	3725.2
180.8	561.8	1487.5	2394.6	3731.5
179.7	596.2	1566.2	2436.0	3902.8
179.6	545.3	1592.1	2476.4	3909.7
181.9	549.5	1630.0	2449.7	3829.2
182.6	549.0	1669.2	2439.3	3813.4
186.2	567.7	1694.4	2464.8	3808.5
187.5	578.9	1718.3	2535.6	3816.1
189.2	569.2	1735.7	2774.1	3875.0
190.2	581.8	1754.3	2910.2	3791.4
191.1	597.5	1823.6	2781.9	3703.4
190.4	425.5	1901.8	2408.4	3942.5
189.7	388.2	1670.6	2387.3	4083.9
194.1	388.7	1784.7	2592.9	4112.8
196.8	383.1	1692.9	2622.2	4085.3
197.8	491.0	2138.0	2490.9	4093.9
199.2	594.6	2296.4	2704.7	4043.0
200.2	634.0	2112.3	2992.4	4041.6
207.3	702.8	2255.7	3014.0	4088.9
207.2	645.0	2372.6	2987.9	4134.9
205.9	548.8	2441.4	3079.6	4085.6
201.4	478.5	2319.4	2820.4	4014.3
197.3	452.6	2223.5	2694.2	3938.7
192.0	479.4	2218.7	2616.1	3819.7
190.7	486.1	2156.3	2574.1	3873.1
187.9	462.6	2056.4	2914.9	3945.1
188.0	485.3	2006.1	3216.6	3939.5
187.4	488.6	1957.5	2950.2	3855.0
185.3	433.3	1335.0	2413.2	3769.2
183.8	713.6	2098.5	3312.8	4015.0
183.2	648.5	1884.4	3201.4	4048.5
181.7	652.5	2206.8	3311.4	4116.0
182.6	648.2	2419.7	3303.2	4177.7
184.6	651.2	2596.3	3333.0	4254.5
185.0	653.0	2631.8	3353.1	4205.3
186.5	653.7	2620.1	3359.7	4225.4
188.9	675.1	2625.5	3334.7	4192.2
191.2	591.2	1217.7	2768.5	3877.4
193.0	593.0	1211.4	2791.2	4011.1
196.8	610.3	1274.5	2727.4	3992.2
200.0	618.0	1404.8	2709.1	4071.4
203.2	607.4	1462.3	2690.7	4081.3
206.5	603.4	1495.0	2708.4	4049.5
207.6	571.7	1502.8	2673.6	4020.4
208.9	552.6	1499.4	2652.0	4027.9
209.0	471.4	1497.1	2743.8	4151.8
206.2	473.4	1953.9	3378.9	4440.6
203.6	615.2	2141.0	3496.2	4565.9
202.0	919.5	2327.0	3519.5	4515.8
201.0	1196.1	2474.3	3575.2	4520.0
198.6	571.7	2211.8	3488.6	4422.5
204.9	517.0	1680.2	3277.6	4329.5
208.0	518.7	1506.3	2714.0	4053.8
210.0	486.9	1500.4	2705.0	3986.3
210.9	474.8	1492.8	2717.2	3983.7
210.8	486.1	1495.7	2729.9	3981.9
209.3	502.7	1470.5	2612.6	4150.4
205.6	423.7	1465.8	2492.4	4540.0
203.6	481.9	2275.9	3572.5	4535.5
204.3	580.2	2278.5	3608.5	4377.0
200.5	902.1	2259.5	3445.2	4271.2
100.8	854.6	2241.9	3188.8	4184.9
70.2	788.0	2172.0	3300.5	4242.3
223.4	705.8	1536.9	2914.2	4122.2
135.9	765.6	1631.4	3110.1	4110.4
0.0	874.5	2395.9	3365.1	4525.9
0.0	905.9	2243.9	3212.3	4383.2
92.9	633.0	1712.8	2764.4	4074.1
0.0	642.0	1689.8	2731.6	4024.3
211.0	679.4	1706.6	2764.3	4057.6
204.8	711.9	1750.1	2802.5	4021.0
202.3	740.0	1781.6	2792.4	4008.4
200.2	750.1	1772.9	2758.6	4009.1
198.4	749.5	1754.0	2693.8	3974.3
198.3	746.9	1723.6	2657.7	3885.3
195.2	727.9	1666.6	2614.0	3775.6
189.3	704.6	1617.8	2599.1	3806.7
173.9	677.4	1564.8	2568.4	3818.7
77.4	642.0	1483.9	2525.7	3762.8
116.8	653.4	1471.3	2570.1	3757.6
118.8	1205.5	2375.6	3444.1	4266.7
125.1	1012.6	2198.7	3150.4	4310.9
67.3	1027.2	2187.0	3231.8	4293.4
65.9	1051.0	2412.4	3434.6	4333.5
0.0	1005.3	2370.1	3191.3	4292.8
0.0	1004.2	2306.5	3321.1	4240.6
0.0	971.0	2246.6	3345.5	4133.9
173.5	997.1	2251.6	3336.0	4137.4
148.9	880.6	2254.6	3254.0	4178.7
144.7	943.3	2502.2	3267.9	4319.1
0.0	1351.1	2416.5	3384.9	4318.1
82.1	1244.5	2181.9	3193.1	4142.4
0.0	1017.4	2526.2	3342.6	4184.6
0.0	896.2	2533.2	3421.0	4174.2
225.7	661.3	1058.4	2583.2	3707.6
214.5	673.1	1106.3	2582.0	3650.5
204.5	897.1	2336.2	3465.2	4026.2
202.6	722.8	1193.4	2440.2	3615.6
199.4	723.9	1169.7	2327.4	3609.0
197.1	724.2	1172.7	2324.6	3601.4
195.0	729.2	1199.2	2327.8	3593.0
194.2	752.8	1314.2	2429.3	3594.9
194.1	747.6	1427.7	3353.3	3982.9
194.9	717.5	1550.8	3446.0	4087.9
195.1	618.4	1617.3	3543.7	4033.1
196.1	617.7	1700.3	3532.4	3998.7
195.9	637.8	1795.2	3308.1	3962.0
192.1	455.7	1529.6	2164.8	4081.3
191.7	401.7	1483.4	2123.9	4057.4
190.3	414.2	1515.8	2104.6	3994.9
191.4	465.3	1938.2	2588.5	4020.7
187.7	399.0	1895.5	3222.2	4045.7
187.4	1106.5	1824.1	3395.6	4156.7
184.8	513.7	1860.4	3129.4	3949.2
0.0	563.4	1943.0	2999.4	3844.7
197.7	628.0	1919.4	3233.2	3890.3
194.0	696.8	1307.5	2697.8	3664.0
188.8	707.8	1312.7	2562.5	3711.0
183.8	720.2	1258.8	2645.7	3719.4
178.9	734.6	1240.4	2776.6	3754.9
176.9	737.9	1238.6	2847.6	3780.7
176.5	735.5	1235.2	2869.8	3775.5
177.1	733.2	1227.1	2944.8	3811.9
175.8	735.1	1225.3	3099.3	3870.3
174.3	750.0	1225.5	3236.5	4038.1
174.7	742.7	1221.4	3225.7	4067.2
174.9	732.9	1207.5	3263.2	4064.9
172.1	726.3	1198.7	3289.3	4145.1
170.3	724.8	1203.2	3226.0	4094.7
169.9	715.5	1216.6	3187.0	4027.9
169.2	727.6	1230.4	3180.3	4103.9
168.0	729.6	1275.4	3043.4	4082.8
167.0	718.6	1316.1	2954.7	4024.8
166.0	694.9	1372.2	2962.2	4065.5
165.1	684.0	1432.3	2800.1	4055.8
164.3	688.7	1474.0	2745.9	4018.3
163.5	692.0	1488.2	2685.6	4023.3
162.7	680.5	1494.6	2672.6	4020.7
163.8	651.4	1482.1	2577.3	4031.3
162.7	629.7	1480.8	2479.9	4052.9
160.9	553.5	1499.4	2549.3	3983.1
163.7	593.6	1607.9	2548.6	4151.0
164.3	555.4	1679.4	2558.3	4391.6
166.9	464.6	1969.4	2623.3	4427.3
166.9	523.7	2401.0	3125.7	4470.8
173.7	802.2	1961.2	2665.8	4481.4
173.4	743.3	1772.5	2703.7	4563.4
171.1	898.3	1760.9	2750.7	4429.1
157.8	948.6	1940.9	2777.9	4308.6
77.9	828.3	1989.5	2798.8	4350.1
78.5	870.1	1973.1	2918.5	4410.3
78.4	909.3	1746.0	2866.6	4343.6
71.1	819.0	1696.6	2834.5	4338.8
104.6	854.7	1774.7	2887.5	4317.8
0.0	905.0	1792.3	2909.8	4227.7
