0.0	0.0	0.0	0.0	0.0
0.0	0.0	0.0	0.0	0.0
0.0	0.0	0.0	0.0	0.0
0.0	1232.4	2004.8	3190.7	4542.2
0.0	1222.1	2097.6	3178.3	4312.9
0.0	1074.5	2233.4	3218.6	4235.3
0.0	889.4	2117.0	3314.8	4288.2
0.0	1080.8	2233.1	3291.5	4257.6
0.0	1009.9	2283.0	3374.4	4321.7
0.0	887.8	2294.4	3409.6	4522.3
0.0	939.9	2220.9	3256.0	4261.3
0.0	851.6	2179.0	3224.3	4160.9
0.0	823.2	2327.9	3168.5	4164.1
0.0	912.6	2249.1	3209.9	4383.4
0.0	860.7	2195.4	3289.4	4357.3
0.0	886.1	2167.2	3219.1	4223.8
0.0	852.8	2139.8	3319.5	4193.3
217.9	444.4	1072.8	2303.8	3895.5
216.8	433.9	1112.7	2214.4	3826.2
207.6	429.8	1275.7	2119.4	3676.4
208.2	416.2	1414.7	2119.7	3625.5
210.5	429.2	1647.3	2109.2	3621.2
211.8	428.4	1823.0	2131.8	3680.8
213.1	425.1	1953.5	2327.3	3784.3
213.5	427.0	2013.7	2747.6	3845.0
213.8	429.6	2079.6	3006.6	3852.3
213.4	426.9	2095.9	3044.3	3873.7
211.6	423.9	2123.5	3019.0	3932.0
210.1	431.4	2141.2	3050.6	3976.5
212.9	437.5	2225.7	3138.9	4026.8
215.7	446.9	2315.5	3273.3	4065.6
220.9	457.2	2409.3	3280.8	3951.7
225.4	474.6	2173.5	2893.2	3838.7
231.1	473.9	2193.2	3049.6	4039.7
233.6	499.0	2195.3	3360.7	4157.8
239.7	495.7	2128.1	3270.4	4175.1
244.9	508.0	2029.2	3278.6	4223.6
249.9	517.3	1918.3	3278.8	4060.8
254.0	536.5	1816.3	3234.5	3948.6
256.6	565.6	1827.3	3073.4	3817.0
257.4	565.3	1806.9	2747.7	3693.7
256.6	610.1	1760.5	2711.8	3614.1
254.1	647.8	1726.6	2778.5	3699.2
249.2	654.3	1702.2	2866.4	3909.8
243.7	647.7	1650.0	2853.1	4033.5
238.6	637.0	1606.2	2860.3	3977.9
232.8	603.9	1587.5	2824.3	4057.7
223.7	591.3	1590.1	3017.4	4150.1
217.3	554.7	1419.5	3211.6	4270.9
214.7	537.6	1352.8	3341.6	4291.0
207.3	569.0	1270.0	3457.7	4230.5
202.4	501.9	1181.5	3663.6	4080.3
196.5	469.3	1151.2	3318.3	3966.8
192.6	468.7	1123.7	3677.3	4016.1
190.2	502.8	1108.9	3799.2	4102.0
187.2	516.4	1097.1	3847.4	4165.0
185.4	609.1	1119.4	3620.4	4150.1
186.2	667.2	1209.1	3172.9	4173.7
190.3	689.3	1264.6	3123.4	4163.0
186.5	714.6	1295.9	3127.6	4144.7
184.5	737.7	1312.6	3095.8	4171.0
184.1	751.3	1328.9	2986.2	4121.9
185.2	727.1	1353.9	2921.7	4072.4
186.2	754.5	1427.9	2897.8	4081.3
187.5	742.8	1468.2	2894.1	4046.2
188.9	758.7	1491.3	2872.0	4009.6
190.9	736.8	1505.8	2848.7	4001.6
192.3	733.4	1524.6	2824.4	4012.4
194.2	713.4	1468.2	2804.2	3993.0
196.4	664.9	1402.8	2820.4	3897.6
199.0	618.5	1333.0	2847.1	3771.4
201.9	591.9	1325.0	2697.0	3620.3
205.6	751.3	2682.1	3556.6	3965.2
206.7	762.0	2721.2	3537.4	4093.0
210.0	697.8	2742.7	3514.6	4203.1
214.8	685.1	2692.6	3517.6	4245.7
219.6	689.2	2757.8	3524.2	4211.6
221.6	670.2	2776.0	3512.0	4187.6
228.0	660.8	2848.6	3625.0	4194.7
232.6	688.5	2883.9	3618.3	4116.4
236.2	577.3	1210.2	2920.8	3902.2
240.0	543.1	1216.0	2953.2	4058.4
242.7	992.4	2573.7	3384.5	4360.0
241.8	844.0	2494.8	3260.6	4589.0
120.1	670.7	2313.2	3214.8	4720.3
70.4	682.2	2132.5	3289.7	4596.4
91.3	1055.7	2195.2	3406.1	4436.6
217.9	979.2	2412.3	3471.4	4386.7
211.4	1128.0	2297.5	3392.4	4436.6
216.5	760.7	2025.7	3271.9	4547.5
104.9	889.6	1892.0	3094.9	4437.9
0.0	488.5	1667.5	2889.2	4126.4
0.0	724.8	1625.5	2831.4	3989.5
259.6	729.0	1670.7	2808.8	3927.5
246.1	712.2	1691.1	2778.5	3936.0
236.8	713.1	1736.2	2775.6	3926.7
235.7	706.3	1748.8	2778.9	3980.5
232.1	693.4	1787.8	2769.8	4081.4
229.2	673.3	2506.1	3090.4	4178.5
229.2	631.8	2436.0	3138.3	4133.7
115.7	552.3	2359.4	3270.2	4013.5
109.1	547.6	2155.3	2713.7	3986.7
104.6	491.3	2170.8	2642.0	3998.4
226.7	472.0	2193.2	2637.4	3987.0
235.0	467.8	2322.7	2700.1	4025.7
237.1	456.3	2395.8	3094.5	4118.5
236.4	415.3	2022.2	2514.4	4081.6
237.7	384.9	1548.0	2416.5	3996.8
236.4	325.2	1371.9	2379.2	3905.9
231.0	1166.0	2152.2	3092.9	4062.9
226.1	1287.7	1608.1	2734.5	4008.8
224.4	549.1	1371.9	2200.4	3931.2
229.6	555.4	1375.7	2104.1	3908.5
227.9	573.7	1459.0	3091.4	3995.2
228.8	701.0	1575.7	3730.4	4075.7
228.7	711.0	1588.5	3792.4	4153.6
227.5	678.3	1561.3	3783.5	4090.5
226.1	666.2	1540.8	3751.3	4049.0
224.9	679.9	1531.9	3722.5	4063.9
223.5	693.2	1527.9	3705.2	4121.7
224.0	680.2	1572.9	3704.2	4122.4
225.1	711.0	1560.8	3667.7	4127.8
226.6	719.3	1564.4	3564.7	4043.6
227.9	737.7	1639.9	3511.6	4136.3
229.4	779.7	1665.9	3476.8	4164.1
230.7	683.2	1202.4	3451.5	3996.8
233.5	706.0	1169.4	3431.7	3819.4
234.7	706.5	1177.3	3053.5	3730.5
235.7	710.2	1178.9	2895.0	3817.0
236.8	715.5	1177.7	2878.7	3829.7
238.8	725.1	1211.9	2918.5	3848.4
241.2	726.1	1185.9	2945.8	3882.3
242.7	733.2	1162.9	2981.4	3914.5
246.1	735.5	1070.8	3009.4	3956.4
248.0	737.6	1037.0	3046.6	3900.6
254.1	738.4	1048.1	3086.5	3886.4
256.2	733.7	1063.3	3146.9	3852.0
267.9	787.5	1118.0	3150.5	3858.1
271.1	955.6	1806.8	3169.9	3873.3
261.1	942.4	1664.8	3274.5	3977.2
85.7	943.5	1660.1	3326.7	4240.3
64.0	933.5	1658.1	3197.2	4245.9
72.9	897.8	1657.7	3128.8	4098.7
0.0	940.6	2080.4	3329.5	4090.9
401.7	936.1	2184.1	3263.5	4096.1
96.5	891.2	1963.5	3213.9	4070.4
0.0	986.1	1942.0	3145.1	4170.8
0.0	939.4	1980.4	3248.1	4228.6
0.0	917.2	2062.3	3269.6	4190.5
0.0	896.7	1911.4	3079.6	4154.9
