0.0	0.0	0.0	0.0	0.0
0.0	0.0	0.0	0.0	0.0
0.0	0.0	0.0	0.0	0.0
0.0	921.9	2384.2	3192.1	3885.7
0.0	914.5	2348.3	3200.6	3883.6
0.0	872.4	2287.6	3190.9	3924.3
221.5	875.1	2236.6	3150.5	3921.3
210.5	994.8	2333.8	3124.4	3995.3
99.8	959.3	2397.2	3201.2	4106.2
94.8	915.6	2377.4	3175.5	4122.3
0.0	933.2	2311.9	3205.3	4239.0
0.0	989.8	2213.7	3267.9	4431.1
0.0	985.9	2125.4	3268.5	4429.9
0.0	947.2	2139.1	3278.5	4412.4
0.0	927.9	2272.2	3214.9	4316.3
0.0	871.4	2453.8	3177.7	4275.4
0.0	673.3	2535.1	3224.2	4367.9
230.8	500.7	2515.4	3191.9	4413.3
277.9	536.1	2472.4	3114.1	4234.9
355.6	523.2	2492.1	3155.4	4177.8
177.5	592.4	2468.2	3141.3	4147.5
182.4	495.2	2418.2	3166.8	4138.4
184.1	516.4	2373.2	3214.9	4245.6
185.4	511.3	2252.6	3171.8	4153.0
183.0	502.9	2136.5	3129.2	4141.6
175.8	345.3	2016.4	3134.6	4143.1
82.6	867.4	2099.5	3192.7	4081.2
80.9	569.8	2196.1	3217.2	4093.3
174.7	550.2	2256.0	3228.8	4030.2
175.0	535.1	2294.4	3240.6	4061.1
174.7	541.6	2305.2	3209.1	4055.2
172.1	564.7	2310.3	3201.4	4069.9
169.9	569.6	2299.3	3183.3	4053.3
165.6	575.9	2324.8	3156.2	4013.3
162.1	554.1	2372.0	3125.9	4025.0
160.7	530.4	2403.3	3079.9	4004.0
156.1	483.8	2469.1	3000.0	4025.3
154.4	421.4	2455.5	2931.6	4088.0
148.6	320.8	2378.0	3007.6	4205.9
68.1	296.9	2211.3	3034.5	4128.3
69.2	326.9	2317.9	3012.8	4154.2
150.8	319.2	2187.2	3002.9	4162.4
147.7	305.3	2190.5	3040.8	4175.1
145.1	305.9	2225.2	3113.8	4175.8
139.8	298.8	2141.8	3107.5	4264.0
132.3	648.1	2132.3	3163.2	4330.4
131.1	200.0	599.2	2844.9	4144.6
0.0	1067.1	1713.9	2988.5	4204.4
434.0	946.9	1702.3	2954.7	4239.4
0.0	544.5	1619.0	2921.4	4169.7
181.7	591.2	1525.5	2913.0	4026.7
169.0	645.0	1422.6	2916.9	4127.0
169.4	674.9	1363.7	2936.8	4119.8
171.0	689.1	1302.2	2911.9	3989.2
174.6	695.3	1275.7	2873.4	3950.4
177.5	733.9	1279.9	2897.1	3954.4
180.1	773.2	1296.5	2927.1	3900.2
181.8	786.0	1327.4	2969.9	3905.8
188.0	795.9	1356.5	2980.1	3877.3
191.8	796.4	1387.7	2990.9	3895.2
195.3	822.7	1427.7	3070.9	3895.0
199.0	843.2	1468.1	3169.6	3883.2
203.2	846.5	1537.2	3212.0	3891.0
206.8	846.2	1565.9	3252.8	3882.8
209.7	832.2	1597.6	3309.6	3872.1
211.4	839.1	1641.7	3359.9	3919.5
213.7	830.5	1671.2	3380.4	3980.1
214.4	776.1	1667.5	3403.3	4107.3
215.1	664.2	1645.9	3451.0	4201.0
214.1	512.0	1640.7	3165.3	4231.1
105.4	471.4	1581.7	2682.7	4184.2
216.0	474.7	1873.8	2882.4	4165.8
217.2	475.2	2001.4	2968.3	4204.1
218.1	481.3	1906.4	2894.5	4139.9
216.5	473.8	1900.0	2652.1	3980.6
217.7	520.1	1589.0	2470.0	3885.8
218.2	616.8	1627.5	2472.8	4104.4
216.7	599.5	2018.1	2988.1	4201.2
213.6	554.5	1321.7	3182.3	4048.8
213.9	589.2	1286.9	3479.8	4098.7
213.1	859.9	1404.6	3453.1	4146.6
214.2	868.7	1549.1	3397.8	4094.3
210.4	882.7	1719.6	3326.4	4065.6
209.9	887.3	1818.1	3324.8	4090.4
209.8	796.0	1943.1	3328.2	4042.7
210.1	673.1	2117.7	3230.3	4032.9
209.9	621.7	2221.2	3062.2	4102.6
210.1	603.0	2319.7	3022.0	4218.5
208.5	600.3	2374.0	3021.3	4152.7
205.6	907.3	2350.3	3175.1	4175.7
68.0	1023.4	2284.3	3249.4	4223.0
67.0	977.7	2332.1	3297.9	4325.3
82.3	1021.9	2291.4	3348.6	4431.1
0.0	922.6	2221.9	3276.5	4323.1
0.0	952.4	2174.1	3234.2	4269.2
0.0	1520.2	2266.6	3219.6	4591.6
0.0	1409.8	2234.6	3274.0	4427.5
0.0	1113.6	1770.2	3187.6	4236.5
0.0	790.6	1340.9	3158.9	4265.3
579.0	1013.0	1533.0	3294.1	4315.2
572.5	1024.5	2232.8	3398.0	4402.8
0.0	865.7	2259.1	3386.0	4416.9
138.1	864.5	2035.6	3212.3	4432.3
63.5	870.7	1880.7	3190.2	4371.3
181.8	885.0	1712.3	3173.6	4211.5
144.7	881.7	1681.7	3023.2	4160.9
0.0	869.1	1536.7	2854.7	4083.2
197.4	902.0	1494.5	2767.2	4034.9
173.9	942.5	1501.8	2690.4	3988.2
170.2	948.9	1580.8	2658.3	3990.8
171.8	964.1	1633.5	2599.6	3981.3
170.5	971.1	1676.7	2570.6	3965.6
172.6	948.9	1682.4	2540.2	3975.8
171.6	907.2	1692.2	2505.7	4035.5
168.1	816.9	1681.0	2549.2	4195.4
166.2	713.6	1652.5	2588.2	4309.0
162.7	683.8	1607.9	2657.5	4332.5
157.8	497.9	1606.5	2923.1	4158.0
161.3	636.6	1890.3	3157.6	4183.9
71.8	1320.5	2417.5	3406.8	4339.5
0.0	1226.9	2235.8	3258.3	4283.6
0.0	1036.8	2174.7	3231.6	4281.9
0.0	975.6	2005.4	3259.1	4195.7
0.0	904.5	2114.2	3185.4	4235.0
0.0	978.3	2239.6	3273.8	4315.3
0.0	1019.8	2015.7	3399.9	4537.6
0.0	1026.3	1543.7	3427.2	4589.1
251.0	933.7	2028.4	3479.1	4325.6
83.4	745.9	1887.4	3065.5	4053.7
195.9	531.9	1136.6	3069.7	4095.3
153.8	519.6	1067.6	3028.0	4053.4
120.3	494.7	1041.6	3066.5	4053.8
131.9	471.0	972.5	3062.5	4024.1
134.9	469.6	956.6	3033.5	3971.3
139.3	498.1	999.4	3000.3	3961.1
136.4	566.2	1095.7	2943.0	3959.9
136.3	543.0	1196.5	2902.4	3925.9
135.8	574.9	1289.6	2829.0	3861.3
134.3	582.2	1343.2	2603.0	3792.0
133.2	587.0	1400.8	2407.1	3747.0
132.3	599.4	1556.4	2434.5	3714.0
125.3	591.3	1576.4	2410.9	3730.6
120.5	563.4	1501.4	2005.1	3687.7
119.6	571.7	1516.6	3357.6	3902.7
105.4	546.5	1402.5	2781.2	3971.7
0.0	573.0	1449.7	3049.4	4159.1
102.9	1321.5	1738.5	3331.6	4412.9
133.1	1308.6	1879.7	3453.3	4496.3
0.0	1339.8	2260.9	3342.7	4421.5
0.0	952.9	2313.4	3365.7	4294.5
0.0	1063.9	2185.1	3297.8	4265.8
0.0	1161.2	2256.7	3237.1	4312.9
0.0	1212.1	2353.2	3243.0	4252.8
0.0	935.1	2173.6	3171.6	4144.5
0.0	888.7	2362.3	3302.7	4244.0
0.0	891.4	2455.2	3384.3	4300.9
0.0	1351.7	2515.6	3515.8	4316.0
0.0	1246.5	1943.5	3288.4	4377.6
0.0	925.8	1499.9	3057.9	4525.9
282.1	803.8	1506.0	3012.0	4500.4
279.5	978.3	1612.5	3008.5	4458.0
65.6	850.1	1661.3	2997.8	4334.7
0.0	1011.8	1856.3	3024.6	4118.0
219.3	788.1	1773.3	2874.2	4145.9
81.8	1060.2	1814.0	2851.0	4107.2
126.2	1133.6	1893.3	2596.8	3912.7
123.9	1259.8	1996.8	2878.0	3831.2
0.0	1315.8	1911.4	3197.1	3929.6
107.7	1145.5	1911.3	3012.8	3884.3
125.8	1074.7	1973.5	2961.9	4176.0
304.2	1048.8	1865.9	3042.9	4168.6
290.9	1103.3	2239.0	3053.2	4102.1
118.3	1076.3	2284.5	3138.8	4096.0
64.3	1105.1	2392.1	3256.1	4099.1
70.2	1175.5	2404.6	3278.5	4202.2
0.0	1107.9	2310.8	3271.1	4264.9
0.0	1109.1	2311.0	3289.7	4252.2
0.0	1200.8	2383.4	3218.8	4213.7
0.0	1290.5	2430.6	3251.0	4204.0
0.0	1120.0	2248.6	3188.6	4214.4
