0.0	0.0	0.0	0.0	0.0
0.0	0.0	0.0	0.0	0.0
0.0	0.0	0.0	0.0	0.0
0.0	1066.8	2017.5	3199.0	4162.4
0.0	1071.9	2010.4	3208.9	4016.3
234.7	1065.8	2034.3	3143.7	3927.4
0.0	1044.5	2192.4	3055.7	4106.1
0.0	1010.3	2148.0	3140.0	4188.2
0.0	883.1	2133.1	3154.7	4135.8
0.0	760.7	2128.0	3171.5	4139.9
0.0	792.3	2109.8	3086.1	4175.9
0.0	900.0	2215.9	3176.4	4227.1
0.0	939.8	2231.7	3215.4	4254.8
0.0	1051.3	2149.7	3139.8	4288.4
67.2	930.2	2155.6	3224.7	4334.1
0.0	777.8	2251.5	3309.5	4115.7
0.0	893.5	2297.5	3123.9	3955.6
563.0	875.2	2267.4	2977.7	3977.8
0.0	677.4	2312.1	3053.6	3868.1
0.0	592.2	2220.1	3113.6	3924.4
231.7	615.6	2174.4	3069.9	4037.6
202.3	598.2	2151.2	3012.5	4054.0
197.4	521.7	2012.2	2926.1	4000.8
195.3	523.8	1888.7	2830.0	3979.0
90.6	359.1	1838.2	2764.0	3962.3
174.4	383.3	1986.9	2816.4	3989.6
171.6	477.8	2275.9	3136.8	4057.6
171.8	401.7	2283.4	3075.1	3973.5
177.6	399.0	2365.4	3101.0	3819.8
190.6	403.3	2418.2	3118.3	3848.9
199.5	410.1	2431.2	3045.1	3901.6
204.2	412.4	2451.8	2942.1	3916.7
208.8	411.2	2351.2	2883.4	3937.4
207.0	416.6	2130.8	2944.6	4103.6
195.0	633.8	2095.6	2998.3	4218.5
87.0	907.1	2390.3	2998.9	4250.8
85.9	1136.3	2207.6	2990.5	4242.4
82.2	1184.1	2110.9	3198.1	4313.9
241.3	574.5	2090.7	3077.7	4349.9
0.0	508.3	2086.6	3021.7	4209.0
221.1	584.5	2066.7	3026.0	4010.5
213.1	698.2	1992.4	2982.6	3940.0
214.0	734.4	1939.2	2960.4	3960.3
212.5	778.1	1926.0	2968.0	3977.9
211.0	800.2	1928.7	2976.3	3967.5
211.1	786.1	1934.2	3031.7	3929.8
213.6	750.6	1912.0	3070.3	3789.5
215.1	561.1	1853.0	3075.8	3610.1
210.7	465.6	1855.8	3112.1	3522.2
207.5	513.3	1981.2	3170.0	3580.4
213.8	603.2	2193.8	3202.9	3802.7
219.5	645.7	2373.4	3208.4	3853.8
221.4	630.7	2416.4	3263.6	3891.8
219.8	605.9	2426.1	3253.0	3873.4
218.4	625.4	2386.9	3230.7	3924.3
216.3	573.4	2288.3	3234.5	3943.2
213.7	620.4	2151.4	3222.1	4022.8
210.5	606.7	1958.4	3199.3	4055.1
207.0	601.5	1840.2	3150.9	4083.6
204.5	657.9	1858.4	3104.9	3755.4
206.0	779.1	1882.8	2980.2	3404.7
204.4	810.7	1849.3	2914.4	3507.9
202.4	806.4	1785.9	2861.2	3671.9
201.8	792.1	1734.2	2841.1	3810.3
200.5	779.6	1616.2	2846.3	3850.5
199.6	760.9	1587.0	2849.6	3812.4
198.3	718.1	1677.3	2886.4	3913.1
194.5	668.0	1880.7	2950.1	4068.7
186.8	1077.0	2176.2	3007.5	4333.4
181.0	1186.5	2370.0	3286.3	4391.1
82.9	1094.4	2324.6	3309.4	4270.8
74.9	1269.0	2281.7	3219.0	4247.7
0.0	1356.3	2372.8	3287.3	4308.2
340.4	1053.0	2163.4	3238.1	4348.3
0.0	1082.0	2169.7	3294.6	4287.6
0.0	1048.9	2296.7	3363.7	4422.8
0.0	845.5	2341.0	3408.7	4403.6
0.0	832.4	2290.1	3322.0	4302.0
0.0	1247.4	2358.7	3173.7	4324.5
0.0	601.4	2245.6	3174.0	4285.6
223.3	624.6	2098.4	3341.5	3916.9
0.0	534.9	960.3	3413.7	3978.9
178.7	538.7	974.9	3400.5	4050.9
178.2	600.6	1028.4	3390.9	4003.1
182.3	706.8	1211.6	3362.8	4013.5
186.8	750.6	1392.6	3362.6	4011.2
189.6	729.4	1582.5	3332.4	3996.7
189.3	742.2	1791.2	3325.3	4020.1
190.5	737.4	1966.6	3341.8	4075.5
193.7	717.9	2092.3	3271.2	3821.5
197.0	677.2	2215.8	3181.7	3816.0
199.2	622.5	2380.4	3121.1	3776.5
201.3	534.9	2517.0	3107.5	4014.3
202.9	493.5	2500.9	3068.3	4230.6
202.3	491.6	2181.8	3004.3	4364.9
200.9	463.7	2326.3	3372.7	4270.6
204.9	778.9	2228.9	3266.1	4232.4
222.5	572.8	2179.1	3211.3	4289.7
82.4	1105.2	2161.0	3228.8	4240.4
63.5	1034.1	2100.1	2891.7	4065.3
0.0	1109.1	2272.0	3014.3	4141.8
0.0	524.2	2262.7	3134.3	4263.1
477.5	583.2	2206.7	3061.0	4237.8
312.0	585.2	2105.5	3056.6	4042.5
261.2	567.3	2026.6	3201.3	4189.6
252.8	592.5	1981.3	3258.3	4151.4
255.2	544.0	1851.3	3215.1	4107.8
259.0	444.9	1836.7	3175.3	4142.6
257.9	334.4	1914.0	3183.6	4151.1
79.8	825.1	2187.9	3096.7	4095.9
83.3	946.5	2202.6	3236.5	4118.5
84.4	910.6	2245.5	3318.8	4223.6
0.0	799.5	2253.6	3161.7	4242.1
0.0	1215.9	2179.6	3092.9	4259.3
0.0	1121.8	2293.9	3349.0	4509.4
0.0	1254.3	2491.3	3648.3	4656.0
0.0	1401.9	2681.8	3652.2	4593.1
87.0	1416.2	2619.9	3612.1	4622.3
0.0	1516.8	2526.8	3619.6	4689.6
272.7	1146.1	2343.6	3520.8	4681.1
102.6	1196.4	2417.1	3677.5	4595.1
279.1	1297.8	2438.0	3872.6	4629.4
292.7	1360.3	2564.7	3877.9	4682.0
0.0	1255.6	2577.3	3826.2	4747.8
0.0	1296.4	2306.3	3525.6	4650.1
184.6	1213.8	2166.4	3463.1	4531.6
101.7	786.1	1989.2	3382.7	4452.2
0.0	826.6	1878.8	3331.3	4372.9
196.7	901.5	1796.4	3257.2	4219.6
0.0	908.8	1795.4	3176.1	4179.5
0.0	990.3	2208.1	3065.7	4259.6
0.0	907.8	2141.2	3072.6	4196.5
0.0	555.3	2175.1	3239.1	4276.6
280.3	863.5	2123.4	3369.2	4246.8
87.5	1003.6	2176.7	3366.4	4383.6
0.0	1244.4	2357.6	3344.3	4446.3
0.0	1369.8	2340.3	3411.5	4319.5
