0.0	0.0	0.0	0.0	0.0
0.0	0.0	0.0	0.0	0.0
0.0	0.0	0.0	0.0	0.0
0.0	764.8	2165.1	3415.9	4303.7
0.0	741.2	2134.1	3030.1	4143.3
0.0	572.8	2267.7	3206.9	4241.4
0.0	852.7	2246.4	3189.1	4192.6
0.0	1027.6	2111.3	3131.1	4160.1
0.0	1191.7	2165.6	3147.4	4150.0
0.0	1211.6	2242.7	3237.0	4268.0
0.0	1094.0	2252.6	3275.7	4212.4
124.0	1112.4	2265.4	3173.3	4237.1
0.0	1070.8	2170.0	3138.7	4190.4
0.0	862.3	2176.2	3145.4	4158.6
0.0	760.6	2256.1	3237.1	4184.4
0.0	763.3	2465.5	3280.1	4036.9
0.0	773.4	2553.7	3235.8	3945.7
77.7	749.5	2509.9	3213.5	4058.6
0.0	845.1	2583.0	3231.8	4100.9
150.7	845.7	2551.4	3098.8	3847.5
0.0	727.4	2544.7	3155.2	3748.9
63.5	321.9	2578.0	3302.7	3872.1
0.0	376.7	2608.7	3236.8	4072.8
300.5	434.3	2551.1	3138.7	3852.9
293.3	419.2	2507.2	3088.0	3746.3
286.4	428.9	2533.8	3170.2	3858.1
278.3	430.0	2475.0	3230.1	4194.5
269.4	419.5	2332.5	3228.1	4448.1
132.5	645.9	2216.0	3235.6	4493.7
68.7	1005.1	2317.9	3333.0	4288.2
71.6	932.4	2188.3	3260.5	4168.4
0.0	1181.9	2234.0	3278.7	4208.9
0.0	862.4	2136.4	3245.9	4171.9
0.0	588.8	2109.8	3266.7	4327.5
0.0	693.1	1980.5	3136.5	4286.2
0.0	657.2	1809.6	3002.6	4222.9
64.5	619.5	1807.2	2932.3	4074.0
0.0	790.2	1644.3	2863.2	3869.4
295.5	781.2	1488.7	2807.8	3808.0
286.6	781.2	1350.0	2738.6	3714.5
278.1	785.0	1342.0	2734.4	3640.5
270.8	779.4	1325.8	2756.8	3633.7
264.1	804.6	1316.8	2791.4	3665.0
264.0	802.2	1308.8	2903.1	3656.3
264.5	806.0	1318.4	3001.2	3633.8
262.1	785.6	1330.5	3044.6	3625.9
264.1	839.1	1388.8	3067.0	3771.8
266.1	604.8	1508.8	3028.1	3951.6
263.9	545.5	1595.4	2922.6	3966.2
257.3	476.9	1815.0	3079.4	3764.8
257.3	802.7	1940.9	3214.6	3990.8
132.6	1118.0	2161.1	3324.1	4216.1
73.6	1041.3	2202.5	3259.0	4314.8
0.0	999.4	2370.1	3323.6	4315.3
0.0	569.1	2138.1	3255.4	4192.5
0.0	716.6	2247.0	3165.9	4142.4
0.0	497.0	1899.2	2761.0	4030.0
0.0	550.2	1763.3	2670.6	3721.6
288.3	513.7	1533.9	2567.7	3645.5
273.2	382.1	1426.2	2572.3	3802.8
84.7	422.2	1403.2	2507.9	3789.3
241.2	403.1	1386.7	2499.4	3800.9
234.5	412.1	1426.2	2533.7	3916.0
227.7	384.9	1447.1	2640.9	4012.9
227.4	573.8	1601.5	2678.1	4044.3
0.0	611.4	1771.1	2720.9	3998.6
233.6	683.5	1839.0	2794.8	3979.8
230.6	723.3	1832.7	2857.6	3962.2
229.3	765.2	1822.8	2909.3	4070.1
228.4	895.0	1805.5	2936.8	4057.0
227.2	894.2	1791.1	2921.4	4080.0
224.9	888.6	1785.8	2917.0	4177.4
223.0	879.3	1758.8	2924.2	4183.8
222.7	868.2	1720.8	2932.4	4123.9
223.0	853.5	1651.1	2961.4	4081.9
222.5	836.3	1627.9	3007.1	4104.3
224.0	804.2	1606.1	3042.4	4129.6
222.1	756.0	1616.2	3037.1	4151.7
219.9	683.3	1604.7	3053.5	4107.3
213.7	430.8	1577.8	3126.6	4211.6
208.1	367.4	1827.9	3057.1	4302.1
88.8	391.2	1842.3	2994.3	4302.7
0.0	410.0	1697.1	3021.9	4218.5
288.7	371.5	1697.0	3107.8	4103.6
139.1	877.2	1578.5	3178.0	3981.5
74.0	931.9	1553.4	3210.6	3913.0
329.5	936.0	1550.6	3195.1	3906.6
321.8	886.6	1483.4	3238.6	3887.7
0.0	905.0	1466.5	3282.0	3909.2
0.0	867.1	1459.1	3303.1	3869.3
0.0	837.1	1511.4	3312.6	3838.5
0.0	831.4	1560.1	3357.9	3871.3
220.2	791.7	1562.0	3386.6	3883.1
221.4	767.6	1535.4	3373.1	3901.2
221.2	751.4	1512.1	3319.7	3877.8
217.6	727.7	1492.6	3294.0	3835.8
215.5	446.9	1631.2	3181.0	4062.6
213.3	450.5	1704.1	2663.5	4202.3
71.2	460.1	1700.2	2702.8	4116.2
221.1	459.0	1689.6	2913.8	4019.5
226.1	463.7	1716.6	3096.9	3849.1
228.1	736.5	1465.8	3329.9	3835.0
234.7	727.0	1405.8	3011.3	3582.0
234.2	812.7	1454.5	2928.1	3604.3
236.3	786.8	1451.0	3178.6	3760.4
239.1	891.1	1511.2	3284.7	3853.9
241.4	775.3	1399.1	3239.3	3863.6
245.8	819.6	1394.6	3206.4	3945.4
245.1	823.1	1497.8	3173.7	4089.7
244.5	730.8	1560.4	3111.5	4181.9
241.1	696.3	1838.1	3130.1	4211.3
236.5	672.6	2148.6	3334.3	4349.6
77.9	678.5	2181.4	3517.7	4337.2
109.4	699.3	2106.9	3372.9	4165.6
0.0	787.6	2300.2	3424.3	4193.8
234.3	841.8	2328.5	3555.8	4249.1
78.4	819.5	2297.3	3560.7	4230.7
0.0	957.5	2267.8	3507.4	4098.5
0.0	945.6	2139.0	3512.9	4065.4
71.7	837.8	1938.8	3165.2	4042.4
84.6	696.5	1809.1	3085.7	4220.9
0.0	717.3	1842.0	3132.2	4219.0
257.6	709.1	1872.7	3177.3	4216.5
240.0	703.4	1883.2	3212.2	4220.2
233.5	665.6	1866.6	3216.6	4202.3
232.2	595.2	1863.2	3177.9	4248.8
230.8	462.8	1925.1	3044.5	4233.7
113.8	463.7	1918.6	2975.0	4326.1
233.3	466.1	1716.5	2974.6	4438.0
228.5	467.2	1491.7	2952.3	4409.9
230.2	372.2	1981.0	3213.1	4290.3
236.4	1316.4	2347.7	3322.4	4408.9
234.8	1143.2	2263.7	3250.8	4444.7
70.7	1060.9	2226.5	3285.6	4264.9
0.0	1146.9	2264.7	3200.7	4198.6
0.0	912.0	2146.3	3218.1	4327.3
0.0	712.0	2240.0	3311.7	4333.8
0.0	497.9	2154.3	3272.2	4188.7
0.0	514.7	2240.5	3213.3	4112.0
274.2	502.8	2299.9	3153.0	4048.7
257.4	487.9	2400.6	3078.2	3978.4
245.3	482.4	2512.8	2958.7	3950.9
241.6	488.2	2520.4	2801.5	4057.2
239.4	393.3	2443.4	2769.1	4248.7
78.7	303.1	2189.1	3020.6	4310.8
78.7	931.7	2051.6	3034.1	4285.5
78.2	830.9	1936.1	3402.5	4372.2
496.4	889.1	1951.0	3654.7	4396.7
0.0	1492.1	2101.6	3766.1	4431.3
0.0	953.6	1969.0	3718.8	4486.6
0.0	779.8	1953.2	3649.9	4530.0
0.0	1034.5	2059.7	3672.4	4482.4
0.0	981.0	2031.0	3718.6	4409.2
0.0	1054.3	2311.4	3834.4	4336.6
0.0	730.8	2088.9	3676.7	4306.0
0.0	1449.8	2794.0	3775.8	4462.2
162.0	1165.6	2844.4	3632.2	4326.9
0.0	520.8	2538.4	3406.4	4371.4
0.0	1285.7	2282.6	3397.0	4429.6
0.0	479.4	1428.7	2822.1	4168.2
0.0	875.1	2216.0	3014.9	4101.1
491.8	993.7	2106.2	3047.2	4019.6
490.5	505.6	1452.0	2706.3	3629.1
276.7	504.1	1275.8	2551.5	3504.4
245.8	492.0	1217.5	2525.7	3496.9
232.9	486.9	1179.4	2476.5	3605.9
230.2	498.0	1190.4	2418.6	3648.6
227.9	508.6	1235.7	2317.3	3654.2
227.0	517.8	1286.6	2217.2	3679.8
223.8	547.0	1359.4	2226.5	3782.5
222.9	583.9	1412.7	2292.0	3891.4
222.1	597.2	1543.9	2399.1	3958.6
222.2	573.4	1634.7	2486.3	3952.2
219.6	566.7	1677.7	2524.8	3956.1
222.4	559.1	1747.6	2623.0	3909.4
222.1	550.0	1832.0	2714.9	3826.1
221.9	530.9	1807.0	2865.9	3803.4
221.5	496.4	1619.3	2908.2	3838.1
108.3	475.2	1568.7	2944.0	3913.7
216.8	437.8	1463.5	2998.0	3905.8
212.9	452.5	1365.3	2952.5	3851.1
211.7	471.4	1309.5	3016.9	3922.2
212.0	703.2	1284.7	3152.6	3944.0
214.8	710.1	1290.5	3133.7	3845.4
211.8	698.5	1296.9	3087.2	3778.0
208.4	787.5	1358.7	3072.4	3716.8
210.4	811.6	1448.8	3036.6	3654.1
209.0	817.0	1496.1	2995.2	3683.2
207.6	842.8	1616.1	3024.0	3661.7
206.9	733.8	1768.7	3061.0	3730.5
206.7	698.5	1851.2	3056.4	3778.7
207.0	699.9	1883.8	3087.9	3848.1
206.4	676.5	1900.3	3075.4	3905.9
206.6	638.7	1873.0	3003.2	4021.9
206.2	441.2	1768.4	2884.8	4137.0
206.3	416.4	1718.2	2763.0	4197.3
102.7	411.2	1929.7	2759.9	4167.6
206.0	407.2	1972.7	2759.8	4183.4
204.7	425.4	1923.0	2789.3	4204.8
205.0	413.8	2034.6	3281.1	4260.8
210.9	1472.7	2801.0	3876.0	4455.7
215.5	1092.0	2851.6	3860.2	4529.4
82.8	771.6	2745.1	3885.4	4478.3
250.0	1003.7	2680.4	3960.5	4479.9
146.3	1115.0	2810.3	3992.2	4374.0
0.0	1053.8	2865.3	3969.0	4401.8
0.0	768.3	2807.5	3979.4	4387.6
0.0	779.5	2776.7	4030.8	4388.5
0.0	965.5	2571.4	4044.8	4397.9
105.3	971.6	2843.9	4015.7	4411.3
142.9	999.4	2562.3	3769.3	4383.8
70.6	1038.1	2204.5	3322.4	4373.5
76.9	1066.5	2056.0	3236.1	4335.7
0.0	1049.6	1994.0	3311.1	4370.7
0.0	1049.0	2214.9	3427.9	4469.8
0.0	516.7	2143.7	3309.7	4303.8
219.9	838.7	2200.1	3539.8	4717.8
0.0	878.7	2758.3	3784.5	4764.4
214.3	775.0	2774.8	3468.3	4596.8
0.0	675.7	2078.6	2945.0	4311.5
127.4	768.5	2125.9	2900.0	4162.3
264.9	499.7	2101.1	2826.6	4053.4
249.3	472.5	2110.6	2790.0	4042.7
235.6	468.2	2113.1	2744.3	3987.3
234.6	460.7	2101.6	2746.5	3992.3
233.8	457.5	2080.4	2732.2	3974.1
228.8	451.7	2089.0	2706.8	3989.7
226.9	442.1	2048.4	2702.7	3973.1
219.0	440.2	1977.4	2715.2	3949.0
215.0	444.9	1901.7	2756.7	3964.3
212.3	462.2	1869.9	2788.7	3968.8
211.1	434.0	1806.6	2845.3	3975.6
211.6	432.4	1711.4	2960.4	4007.8
211.8	430.9	1628.2	2966.1	3955.3
212.5	491.5	1621.6	2993.8	3909.5
215.3	525.2	1763.7	3084.2	4055.2
211.4	524.2	1758.7	3109.9	4118.3
209.1	536.7	1941.0	3124.0	4232.5
204.0	908.5	2150.6	3573.9	4391.6
202.7	875.4	2006.3	3314.3	4230.1
195.3	904.1	2150.6	3268.8	4232.9
66.1	814.0	2004.2	3290.4	4327.0
0.0	550.4	1768.7	3182.8	4409.9
0.0	578.7	1810.9	3137.8	4543.1
104.7	952.2	2001.8	3239.1	4425.6
77.5	820.5	1999.4	3241.1	4315.2
