0.0	0.0	0.0	0.0	0.0
0.0	0.0	0.0	0.0	0.0
0.0	0.0	0.0	0.0	0.0
0.0	981.4	1928.9	3306.1	4581.3
0.0	942.3	1934.4	3207.0	4121.6
0.0	951.4	2138.2	3222.4	4044.6
0.0	946.8	2169.6	3272.7	4102.1
159.4	925.7	2193.8	3306.9	4222.7
147.8	848.1	2278.5	3177.4	4185.0
0.0	868.0	2307.0	3117.2	4235.0
0.0	808.9	2227.7	3109.8	4244.7
0.0	805.7	2079.5	3107.4	4180.1
0.0	724.3	2202.1	3011.7	4149.1
0.0	757.6	2327.5	2926.6	4073.9
0.0	807.5	2347.1	2944.5	4077.3
0.0	796.1	2314.0	2888.2	4043.0
0.0	316.8	2252.7	2789.2	3985.5
260.0	514.5	2109.6	2718.1	3943.7
274.7	502.2	1922.6	2652.8	3998.1
257.8	500.2	1771.5	2623.9	3999.7
226.4	537.3	1650.3	2605.7	4006.3
222.0	591.3	1618.5	2623.2	3975.9
220.6	663.9	1481.9	2656.7	3903.3
214.3	710.3	1461.1	2692.1	3883.8
215.7	715.2	1543.1	2667.8	3869.9
222.7	690.6	1632.8	2715.7	3888.2
222.3	754.2	1636.1	2763.9	3920.2
222.0	780.0	1634.1	2754.9	3871.4
228.2	852.5	1608.6	2686.6	3751.9
231.9	923.9	1643.0	2663.5	3680.7
239.5	883.6	1517.0	2627.2	3745.1
244.0	923.4	1533.0	2656.1	3813.5
240.1	920.6	1529.5	2667.9	3789.7
238.1	919.5	1487.1	2665.2	3767.7
237.5	934.9	1467.8	2698.8	3771.6
238.8	894.9	1525.7	2729.5	3762.1
237.3	825.5	1678.2	2750.8	3849.5
233.3	824.6	1762.7	2826.2	3996.6
230.1	897.6	1942.0	3139.5	4184.2
226.3	846.1	2160.8	3154.2	4188.6
76.2	911.1	2319.5	3195.7	4319.3
75.7	1001.7	2132.7	3041.4	4345.2
164.9	1217.4	2073.3	2942.5	4235.8
365.6	1090.8	2077.9	3086.8	4204.7
0.0	929.7	2201.7	3264.5	4239.8
80.3	870.0	2255.1	3363.8	4207.1
0.0	777.7	2294.2	3633.1	4242.9
545.5	853.2	2041.7	3496.4	4230.3
0.0	904.6	1895.6	3163.6	4186.9
273.5	515.8	1937.9	3076.4	4142.5
263.0	512.6	1945.1	3068.7	4127.7
245.9	501.5	1930.7	3054.1	4118.2
235.6	512.3	1965.7	3190.0	3940.2
230.5	518.4	2412.2	3287.9	4058.9
114.8	1150.1	2521.9	3078.6	4016.2
75.3	1254.5	2360.7	3000.0	3985.0
69.6	1572.7	2528.9	3306.0	4218.6
0.0	1562.3	2600.5	3425.0	4225.2
0.0	1566.7	2486.3	3404.1	4211.5
0.0	1508.9	2489.5	3375.2	4158.0
0.0	1192.0	2326.7	3065.8	3990.6
125.2	684.5	1990.1	2886.0	4004.2
0.0	752.1	2020.6	2853.5	4109.8
66.7	841.8	1767.2	2487.3	3912.1
78.1	771.4	1664.2	2409.2	3863.3
254.7	743.0	1561.0	2423.2	3823.1
243.3	811.4	1563.0	2447.5	3769.0
225.3	841.1	1546.5	2547.8	3865.7
221.4	842.8	1514.8	2609.2	3865.3
220.9	851.9	1544.9	2626.9	3814.1
219.6	881.6	1669.1	2627.8	3784.6
218.3	888.6	1735.3	2686.8	3707.3
215.7	875.7	1730.5	2760.9	3715.8
214.5	866.3	1760.4	2803.4	3835.8
213.0	852.9	1827.5	2910.4	3909.9
213.3	831.4	1885.1	2953.5	3958.2
212.1	783.5	1894.0	2930.2	3962.8
211.9	736.7	1925.2	2919.3	3955.7
210.9	656.7	1884.3	2933.2	3973.3
210.1	613.9	1878.0	2990.3	4000.6
211.6	559.9	1854.7	3008.3	4051.4
209.9	568.1	1935.3	3165.3	4192.6
68.2	329.1	1869.8	3188.0	4137.1
68.6	404.9	1784.4	3064.3	3938.3
228.7	559.4	1697.5	3020.1	3636.2
226.7	537.1	1647.8	2965.1	3440.2
215.5	560.7	1620.7	2920.8	3421.3
209.0	566.6	1549.9	2899.6	3506.6
208.1	562.0	1496.5	2796.3	3488.9
208.8	538.5	1449.5	2897.8	3557.1
205.2	465.5	1436.6	3005.7	3902.9
202.6	418.7	1432.9	2993.5	4028.3
206.6	415.7	1423.7	3126.1	4003.7
204.9	416.5	1404.3	3222.9	3992.7
204.0	419.0	1383.3	3243.0	4085.4
204.4	418.2	1357.5	3185.8	4020.2
204.5	424.8	1341.0	3189.8	3945.3
205.0	510.9	1394.3	3234.4	3879.9
211.5	674.8	1432.5	3301.7	3873.6
210.4	740.1	1460.3	3286.2	3877.7
209.6	771.0	1473.5	3228.7	3853.7
210.4	805.9	1485.0	3195.1	3776.3
211.1	797.6	1499.3	3269.8	3819.5
212.6	783.2	1497.0	3283.2	3790.1
213.2	724.5	1508.4	3200.3	3773.1
213.1	711.6	1508.3	3141.1	3778.5
213.1	688.8	1492.9	3018.3	3767.0
212.9	659.5	1484.2	2911.4	3778.6
212.2	595.2	1416.9	3092.7	3691.8
212.4	594.4	1344.2	2791.0	3627.1
213.0	570.9	1298.2	2860.3	3708.1
213.3	555.8	1287.4	2797.3	3683.3
213.0	508.0	1279.3	2527.7	3697.7
212.2	547.0	1253.6	2401.1	3820.5
212.1	530.8	1200.6	2477.2	3847.4
212.0	483.2	1092.5	2605.7	3796.1
211.8	423.7	1067.2	2888.9	3898.8
210.8	420.0	1049.2	2792.8	3924.5
210.5	399.8	1205.2	2596.3	3784.1
209.5	381.2	2125.6	3206.9	4029.2
210.7	390.3	2093.6	3183.4	3933.9
209.2	410.3	1987.7	3164.4	3956.1
211.8	465.0	2046.2	3060.8	4044.0
214.6	428.0	2009.1	3232.6	3986.1
211.5	437.7	2080.1	3214.6	4040.7
102.8	408.7	2084.4	3059.7	4110.6
67.8	428.9	2024.8	3107.1	4234.6
67.4	1164.6	2130.8	3252.4	4315.0
