0.0	0.0	0.0	0.0	0.0
0.0	0.0	0.0	0.0	0.0
0.0	0.0	0.0	0.0	0.0
0.0	986.8	2280.2	3435.9	4401.7
0.0	1027.7	2278.0	3374.9	4270.4
0.0	1126.5	2293.4	3368.5	4261.8
0.0	1244.4	2293.1	3362.6	4264.6
0.0	1148.9	2336.6	3339.5	4272.5
0.0	1031.2	2292.5	3310.6	4275.5
0.0	1037.7	2245.7	3300.0	4284.7
0.0	959.4	2158.8	3165.6	4197.2
0.0	958.5	2232.4	3239.5	4240.8
0.0	877.0	2162.9	3123.9	4377.0
0.0	937.6	2190.6	2968.7	4428.8
0.0	1033.6	2245.3	3013.8	4455.0
238.8	535.9	2317.5	3051.8	4472.0
245.8	447.4	2354.9	3130.1	4478.4
228.7	619.3	2343.5	3162.3	4486.6
238.7	658.0	2381.7	3233.9	4473.7
235.7	676.2	2492.0	3274.3	4436.2
230.6	681.6	2493.7	3267.4	4382.6
233.9	685.9	2482.9	3229.8	4401.9
235.0	699.8	2465.3	3198.0	4409.7
235.6	701.1	2417.9	3168.0	4380.7
239.6	696.1	2380.1	3122.2	4346.1
242.7	688.2	2277.2	3045.1	4281.9
246.7	657.8	2177.3	2949.4	4258.3
247.2	593.4	2089.9	2853.8	4149.2
250.0	539.0	1923.3	2744.9	4103.6
242.3	421.6	1960.0	2923.8	4202.8
79.1	1049.6	2140.5	3123.8	4265.7
78.2	1068.2	2267.1	3231.2	4287.5
78.9	1108.8	2201.6	3298.7	4270.4
80.1	952.6	2064.0	3187.3	4176.6
82.1	800.3	2078.5	3043.6	4140.9
255.9	624.5	2061.8	2720.2	4024.3
285.7	542.4	2097.0	2684.7	3939.0
276.4	544.6	2066.3	2650.2	3959.3
270.8	539.8	1988.9	2484.3	3894.9
272.2	546.0	1903.6	2385.3	3824.1
268.1	559.9	1830.0	2346.9	3799.2
266.3	587.9	1812.4	2313.2	3745.0
266.3	597.6	1762.3	2219.3	3727.5
264.3	612.4	1764.4	2157.0	3704.9
263.1	628.6	1756.7	2121.0	3698.7
262.8	635.1	1787.7	2227.1	3696.2
263.0	654.1	1761.4	2145.2	3699.5
261.2	685.2	1797.8	2097.6	3681.7
255.5	756.4	1813.9	2152.6	3671.0
255.7	861.4	1867.8	2327.4	3735.0
258.7	894.4	1882.0	2365.9	3750.3
259.7	919.3	1931.8	2347.0	3644.0
259.7	887.7	1950.7	2432.8	3699.7
259.9	892.3	1933.8	2486.1	3780.0
264.0	872.0	1990.5	2577.0	3755.8
270.6	764.7	1950.8	2613.5	3756.2
269.3	776.2	1973.2	2681.3	3793.3
262.4	786.7	2020.7	2690.2	3856.3
256.3	784.6	2020.1	2728.4	3906.9
251.6	782.3	2072.7	2771.3	3971.1
247.5	773.6	2096.1	2802.9	4055.3
246.6	765.0	2093.1	2818.5	4029.8
243.8	759.7	2100.9	2848.2	4003.4
246.1	737.9	2130.2	2812.8	3993.0
245.8	733.3	2072.9	2764.0	3994.6
246.1	688.7	1924.9	2689.8	3942.8
246.5	609.6	1822.8	2707.9	3979.7
244.1	459.0	2071.0	3082.0	4215.5
83.8	613.6	1960.3	3017.6	4141.9
77.1	1190.2	2175.4	3068.2	4172.1
0.0	1164.8	2172.3	3173.7	4247.9
0.0	1037.5	2102.4	3164.9	4256.7
0.0	947.0	2139.8	3190.0	4335.2
0.0	698.9	1950.6	3140.7	4242.5
0.0	718.4	1964.8	2661.5	4062.9
0.0	529.6	2225.1	2674.6	4059.7
276.3	514.7	2343.9	2685.9	4065.7
260.4	531.8	2447.2	2778.1	4073.7
252.5	508.9	2483.3	2883.9	4083.5
251.1	527.7	2485.8	2967.9	4117.9
250.4	508.6	2492.3	2962.5	4152.1
249.0	520.4	2474.4	2951.0	4133.7
249.0	508.4	2429.2	2852.2	4058.1
249.5	513.6	2401.0	2745.6	4061.4
250.0	506.1	2341.5	2730.6	4026.8
250.5	510.2	2294.5	2703.8	4047.1
251.2	507.8	2221.0	2709.7	3940.8
251.9	505.1	2093.0	2461.3	3836.5
251.8	510.1	1974.5	2432.7	3825.5
251.3	519.5	1888.6	2476.1	3782.2
249.6	539.2	1858.3	2300.5	3774.4
248.4	554.1	1839.8	2245.9	3824.4
246.9	559.9	1851.5	2227.4	3849.6
244.7	547.9	1831.9	2157.0	3854.1
244.3	548.1	1826.2	2141.8	3853.5
241.4	525.6	1864.2	2223.2	3843.1
240.5	553.1	1899.2	2260.0	3850.8
239.3	567.1	1972.9	2355.3	3861.7
237.7	564.2	2071.8	2402.7	3930.7
236.6	560.5	2122.3	2510.3	3984.9
235.1	574.0	2170.4	2556.8	3966.5
233.7	583.9	2272.0	2603.1	3950.4
233.5	621.9	2303.7	2732.7	3935.6
231.0	674.8	2306.0	2805.2	3940.0
229.7	690.8	2275.4	2915.9	3954.8
227.5	685.9	2233.2	2969.8	4076.3
227.5	697.3	2179.1	2987.2	4087.0
224.2	701.6	2074.9	3022.0	4144.3
224.4	692.6	1993.6	3005.5	4264.6
223.8	634.7	1996.2	3025.6	4326.3
221.0	666.3	2164.1	3100.1	4359.2
225.8	692.3	2129.2	3093.2	4371.8
223.0	645.4	1973.9	3084.4	4369.3
220.1	641.0	2040.7	3020.4	4434.6
220.6	629.1	1983.5	3090.8	4383.1
220.9	606.3	2042.5	2997.5	4229.5
221.0	612.8	2101.4	2730.4	4036.9
222.1	464.1	2066.5	2640.3	4212.9
219.7	489.2	2049.0	2697.0	4313.1
221.3	736.3	1932.0	2844.8	3993.3
232.0	784.6	1683.8	2841.5	3879.1
221.3	814.9	1691.3	2853.1	4000.8
219.8	830.0	1742.8	2927.8	4080.5
218.7	830.7	1741.8	2933.9	4167.3
218.5	830.8	1728.8	2908.6	4169.7
218.4	840.6	1693.0	2896.2	4286.5
218.7	838.9	1717.1	2889.3	4283.1
219.6	824.7	1691.9	2926.3	4245.4
219.2	829.8	1666.1	2892.3	4328.4
219.0	826.1	1627.3	2848.7	4357.1
219.2	813.6	1527.0	2892.5	4306.4
219.9	789.7	1557.5	2868.9	4347.8
217.0	715.1	1795.2	3013.6	4318.8
216.9	668.3	1870.2	3477.7	4280.7
217.5	645.4	1771.8	3624.6	4336.4
217.7	639.7	1590.9	3496.9	4396.5
216.4	626.9	1416.5	3331.8	4468.2
215.6	613.2	1542.9	3354.1	4497.9
213.5	587.2	1233.6	3004.3	4535.9
211.5	637.3	1250.9	3042.7	4624.5
212.1	765.8	1379.8	2928.6	4524.2
211.8	795.8	1473.9	2886.0	4381.4
207.9	806.4	1485.6	2880.5	4355.9
205.9	841.2	1499.0	2870.6	4398.6
203.6	852.3	1542.9	2846.4	4372.5
200.4	893.7	1578.0	2777.1	4282.0
197.4	915.5	1538.0	2826.0	4193.4
195.7	921.3	1523.3	2822.6	4227.0
194.5	842.5	1541.9	2765.7	4233.6
192.9	922.5	1568.7	2769.6	4201.0
190.6	874.1	1559.5	2733.2	4229.3
190.9	923.6	1537.8	2776.4	4233.4
190.1	918.0	1552.0	2790.5	4245.4
189.6	934.4	1625.5	2798.4	4270.2
188.8	956.0	1629.6	2741.7	4280.8
189.6	955.6	1640.9	2738.2	4285.5
190.8	955.7	1679.2	2754.6	4199.5
191.9	925.8	1653.0	2730.6	4248.1
193.0	887.3	1676.4	2732.5	4266.4
195.8	857.7	1722.5	2711.0	4243.0
101.1	832.6	1697.1	2657.7	4204.2
70.2	810.2	1678.6	2686.3	4121.0
70.2	782.8	1683.5	2726.0	4067.4
207.8	803.8	1710.4	2749.0	4174.3
199.0	906.6	1884.9	2932.4	4193.8
65.8	986.2	2196.3	3367.4	4312.2
63.5	976.3	2171.0	3318.0	4354.9
411.6	929.6	1940.1	3159.9	4255.4
65.7	944.3	1943.8	3060.9	4265.8
0.0	856.9	2275.5	3124.1	4293.6
181.4	967.1	2323.1	3181.7	4222.8
228.8	997.2	2205.2	3146.9	4254.1
129.1	914.6	2162.0	3131.1	4312.1
190.5	937.6	2142.7	3163.7	4222.4
80.0	949.9	2163.1	3209.4	4272.0
0.0	1066.3	2286.1	3237.0	4314.0
0.0	1097.0	2243.9	3256.4	4288.2
0.0	1011.4	2361.0	3205.8	4239.0
150.3	939.1	2296.0	3173.6	4257.3
158.5	1054.6	2149.7	3130.3	4209.6
0.0	948.0	2124.9	3126.3	4238.6
374.6	854.8	2136.2	3333.8	4186.2
120.8	853.2	1986.0	3122.9	4117.5
0.0	902.7	2174.9	2967.3	4219.3
0.0	777.8	2059.3	3036.9	4267.0
103.4	817.9	1804.6	3134.0	4241.9
0.0	810.6	1835.1	3165.7	4259.1
0.0	800.4	1998.6	3041.7	4132.8
0.0	780.2	2048.5	3055.4	4107.0
0.0	798.4	2305.5	3266.0	4288.0
