0.0	0.0	0.0	0.0	0.0
0.0	0.0	0.0	0.0	0.0
0.0	0.0	0.0	0.0	0.0
0.0	941.2	2215.9	3344.4	4712.1
0.0	1019.9	2132.5	3366.2	4284.0
0.0	838.6	2040.7	3246.9	4143.6
0.0	977.4	2182.2	3292.0	4286.7
0.0	1105.7	2249.5	3329.9	4402.9
0.0	1070.1	2295.4	3292.9	4355.1
0.0	890.7	2138.9	3320.2	4400.7
0.0	959.9	2221.0	3292.9	4374.8
0.0	1016.3	2117.1	3116.5	4230.6
0.0	1002.7	2061.4	3106.7	4279.6
0.0	976.0	2039.0	3177.1	4416.5
0.0	961.1	2252.3	3163.4	4379.8
0.0	942.6	2219.1	3267.9	4315.9
0.0	919.2	2163.4	3383.8	4383.0
0.0	826.5	2003.1	3113.2	4450.2
288.8	793.4	2067.8	3021.3	4596.9
285.2	617.9	2192.4	3071.0	4560.4
0.0	576.2	2182.0	3106.0	4600.9
108.9	590.0	2258.5	3110.2	4481.0
265.8	582.1	2275.8	3094.6	4240.2
227.3	567.7	2287.9	2997.5	4214.2
223.2	533.4	2200.1	2792.1	4242.4
225.2	489.1	2013.6	2713.2	4327.2
228.3	463.4	1678.5	2754.7	4417.9
227.7	460.3	1350.2	2774.5	4547.7
231.1	467.1	1094.6	2754.0	4585.0
230.3	466.2	981.8	2637.9	4519.1
225.0	469.5	923.3	2806.3	4561.0
225.4	488.6	975.5	2816.0	4698.2
232.3	532.9	1097.4	2822.6	4574.5
242.4	587.6	1327.5	2940.6	4523.5
246.2	638.3	1666.7	3011.2	4408.6
250.0	673.2	1901.7	3002.6	4305.6
250.0	694.5	2228.6	3002.2	4251.0
254.7	697.1	2441.1	3071.3	4269.4
255.2	719.3	2527.2	3166.7	4285.1
254.8	690.7	2558.5	3274.7	4353.1
250.0	620.8	2469.4	3321.8	4464.1
83.9	539.6	2402.5	3301.6	4489.2
291.1	348.3	2112.1	3080.4	4372.0
86.9	346.9	2164.5	3150.8	4490.7
83.3	329.7	2160.1	3220.9	4511.6
79.2	364.7	2119.6	3172.5	4422.3
238.9	344.2	2225.9	3233.8	4352.8
273.9	489.4	2205.6	3377.0	4296.0
274.4	971.4	2163.1	3565.2	4263.6
88.5	602.0	2259.9	3345.8	4361.5
0.0	622.1	2286.0	3159.5	4471.8
317.0	641.5	2273.1	3105.3	4359.0
292.3	685.0	2249.6	3111.1	4336.4
132.2	733.4	2225.1	3117.0	4308.9
252.8	768.5	2145.3	3052.4	4369.2
252.6	774.6	2028.8	3009.6	4327.3
256.2	773.7	1957.5	3016.2	4327.4
256.5	779.4	1858.2	3052.6	4291.0
257.8	788.5	1738.2	3093.5	4237.8
257.6	786.5	1635.2	3149.0	4205.5
258.4	784.3	1591.4	3178.6	4218.5
259.1	780.5	1579.2	3212.8	4229.2
255.9	772.9	1580.1	3317.8	4258.5
258.6	766.9	1530.5	3294.8	4251.0
259.9	753.8	1437.3	3118.7	4327.3
255.0	531.4	1424.2	3053.0	4347.3
256.2	580.5	1599.7	3207.4	4321.4
257.9	624.3	1728.4	3442.4	4391.1
251.6	1290.5	2505.1	3663.7	4711.1
127.2	1272.8	2424.9	3544.5	4785.8
86.3	1099.0	2417.9	3541.5	4701.9
0.0	950.5	2346.6	3580.5	4686.3
0.0	843.5	2465.9	3632.7	4668.1
0.0	1058.4	2631.1	3733.8	4746.4
0.0	1190.3	2572.0	3581.0	4738.1
89.6	1088.9	2378.9	3285.9	4415.1
77.4	1005.8	2207.9	3312.0	4271.8
63.5	885.2	2311.8	3324.6	4205.2
0.0	940.1	2340.7	3253.4	4228.3
0.0	1012.6	2324.5	3225.2	4479.5
0.0	984.2	2516.8	3288.6	4589.2
0.0	555.4	2241.8	3093.1	4435.9
0.0	548.8	2162.0	3044.3	4278.7
247.0	574.9	2206.2	3051.9	4266.6
240.6	566.8	2217.3	3081.1	4310.4
235.5	556.6	2271.1	3034.5	4251.1
231.7	545.6	2331.4	3045.1	4206.7
229.4	534.6	2357.7	3008.9	4215.6
227.4	536.5	2375.3	2885.6	4191.0
226.3	540.3	2331.5	2798.4	4151.8
223.7	551.7	2271.2	2694.0	4184.6
224.4	570.9	2178.6	2574.9	4166.7
223.9	582.9	2089.9	2518.8	4103.3
224.3	609.3	2009.8	2477.4	4109.4
223.9	609.6	1993.6	2423.9	4055.7
224.1	620.3	1948.6	2339.3	4041.4
222.2	636.9	1919.2	2340.6	4010.9
220.7	642.2	1903.8	2304.1	3960.9
219.2	623.2	1882.5	2206.9	3953.6
216.8	612.7	1874.6	2340.5	3914.5
217.2	602.9	1897.0	3032.8	3938.5
216.7	602.3	1908.2	3589.2	4066.3
217.5	591.3	1879.2	3543.7	4014.0
217.4	591.6	1883.9	3393.6	4061.7
217.8	580.8	1905.9	3199.8	4074.4
217.3	551.1	1974.4	3052.1	4086.1
217.2	560.7	2163.0	3071.4	4243.8
215.1	541.4	2721.1	3373.4	4460.9
213.3	1425.3	2941.3	3703.4	4405.7
215.5	1460.3	2890.0	3823.3	4497.2
73.8	969.7	2764.6	3925.7	4819.2
82.8	714.9	2692.0	3933.0	4887.3
130.4	1394.2	2625.6	3846.0	4878.8
71.4	1290.6	2430.0	3824.0	4725.2
0.0	1272.3	2413.9	3843.5	4587.4
0.0	1056.0	2313.5	3361.1	4376.2
0.0	999.6	2120.4	3516.6	4397.9
0.0	418.9	1559.4	3571.2	4392.4
238.2	455.8	1304.9	3720.3	4435.4
225.6	474.0	1321.0	3728.0	4377.5
220.7	620.3	1381.4	2983.5	4214.2
228.7	672.9	1440.6	2878.6	4184.7
224.6	679.4	1507.0	2854.0	4144.5
221.8	669.9	1506.5	2810.7	4198.4
221.7	665.8	1430.7	2779.4	4253.0
222.4	646.0	1385.2	2756.9	4311.6
223.2	618.0	1363.3	2752.4	4303.7
223.3	606.3	1367.5	2745.1	4286.2
226.0	583.1	1370.9	2880.5	4080.2
226.2	556.4	1409.5	2809.1	3781.1
226.8	472.7	1482.2	2816.0	3604.3
223.5	440.5	1589.3	2912.4	3795.3
224.4	460.4	1660.9	2964.4	3969.6
227.0	475.8	1661.2	3004.6	4058.5
232.9	486.4	1665.7	3049.5	4082.1
233.8	471.8	1693.7	2946.1	3885.3
235.8	469.1	1726.1	2849.2	3956.3
236.5	474.5	1859.2	2923.0	4246.8
236.0	479.6	1930.9	2837.9	4001.8
228.3	424.8	1866.3	2859.0	4058.3
112.1	383.8	1882.5	2980.7	4111.0
72.6	719.3	1952.9	3271.6	3912.1
250.3	559.8	1927.8	3180.6	3932.2
0.0	516.3	1910.0	2978.5	4108.8
261.3	513.0	1941.6	2953.1	4118.7
248.6	509.1	1966.2	3000.3	4213.7
246.1	506.8	1958.5	2899.0	4213.8
242.5	473.8	2027.2	2886.5	4190.1
241.7	474.8	2210.6	2891.2	4079.8
241.2	455.0	2217.5	2966.4	4172.3
238.4	422.6	2160.7	3162.5	4236.1
71.8	670.6	2152.0	3146.6	4214.3
235.1	916.2	2153.7	3136.7	4194.5
117.3	1111.2	2239.5	3317.8	4299.2
0.0	1173.3	2481.7	3190.4	4345.8
491.5	850.0	2536.3	3289.5	4211.6
486.1	920.7	2525.4	3307.5	4206.9
0.0	1003.6	2434.5	3261.4	4249.6
558.9	972.5	2309.2	3272.7	4279.9
0.0	894.3	2211.6	3373.4	4219.3
0.0	843.0	1980.2	3224.1	4128.2
109.4	865.0	1932.3	3169.5	4198.8
118.8	602.2	1947.6	3081.7	4374.2
0.0	633.6	1679.4	3306.7	4353.8
246.1	675.9	1661.5	3392.2	4337.2
233.7	692.7	1690.8	2353.3	3674.6
226.4	705.9	1696.8	2365.7	3775.4
224.5	724.8	1722.5	2469.3	3922.2
223.0	731.9	1725.3	2428.8	3949.7
222.6	739.1	1802.2	2471.5	3871.5
221.7	731.6	1922.2	2613.6	3949.9
222.2	709.3	1983.0	2662.2	4049.0
223.0	678.4	2085.6	2778.7	4073.0
222.9	658.7	2204.9	2894.6	4043.4
224.2	635.1	2306.8	3049.3	4050.8
222.3	568.4	2371.9	3095.7	4149.7
220.7	510.4	2418.3	3134.1	4192.8
220.2	489.6	2372.8	3155.9	4255.2
220.6	468.7	2372.3	3097.6	4318.2
219.9	467.7	2285.8	3050.3	4324.5
217.4	445.0	2137.5	3034.1	4305.0
214.8	414.9	1958.0	3171.9	4249.6
210.1	418.7	1852.7	3455.2	4159.3
211.9	416.9	1816.0	3519.4	4238.4
207.1	406.9	1780.9	3271.9	4343.4
202.8	404.6	1812.2	3274.2	4314.1
197.7	411.5	1841.4	3442.4	4407.8
195.0	449.8	1874.1	3501.2	4456.3
195.6	670.9	1920.5	3090.9	4513.5
201.6	710.5	1950.2	2931.2	4520.4
200.1	739.2	1971.0	2924.4	4498.6
198.7	749.8	1986.1	2917.7	4428.6
199.2	756.6	2015.6	2924.1	4372.4
200.0	766.9	2039.9	2932.6	4409.2
201.2	779.8	2037.9	2889.7	4400.6
201.6	784.6	2018.9	2780.1	4416.0
202.7	772.4	2041.6	2846.2	4415.1
203.7	769.8	2037.8	2964.5	4416.8
203.9	761.1	2012.5	2913.3	4398.0
204.0	736.4	1983.2	2859.1	4292.6
202.8	696.9	1912.5	2849.7	4126.5
200.8	629.0	1829.9	2866.5	4088.5
197.4	424.1	1801.9	3094.9	4102.4
96.2	469.9	1988.4	3112.1	4176.1
195.8	453.0	1907.6	2956.4	4202.2
200.7	463.4	1817.9	2868.1	4107.1
194.8	571.6	1864.0	2867.7	4118.7
192.6	586.2	1928.2	2808.7	4214.3
196.6	590.9	1971.5	2817.4	4237.2
197.9	589.0	2073.9	2817.8	4100.0
198.0	589.2	2127.9	2882.4	4200.4
198.6	530.0	2219.0	2998.2	4182.3
197.9	552.4	2403.3	3151.1	4084.0
199.0	852.7	2858.8	3477.6	4209.9
195.1	1051.0	2792.1	3500.5	4354.1
90.9	942.2	2783.0	3623.2	4517.9
90.1	1270.2	2842.0	3761.3	4483.0
571.4	1242.4	2834.7	3651.7	4247.5
184.6	1255.6	2882.0	3726.2	4328.1
521.7	1705.0	2907.1	3744.8	4375.8
312.3	1700.0	2913.3	3723.1	4273.4
315.8	1502.7	2770.4	3537.0	4162.8
0.0	1311.7	2735.4	3513.3	4146.1
0.0	1154.9	2781.7	3541.3	4125.1
0.0	1044.9	2536.2	3416.7	3926.6
0.0	1081.7	2604.5	3495.4	4113.1
0.0	983.5	2546.8	3687.9	4590.1
238.4	468.6	1337.6	2976.9	4388.5
243.4	452.4	1285.8	2919.9	4088.5
245.0	473.3	1284.3	2925.4	4000.0
72.9	509.0	1354.2	2937.3	4067.7
102.3	582.9	1510.0	2859.8	4180.3
198.6	596.6	1679.3	2859.6	4468.0
197.4	597.6	1812.4	2923.3	4534.9
196.0	584.9	1906.5	2958.9	4453.8
193.1	542.5	2078.9	2972.7	4461.1
195.4	514.3	2227.8	3022.3	4477.7
102.3	510.9	2362.7	3103.4	4485.5
207.0	485.5	2477.4	3139.0	4480.7
214.2	462.8	2554.0	3136.2	4456.2
224.1	457.1	2591.3	3075.7	4482.7
227.0	465.7	2686.1	3154.4	4488.7
232.9	490.6	2658.6	3184.3	4487.5
112.0	800.6	2578.7	3179.0	4459.8
207.2	811.9	2563.3	3139.7	4425.8
101.1	859.9	2521.6	3080.9	4403.7
65.0	878.1	2569.6	3122.7	4389.6
0.0	849.3	2560.5	3184.8	4245.5
0.0	840.7	2537.0	3190.8	4256.1
0.0	839.4	2527.6	3165.4	4265.3
0.0	869.5	2447.6	3212.7	4234.6
0.0	871.6	2451.5	3200.3	4295.3
0.0	768.5	2522.3	3160.1	4351.7
