0.0	0.0	0.0	0.0	0.0
0.0	0.0	0.0	0.0	0.0
0.0	0.0	0.0	0.0	0.0
0.0	1247.4	2351.2	3260.0	4264.9
0.0	933.1	2258.9	3326.4	4375.5
0.0	964.4	2320.7	3315.0	4393.1
0.0	968.7	2290.0	3242.4	4267.2
0.0	779.5	1892.8	3119.8	4210.6
0.0	798.9	1895.8	3077.9	4219.1
0.0	1054.5	2066.0	3145.8	4179.9
0.0	1098.6	2170.5	3214.3	4202.1
0.0	952.5	2203.8	3336.4	4336.4
0.0	1079.5	2216.1	3335.2	4410.8
0.0	998.8	2091.7	3166.1	4253.0
0.0	1152.3	2226.9	3157.4	4301.3
184.3	1121.0	2398.3	3309.0	4269.7
181.9	1004.0	2082.7	3125.2	4211.6
174.0	591.3	1734.8	2863.4	4327.6
0.0	577.9	1735.9	2493.5	4128.5
224.6	610.0	1797.0	2520.9	4090.5
209.5	612.6	1840.1	2607.8	4040.8
205.1	605.9	1886.3	2657.1	4092.8
203.1	604.7	1946.5	2671.7	4061.2
202.0	608.1	1990.1	2689.5	4044.7
202.6	592.1	2025.2	2707.4	4043.1
202.2	557.6	2047.7	2708.6	4129.3
203.8	495.2	2068.8	2742.3	4164.1
207.1	478.8	2096.1	2781.0	4159.1
207.6	437.7	2129.6	2811.3	4149.9
212.6	424.8	2162.2	2802.7	4172.0
215.9	427.2	2136.3	2793.4	4210.5
213.6	439.4	2113.2	2857.7	4284.4
204.8	698.5	2027.8	3095.9	4397.0
188.4	889.2	2074.3	3005.0	4446.4
87.7	1384.3	2646.4	3353.9	4470.3
79.5	1097.8	2613.6	3402.3	4423.2
254.4	1151.1	2639.6	3359.0	4567.1
150.8	1161.7	2650.6	3611.3	4533.6
0.0	1157.3	2560.7	3795.4	4510.8
130.9	1032.6	2473.2	3617.5	4353.6
0.0	1045.0	2300.4	3420.3	4235.4
0.0	994.7	2095.2	3377.6	4283.1
66.4	1080.7	2217.0	3486.9	4302.0
63.5	1094.1	2304.0	3434.6	4302.9
0.0	1130.0	2227.9	3363.2	4352.9
0.0	1071.8	2187.2	3231.2	4242.7
0.0	1090.8	2269.4	3210.3	4240.7
0.0	1014.4	2489.5	3527.4	4391.1
0.0	549.1	1148.5	2616.9	4280.1
221.3	596.0	1091.8	2676.5	4262.3
198.1	621.3	1097.6	2767.8	4224.1
191.1	645.6	1079.3	2803.3	4186.3
183.1	667.3	1073.4	2832.3	4223.7
178.4	678.1	1069.3	2863.8	4252.2
175.8	689.7	1065.8	2892.0	4255.1
174.5	674.5	1051.3	2931.8	4227.8
171.0	679.0	1062.8	2949.3	4240.2
168.9	685.2	1076.0	2962.5	4316.2
169.1	675.9	1035.8	2988.1	4337.3
168.1	662.0	1019.9	2990.6	4352.3
168.5	647.0	1046.9	2997.1	4393.8
170.2	623.7	1070.4	3005.6	4380.4
171.1	580.5	1057.7	3028.1	4350.4
171.0	533.7	1107.1	3033.6	4318.5
171.6	495.9	1745.8	3049.3	4356.5
170.5	515.0	2217.7	3228.8	4429.0
166.8	853.9	2662.8	3648.4	4555.6
158.8	866.8	2805.4	3923.5	4629.0
73.5	1088.8	2881.8	4001.3	4635.2
74.4	1263.8	2832.8	3875.6	4607.4
68.0	1132.2	2814.2	3945.0	4536.3
0.0	1157.6	2659.1	3973.2	4420.3
360.8	1170.5	2522.3	3839.3	4364.9
97.8	1021.6	2428.7	3613.6	4298.1
156.4	384.1	2305.4	3116.6	4279.4
203.1	479.1	1897.2	2836.9	4286.3
187.8	611.9	1569.6	2804.1	4340.4
183.8	585.3	1542.5	2816.6	4302.3
183.3	601.5	1590.3	2913.5	4138.4
183.8	601.6	1623.8	2956.1	4190.1
177.2	625.0	1620.4	2855.9	4198.5
178.7	634.5	1589.4	2838.9	4035.1
178.1	638.0	1546.1	2797.5	3949.5
176.7	646.6	1521.8	2724.1	3935.9
176.3	621.7	1479.5	2657.4	4040.1
177.2	596.6	1402.1	2602.2	4166.8
178.6	571.0	1360.8	2601.1	4283.2
180.2	542.2	1322.3	2578.3	4159.5
181.2	557.8	1265.6	2581.0	4009.3
182.1	565.9	1254.8	2579.9	4079.3
184.7	477.9	1309.2	2590.3	3909.5
187.4	419.3	1447.0	2616.0	3892.9
189.3	459.0	1540.7	2861.6	3999.4
188.6	513.6	1880.6	3365.4	4203.8
183.4	1232.6	2197.6	3619.5	4234.1
173.8	1195.6	2274.3	3660.4	4242.1
87.9	1059.9	2296.8	3704.3	4419.9
520.9	1087.6	2174.8	3776.3	4620.7
130.0	984.9	2451.1	3766.0	4688.5
577.9	1277.8	2865.2	3793.9	4754.7
477.3	1124.4	2833.6	3819.6	4713.5
75.5	1020.9	2704.7	3651.5	4548.2
241.1	898.4	2404.8	3170.7	4446.9
521.7	856.1	2115.0	3008.6	4465.3
571.4	915.5	2025.5	3039.9	4429.5
571.4	827.7	1832.3	3076.8	4457.7
90.2	736.7	1734.5	2989.0	4337.4
120.0	609.0	1707.2	2839.0	4266.9
249.7	590.8	1707.2	2816.5	4239.2
211.7	621.2	1764.9	2842.3	4222.3
209.7	632.1	1837.3	2847.2	4216.5
205.8	641.6	1895.1	2841.0	4196.6
205.7	641.1	1923.5	2832.7	4172.8
205.5	647.2	1952.9	2840.6	4164.6
204.8	654.4	1979.1	2849.1	4180.7
204.5	660.9	1997.8	2861.0	4189.8
203.7	654.5	2019.0	2872.0	4169.5
202.9	655.4	2020.0	2874.2	4173.5
201.9	657.9	2018.5	2869.9	4156.1
200.2	659.4	2049.5	2859.8	4145.6
198.6	659.2	2093.8	2879.0	4148.1
194.9	660.5	2077.7	2879.0	4159.6
190.9	664.4	2052.4	2896.2	4146.8
183.7	634.1	2029.7	2904.5	4155.3
177.4	590.2	1998.3	2891.6	4167.3
169.9	524.6	1919.6	2870.4	4198.5
159.4	470.3	1854.0	2847.1	4198.5
157.2	435.2	1800.3	2765.5	4191.7
77.5	453.7	1383.2	2747.1	4197.2
148.8	487.8	1271.4	2791.6	4163.4
232.1	932.8	1612.0	2854.0	4122.1
228.1	1090.4	2151.5	2950.8	4208.0
68.3	1019.7	2072.8	3057.3	4221.5
232.0	1119.6	2167.3	3336.9	4195.2
94.6	1119.2	2420.7	3551.9	4356.9
0.0	682.1	2612.6	3660.5	4286.0
0.0	908.7	2720.8	3616.0	4184.3
0.0	1125.1	2755.1	3516.6	4288.3
70.6	1121.3	2680.8	3522.8	4299.2
0.0	1024.0	2667.5	3555.9	4381.1
484.0	1077.6	2624.0	3647.2	4419.7
267.2	1071.4	2574.9	3556.2	4328.6
0.0	786.6	2513.4	3580.4	4333.8
0.0	908.0	2546.0	3633.2	4404.5
139.4	932.9	2518.9	3561.2	4301.6
0.0	1002.5	2534.4	3447.6	4247.1
124.9	1009.2	2294.5	2900.9	3937.7
210.5	827.1	1979.3	2858.8	3873.1
446.3	855.1	1981.7	3010.0	4010.6
415.9	924.2	2288.8	3269.0	4189.9
0.0	998.7	2260.7	3271.6	4132.6
167.6	1054.9	2025.0	2916.8	3869.7
65.7	1007.4	2028.5	2869.5	3769.7
298.5	952.9	2170.8	3168.6	4156.0
0.0	1059.0	2354.4	3369.0	4319.3
0.0	1153.2	2287.5	3149.3	4221.9
0.0	1067.0	2122.3	3054.7	4243.2
0.0	1040.4	2239.9	3274.3	4307.7
0.0	1012.1	2111.0	3392.1	4297.8
0.0	1127.8	2182.1	3327.0	4288.3
0.0	1114.0	2307.2	3362.9	4247.7
0.0	1092.3	2226.7	3310.4	4272.1
