0.0	0.0	0.0	0.0	0.0
0.0	0.0	0.0	0.0	0.0
0.0	0.0	0.0	0.0	0.0
0.0	1178.7	2526.2	3309.5	4736.2
0.0	1172.7	2458.7	3322.3	4342.8
0.0	1077.2	2330.0	3359.9	4283.1
0.0	962.4	2130.0	3214.2	4262.9
0.0	1051.6	2185.3	3154.8	4358.1
0.0	1021.4	2250.6	3335.4	4365.4
0.0	1022.9	2095.8	3327.3	4289.9
0.0	1072.6	2254.9	3309.1	4255.8
0.0	1165.5	2260.9	3370.5	4205.4
0.0	849.8	2038.0	3312.7	4248.0
0.0	755.5	2049.0	3081.3	4249.3
0.0	770.7	2195.9	3065.5	4250.1
0.0	813.5	2280.4	3001.7	4246.3
117.0	786.7	2375.3	2853.6	4272.2
0.0	705.0	2435.7	2946.1	4343.3
306.0	810.8	2385.7	2895.5	4368.3
260.0	743.5	2292.3	2895.9	4358.8
219.4	540.2	2275.3	2831.3	4340.7
0.0	465.1	2273.7	2762.4	4223.2
236.0	461.1	2279.4	2763.2	4127.2
227.3	458.5	2278.5	2777.0	4054.3
227.2	452.8	2265.0	2755.5	4003.1
224.0	449.4	2236.3	2731.8	3949.0
223.8	434.9	2190.6	2677.7	3930.5
218.9	485.4	2123.5	2627.3	3967.1
217.3	414.5	1966.9	2658.5	4017.3
195.2	1080.8	2277.7	3244.7	4194.0
86.2	1174.8	2361.4	3372.8	4378.9
93.2	1138.2	2289.1	3277.8	4397.4
0.0	1045.8	2181.4	3179.5	4363.3
0.0	1231.6	2357.7	3293.5	4183.5
443.3	1311.4	2332.0	3434.3	4201.2
96.0	1231.9	2192.2	3468.9	4310.3
0.0	884.9	1962.0	3066.7	4126.5
0.0	802.7	1807.9	2914.3	4105.1
113.2	740.3	1715.2	2838.2	4066.7
151.9	692.9	1697.1	2828.0	4233.2
0.0	631.2	1669.2	2224.5	4145.3
237.7	674.1	1640.0	2040.9	4042.3
231.6	701.5	1580.2	2045.0	4057.8
228.3	712.2	1596.6	2178.4	4053.5
223.2	710.5	1650.2	2290.6	4113.6
219.0	727.7	1666.5	2337.0	4213.7
215.3	734.1	1679.7	2377.7	4232.0
212.3	752.5	1673.9	2425.1	4171.2
208.8	760.6	1661.3	2472.1	4171.9
208.6	760.3	1649.8	2493.8	4124.4
204.8	772.6	1635.9	2496.3	4072.8
203.7	776.3	1630.1	2547.9	4094.7
203.5	778.9	1624.2	2595.4	4145.6
202.8	773.5	1557.2	2583.2	4168.7
201.8	765.5	1394.1	2544.4	4130.1
201.8	747.8	1316.9	2539.9	4115.9
201.4	722.2	1249.8	2580.4	4106.8
200.2	685.9	1205.8	2590.1	4072.3
197.0	637.0	1298.5	2626.6	4064.3
186.4	627.4	2427.2	3110.4	4278.7
175.5	524.5	1110.5	2769.1	4169.3
179.2	587.3	1040.6	2757.9	4186.2
189.3	635.7	1008.9	2842.9	4267.1
194.9	621.8	967.5	2920.6	4356.9
195.4	594.7	958.1	2976.1	4409.4
192.5	573.2	948.7	3009.5	4413.8
188.7	547.4	888.5	3046.2	4476.9
183.5	558.0	946.5	3038.6	4475.8
181.1	605.8	1938.3	3035.0	4401.4
179.2	592.1	2053.3	3043.0	4296.2
176.0	573.3	1893.2	3037.3	4145.4
171.7	524.6	1691.0	2962.4	4185.4
172.7	528.9	1403.8	2943.8	4212.2
176.7	573.1	1182.3	2861.6	4244.6
184.5	607.7	1221.1	2833.9	4263.3
186.4	628.8	1213.1	2895.6	4273.6
183.4	664.8	1209.3	2884.9	4252.6
180.9	701.0	1209.3	2717.0	4209.3
180.3	708.8	1195.4	2663.9	4202.1
179.8	731.9	1193.0	2700.9	4218.0
180.6	744.5	1159.0	2755.1	4188.4
179.6	765.9	1147.8	2820.2	4109.5
179.8	786.6	1150.7	2850.7	4083.1
178.7	819.0	1084.3	2886.8	4175.6
179.3	799.5	1068.4	2934.5	4227.3
179.8	747.8	1047.4	2976.8	4265.2
180.0	687.7	1022.3	3005.5	4331.0
180.9	646.2	1023.8	3035.1	4368.8
184.3	587.9	1026.8	3068.3	4397.8
184.6	559.1	1050.0	3072.9	4326.6
187.3	559.6	1037.8	3064.5	4043.2
191.4	504.9	1048.1	3069.8	4136.2
193.2	474.9	1040.7	3056.8	4308.5
195.9	566.4	1068.0	3038.6	4261.8
200.7	605.6	1087.1	2969.2	4287.2
201.7	613.6	1100.4	2912.2	4297.0
200.8	608.5	1114.3	2820.5	4161.3
200.4	599.6	1118.4	2775.1	4026.8
200.9	584.0	1128.0	2738.0	3992.2
199.7	573.4	1136.7	2667.1	4036.9
200.4	552.5	1127.4	2615.1	4105.4
201.3	644.9	2087.0	3106.1	4233.2
201.0	626.7	2194.8	3287.3	4199.6
192.6	800.0	2177.4	3276.6	4127.6
90.8	1033.1	2470.9	3250.7	4229.2
184.7	893.2	2311.3	3048.1	4139.3
195.2	432.5	1571.9	2720.6	4059.5
199.1	475.6	1522.4	2726.5	4172.5
205.3	464.9	1491.5	2737.7	4171.0
209.6	427.4	1472.4	2713.3	4147.4
210.4	407.4	1488.8	2696.2	4123.2
207.9	389.2	1511.1	2734.4	4144.4
192.8	387.2	1671.8	2771.8	4247.2
182.5	402.0	1815.9	2911.6	4353.6
186.6	398.7	1546.1	2773.8	4234.4
189.3	440.7	1415.2	2696.9	4105.6
197.6	453.9	1393.9	2694.3	4081.9
201.9	450.5	1296.9	2705.2	4084.5
200.8	439.8	1155.9	2807.4	4256.7
198.2	438.8	1101.9	2739.1	4248.3
195.9	476.8	1325.2	2689.1	4148.3
188.5	531.3	1972.7	3155.5	4209.6
183.7	521.7	2116.4	3297.1	4232.3
180.8	499.9	1907.5	3084.1	4160.0
182.7	489.7	2040.8	3301.0	4186.7
186.0	438.6	2166.9	3438.4	4275.1
189.0	378.2	2365.1	3551.7	4332.0
193.4	554.2	2477.1	3617.2	4345.4
200.1	658.6	2375.2	3763.1	4389.0
203.0	670.3	2114.9	3486.8	4360.9
205.4	459.1	988.2	2239.4	4250.9
206.9	489.6	1062.4	2110.3	4305.4
210.4	537.5	1075.7	2048.1	4354.4
211.0	556.9	1137.1	1999.5	4348.7
211.3	566.0	1225.7	1905.9	4335.6
211.0	568.7	1226.3	1870.7	4361.2
211.3	574.6	1255.3	1855.3	4332.7
210.3	557.1	1245.9	1846.1	4279.1
207.4	563.4	1233.8	1798.2	4325.9
205.4	567.4	1244.9	1757.0	4316.3
202.6	571.8	1352.2	1792.4	4306.9
198.5	575.5	1350.0	1746.8	4361.0
193.0	572.6	1380.5	1798.2	4272.1
186.6	570.8	1296.2	1882.6	4233.6
181.0	597.6	1245.3	2016.2	4223.6
172.6	622.2	1237.1	2180.2	4165.2
165.6	628.5	1195.4	2331.4	4130.5
159.0	645.7	1158.1	2476.0	4166.4
155.3	647.2	1166.7	2598.6	4203.2
150.9	628.7	1065.9	2691.1	4224.5
149.1	615.5	1026.4	2780.4	4250.4
147.1	611.0	1031.8	2850.8	4321.5
147.2	584.1	990.5	2899.4	4317.5
147.5	551.1	1115.6	2960.9	4283.8
147.8	521.9	1126.2	2944.8	4320.5
148.8	497.8	1167.2	2953.1	4369.5
150.2	485.3	1214.9	2972.4	4305.1
151.3	473.8	1980.9	3173.1	4264.7
154.7	473.6	2422.5	3526.4	4430.5
159.9	750.7	2710.2	3541.0	4300.3
80.1	930.5	2036.2	3200.6	4167.7
570.3	1134.5	2134.1	3034.6	4154.4
546.6	1092.6	2127.5	3035.7	4146.1
192.3	1033.1	1959.5	2980.2	4142.5
80.2	913.0	1911.1	2870.5	4066.5
264.8	1027.2	2188.1	2966.6	4147.5
498.0	940.7	2058.0	3082.6	4243.0
84.9	735.2	2099.0	3173.3	4276.7
0.0	996.8	2434.7	3315.5	4287.3
68.1	1056.6	2259.7	3239.4	4192.3
68.0	1193.3	2236.1	3367.8	4291.1
0.0	1191.2	2362.1	3375.8	4401.7
0.0	1164.2	2386.5	3338.1	4347.0
0.0	1116.2	2362.8	3401.4	4397.7
0.0	1185.9	2231.0	3344.6	4308.8
0.0	1184.5	2340.4	3302.1	4301.4
