0.0	0.0	0.0	0.0	0.0
0.0	0.0	0.0	0.0	0.0
0.0	0.0	0.0	0.0	0.0
0.0	1051.1	2197.1	3346.6	4447.2
0.0	996.1	2181.3	3164.5	4299.7
0.0	923.7	2153.0	3194.8	4326.9
0.0	1343.4	2357.8	3340.5	4342.1
0.0	1328.0	2454.4	3386.1	4489.1
0.0	1326.4	2424.1	3377.7	4554.4
0.0	1171.1	2226.2	3343.4	4345.6
0.0	1056.5	2041.6	3251.4	4159.3
0.0	1001.1	2153.0	3197.2	4184.3
142.9	860.3	2170.2	3225.9	4248.6
0.0	460.7	2131.3	3138.2	4274.3
0.0	495.2	2172.3	3229.6	4337.1
251.3	496.4	2037.2	3067.5	4213.8
251.5	503.0	2033.9	3096.1	4244.5
312.3	498.4	1986.9	2993.4	4242.6
158.2	511.1	1721.0	2789.9	4166.6
159.2	550.1	1588.2	2865.6	4104.1
158.2	615.7	1886.4	3114.4	4213.7
164.6	637.2	1791.6	2898.1	4156.3
175.6	535.4	1011.9	2520.5	4248.0
184.3	502.7	1107.6	2518.5	4412.5
182.1	504.9	1280.7	2455.3	4283.0
180.8	455.2	1546.0	2403.5	4130.0
184.2	454.6	1866.8	2402.0	4098.3
185.9	409.5	2053.3	2430.8	4083.6
188.0	401.3	2132.1	2474.6	4125.1
188.5	388.2	2091.6	2495.0	4184.4
190.9	391.6	1997.5	2500.6	4177.6
190.7	463.4	1655.5	2554.4	4170.0
162.2	342.7	1567.5	2798.5	4182.6
90.0	412.9	1859.2	2943.3	4274.0
0.0	512.8	1877.3	2670.2	4222.1
231.4	590.7	1799.0	2542.7	4154.5
220.3	679.1	1688.3	2565.8	4034.0
215.3	785.7	1524.2	2650.4	3731.8
214.0	817.2	1430.3	2779.6	3613.1
212.4	841.3	1322.3	2925.0	3592.3
210.9	840.4	1240.2	3067.3	3565.4
208.3	844.2	1249.9	3040.6	3533.9
205.5	839.2	1280.5	2958.3	3548.5
203.0	823.3	1580.4	3016.9	3697.5
200.6	797.8	1470.8	3034.9	3835.7
198.3	726.0	1744.4	3050.3	3983.7
195.6	472.9	1591.2	3009.4	4197.8
196.2	446.8	1502.1	2973.0	4268.0
199.4	430.0	1495.0	2916.7	4257.0
199.2	440.7	1462.9	2843.8	4196.0
199.0	576.1	1407.7	2827.1	4104.9
202.8	767.4	1451.6	2851.4	4005.6
200.5	799.9	1514.3	2841.6	3946.1
197.6	795.1	1499.3	2769.4	3930.7
198.7	787.8	1490.8	2699.8	3899.2
198.8	783.6	1447.7	2672.3	3887.5
199.2	782.1	1405.3	2674.8	3872.9
199.5	781.5	1395.2	2725.9	3920.8
200.0	777.5	1394.6	2737.8	3928.2
200.1	768.0	1399.0	2723.2	3915.7
200.9	750.1	1405.6	2735.6	3944.7
201.6	733.2	1399.9	2706.2	3960.4
202.7	715.0	1369.7	2778.2	3968.9
203.1	690.6	1364.5	2854.2	3957.8
203.3	644.7	1367.7	2848.7	3883.6
203.8	597.5	1375.2	2800.0	3894.1
202.7	524.6	1345.3	2780.0	3914.2
196.0	422.0	1313.6	2753.1	3943.5
182.4	413.8	1357.0	2746.0	4035.5
178.1	435.3	1456.9	2780.2	4023.4
170.3	533.3	1550.9	2746.5	3971.7
171.0	527.9	1647.9	2723.8	3982.8
169.4	512.1	1724.1	2732.0	3969.4
164.7	502.1	1742.1	2727.9	3974.3
157.3	536.2	1749.1	2721.5	4001.0
151.3	518.6	1724.5	2732.2	4020.3
145.7	511.9	1696.4	2735.6	4043.7
144.4	495.3	1651.5	2765.1	4086.5
150.3	476.1	1656.0	2851.5	4095.5
159.8	482.0	1737.9	2937.6	4094.7
164.8	1077.2	2022.3	3134.4	4343.7
169.9	877.8	2135.2	3146.5	4457.3
83.3	916.8	2438.5	3313.3	4449.3
352.9	922.4	2287.3	3479.1	4504.6
235.3	751.6	2491.9	3464.0	4457.9
545.5	1137.7	2629.4	3584.0	4551.6
315.8	1284.5	2660.6	3726.2	4736.6
571.4	1306.5	2566.3	3585.9	4648.8
0.0	1335.5	2446.2	3454.6	4453.8
116.5	1256.8	2295.2	3428.8	4349.1
84.5	705.0	1839.4	3117.1	4317.7
0.0	996.7	1819.8	3106.0	4330.1
0.0	1029.0	2120.4	3242.7	4319.9
0.0	1012.1	2325.4	3297.3	4261.5
0.0	1391.5	2160.2	3164.6	4141.8
0.0	760.9	2033.2	2607.7	4125.1
0.0	568.2	1989.0	2464.5	4022.7
0.0	552.0	1883.6	2391.1	3961.8
256.4	618.3	1835.9	2408.7	3907.6
70.9	660.5	1808.0	2427.1	3922.0
71.5	684.8	1756.0	2450.3	3960.5
161.1	720.2	1653.7	2461.7	3958.8
63.9	722.8	1665.1	2472.1	4062.0
97.4	827.8	1621.2	2588.2	4214.9
232.6	813.9	1567.8	2661.0	4080.4
63.5	858.9	1553.6	2695.2	4043.8
155.8	880.9	1559.1	2714.2	4078.4
155.5	897.5	1561.8	2732.0	4050.4
0.0	836.5	1570.7	2720.0	4056.0
161.9	900.7	1650.4	2740.6	4069.6
103.1	860.4	1633.4	2732.1	3996.5
208.4	836.3	1657.6	2703.9	4053.2
246.7	885.1	1726.6	2650.5	4093.9
145.0	842.6	1743.1	2606.6	3979.7
147.0	817.6	1795.7	2660.4	3985.8
0.0	784.8	1844.0	2622.2	3944.9
64.0	787.5	1922.2	2640.0	3946.3
63.7	746.5	1943.5	2592.8	3942.8
181.8	756.8	1933.0	2683.5	3960.6
239.8	698.0	2088.0	2881.3	4033.8
97.4	732.3	2070.4	2655.2	4006.4
224.4	602.5	2082.8	2624.6	4015.4
86.0	674.1	2082.8	2701.0	4067.1
85.6	716.5	2079.9	2671.6	4120.1
87.0	675.3	2113.7	2704.3	4156.8
170.6	1109.4	2158.9	2769.4	4078.4
170.6	1062.9	2118.8	2790.5	4104.9
175.7	1066.8	2076.2	2808.8	4121.5
175.6	999.9	2031.5	2835.1	4067.3
0.0	1011.6	2005.4	2895.7	4154.8
0.0	1073.9	2024.9	2971.2	4234.8
0.0	1042.7	1981.8	3010.0	4168.3
