0.0	0.0	0.0	0.0	0.0
0.0	0.0	0.0	0.0	0.0
0.0	0.0	0.0	0.0	0.0
0.0	763.4	2360.0	3524.6	4480.8
0.0	838.8	2245.7	3348.2	4302.6
0.0	824.2	2037.6	3259.7	4322.9
0.0	864.3	2057.7	3196.9	4321.6
0.0	1092.0	2215.4	3261.3	4349.2
0.0	1172.4	2213.2	3219.8	4240.5
0.0	1060.1	2194.9	3301.3	4231.5
0.0	638.7	2275.0	3270.6	4245.6
0.0	941.4	2260.9	3220.4	4348.7
0.0	862.7	2252.4	3252.8	4427.7
0.0	773.2	2194.5	3225.0	4328.2
228.2	722.8	2274.1	3259.2	4279.8
207.7	463.9	2211.1	3293.8	4218.6
201.2	687.7	2127.2	3454.5	4439.5
206.8	634.2	2417.8	3492.7	4479.8
190.0	702.7	3041.6	3637.6	5169.6
195.6	763.4	3012.3	3657.7	5289.6
196.4	633.9	1064.6	3139.9	3910.2
196.9	676.1	1126.4	2983.9	3849.6
197.9	689.5	1212.5	2967.8	3877.6
200.3	702.7	1333.6	2935.4	3932.0
203.5	708.9	1558.3	2906.2	4074.6
207.1	715.4	1634.5	2867.5	4221.1
207.5	694.0	1692.0	2801.3	4356.3
209.7	661.3	1689.7	2849.4	4498.7
210.1	622.2	1668.9	2902.5	4354.9
207.5	556.6	1673.7	2920.6	3996.9
203.9	627.4	1715.7	2854.6	3667.8
217.2	653.4	1736.2	2753.6	3828.3
218.5	639.5	1698.6	2653.8	3644.9
217.4	627.9	1664.1	2613.6	3680.5
214.1	454.0	1667.0	2759.6	3888.9
99.3	431.4	2060.9	3254.4	4164.4
63.5	767.7	2309.0	3267.6	4297.4
64.2	1000.4	2240.8	3187.7	4244.4
97.9	914.3	2174.6	3225.6	4220.0
66.3	673.9	2034.1	2970.7	4056.3
0.0	709.9	1765.9	2796.6	4107.9
0.0	728.1	1766.4	2807.0	4203.9
201.3	772.1	1766.5	2828.3	4263.8
191.8	834.5	1746.9	2823.3	4256.3
187.3	887.8	1713.4	2855.8	4224.3
184.3	908.4	1712.1	2846.5	4202.3
182.4	905.0	1685.6	2837.0	4192.7
182.1	897.1	1699.0	2812.0	4159.8
181.6	877.8	1709.7	2810.2	4093.2
180.6	861.5	1707.8	2819.9	4220.2
179.3	834.5	1711.0	2778.7	4396.1
179.5	776.7	1715.2	2796.3	4507.7
178.9	672.8	1699.0	2853.3	4498.2
177.3	544.5	1697.6	2870.8	4075.3
165.2	516.1	1759.9	2884.6	3856.0
171.8	620.2	1837.9	2889.9	3898.8
178.5	615.4	1884.1	2892.5	4052.5
177.3	608.6	1912.4	2909.8	3922.1
175.4	585.7	2021.8	2964.0	4176.4
176.5	553.6	2065.1	2978.1	4421.1
178.9	510.2	2237.6	3090.1	4484.0
181.7	593.8	2234.4	3240.2	4255.6
89.1	1129.5	2247.4	3243.3	4219.5
0.0	1133.2	2213.5	3231.9	4279.4
0.0	1014.8	2175.9	3285.9	4327.9
0.0	785.5	2198.8	3229.0	4319.3
0.0	1000.7	2141.1	3141.3	4276.6
0.0	925.3	2337.4	3536.5	4585.0
0.0	942.7	2388.7	3547.0	4528.4
0.0	706.9	2258.9	3163.5	4483.5
0.0	754.9	2294.1	3101.9	4470.3
230.8	988.9	2398.8	3147.8	4406.1
111.1	482.6	2455.5	3220.3	4393.1
0.0	542.0	2532.3	3150.8	4355.8
245.7	548.7	2590.7	3202.9	4353.7
239.7	474.6	2602.4	3175.7	4223.1
235.1	542.2	2595.0	3095.4	4215.1
236.3	519.6	2605.9	3081.0	4203.2
237.9	483.4	2604.7	2988.1	4202.4
238.2	509.3	2536.9	2836.8	4198.9
237.1	543.0	2346.6	2771.3	4208.7
236.9	526.8	2143.6	2692.0	4135.4
236.4	503.4	1721.5	2546.1	3974.9
232.0	472.4	1563.4	2643.4	3965.9
226.7	446.4	1625.1	2510.9	3877.9
215.2	400.8	2181.0	3188.5	4054.8
209.4	401.3	2043.4	3061.3	4051.2
204.8	411.0	1841.4	2855.1	4181.0
201.7	407.6	1588.3	2245.5	3982.9
199.3	404.2	1555.9	2228.9	3859.5
192.1	409.8	1638.3	2200.5	3812.7
182.7	455.4	1734.3	2257.3	3775.4
176.3	543.8	1791.9	2290.2	3705.1
167.0	507.1	1836.3	2342.3	3662.9
161.7	507.6	1864.9	2444.6	3709.0
157.5	481.2	1842.3	2459.9	3721.3
153.2	479.9	1844.8	2511.9	3743.8
148.9	449.8	1804.5	2559.5	3788.9
143.9	444.5	1711.0	2604.5	3833.8
141.5	424.7	1628.3	2609.9	3868.0
139.8	407.6	1513.0	2613.3	3826.6
136.6	397.5	1446.8	2617.5	3864.0
134.7	386.5	1471.5	2669.3	3849.1
132.7	353.8	1457.2	2710.1	3942.3
131.6	302.2	1453.3	2727.5	4020.3
132.3	367.7	1451.4	2725.3	4071.3
131.2	340.9	1479.0	2734.5	4117.8
133.4	303.7	1535.1	2790.3	4135.9
133.2	374.3	1594.4	2803.1	4273.5
132.4	377.1	1646.6	2805.3	4336.4
133.2	333.5	1690.7	2793.4	4289.9
132.5	378.2	1767.3	2817.0	4273.1
130.5	396.3	1992.1	2985.5	4156.0
126.5	690.1	2152.7	3229.5	4209.1
78.4	548.4	1913.1	3175.7	4311.3
0.0	567.9	1877.3	2959.9	4360.6
0.0	539.0	1923.6	2930.0	4398.2
0.0	564.9	1948.0	2973.0	4379.3
130.8	575.2	1995.4	2961.4	4366.3
135.3	564.3	2052.1	2949.7	4352.7
133.5	580.9	2103.3	2981.0	4293.3
133.2	589.8	2115.9	2966.3	4258.7
133.0	582.7	2116.4	2901.3	4263.1
132.4	590.8	2096.7	2894.6	4225.8
131.3	596.0	2077.6	2855.0	4189.0
130.4	607.0	2030.0	2831.7	4193.2
128.4	661.4	1997.4	2844.5	4165.9
125.9	758.0	1912.2	2808.7	4151.5
129.6	736.1	1797.9	2775.3	4183.4
133.7	696.6	1770.2	2768.1	4249.8
139.4	587.0	1644.2	2735.2	4325.5
111.4	538.9	1567.2	2722.2	4272.8
63.5	403.4	1529.7	2703.6	4274.4
63.5	402.1	1497.8	2687.8	4279.1
254.9	382.9	1537.8	2726.0	4281.2
125.5	413.7	1497.3	2737.7	4274.7
120.8	422.3	1594.6	2730.0	4276.2
126.2	385.7	1751.9	2701.6	4365.6
126.5	382.2	1758.8	2707.4	4336.8
139.3	474.0	1818.6	2809.0	4452.3
142.9	781.5	1720.6	2797.0	4431.1
136.0	694.8	1903.8	2806.1	4260.4
139.6	1002.5	2274.5	3031.3	4262.1
135.7	901.7	2265.0	3120.4	4306.1
133.9	835.8	2143.6	3087.6	4464.1
138.2	745.4	2230.5	3216.1	4399.3
0.0	582.0	2306.4	3142.1	4304.2
0.0	704.6	2250.9	3088.7	4371.5
0.0	1105.3	2154.5	3123.8	4308.0
0.0	1074.4	2096.2	3200.7	4310.2
0.0	1068.0	2258.3	3295.2	4269.2
0.0	1105.6	2203.5	3361.5	4296.2
0.0	1183.0	2312.4	3397.1	4271.3
