0.0	0.0	0.0	0.0	0.0
0.0	0.0	0.0	0.0	0.0
0.0	0.0	0.0	0.0	0.0
0.0	871.3	1639.0	2999.6	4267.1
0.0	914.5	1718.2	3001.5	4099.2
488.7	994.4	1779.4	2974.7	4001.2
0.0	945.3	1880.3	2977.4	4016.3
193.8	968.3	1862.2	2986.1	4052.3
0.0	1014.1	1894.7	3066.2	4192.8
0.0	1052.1	2244.8	3315.5	4397.4
0.0	1064.2	2242.9	3274.9	4369.3
0.0	886.2	2232.8	3337.1	4310.2
0.0	874.5	2261.1	3408.5	4346.0
0.0	843.3	2164.5	3352.2	4358.8
0.0	1122.1	2252.8	3308.6	4253.1
0.0	1345.4	2392.7	3343.4	4246.1
0.0	1181.8	2367.9	3439.4	4357.6
0.0	1122.5	2286.4	3182.3	4264.3
0.0	1001.1	2198.6	2998.4	4140.6
0.0	726.7	1443.4	2711.2	3929.1
307.2	729.2	1388.1	2673.2	3952.0
291.6	780.2	1515.7	2689.7	4000.6
232.2	792.9	1584.4	2697.1	4057.8
230.9	813.8	1663.1	2733.0	4135.4
229.7	819.8	1805.8	2804.3	4210.6
229.6	806.0	1907.2	2861.7	4309.4
229.4	778.8	2002.7	2970.5	4435.6
229.6	720.1	2076.1	3039.4	4564.4
232.2	653.2	2064.0	3068.5	4633.2
234.6	510.8	1973.2	3015.6	4468.4
229.5	444.6	1955.3	3032.0	4308.7
71.5	442.5	1935.7	3050.3	4415.0
209.9	368.8	1943.8	3034.4	4306.1
210.7	460.6	2001.4	3078.5	4290.9
217.7	654.6	2081.3	3161.2	4277.5
238.7	688.1	2186.4	3220.1	4544.9
247.1	746.2	2227.3	3255.9	4688.6
252.4	781.2	2227.9	3250.4	4705.6
250.7	817.7	2222.6	3243.4	4653.6
253.3	850.6	2196.9	3225.3	4635.7
253.1	869.4	2143.6	3194.9	4533.8
255.9	876.6	2114.5	3152.0	4501.6
257.1	870.5	2093.0	3148.1	4485.3
261.0	863.1	2075.7	3161.5	4501.0
267.0	843.2	2083.1	3165.4	4484.8
269.9	823.0	2109.0	3153.5	4480.6
274.5	827.4	2153.7	3171.9	4537.4
278.3	798.8	2145.3	3208.3	4493.0
277.6	726.9	2089.8	3185.0	4292.1
273.6	286.3	2098.3	3178.8	4358.8
81.3	286.9	2140.9	3214.0	4257.5
78.8	1117.5	2093.9	3339.2	4306.7
291.2	1116.4	2129.0	3309.5	4368.0
0.0	1132.4	2309.7	3263.2	4274.3
0.0	1154.5	2261.0	3220.1	4319.2
0.0	970.9	2127.4	3187.5	4363.3
0.0	1357.7	2211.0	3294.5	4426.0
0.0	841.8	2239.7	3295.4	4694.6
0.0	914.2	2381.4	3654.4	4796.6
571.4	1098.5	2357.6	3565.1	4581.5
0.0	971.1	2131.1	3355.5	4418.3
137.9	814.3	2061.7	3322.2	4315.1
0.0	977.0	2039.4	3266.8	4040.6
212.4	1121.7	2010.2	3307.3	4120.2
233.3	846.5	1888.1	3286.3	4249.2
234.7	844.6	1838.0	3216.9	4060.0
243.3	880.5	1825.2	3219.4	4014.4
237.8	936.1	1722.5	3280.4	3995.4
231.6	987.2	1666.2	3204.8	3891.9
228.4	1016.1	1693.3	3219.0	3934.5
221.6	1047.1	1703.4	3234.9	3930.8
215.4	1039.8	1694.8	3190.8	3901.3
211.4	1025.4	1703.5	3204.1	3946.1
208.4	1012.7	1720.3	3176.5	3923.8
206.6	978.4	1752.6	3187.0	4012.4
206.4	948.5	1777.6	3164.9	4075.7
206.5	945.0	1796.5	3129.8	4065.8
206.7	950.1	1844.0	3113.1	4069.4
205.9	910.4	1923.2	3140.1	4123.2
205.9	874.2	1997.3	3147.9	4110.7
206.1	836.7	2032.7	3095.8	4044.9
205.7	682.2	2007.8	2970.5	4019.1
206.6	568.6	1811.6	2832.5	3940.7
205.3	445.7	1602.3	2789.8	3949.1
101.5	450.9	1555.9	2740.4	3989.5
212.5	435.5	1591.0	2821.3	3995.3
210.2	419.8	1612.9	2958.0	3965.8
208.3	405.3	1645.1	3115.3	4076.5
207.1	382.4	2038.0	3395.4	4325.0
203.4	425.8	2213.0	3581.7	4298.9
99.9	501.7	2112.9	3302.3	4239.5
369.5	612.7	2228.9	3355.3	4245.5
397.3	720.5	2106.5	3165.2	4135.8
500.8	856.8	1803.6	2873.2	4080.8
0.0	772.8	1700.6	2695.3	3958.7
0.0	726.1	1654.3	2419.2	3936.8
225.0	677.4	1557.0	2226.9	3993.3
225.4	698.0	1620.7	2204.3	3948.6
224.3	744.6	1629.2	2208.5	3791.9
228.4	728.4	1663.5	2103.9	3754.6
231.5	725.1	1732.5	2173.6	3839.5
232.8	749.8	1818.1	2319.3	3951.8
232.0	779.9	1833.0	2298.1	3901.8
231.5	772.2	1870.6	2390.5	3906.0
231.2	747.2	1927.7	2605.8	3966.2
230.4	740.2	1973.4	2652.5	3984.7
228.3	757.6	2012.7	2767.5	4050.7
225.8	799.5	2017.7	2962.8	4223.1
224.2	832.5	2026.0	3031.4	4231.1
222.1	842.4	2008.2	3036.2	4258.9
221.3	836.3	2008.2	3025.4	4258.2
222.9	794.9	2011.7	3034.3	4224.8
224.2	721.5	1996.6	3008.8	4161.1
225.0	662.9	1979.0	2975.8	4058.0
224.2	649.7	1895.0	2903.2	3983.9
221.2	427.8	1838.6	2947.6	4005.5
126.4	384.7	1969.0	3053.4	4175.1
83.1	1352.3	2580.6	3522.6	4110.6
256.9	1425.4	2674.2	3509.7	4099.7
319.6	1297.4	2489.9	3532.4	4064.0
0.0	1161.5	2645.2	3924.1	4336.2
0.0	1068.5	2575.2	3931.8	4789.8
0.0	1142.1	2473.7	3713.6	4745.6
118.8	1195.8	2441.2	3490.4	4714.3
0.0	1106.0	2545.8	3470.9	4646.8
375.0	1020.7	2424.7	3460.8	4559.5
0.0	1281.9	2542.7	3544.6	4662.2
0.0	1257.6	2531.1	3450.7	4555.7
129.0	988.3	2316.4	3467.0	4527.1
0.0	953.9	2252.2	3349.4	4330.4
444.4	943.6	2090.6	3244.6	4399.1
0.0	809.2	1944.0	3246.0	4581.2
259.5	781.8	1949.7	3248.3	4494.6
244.2	824.0	1933.3	3239.2	4387.4
234.7	796.5	1906.4	3199.3	4275.5
230.2	630.0	1790.1	3134.7	4144.3
227.8	527.9	1742.5	3058.2	4048.8
111.9	555.2	1765.0	3060.9	4125.2
228.3	618.8	1804.6	3163.4	4260.3
229.9	582.9	1814.4	3176.0	4319.4
227.1	486.7	1806.5	3327.4	4219.6
224.8	421.7	2109.8	3655.9	4147.2
109.3	469.6	2204.5	3413.6	4193.0
70.8	567.9	1946.1	3253.8	4242.3
110.1	582.3	2022.8	3311.9	4424.7
0.0	659.4	2249.8	3389.0	4536.3
0.0	560.8	2299.9	3276.8	4532.0
0.0	560.1	2368.0	3243.8	4516.0
241.5	540.3	2478.4	3233.9	4468.0
232.2	491.6	2539.8	3137.7	4514.6
225.9	436.5	2509.9	2949.2	4463.2
219.8	455.7	2377.1	2773.8	4374.1
212.8	479.3	2168.3	2846.9	4314.3
210.1	473.8	1855.7	2663.7	4319.7
209.4	463.2	1740.2	2936.7	4312.2
206.4	426.7	1670.7	2951.4	4205.8
203.0	410.4	1988.1	3111.1	4082.1
195.9	392.1	1923.5	3270.2	4130.6
192.1	392.0	1232.4	3070.3	4077.8
189.8	386.0	1261.8	3054.8	4140.6
189.7	386.1	1399.9	3069.1	4213.7
192.8	426.3	1590.7	3001.0	4026.7
197.2	547.7	1845.9	2842.2	3993.0
221.1	661.3	2016.9	2807.3	4112.6
213.8	684.4	2110.6	2876.2	4262.0
212.9	709.2	2139.3	2923.4	4352.3
216.1	759.7	2132.5	2949.0	4336.5
218.5	794.2	2125.8	2943.4	4380.5
219.5	802.8	2137.3	2926.9	4434.7
220.3	791.6	2150.3	2947.2	4483.4
222.7	762.9	2170.1	2979.0	4573.9
226.0	739.5	2157.7	2960.1	4595.5
228.5	700.9	2120.3	2924.7	4536.2
229.6	632.9	2035.9	2881.6	4012.9
228.1	521.5	1947.9	2854.3	3493.5
70.9	554.2	2005.4	2852.5	3357.0
215.3	594.6	2086.7	2767.3	3485.4
222.5	588.7	2086.3	2679.2	3546.1
222.5	600.1	2048.8	2613.4	3587.2
219.7	576.6	2020.1	2556.6	3723.7
214.3	599.3	1982.8	2527.0	3884.7
210.2	600.0	1982.8	2509.9	4042.5
206.8	594.1	1977.2	2501.5	4022.9
200.2	558.6	1960.4	2496.8	4013.1
196.6	521.5	1968.9	2547.1	3962.0
193.3	466.6	2131.3	3032.6	4163.7
94.6	493.4	2064.2	3146.9	4152.6
90.9	1308.6	2231.6	3346.2	4220.6
90.4	901.1	2207.5	3265.0	4258.8
0.0	1143.3	2387.2	3065.1	4154.4
0.0	1058.1	2509.8	2814.4	4170.5
0.0	887.5	2582.6	2884.9	4267.4
0.0	835.2	2628.3	3057.5	4308.1
0.0	882.1	2614.3	3207.7	4294.6
269.7	872.0	2422.4	3177.8	4233.7
87.7	876.5	2376.7	2998.5	4119.8
0.0	611.7	2291.3	2971.7	4079.3
217.7	676.0	2225.0	2974.3	4047.2
205.1	660.8	2184.4	2988.4	4042.2
195.7	645.9	2073.3	3027.4	3890.1
191.5	407.6	1988.3	2972.0	4179.9
187.3	439.5	2015.3	2889.5	4339.4
90.2	413.3	1959.5	2811.2	4342.6
185.7	444.0	1982.3	2936.7	4352.2
184.1	378.8	1683.3	3047.9	4334.5
185.9	373.3	1590.4	3120.6	4084.2
182.4	369.6	1614.1	3024.1	4052.3
180.7	363.2	1593.1	3021.2	4188.4
175.7	364.2	1575.6	2857.1	4170.1
172.4	414.0	1701.1	2944.7	4137.0
180.9	466.2	1935.1	2942.6	4120.2
195.9	413.5	2177.1	2694.0	4020.7
183.6	444.5	2355.3	2787.2	4116.4
174.5	419.5	2458.1	2857.6	4306.0
172.6	425.5	2498.8	2953.3	4377.7
172.6	401.3	2473.0	2953.6	4365.7
170.1	384.8	2351.0	2940.6	4390.3
168.5	389.0	2103.5	2946.3	4327.2
166.5	335.8	1994.5	3062.5	4187.3
84.4	335.4	2018.0	3203.8	4298.7
162.6	375.1	2026.6	3216.7	4307.9
169.2	349.4	1972.4	3153.9	4149.0
87.4	609.3	2229.2	3215.1	4348.4
0.0	546.1	2196.2	2982.7	4468.8
229.0	540.7	2210.6	2926.5	4355.2
178.1	570.9	2197.6	2946.1	4299.6
173.0	613.8	2164.0	2985.0	4293.8
168.2	660.6	2128.4	2970.7	4195.1
167.1	693.9	2085.2	2973.2	4143.7
167.5	737.7	2056.8	2948.9	4094.4
166.7	775.5	2005.3	2958.6	4002.8
166.2	801.7	1928.1	2959.4	4007.8
168.1	840.6	1885.2	2999.7	3964.1
167.1	876.3	1837.3	3063.6	3902.7
163.9	877.5	1798.6	3059.7	3878.7
163.5	803.2	1764.3	3109.5	3822.7
166.4	731.4	1745.1	3133.9	3867.0
165.7	682.7	1753.4	3139.0	3765.0
164.2	634.2	1797.5	3134.9	3755.9
161.6	624.4	1884.2	3168.1	3820.4
160.9	737.1	1954.3	3183.5	3835.8
158.0	664.1	2002.3	3192.4	3890.5
157.4	596.0	1985.9	3166.7	3954.1
158.1	449.0	1852.7	3138.1	4185.5
158.1	385.9	1836.6	2856.2	4290.6
80.6	381.8	1834.6	2920.0	4291.6
167.6	378.9	1866.9	3040.9	4331.4
167.8	348.6	1878.0	2872.8	4295.4
169.0	344.5	1859.8	2868.8	4182.3
168.1	337.7	1867.2	3071.6	4157.7
167.2	656.7	1860.6	3060.4	4221.6
167.6	631.7	1891.3	3065.2	4271.5
164.2	770.8	1931.6	3018.8	4231.4
