0.0	0.0	0.0	0.0	0.0
0.0	0.0	0.0	0.0	0.0
0.0	0.0	0.0	0.0	0.0
0.0	797.9	1644.6	3191.1	4418.5
0.0	776.3	1757.3	3141.4	4134.1
0.0	662.3	1935.4	3133.5	4123.2
0.0	1139.5	2278.7	3312.8	4179.2
0.0	1082.0	2305.6	3375.8	4296.2
0.0	1002.9	2186.1	3187.3	4366.9
0.0	958.1	2175.0	3196.2	4210.8
120.8	877.7	2290.8	3270.8	4186.2
0.0	876.6	2319.8	3201.4	4169.3
0.0	1079.5	2358.9	3180.7	4275.5
0.0	1015.2	2344.7	3291.9	4297.2
0.0	1040.6	2303.8	3400.2	4480.5
0.0	775.7	2127.0	3328.1	4509.6
255.3	688.7	1865.8	3208.2	4370.5
0.0	498.4	1744.2	2937.5	4215.6
256.9	516.8	1676.3	2955.5	4139.8
226.3	498.1	1744.3	3195.3	4275.4
215.4	803.4	1939.6	3404.5	4564.1
203.1	791.5	2048.5	3421.2	4529.7
94.5	935.0	1959.4	3475.6	4528.7
173.9	805.6	1935.4	3679.4	4638.5
87.0	748.8	1998.4	3736.4	4572.4
0.0	687.1	1997.1	3717.3	4643.5
0.0	980.1	2115.4	3736.7	4743.5
0.0	934.7	2228.9	3662.1	4706.9
121.2	721.0	2241.8	3629.6	4510.2
157.9	783.1	2103.9	3756.5	4550.7
0.0	801.2	2071.9	3749.5	4925.3
0.0	937.9	2005.5	3802.0	4930.5
0.0	517.9	1781.0	3127.0	4452.7
261.1	495.2	1722.4	3040.0	4202.8
250.1	486.5	1735.1	3042.2	4221.0
246.1	468.7	1747.1	3130.6	4378.8
240.3	693.5	1952.9	3211.8	4614.4
230.9	710.5	2033.8	3279.1	4615.7
113.4	735.5	2032.2	3481.1	4561.5
260.9	968.2	2169.5	3627.3	4594.0
108.1	912.5	2037.5	3761.1	4794.6
285.7	844.4	2245.3	3788.9	4969.4
0.0	1003.7	2287.6	3728.5	4822.8
137.9	1167.5	2474.6	3866.4	4845.5
500.0	658.8	2387.2	3812.9	4847.6
226.4	766.6	2494.3	3640.9	4711.4
125.0	743.2	2467.7	3418.8	4472.5
0.0	746.4	2500.4	3324.3	4264.4
268.2	819.8	2571.2	3498.7	4432.9
138.8	891.3	2726.1	3753.3	4647.2
0.0	427.9	2381.4	3675.0	4602.6
0.0	631.9	1697.1	3192.2	4239.3
286.4	624.5	1674.6	3105.3	4110.0
280.4	658.1	1435.4	3046.5	4024.3
275.9	644.5	1343.4	2981.6	3929.1
274.9	681.5	1286.1	2718.4	3907.6
266.5	514.9	1320.0	2598.0	4036.3
260.2	494.8	1669.2	2770.2	4117.6
258.7	526.1	1438.2	2825.1	4085.5
258.5	798.6	2185.3	2938.1	4089.4
252.4	678.5	1444.0	2724.1	4076.1
246.9	926.9	1540.6	2823.1	4049.9
243.1	955.7	1208.3	2916.9	4094.9
239.2	578.8	1225.8	2814.3	4065.1
234.7	911.2	1809.3	2805.4	4099.5
229.8	645.7	1617.3	2736.1	4018.7
227.8	594.0	1474.0	2605.7	3819.3
226.3	639.4	1099.9	2489.3	3827.5
228.3	628.3	1095.9	2411.9	3862.6
226.3	639.4	1133.7	2264.2	3852.1
228.6	652.8	1174.8	2105.0	3848.3
224.5	642.1	1259.2	1999.3	3865.1
227.6	651.7	1380.1	1906.1	3881.1
228.7	643.3	1389.2	1838.0	3890.6
231.6	616.4	1384.7	1830.3	3899.9
230.6	600.4	1388.5	1825.7	3909.9
229.0	581.8	1433.6	1819.7	3926.5
228.1	548.0	1548.5	1870.1	3917.4
221.1	523.1	1580.0	1854.8	3927.6
213.7	501.7	1603.9	1831.0	3957.9
208.4	462.6	1751.8	3078.5	4076.7
119.2	551.5	1875.8	2962.4	4170.2
120.4	1694.4	2644.7	3624.9	4747.0
76.9	1637.7	2574.2	3704.2	4757.3
230.8	855.3	2113.3	3400.0	4570.8
0.0	855.4	1958.7	3761.3	4585.0
0.0	1036.4	1882.1	3779.9	4739.0
0.0	1133.7	1935.7	3759.4	4795.4
0.0	1076.0	2032.3	3811.5	4944.3
545.5	1311.2	2133.4	3706.1	4932.1
500.0	1054.9	2026.5	3614.8	4853.4
0.0	895.6	2219.4	3788.1	4721.7
0.0	853.3	2075.6	3747.2	4669.5
117.6	1106.6	2280.4	3526.9	4647.2
70.6	966.3	2034.1	3193.6	4382.9
0.0	525.2	1863.7	2985.2	4266.8
336.3	518.3	1985.0	3022.8	4262.0
311.9	571.7	1993.3	3093.9	4222.3
66.8	588.2	1940.1	3007.8	4198.7
0.0	583.1	1998.9	2999.4	4207.0
63.5	623.6	2017.4	2985.5	4167.1
207.7	628.0	2005.4	2983.4	4182.3
208.9	652.8	2033.8	2991.5	4201.4
198.1	620.8	2012.6	3026.9	4183.8
201.8	599.2	2006.9	3060.3	4176.1
206.2	599.1	2005.4	3069.6	4255.3
208.1	580.7	1981.2	3042.5	4296.4
207.6	506.0	1935.2	3030.3	4242.7
205.0	506.7	1840.2	3034.1	4204.1
202.1	537.4	1818.1	3056.2	4269.8
199.1	550.4	1799.1	3175.0	4429.6
193.7	732.1	1994.3	3672.8	4699.1
191.5	857.1	2173.1	3912.4	4783.8
191.5	826.3	1931.5	3813.6	4734.7
194.1	833.6	1985.2	3624.1	4800.1
197.6	712.7	1866.3	3326.9	4581.0
198.4	633.4	1835.0	3033.7	4261.4
201.6	655.8	1831.6	3059.8	4174.6
203.0	591.2	1809.1	3008.7	4095.3
199.3	415.5	1597.0	2872.2	4043.3
203.2	455.0	1721.7	2813.9	4077.8
203.5	507.9	1752.9	2731.1	4085.6
202.8	456.4	1768.1	2748.3	4051.1
202.3	473.7	1801.1	2851.1	3954.9
202.1	559.8	1912.2	3006.5	3814.8
204.0	596.0	1975.4	2962.4	3773.7
201.5	603.3	1952.5	2891.3	3712.5
201.2	601.1	1831.5	2781.2	3685.2
200.5	588.6	1706.2	2686.8	3690.1
199.5	537.8	1462.7	2576.5	3640.2
197.3	485.9	1229.4	2493.5	3688.9
195.2	404.2	1175.9	2472.4	3748.2
196.6	390.9	1177.6	2414.2	3742.0
197.2	387.3	1157.3	2483.9	3874.1
197.0	395.3	1181.1	2570.3	3818.9
194.9	386.3	2410.0	3422.8	4082.7
190.0	398.4	2491.0	3426.3	4159.8
92.7	329.1	2356.7	3363.2	4090.0
89.9	306.1	2129.2	3175.3	4155.7
281.7	709.2	2143.8	3176.8	4205.0
270.2	728.1	2118.0	3104.8	4194.9
0.0	1204.9	2113.8	3058.1	4141.1
0.0	1215.0	2015.5	2895.4	4090.0
172.3	1156.2	1871.4	2858.0	4135.7
138.7	1027.1	1878.3	2903.7	4154.8
0.0	927.8	1922.3	2957.6	4143.2
0.0	1096.3	2026.3	3083.0	4175.0
142.4	962.2	1775.0	2857.4	4044.3
130.9	685.3	1506.6	2509.9	3988.2
261.1	512.0	1289.6	1668.3	4049.4
222.0	494.8	1320.7	1655.8	4008.2
220.1	488.3	1329.0	1697.6	3994.3
220.4	459.3	1336.5	1754.4	3997.0
222.2	455.9	1352.0	1798.7	4051.7
222.5	475.3	1460.0	1895.2	4170.7
224.1	490.2	1684.9	2759.5	4151.5
222.7	896.7	2203.1	3068.8	4021.6
219.7	816.3	2690.9	3677.1	4212.2
206.1	745.2	2788.8	3734.6	4467.1
70.5	992.6	2787.5	3609.2	4465.6
63.5	891.6	2861.3	3811.4	4497.4
0.0	1031.2	2863.2	3870.3	4504.0
110.6	929.8	2808.6	3928.6	4491.0
153.6	1020.2	2800.9	3948.7	4497.0
0.0	709.1	2797.4	3922.2	4502.8
0.0	847.3	2743.8	3897.6	4449.4
152.7	861.9	2728.9	3835.0	4175.9
75.0	877.0	2518.1	3594.0	3979.7
78.4	800.2	2451.9	3338.4	4050.1
0.0	397.8	2192.3	3183.7	4120.7
0.0	597.6	1455.4	3104.6	4115.3
245.4	673.0	1419.4	3181.3	3989.3
231.6	647.9	1360.8	3210.7	3785.0
231.5	656.7	1363.8	3205.4	3819.4
233.1	688.0	1368.7	3207.2	3762.2
229.6	697.9	1348.2	3216.2	3724.9
230.5	699.6	1250.1	3240.1	3742.6
224.7	698.7	1158.1	3228.5	3780.6
225.4	715.5	1140.3	3308.9	3825.2
223.5	711.9	1138.0	3352.8	3843.3
223.4	671.8	1115.8	3223.9	3843.9
219.5	604.3	1103.3	2925.8	3888.8
216.6	553.9	1087.8	2816.0	3877.2
213.8	523.2	1083.8	2782.9	3910.7
216.0	528.1	1073.1	2857.7	3890.1
213.9	470.1	1157.6	2953.9	3907.1
212.4	421.3	1310.1	2935.1	3968.4
211.3	436.3	1360.1	2866.1	3948.1
210.5	418.2	1375.1	2778.7	3944.2
210.6	413.7	1425.3	2689.4	3938.0
209.2	412.9	1449.4	2696.3	3864.8
208.0	574.1	1597.6	2826.8	3845.4
215.3	735.5	1710.9	2890.1	3851.9
210.6	764.1	1763.9	2912.7	3811.9
209.9	783.6	1796.4	2945.4	3759.1
208.7	792.1	1820.5	2929.2	3772.9
208.0	821.3	1835.5	2945.2	3789.2
207.2	800.5	1879.6	2899.4	3782.1
207.3	741.7	1933.4	2845.7	3818.9
207.6	737.7	2047.4	2786.9	3999.9
207.6	715.6	2168.8	2846.7	4072.5
206.6	640.2	2205.2	3134.0	4193.6
104.3	653.3	2209.8	3438.3	4252.2
67.9	863.8	2346.5	3399.5	4180.8
259.8	702.8	2478.6	3447.7	4302.6
258.0	1018.7	2363.8	3385.0	4256.9
130.1	1136.9	2231.2	3239.8	4398.5
0.0	966.8	2253.6	2854.4	4385.1
0.0	969.1	2305.3	2811.9	4241.3
0.0	853.6	2241.6	2790.5	3970.9
64.0	601.9	2146.4	2822.0	3877.5
0.0	586.4	2112.2	2849.2	3903.7
214.9	621.9	1891.5	2898.1	3909.9
198.9	540.2	1759.5	2914.5	4003.7
192.0	429.0	1773.9	2851.1	4056.0
192.5	441.3	1786.0	2813.8	4010.9
190.4	433.8	1734.3	2779.7	4045.0
188.2	473.1	1692.2	2807.1	4073.4
187.6	463.0	1706.3	2826.4	4001.1
187.3	601.5	1835.3	2951.2	3991.8
187.7	623.8	1902.6	2970.9	3974.5
185.2	615.0	1948.0	2986.2	3924.4
183.5	600.0	1952.3	2996.7	3894.2
182.9	589.7	1913.5	3019.9	3941.0
182.1	603.1	1839.0	3025.5	3945.6
182.4	572.3	1841.5	3059.9	3943.9
181.0	558.6	1814.8	3089.8	3931.4
180.2	524.9	1768.6	3095.5	3961.1
180.4	512.4	1697.3	3114.7	4030.0
178.9	512.4	1713.1	3152.7	4140.7
179.9	680.5	1832.8	3237.5	4501.1
179.2	735.0	2217.7	3782.8	4746.7
177.9	1093.1	2585.5	3873.8	4915.9
90.7	1130.5	2656.5	3815.7	4827.8
84.6	1267.0	2491.5	3792.3	4749.6
0.0	857.8	2253.6	3752.2	4718.6
235.3	847.5	2311.7	3664.7	4782.2
0.0	810.9	2168.3	3699.3	4765.9
0.0	814.1	1907.7	3670.3	4619.4
0.0	643.8	1493.0	3165.6	4017.1
230.6	623.3	1367.9	3162.9	3833.3
229.3	623.4	1336.8	3172.4	3739.7
90.5	579.2	1340.3	3149.6	3691.5
89.8	549.7	1416.8	3038.8	3660.6
175.8	510.9	1527.0	2872.7	3734.0
179.4	457.5	1513.7	2999.5	3966.5
179.9	383.3	1536.3	3190.4	4103.8
179.9	367.8	1887.7	3146.5	4061.0
181.1	366.1	2085.8	2954.0	3978.8
179.3	378.0	1907.4	2935.7	4069.8
181.2	369.1	1840.8	2996.8	3963.2
181.2	295.2	1857.1	3014.2	4022.0
187.3	369.8	2009.1	3175.8	4170.9
195.1	793.9	2046.1	3304.2	4172.6
