0.0	0.0	0.0	0.0	0.0
0.0	0.0	0.0	0.0	0.0
0.0	0.0	0.0	0.0	0.0
0.0	781.9	2015.0	2903.5	3888.4
0.0	793.2	2044.9	2915.5	3928.7
329.5	804.1	2089.4	2983.7	3962.5
339.1	782.7	2064.7	3114.3	3971.4
342.3	841.0	2070.1	3130.4	4019.7
93.6	696.9	2076.7	3018.0	4016.3
282.2	953.0	2133.0	3077.9	4055.4
0.0	897.9	2126.0	3107.4	4153.0
74.0	838.5	2213.6	3381.1	4320.9
0.0	827.6	2269.6	3242.5	4271.5
0.0	837.3	2196.7	3098.7	4286.5
0.0	872.4	2153.0	2919.2	4159.7
0.0	772.4	2095.0	2838.1	4071.0
0.0	778.4	2135.0	2820.8	4001.6
0.0	526.6	2203.8	2734.0	3976.1
0.0	650.6	2037.8	2697.3	3985.6
255.6	662.2	2003.6	2647.3	3937.8
109.3	633.7	1950.0	2527.1	3926.5
104.6	619.1	1857.9	2397.7	3935.9
210.2	589.1	1736.2	2279.1	3960.7
213.5	515.1	1626.4	2194.6	4002.0
215.7	510.5	1516.9	2188.2	4007.8
218.1	538.6	1454.4	2319.3	4030.3
217.6	629.4	1734.6	2998.1	4098.0
220.8	585.8	1930.7	3184.5	4140.0
226.4	553.9	1808.8	2779.7	4042.2
233.3	537.9	1670.8	2565.7	4140.0
241.1	525.2	1721.2	2288.8	4165.0
249.3	516.0	1779.8	2310.4	4190.0
259.8	531.3	1911.5	2411.6	4199.8
265.8	537.4	2050.8	2480.0	4189.7
267.8	577.6	2219.0	2716.9	4277.2
274.8	653.6	2211.8	2850.7	4357.0
272.7	544.1	2210.9	2900.2	4341.8
273.7	499.3	2200.7	2938.0	4277.6
268.1	473.8	2189.1	3175.6	4320.7
88.0	1159.7	2325.3	3258.7	4259.7
88.4	953.3	2359.4	3215.7	4149.5
272.3	930.9	2488.0	3315.8	4378.0
242.5	683.9	2510.9	3393.2	4445.6
210.7	832.6	2350.2	3302.9	4320.3
194.9	967.2	2296.4	3339.1	4342.2
104.3	902.8	2193.7	3309.7	4320.1
0.0	659.3	2146.8	3175.7	4259.5
0.0	607.5	2151.6	3138.8	4301.2
0.0	403.5	2153.5	3124.0	4253.7
299.2	535.3	2260.4	3162.3	4147.1
296.6	549.9	2319.4	3184.6	4100.1
290.9	571.8	2345.5	3142.5	4110.2
288.9	562.1	2358.6	3046.4	4161.8
285.9	488.2	2266.7	2987.6	4159.2
282.1	459.5	2032.5	3013.1	4290.6
273.2	472.2	1495.6	2961.9	4361.9
270.6	449.5	1266.5	2926.8	4376.6
267.4	444.9	1235.9	2822.6	4375.6
270.2	856.2	1627.7	2770.1	4306.7
267.3	421.3	937.1	2787.2	4222.6
263.9	840.9	1976.4	2920.3	4191.6
264.3	774.3	2213.1	2992.0	4170.6
263.0	731.9	1339.3	2634.9	4095.3
261.5	676.4	1209.3	2591.0	4004.3
259.4	658.5	1155.5	2582.8	3936.3
254.1	639.3	1145.7	2679.5	3920.2
251.2	647.1	1176.5	2718.5	3876.5
242.4	664.9	1245.4	2961.2	3865.4
238.8	681.2	1295.9	2987.4	3857.7
234.1	672.9	1335.5	2928.7	3794.1
229.1	667.5	1365.3	2840.2	3770.7
223.3	652.5	1393.5	2700.6	3778.3
218.1	636.9	1410.0	2543.8	3841.7
210.4	618.6	1383.8	2430.5	3880.1
202.4	599.3	1355.1	2289.7	3940.7
99.1	568.5	1280.0	2193.0	3999.9
102.3	551.7	1239.5	2061.7	4016.1
77.5	537.5	1216.7	2016.4	4024.1
77.2	501.8	1138.9	1979.7	4058.1
192.7	522.6	1154.0	1932.0	4054.0
102.2	446.9	1149.3	1883.4	4064.1
98.5	448.1	1218.0	1964.0	4089.9
203.2	436.9	1274.3	1951.0	4061.9
211.3	438.6	1310.5	1986.1	4041.7
214.9	447.3	1356.9	1914.8	4067.4
221.1	458.6	1520.8	1958.7	4103.6
225.7	465.6	1627.8	2059.4	4128.4
230.6	478.1	1613.5	2144.2	4147.3
234.1	490.7	1595.1	2301.3	4119.2
237.0	492.6	1525.5	2447.8	4078.3
238.6	508.6	1443.4	2613.5	3984.0
238.5	539.6	1405.9	2723.8	3891.0
240.7	501.8	1260.6	2929.5	3897.3
244.6	530.5	1219.3	3134.0	3918.8
247.0	530.8	1239.6	3240.8	3951.3
249.2	503.6	1217.9	3263.0	4007.2
248.9	584.7	1675.9	3356.8	4293.0
245.1	1170.5	2345.2	3765.0	4800.1
237.0	1144.9	2825.5	3948.2	4904.9
73.8	1038.3	2729.3	3803.8	4899.0
0.0	1270.6	2447.1	3881.8	5010.8
0.0	1199.2	2364.1	3839.7	4857.3
169.0	1298.3	2461.1	3716.8	4897.6
342.9	1351.1	2430.1	3618.6	4894.4
187.5	1475.4	2458.1	3812.4	4798.6
362.7	1255.2	2443.1	3852.9	4907.6
307.7	1312.7	2569.2	3754.9	4902.6
260.9	1174.6	2650.3	3788.3	4753.0
0.0	1600.9	2790.9	3947.7	4686.4
203.9	1293.7	2446.8	3786.4	4432.3
195.0	1053.1	2218.7	3498.0	4086.3
66.1	1070.1	2460.2	3464.1	4176.7
0.0	1067.7	2502.1	3488.4	4140.5
0.0	860.3	2498.7	3503.5	3995.5
0.0	430.2	2349.2	3242.8	3848.4
0.0	313.7	1355.1	2741.4	3769.3
259.4	371.9	1342.0	2625.7	3813.6
257.4	589.8	1422.1	2709.1	3818.3
258.7	562.4	1524.0	2810.6	3795.3
264.0	572.5	1599.7	2828.7	3776.7
263.9	550.0	1648.8	2835.6	3801.9
264.3	524.5	1643.9	2844.1	3845.7
267.6	541.1	1676.2	2898.8	3845.5
267.3	559.9	1601.5	2903.1	3829.6
267.4	551.3	1466.2	2974.6	3863.4
272.3	538.6	1376.7	2871.5	3890.8
271.3	494.0	1360.0	2780.0	3905.4
275.4	475.1	1372.6	2841.5	3925.8
273.6	473.5	1359.7	2764.2	3959.6
275.6	477.7	1326.2	2735.8	4025.6
274.0	489.7	1321.2	2749.2	4041.1
272.5	462.7	1169.9	2815.0	4009.0
269.9	474.6	1191.3	2773.0	4005.2
264.3	463.5	1185.2	2845.0	4045.4
261.3	487.5	1206.3	2881.9	4037.1
255.8	465.2	1195.9	2769.2	3968.0
247.7	458.9	1175.1	2740.6	3982.6
239.8	418.7	1166.0	2837.9	4010.9
228.4	473.2	1253.7	2832.2	4061.9
219.2	459.2	1328.0	2838.9	4092.8
209.7	444.0	1435.9	2908.1	4077.0
203.8	444.0	1663.8	3003.9	4260.9
199.2	495.5	2065.7	3237.6	4406.6
192.2	533.7	2036.1	3204.9	4018.3
184.8	494.7	2201.6	3352.0	4132.8
182.8	649.3	2210.6	3285.8	4185.3
190.5	633.4	2146.2	3302.2	4224.1
94.4	1049.8	2386.0	3546.2	4434.9
63.5	710.8	2139.3	3456.1	4650.1
66.6	676.3	1996.6	3401.5	4580.5
0.0	421.9	1990.4	3106.9	4149.9
0.0	417.9	2042.8	2997.9	4050.9
201.5	421.5	2110.8	2993.9	3993.0
189.8	434.7	2123.6	3003.1	4009.7
190.9	447.5	2143.1	3016.3	4051.6
190.2	547.8	2217.7	3062.7	4149.4
189.7	885.0	2937.3	3705.1	4173.4
181.6	807.6	2982.2	3870.1	4217.1
78.8	816.6	2881.3	3483.7	4141.2
322.2	969.6	2775.9	3324.7	4077.5
92.0	813.7	2806.7	3306.5	4151.9
96.0	676.4	2763.0	3458.3	4226.9
131.9	775.7	2812.7	3548.5	4212.6
0.0	687.8	2743.2	3353.2	4149.9
0.0	787.7	2687.7	3436.6	4104.4
428.6	841.4	2759.5	3385.9	3966.2
144.6	846.6	2692.3	3123.4	3951.7
333.3	616.9	2652.7	3193.8	4073.9
0.0	722.9	2773.1	3231.5	4195.6
0.0	681.6	2481.4	3011.1	4023.2
0.0	723.9	2520.6	2897.7	3874.2
255.3	476.6	2263.4	2803.7	3857.5
0.0	451.8	2055.2	2600.3	3839.5
202.8	473.4	2032.7	2472.9	3819.1
196.2	505.6	1971.9	2345.4	3819.4
195.8	587.2	1842.7	2263.0	3810.1
194.2	596.9	1781.1	2159.5	3814.2
193.2	574.6	1787.2	2145.9	3812.8
190.9	544.6	1706.5	2145.3	3783.8
189.4	546.4	1642.2	2137.0	3801.3
188.8	555.1	1679.2	2074.3	3800.8
189.2	558.1	1655.5	2098.0	3818.1
186.6	569.4	1659.1	2072.7	3818.0
185.6	587.0	1645.7	2094.4	3811.6
183.4	593.1	1599.9	2146.7	3782.7
183.6	600.3	1608.2	2194.2	3776.3
182.9	648.2	1651.7	2316.0	3759.1
182.5	602.7	1595.0	2411.6	3742.1
179.6	620.0	1524.0	2429.6	3717.6
179.2	605.2	1600.8	2518.2	3798.6
180.9	1053.1	1958.9	2953.8	4006.4
186.9	972.7	1985.0	3145.0	4129.8
168.5	926.8	2097.0	3278.9	4219.4
80.7	976.5	2105.2	3226.3	4237.9
0.0	976.3	2067.5	3145.6	4145.0
0.0	971.9	2140.0	3222.1	4234.5
0.0	1052.6	2183.2	3666.3	4424.8
371.4	1153.9	2376.2	3799.7	4576.3
193.2	1055.1	2405.9	3745.9	4651.4
182.8	969.8	2454.9	3948.3	4641.0
0.0	1085.1	3007.3	4080.5	4825.9
0.0	1061.9	2955.2	4051.7	5036.3
69.4	935.5	2804.4	3909.7	5048.9
0.0	1291.9	2889.6	3853.2	4999.2
105.3	656.8	2505.1	3576.5	4783.5
0.0	707.0	2028.4	3352.2	4533.0
363.6	840.8	1956.0	3254.9	4461.7
171.4	865.0	2242.9	3282.6	4246.8
176.5	886.7	2023.7	3232.1	4161.1
444.4	588.1	1825.3	3206.7	4104.3
238.9	624.3	1844.0	3144.2	4090.5
0.0	663.5	1851.3	3105.9	4016.5
185.2	693.7	1854.1	3086.7	3920.6
181.7	699.8	1868.9	3084.0	3925.8
182.4	713.8	1869.4	3070.4	3908.9
181.3	730.0	1872.3	3044.0	3904.2
181.2	724.8	1837.9	3032.4	3894.3
177.5	729.5	1835.1	3020.8	3853.7
176.8	736.1	1827.3	3042.2	3834.8
177.9	731.0	1801.0	3074.3	3882.6
179.0	721.4	1833.0	3078.7	3938.4
180.6	703.4	1867.8	3085.9	3974.4
180.2	690.5	1899.2	3090.9	4016.0
181.2	654.1	1906.3	3099.1	4012.2
184.8	620.4	1946.7	3085.5	4038.9
190.7	586.2	1977.2	3104.9	4128.2
195.7	555.1	2028.1	3157.2	4151.7
200.0	531.9	2029.3	3168.3	4148.0
202.9	428.6	1972.5	3193.3	4150.5
202.5	276.7	1912.7	3121.1	4193.9
67.7	299.0	1912.0	2900.7	4166.7
211.4	301.8	1906.5	3030.5	4217.0
214.1	307.3	1926.5	3097.3	4201.3
216.4	310.5	2112.7	3213.9	4185.1
216.1	316.4	2077.7	3311.3	4188.5
218.8	320.8	2145.4	3232.9	4063.6
216.3	293.0	2194.9	3146.6	4066.6
71.7	787.5	2325.7	3321.3	4276.5
