0.0	0.0	0.0	0.0	0.0
0.0	0.0	0.0	0.0	0.0
0.0	0.0	0.0	0.0	0.0
0.0	978.9	2143.2	3101.8	4189.5
0.0	944.4	2184.1	3181.5	4228.3
0.0	1149.4	2290.4	3364.6	4322.7
0.0	1096.7	2257.6	3121.0	4122.3
0.0	1096.2	2320.4	3079.5	4187.6
0.0	592.9	2031.1	3225.4	4238.8
0.0	675.1	2056.6	3154.3	4301.3
0.0	663.6	2065.4	3154.0	4286.7
0.0	665.8	2034.7	3237.8	4294.5
0.0	804.4	2153.6	3330.1	4323.3
0.0	1078.4	2245.5	3335.8	4323.0
0.0	705.5	2173.3	3195.6	4224.0
0.0	706.6	2090.4	3204.3	4254.8
0.0	935.6	2045.7	3251.6	4342.5
0.0	862.1	2037.5	3286.7	4438.9
0.0	722.9	1862.5	3160.2	4296.0
0.0	736.9	1922.0	3109.0	4233.0
0.0	584.1	2166.1	3065.2	4248.9
0.0	578.7	2295.7	3085.0	4289.2
227.5	588.9	2341.4	3046.8	4350.3
227.9	585.2	2477.2	3121.3	4340.2
230.5	587.1	2526.5	3171.3	4369.8
233.2	562.9	2389.3	3121.3	4317.4
237.6	558.2	2305.6	3106.9	4314.8
242.1	549.2	2120.4	3105.7	4413.0
247.1	545.8	1801.2	3136.0	4525.6
246.3	528.7	1482.8	3113.6	4534.3
247.3	490.4	1215.1	3182.9	4497.8
240.4	474.0	1144.4	3083.9	4391.3
231.8	458.5	1102.2	3011.4	4314.3
223.0	460.2	1077.2	3137.2	4260.3
217.9	506.0	1108.6	3097.4	4166.7
218.0	536.0	1112.4	3168.8	4046.0
225.9	549.0	1136.9	3210.3	4039.8
227.8	559.1	1210.5	3237.1	4115.2
233.9	557.2	1329.0	3312.4	4166.8
233.3	494.4	2031.2	3311.2	4063.1
230.3	1075.2	2347.5	3358.7	4130.4
103.5	1180.5	2347.5	3295.3	4401.6
65.9	1091.0	2283.0	3251.1	4324.5
72.4	1114.7	2318.9	3213.1	4264.6
75.4	964.6	2327.1	3266.3	4378.0
0.0	815.5	2195.8	3391.9	4671.6
0.0	722.0	2130.4	3593.8	4691.7
547.1	876.5	2344.7	3679.2	4808.8
90.1	841.8	2496.1	3566.3	4811.2
0.0	863.1	2357.7	3216.3	4528.6
300.0	822.2	2293.1	3127.1	4321.0
272.7	855.0	2366.0	3174.4	4283.4
0.0	867.0	2423.8	3249.6	4289.7
0.0	787.2	2404.4	3178.9	4306.6
238.9	723.1	2454.0	3172.0	4302.7
241.9	660.9	2480.5	3179.5	4340.6
236.5	661.5	2421.2	3127.3	4394.2
230.9	655.6	2438.1	3049.4	4421.9
227.6	648.9	2444.2	2999.4	4420.5
220.8	608.0	2421.0	2975.4	4508.3
216.6	545.6	2417.0	3104.9	4591.8
211.2	789.8	2327.4	3230.6	4540.8
205.7	1154.4	2228.0	3157.7	4332.8
91.1	1215.2	2299.9	3191.7	4272.7
63.5	1453.8	1840.8	3039.6	4309.9
0.0	1185.4	1920.4	3124.8	4432.6
0.0	1168.9	1807.4	3140.1	4543.3
391.5	1156.8	1705.0	2966.7	4489.0
69.9	685.7	1516.8	2818.6	4437.3
0.0	548.6	1257.7	2771.5	4405.1
203.7	573.7	1120.5	2747.2	4311.2
190.2	541.2	1080.8	2714.0	4203.1
185.2	556.4	1036.4	2660.3	4183.0
179.4	541.4	1035.7	2708.6	4198.7
176.3	542.8	1051.4	2727.4	4214.1
173.1	516.2	955.5	2791.1	4168.9
168.5	492.8	1045.9	2796.2	4112.5
165.4	541.6	1591.4	2912.3	4142.5
163.2	546.0	1869.0	2932.9	4172.3
162.2	542.3	2001.8	3100.1	4273.4
162.9	552.0	1951.0	3181.2	4292.2
167.9	621.9	1929.4	3173.9	4108.6
172.8	611.9	1754.6	3053.5	4062.1
180.5	588.5	1065.1	3043.8	4089.4
179.1	579.0	1095.3	3099.7	4137.9
190.8	595.7	1200.7	3003.3	4132.2
194.0	641.1	1370.0	3054.9	4167.7
198.7	693.3	1605.9	3099.4	4201.3
202.5	718.9	1724.7	3059.7	4217.4
205.7	741.5	1826.9	3095.7	4244.6
206.5	722.8	1990.3	3060.7	4269.2
208.5	690.5	2140.4	3107.1	4367.0
210.8	687.7	2307.0	3162.3	4409.2
213.1	627.7	2158.4	3158.0	4346.5
214.0	564.4	2064.5	3181.6	4172.4
214.5	474.9	2068.9	3277.3	4254.8
65.1	474.8	2047.4	3230.4	4329.9
0.0	557.2	2149.7	3111.4	4330.1
255.5	548.9	2260.8	3036.6	4281.7
214.5	654.1	2381.2	3088.6	4209.2
211.0	681.4	2434.3	3085.0	4238.2
209.1	646.8	2463.1	3094.0	4198.4
206.8	610.2	2481.5	3039.7	4193.5
203.3	580.6	2435.2	3049.0	4184.2
198.8	577.6	2351.3	2972.8	4128.6
193.1	601.8	2072.4	2903.5	4164.1
189.3	646.3	1932.7	3224.3	4260.3
184.4	641.7	1932.3	2908.9	4240.8
180.4	631.4	1661.5	2783.0	4220.2
175.6	599.3	1497.2	2667.8	4115.5
169.4	522.3	1378.4	2559.8	4019.3
166.2	1224.7	2319.2	2856.1	4140.8
165.4	1278.4	2295.7	2977.4	4137.9
75.1	1235.0	2224.5	2936.0	4157.5
223.8	1194.5	2084.4	2899.9	4056.4
232.6	1273.2	2263.6	3063.5	4117.8
0.0	1110.0	2058.0	2858.1	4051.0
0.0	907.7	2292.6	3051.6	3993.1
297.1	838.1	2270.7	3234.9	4063.5
236.6	744.7	2260.1	3361.6	4189.2
0.0	1041.0	2327.3	3329.4	4137.2
0.0	657.7	2216.1	2942.1	3949.9
74.5	681.4	2119.7	2920.5	3910.4
0.0	671.3	2093.6	3027.7	3951.1
79.0	707.0	2095.6	3138.8	4175.4
0.0	648.6	2008.2	2531.1	3931.3
0.0	614.6	1855.8	2316.6	3856.8
173.5	592.1	1866.8	2319.0	3914.6
156.5	605.5	1827.7	2326.3	3990.9
150.5	590.7	1723.9	2297.6	3855.7
150.2	604.8	1688.0	2434.4	3865.7
150.8	448.6	1920.0	3039.0	4225.5
137.6	1093.2	2022.0	3135.2	4243.9
73.8	972.5	1944.4	3074.5	4210.8
63.5	1039.6	2200.6	3178.9	4317.2
0.0	785.9	2339.0	3217.4	4297.9
0.0	1135.0	2437.0	3257.8	4246.0
0.0	1009.9	2427.7	3151.3	4258.4
0.0	1204.1	2405.5	3154.6	4217.7
0.0	200.0	2251.7	2932.8	4108.3
409.5	1031.0	2436.1	3258.3	4244.6
0.0	989.3	2431.0	3190.8	4175.2
0.0	801.6	2238.8	3353.5	4085.6
244.1	873.3	2094.3	3485.5	4143.1
0.0	865.7	2065.5	3559.1	4318.3
188.4	1098.9	2261.7	3566.8	4422.1
101.5	1074.2	2207.1	3603.4	4297.0
197.3	704.9	1622.9	3264.1	4252.8
202.7	452.8	1363.9	3199.2	4285.2
208.1	476.4	1257.1	3121.2	4207.6
173.3	691.3	1318.6	2987.7	4252.3
165.6	739.3	1605.3	2990.7	4251.9
162.4	762.8	1737.9	3077.1	4223.3
163.4	757.2	1834.2	3098.9	4265.9
162.6	731.2	1931.7	3273.1	4309.0
163.7	679.8	2062.8	3246.1	4337.1
164.7	656.2	2127.4	3223.0	4348.9
166.0	633.8	2303.0	3198.8	4312.6
166.5	607.2	2398.1	3221.9	4364.4
165.9	599.6	2455.5	3208.1	4425.5
165.8	575.1	2477.7	3083.7	4390.1
165.6	576.4	2441.4	2959.2	4360.0
164.8	573.7	2412.9	2949.2	4271.5
163.9	582.5	2352.8	3015.8	4240.1
163.3	588.1	2113.5	2855.2	4228.0
162.3	571.4	2052.9	2960.3	4009.1
158.5	520.7	2051.6	3062.2	3998.1
155.3	1025.3	2238.5	3072.2	4176.1
71.1	909.0	2273.0	2921.7	3958.5
0.0	937.3	2321.0	3036.6	3967.7
571.4	847.5	2311.3	3093.7	3905.3
0.0	748.5	2148.4	2823.3	3789.1
195.7	509.1	1891.8	2843.4	3769.1
206.3	548.0	1807.1	2106.5	3875.4
225.5	541.8	1766.2	2631.8	3996.0
75.6	560.4	1760.3	3014.1	4002.4
86.3	540.7	1711.6	1992.2	3898.4
84.0	506.0	1706.1	1928.1	3908.1
80.0	506.4	1745.8	1990.0	3944.6
78.8	501.7	1793.3	2301.3	3982.3
77.7	593.6	1764.8	3085.9	4031.8
77.1	741.2	1828.0	3061.7	4024.7
76.8	733.8	1889.0	2861.2	4049.9
163.2	786.7	1797.7	3093.2	3947.7
76.1	617.9	1713.8	3247.8	3995.4
76.4	1108.4	1831.5	3149.6	4178.4
163.8	941.3	1818.7	3208.4	4304.6
85.2	950.9	1799.5	3289.5	4421.5
79.9	986.9	2030.0	3360.4	4364.5
0.0	905.8	2188.0	3300.1	4272.6
0.0	950.9	2211.4	3203.2	4151.1
0.0	1023.8	2029.2	3067.1	4099.2
0.0	1093.7	2066.7	3117.3	4259.0
0.0	1143.9	2180.9	3250.1	4385.3
