0.0	0.0	0.0	0.0	0.0
0.0	0.0	0.0	0.0	0.0
0.0	0.0	0.0	0.0	0.0
0.0	1027.1	2454.1	3242.8	4346.4
0.0	943.5	2288.6	3160.2	4188.1
0.0	919.9	2156.3	3203.7	4205.6
0.0	1041.3	2273.6	3327.7	4257.4
0.0	1376.0	2588.3	3485.1	4357.1
63.5	768.9	2228.2	3257.4	4265.0
0.0	1219.1	2310.5	3364.5	4344.6
0.0	986.0	2415.6	3385.9	4329.4
0.0	1071.0	2458.1	3374.1	4216.7
63.5	1190.7	2319.9	3256.4	4191.7
0.0	1274.6	2280.1	3326.8	4260.0
0.0	1255.5	2242.9	3328.6	4366.3
0.0	899.4	2245.3	3299.6	4366.0
63.5	941.3	2329.0	3194.2	4273.1
0.0	749.6	2492.6	3082.1	4379.4
0.0	733.2	2552.4	3100.7	4280.2
157.7	637.9	2433.1	3154.4	4268.7
0.0	759.3	2441.1	3201.5	4338.0
192.9	780.4	2468.0	3162.3	4293.0
191.9	765.4	2369.9	3211.4	4137.6
193.3	745.8	2334.9	3222.0	4158.7
195.2	732.8	2270.5	3180.4	4182.3
197.3	710.2	2154.6	3195.2	4207.4
199.1	664.9	2055.4	3217.9	4218.5
199.6	580.4	2024.0	3220.6	4329.1
198.1	481.3	2105.8	3363.1	4363.9
200.0	480.1	2050.5	3053.6	4358.8
203.6	474.5	1992.3	2867.6	4345.8
204.7	470.6	2060.2	2621.6	4356.2
204.4	404.9	2061.3	3017.2	4398.1
203.5	394.7	2051.3	3090.4	4424.9
203.9	965.6	2124.0	3167.6	4474.3
204.4	802.3	1914.3	2780.3	4345.1
78.8	671.8	2279.9	3210.2	4345.4
250.5	1066.3	2339.2	3257.0	4306.3
81.1	1171.9	2315.6	3384.7	4343.0
0.0	1204.7	2216.3	3374.6	4239.8
0.0	1052.3	2015.9	3272.5	4172.6
0.0	679.4	1994.1	3069.8	4167.2
0.0	707.3	2042.9	3085.0	4190.1
0.0	793.0	2075.8	3139.5	4213.9
81.7	812.7	2100.2	3174.5	4235.2
103.0	752.4	2158.2	3139.2	4322.4
110.7	737.8	2113.8	3156.0	4414.2
0.0	532.7	1972.2	3140.6	4474.5
210.1	481.2	1958.3	3059.1	4467.1
200.8	482.7	1967.3	3102.4	4460.6
192.3	482.8	1909.9	3157.0	4494.6
187.5	521.0	1915.6	3434.8	4499.5
178.9	523.5	1893.3	3519.2	4593.9
172.7	501.6	1956.4	3469.2	4526.6
171.2	527.7	2289.3	3602.7	4559.5
164.8	528.8	2422.5	3814.7	4649.7
157.1	1099.7	2457.9	3719.0	4706.8
151.9	1028.2	2339.6	3501.1	4604.5
157.4	998.7	2286.0	3523.1	4426.0
171.4	904.7	2191.4	3527.3	4475.7
176.5	597.2	2058.7	3348.3	4536.4
191.2	575.8	1976.9	3076.1	4422.6
193.9	631.5	1915.7	2946.0	4424.8
201.9	667.4	1902.3	2907.6	4428.0
204.4	715.4	1952.4	2957.1	4403.7
208.0	744.3	1963.3	3025.6	4406.5
210.6	774.5	2076.7	3025.9	4383.2
213.9	777.1	1979.6	3059.5	4367.5
217.2	758.0	1933.6	3148.4	4362.1
221.0	747.8	1916.9	3157.1	4339.8
225.4	793.3	1961.3	3086.8	4364.3
230.4	697.6	1916.0	3230.5	4466.9
230.0	734.8	1923.8	3219.2	4427.6
222.7	686.7	2102.2	3420.8	4521.2
73.7	810.5	2189.7	3465.5	4501.8
333.3	529.2	2036.7	3324.5	4466.1
375.0	755.0	2007.7	3468.8	4580.1
217.9	986.0	2201.5	3713.1	4662.2
0.0	991.3	2252.6	3712.1	4675.5
155.8	722.4	2367.0	3636.6	4634.5
92.3	938.0	2567.5	3831.0	4632.9
77.4	1173.2	2630.0	3876.5	4636.3
131.9	1149.5	2513.8	3691.7	4518.5
190.5	988.1	2044.4	3490.2	4439.8
0.0	1033.0	1965.1	3174.5	4228.4
0.0	1049.2	2144.2	3080.7	4177.9
80.5	706.2	2350.1	3530.8	4277.6
0.0	898.6	2300.2	3821.9	4471.0
433.1	833.2	2425.3	3952.2	4592.1
146.3	922.6	2415.4	3808.8	4425.7
0.0	873.4	2244.2	3741.2	4233.5
0.0	753.3	2035.7	3397.8	4235.2
342.9	877.4	1988.6	3188.1	4245.4
0.0	829.1	1921.2	3102.3	4184.4
0.0	554.3	1876.5	3160.7	4334.3
206.6	492.2	2074.6	3145.9	4438.2
170.4	522.7	2014.0	3071.0	4435.2
180.7	535.2	1980.8	3088.0	4466.0
176.2	531.2	1952.6	3166.5	4357.1
173.5	510.1	1878.1	3187.4	4372.6
171.7	492.6	1996.9	3119.5	4383.8
165.4	486.4	1980.4	2941.8	4390.4
163.5	488.5	1911.5	3120.6	4353.0
162.9	525.9	2029.1	3536.7	4415.2
161.4	710.4	2459.1	3857.6	4941.8
162.1	838.5	2362.4	3798.9	4888.4
81.1	903.3	2654.2	3804.9	4763.8
78.4	994.9	2646.6	3865.3	4668.4
244.9	740.4	2545.5	3742.8	4678.6
77.9	898.6	2410.1	3606.4	4718.1
0.0	1112.1	2463.6	3722.0	4747.4
0.0	958.7	2210.2	3723.9	4657.6
107.1	878.6	2351.8	3805.5	4597.0
0.0	1003.1	2540.3	3758.7	4607.0
0.0	1099.2	2534.4	3647.9	4644.8
272.7	1137.1	2523.3	3639.0	4518.1
0.0	849.7	2267.0	3437.2	4352.1
0.0	777.3	1964.8	3184.8	4346.1
0.0	642.3	1864.0	2954.6	4319.1
0.0	641.8	1744.4	2848.6	4304.7
189.4	667.7	1658.3	2827.4	4258.9
165.8	737.9	1639.3	2839.5	4200.3
163.4	776.4	1609.1	2765.6	4284.5
162.5	789.6	1549.8	2753.4	4289.7
160.0	788.9	1476.7	2743.5	4263.2
156.8	776.0	1431.1	2696.0	4303.7
152.9	784.2	1399.8	2667.1	4283.4
152.5	759.6	1349.4	2641.2	4193.0
149.9	777.6	1281.1	2603.7	4239.8
148.3	799.1	1198.8	2635.9	4275.4
145.6	813.4	1212.2	2673.0	4342.8
155.3	818.0	1209.7	2614.8	4293.8
144.0	862.0	1195.4	2637.0	4188.6
145.6	924.9	1241.1	2688.1	4161.9
185.2	871.8	1278.0	2647.8	4160.2
166.3	788.5	1334.8	2637.9	4200.8
74.0	702.7	1373.0	2735.8	4056.9
183.4	910.9	2188.1	3183.6	4142.6
77.9	893.7	2212.2	3254.7	4280.6
171.9	855.4	2116.1	3318.3	4200.5
83.3	839.1	2180.8	3317.0	4150.0
549.6	1031.4	2313.2	3302.0	4190.2
527.7	1116.6	2308.9	3253.0	4289.9
82.2	1099.5	2216.8	3287.0	4234.2
230.8	1036.7	2221.4	3343.0	4183.4
0.0	879.4	2230.7	3215.3	4218.9
211.1	772.0	2024.6	3062.9	4199.2
0.0	1223.2	2314.2	3201.5	4275.5
557.3	1084.7	2270.1	3225.7	4356.9
103.6	1068.6	2265.1	3264.5	4355.6
76.1	1085.8	2334.5	3342.3	4383.1
0.0	1043.6	2312.9	3253.7	4342.8
272.3	1174.0	2385.2	3419.1	4459.0
128.7	1442.6	2419.6	3727.8	4426.2
0.0	1395.8	2221.5	3604.7	4233.7
115.7	1403.8	2316.0	3423.0	4246.3
114.5	965.2	2306.0	3153.4	4180.5
0.0	957.6	2028.8	3018.9	3994.1
261.0	849.1	1790.9	3085.6	4101.6
63.5	819.4	1819.3	3039.1	4179.2
213.6	776.6	1915.9	3167.1	4266.0
85.3	989.8	2259.2	3231.3	4230.7
196.0	905.4	2359.2	3133.7	4299.3
0.0	811.8	2212.9	3187.2	4218.9
0.0	1065.8	2186.0	3283.7	4202.2
0.0	1068.7	2254.7	3281.6	4248.7
0.0	1106.2	2339.9	3368.3	4220.5
285.9	1071.7	2449.1	3340.0	4286.0
0.0	970.7	2216.1	3214.3	4227.9
0.0	995.4	2105.0	3383.5	4278.6
0.0	1018.9	2205.8	3283.8	4177.3
75.0	1052.1	2156.8	3212.4	4164.6
73.6	1326.6	2401.9	3377.2	4328.0
0.0	1231.9	2391.3	3391.0	4350.4
0.0	1277.2	2383.7	3388.6	4327.3
77.5	1281.3	2408.0	3365.4	4348.0
0.0	1264.9	2436.0	3359.9	4405.7
0.0	1249.1	2440.9	3305.3	4296.6
0.0	1223.8	2357.7	3294.9	4289.7
0.0	1227.6	2294.6	3260.3	4243.3
78.1	1268.1	2287.9	3172.9	4203.5
0.0	1268.6	2225.9	3154.0	4366.6
0.0	885.1	1734.8	3093.7	4218.8
341.2	1108.7	1870.4	3022.4	4214.4
0.0	1170.0	1820.2	3060.4	4221.7
262.5	1172.8	1793.8	2988.3	4139.0
297.1	1262.0	1915.3	3006.6	4208.0
318.3	1361.0	1968.7	3117.1	4241.7
0.0	1399.1	2168.2	3339.2	4238.1
256.4	1209.9	1989.7	3059.1	4195.3
0.0	1338.8	2108.0	3224.6	4329.8
171.0	1314.2	2085.0	3176.4	4264.9
0.0	1257.7	2024.9	3260.4	4265.4
368.5	1334.9	2002.8	3356.3	4396.4
0.0	1375.3	1961.2	3291.8	4287.7
403.5	1389.8	1903.9	3319.9	4210.6
410.6	1309.0	1918.3	3260.5	4202.2
0.0	1241.2	1868.6	3325.9	4227.0
0.0	1261.0	1796.7	3447.8	4305.9
272.5	1205.0	1804.2	3291.8	4247.2
304.8	1088.5	1750.7	3392.9	4189.8
300.3	1104.6	1831.1	3425.1	4132.3
300.1	1162.9	1813.0	3302.9	4099.6
302.6	1252.9	1751.2	3315.2	4186.4
305.2	1309.5	1646.2	3360.4	4180.3
306.5	1138.5	1461.9	3352.6	4206.5
305.7	927.2	1358.4	3329.0	4203.7
303.2	901.9	1326.2	3223.1	4138.3
298.1	883.0	1314.3	3182.4	4194.5
287.9	1050.7	1591.1	3190.9	4270.1
275.7	863.3	1441.9	3104.1	4236.6
259.4	755.3	1323.0	3072.4	4235.0
238.6	868.4	1246.0	3051.0	4236.6
222.0	811.1	1186.6	2934.3	4194.6
202.1	798.3	1221.7	2862.9	4196.3
182.2	750.6	1171.5	2793.9	4208.6
166.9	761.6	1124.7	2742.1	4134.9
146.2	730.2	1087.7	2714.1	4153.7
141.8	757.9	1094.2	2736.7	4181.3
74.1	668.9	1096.5	2800.1	4181.4
74.9	684.5	1096.7	2714.0	4149.3
75.4	675.8	1115.7	2710.0	4156.0
75.6	655.4	1107.7	2793.1	4151.4
145.1	758.4	1120.4	2831.6	4180.5
69.4	910.1	1873.6	3041.0	4200.5
145.4	872.2	1811.0	3048.4	4155.8
135.7	877.1	1593.4	2999.6	4089.0
67.0	903.0	1660.9	3105.0	4116.1
67.0	984.8	1978.4	3081.4	4188.4
0.0	895.4	1814.1	2975.9	4206.7
108.6	859.6	2271.2	3220.2	4274.2
340.9	885.4	2308.8	3378.7	4280.5
