0.0	0.0	0.0	0.0	0.0
0.0	0.0	0.0	0.0	0.0
0.0	0.0	0.0	0.0	0.0
0.0	1344.2	2394.2	3451.2	4936.2
0.0	949.4	2116.6	3120.1	4312.7
0.0	969.0	2067.7	3169.1	4280.3
0.0	852.9	2083.9	3239.4	4270.0
0.0	820.8	2126.1	3261.2	4214.7
0.0	941.8	2189.4	3235.2	4076.8
0.0	1007.4	2281.6	3231.6	4143.1
0.0	1157.1	2344.5	3088.1	4138.1
0.0	1173.7	2327.3	3190.0	4210.1
0.0	1109.1	2245.5	3344.0	4243.9
0.0	1013.5	2348.3	3312.1	4267.4
0.0	1123.1	2339.6	3161.4	4288.9
0.0	1062.1	2179.8	3073.4	4270.0
245.4	1002.0	2224.9	3153.2	4180.9
0.0	582.5	2216.9	3473.2	4364.3
0.0	455.4	2281.4	3224.9	4364.9
233.8	463.0	2321.9	3125.2	4256.9
226.0	461.9	2437.1	3164.9	4207.0
224.5	463.4	2564.3	3204.5	4159.7
228.0	468.7	2635.6	3215.1	4128.5
226.2	506.7	2686.0	3265.1	4071.1
229.5	555.9	2708.6	3245.0	4068.5
232.8	520.5	2697.3	3175.5	4067.1
232.3	507.4	2699.1	3120.7	4048.4
236.5	618.3	2711.5	3096.6	4062.4
240.7	665.7	2687.6	3011.8	4012.0
243.9	668.8	2710.0	3029.6	3998.9
247.4	676.5	2678.9	3031.8	4028.4
254.2	645.4	2595.0	3012.3	4027.3
256.0	563.8	2524.6	3087.0	4068.6
257.9	498.2	2340.4	3051.6	4138.9
255.1	478.7	2122.9	3063.7	4305.8
81.5	801.3	2143.9	3144.5	4388.5
260.1	771.0	2134.0	2673.9	4442.8
259.9	765.6	2184.8	2559.7	4406.9
261.7	690.9	1970.9	2484.5	4390.3
262.0	698.0	1901.4	2732.5	4316.2
261.2	594.8	1987.4	3153.1	4171.1
265.4	659.0	2049.1	3190.6	3990.1
263.4	700.9	2018.0	3101.7	3970.1
258.4	730.3	1952.0	3074.3	3959.4
256.3	751.8	1838.9	3045.6	3948.4
254.9	778.2	1705.2	3024.4	3949.0
253.8	794.5	1630.6	2996.9	3940.3
251.4	805.7	1566.3	3021.1	3957.9
251.2	798.4	1464.8	3012.2	3958.4
249.9	783.2	1390.2	3040.1	3995.2
251.0	766.0	1293.6	3014.8	4015.2
250.6	741.5	1249.7	3061.5	4007.9
253.4	724.0	1202.2	3100.3	3988.8
251.8	599.5	867.4	3052.7	3963.0
254.8	515.2	772.9	2885.1	3934.3
254.9	459.6	804.2	2694.4	3964.4
255.0	500.3	1770.9	3030.5	4046.8
247.3	512.8	1073.3	3040.7	4020.5
242.4	489.2	777.7	3010.3	3964.3
244.9	541.3	975.3	3054.4	3908.7
247.3	573.6	1115.1	3050.3	3891.7
248.4	654.6	1365.9	3075.5	3923.0
244.1	723.4	1544.3	3067.3	3920.3
238.7	713.0	1723.8	2989.3	3910.2
238.3	697.8	1881.1	3077.3	4080.4
237.7	638.1	1913.5	3086.5	4211.9
239.1	515.3	1903.5	3153.5	4277.8
243.9	473.7	2021.7	3316.6	4304.5
116.1	939.0	2245.7	3349.8	4260.7
73.5	914.9	2151.6	3200.5	4217.0
75.5	1085.5	2169.2	3319.0	4184.3
0.0	1174.7	2219.4	3365.7	4297.0
0.0	1095.4	2313.1	3323.4	4291.1
0.0	924.5	2051.6	3205.5	4193.1
0.0	364.0	2004.5	3203.0	4301.9
0.0	560.3	1985.7	3093.5	4369.0
0.0	558.5	2011.4	2926.0	4352.3
0.0	588.1	2137.5	3007.6	4275.8
207.8	604.1	2245.5	3078.1	4308.1
213.9	591.7	2332.0	3161.0	4333.3
213.7	566.7	2399.2	3141.2	4339.0
210.8	524.0	2453.7	3106.4	4360.7
207.2	480.4	2505.8	3071.1	4313.0
211.3	445.0	2507.0	3083.6	4233.5
219.2	435.8	2381.5	3070.7	4210.5
223.2	413.3	2125.9	3063.6	4210.4
218.2	463.7	2031.4	3184.5	4339.9
67.3	889.7	2240.9	3462.8	4410.3
64.3	1237.9	2298.1	3363.6	4308.2
89.7	1103.6	2089.7	3161.1	4200.3
0.0	989.7	2147.8	3125.9	4197.5
0.0	952.0	2190.4	3280.4	4267.4
0.0	1092.3	2271.0	3337.1	4357.1
0.0	1319.6	2193.9	3268.7	4323.3
0.0	1365.9	2333.0	3198.9	4215.2
0.0	1193.8	2312.3	3162.7	4111.5
0.0	963.9	2066.6	3101.7	4053.0
0.0	836.2	2062.6	3341.1	4434.6
420.2	442.1	2127.7	3112.9	4372.3
0.0	482.6	2285.6	2981.9	4265.8
0.0	468.4	2347.5	3026.0	4259.6
227.6	467.7	2464.6	3073.4	4237.9
231.2	510.1	2535.9	3141.4	4171.2
231.6	580.1	2593.6	3174.3	4172.7
227.3	592.2	2666.0	3155.1	4180.5
222.6	583.5	2687.8	3107.9	4207.5
224.1	591.6	2684.9	3040.9	4208.5
225.3	605.3	2626.4	2919.8	4343.1
222.3	615.5	2333.0	2828.5	4635.6
223.2	588.9	2156.4	2952.6	4672.8
226.1	538.7	2297.2	3097.9	4551.5
226.1	531.4	2222.8	3246.3	4449.3
111.0	1282.2	2244.9	3298.0	4173.0
74.1	1312.5	2211.5	3332.6	4174.0
80.1	1361.9	2244.8	3378.0	4263.3
77.0	1016.0	2203.5	3169.1	4403.0
0.0	617.1	2073.8	2980.4	4476.4
0.0	564.6	2024.7	3008.1	4370.1
0.0	589.6	1936.8	2971.2	4177.3
194.7	603.7	1830.0	2968.0	4027.9
194.8	607.4	1727.6	2926.0	3890.1
194.8	582.2	1689.2	2938.9	3945.2
192.6	482.3	1646.4	2973.5	4159.1
192.7	370.8	1694.9	3041.6	4264.9
63.5	453.8	1679.0	3007.0	4236.5
181.1	978.8	2249.0	3287.3	4254.7
178.3	959.0	2325.4	3307.2	4280.3
85.8	1093.5	2243.2	3270.0	4291.3
82.0	1167.2	2227.6	3101.4	4320.7
84.3	1028.2	2079.7	3059.6	4259.3
170.4	980.8	2037.1	3190.1	4261.4
191.5	1034.1	2134.6	3170.4	4427.1
195.3	439.2	1843.9	2794.9	4477.7
198.5	394.2	1638.2	2882.6	4445.1
186.8	420.3	1826.9	3180.0	4623.6
188.2	411.2	1513.3	2546.8	4427.3
189.7	406.4	1490.8	2488.9	4253.1
187.4	423.0	1696.5	2891.8	4434.0
183.5	438.1	1939.6	3073.3	4581.2
183.3	503.7	2002.9	2889.7	4285.2
182.2	533.0	2301.6	2914.7	3862.1
182.5	517.7	2419.8	3065.7	3858.5
170.0	523.1	2539.5	3137.3	3922.5
169.7	520.5	2634.7	3188.2	4001.5
170.4	520.3	2676.2	3229.0	4081.6
165.3	517.2	2720.5	3242.7	4064.4
163.9	514.2	2746.4	3309.0	4090.4
161.6	516.2	2772.2	3298.5	4093.8
79.4	525.5	2801.3	3217.7	4133.0
79.4	518.2	2795.5	3270.0	4176.5
84.7	520.7	2837.8	3251.5	4124.1
149.3	519.6	2830.1	3243.3	4179.5
92.6	516.7	2835.0	3293.0	4197.0
79.4	517.5	2847.2	3330.0	4251.4
151.9	514.4	2888.9	3234.7	4292.3
82.5	520.8	2889.5	3214.6	4282.4
158.3	537.1	2886.1	3197.2	4339.4
184.3	522.7	2855.8	3229.4	4402.5
187.1	503.2	2900.4	3228.5	4445.4
0.0	526.3	2744.0	3124.7	4407.2
225.9	559.3	2654.4	3141.8	4466.4
225.1	492.2	2430.4	3194.6	4437.2
76.0	710.7	2259.3	3129.4	4476.0
197.7	695.8	2053.6	3218.3	4593.7
199.9	745.6	2061.4	3353.4	4703.8
96.0	846.9	2107.6	3409.0	4749.2
99.4	899.8	2137.9	3355.6	4735.0
0.0	739.6	1987.2	3156.8	4696.6
0.0	764.5	1897.6	3034.2	4470.8
