0.0	0.0	0.0	0.0	0.0
0.0	0.0	0.0	0.0	0.0
0.0	0.0	0.0	0.0	0.0
0.0	656.0	2147.5	3172.0	4302.7
379.1	775.6	2224.8	3185.0	4150.1
0.0	733.9	2218.9	3138.5	4102.8
0.0	699.8	2110.4	2987.9	4014.3
373.5	680.3	2168.0	3046.2	4131.5
0.0	574.7	2209.4	3240.1	4219.7
0.0	928.9	2288.0	3206.6	4218.8
0.0	954.2	2212.9	3156.3	4200.3
0.0	1141.0	2312.6	3188.9	4294.3
0.0	665.2	2095.4	3157.1	4181.2
0.0	684.8	2156.7	3195.9	4125.6
0.0	749.8	2260.9	3126.3	4110.7
0.0	721.3	2334.9	3133.7	4125.5
0.0	770.2	2426.9	3290.8	4106.5
0.0	756.2	2566.5	3369.1	4198.7
0.0	658.8	2714.4	3472.5	4301.5
161.2	612.9	2678.6	3498.9	4350.5
100.8	558.5	2719.6	3378.5	4320.9
222.3	441.1	2651.4	3292.0	4329.1
238.4	449.2	2685.4	3345.6	4335.1
228.9	426.9	2694.1	3379.9	4412.3
199.6	421.1	2684.3	3370.1	4441.2
187.1	443.4	2679.1	3345.8	4456.8
186.2	546.4	2633.6	3341.1	4517.2
186.6	566.9	2539.1	3394.0	4679.3
177.6	1114.9	2505.9	3554.9	4742.5
88.3	1217.4	2468.6	3863.3	4785.2
91.6	1116.4	2491.3	3730.5	4521.1
0.0	1160.7	2497.7	3576.1	4589.5
0.0	1123.4	2525.2	3646.0	4633.7
324.3	1160.1	2631.2	3659.6	4576.0
0.0	1061.2	2590.3	3584.2	4599.6
0.0	965.4	2652.1	3308.3	4580.7
0.0	828.3	2346.9	3220.5	4557.1
428.6	897.3	2247.4	3318.0	4533.4
400.0	941.3	2418.1	3396.4	4498.7
0.0	912.6	2197.6	3222.2	4488.6
93.0	625.8	1936.6	3179.1	4449.2
0.0	687.9	1813.4	3177.2	4415.8
0.0	736.1	1795.7	3150.7	4335.5
194.2	775.8	1806.3	3140.5	4242.0
181.7	800.8	1755.4	3113.7	4222.4
176.6	814.8	1693.7	3078.9	4227.6
177.0	814.4	1673.9	3071.5	4152.5
177.5	843.3	1686.1	3069.1	4137.4
177.9	830.7	1686.1	3038.3	4189.3
177.8	834.7	1737.1	3084.1	4190.7
179.7	805.1	1778.6	3074.8	4093.9
180.5	784.4	1818.2	3087.6	4130.7
179.5	785.4	1867.5	3101.6	4188.1
180.1	760.0	1859.9	3103.5	4179.1
182.5	746.7	1850.5	3101.9	4181.8
186.2	715.8	1914.7	3147.9	4182.4
190.3	599.9	1991.0	3161.8	4350.0
193.7	569.2	2022.0	3131.5	4453.4
198.9	562.2	2306.5	3261.2	4481.5
205.4	618.9	2430.5	3515.1	4565.4
199.4	919.0	2674.5	3713.2	4682.3
94.7	1111.1	2792.8	3945.9	4810.5
89.7	1130.1	2871.8	3977.6	4800.4
78.4	1164.1	2931.4	3901.8	4676.0
375.0	1452.9	2896.9	3908.4	4610.6
113.2	1429.8	2808.5	3851.2	4652.5
307.7	650.5	2664.0	3655.6	4634.5
129.0	965.7	2466.4	3622.5	4528.6
279.1	1117.3	2738.2	3915.6	4495.8
235.3	891.6	2715.5	3778.7	4440.9
0.0	531.0	1972.0	3096.7	4319.0
0.0	586.4	1908.6	3055.1	4261.4
192.9	599.2	1900.7	3012.4	4113.8
188.1	622.9	1855.1	2973.0	4098.6
187.4	643.8	1854.1	2892.1	4028.3
186.6	631.0	1792.8	2733.2	3870.9
186.2	564.1	1753.8	2606.0	3778.0
185.5	393.1	1845.1	2742.9	3951.8
93.5	445.6	1930.4	3112.5	4275.9
64.8	1226.7	2376.1	3318.0	4323.7
65.5	1272.9	2425.9	3378.5	4382.2
0.0	1250.1	2398.1	3504.8	4436.4
0.0	1265.4	2326.8	3437.2	4261.4
0.0	1369.1	2359.5	3265.5	4306.6
0.0	1354.1	2412.9	3216.3	4102.1
0.0	1606.9	2819.0	3650.4	4154.4
368.9	1329.8	2649.6	3909.1	4738.4
69.1	900.2	2624.9	4062.0	4806.1
0.0	200.0	2359.8	4019.1	4432.3
0.0	461.2	1896.1	3100.9	4395.5
210.8	464.6	1906.7	3050.1	4356.9
181.3	448.1	1932.6	3064.6	4383.4
177.2	477.5	1968.4	3087.1	4389.3
174.8	503.0	2049.4	3306.9	4465.1
175.9	646.1	2714.5	3870.9	4797.6
175.4	665.1	2537.6	3807.4	4905.1
89.6	641.2	2441.4	3610.4	4548.4
77.9	1069.7	2560.9	3691.0	4614.6
117.6	1119.0	2507.3	3826.9	4725.6
196.7	1147.4	2670.1	3930.2	4832.7
0.0	940.5	2869.3	4023.9	4868.4
0.0	1240.8	2928.1	4071.7	4720.7
0.0	1201.1	2715.9	4020.4	4625.6
500.0	1347.8	2901.9	3805.3	4477.4
461.5	1104.7	2307.1	3261.3	4377.8
428.6	886.3	2154.6	3174.5	4293.7
0.0	535.0	2101.9	3140.0	4245.9
260.2	516.1	2091.5	3148.8	4196.6
183.0	539.5	2130.9	3139.0	4162.2
179.1	523.3	2124.3	3158.2	4196.3
176.7	538.4	2150.9	3183.8	4253.9
176.3	528.6	2177.2	3219.9	4276.5
172.6	503.6	2241.7	3326.3	4274.9
174.3	485.7	2410.3	3632.7	4305.3
179.1	423.3	2301.6	3620.0	4363.4
87.4	964.8	2230.2	3294.3	4327.3
0.0	1012.9	2274.1	3243.0	4228.0
67.0	971.2	2165.9	3097.0	4128.4
108.6	977.9	2230.4	3219.9	4135.0
0.0	1112.8	2611.2	3453.1	4204.2
396.8	1526.3	2816.5	3381.6	4323.4
0.0	1938.7	2848.5	3403.0	4385.2
96.9	1811.1	2615.2	3162.5	4114.4
319.6	924.6	2530.7	3009.0	4094.3
0.0	605.5	2212.2	2641.3	3868.2
0.0	556.2	2099.9	2581.2	3897.8
0.0	457.1	1930.6	2455.7	4009.8
235.0	423.7	1776.0	2431.3	4070.4
210.9	414.6	1617.7	2436.6	4041.4
196.9	427.7	1401.8	2446.5	4047.4
189.9	525.9	1289.2	2458.2	4005.0
180.7	566.0	1267.8	2497.4	3974.4
175.0	534.7	1268.0	2552.5	3992.2
170.5	502.8	1331.4	2580.7	4033.0
163.2	574.8	1411.7	2591.2	3921.4
159.2	615.3	1499.4	2585.9	3892.3
154.9	607.4	1571.7	2587.4	3834.2
148.5	645.2	1673.9	2592.7	3996.1
145.5	661.0	1738.9	2612.2	4096.7
141.0	664.8	1828.4	2637.4	3930.8
136.0	644.4	1896.3	2629.0	3944.3
131.5	634.6	1973.3	2606.2	3992.9
128.8	584.2	2061.9	2654.7	4025.8
122.4	576.9	2157.3	2717.0	4038.5
74.8	553.3	2224.1	2777.7	4077.9
69.1	545.5	2291.9	2771.9	4031.8
0.0	559.4	2365.3	2879.5	4006.1
134.9	458.7	2414.9	2980.9	3968.8
140.9	456.0	2729.0	3128.2	4125.5
142.3	961.0	2746.1	3194.1	4208.0
142.8	889.5	2693.7	3236.9	4203.2
70.3	1130.9	2756.9	3245.7	4258.7
144.6	1478.9	2801.8	3160.0	4314.9
324.3	773.2	2542.4	3079.5	4151.2
0.0	1007.5	2681.3	3100.4	4144.4
144.6	1627.9	2751.2	3137.5	4230.9
142.9	1594.2	2755.5	3198.2	4224.3
272.9	1648.3	2777.5	3452.4	4360.9
260.9	1752.3	2830.8	3375.3	4325.4
93.0	1423.5	2845.8	3413.5	4199.8
0.0	789.7	2810.2	3313.9	4153.2
303.8	553.4	2559.2	3110.7	4082.3
278.8	452.8	2221.9	3041.5	4059.8
0.0	562.6	2111.9	3070.7	3941.9
245.7	552.3	2099.9	3093.7	3922.2
275.3	531.3	2100.4	3057.0	3936.9
154.3	631.4	2110.4	3093.6	3905.2
290.6	554.8	2079.6	3071.4	3824.4
142.5	569.4	2062.4	3024.5	3861.9
144.4	433.9	2108.7	3089.9	3962.7
143.1	474.8	2130.9	3130.6	4097.1
142.3	409.6	2147.5	3127.1	4076.8
143.3	299.2	2181.2	3059.3	3972.0
143.8	304.5	2115.6	3124.4	3982.3
144.3	306.1	1954.4	3230.2	4229.6
147.9	295.6	2014.3	3188.3	4189.5
147.3	601.0	1930.2	3126.6	4144.9
146.3	702.6	2058.8	3088.3	4184.8
150.9	1255.7	2739.0	3355.6	4305.9
0.0	1620.7	2893.7	3359.5	4373.4
559.3	1659.3	2821.2	3295.7	4399.5
375.0	1716.2	2734.0	3250.2	4238.5
352.9	1830.1	2693.8	3298.3	4111.4
0.0	1201.4	2554.6	3016.6	4145.2
465.8	897.2	2342.7	2927.5	4091.6
123.7	1059.0	2205.2	2770.9	4090.7
266.7	808.8	2147.0	2668.5	3975.6
0.0	533.7	2104.7	2568.1	3908.8
197.3	475.7	2117.5	2550.4	3879.5
162.4	473.9	2150.2	2602.5	3985.3
157.5	442.9	2168.1	2635.9	4104.2
154.8	439.8	2174.0	2853.7	4164.2
144.6	408.9	2124.2	2986.2	4208.3
82.4	974.8	2287.9	3129.8	4240.9
64.6	866.3	2255.7	3029.9	4127.2
0.0	668.0	2178.0	3095.3	4263.9
0.0	727.1	2206.0	3023.0	4306.2
0.0	664.7	2433.8	3121.5	4278.3
0.0	673.1	2431.7	3179.7	4290.3
139.7	412.8	2424.1	3206.0	4168.1
0.0	460.1	2421.5	3312.7	4156.1
185.8	508.4	2330.4	3212.6	4309.8
173.1	500.0	2276.0	3184.0	4410.3
163.0	506.1	2343.1	3274.7	4396.8
161.9	519.1	2632.3	3815.0	4713.3
154.2	973.8	2806.6	3864.9	4697.5
80.6	870.7	2819.9	3745.9	4572.1
0.0	980.8	2822.1	3682.1	4645.8
63.5	876.1	2841.1	3807.4	4971.3
521.7	730.8	2721.3	3876.0	4938.7
521.7	780.6	2593.1	3578.6	4669.3
0.0	745.4	2313.7	3316.3	4710.7
260.9	729.1	2232.1	3283.6	4494.9
69.0	631.7	2269.6	3153.7	4315.2
0.0	555.0	2280.2	3190.6	4266.7
0.0	545.4	2258.3	3176.7	4209.1
0.0	550.5	2288.4	3109.3	4197.8
145.0	554.8	2345.4	3095.8	4188.7
138.4	530.8	2343.1	3094.2	4139.9
128.5	527.5	2349.0	3084.1	4098.0
75.3	515.5	2401.7	3076.9	4126.3
0.0	559.4	2416.7	3068.7	4144.9
0.0	546.3	2416.9	3078.7	4114.7
136.9	552.7	2430.4	3058.6	4108.8
129.9	593.7	2381.3	3059.7	4070.4
130.2	591.0	2377.2	3076.7	4079.9
127.7	631.0	2328.6	3112.1	4074.1
125.3	605.2	2265.4	3087.0	4066.8
122.9	597.4	2210.1	3075.9	4063.9
110.8	623.8	2186.8	3071.6	3975.0
119.7	625.2	2161.2	3094.2	3946.2
78.0	679.6	2094.6	3124.1	3979.2
77.6	637.5	2026.4	3136.1	3954.8
65.2	647.7	2020.4	3133.8	4010.4
246.9	609.4	2010.4	3153.2	4010.3
0.0	598.2	2044.4	3156.2	3999.1
108.5	570.8	2019.4	3168.1	3989.7
152.8	556.7	2093.3	3118.2	4060.2
121.4	491.7	2182.9	3208.2	4284.2
75.0	1010.1	2178.4	3318.4	4346.1
160.2	1241.4	2450.0	3251.5	4318.1
71.0	457.3	2233.5	3228.6	4220.1
0.0	798.4	2118.3	3377.4	4069.7
187.4	642.0	2176.9	3272.8	3961.6
0.0	612.1	2129.4	3180.8	3997.9
0.0	749.9	2144.0	3200.6	4115.1
0.0	738.4	2148.4	3162.6	4072.2
0.0	904.3	2134.2	3000.5	4042.7
123.3	884.7	2112.5	2991.9	4049.5
0.0	860.2	2068.7	2939.6	4009.3
0.0	980.5	2056.8	2891.2	4009.5
139.5	896.6	2104.9	2972.4	4028.2
220.6	783.0	2126.7	2940.5	4038.7
0.0	909.0	2108.3	2793.1	4012.8
