0.0	0.0	0.0	0.0	0.0
0.0	0.0	0.0	0.0	0.0
0.0	0.0	0.0	0.0	0.0
0.0	899.1	2127.6	3092.1	4233.2
0.0	915.8	2183.4	3255.5	4240.1
0.0	1067.4	2185.8	3391.9	4212.4
0.0	1164.0	2330.3	3445.8	4297.5
0.0	1262.2	2373.0	3373.2	4408.6
0.0	1009.3	2101.4	3117.9	4246.3
0.0	1050.4	2118.9	3228.5	4216.6
0.0	998.7	2131.1	3288.3	4255.2
0.0	983.2	2235.5	3236.5	4263.4
241.0	1151.7	2456.6	3386.2	4439.9
0.0	1186.6	2448.4	3434.4	4510.8
0.0	732.6	2318.0	3454.4	4449.3
212.4	259.6	2327.4	3296.7	4383.3
217.7	234.1	2256.7	3047.4	4293.1
217.2	373.4	2061.7	2775.6	4199.5
215.7	386.1	1992.2	2705.3	4311.5
205.4	407.6	1856.9	2637.2	4310.0
207.8	476.0	1911.2	2791.9	4152.5
213.6	563.4	1962.7	2867.2	4005.2
215.5	669.0	1963.6	2769.7	3930.9
215.5	707.0	1910.0	2696.0	3921.8
218.4	729.3	1816.8	2675.8	3917.7
220.2	753.1	1726.4	2687.5	3923.7
224.2	750.1	1612.8	2681.4	3864.1
225.8	733.2	1502.3	2682.2	3829.8
227.5	708.8	1480.6	2683.4	3777.1
229.4	701.0	1500.8	2657.7	3769.9
232.2	684.0	1523.3	2668.2	3818.0
234.5	639.9	1604.9	2689.5	3881.3
234.6	543.7	1675.5	2707.2	3859.5
234.5	472.9	1761.0	2749.9	3947.4
237.7	486.0	1886.8	2808.6	3970.7
243.5	497.1	2007.0	2841.6	3915.8
111.7	392.9	2178.4	3092.0	4309.4
69.7	508.1	1977.3	2853.1	4370.2
273.6	568.1	2068.9	2976.0	4424.0
248.8	515.5	1935.8	2854.7	4393.8
210.9	519.0	2094.9	3105.4	4370.9
174.8	515.2	2317.6	3573.2	4477.7
172.7	611.7	2556.0	3720.2	4627.4
173.9	723.5	2442.6	3463.1	4578.8
0.0	766.6	2185.4	3339.7	4466.5
260.9	622.7	2104.7	3103.2	4306.5
0.0	702.4	2070.8	3031.6	4075.8
77.8	812.2	2020.5	2957.6	4101.0
0.0	736.8	2026.3	2874.2	4084.5
254.2	727.9	1993.2	2843.0	4011.1
256.3	742.4	1944.1	2828.8	3890.1
248.5	744.8	1911.7	2806.5	3827.5
240.4	728.7	1876.5	2801.2	3895.7
232.9	737.8	1831.3	2768.8	3944.2
227.8	703.3	1765.5	2716.6	3846.3
225.4	548.7	1609.1	2579.5	3766.7
219.6	482.6	1575.0	2552.9	3794.1
221.9	394.9	1648.1	2585.5	3974.2
218.5	387.5	1752.4	2612.1	4367.2
218.6	348.0	1870.8	2758.5	4471.1
217.1	225.1	1925.5	2996.8	4393.4
71.7	395.4	2217.8	3460.0	4352.0
205.7	553.3	2263.2	3598.4	4388.8
100.6	747.0	2141.9	3323.9	4518.1
70.1	738.5	1913.5	3038.2	4373.2
239.6	887.5	1897.9	3082.7	4232.9
229.1	920.0	2183.7	3311.1	4082.2
108.0	1050.4	2628.9	3717.4	4290.3
0.0	877.2	2501.1	3713.0	4534.9
69.7	732.4	2333.8	3603.0	4409.3
0.0	579.9	2068.4	3107.4	4199.6
0.0	744.9	2081.8	2939.8	4143.1
114.4	811.9	2135.3	2963.3	4080.1
508.5	657.4	2183.5	2955.3	4073.8
270.3	641.9	2197.4	2917.4	4052.4
256.3	627.4	2167.0	2910.3	4049.7
248.4	638.5	2182.2	2891.8	3930.5
241.5	622.0	2206.8	2874.2	3888.5
237.4	595.3	2263.7	2841.0	3831.3
232.8	558.8	2283.3	2800.5	3853.3
228.0	543.7	2302.4	2818.9	3901.3
228.5	520.0	2332.6	2831.6	3945.5
229.0	492.8	2353.6	2893.9	3967.9
230.6	477.4	2377.4	2902.7	4002.7
235.6	478.7	2353.7	2890.4	4034.6
242.6	473.5	2320.6	2937.3	4122.6
240.6	461.1	2267.1	2917.4	4236.2
231.6	482.0	2311.2	3272.7	4315.2
215.5	1187.9	2497.4	3647.1	4316.9
187.8	1516.0	2698.0	3784.8	4361.6
73.4	633.0	2600.5	3838.5	4348.5
72.1	1132.2	2826.5	3903.1	4312.8
66.7	1557.2	3246.6	3797.9	4311.0
171.4	1378.7	3154.9	3545.2	4195.6
400.0	1440.8	3067.1	3596.9	4263.2
0.0	1434.7	2836.6	3763.4	4217.8
0.0	1819.6	2912.9	3833.7	4226.4
173.9	1268.6	2729.5	3725.2	4385.1
169.0	1444.5	2740.9	3724.2	4348.1
171.4	679.4	2139.0	3674.2	4148.6
0.0	515.9	1952.1	2840.8	3934.9
266.1	524.0	1888.3	2742.1	3967.0
214.0	626.3	1903.1	2759.4	3933.1
206.3	618.6	1930.4	2762.2	3947.9
199.7	593.5	1930.3	2783.8	3988.7
193.0	610.0	1920.4	2811.3	4019.0
188.7	619.0	1928.3	2830.5	4028.0
186.3	648.6	1922.6	2850.4	3999.8
184.6	639.4	1915.1	2860.8	3975.0
184.2	608.9	1884.9	2867.5	3954.6
182.2	536.9	1832.5	2813.6	3954.7
181.0	533.9	1799.2	2752.2	3994.1
179.4	557.3	1791.9	2784.3	4024.6
184.2	552.3	1782.4	2777.3	3923.5
178.8	549.6	1785.4	2765.8	3878.4
179.6	534.9	1812.6	2771.8	3848.9
178.8	519.1	1798.9	2784.4	3829.4
180.7	539.8	1798.9	2796.6	3863.4
180.1	566.9	1791.2	2812.7	3897.3
178.5	521.9	1800.6	2811.4	3971.6
179.6	539.3	1799.5	2827.3	4035.8
180.1	525.3	1787.1	2854.1	4104.8
180.6	522.2	1820.0	2829.2	4205.3
181.4	538.4	1873.0	2850.4	4288.2
183.4	444.5	1929.1	2891.9	4408.6
89.8	436.0	1942.1	2904.6	4455.8
199.1	407.5	1955.4	2911.7	4371.0
96.3	370.5	1976.3	2902.0	4254.2
66.2	247.4	1958.4	2848.3	4293.6
217.9	369.9	2068.7	2931.3	4344.6
241.4	1367.3	2354.1	3413.7	4341.6
77.1	1178.9	2110.5	3207.8	4362.7
0.0	1140.2	2189.9	3123.9	4340.9
0.0	1165.4	2229.7	3016.4	4282.8
0.0	926.1	2169.2	3105.3	4384.6
0.0	1131.6	2160.6	3137.5	4423.0
0.0	1101.1	2101.5	3057.6	4252.7
239.7	413.2	1951.6	3067.5	4266.1
235.3	1102.5	2280.7	3280.2	4264.1
116.6	1102.9	2291.1	3302.1	4405.9
77.7	1222.7	2278.1	3235.1	4470.5
0.0	848.2	1900.6	2854.7	4242.7
239.6	290.0	1779.7	2906.5	4155.9
230.6	1078.5	2313.8	3213.8	4409.7
76.7	1172.2	2407.6	3277.0	4296.3
78.8	1035.9	2245.6	3217.9	4165.6
0.0	896.6	2027.8	3163.5	4242.7
0.0	889.9	2159.8	3204.3	4310.6
0.0	1237.6	2340.0	3190.9	4197.0
0.0	1171.3	2259.1	3164.7	4213.7
0.0	1146.2	2322.4	3286.9	4404.0
0.0	1072.2	2265.0	3223.7	4317.3
0.0	994.2	2157.9	3180.0	4280.6
0.0	407.0	2157.3	3129.7	4342.2
0.0	513.8	1966.1	2784.8	4263.4
220.9	551.2	1928.7	2770.9	4197.1
194.1	546.4	1922.3	2800.3	4208.0
188.3	516.2	1916.7	2826.7	4234.2
189.8	526.9	1922.3	2785.8	4251.4
191.3	549.8	1878.6	2784.1	4086.2
192.9	583.1	1893.7	2818.0	3860.3
197.5	633.0	1929.2	2834.1	3738.0
190.9	709.0	1888.0	2816.3	3719.9
190.9	768.0	1802.1	2722.8	3731.2
190.4	764.9	1674.6	2654.3	3757.8
188.6	759.7	1571.1	2602.1	3708.0
187.0	746.8	1450.3	2594.9	3714.1
185.2	736.2	1361.3	2638.7	3680.6
184.3	702.2	1253.1	2643.9	3558.4
183.1	678.5	1178.6	2627.0	3504.7
183.6	617.2	1096.3	2593.9	3461.4
184.1	590.9	1076.8	2573.8	3453.1
181.5	604.1	1066.0	2590.2	3451.7
178.0	871.6	2560.3	3321.4	3916.8
174.8	876.6	2481.4	3406.9	4110.4
84.3	929.3	2432.6	3400.4	4191.8
79.9	925.4	2384.1	3246.1	4316.9
79.3	986.5	2233.7	3204.5	4243.8
167.3	1018.2	2324.9	3349.9	4357.6
171.5	1091.5	2291.4	3354.7	4328.4
171.2	644.3	2028.1	3348.6	4239.0
180.7	802.9	1915.6	3203.6	3963.0
179.5	789.0	1624.3	2284.3	3601.7
181.9	639.2	1443.8	1936.1	3553.1
187.3	599.9	1456.5	1913.0	3568.5
188.7	592.1	1475.2	1900.4	3620.8
189.0	590.3	1518.8	1967.3	3624.3
190.9	603.7	1535.3	1934.6	3664.9
193.1	595.9	1585.1	1989.0	3679.5
196.1	594.1	1637.1	2010.2	3619.0
199.2	577.0	1716.2	2079.9	3625.6
200.9	492.0	1810.5	2049.2	3611.0
204.0	465.4	1843.4	2202.8	3546.1
207.0	442.6	1940.5	2558.7	3655.3
210.6	527.9	1998.0	2704.2	3836.2
211.9	380.2	2022.8	3423.7	4077.0
67.3	510.5	2012.9	3336.9	4255.9
92.9	953.8	2104.0	3290.0	4391.8
88.6	1037.2	2227.7	3375.2	4387.9
0.0	1178.3	2282.3	3360.0	4315.7
0.0	1134.1	2226.1	3412.5	4297.7
0.0	1237.8	2374.4	3333.8	4200.2
0.0	1139.0	2437.5	3522.2	4196.4
195.7	1230.3	2604.0	3724.7	4371.3
0.0	1415.8	2781.4	3787.3	4437.3
81.7	1346.5	2832.3	3801.4	4369.2
0.0	990.5	2757.4	3831.9	4306.1
0.0	1376.4	2760.2	3869.1	4346.5
375.0	1310.9	2784.2	3829.8	4321.9
186.6	1292.8	2792.8	3751.4	4409.7
0.0	604.1	2290.9	3101.0	4064.7
0.0	507.0	2118.7	2920.0	3859.7
278.7	487.0	2120.1	2855.7	3820.8
258.5	495.4	2133.0	2808.8	3780.5
252.4	499.1	2163.9	2822.4	3797.4
250.4	499.9	2150.6	2808.4	3782.5
249.0	501.9	2153.7	2788.0	3746.1
250.4	505.6	2127.8	2738.4	3754.0
249.1	506.0	2102.3	2718.6	3784.7
251.9	513.8	2036.7	2699.0	3779.1
253.3	511.3	1994.0	2677.9	3775.1
255.8	521.8	1905.1	2685.5	3778.4
257.3	523.6	1817.8	2703.3	3770.0
258.5	541.4	1737.0	2705.6	3752.5
261.4	593.0	1641.7	2697.1	3726.8
261.7	617.6	1594.9	2665.3	3730.0
262.1	639.1	1518.5	2761.7	3758.1
263.8	614.6	1487.2	2740.6	3783.7
266.2	574.4	1529.6	2872.2	3973.3
268.3	609.5	1526.4	2990.5	3994.4
269.3	404.2	1505.3	3050.1	4037.3
269.5	360.9	1471.8	3038.3	4118.1
265.5	534.7	1487.6	3068.9	4142.7
260.6	715.2	1645.7	3122.6	4090.1
258.0	503.3	1665.5	3001.4	4120.0
127.3	354.8	1702.4	3139.0	4281.3
83.7	783.7	1630.7	3289.3	4425.4
252.6	950.1	1664.0	3112.7	4305.8
125.2	972.8	1782.8	2822.8	4236.7
82.3	940.7	1956.4	2961.2	4344.5
75.1	1003.1	2004.7	2858.0	4375.4
245.4	1160.7	2299.9	3227.9	4343.6
0.0	1255.3	2266.2	3133.2	4372.6
281.2	1109.8	2209.6	3115.7	4440.0
