0.0	0.0	0.0	0.0	0.0
0.0	0.0	0.0	0.0	0.0
0.0	0.0	0.0	0.0	0.0
0.0	827.0	2247.7	3258.9	4586.5
0.0	910.6	2250.5	3118.3	4250.6
0.0	968.9	1886.5	3070.9	4249.5
0.0	1035.9	1873.1	3145.0	4258.7
0.0	1040.6	2198.8	3162.7	4246.6
0.0	1175.0	2295.1	3200.1	4243.3
0.0	1047.0	2199.3	3185.9	4217.0
0.0	1113.6	2348.5	3323.4	4330.6
0.0	1085.0	2267.8	3326.4	4262.9
0.0	1079.5	2261.0	3180.8	4293.7
0.0	1026.3	2213.4	3134.7	4306.1
0.0	361.4	1991.9	3110.7	4317.3
0.0	462.0	1905.2	3117.2	4329.1
284.7	506.6	1439.8	2923.8	4129.0
264.2	472.9	1540.4	2788.0	4094.6
243.3	446.7	1532.2	2647.0	4069.6
225.1	421.6	1551.4	2455.2	3994.0
209.0	419.9	1638.8	2511.2	3971.4
208.6	421.9	1732.7	2582.0	3857.0
212.8	425.3	1793.5	2458.0	3972.3
217.1	436.7	1889.6	2483.8	4088.2
219.1	443.2	1974.0	2599.8	4127.8
219.2	431.7	1994.2	2674.9	4179.9
216.9	412.6	1966.5	2806.1	4153.5
208.6	927.4	2021.0	3375.3	4218.0
201.9	1291.7	2242.2	3551.0	4407.7
98.0	1230.6	2618.8	3714.1	4637.9
65.2	1105.5	2606.3	3848.7	4736.2
81.0	1267.4	2540.7	3749.7	4642.6
352.9	989.7	2521.8	3617.6	4573.3
266.7	1036.0	2418.6	3536.4	4522.5
134.8	1047.8	2540.2	3536.2	4567.4
0.0	1522.4	2785.7	3732.1	4581.2
0.0	1072.8	2469.2	3648.2	4470.9
0.0	1190.1	2265.6	3399.2	4354.4
0.0	782.7	1968.4	3175.4	4314.9
480.0	656.3	2059.2	3107.7	4313.2
133.3	451.3	1902.1	2896.3	4186.7
275.3	463.9	1900.4	2817.2	4203.1
233.3	460.0	1991.2	2819.1	4187.5
232.2	461.0	2080.8	2818.0	4149.8
230.2	458.2	2090.3	2809.9	4160.0
230.2	458.5	2113.2	2797.0	4161.5
230.1	457.6	2138.9	2773.1	4140.6
230.0	458.8	2162.9	2769.4	4154.3
231.8	457.5	2159.8	2772.2	4169.2
231.4	470.0	2109.8	2766.7	4164.9
233.6	463.2	2095.5	2737.4	4131.0
235.9	460.2	1997.0	2734.3	4052.4
235.3	460.6	1829.8	2684.8	3825.9
233.5	448.7	1755.0	2600.8	3719.0
112.2	483.9	1716.8	2587.4	3699.7
220.4	503.0	1728.9	2608.7	3725.9
223.5	566.9	1755.2	2600.0	3747.3
232.6	564.8	1807.9	2623.7	3769.0
238.4	540.3	1947.9	2677.3	3786.3
243.6	533.3	2008.4	2723.6	3846.7
248.6	521.3	2035.6	2818.6	3986.3
249.8	531.6	2082.6	2870.9	4030.2
249.7	523.1	2125.3	2891.8	4014.9
247.1	532.8	2137.3	2885.8	4040.1
244.3	531.6	2034.5	2898.2	3945.3
242.2	531.5	1932.6	2840.5	3764.0
240.9	519.0	1661.2	2789.1	3735.5
232.4	496.6	1623.7	2812.2	3870.6
233.2	487.8	2068.3	2858.4	4200.9
231.7	485.8	1754.7	2780.0	4202.5
226.0	471.7	1785.4	2792.3	4239.3
226.3	476.5	1663.0	2885.3	4152.0
223.4	479.5	1463.6	2832.1	4047.3
223.4	556.9	1688.8	2864.7	4088.2
223.6	602.7	1765.5	2876.3	4029.4
222.4	629.8	1753.0	2869.2	3951.2
220.6	652.5	1717.4	2868.3	3910.4
219.8	681.7	1674.1	2882.2	3911.4
219.8	685.6	1594.0	2865.2	3931.0
217.8	682.3	1515.2	2854.7	3899.1
216.4	691.2	1459.6	2854.0	3876.8
214.1	722.4	1391.9	2883.6	3880.4
210.7	674.8	1321.5	2900.6	3888.8
205.3	653.5	1316.7	2873.5	3907.8
198.3	648.8	1370.7	2880.1	3850.6
191.4	656.8	1451.1	2852.6	3830.3
141.5	659.4	1545.6	2832.0	3899.9
142.7	618.4	1667.6	2822.1	3942.1
0.0	599.3	1798.9	2765.6	3953.6
105.7	606.1	1957.8	2754.3	4012.9
100.2	594.4	2094.1	2763.7	4041.4
95.9	593.0	2179.2	2784.1	4064.6
191.7	598.5	2237.7	2780.4	4079.8
202.2	583.4	2249.5	2786.2	4070.7
204.9	555.7	2247.8	2788.6	4081.7
203.2	584.0	2255.5	2801.2	4078.3
202.3	563.7	2285.6	2811.9	4084.0
200.8	544.8	2292.6	2809.1	4124.9
199.7	542.6	2217.7	2807.9	4151.8
199.3	582.0	2040.6	2804.9	4174.0
199.7	600.9	1956.4	2797.5	4191.8
199.5	606.6	1890.4	2792.3	4226.8
198.4	604.6	1819.8	2788.0	4286.5
197.6	601.3	1701.3	2785.7	4278.2
197.1	559.3	1601.6	2651.5	4186.5
196.3	521.0	1574.7	2554.3	4091.8
194.8	444.3	1541.4	2772.2	4184.3
199.2	408.0	2041.3	3180.4	4350.6
213.1	1112.1	2280.9	3529.8	4502.7
215.3	1113.7	2523.2	3487.0	4598.8
74.8	1153.4	2702.8	3527.4	4565.5
63.5	1176.6	2568.7	3584.6	4571.1
0.0	1179.2	2380.5	3567.4	4553.2
0.0	1196.6	2662.7	3600.3	4742.6
0.0	891.1	2688.5	3550.2	4644.9
78.1	1189.5	2496.0	3535.3	4574.8
255.4	1144.9	2451.6	3477.6	4479.8
0.0	1051.3	2420.8	3625.8	4390.8
244.9	952.5	2550.1	3626.6	4415.2
0.0	753.1	2450.0	3267.8	4362.3
0.0	788.5	1872.3	2963.5	4352.4
0.0	858.9	1828.4	2955.0	4320.1
136.4	677.6	1751.2	2844.4	4195.9
251.2	499.7	1646.7	2757.4	4046.2
212.8	512.6	1650.3	2637.3	4064.6
203.4	553.7	1634.5	2582.3	3961.8
202.7	560.5	1624.0	2504.1	3759.0
201.7	572.3	1625.7	2442.1	3606.4
200.6	563.4	1621.4	2381.8	3588.3
200.1	559.3	1603.7	2293.2	3568.8
199.7	559.3	1615.0	2282.1	3529.7
199.5	555.8	1659.1	2315.1	3525.9
198.8	544.7	1686.1	2337.5	3509.7
198.7	492.4	1710.7	2476.4	3728.6
198.4	478.4	1710.2	2579.5	4065.7
198.7	455.2	1692.2	2776.5	4356.0
198.2	432.2	1675.5	2815.8	4409.7
198.0	408.0	1623.8	2795.3	4367.1
198.1	398.1	1589.3	2775.5	4291.6
198.1	391.7	1626.1	2805.0	4316.7
197.4	395.3	1667.7	2920.7	4295.9
196.3	391.4	1809.9	2915.1	4287.0
95.4	374.9	2012.5	3000.4	4327.9
191.1	327.9	1856.3	2967.5	4169.4
197.3	444.7	1630.5	2835.3	4117.6
196.6	544.6	1642.5	2806.5	4237.2
188.3	588.1	1723.3	2794.3	4211.4
190.9	582.0	1771.0	2781.2	4152.7
191.5	593.5	1827.9	2774.7	4145.9
188.9	562.3	1903.2	2773.4	4188.9
186.5	512.5	1947.1	2725.2	4228.0
93.5	491.3	1963.7	2714.0	4253.3
95.2	480.7	2019.8	2699.8	4260.7
95.7	446.5	2035.1	2720.5	4323.2
95.5	406.8	1975.6	2718.1	4344.1
191.9	447.2	1954.2	2839.3	4148.2
192.4	725.1	2247.3	3286.9	4343.3
183.3	854.2	2596.6	3642.8	4565.6
91.5	1128.5	2631.1	3704.3	4683.2
70.2	1165.4	2590.2	3568.5	4530.8
163.4	1225.4	2609.4	3531.9	4428.4
157.9	934.3	2683.8	3649.4	4565.8
0.0	1117.2	2743.3	3734.4	4759.5
0.0	1445.1	2535.3	3815.9	4652.0
0.0	1155.9	2355.5	3862.1	4474.2
0.0	1270.4	2598.9	3769.0	4405.6
0.0	1379.2	2585.1	3699.4	4570.3
0.0	960.5	2548.2	3521.6	4599.0
0.0	856.3	2598.6	3506.8	4465.7
570.9	800.6	2359.7	3379.3	4431.5
0.0	553.9	1902.2	3018.6	4396.1
0.0	565.0	1747.7	2869.6	4381.4
209.0	612.0	1757.7	2829.5	4330.4
203.8	611.0	1787.0	2793.8	4299.8
200.2	624.0	1787.7	2797.7	4294.6
196.2	630.1	1802.9	2795.2	4242.3
191.9	613.3	1814.3	2777.2	4221.6
188.4	593.1	1789.5	2791.1	4265.8
188.5	548.6	1766.4	2791.4	4244.4
96.4	510.5	1746.4	2760.2	4266.5
75.9	427.8	1683.6	2759.9	4301.4
0.0	683.7	1818.5	2888.1	4190.2
183.8	1258.2	2308.1	3347.5	4281.3
73.6	1152.6	2336.0	3285.2	4316.3
0.0	1173.2	2283.3	3264.4	4430.2
0.0	951.0	2212.0	3286.3	4351.0
0.0	915.4	2137.5	3198.7	4140.5
0.0	1031.8	2153.7	3218.6	4174.2
0.0	1106.3	2355.8	3227.2	4360.1
0.0	829.6	2221.1	3219.7	4351.3
0.0	814.3	1881.4	3008.8	4221.8
230.8	549.4	1702.8	2840.3	4232.8
232.0	484.1	1659.5	2757.4	4127.7
0.0	507.3	1616.8	2751.0	4070.1
97.3	473.8	1646.6	2774.4	3979.1
94.9	831.3	1887.9	2866.6	4055.4
183.2	878.7	2250.2	3190.0	4145.6
181.7	880.7	2191.1	3104.7	4259.0
0.0	1023.3	2287.8	3206.5	4349.8
0.0	1158.6	2358.3	3312.3	4270.3
498.8	1228.6	2340.7	3362.6	4246.8
245.7	1091.3	2245.4	3409.3	4287.7
116.2	1145.3	2232.3	3299.7	4385.0
0.0	904.3	2163.1	3241.1	4289.9
0.0	1017.9	2142.0	3282.0	4226.4
0.0	1078.1	2157.7	3219.2	4055.6
0.0	1052.0	1988.4	3115.1	4051.1
0.0	791.3	1660.4	2745.0	3993.1
0.0	731.9	1452.1	2497.6	3977.2
0.0	736.5	1438.2	2465.2	3946.8
190.2	759.5	1431.6	2458.0	3961.6
192.0	780.8	1451.7	2464.9	3986.5
190.3	809.1	1480.5	2490.2	3969.8
190.0	828.8	1518.0	2512.5	3972.2
188.4	866.5	1545.7	2514.0	4004.4
188.3	893.3	1525.9	2540.7	4003.6
187.7	846.2	1545.0	2551.8	4036.4
184.3	860.5	1548.8	2544.6	4051.5
181.9	858.9	1567.6	2524.0	4011.1
179.1	851.4	1592.7	2483.4	3959.9
179.5	855.5	1610.3	2482.3	3941.2
179.4	842.2	1633.5	2496.8	3940.3
180.2	849.8	1697.9	2527.2	3923.5
179.0	792.7	1765.4	2525.6	3932.6
179.4	757.6	1815.3	2557.2	3947.4
179.7	702.9	1863.3	2654.3	3961.8
180.9	678.9	1884.8	2635.2	3950.8
183.5	662.5	1898.1	2607.4	3967.8
183.2	645.5	1895.2	2583.0	3914.3
183.2	629.1	1876.5	2541.2	3850.5
183.1	625.5	1866.0	2536.0	3843.3
182.8	621.3	1850.0	2522.7	3839.0
183.2	638.9	1833.0	2450.9	3905.8
184.0	640.3	1819.2	2404.5	3884.8
183.8	646.2	1805.1	2466.6	3950.9
182.7	652.0	1728.9	2418.4	3926.0
183.2	686.9	1652.6	2355.0	3903.0
183.7	680.5	1654.8	2314.1	3892.6
182.9	707.3	1660.7	2303.3	3875.9
183.3	714.4	1700.2	2505.5	3866.4
179.8	716.0	1625.9	2545.9	3931.5
177.8	757.8	1607.4	2559.6	4130.1
178.5	940.7	1654.9	2859.5	4128.4
178.2	966.7	1630.5	2706.8	3887.6
175.2	943.9	1649.8	2773.6	4083.8
85.9	993.1	1710.5	2919.8	4288.3
87.0	889.7	1698.0	2808.3	4251.1
88.0	933.0	1696.7	2861.1	4214.8
0.0	979.9	2036.8	3120.4	4289.0
0.0	1025.3	1903.5	3147.0	4287.9
0.0	998.2	1819.3	3160.3	4272.5
0.0	831.1	1584.8	3071.4	4277.1
0.0	723.8	1563.5	3069.0	4275.4
0.0	777.2	1605.3	2879.8	4116.8
0.0	817.6	1721.0	2949.2	4127.0
