0.0	0.0	0.0	0.0	0.0
0.0	0.0	0.0	0.0	0.0
0.0	0.0	0.0	0.0	0.0
0.0	902.1	2170.1	3091.1	4433.5
0.0	1097.2	2235.6	3251.8	4272.2
0.0	1362.7	2310.9	3354.9	4236.6
0.0	1190.4	2307.8	3283.3	4198.2
0.0	1280.6	2299.6	3326.9	4311.6
0.0	1301.4	2312.4	3328.3	4364.3
0.0	1030.7	2279.1	3250.9	4273.2
64.5	935.1	2296.1	3054.5	4221.5
0.0	908.4	2424.2	3144.4	4225.6
0.0	928.2	2532.0	3293.6	4210.4
0.0	918.3	2608.3	3252.1	4163.4
126.0	828.7	2588.6	3261.7	4129.2
0.0	801.1	2563.0	3230.8	4155.8
217.0	819.5	2564.2	3201.0	4183.9
0.0	873.5	2567.9	3159.0	4168.2
219.7	731.5	2568.3	3175.7	4101.5
208.5	539.4	2387.3	3002.3	3945.2
219.5	560.5	2111.8	2749.8	3856.5
201.1	565.5	1759.2	2576.3	3857.5
191.0	425.3	1517.5	2499.8	3857.9
188.3	359.2	1575.6	2503.0	3893.2
191.4	395.2	1516.2	2561.2	3957.7
189.8	377.3	1408.9	2612.9	3977.4
190.5	347.8	1422.0	2639.2	3955.6
190.4	345.6	1411.5	2618.8	3992.1
189.3	518.0	1390.5	2661.6	3968.6
191.2	686.5	1379.1	2729.9	3944.9
191.1	790.3	1420.0	2740.2	3879.4
191.9	741.2	1231.8	2903.3	3836.3
193.2	648.5	1139.5	3057.6	3837.4
196.1	650.4	1176.1	3018.4	3810.3
197.5	660.0	1277.4	2938.5	3829.6
197.1	664.8	1418.2	2890.8	3950.9
196.1	653.6	1564.4	2871.1	4034.1
197.0	629.2	1685.4	2786.9	3907.9
201.2	601.9	1862.9	2798.5	3889.8
209.9	574.9	2105.4	2818.6	3974.8
215.1	669.1	2259.5	2924.0	4044.2
216.1	833.3	2195.3	3087.5	4192.0
215.6	982.2	2214.7	3371.8	4630.4
106.3	1011.6	2256.5	3437.9	4673.7
104.3	987.2	2331.7	3644.2	4533.6
164.4	1240.7	2475.3	3677.2	4672.7
500.0	1219.9	2391.2	3697.3	4884.1
0.0	945.7	2143.4	3411.0	4715.1
300.0	874.5	2030.7	3186.9	4583.4
0.0	707.8	2051.9	3192.3	4522.1
0.0	730.1	1993.0	3103.7	4476.8
100.6	508.1	1892.3	3109.1	4340.3
255.1	513.1	1926.2	3074.7	4208.1
241.1	530.4	1858.5	3029.0	4148.6
229.2	605.8	1861.1	3097.1	4124.4
222.3	610.6	1842.9	3027.0	4118.8
218.8	470.0	1775.2	2931.0	4121.9
216.1	474.3	1745.7	2931.4	4105.7
217.0	484.3	1807.5	2977.1	4140.8
217.3	443.4	1951.8	3026.5	4174.6
215.0	378.9	1935.8	3020.2	4160.1
213.4	359.7	1933.8	3200.8	4170.5
212.9	525.5	1973.5	3311.1	4272.4
208.9	527.3	1915.0	3221.8	4229.8
212.5	456.5	1926.7	3023.4	4191.9
208.2	465.3	1893.3	3005.8	4311.1
206.8	463.9	1853.8	3092.3	4340.5
202.1	494.7	1884.3	3231.4	4437.5
196.9	512.3	2060.1	3218.0	4707.2
190.8	500.9	2124.2	3276.0	4583.3
184.6	959.0	2296.8	3529.7	4372.9
186.0	1039.1	2234.3	3708.1	4665.1
187.5	586.9	2219.4	3670.7	4874.8
176.5	598.4	2222.2	3534.5	4749.7
176.5	603.4	2214.7	3471.3	4634.3
188.6	418.8	2192.7	3372.4	4437.4
198.3	796.0	2079.4	3335.1	4418.9
192.4	529.0	1220.1	3301.3	4339.1
184.1	510.2	1161.7	3358.7	4119.4
184.2	486.0	1072.9	3367.2	4018.3
187.8	503.8	1070.9	3314.6	4007.3
184.5	521.6	1129.3	3322.8	3985.9
186.2	562.0	1253.9	3299.4	3997.9
186.3	569.6	1406.0	3245.1	4039.3
186.4	554.2	1578.5	3215.5	4021.8
186.0	561.2	1627.9	3155.7	4041.6
186.2	554.3	1671.0	3103.2	4005.0
187.6	568.5	1668.6	3042.9	3922.8
191.6	551.8	1628.4	2978.7	3874.3
195.3	495.6	1875.7	2869.6	3963.8
96.0	968.2	2086.0	2901.6	4001.3
63.5	947.4	1916.5	3114.0	4158.4
63.8	1189.5	2243.1	3168.5	4239.3
63.5	1025.6	2286.0	3414.0	4174.1
408.3	996.8	2360.3	3621.8	4382.3
0.0	984.0	2587.0	3672.2	4700.5
549.5	837.1	2447.7	3628.7	4698.4
179.1	1381.2	2562.5	3709.2	4694.2
70.2	1173.0	2580.2	3601.9	4664.5
0.0	966.4	2416.8	3650.3	4524.2
129.0	934.7	2324.4	3617.2	4479.2
375.0	941.3	2178.2	3324.7	4361.1
0.0	805.1	1908.0	3060.4	4178.8
130.0	692.5	1652.2	3201.4	4175.9
246.8	672.2	1541.5	3335.0	4136.0
215.8	680.9	1526.2	3304.6	4142.7
194.5	675.5	1542.1	3331.6	4231.2
188.1	670.1	1501.8	3338.9	4175.4
185.2	664.2	1472.9	3400.4	4153.2
184.2	645.8	1460.3	3399.1	4204.2
181.8	581.6	1535.2	3294.0	4204.0
176.8	408.4	1655.7	3145.5	4148.3
182.9	592.1	1772.2	3242.4	4140.6
182.9	588.3	1868.6	3266.2	4137.6
181.9	559.3	2126.1	3259.2	4153.3
181.6	527.0	2373.7	3207.9	4126.5
182.4	517.6	2479.9	3175.7	4091.7
180.7	497.0	2543.5	3098.8	4113.4
178.6	504.8	2612.3	3106.6	4128.7
178.8	539.9	2654.8	3085.0	4145.0
176.6	536.6	2609.5	3048.7	4177.1
174.7	514.1	2531.5	2953.2	4143.4
175.5	487.1	2480.3	2920.5	4140.9
177.7	473.0	2400.9	2927.9	4177.4
179.9	440.3	2279.8	2957.7	4195.8
182.4	439.5	2059.6	2945.7	4223.1
183.4	497.0	1891.7	2925.9	4269.9
182.6	733.4	1795.3	3156.5	4330.7
178.7	1021.3	1886.4	3558.9	4610.4
174.7	905.1	1815.3	3657.9	4783.6
175.5	854.7	1994.5	3696.9	4796.6
83.3	861.0	2002.7	3577.7	4620.5
173.9	635.3	1974.5	3292.0	4501.9
171.4	498.8	1940.5	3137.6	4324.9
200.0	500.7	1536.4	2978.4	4142.3
188.4	518.6	1357.1	3092.0	4066.3
171.2	514.4	1267.9	3155.0	4023.6
168.1	529.0	1157.1	3229.4	4003.9
164.3	527.8	1103.3	3289.1	3958.9
163.2	511.3	1045.4	3355.1	3904.4
166.4	527.3	976.0	3386.3	3882.0
161.3	530.8	961.3	3353.1	3865.5
160.7	526.6	993.7	3343.9	3869.9
85.5	547.2	1055.6	3391.4	3879.1
85.0	549.4	1127.6	3413.5	3937.4
86.4	582.1	1258.2	3365.5	3973.2
85.8	602.4	1390.2	3297.9	3942.7
84.7	607.7	1557.7	3241.0	3989.9
171.9	618.7	1658.0	3183.9	4039.1
172.4	606.0	1782.9	3144.6	4046.7
173.8	607.4	1860.2	3145.6	4059.3
181.0	631.6	1981.4	3108.6	4069.5
183.7	624.1	2216.1	3141.8	4111.4
190.1	645.6	2270.1	3145.4	4030.8
186.9	709.0	2239.0	3119.7	4115.8
184.0	788.7	2255.2	3084.2	4203.4
176.3	992.7	2365.7	3130.4	4222.1
85.3	1010.6	2433.0	3196.5	4163.7
84.1	966.3	2383.0	3254.5	4202.8
83.0	931.3	2309.5	3222.7	4189.5
