0.0	0.0	0.0	0.0	0.0
0.0	0.0	0.0	0.0	0.0
0.0	0.0	0.0	0.0	0.0
0.0	799.2	1997.7	3250.9	4659.8
0.0	817.3	2104.9	3211.7	4304.1
0.0	1092.3	2414.2	3321.6	4315.3
0.0	941.2	2296.2	3213.8	4220.3
0.0	957.7	2224.8	3158.8	4127.2
0.0	1093.4	2156.9	3173.4	4315.2
0.0	1012.3	2159.4	3156.1	4317.6
0.0	979.2	2103.8	3118.2	4365.2
0.0	1204.8	2119.8	3304.6	4297.5
0.0	1097.9	2183.9	3378.3	4169.3
116.5	1053.1	2217.4	3443.4	4205.0
77.6	944.7	2197.8	3452.4	4316.1
0.0	1035.2	2217.2	3324.6	4363.9
0.0	1049.8	2232.0	3218.0	4360.6
0.0	602.9	1843.7	3073.6	4140.0
428.6	602.0	1712.7	2995.6	4053.2
240.0	586.5	1761.8	2899.8	3990.7
274.8	538.1	1770.7	2865.2	3914.7
96.2	542.0	1744.7	2773.4	3938.6
174.4	526.2	1726.3	2846.2	4245.2
178.1	529.5	1694.1	3416.9	4692.0
83.9	684.5	1605.1	3062.0	4391.1
63.5	1339.1	1942.0	3202.1	4281.2
85.3	856.7	1553.6	3083.8	4394.2
0.0	813.0	1437.5	3034.2	4429.6
219.0	1145.5	1474.0	3183.2	4345.9
214.0	1087.8	1762.1	3254.2	4340.8
82.8	722.3	1300.4	3052.6	4367.1
146.4	943.0	1608.9	3104.6	4303.2
141.5	942.3	1672.3	2966.5	4170.2
422.8	805.2	1498.4	2973.6	4115.6
0.0	866.0	1561.7	3086.4	4248.2
0.0	855.3	1666.8	3160.2	4244.6
242.0	731.5	1644.5	3149.7	4194.1
224.8	704.6	1690.5	3144.7	4246.0
218.6	727.6	1761.0	3123.8	4256.4
217.4	730.7	1755.6	3110.2	4183.4
219.1	739.2	1708.8	3104.3	4151.5
220.0	747.0	1629.1	3128.2	4162.2
222.1	760.6	1554.9	3162.8	4119.1
227.6	765.1	1517.1	3180.8	4084.5
231.3	762.1	1456.3	3194.1	4070.8
234.4	755.7	1387.7	3231.4	4028.4
237.1	745.5	1377.5	3269.3	4023.3
241.5	703.3	1321.4	3312.3	4082.6
246.8	671.9	1348.0	3341.4	4123.1
247.6	589.3	1373.2	3254.5	4072.6
250.9	534.6	1367.2	3154.3	4010.5
248.6	507.7	1321.7	2913.5	3865.6
238.7	260.1	1271.6	2810.2	3916.3
80.0	270.1	1338.8	2915.5	4122.7
237.1	295.0	1372.8	3021.8	4225.9
237.7	288.7	1447.9	2986.9	4152.3
230.1	315.5	1938.5	3011.7	4175.6
229.2	270.7	1978.8	3013.7	4199.4
231.3	474.7	1982.0	2953.5	4119.0
233.0	523.6	1558.9	2573.8	3890.5
262.1	514.4	1505.5	2405.4	3805.9
242.7	539.2	1542.2	2307.4	3817.5
237.4	542.6	1567.3	2256.2	3867.6
238.6	547.5	1525.5	2192.4	3818.1
237.1	575.3	1511.0	2118.8	3840.8
235.1	586.4	1514.8	2093.6	3863.5
235.2	581.9	1520.8	2074.4	3857.9
235.5	574.3	1494.3	2045.6	3836.2
235.0	581.6	1502.7	2020.5	3838.2
235.2	579.2	1507.6	2001.5	3814.9
233.6	548.3	1521.6	2001.8	3832.6
234.5	559.0	1551.7	2007.7	3812.6
235.8	546.9	1585.7	2042.3	3779.1
235.0	518.8	1643.8	2246.6	3775.6
235.3	489.6	1772.4	2446.9	3775.6
235.7	420.4	1906.0	2697.3	3826.7
233.0	702.9	1995.9	2921.0	3990.1
226.6	793.6	2303.6	3173.2	4103.9
75.1	1054.8	2601.6	3570.1	4239.0
122.6	981.0	2589.6	3612.1	4512.5
67.3	806.3	2332.0	3659.7	4739.0
0.0	1026.8	2242.8	3557.1	4445.9
146.3	1003.4	2218.1	3446.5	4393.5
0.0	1044.7	2367.5	3577.5	4453.6
0.0	1002.8	2492.5	3672.6	4506.2
130.4	1427.3	2602.5	3862.6	4903.2
0.0	1487.1	2707.6	3967.3	5023.1
0.0	1504.2	2485.2	3835.6	4817.6
0.0	1311.2	2170.5	3700.5	4709.0
0.0	1263.8	1915.7	3425.8	4623.3
0.0	872.6	1778.8	3187.9	4400.7
0.0	752.8	1799.5	3290.9	4355.7
0.0	1141.3	1746.0	3186.5	4301.1
0.0	744.5	1708.9	2996.6	4332.4
0.0	694.3	1728.5	2986.2	4344.9
96.1	726.0	1672.7	2967.2	4258.4
115.9	781.7	1634.7	2965.9	4133.8
0.0	1101.9	1663.2	3126.5	4133.9
0.0	1031.2	1601.4	3097.3	4084.9
100.9	768.6	1630.8	3007.4	4046.3
251.4	732.5	1588.1	3004.8	3949.5
233.5	731.3	1578.2	3027.2	3969.4
224.1	717.8	1664.0	3087.4	4133.6
220.6	689.2	1703.7	3128.0	4210.0
216.2	655.0	1700.6	3175.1	4279.6
212.9	614.2	1692.9	3237.6	4368.7
207.2	409.7	1712.6	3164.6	4309.5
100.0	474.5	1769.5	2837.1	4229.4
215.5	544.8	1741.0	2923.6	4129.7
220.4	678.9	1607.0	3035.4	4055.1
212.4	689.8	1595.4	3035.8	4035.0
211.3	702.6	1503.5	3021.2	4045.0
209.9	709.0	1390.0	2998.5	3999.3
209.1	713.1	1341.7	3000.9	3944.6
208.4	720.4	1313.0	3016.0	3908.4
207.5	723.4	1295.2	3022.2	3857.7
209.9	728.4	1280.8	3041.0	3829.2
208.4	722.7	1269.2	3004.6	3809.7
208.9	720.2	1264.9	3025.0	3801.2
209.6	734.4	1269.7	3052.5	3793.9
210.1	719.1	1269.4	3038.3	3805.4
211.0	721.3	1284.5	3033.6	3799.6
212.2	734.8	1323.4	3029.5	3843.2
213.2	762.6	1406.8	3068.9	3848.5
214.6	798.1	1372.9	3008.6	3835.9
214.6	843.3	1480.7	2998.4	3929.6
214.2	893.2	1702.7	3042.9	3913.0
212.0	909.6	1906.6	3085.7	4015.0
207.4	925.3	2028.8	3209.8	4122.8
100.2	912.3	2222.8	3236.4	4159.9
70.2	1012.5	2325.5	3368.5	4223.3
0.0	1125.5	2193.4	3286.5	4241.6
0.0	1206.5	2093.0	3153.7	4142.7
0.0	987.1	2027.2	3053.3	4093.7
412.5	815.4	1802.0	2986.3	4110.8
0.0	815.4	1751.6	2973.8	4078.5
283.1	694.0	1515.5	2700.7	3978.2
254.3	583.2	1319.3	2464.7	3850.9
207.5	580.6	1320.7	2396.0	3887.2
194.2	704.7	1871.0	2567.8	3954.0
183.6	681.5	1945.4	3139.3	4064.4
87.6	379.0	1995.9	3253.7	4157.1
94.2	384.0	2129.3	3172.9	4243.4
198.5	776.5	2115.7	3196.4	4239.8
201.6	854.5	2032.4	3064.4	4245.4
93.3	1078.1	2064.0	3035.8	4195.1
0.0	1053.9	2034.9	3017.9	4099.0
231.0	454.1	1598.6	2886.2	4076.2
248.8	539.1	1194.1	1899.7	4091.2
179.7	554.3	1257.1	1931.2	4022.8
179.5	606.2	1296.6	1960.6	3935.0
181.0	686.2	1365.4	1988.3	3878.1
179.7	734.3	1531.9	2166.4	3838.9
179.1	754.7	1512.8	2495.6	3775.7
178.3	761.9	1436.8	2580.9	3661.7
179.3	751.1	1443.9	2668.7	3733.9
180.3	715.9	1571.2	2737.1	3900.9
183.8	668.5	1742.6	2828.6	4077.2
187.3	684.0	2089.9	2817.8	4024.1
189.7	684.2	2206.5	2789.7	4044.3
93.8	920.0	2191.4	3031.8	4142.1
63.5	1189.9	2260.1	3161.7	4304.3
83.2	1063.8	2148.2	3202.8	4209.9
256.9	1049.5	2129.6	3271.8	4131.1
0.0	1107.0	2245.6	3221.2	4211.7
0.0	1072.8	2278.1	3118.4	4296.0
0.0	1207.0	2443.7	3344.7	4187.3
0.0	580.7	2274.5	3376.7	4209.2
462.5	1043.9	2411.8	3390.0	4425.0
63.5	1045.0	2380.7	3549.6	4558.6
204.4	530.2	1886.6	3137.6	4212.2
223.0	559.3	1500.3	3235.4	4148.8
229.8	543.5	1213.6	3224.0	4094.2
91.3	561.3	1274.0	3229.9	4124.8
90.1	591.3	1332.8	3255.9	4138.2
91.0	602.8	1477.2	3217.1	4050.9
90.5	622.5	1561.2	3201.4	4068.2
91.0	590.5	1644.5	3186.6	4111.0
94.1	625.3	1750.7	3158.4	4130.2
231.1	607.7	1787.6	3099.9	4104.3
235.6	691.7	1849.6	3070.9	4232.9
64.1	718.2	2031.3	3109.0	4290.8
90.9	682.9	2210.2	3140.7	4385.1
194.8	764.3	2200.0	3148.6	4458.6
195.9	903.2	2166.9	3192.5	4369.9
192.9	1004.6	2171.0	3271.1	4316.4
93.4	1034.6	2196.0	3237.2	4459.9
93.7	935.4	2216.1	3217.0	4608.9
93.8	945.2	2167.9	3283.9	4614.2
64.5	983.3	2115.5	3267.1	4641.7
96.9	982.1	2050.8	3271.5	4494.8
157.9	1063.3	2089.5	3327.1	4455.4
0.0	1074.2	2120.2	3426.5	4376.7
