0.0	0.0	0.0	0.0	0.0
0.0	0.0	0.0	0.0	0.0
0.0	0.0	0.0	0.0	0.0
0.0	920.0	2447.4	3140.0	4127.8
408.1	928.0	2456.9	3051.9	4038.4
0.0	937.7	2372.5	3075.7	4090.4
0.0	882.9	2378.0	3190.8	4149.3
0.0	832.8	2404.5	3069.7	4197.2
0.0	802.0	2196.2	2982.1	4163.2
0.0	798.7	1994.6	3021.7	4256.9
0.0	979.6	2158.1	3146.1	4258.4
0.0	1147.2	2177.4	3276.2	4193.6
0.0	1208.0	2282.3	3242.1	4227.2
0.0	1162.0	2309.2	3224.1	4235.4
0.0	1165.8	2320.4	3290.9	4235.3
0.0	409.8	2230.2	3320.3	4126.7
0.0	200.0	2322.8	3449.3	4118.6
0.0	347.7	2347.1	3319.7	4047.2
237.1	486.3	2328.9	3025.2	3924.3
232.8	524.0	2311.3	2856.2	3930.1
230.4	538.4	2301.3	2775.1	3945.7
232.7	530.7	2294.4	2757.1	3948.8
233.8	508.8	2243.4	2762.4	3966.9
231.4	532.4	2191.8	2759.9	4018.9
232.5	469.3	2215.0	2789.2	4143.4
224.7	432.3	2179.6	3094.0	4495.7
216.9	821.8	2161.3	3399.9	4700.6
203.7	953.4	2172.4	3485.4	4713.4
97.6	944.8	2313.8	3601.7	4718.9
69.0	1103.9	2351.4	3504.8	4600.0
315.8	1096.7	2246.9	3419.3	4535.8
0.0	1163.6	2291.3	3449.1	4563.2
137.9	1303.5	2285.3	3510.6	4601.6
315.8	1309.8	2468.9	3618.2	4775.3
307.7	1322.9	2612.4	3823.1	4701.4
0.0	783.7	2167.7	3188.4	4271.1
400.0	556.9	1723.2	2989.9	4224.5
310.5	572.9	1696.5	2968.0	4333.7
257.7	669.8	1666.3	2957.1	4322.1
249.7	728.5	1608.1	2896.8	4142.5
241.8	722.3	1525.3	2915.1	4178.8
238.4	744.2	1479.1	2950.7	4085.5
235.4	759.3	1446.4	2977.8	4054.6
231.3	759.1	1433.9	2991.7	4052.9
230.4	761.3	1421.9	3002.2	4091.3
229.3	761.1	1407.2	3003.3	4057.7
228.4	753.5	1411.6	3021.2	4071.7
227.8	739.5	1435.8	3028.9	4085.7
228.4	719.7	1461.6	3022.4	4104.5
230.3	694.5	1494.7	3014.1	4090.5
229.9	679.8	1534.1	2996.2	4147.5
230.5	593.9	1509.6	2925.9	4185.7
225.6	467.0	1493.4	2884.2	4204.8
109.9	455.6	1486.1	2736.7	4228.5
213.6	472.6	1492.3	2783.6	4168.3
209.7	472.4	1516.6	2854.0	4137.4
213.3	507.0	1555.5	2869.3	4157.9
218.7	600.0	1600.7	2873.0	4130.9
221.0	657.6	1626.5	2879.6	4088.4
217.6	643.7	1598.1	2866.3	4016.8
215.0	634.6	1522.5	2821.1	3942.4
212.9	602.4	1437.5	2761.0	3934.4
210.7	546.2	1352.7	2736.4	4338.3
207.9	453.7	1293.0	2704.0	4451.5
209.2	421.7	1274.8	2736.0	4364.3
210.0	433.6	1172.8	2786.4	4425.9
210.5	600.7	1183.7	3037.4	4194.8
219.6	630.2	1075.9	3148.2	3954.9
211.2	663.0	1125.0	3160.4	3868.6
208.0	687.0	1182.7	3184.8	3823.7
207.9	709.8	1207.3	3235.1	3818.9
207.6	724.1	1210.9	3270.6	3831.9
209.3	721.5	1211.6	3299.2	3841.9
210.1	690.9	1216.1	3278.6	3855.5
211.6	720.4	1203.1	3261.1	3884.5
213.6	688.6	1174.7	3245.6	3889.6
216.0	688.2	1144.7	3238.8	3884.3
218.6	680.2	1123.0	3226.6	3879.0
222.5	678.7	1122.6	3201.6	3863.8
224.7	683.2	1128.2	3166.6	3881.3
226.2	678.8	1125.3	3129.1	3878.4
228.6	668.3	1085.0	3074.9	4060.8
230.2	591.5	1017.5	3045.5	4452.8
232.1	535.4	964.4	3023.6	4319.7
233.5	508.3	957.2	2819.9	3843.2
236.8	511.8	1012.3	2699.5	3730.4
243.5	515.0	1164.4	2653.0	3785.8
248.1	500.9	1363.3	2583.3	3887.0
250.6	502.9	1597.6	2538.9	4001.6
252.7	506.2	1837.1	2536.3	4088.0
254.2	520.8	2027.5	2565.9	4101.1
255.9	535.9	2195.9	2622.0	4150.6
257.4	557.9	2196.7	2674.6	4213.3
260.5	677.6	2138.4	2690.9	4283.2
258.9	708.1	2125.3	2731.5	4312.7
255.7	482.6	2137.2	2859.8	4334.2
247.8	472.4	2167.7	3577.3	4687.8
80.9	947.3	2135.9	3523.1	4657.5
115.3	893.4	2280.3	3451.8	4476.2
73.6	959.9	2394.7	3658.6	4738.9
179.1	953.8	2356.8	3642.9	4747.7
0.0	1139.1	2553.8	3763.7	4637.9
571.4	1070.1	2595.3	3760.4	4621.8
68.6	1111.7	2495.4	3608.0	4514.2
130.4	1147.2	2171.4	3364.6	4396.0
71.9	1221.2	1961.5	3298.1	4361.0
0.0	1182.6	2088.8	3311.1	4215.3
0.0	1094.3	2233.9	3165.3	4261.4
0.0	489.1	2061.6	2984.2	4414.2
0.0	495.5	2089.1	2818.4	4231.7
300.5	498.5	2175.5	2725.1	4169.6
258.6	495.5	2277.5	2594.9	4160.9
244.8	470.6	2323.4	2543.8	4110.7
238.5	391.7	2330.3	2583.5	4067.3
73.5	387.2	2355.4	2652.2	4240.6
211.3	406.7	2422.4	2959.0	4231.9
206.2	421.1	2343.1	2926.6	4158.5
201.9	423.7	2451.9	2908.2	4152.3
0.0	460.6	2357.9	2792.7	4154.2
229.8	473.2	2270.1	2783.5	4270.6
232.3	486.6	2209.2	2778.7	4240.5
226.4	567.1	2113.3	2742.2	4183.2
226.0	641.6	2026.6	2738.7	4143.4
223.2	687.9	1958.4	2767.6	4184.2
223.2	674.0	1897.7	2772.5	4250.6
223.5	675.5	1860.8	2735.5	4321.2
223.1	657.5	1811.8	2724.0	4338.7
220.8	618.3	1760.4	2694.3	4354.5
219.0	531.5	1711.7	2722.1	4292.8
215.8	433.6	1672.7	2703.1	4251.5
209.8	413.5	1727.3	2937.4	4224.2
100.9	480.3	1805.7	3055.3	4162.5
63.8	468.3	1793.6	2878.9	4103.6
193.5	439.9	1793.3	2789.3	4187.3
203.0	438.0	1813.7	2779.8	4137.2
201.5	459.3	1845.2	2729.7	4075.4
200.0	476.1	1848.6	2661.3	4056.3
197.0	483.7	1837.5	2626.9	4033.2
194.9	507.5	1825.9	2631.2	4046.2
193.8	486.4	1826.2	2674.0	4090.7
192.6	443.8	1808.8	2695.8	4115.2
191.0	398.2	1761.7	2654.2	4107.8
189.3	345.1	1705.2	2610.5	4117.4
92.4	367.5	1661.0	2695.7	4165.4
91.0	462.1	1727.1	2945.7	4178.2
171.6	410.9	1910.7	3038.4	4156.9
174.5	818.6	2098.3	3208.0	4167.8
86.9	715.7	1721.4	2820.3	3948.3
197.5	491.8	1637.2	2708.5	3898.9
231.3	547.9	1633.5	2661.3	3951.9
218.2	579.7	1594.3	2665.7	3893.2
195.1	575.4	1566.3	2664.9	3806.7
190.4	578.1	1518.0	2674.2	3956.9
191.1	570.0	1467.4	2700.2	4199.9
191.0	568.7	1417.4	2688.0	3956.1
191.3	561.9	1399.6	2680.4	3883.8
191.2	574.6	1375.8	2685.7	4030.4
190.5	590.4	1372.1	2683.3	4070.7
189.8	618.4	1389.8	2679.5	4086.0
189.9	593.8	1472.0	2686.0	4110.8
190.2	527.7	1523.0	2660.6	3960.5
190.0	489.5	1554.7	2628.8	3891.4
190.0	426.0	1595.3	2641.5	3949.9
189.8	399.0	1657.3	2726.6	4020.7
189.2	412.3	1686.1	2750.8	4068.0
189.4	485.2	2195.6	3575.3	4760.6
185.2	539.3	2582.7	3713.8	5068.5
89.4	1077.9	2758.6	3791.9	5046.7
87.6	1607.4	2918.9	3930.7	5087.2
78.4	1040.9	2646.9	3822.9	5001.9
352.9	1085.3	2808.7	3795.1	4793.0
0.0	1450.0	2790.8	3739.2	4786.1
0.0	982.6	2650.8	3814.6	4798.1
375.0	853.2	2797.6	3976.2	4656.4
0.0	687.3	2938.0	3859.0	4446.0
0.0	865.4	2477.5	3132.4	4246.1
0.0	405.8	2310.8	3169.8	4170.8
219.5	411.6	2299.5	3347.8	4250.7
207.3	409.2	2269.1	3286.0	4368.9
208.2	403.5	2267.4	3110.6	4341.3
205.3	403.2	2287.9	3112.4	4406.2
203.3	400.9	2292.8	3114.7	4393.6
201.6	398.6	2294.5	3138.7	4282.1
200.7	397.1	2295.6	3206.1	4261.7
198.0	396.9	2278.2	3179.3	4065.9
194.4	388.3	2254.3	3253.9	3986.3
192.5	389.9	2201.5	3086.9	4065.7
190.3	409.8	2127.5	2617.0	3998.6
190.6	441.5	2075.8	2498.0	3872.2
190.8	482.3	2023.0	2410.0	3831.3
190.7	512.1	1963.9	2334.7	3811.4
189.6	483.6	1897.8	2313.6	3792.4
188.6	500.8	1851.0	2282.8	3802.2
187.8	494.9	1847.3	2246.4	3859.0
186.6	487.0	1820.7	2199.9	4150.6
185.1	499.9	1808.2	2181.2	4177.1
183.5	486.1	1844.1	2203.8	4087.5
183.6	439.4	1894.1	2290.7	4096.7
182.9	424.0	2000.2	2491.1	4020.9
182.5	412.0	2218.7	3374.8	4158.4
181.1	407.4	2037.0	3375.7	4050.7
179.8	417.6	2193.1	3398.3	4097.5
177.1	452.9	2606.4	3758.2	4248.1
175.4	855.9	2583.2	3822.9	4419.5
87.4	1042.4	2635.1	3928.7	4623.5
85.1	1013.2	2739.2	3901.1	4730.5
84.5	1111.7	2808.4	3947.5	4744.1
0.0	1168.6	2782.1	3858.1	4758.6
500.0	926.3	2797.3	3878.5	4840.3
0.0	1083.5	2686.0	3938.7	4860.9
480.0	1256.5	2793.3	3953.0	4807.6
148.1	1072.8	2852.8	3971.1	4829.5
444.4	1628.1	2968.1	4054.5	4962.7
0.0	995.8	2362.9	3896.3	4787.4
123.7	1340.4	2478.8	3824.8	4624.1
428.6	1286.8	2163.5	3401.3	4463.4
83.7	1218.7	1803.6	2779.8	4425.4
0.0	799.6	2086.8	2749.5	4372.3
0.0	845.8	2222.3	2803.6	4453.0
0.0	924.1	2337.4	2939.2	4507.5
0.0	928.0	2292.7	2929.1	4598.3
78.9	849.3	2251.3	2965.0	4605.7
0.0	834.4	2180.1	2979.3	4414.4
0.0	702.5	2117.0	2973.4	4575.5
0.0	920.9	2243.5	2960.3	4590.1
0.0	964.3	2358.2	3030.2	4569.5
