0.0	0.0	0.0	0.0	0.0
0.0	0.0	0.0	0.0	0.0
0.0	0.0	0.0	0.0	0.0
0.0	1107.7	2376.5	3375.0	4300.2
0.0	1034.9	2345.5	3285.0	4309.7
0.0	985.1	2207.5	3244.5	4290.0
0.0	1179.9	2381.6	3219.0	4327.8
0.0	1157.5	2410.6	3210.9	4209.5
0.0	619.6	2173.6	3185.4	4106.8
0.0	378.1	1895.8	3160.2	4103.9
0.0	316.5	2062.6	3197.1	4224.5
0.0	312.8	2093.5	3178.9	4230.4
314.8	297.7	2051.3	3182.6	4191.3
299.4	283.8	2077.1	3212.4	4097.9
282.1	271.3	2274.4	3260.0	4081.3
271.7	251.9	2237.3	3197.1	4140.7
255.9	255.9	2147.9	3292.0	4193.4
236.9	260.9	2274.0	3360.3	4347.4
225.4	294.8	2070.1	3216.0	4292.7
211.5	628.2	1900.2	3207.2	4179.1
202.3	580.9	2076.0	3235.4	4207.5
196.3	1446.0	2513.3	3437.4	4353.0
191.9	772.0	2118.3	3175.3	4296.8
0.0	604.7	2168.3	3078.0	4335.2
257.0	554.7	2217.1	3075.5	4360.3
225.1	620.9	2291.2	3128.5	4377.6
214.4	617.8	2323.0	3156.2	4358.3
208.6	609.5	2350.8	3151.9	4245.0
209.4	617.9	2386.8	3119.2	4077.1
209.9	618.4	2371.9	3057.3	4079.4
206.4	621.6	2321.0	2908.1	4040.9
203.1	652.2	2207.2	2815.6	4008.4
201.9	685.5	2051.7	2708.7	3935.5
66.6	728.8	1939.8	2661.1	3927.2
87.5	772.7	1865.6	2654.1	3978.0
87.5	808.8	2045.9	2980.9	4119.4
68.1	873.8	1635.2	2550.4	3842.0
0.0	870.3	1450.8	2502.8	3706.3
256.8	865.0	1401.7	2537.2	3643.5
108.5	883.2	1381.6	2576.9	3592.4
132.0	893.9	1334.5	2628.1	3579.1
229.3	890.4	1329.8	2632.4	3580.5
236.7	909.1	1338.8	2640.2	3583.0
236.0	911.7	1324.4	2665.5	3576.8
234.6	905.2	1320.9	2674.4	3570.4
235.5	901.7	1342.5	2687.9	3604.8
238.8	895.0	1347.8	2707.8	3627.7
243.9	897.3	1369.0	2738.5	3669.5
249.5	896.4	1358.2	2768.6	3696.0
251.2	890.5	1361.2	2783.6	3751.4
261.7	870.2	1376.8	2779.3	3768.4
267.8	828.9	1370.7	2774.6	3793.1
272.4	789.2	1379.2	2789.4	3872.2
271.8	763.7	1964.4	3073.5	4174.8
258.5	943.5	2132.9	3220.0	4294.3
85.9	919.8	2180.1	3313.5	4283.2
69.8	1213.9	2155.1	3216.0	4224.3
0.0	1129.5	2036.1	3213.5	4280.1
102.8	943.2	2052.9	3192.6	4237.7
0.0	873.2	2155.5	3135.9	4275.2
564.3	809.3	2205.0	3119.1	4221.4
0.0	602.2	1986.7	3052.1	3974.4
321.4	611.4	1688.8	3003.7	3848.6
316.6	643.9	1705.9	2961.9	3959.0
309.4	644.7	1798.9	3051.1	4023.3
303.3	639.9	1883.0	3137.3	4126.5
296.2	633.7	1904.2	3196.2	4368.0
289.0	624.9	1906.7	3197.7	4465.9
284.6	593.4	1866.5	3173.6	4394.8
281.7	531.0	1838.9	3168.0	4391.4
278.1	344.5	1798.3	3082.2	4388.2
137.4	288.8	1776.0	3034.0	4358.6
271.8	269.6	1867.2	3070.4	4418.2
257.0	319.5	2043.4	3062.5	4309.3
258.4	1136.9	2292.5	3288.4	4272.7
303.1	1129.3	2406.9	3332.9	4337.3
65.0	1036.1	2432.5	3365.3	4416.9
100.8	1061.8	2454.8	3371.2	4437.6
255.3	1003.8	2330.2	3330.7	4416.1
513.5	932.9	2254.1	3320.3	4389.5
244.9	842.3	2246.1	3156.0	4258.4
266.7	986.8	2159.2	3013.2	4150.4
151.7	878.2	2147.4	3048.5	4020.8
0.0	943.2	2010.7	3115.2	4065.5
236.7	555.3	2005.4	3153.6	4170.0
245.6	500.6	1866.8	2715.6	3777.1
257.1	488.2	1745.4	2228.5	3514.5
250.4	483.2	1709.1	2227.1	3529.9
247.3	474.0	1708.1	2291.9	3574.7
243.6	495.2	1723.4	2362.3	3627.2
240.2	472.7	1759.4	2360.4	3634.0
236.4	461.7	1801.4	2400.8	3640.8
232.5	463.2	1809.3	2458.9	3654.8
230.0	463.4	1847.4	2467.2	3772.9
228.5	439.5	1927.8	2503.7	3918.9
223.1	440.4	2061.3	2692.0	3943.1
216.3	1005.9	2258.7	2822.4	3982.3
68.8	794.3	2265.0	2968.6	4149.9
66.9	1140.8	2244.9	3279.0	4267.6
79.1	1103.5	2260.6	3258.6	4280.3
0.0	1167.3	2185.0	3154.0	4238.9
0.0	1280.6	2312.0	3278.1	4345.6
0.0	1219.0	2371.6	3442.6	4477.5
0.0	1029.7	2415.4	3542.6	4439.0
0.0	1138.3	2677.2	3660.4	4506.4
0.0	904.2	2605.6	3543.8	4423.6
553.5	766.9	2398.7	3447.2	4415.0
0.0	858.6	2392.0	3356.3	4419.2
0.0	968.0	2482.7	3327.1	4379.0
230.8	736.3	2576.0	3327.3	4331.8
0.0	476.3	2557.1	3298.1	4296.3
0.0	586.7	2522.5	3258.1	4151.1
303.0	607.2	2457.7	3263.8	4186.4
306.8	628.8	2448.9	3205.0	4312.0
312.2	658.2	2452.1	3228.1	4373.2
316.7	630.6	2429.1	3236.3	4463.9
320.8	693.2	2375.4	3181.0	4483.5
323.4	665.8	2296.1	3176.8	4431.6
322.5	543.5	2241.0	3179.4	4306.1
315.8	308.5	2112.0	3016.3	4165.6
98.5	301.7	2040.9	2993.3	4119.2
73.3	280.6	2143.3	3206.4	4179.0
283.6	281.9	2204.5	3265.0	4237.3
265.7	264.0	2150.4	3246.5	4233.8
259.2	1237.3	2090.7	3164.3	4237.0
252.3	840.8	2108.1	3140.7	4348.2
0.0	1070.1	2193.4	3184.9	4314.2
0.0	1133.6	2124.0	3198.5	4263.6
0.0	1033.6	2161.1	3244.8	4244.4
0.0	730.5	2163.1	3235.2	4202.2
0.0	671.3	2032.9	2893.6	4067.9
0.0	438.0	2079.7	2818.4	3927.2
216.1	438.4	2178.0	2866.6	3878.9
214.3	446.5	2262.8	2924.3	3925.9
211.2	470.1	2321.8	3006.3	4019.4
207.9	502.0	2337.4	3050.8	4135.4
200.9	536.0	2321.1	3109.5	4175.3
195.8	569.7	2316.4	3143.5	4228.6
190.7	562.6	2314.1	3164.5	4344.1
187.2	557.4	2296.0	3179.5	4411.1
184.9	554.7	2251.9	3178.7	4429.7
184.3	534.3	2202.3	3171.6	4453.4
186.0	487.3	2159.0	3111.6	4474.9
180.7	405.8	2183.3	3110.1	4414.3
84.3	1397.0	2439.4	3417.4	4449.9
91.0	1207.7	2319.0	3392.4	4341.1
137.2	1180.3	2263.6	3345.9	4329.7
0.0	1270.3	2432.0	3443.7	4501.7
0.0	1219.5	2384.4	3531.6	4478.8
0.0	947.6	2377.1	3639.5	4582.1
0.0	1299.2	2500.2	3754.6	4718.5
115.4	1190.7	2307.7	3578.3	4684.7
0.0	969.9	2237.1	3448.6	4587.1
0.0	811.2	2187.7	3346.7	4469.7
0.0	801.5	2063.9	3238.3	4373.5
164.4	580.2	1930.4	3139.8	4155.9
234.1	623.6	1819.3	3014.8	4003.4
209.1	632.9	1648.8	2960.8	3950.8
213.4	622.8	1507.5	2884.7	3937.4
204.9	631.9	1367.3	2841.6	3898.7
197.8	631.8	1308.8	2848.8	3870.0
193.8	616.7	1226.8	2831.4	3905.2
192.8	603.0	1153.6	2821.8	3937.1
194.0	587.6	1126.1	2797.5	3942.9
194.7	591.1	1113.4	2749.4	3960.7
194.8	610.1	1113.4	2731.0	3993.8
193.5	621.5	1190.4	2727.6	4043.5
189.9	578.4	1232.0	2747.1	4103.9
183.7	529.6	2148.7	3168.0	4203.1
88.4	447.0	2131.5	3204.3	4194.8
176.0	1226.1	2260.9	3295.8	4246.1
181.0	626.7	2156.8	3149.1	4167.3
181.9	535.1	2152.3	3169.9	4035.7
183.4	506.4	1490.4	2842.5	3927.7
188.0	517.4	1264.0	2301.5	3994.1
189.7	497.4	1226.6	1928.7	4063.6
192.8	485.4	1203.1	1884.4	4097.0
195.3	472.8	1173.6	1938.8	4104.8
193.9	477.2	1175.4	2087.1	4048.3
192.7	442.2	1144.6	2715.6	4059.7
186.5	390.9	1801.1	3125.0	4121.4
89.7	370.9	1895.7	2976.1	4077.9
177.1	360.1	1745.3	2858.6	4147.5
176.1	332.9	2154.5	3122.5	4238.0
181.8	346.6	2083.9	3124.6	4231.6
188.3	724.9	2067.9	3092.3	4202.5
186.8	915.4	2279.0	3178.7	4219.3
91.8	898.9	2106.7	3155.9	4150.5
0.0	563.4	1671.2	2812.2	4030.6
222.5	455.6	958.8	2675.2	3884.8
217.0	478.4	944.6	2698.5	3847.1
221.2	492.0	948.7	2755.6	3840.1
225.0	508.3	969.4	2764.1	3826.1
227.6	515.0	853.2	2902.0	3846.7
229.6	524.4	849.6	3029.5	3877.4
231.0	514.0	830.3	3263.9	4004.9
231.6	516.7	809.1	3192.9	4005.8
232.3	504.9	781.0	3155.0	3928.5
234.3	508.7	772.8	3116.2	3832.8
234.3	509.5	750.3	3090.0	3916.9
233.4	509.3	748.9	3058.2	3899.8
232.4	533.9	812.5	3035.1	3736.1
230.3	639.8	1752.8	3139.1	3755.2
226.0	704.1	2950.0	3659.4	4244.2
221.6	755.6	2912.1	3617.4	4306.6
216.7	753.8	2850.4	3729.1	4180.6
207.5	742.1	2781.2	3705.6	4032.9
99.2	743.1	2576.2	3562.5	3927.2
96.5	657.2	1132.5	2479.9	3877.8
183.9	671.1	1162.3	2305.3	3833.7
87.3	696.4	1195.5	2187.5	3808.1
155.6	685.5	1258.1	2075.8	3848.1
80.3	661.7	1303.1	2002.5	3887.4
82.6	660.8	1350.8	1923.9	3872.7
96.4	642.6	1380.4	1868.6	3851.3
96.5	615.2	1421.8	1849.2	3839.2
90.6	603.0	1500.0	1874.7	3761.6
0.0	559.7	1533.1	1860.8	3679.3
0.0	536.6	1594.7	2012.7	3726.9
310.4	526.5	1687.6	2809.2	4087.4
0.0	497.4	1737.9	2866.6	4233.3
0.0	370.5	1665.3	2857.5	4051.7
117.4	661.7	1795.7	2901.5	4081.3
218.4	1141.6	2341.6	3030.0	4117.0
0.0	1213.6	2438.7	3311.0	4235.0
0.0	1131.4	2521.0	3336.8	4233.8
562.1	844.8	2391.8	3141.5	3932.9
84.1	861.9	2138.0	3036.3	3904.7
0.0	829.9	2155.2	2990.5	3923.5
0.0	848.0	2209.5	3049.1	3932.5
117.8	799.9	2170.7	3071.0	3967.9
148.4	759.1	2117.2	3025.5	3968.7
282.1	747.7	2132.2	3004.2	4068.9
147.3	783.5	2234.4	3082.3	4025.5
0.0	864.2	2237.8	3064.6	3909.8
0.0	808.5	2148.2	3069.6	3943.5
128.2	786.2	2114.4	3117.1	3915.5
71.6	832.7	2102.5	3158.1	3915.3
89.9	885.9	2014.4	3143.6	3923.0
246.8	704.1	1808.6	3136.1	3922.3
147.6	848.3	1897.4	3264.9	4189.2
74.6	797.7	2017.0	3353.7	4142.5
180.4	792.6	2035.6	3273.9	4099.4
0.0	802.8	1982.1	3253.4	4132.5
