0.0	0.0	0.0	0.0	0.0
0.0	0.0	0.0	0.0	0.0
0.0	0.0	0.0	0.0	0.0
0.0	969.3	2003.6	2974.3	4196.2
0.0	913.1	2015.5	2991.1	4161.3
0.0	878.3	2024.8	2963.0	4197.5
0.0	855.1	1996.8	3012.5	4215.2
0.0	793.0	2000.6	3180.7	4173.2
0.0	804.0	2085.0	3098.1	4091.5
0.0	876.9	2256.5	3261.4	4220.2
0.0	928.3	2218.0	3305.5	4252.9
0.0	837.9	2104.9	3163.8	4253.9
0.0	1130.3	2204.1	3176.6	4287.9
0.0	1078.3	2100.2	2906.6	4119.7
0.0	1034.1	2101.7	2883.5	4270.2
0.0	1088.6	2111.6	2874.1	4412.4
319.7	1016.1	2300.1	2867.2	4396.0
196.8	336.7	2140.7	2774.0	4342.0
239.3	416.9	1782.5	2620.6	4227.0
214.7	711.0	1894.4	2744.5	4264.8
211.0	771.5	1969.0	2995.4	4266.6
206.6	797.9	1898.3	2980.7	4267.9
203.3	807.3	1812.5	2932.1	4256.9
202.1	822.0	1768.7	2937.2	4278.2
201.5	840.5	1656.7	2845.4	4227.0
200.8	845.2	1576.0	2835.2	4201.2
203.0	834.5	1529.9	2868.8	4180.1
203.9	808.8	1482.8	2883.5	4170.6
205.1	791.5	1435.0	2890.4	4192.5
204.9	791.7	1355.4	2859.8	4146.4
203.3	797.0	1381.9	2889.9	4102.5
199.9	954.9	2008.6	3088.4	4226.6
193.5	1428.3	2147.8	3192.3	4297.5
97.6	1453.7	2519.2	3459.1	4395.9
93.8	1147.4	2437.3	3431.0	4299.3
0.0	1206.0	2287.9	3277.5	4274.9
545.5	1180.6	2295.4	3285.6	4315.9
0.0	1205.0	2342.2	3404.1	4413.7
0.0	1202.5	2208.7	3244.2	4267.8
0.0	1057.9	1921.8	2954.1	4172.3
0.0	776.8	1724.0	2836.1	4178.9
0.0	548.4	1784.2	2805.1	4304.7
264.6	496.7	1905.6	2781.3	4482.9
221.2	444.9	2204.8	2805.9	4626.6
219.1	427.0	2444.8	2826.9	4619.6
216.7	429.5	2483.6	2768.1	4597.6
215.2	416.8	2524.6	2764.8	4516.6
208.7	401.4	2534.4	2745.5	4397.9
203.2	404.9	2563.3	2847.0	4293.4
205.2	408.4	2601.4	3011.4	4237.9
206.9	421.8	2565.6	2994.0	4271.2
211.8	435.1	2483.8	2962.8	4262.9
213.2	440.0	2434.8	3014.7	4233.1
217.7	466.7	2344.7	3005.7	4268.6
219.2	525.7	2242.9	2960.6	4231.8
221.2	600.3	2177.2	2933.3	4283.3
223.9	661.0	2132.3	2920.2	4292.0
222.8	672.8	2078.3	2896.7	4273.4
223.5	674.1	2046.5	2903.9	4296.9
223.5	678.6	2005.5	2854.2	4251.1
224.2	682.8	1991.0	2834.6	4279.2
224.6	688.1	1979.0	2843.1	4338.7
225.1	687.8	1951.6	2835.8	4320.9
226.2	683.7	1933.1	2827.1	4323.8
227.0	676.5	1914.8	2838.1	4310.0
224.6	666.7	1847.3	2784.7	4236.3
225.1	655.8	1747.9	2725.7	4135.2
219.5	479.3	1612.0	2699.9	4008.7
213.5	441.2	1588.6	2673.1	4042.1
75.1	501.0	1613.4	2693.6	4290.0
0.0	584.1	1649.8	2724.5	4279.6
245.6	657.3	1893.1	2880.8	4018.6
0.0	724.9	2264.5	2916.3	3785.6
0.0	1173.0	2409.2	3117.7	4197.3
0.0	1045.1	2385.0	3189.5	4352.0
0.0	737.2	1874.7	2856.0	4229.4
0.0	809.1	1406.5	2652.2	4140.2
0.0	817.8	1349.8	2640.2	4156.1
104.0	812.7	1328.3	2659.9	4145.3
208.3	816.7	1312.8	2703.1	4159.5
205.1	825.0	1317.0	2753.6	4190.2
202.3	831.6	1354.6	2786.5	4166.7
200.4	829.5	1355.2	2808.9	4159.0
199.4	823.0	1370.2	2841.6	4168.5
199.0	808.5	1394.7	2852.7	4157.7
198.4	787.4	1407.8	2871.0	4169.6
198.4	766.5	1410.6	2966.9	4207.1
199.2	750.7	1408.2	2995.6	4215.9
199.6	704.2	1393.4	2994.9	4237.7
198.8	645.8	1358.9	2959.3	4281.1
198.2	513.4	1332.8	2875.3	4278.1
197.0	432.2	1347.6	2814.6	4210.4
194.5	436.7	1380.6	2881.3	4116.2
97.2	451.7	1469.6	2802.7	4010.8
192.9	455.7	1594.2	2971.9	4120.5
98.6	496.9	1597.3	3003.1	4286.1
98.5	525.6	1700.3	2995.3	4332.3
172.4	526.6	1728.8	2973.9	4325.5
191.7	524.3	1743.9	2949.2	4266.1
196.1	477.6	1752.6	2929.1	4302.4
196.7	465.5	1760.9	2979.8	4299.9
195.1	458.9	1781.0	2989.9	4326.9
190.8	500.6	1816.3	3069.5	4313.0
185.5	946.8	2122.0	3262.9	4269.1
184.9	877.0	2425.4	3342.2	4386.3
64.8	947.7	2386.2	3426.8	4446.1
64.5	1227.7	2531.0	3592.7	4466.7
0.0	1323.8	2454.3	3560.7	4460.7
0.0	1252.6	2358.0	3471.8	4540.5
315.8	1101.0	2315.2	3431.2	4450.3
0.0	1032.8	2196.1	3419.1	4242.8
0.0	1083.2	2241.7	3426.9	4237.7
193.5	1066.8	1953.3	3209.3	4321.6
0.0	559.8	1654.8	2838.9	4325.6
0.0	589.1	1595.7	2744.0	4308.8
449.5	661.2	1718.9	2952.0	4216.2
112.6	705.1	2199.6	3073.0	4259.1
0.0	768.8	2330.1	3248.8	4451.3
0.0	1135.8	2410.8	3251.1	4505.0
0.0	200.0	1584.2	3000.3	4326.1
0.0	814.6	1596.4	2790.2	4311.7
0.0	821.5	1616.8	2842.7	4295.6
99.2	822.8	1602.5	2951.9	4331.2
196.1	805.6	1571.8	2938.9	4336.8
192.6	795.4	1556.0	2891.8	4305.2
192.6	784.1	1521.9	2861.7	4322.6
189.6	772.3	1486.9	2847.4	4373.7
188.6	744.6	1475.9	2904.3	4328.6
187.8	728.0	1482.3	2895.0	4284.2
186.1	695.8	1458.1	2876.7	4237.9
184.3	577.2	1433.9	2876.8	4182.2
183.6	500.4	1431.8	2876.9	4188.7
179.0	469.1	1451.7	2893.1	4137.1
180.1	439.0	1479.6	2824.6	4142.1
91.2	434.7	1511.5	2835.2	4197.1
185.3	607.7	1607.0	2892.2	4210.2
190.9	654.8	1688.8	2956.3	4216.8
187.0	678.4	1692.9	2889.1	4090.4
175.8	689.7	1741.2	2787.8	4016.7
176.9	690.8	1763.1	2790.7	4009.0
175.8	688.5	1762.9	2845.3	3888.0
175.8	686.4	1679.5	2405.9	3764.4
175.8	675.3	1633.5	2298.3	3740.3
177.8	683.1	1607.4	2211.1	3822.2
178.0	680.2	1639.1	2204.2	3803.4
181.4	711.6	1647.3	2520.8	3821.9
183.2	710.8	1700.9	2714.4	3977.5
180.0	740.3	1795.3	2470.6	3953.4
178.7	797.5	1892.6	2816.6	4141.0
173.9	934.1	1909.1	3098.8	4190.0
86.8	934.1	1878.9	2992.4	4067.9
72.5	1069.5	1945.3	2956.8	3985.3
170.7	736.0	1791.3	3023.7	3885.5
105.5	778.8	1776.5	3131.7	3927.7
64.0	843.8	1757.3	3084.7	4039.7
0.0	767.7	1696.8	3076.7	4097.0
94.0	969.9	1749.0	3273.9	4160.6
72.4	1254.5	1828.4	3287.5	4217.1
0.0	930.9	1673.8	3159.8	4075.7
0.0	981.0	1629.3	3183.1	4121.9
