0.0	0.0	0.0	0.0	0.0
0.0	0.0	0.0	0.0	0.0
0.0	0.0	0.0	0.0	0.0
0.0	835.0	1905.0	3054.6	4102.8
0.0	834.7	1877.2	3104.3	4221.9
0.0	889.1	1901.9	3164.1	4339.4
0.0	1113.1	2202.9	3266.9	4331.5
0.0	1090.4	2199.1	3209.2	4266.9
0.0	1161.3	2248.0	3264.3	4301.6
0.0	1072.4	2276.5	3311.1	4406.5
0.0	1038.4	2233.2	3205.5	4280.6
0.0	991.9	2002.8	3170.4	4191.9
0.0	991.9	2117.8	3333.8	4269.4
0.0	1051.0	2277.9	3306.5	4284.8
63.5	973.6	2165.6	3247.4	4275.4
126.7	835.6	2031.8	3165.2	4219.9
0.0	857.8	1890.0	3009.6	4183.0
0.0	772.4	2007.2	2941.0	4246.8
0.0	546.6	2032.1	2940.7	4239.5
0.0	509.4	2028.6	2821.1	4274.5
209.3	510.2	2076.0	2819.8	4279.3
216.0	499.7	2122.1	2824.8	4262.6
220.0	521.0	2160.8	2873.5	4273.5
218.5	523.9	2195.8	2874.1	4284.2
217.9	440.7	2250.3	2881.8	4316.1
217.9	441.1	2316.3	2903.3	4315.5
219.4	439.6	2346.9	2912.1	4325.1
223.6	449.7	2417.8	2969.8	4334.9
226.8	472.3	2488.0	2985.1	4338.7
227.0	452.5	2489.4	2982.6	4317.6
224.3	482.3	2497.3	2956.6	4334.6
225.8	456.4	2512.4	2979.5	4382.7
224.1	474.4	2512.7	3025.7	4371.0
223.4	437.7	2508.7	3039.8	4357.7
222.4	455.5	2525.6	2997.9	4343.5
222.5	437.8	2517.9	2942.4	4297.3
225.2	445.8	2475.2	2884.0	4264.3
223.0	451.4	2435.6	2845.6	4231.2
225.7	458.0	2393.6	2764.3	4235.2
223.7	448.1	2350.0	2737.2	4230.2
225.1	442.0	2249.0	2705.7	4183.2
221.3	451.5	2183.5	2713.0	4199.3
222.7	443.1	2128.5	2706.8	4226.9
220.5	447.4	2109.9	2704.1	4213.8
221.3	441.0	2092.4	2740.4	4217.0
222.3	438.8	1997.3	2728.8	4289.9
218.5	434.9	1930.7	2782.5	4306.8
217.4	426.5	1933.0	2911.3	4336.1
208.7	460.5	2023.1	3511.4	4543.1
101.7	886.7	2076.3	3799.8	4644.9
187.5	887.6	2130.3	3819.7	4586.2
63.5	924.1	2191.3	3924.3	4690.1
0.0	999.0	2130.5	3834.2	4719.1
214.3	928.7	2094.9	3725.2	4552.4
184.6	786.8	2143.3	3619.8	4488.0
428.6	1164.9	2231.0	3492.0	4454.7
0.0	1238.9	2250.3	3449.8	4393.0
78.6	1258.9	2304.6	3311.6	4329.4
0.0	1243.2	2342.5	3171.5	4280.1
0.0	1221.4	2366.7	3284.7	4162.4
0.0	1236.8	2356.5	3317.4	4132.8
0.0	1243.8	2285.4	3211.9	4133.2
79.7	1229.3	2277.4	3204.6	4202.1
0.0	1228.5	2327.7	3363.9	4340.4
0.0	1200.6	2034.7	3122.2	4244.5
0.0	793.4	2070.5	3073.6	4153.4
0.0	672.2	2129.3	2961.3	4196.9
122.4	637.0	2124.1	2756.4	4308.6
120.4	801.4	2140.0	2870.0	4280.2
441.3	946.9	2189.0	2874.1	4369.7
0.0	553.8	2226.1	2855.5	4334.3
245.8	583.5	2270.2	2876.6	4354.5
235.0	590.5	2313.8	2906.3	4325.6
228.9	586.3	2356.8	2920.0	4337.0
226.7	579.0	2445.4	2939.7	4357.5
224.7	587.8	2507.8	2925.3	4348.8
221.6	594.7	2536.7	2883.2	4418.5
221.0	622.2	2570.9	2854.4	4503.5
221.4	581.1	2555.4	2811.0	4456.1
216.9	471.9	2367.3	2794.7	4365.8
223.9	469.6	2111.4	2684.5	4286.6
227.3	451.1	2046.1	2717.9	4199.3
232.3	396.0	1428.8	2669.0	4176.7
229.0	253.7	1334.4	2700.3	4074.5
116.5	254.0	2192.4	3136.7	4097.1
77.8	232.7	2003.3	3405.6	4305.4
75.8	358.6	1955.6	3341.8	4328.5
231.0	865.2	1983.4	3321.3	4267.6
114.0	1126.3	2123.2	3346.5	4212.7
111.1	1056.0	2118.5	3206.2	4228.8
69.4	966.9	2107.5	3146.6	4320.5
0.0	944.6	2207.1	3243.0	4209.0
0.0	1053.8	2327.0	3203.7	4134.6
0.0	1293.3	2307.1	3174.0	4254.4
121.9	1171.2	2228.9	3297.4	4240.1
0.0	1058.0	2349.8	3229.8	4246.1
151.7	1128.0	2240.1	3194.3	4240.5
0.0	1266.9	2223.7	3296.0	4242.3
0.0	1244.0	2525.2	3367.8	4335.8
0.0	1137.8	2491.8	3302.8	4364.1
117.0	1109.2	2410.1	3328.0	4439.6
0.0	1055.3	2358.9	3319.8	4369.1
0.0	961.7	2271.6	3288.5	4274.5
0.0	764.0	2134.2	3218.7	4251.3
0.0	843.3	2147.8	3149.3	4364.9
235.3	866.7	2193.9	3008.4	4353.0
142.9	920.4	2177.7	2946.5	4213.9
461.5	999.6	2287.9	2946.9	4196.7
110.9	894.7	2524.2	2959.3	4164.7
175.1	940.1	2555.3	2948.6	4284.9
210.5	492.1	2551.9	2895.1	4356.3
258.1	551.1	2587.9	2913.5	4347.4
227.3	585.6	2588.3	2954.6	4326.1
216.2	609.3	2556.5	2945.6	4314.2
212.6	623.4	2573.0	2946.4	4324.5
211.8	634.3	2575.2	2941.9	4312.5
210.3	639.2	2557.4	2943.7	4281.1
209.8	641.2	2572.0	2946.8	4271.8
210.2	630.3	2550.5	2932.4	4211.2
210.2	627.9	2506.3	2927.0	4225.1
209.0	632.0	2496.6	2919.2	4254.6
208.8	638.6	2472.4	2909.9	4215.8
210.8	642.2	2410.3	2904.0	4195.5
208.5	649.6	2312.9	2876.1	4193.6
207.1	654.9	2260.1	2921.6	4181.4
206.2	674.6	2245.3	2916.9	4168.6
206.2	679.6	2226.2	2865.8	4166.1
207.4	683.5	2208.1	2868.8	4183.8
207.1	673.1	2135.7	2880.2	4195.3
206.9	674.3	2081.8	2870.6	4154.3
206.6	672.6	2032.5	2874.9	4153.1
206.7	657.6	1938.4	2918.4	4181.8
205.7	612.3	1794.1	2804.7	4158.8
202.8	570.0	1742.1	2684.0	4257.8
200.8	498.4	1747.1	2682.7	4272.2
102.6	488.6	1679.4	2705.0	4245.3
226.8	484.4	1691.6	2785.1	4190.8
112.1	519.4	1682.7	2882.2	4131.5
66.5	536.8	1809.8	3042.0	4200.4
111.7	560.2	2008.7	3134.6	4246.7
83.0	1099.4	2158.7	3233.0	4253.2
82.7	1258.8	2405.9	3372.3	4316.5
118.0	1161.0	2309.2	3363.7	4248.4
0.0	772.5	1826.2	3173.2	4139.0
0.0	672.2	1252.2	2665.9	4014.9
0.0	659.3	1243.7	2593.3	4071.4
229.4	629.1	1277.6	2553.3	4087.4
0.0	622.4	1289.4	2508.8	4038.4
187.0	623.9	1293.0	2480.2	4050.6
192.1	623.6	1306.8	2444.8	4099.8
195.0	616.4	1311.0	2439.1	4104.5
193.1	604.4	1288.5	2452.7	4131.7
191.8	578.1	1261.8	2474.4	4208.3
191.4	568.4	1260.9	2494.6	4232.5
189.8	526.5	1295.1	2719.9	4303.9
94.6	681.8	1817.7	3122.9	4325.9
63.5	1083.1	2228.2	3388.5	4301.0
82.3	964.3	2409.0	3354.9	4391.1
78.7	1206.0	2491.3	3407.0	4383.3
0.0	1236.7	2309.2	3340.3	4325.3
0.0	1090.8	2171.2	3229.4	4351.3
0.0	1074.4	2091.3	3236.2	4390.9
0.0	1068.0	2241.7	3129.0	4294.4
0.0	1137.8	2306.6	3227.3	4235.8
0.0	1052.8	2049.7	3182.6	4361.1
0.0	690.2	1519.2	2957.3	4519.5
156.9	969.5	1554.4	3047.7	4416.2
499.2	1204.5	1844.3	2991.6	4519.7
81.9	954.4	1733.3	2897.2	4421.0
0.0	905.6	1594.7	2871.8	4297.8
175.7	1045.6	1807.2	2918.5	4271.2
277.5	908.4	1863.6	2794.2	4074.6
188.6	742.6	1706.7	2738.6	3971.3
398.0	867.3	1641.8	2627.7	3938.7
112.5	489.1	1650.2	2598.6	3958.1
0.0	483.2	1687.6	2426.1	3908.4
241.4	470.8	1809.1	2291.3	3828.7
213.4	536.4	2075.6	2385.3	3811.4
210.9	587.1	2283.5	2637.4	3883.4
207.2	596.2	2435.0	2749.3	3971.5
204.8	592.7	2610.9	2849.2	4024.5
203.1	573.2	2647.7	2838.3	3999.3
202.0	525.1	2601.3	2857.1	4026.1
200.8	497.8	2655.4	2905.8	4025.1
199.9	480.3	2664.7	2924.6	4027.4
199.3	469.3	2608.8	2964.8	4089.6
198.1	472.5	2562.3	2961.8	4091.9
197.4	463.1	2519.6	2900.7	4034.4
196.9	459.9	2299.7	2883.0	3994.2
197.2	497.6	1368.0	2757.3	4087.7
198.0	488.4	1210.3	2629.7	4252.3
196.9	460.6	1187.5	2570.9	4214.4
196.6	457.4	1192.7	2537.2	4215.6
195.5	443.1	1181.1	2611.6	4199.5
194.0	395.9	1172.0	2603.4	4255.9
193.1	373.4	1181.6	2503.3	4283.6
193.2	378.7	1182.9	2582.0	4184.6
194.5	382.8	1163.6	2705.7	4398.4
195.3	374.2	1210.5	2845.4	4401.0
194.0	365.1	2305.2	3081.6	4246.2
194.4	485.6	2300.3	3363.9	4389.8
188.9	914.6	2339.0	3197.0	4370.4
92.1	799.6	1885.6	2868.4	3992.8
0.0	808.7	1703.8	2701.9	4048.1
0.0	840.1	1725.4	2701.0	4135.0
64.9	890.7	1737.8	2678.1	4107.2
336.1	926.6	1745.7	2639.1	4057.8
76.4	888.8	1777.6	2574.2	4070.2
0.0	844.8	1634.9	2578.2	4111.5
218.2	823.2	1608.2	2593.0	4172.2
228.3	814.0	1568.2	2457.4	4073.7
199.9	813.4	1537.4	2400.5	4028.9
192.1	808.7	1522.4	2379.5	4002.5
192.7	815.4	1509.7	2367.7	3996.5
189.4	797.4	1486.7	2366.9	3972.4
186.5	779.2	1479.4	2372.4	3931.8
185.7	760.6	1463.0	2417.3	3909.5
185.5	742.8	1447.2	2402.5	3906.3
185.0	726.7	1468.7	2456.0	3960.4
184.0	711.5	1449.2	2533.7	3994.1
182.3	704.5	1474.8	2572.2	3990.9
181.0	697.8	1504.6	2583.3	4007.9
180.4	692.8	1559.2	2550.6	4097.2
180.6	660.6	1640.6	2595.0	4061.4
181.2	632.2	1687.9	2560.9	3621.1
182.4	578.2	1707.0	2658.7	3519.0
181.3	427.9	1819.9	2961.5	4099.9
86.1	356.9	1868.0	3031.6	4192.6
86.2	540.0	2042.9	3165.9	4118.8
174.2	843.8	2184.3	3264.3	4106.4
0.0	577.5	2135.5	2949.0	4099.3
0.0	547.1	2022.8	2691.6	4101.8
185.0	553.2	2014.9	2634.0	3890.3
179.4	554.1	2003.9	2589.4	3878.9
178.9	571.8	2001.6	2561.6	3828.8
182.8	594.4	1966.8	2545.6	3804.8
182.5	639.1	1964.2	2575.2	3843.9
184.0	716.3	1972.1	2623.5	3837.6
184.3	748.7	2032.5	2650.7	3864.6
186.3	774.5	1948.6	2690.4	3841.2
191.5	821.9	1965.0	2817.7	3792.6
177.5	838.8	1996.4	2903.6	3829.3
80.0	826.9	1956.3	3093.6	3806.8
81.4	840.8	1956.0	3327.7	4027.2
0.0	809.6	1809.5	3278.9	3965.0
0.0	806.4	1738.1	3211.5	3956.6
352.5	921.4	1642.7	3290.8	4201.9
0.0	916.5	1602.0	3295.6	4218.3
289.4	909.4	1584.3	3142.3	4300.9
0.0	807.9	1544.3	3078.2	4215.3
0.0	847.2	1554.2	3067.3	4148.4
84.4	1066.8	1668.8	3088.8	4202.8
0.0	899.4	1671.6	2997.8	4146.8
0.0	849.6	1636.9	2996.2	4244.0
