0.0	0.0	0.0	0.0	0.0
0.0	0.0	0.0	0.0	0.0
0.0	0.0	0.0	0.0	0.0
0.0	1056.7	2229.9	3226.8	4468.1
0.0	1122.2	2297.5	3158.7	4302.9
0.0	846.6	2251.4	3183.9	4274.5
0.0	880.2	2246.5	3325.2	4370.6
0.0	779.2	2249.9	3276.1	4283.1
0.0	799.3	2172.2	3211.5	4174.6
0.0	1217.7	2298.9	3391.4	4312.5
0.0	972.6	2133.5	3256.7	4315.9
0.0	930.5	2226.1	3323.8	4424.3
0.0	1194.6	2300.5	3349.0	4397.2
63.5	991.1	2237.2	3227.7	4286.8
0.0	989.8	2318.8	3305.4	4317.7
0.0	1206.1	2357.9	3236.2	4289.7
0.0	879.2	2196.2	3194.6	4229.2
0.0	806.0	1780.0	3028.1	4200.7
0.0	872.7	1779.0	2862.6	4160.1
0.0	915.3	1879.0	2894.9	4142.6
144.6	917.8	1742.9	2885.8	4182.5
0.0	927.2	1742.5	2885.3	4171.6
352.9	909.0	1763.7	2846.9	4172.5
239.3	726.5	1603.8	2794.1	4149.6
246.2	734.4	1493.6	2831.3	4174.9
230.8	726.1	1482.1	2894.3	4172.5
226.3	703.9	1488.4	2942.8	4144.9
226.6	682.2	1283.1	2966.2	4154.6
229.3	662.2	1233.1	2994.7	4210.4
231.8	632.8	1166.1	3017.0	4269.9
232.2	607.9	1150.3	3005.6	4312.1
234.4	597.9	1142.9	3009.6	4341.1
233.5	559.5	1148.5	3072.3	4370.1
230.7	541.3	1149.5	3110.1	4371.4
234.0	533.6	1161.6	3058.4	4402.2
230.8	526.0	1182.6	3067.7	4421.7
228.8	537.0	1344.7	3065.6	4315.1
225.9	540.3	1519.5	3018.2	4280.1
221.1	549.1	1584.2	3006.6	4408.5
212.6	540.3	1715.1	3047.6	4505.3
205.4	517.7	1690.6	3035.4	4673.7
200.2	502.6	1748.1	3028.0	4440.8
196.4	573.4	1925.9	3204.3	4199.4
65.1	1204.4	2110.0	3295.7	4348.3
66.1	1171.7	2240.4	3381.9	4286.8
65.9	1207.0	2281.5	3376.2	4153.0
63.5	1125.0	2176.0	3319.3	4125.5
0.0	1197.6	2202.5	3282.4	4253.7
0.0	1003.4	2258.9	3381.6	4568.8
500.0	937.8	2169.9	3428.7	4646.7
500.0	1071.5	2207.5	3522.4	4609.0
0.0	778.9	2155.1	3512.3	4781.0
571.4	795.9	2106.2	3486.0	4666.4
400.0	949.4	1969.2	3341.6	4456.4
0.0	402.2	2166.4	3265.7	4380.9
0.0	462.0	2280.0	3124.4	4164.9
0.0	404.4	1878.7	2827.3	4054.0
249.4	414.7	1501.5	2773.9	4077.1
223.6	409.8	1395.1	2747.2	4047.3
205.7	402.0	1342.8	2663.7	4029.7
203.1	391.9	1253.9	2752.1	4061.4
200.1	396.0	1245.4	2853.3	4062.9
199.6	559.7	1197.2	2779.8	4098.1
197.1	586.4	1096.3	2589.7	4101.2
195.3	597.6	1121.1	2581.7	4105.4
193.6	650.5	1167.1	2705.5	4058.6
191.5	832.5	1293.8	2634.2	4016.6
191.7	789.5	1222.9	2470.4	4061.4
191.2	735.6	1252.7	2451.4	4032.3
190.9	722.5	1277.3	2371.0	3990.4
189.6	610.5	1209.4	2172.0	3961.3
187.9	524.8	1238.4	2070.3	3926.5
188.1	550.7	1310.5	2058.6	3932.6
188.3	560.4	1270.1	1980.3	3993.1
187.6	575.5	1282.2	2015.8	3979.1
187.8	662.6	1304.7	2079.7	3934.6
190.2	696.9	1310.4	2200.0	3956.9
188.2	711.0	1313.1	2257.2	3973.0
189.0	691.8	1307.4	2389.0	4022.6
187.5	694.9	1298.0	2584.3	4067.3
187.8	673.4	1278.3	2758.6	4121.5
187.8	678.8	1214.2	2803.4	4224.2
188.0	566.6	1128.6	2886.8	4270.4
186.6	545.4	1110.1	2876.2	4310.9
186.6	536.6	1046.5	2839.2	4315.5
186.8	776.0	2059.7	3117.3	4275.6
180.0	982.2	2171.4	3198.7	4313.0
168.9	1022.0	2321.0	3274.5	4398.4
81.6	1066.9	2306.5	3360.9	4306.4
76.3	943.8	2249.1	3363.7	4357.0
154.5	954.4	2108.3	3290.2	4276.7
165.2	793.8	1721.3	3092.4	4037.4
169.0	781.8	1777.6	3038.1	4084.0
212.9	540.5	1280.8	2778.7	4049.4
212.9	635.0	1365.7	2243.1	4073.0
188.0	620.4	1354.3	2043.7	3936.6
186.0	643.1	1369.5	2474.6	3953.0
183.6	620.1	1340.8	2833.3	4005.4
182.0	624.8	1350.4	2912.2	4067.1
182.4	575.3	1364.7	2806.4	3984.3
182.1	558.8	1399.1	2690.9	3952.1
178.3	511.5	1439.7	2695.5	4019.9
180.9	474.2	1536.5	2750.9	4029.4
180.7	439.4	1602.7	2889.0	4044.3
179.0	414.2	1686.1	2941.6	4055.4
178.6	494.7	1817.9	2891.4	3978.7
185.8	544.0	1941.5	2844.1	3992.5
188.9	1535.3	2214.6	3138.6	4128.6
90.9	655.4	2211.9	3165.6	4297.2
168.8	891.8	2219.5	3362.5	4274.8
82.1	982.4	2167.9	3266.9	4151.4
0.0	1026.6	2112.8	3177.8	4142.4
0.0	766.5	2103.8	3210.8	4196.3
0.0	782.3	2192.1	3112.7	4262.2
0.0	875.1	2178.0	3202.9	4263.8
0.0	932.9	2183.6	3111.6	4166.2
0.0	1019.7	2277.6	3118.9	4297.1
127.6	812.7	2151.7	3065.7	4193.5
0.0	730.6	2153.8	3120.9	4037.0
0.0	640.9	1985.5	3040.8	3934.6
0.0	446.3	1662.0	2837.5	3938.6
216.6	428.0	1488.8	2764.4	4001.5
204.8	454.9	1466.2	3015.1	4116.3
196.8	502.2	1766.0	2915.8	4210.3
192.7	565.0	1797.2	2928.2	4157.8
192.4	553.4	1836.9	2995.1	4170.7
193.4	432.1	1108.7	2886.9	4069.4
200.3	441.0	1071.7	2881.6	4204.1
205.2	478.3	1166.0	2951.3	4218.1
210.6	553.8	1290.3	2964.1	4145.0
211.3	608.6	1376.0	2990.6	4134.0
209.6	660.0	1478.2	2997.0	4188.5
209.2	681.4	1548.5	2943.1	4245.8
208.8	704.4	1569.3	2972.1	4179.3
208.1	686.9	1434.3	3027.9	4269.7
207.2	677.3	1394.2	3055.2	4315.7
206.7	685.3	1338.7	3042.5	4310.8
206.8	669.4	1236.2	3072.7	4292.5
205.8	631.7	1189.2	3136.7	4245.0
204.4	611.8	1176.8	3172.8	4196.6
202.9	594.0	1162.7	3169.2	3955.3
200.7	587.5	1163.3	3175.7	3979.7
198.4	608.6	1169.2	3161.2	4021.1
196.7	689.7	1238.4	3115.4	4062.8
195.8	750.7	1312.8	3098.0	4129.7
193.5	774.3	1396.3	3051.2	4134.1
190.3	811.8	1543.2	2996.4	4137.8
188.2	789.3	1583.9	2897.4	4139.2
186.2	841.4	1669.2	2891.9	4159.6
183.9	745.9	1719.1	2853.2	4191.7
184.0	693.4	1864.4	2930.7	4182.0
183.6	652.1	1937.0	2991.7	4165.0
182.8	361.0	1959.9	2942.4	4099.9
181.6	362.8	2220.4	3255.2	4115.9
184.0	365.1	2387.8	3111.0	4195.8
182.2	376.5	2429.5	3088.7	4373.9
181.2	692.7	2608.2	3278.9	4225.9
182.0	804.7	2688.9	3295.2	4198.8
175.0	804.2	2707.8	3260.3	4178.9
171.5	879.2	2736.0	3393.6	4065.0
176.7	859.6	2728.6	3369.8	4100.7
182.1	872.0	2842.3	3319.0	4158.3
192.9	853.6	2929.7	3378.4	4222.9
200.2	488.5	2856.7	3330.2	4244.1
211.2	456.7	2788.6	3299.7	4291.2
213.6	435.4	2750.8	3210.5	4301.9
212.3	444.6	2677.9	3117.1	4233.9
211.1	467.6	2517.2	3071.5	4222.0
210.5	433.0	2303.4	3005.0	4136.1
208.8	426.6	1887.3	2827.0	4046.5
205.7	412.4	1631.9	2710.8	4040.2
202.6	401.4	1452.4	2659.0	4109.3
199.4	387.1	1754.9	2689.5	4057.1
199.1	378.9	2147.1	2839.1	4118.3
195.8	381.9	1231.5	2862.5	4130.7
193.6	460.4	1830.3	3049.3	4060.9
193.1	559.0	1879.0	3104.0	4112.6
189.5	567.3	1966.0	3116.0	4143.5
188.9	528.0	2049.9	3119.7	4180.5
187.9	392.9	2061.2	3115.3	4261.2
185.2	366.0	1996.6	3085.1	4292.8
182.8	362.3	2095.4	2972.5	4200.5
182.9	365.3	2199.5	2961.2	4297.5
182.6	358.0	2173.6	2974.1	4222.4
181.4	354.5	1909.1	2896.2	4250.7
180.3	352.8	1851.5	2820.3	3999.3
179.3	351.1	1971.0	2675.3	3794.1
178.2	398.1	2058.2	2812.1	4103.8
179.7	462.3	1987.8	3055.3	4271.9
88.4	512.4	1983.4	3220.5	4391.8
70.9	733.4	1874.8	3251.6	4220.2
0.0	767.7	1968.8	2804.9	4028.0
0.0	910.1	2077.9	2791.3	4110.5
0.0	912.2	2128.3	2832.9	4202.8
571.4	877.4	2340.3	2948.2	4181.7
158.4	883.6	2237.0	2973.8	4017.3
322.6	861.5	2157.4	2925.0	4105.5
231.0	849.7	2179.2	2811.1	4156.0
216.4	785.8	2205.1	2719.4	4069.8
201.6	754.4	2174.9	2840.7	4092.3
196.4	744.6	2100.5	2856.9	4116.0
194.7	752.8	2145.5	2894.2	4060.7
192.2	741.0	2176.8	2909.7	4086.5
191.9	742.8	2212.7	2894.4	4108.1
192.8	739.1	2244.2	2892.5	4199.4
193.1	731.4	2157.3	2894.2	4100.6
192.8	722.6	1955.3	2948.6	4043.2
193.0	715.0	2049.6	2956.6	4103.7
193.1	760.8	2138.5	2886.3	4090.1
190.9	771.1	2241.1	2925.8	4052.8
190.3	869.0	2342.8	2968.5	3917.8
185.0	893.7	2641.0	3303.5	3924.2
90.4	1089.1	2692.4	3470.1	4121.6
0.0	1382.9	2787.1	3470.8	4209.8
0.0	1323.7	2749.2	3505.0	4139.6
0.0	1388.2	2721.4	3445.3	4094.7
0.0	1534.9	2739.0	3405.8	4205.5
0.0	1387.0	2699.4	3471.5	4193.7
110.6	1464.9	2641.3	3493.0	4094.0
0.0	946.6	2594.1	3441.2	3950.1
210.5	768.8	2285.9	3156.3	3909.1
0.0	742.2	2100.3	2919.1	4004.1
0.0	765.3	2045.5	2898.4	4128.2
234.7	599.4	2007.8	2950.2	4320.3
202.0	573.5	1978.0	2905.7	4463.4
181.6	382.9	1863.4	2704.6	4242.5
178.7	345.7	1840.7	2862.8	3630.7
173.8	344.8	1795.1	2954.2	3943.7
171.5	336.7	1928.9	2803.6	3982.6
169.9	340.8	2124.1	2866.2	3904.6
168.7	352.6	2040.3	2821.4	3792.6
172.0	330.4	1989.4	2834.2	3914.7
174.6	368.1	1893.3	2902.5	4052.1
176.3	412.6	1858.6	2898.9	4013.3
176.7	369.7	1886.6	2969.1	3972.5
176.0	353.6	1946.2	2881.6	4053.3
172.2	369.4	2024.9	2821.1	4206.6
170.8	351.5	1963.9	2870.5	4339.8
170.9	786.6	2024.4	3518.2	4513.7
166.5	760.3	2190.0	3738.4	4686.3
82.9	937.5	2305.1	3861.3	4813.1
68.4	1143.3	2473.5	4033.8	4783.8
0.0	1495.7	2583.5	3990.5	4768.5
0.0	1021.8	2402.7	3830.7	4720.1
0.0	1057.3	2457.1	3739.1	4726.1
0.0	1445.0	2427.5	3572.2	4684.5
375.7	1458.8	2357.9	3470.3	4693.3
0.0	1213.0	1980.6	3387.7	4512.2
253.6	954.2	1776.6	3234.8	4391.1
265.6	746.8	1813.6	2922.3	4281.6
176.8	685.4	1853.3	2742.6	4232.0
0.0	687.0	1841.9	2820.2	4218.0
327.9	801.5	1899.3	2871.1	4150.7
315.4	829.6	1813.3	2865.1	4062.8
73.6	836.9	1812.4	2851.5	4068.2
0.0	760.9	1820.8	2908.8	4142.2
0.0	741.6	1928.9	3184.4	4258.9
63.5	710.1	1959.1	3066.9	4221.7
