0.0	0.0	0.0	0.0	0.0
0.0	0.0	0.0	0.0	0.0
0.0	0.0	0.0	0.0	0.0
0.0	857.5	2047.9	3098.7	4471.4
0.0	895.8	1999.3	3086.5	4222.1
0.0	1019.9	1908.5	3080.0	4254.1
137.0	1045.0	1899.3	3162.5	4241.2
0.0	818.9	1998.6	3154.1	4216.6
0.0	919.8	2152.9	3070.5	4229.2
0.0	1064.2	2218.6	3180.3	4231.5
0.0	1109.2	2204.9	3164.7	4268.8
0.0	1064.4	2258.6	3307.7	4292.6
0.0	1008.8	2235.9	3401.5	4316.3
0.0	896.9	2242.9	3297.6	4290.1
0.0	992.2	2300.3	3269.3	4246.5
0.0	1064.8	2165.4	3273.4	4292.1
0.0	698.6	2086.4	3176.1	4277.7
402.7	849.5	1421.1	2876.8	4057.5
330.3	868.8	1436.7	2859.5	3840.2
309.0	836.4	1465.6	2853.7	3830.8
239.4	818.1	1444.3	2848.2	3935.3
227.8	813.2	1479.2	2850.0	4105.1
232.1	829.0	1420.0	2816.4	4129.5
238.6	784.1	1341.6	2804.5	4122.6
236.0	722.0	1236.9	2828.8	4129.9
241.0	654.0	1299.3	2871.7	4150.3
239.1	637.4	1965.9	3097.9	4155.9
76.5	444.2	2159.9	3355.5	4280.1
213.7	1113.3	2227.3	3240.1	4306.0
219.5	1138.1	2264.0	3223.2	4288.8
107.3	1241.5	2372.8	3393.7	4235.7
69.7	1052.1	2368.1	3301.7	4176.1
201.8	1021.3	2128.9	3099.9	4141.3
99.2	990.8	1966.1	3115.7	4246.8
0.0	1002.4	2105.6	3234.4	4266.6
0.0	872.9	2055.1	3187.6	4209.4
0.0	1174.1	2377.9	3223.8	4416.0
0.0	1324.5	1469.0	3169.3	4406.3
0.0	1188.6	1554.2	3196.6	4529.4
0.0	807.3	1418.5	2938.2	4424.4
0.0	1041.7	1540.5	3140.2	4258.2
0.0	1251.3	1820.9	3066.7	4140.1
186.8	1245.3	1915.5	2989.0	4110.2
200.2	1136.3	1924.6	3072.8	4145.7
0.0	1127.5	1889.8	3078.8	4205.3
140.5	993.5	1430.3	3023.2	4230.6
85.1	902.6	1411.2	2839.0	4173.3
282.0	666.4	1145.4	2641.5	4145.6
297.9	648.2	971.1	2602.9	4120.4
298.7	705.8	1041.1	2537.8	4124.5
296.6	736.1	1166.4	2366.0	4147.9
294.2	738.8	1235.0	2274.7	4071.3
290.8	736.8	1330.1	2229.5	4036.7
290.8	733.8	1386.7	2139.3	4091.0
292.6	728.8	1455.0	2086.9	4098.1
294.3	708.6	1488.4	2073.7	3973.7
296.2	698.1	1547.0	2084.3	4031.3
299.0	685.3	1666.9	2096.9	4073.6
302.9	654.3	1806.3	2144.6	4068.0
309.6	626.0	1924.5	2341.6	4105.3
310.4	582.0	2031.6	2585.2	4124.7
303.5	699.0	2102.7	3052.4	4095.9
292.9	954.4	2443.4	3565.5	4265.8
142.5	1063.8	2649.4	3785.0	4373.9
69.6	1339.7	2843.9	3899.8	4613.7
0.0	1123.8	2757.3	3737.6	4715.6
90.9	1291.1	2713.2	3770.9	4503.6
148.1	1118.4	2595.2	3493.8	4420.2
0.0	1178.8	2640.0	3450.1	4462.9
545.5	1205.8	2502.3	3390.0	4355.7
0.0	1061.5	2448.8	3394.4	4323.2
0.0	1148.5	2369.4	3372.0	4253.2
413.8	870.1	2209.9	3156.8	4219.0
0.0	1129.8	2259.6	3231.8	4260.4
0.0	1119.7	2250.2	3333.9	4236.0
0.0	1061.9	2128.0	3239.3	4268.4
0.0	993.1	2205.1	3187.8	4252.2
0.0	1075.4	2229.6	3256.1	4255.0
0.0	1069.3	2164.7	3368.7	4286.9
0.0	1047.2	2257.1	3318.1	4240.9
0.0	852.2	2686.2	3974.3	4028.8
0.0	484.1	2595.3	3823.3	4191.2
0.0	413.1	2294.3	3185.5	4177.3
194.8	399.3	2353.8	3175.3	4098.3
194.2	409.0	2460.1	3178.0	4120.2
196.3	412.5	2475.0	3122.8	4117.7
194.1	408.0	2473.2	3111.5	4084.6
189.8	408.8	2472.0	3093.0	4064.2
185.5	420.5	2484.7	3041.8	4066.6
180.2	450.3	2457.1	2925.4	4081.0
177.4	481.9	2450.7	2782.0	4069.3
174.7	525.5	2356.2	2635.3	4022.8
172.3	527.6	2250.2	2564.7	4037.9
171.6	526.9	2116.9	2443.5	4161.6
171.2	518.3	2023.9	2397.2	4221.2
170.0	521.0	2002.2	2339.0	4182.1
168.0	529.6	1920.7	2156.4	4191.6
167.8	519.6	1862.0	2178.1	4213.7
169.2	526.7	1881.1	2202.2	4187.4
170.1	536.0	1892.0	2221.2	4180.6
171.5	556.2	1879.3	2208.0	4159.6
176.8	557.6	1870.6	2244.1	4105.8
181.9	564.0	1897.2	2327.8	4075.8
186.8	523.3	1955.6	2424.6	4068.3
193.0	468.5	1983.4	2699.5	4057.5
198.8	471.9	2308.4	2962.4	4097.9
199.3	1575.9	2624.2	3238.6	4255.1
193.8	1666.0	2705.3	3197.9	4243.6
96.4	1152.0	2752.4	3201.2	4224.9
63.5	769.1	2778.2	3245.1	4224.6
0.0	1544.2	2909.4	3365.4	4377.3
80.5	1158.2	2976.6	3537.0	4388.1
0.0	1084.6	3005.8	3432.0	4285.0
0.0	1040.7	2935.6	3403.1	4336.4
333.3	928.0	2785.2	3373.0	4353.1
0.0	918.4	2756.5	3472.9	4278.8
0.0	694.8	2769.6	3433.5	4247.9
0.0	973.5	2750.9	3422.1	4284.3
0.0	1030.5	2690.2	3446.4	4278.9
0.0	732.7	2518.3	3191.8	4172.6
0.0	420.4	2445.1	3087.5	4198.3
222.8	403.7	2429.2	3077.1	4271.9
207.1	395.2	2432.3	3067.5	4305.7
200.5	395.2	2463.3	3060.6	4350.6
198.6	396.3	2527.4	3049.3	4378.1
198.1	394.6	2531.3	3041.1	4407.1
196.2	392.6	2512.6	3001.7	4426.0
194.2	388.4	2508.0	2975.1	4421.0
193.3	385.9	2470.9	2961.2	4381.4
192.1	394.4	2335.0	2999.9	4344.9
192.7	900.9	2327.9	3105.6	4338.0
189.0	928.2	2439.3	3370.5	4406.2
89.6	1070.6	2399.9	3350.5	4393.1
63.5	1039.7	2264.2	3217.3	4234.7
521.7	1087.8	2222.9	3197.5	4165.3
110.1	1074.9	2265.7	3289.5	4242.1
0.0	939.9	2238.8	3090.6	4180.6
0.0	804.4	2229.3	3175.8	4198.1
571.4	1124.0	2377.6	3373.0	4346.9
285.7	1054.4	2299.5	3358.3	4413.4
0.0	1011.2	2333.3	3367.5	4375.6
0.0	1025.4	2340.8	3299.9	4167.6
0.0	1043.4	2336.9	3228.4	4228.0
0.0	1031.6	2360.6	3261.8	4264.0
0.0	969.1	2264.8	3214.4	4178.5
0.0	776.6	2177.2	3099.7	4138.1
0.0	532.2	2135.2	3020.5	4243.5
228.6	570.3	2165.6	3026.3	4318.9
182.2	596.4	2212.5	3033.4	4331.3
177.4	616.0	2261.4	3014.6	4345.7
168.9	623.5	2308.1	3039.5	4365.6
166.9	617.8	2330.9	3050.1	4366.5
165.0	619.7	2336.6	3081.3	4369.1
163.7	640.1	2346.6	3097.9	4359.2
162.8	649.2	2355.1	3066.8	4333.0
161.6	674.5	2313.6	3016.8	4289.8
160.5	693.1	2232.7	2970.1	4290.2
161.5	719.0	2175.5	2934.6	4358.2
163.2	736.9	2127.6	2885.8	4440.7
163.4	756.1	2121.2	2916.3	4420.0
163.2	780.2	2079.5	2954.2	4391.2
164.5	805.0	2008.0	2955.5	4356.2
167.6	798.2	2035.0	2977.3	4373.7
170.0	777.0	2034.0	3025.1	4403.8
172.1	716.0	2051.4	3051.3	4432.1
175.3	649.1	2046.8	3101.0	4435.9
177.8	569.8	2000.0	3064.1	4399.3
180.6	558.1	2011.4	3035.7	4396.7
181.4	349.4	2087.9	3037.4	4334.5
90.0	333.3	2198.5	3044.9	4146.5
196.7	394.4	2206.9	3072.3	4123.3
200.8	505.1	2208.9	3051.9	4153.3
213.0	257.9	2218.6	3071.5	4190.5
228.6	731.9	2302.9	3346.9	4217.2
232.3	745.7	2306.2	3399.3	4225.5
77.0	768.8	2232.9	3439.6	4309.1
74.2	937.3	2218.4	3403.4	4310.0
74.8	863.5	2259.5	3271.4	4280.4
0.0	843.6	2328.8	3180.7	4298.0
0.0	1062.4	2448.1	3190.4	4245.2
0.0	1191.6	2377.5	3277.5	4177.1
0.0	949.3	2171.0	3121.3	4198.0
0.0	992.0	2222.3	3178.1	4244.8
0.0	909.1	2193.2	3309.0	4267.5
0.0	1036.7	2262.4	3287.8	4221.2
0.0	990.2	2260.5	3266.7	4208.7
0.0	849.6	2197.9	3207.0	4298.4
