0.0	0.0	0.0	0.0	0.0
0.0	0.0	0.0	0.0	0.0
0.0	0.0	0.0	0.0	0.0
0.0	776.6	2177.4	3233.0	4319.4
0.0	833.4	2238.0	3287.4	4193.4
0.0	863.5	2178.6	3221.6	4200.8
0.0	806.5	2118.4	3208.7	4219.9
0.0	922.7	2195.6	3318.4	4180.9
0.0	1012.2	2234.3	3261.5	4145.8
0.0	1146.8	2377.6	3353.6	4318.3
0.0	1137.4	2461.5	3438.5	4415.5
0.0	1222.0	2435.5	3414.0	4267.6
0.0	1252.2	2393.4	3355.3	4214.0
0.0	903.8	2303.0	3271.9	4332.3
0.0	852.3	2395.7	3279.2	4393.5
0.0	781.6	2468.9	3287.8	4311.9
0.0	940.4	2502.3	3229.6	4238.6
0.0	961.3	2567.5	3309.9	4315.2
231.2	654.9	2500.4	3464.6	4287.9
92.3	668.8	2554.2	3550.3	4292.3
0.0	879.3	2780.2	3524.8	4319.8
105.9	667.7	2805.3	3627.5	4474.7
0.0	543.9	2643.6	3605.0	4502.8
247.7	559.1	2738.0	3612.6	4405.9
64.2	393.4	2705.0	3558.5	4327.2
242.2	484.1	2676.6	3469.1	4316.6
257.3	494.3	2705.1	3466.5	4323.3
242.6	472.2	2684.6	3495.4	4342.8
236.8	464.4	2689.2	3477.8	4262.9
237.4	480.4	2719.4	3454.1	4239.9
235.7	470.7	2713.3	3447.2	4276.0
235.5	469.3	2686.9	3346.6	4312.8
235.9	463.3	2687.3	3318.5	4312.2
229.4	465.5	2684.9	3259.6	4313.6
230.2	474.2	2694.7	3235.7	4285.2
233.1	480.1	2633.4	3195.0	4286.1
235.6	491.1	2450.1	3192.5	4350.5
239.3	524.8	2324.3	3157.1	4367.7
244.2	553.2	2143.6	3111.1	4312.0
239.5	692.4	2074.6	3073.1	4247.9
235.5	735.9	2035.8	3080.1	4213.0
233.2	733.9	2051.9	3064.0	4212.3
227.8	720.2	2030.5	3088.8	4225.1
225.0	712.6	2007.5	3077.2	4219.7
224.1	696.3	1976.9	3093.0	4202.4
224.6	672.8	1940.6	3109.1	4191.4
223.5	618.6	1899.9	3047.2	4171.3
223.8	490.5	1850.6	3044.4	4180.2
221.8	426.5	1808.7	3070.2	4012.7
106.8	486.6	1757.3	2942.4	3835.9
68.7	554.9	1753.9	2949.5	4195.8
204.8	431.9	2132.7	3214.6	4324.0
201.3	299.8	2246.7	3164.8	4210.5
68.2	252.6	2132.0	3182.5	4207.9
68.8	760.2	2232.3	3235.5	4293.2
209.0	1218.3	2432.4	3346.9	4364.3
0.0	1063.9	2217.5	3267.9	4316.6
0.0	1145.5	2166.7	3301.6	4248.2
0.0	1184.3	2232.6	3306.8	4283.9
0.0	1173.8	2412.7	3267.5	4301.6
0.0	586.6	2069.8	3147.9	4196.2
0.0	890.4	2044.0	3228.7	4216.5
0.0	877.8	1990.2	3268.6	4269.0
81.7	723.9	1979.7	3232.2	4287.0
72.4	912.3	2053.1	3310.5	4264.0
152.0	863.9	2045.0	3198.5	4246.8
121.3	629.2	1939.9	3144.5	4147.2
0.0	508.9	1365.7	3122.4	4149.3
244.9	624.4	1323.6	3070.8	4197.3
235.2	689.0	1356.5	3019.2	4132.8
229.3	728.8	1358.3	3149.6	4081.0
226.6	732.1	1365.5	3194.8	4054.7
225.7	731.0	1364.0	3176.9	4013.6
225.8	738.7	1397.3	3200.8	4004.4
225.2	689.9	1515.0	3186.1	4022.7
225.4	649.1	1576.3	3179.1	4007.4
225.3	645.6	1605.8	3168.4	3973.4
226.0	613.8	1623.7	3215.3	3957.4
226.6	535.2	1654.0	3240.8	4101.5
229.9	465.3	1666.0	3126.4	4277.4
231.3	480.4	1684.4	3081.9	4376.3
237.1	494.1	1709.6	3142.1	4319.5
241.0	537.3	1724.0	3065.3	4360.7
245.1	551.5	1715.0	3024.6	4453.1
247.9	582.2	1718.8	2993.0	4522.7
253.0	574.5	1986.4	2996.0	4403.2
257.3	677.2	2021.8	3227.7	4155.5
260.9	782.3	2197.6	3503.0	4123.1
258.9	1082.4	2754.6	3761.1	4391.5
120.6	596.6	2590.9	3768.8	4341.3
73.1	707.0	2848.1	3896.0	4550.1
0.0	1549.3	2975.1	3895.0	4510.0
0.0	998.4	2582.5	3601.2	4318.7
0.0	1192.9	2453.5	3440.0	4249.7
0.0	1197.4	2372.4	3413.2	4288.8
0.0	1219.4	2228.5	3305.8	4299.5
0.0	1222.1	2251.7	3367.0	4324.2
0.0	1138.2	2318.9	3501.9	4236.4
0.0	839.1	2421.2	3846.0	4279.1
0.0	700.5	2547.1	3782.1	4403.2
0.0	771.8	2183.1	3107.2	4318.4
0.0	501.2	2034.9	3024.7	4320.8
271.2	486.1	1932.6	2952.3	4213.8
246.9	474.0	1980.5	2968.2	4132.0
238.0	475.9	1996.7	3051.2	4162.2
235.2	461.2	1977.8	3039.5	4202.7
227.0	447.6	2001.6	3148.7	4223.9
224.7	447.5	1932.9	3010.4	4380.5
224.7	464.9	1362.5	2894.6	4428.2
226.1	486.5	1708.2	2901.5	4374.6
225.7	488.0	1973.0	2918.8	4505.4
224.8	496.0	2108.4	2973.8	4569.4
225.0	455.6	2144.7	2994.5	4494.5
222.9	477.8	2211.9	2923.5	4425.3
109.2	897.0	2172.5	2940.5	4387.7
106.8	872.2	2265.2	3421.0	4343.1
0.0	613.4	2270.8	3639.6	4344.8
0.0	739.2	2705.4	3913.5	4504.8
123.0	869.5	2888.6	3808.1	4573.2
0.0	746.3	1967.4	3114.6	4276.6
0.0	480.9	1822.7	3102.5	4243.4
0.0	475.5	1744.0	3093.9	4258.2
239.3	449.3	1720.1	3116.7	4273.1
222.5	430.8	1716.2	3084.7	4273.8
218.0	425.5	1714.7	3059.1	4249.3
215.4	414.9	1662.9	3065.1	4244.5
210.9	414.5	1738.3	3138.3	4239.2
207.2	419.8	1675.9	3136.4	4252.2
206.7	428.2	1674.9	3126.9	4288.9
210.1	436.1	1774.1	3099.4	4293.6
212.6	434.3	1837.2	3100.0	4335.4
214.7	427.0	1893.2	3088.8	4310.7
214.7	427.5	1933.3	3092.9	4313.4
214.7	418.1	1936.3	3119.3	4295.4
213.2	437.6	1900.0	3159.2	4312.0
98.6	333.0	2046.4	3147.4	4243.8
63.5	613.6	2213.5	3078.3	4285.4
198.6	1430.1	2247.6	3193.9	4263.0
98.2	1381.1	2341.4	3240.6	4133.3
0.0	830.9	2233.1	3244.8	4276.5
0.0	1078.9	2257.2	3268.1	4408.1
0.0	553.2	2059.4	3143.1	4292.9
0.0	548.3	1926.9	3110.8	4286.4
270.1	620.7	1741.0	3034.4	4209.5
210.2	666.8	1691.5	2933.9	4163.7
208.0	731.9	1631.1	2903.2	4074.0
206.4	781.2	1589.0	2854.9	3946.3
203.4	800.4	1465.0	2746.5	3837.8
202.5	811.4	1371.8	2683.8	3834.6
202.4	815.4	1351.9	2628.8	3852.5
203.0	813.4	1405.0	2581.8	3803.0
203.6	809.9	1433.4	2490.9	3820.5
204.6	804.3	1441.5	2462.2	3890.4
205.5	796.4	1452.9	2434.1	3793.8
206.7	788.2	1452.0	2401.9	3813.9
207.9	790.0	1529.8	2363.5	3865.1
211.4	768.4	1621.3	2272.0	4020.7
215.0	755.6	1724.6	2226.3	4237.7
218.1	717.6	1660.7	2227.9	4126.6
220.5	662.9	1657.8	2293.4	4182.1
223.9	549.1	1655.1	2291.3	4219.6
226.2	489.8	1670.3	3016.8	4317.9
228.8	725.9	1706.5	3086.6	4324.7
113.4	921.9	2213.6	3323.9	4366.8
65.5	870.6	2097.6	3115.8	4229.6
216.0	1108.6	2242.1	3176.2	4290.3
0.0	1495.0	2320.8	3390.4	4366.2
0.0	645.0	2209.3	3170.5	4331.0
0.0	813.3	2155.2	3163.1	4385.8
212.5	765.7	1777.3	3183.0	4421.4
216.5	831.9	1934.6	3089.8	4209.9
73.6	875.6	1964.9	3060.0	4212.4
132.8	474.9	1630.9	2892.3	4187.2
0.0	439.4	984.0	2652.4	4053.3
223.6	431.1	1027.4	2967.4	4167.2
212.1	436.5	1051.1	3080.4	4250.6
209.6	446.4	1081.3	2903.1	4215.7
208.8	495.1	1175.6	2809.0	4098.9
207.2	528.4	1258.5	2763.1	4044.9
206.7	565.7	1363.8	2748.9	4069.2
205.5	597.8	1505.6	2796.3	4131.0
204.0	617.6	1642.2	2725.1	4028.0
202.3	603.6	1748.8	2796.0	4132.9
200.8	575.8	1877.5	2863.6	4269.2
199.1	449.8	1942.9	2934.3	4194.1
196.9	408.8	1935.5	2990.6	4182.9
195.7	494.4	2174.9	3226.3	4203.9
64.6	494.5	2385.5	3357.5	4273.8
63.5	358.8	2250.9	3266.8	4230.9
92.1	320.8	1967.9	3093.8	4186.8
192.1	774.9	2153.5	3297.4	4335.8
194.9	983.2	2061.7	3300.8	4592.2
63.5	1042.9	2298.1	3256.4	4574.3
166.7	977.0	2405.1	3382.0	4516.9
0.0	920.7	2434.8	3327.6	4554.0
0.0	903.3	2657.3	3380.0	4614.9
0.0	975.2	2644.8	3642.0	4829.8
0.0	965.0	2278.1	3515.5	4578.2
0.0	364.6	2148.4	3231.6	4280.6
340.8	1023.9	2192.0	3087.2	4345.9
0.0	1076.5	2196.0	3185.7	4319.2
118.8	1146.1	2284.9	3216.6	4222.8
0.0	1174.6	2285.0	3269.4	4223.3
0.0	1192.3	2287.6	3169.2	4338.3
0.0	425.4	2224.4	2884.6	4210.3
0.0	428.2	2354.8	2972.5	4094.2
231.0	412.9	2462.6	3141.7	4125.9
209.8	409.9	2477.5	3204.9	4130.1
207.3	410.5	2474.6	3258.2	4169.8
205.3	408.6	2482.8	3288.2	4193.6
203.7	410.9	2473.3	3329.6	4165.5
203.2	417.6	2448.9	3269.1	4190.1
203.2	433.8	2458.9	3220.2	4170.5
200.4	518.0	2381.2	3165.2	4126.1
197.2	590.9	2258.5	3091.6	4149.7
194.1	598.0	2092.8	3084.8	4037.3
194.2	609.3	1858.5	3090.3	4007.3
192.2	638.8	1750.3	3148.9	4044.8
191.5	680.9	1672.9	3145.1	3971.6
190.6	704.7	1663.2	3211.9	4106.0
190.8	720.3	1698.7	3171.9	4377.6
190.9	731.3	1600.2	2858.4	4162.2
190.7	704.6	1530.7	2798.5	3976.0
190.3	744.7	1569.2	2966.9	3982.2
190.4	724.1	1522.4	3011.1	4014.3
189.7	719.9	1506.5	2995.2	4139.1
189.7	667.2	1538.5	3021.9	4221.7
187.2	707.6	1570.7	2951.8	4011.1
185.6	716.7	1518.8	2982.3	3991.9
183.6	713.5	1515.1	3332.3	4339.0
181.4	698.9	1520.8	3274.9	4407.0
180.0	681.7	1537.5	3172.8	4366.7
179.4	675.4	1578.6	3162.1	4229.4
177.9	652.7	1596.4	3139.1	4109.8
176.9	637.3	1636.6	3140.1	4078.6
179.6	613.7	1703.8	3032.5	4078.3
181.1	514.2	1711.6	3121.7	4149.5
181.8	514.8	1695.9	3044.0	4160.5
179.6	447.4	1762.3	2954.3	4197.1
178.3	436.8	1832.8	2902.7	4264.9
181.6	422.9	1844.1	2868.8	4291.1
182.4	411.7	1858.9	2899.9	4371.2
184.2	387.7	2112.7	2966.2	4367.1
183.9	377.9	2316.6	3038.7	4302.8
185.7	386.9	2052.5	2992.9	4260.7
185.9	566.3	2240.6	3282.4	4396.8
99.7	558.6	2270.6	3159.4	4415.5
68.1	799.7	2099.3	3251.1	4382.3
475.6	790.6	2162.4	3239.2	4353.8
474.2	819.9	2103.8	3086.1	4239.4
104.3	667.3	1899.2	3058.1	4173.3
0.0	629.9	1831.7	2998.4	4238.5
0.0	916.5	1878.4	3008.8	4234.6
0.0	846.9	1855.4	2977.2	4108.9
0.0	881.2	1814.0	2953.2	4220.2
467.3	868.8	1878.3	2917.6	4201.3
0.0	917.2	1919.3	2926.1	4244.1
0.0	678.7	1857.8	3018.6	4322.7
0.0	691.5	1986.2	3089.1	4267.2
