0.0	0.0	0.0	0.0	0.0
0.0	0.0	0.0	0.0	0.0
0.0	0.0	0.0	0.0	0.0
0.0	852.3	2240.8	3300.7	4281.1
0.0	798.3	2210.7	3373.1	4321.3
0.0	1069.9	2137.1	3334.4	4241.4
0.0	1101.4	2283.2	3274.1	4236.0
0.0	910.8	2175.2	3236.8	4301.3
0.0	949.1	2236.3	3340.6	4360.9
0.0	985.0	2330.6	3299.6	4313.8
0.0	937.6	2048.7	3001.0	4195.7
0.0	955.4	1958.0	3082.5	4230.0
0.0	989.5	1810.4	3157.6	4189.0
0.0	981.7	1826.0	3143.7	4181.6
0.0	935.1	1932.0	3227.8	4282.1
0.0	947.9	1840.3	3168.2	4258.0
0.0	1002.2	1748.8	3189.4	4291.1
0.0	1146.3	1798.1	3153.0	4273.2
0.0	1083.3	1866.8	3040.8	4209.6
0.0	886.9	1798.8	3118.2	4198.4
0.0	823.2	1731.3	3047.1	4139.4
0.0	535.0	1751.5	2942.7	4145.7
182.9	424.5	2033.3	3211.8	4191.2
196.8	436.4	1918.2	3116.6	4160.8
195.1	427.6	2067.9	3043.0	4045.5
194.6	378.8	2026.3	3038.5	4145.0
194.3	329.0	2055.2	3129.5	4178.3
192.5	319.1	2146.8	3244.0	4104.6
191.3	356.7	2047.1	3070.6	4146.7
193.3	986.8	2120.9	3145.7	4252.3
194.7	758.7	2061.3	3091.0	4291.4
96.6	651.6	1963.8	3011.7	4295.1
254.7	696.6	2044.6	3043.6	4321.5
230.1	734.6	2082.9	3057.1	4195.5
227.0	781.5	2116.5	3100.7	4305.1
226.3	833.2	2095.1	3168.1	4357.6
225.7	880.8	2059.7	3190.8	4357.1
227.4	904.6	2029.0	3179.3	4343.6
229.1	918.3	1994.8	3173.9	4299.4
229.0	945.6	1952.7	3129.9	4295.2
229.1	940.8	1906.7	3121.4	4272.2
227.9	911.8	1824.0	3100.8	4069.9
227.8	879.4	1754.9	3062.0	4141.2
227.5	845.3	1720.1	3047.1	4277.5
228.1	795.7	1653.4	3029.9	4256.1
229.8	718.7	1615.9	3047.2	4257.0
230.3	680.0	1586.4	3060.0	4280.2
232.0	599.4	1535.1	3075.6	4240.6
233.2	510.3	1559.5	3071.4	4180.4
229.3	466.5	1693.9	3054.2	4063.4
75.5	477.1	1801.6	3070.1	3989.9
217.6	661.9	1766.8	3088.0	4064.6
104.6	390.5	1886.7	3058.2	4099.7
221.5	385.9	1980.7	3038.8	4064.5
219.9	467.5	2032.4	3165.1	4218.8
219.4	741.7	2143.4	3365.6	4309.3
211.0	390.3	2261.3	3359.0	4388.0
100.7	379.0	2187.0	3191.6	4326.4
91.1	780.4	2098.6	3273.8	4132.9
90.1	773.7	1919.8	3292.7	4180.2
90.9	885.2	2006.1	3372.1	4304.2
175.9	1041.0	2206.4	3348.1	4309.7
0.0	881.8	2112.5	3394.3	4396.2
385.8	634.1	2047.5	3258.1	4385.7
0.0	473.7	1940.6	3072.8	4219.8
225.1	502.7	1825.7	3030.2	3993.2
220.3	615.1	1679.4	3007.0	3958.4
218.9	667.5	1546.2	3032.3	3939.3
218.9	673.5	1479.6	3039.3	3906.3
217.4	690.2	1363.0	2992.0	3870.7
215.8	720.7	1294.3	3031.1	3896.5
215.4	743.6	1276.3	3191.9	4109.0
215.2	769.2	1263.2	3300.6	4158.4
214.1	794.3	1272.2	3383.4	3967.9
213.7	793.3	1271.9	3355.5	3921.5
213.6	787.9	1272.9	3305.7	3904.7
214.0	790.2	1282.2	3236.3	3874.2
213.3	786.1	1316.4	3250.4	3869.4
211.7	811.0	1378.0	3357.8	3921.1
211.0	829.3	1438.6	3317.2	3860.8
209.8	828.3	1487.1	3283.1	3868.8
209.4	820.1	1555.8	3346.4	3964.9
207.9	827.8	1635.7	3321.1	4026.1
208.1	814.7	1700.8	3405.0	4105.0
207.3	800.0	1807.0	3391.7	4108.0
205.0	788.8	1880.9	3425.1	4207.4
201.8	766.0	1905.2	3439.6	4266.8
201.1	730.2	1883.5	3161.5	4308.1
197.1	664.9	1906.6	2924.1	4344.9
201.0	652.5	2011.4	3002.1	4352.9
201.4	631.2	2033.5	2988.3	4356.3
201.6	615.9	2290.9	3100.9	4358.2
199.4	641.6	2500.6	3373.8	4409.3
191.9	606.9	2596.6	3395.1	4425.4
190.7	727.2	2719.2	3442.4	4347.0
188.7	722.4	2746.7	3512.8	4342.3
187.2	627.3	2803.1	3415.9	4402.4
187.6	542.8	2842.6	3428.5	4314.7
188.9	535.1	2850.6	3357.3	4336.1
192.7	507.5	2827.1	3345.0	4351.2
197.9	446.2	2756.7	3334.2	4327.7
197.5	411.7	2789.5	3258.4	4348.1
195.3	384.3	2805.5	3152.8	4315.4
196.3	385.4	2784.8	3038.4	4321.0
193.6	391.4	2716.5	3000.4	4304.5
188.8	383.6	2349.9	3094.8	4188.8
90.9	400.3	2164.1	3291.9	4318.7
86.1	386.2	2132.8	3197.7	4263.3
82.7	1269.0	2312.9	3327.3	4241.2
171.9	1169.1	2197.0	3254.5	4346.7
177.0	1014.5	2137.0	3265.0	4273.2
84.3	1102.3	2143.3	3166.9	4117.8
0.0	777.7	2127.7	2986.7	4232.8
459.4	542.0	2151.3	3073.7	4181.4
0.0	600.6	2089.7	3174.6	4248.1
190.7	664.8	2012.7	3227.1	4273.8
198.2	790.2	1939.4	3169.1	4280.4
198.3	845.7	1901.7	3024.1	4297.5
196.9	889.5	1854.5	2955.4	4261.2
196.4	930.7	1818.6	2963.8	4157.6
195.1	953.8	1770.6	2987.5	4117.4
194.6	969.0	1781.9	2976.1	4192.0
195.7	989.2	1815.8	2971.8	4150.7
196.1	987.8	1834.9	2947.7	4109.8
196.1	940.7	1823.9	2937.6	4173.3
196.0	912.7	1827.9	2983.9	4201.3
196.0	876.8	1868.7	3120.1	4282.6
195.4	851.4	1923.0	3150.0	4329.3
195.9	817.7	1927.0	3162.9	4338.0
195.7	788.6	1892.5	3160.6	4338.9
194.8	738.4	1830.6	3156.9	4137.2
193.1	533.6	1756.1	3179.8	4023.4
188.4	596.9	1790.2	3188.8	3951.7
186.4	644.4	1881.7	3198.1	4016.3
193.1	724.1	1892.2	3235.0	4209.0
195.0	769.8	1881.9	3246.1	4227.9
195.6	789.9	1845.8	3228.2	4181.6
195.6	795.7	1787.1	3212.9	4145.2
194.7	812.8	1769.6	3190.3	4175.5
194.6	811.5	1734.4	3178.8	4150.4
195.4	795.8	1699.2	3173.4	4107.8
194.5	775.5	1690.5	3114.5	4092.9
194.6	720.1	1635.3	3024.6	4039.0
193.1	674.1	1612.1	2983.3	4010.2
189.0	697.7	1838.1	3080.6	4223.3
180.7	1116.7	2356.3	3457.7	4335.9
85.1	1058.9	2289.2	3422.2	4312.2
0.0	990.1	2219.2	3346.6	4226.9
0.0	931.0	2181.0	3329.3	4291.0
0.0	1131.5	2370.9	3420.4	4371.1
0.0	1032.4	2350.5	3316.4	4278.2
0.0	1044.9	2294.0	3237.6	4208.6
0.0	1143.9	2360.7	3262.9	4233.7
513.6	1296.1	2452.1	3544.0	4382.1
75.1	1063.6	2365.1	3514.4	4419.4
0.0	923.2	2281.2	3279.9	4283.3
0.0	899.5	2317.3	3546.3	4395.4
209.1	1068.5	2488.5	3751.4	4619.1
0.0	1112.4	2390.7	3703.8	4607.3
0.0	939.3	2268.1	3505.6	4455.4
0.0	1019.6	2225.6	3469.0	4441.9
0.0	836.9	2182.1	3395.6	4362.7
116.5	827.3	2119.6	3214.6	4319.5
0.0	471.4	1929.9	3083.8	4280.9
207.5	449.3	1782.8	2945.9	4096.1
197.7	430.6	1692.7	2897.4	4034.4
186.2	444.3	1579.4	2858.8	3995.7
182.3	502.3	1470.0	2840.6	3915.4
181.3	372.8	1359.1	2931.9	3997.6
181.7	363.9	1422.9	2980.9	4058.1
169.3	365.1	1784.6	3104.8	4180.2
160.9	360.7	1824.5	3137.6	4221.5
77.4	413.9	1928.8	3153.9	4125.6
156.4	412.2	2016.8	3205.2	4189.9
160.0	852.6	2049.8	3264.0	4230.1
162.3	1141.4	2328.1	3365.9	4292.4
82.6	911.4	2338.5	3304.2	4266.1
0.0	1003.2	2503.8	3427.5	4309.0
0.0	1017.1	2628.6	3689.8	4368.2
0.0	553.8	1528.5	3611.4	4202.0
0.0	466.7	1054.4	3281.4	4164.6
180.2	458.8	1021.5	3304.3	4244.7
183.7	466.2	989.6	3248.4	4292.7
183.6	527.4	975.0	3183.1	4171.6
184.0	560.5	959.9	3176.6	4222.3
186.2	579.4	1010.7	3195.9	4209.7
188.2	606.7	1110.3	3214.3	4128.6
190.5	597.8	1196.1	3218.5	4140.8
190.6	639.1	1302.2	3243.8	4151.4
191.0	720.4	1360.1	3251.5	4144.0
190.5	743.6	1406.2	3263.5	4100.9
189.6	768.6	1457.8	3257.4	4093.7
189.9	780.5	1493.0	3213.9	4094.1
188.9	784.3	1513.2	3206.2	4107.3
189.3	784.5	1516.6	3209.1	4116.6
188.7	786.7	1514.8	3192.9	4158.5
188.5	784.2	1520.0	3169.4	4109.4
188.0	782.7	1507.8	3136.1	4081.5
187.7	770.9	1521.8	3117.0	4054.0
185.4	774.0	1521.6	3128.3	4052.4
183.7	769.6	1526.0	3097.7	4077.3
182.3	768.6	1538.7	3062.2	4060.9
180.3	769.5	1545.0	3036.3	4034.7
178.4	769.4	1538.9	3039.7	4013.8
176.7	769.0	1525.6	3043.7	4026.3
174.0	773.3	1527.0	3025.1	4011.3
172.1	762.1	1507.2	3019.3	4002.8
171.0	752.3	1489.6	2999.9	3997.6
168.7	743.0	1468.1	2987.7	3985.0
166.3	729.5	1440.6	2973.6	3935.0
164.6	720.4	1422.6	2952.3	3922.0
162.2	700.1	1380.2	2936.4	3900.2
161.4	666.1	1339.4	2937.6	3887.5
160.7	641.3	1257.3	2929.9	3885.1
159.5	611.8	1232.4	2926.9	3852.0
160.7	579.5	1323.2	3030.3	3922.4
161.0	554.8	1442.7	3279.8	4064.8
161.6	498.6	1103.6	3401.2	3898.8
161.9	504.1	1005.5	3210.5	3841.1
161.5	504.8	1382.2	3110.7	4083.0
162.3	524.1	1495.0	3325.4	4166.9
162.6	526.9	1457.4	3191.4	3853.4
163.9	508.0	1120.1	3179.3	3823.9
164.9	556.2	1031.0	3216.7	3699.8
162.1	781.5	1153.9	3248.8	3805.7
162.9	741.2	1182.1	3342.3	3985.5
165.7	772.8	1268.9	3372.4	3882.1
150.8	1093.9	1557.1	3393.2	3907.7
153.6	1056.5	1571.4	3197.5	3932.0
142.9	903.6	1520.1	3237.7	3995.6
76.4	1026.3	1645.5	3371.6	3960.3
150.2	998.0	1617.5	3431.2	3978.6
113.2	873.4	1633.9	3338.3	3968.5
112.6	973.3	1784.3	3453.5	3961.2
228.3	1067.4	1678.4	3453.9	3950.4
318.2	1054.7	1626.7	3255.2	3920.5
0.0	1029.6	1671.4	3122.4	3947.6
134.7	1021.0	1723.6	3161.0	3966.7
0.0	981.6	1740.1	3108.9	4032.5
0.0	1002.5	1770.7	3278.7	4013.4
