0.0	0.0	0.0	0.0	0.0
0.0	0.0	0.0	0.0	0.0
0.0	0.0	0.0	0.0	0.0
0.0	548.2	1853.6	3260.5	4310.6
0.0	659.2	1833.3	3197.0	4251.1
0.0	784.5	2020.5	3232.1	4185.6
0.0	773.0	2112.5	3259.8	4215.8
0.0	812.4	2260.3	3234.3	4315.2
0.0	940.0	2348.8	3201.8	4353.7
0.0	1081.9	2264.5	3209.5	4212.9
0.0	1075.7	2216.6	3255.2	4154.0
0.0	1073.7	2291.9	3314.4	4279.8
0.0	1092.6	2343.0	3355.0	4320.3
0.0	1126.9	2292.3	3191.1	4321.1
0.0	1132.9	2215.1	3224.5	4206.6
0.0	1132.7	2202.9	3159.0	4249.6
0.0	791.3	2356.7	3052.9	4233.9
0.0	550.2	2233.2	2933.4	4123.2
0.0	506.9	2211.4	2831.6	4123.9
0.0	461.7	2083.2	2748.2	4048.2
192.2	446.0	1907.2	2618.8	4016.9
192.5	432.0	1648.1	2580.3	3960.6
194.8	416.9	1487.2	2625.3	3901.4
194.5	412.1	1332.4	2758.1	3878.6
190.6	366.0	1625.7	2900.7	3992.6
184.5	696.1	2120.6	3078.4	4200.7
169.0	652.2	1930.8	3026.3	4139.0
155.6	379.5	1449.5	2791.9	4087.1
166.5	380.3	1429.6	2699.7	4046.5
174.7	369.8	1451.0	2772.0	4113.4
175.5	384.1	1499.0	2790.7	4108.0
180.6	363.6	1703.7	2732.4	4112.1
180.0	378.0	1757.3	2741.9	4189.4
177.7	604.7	2007.8	3291.4	4525.0
166.5	883.3	2298.3	3385.6	4629.2
78.5	911.6	2196.0	3306.3	4465.1
74.5	916.4	2195.7	3243.8	4381.8
0.0	911.3	2340.6	3322.3	4412.5
129.0	1022.0	2343.5	3499.8	4459.1
153.8	576.6	2156.7	3506.1	4498.0
181.8	377.9	2077.7	3352.2	4432.6
186.5	408.3	2102.9	2834.7	4172.7
190.2	412.6	2086.5	2777.6	4041.9
196.0	407.3	2098.2	2796.7	4056.9
196.4	412.0	2003.4	2870.3	3909.0
196.5	432.4	1757.2	2941.9	3642.7
196.9	562.5	1613.8	2879.9	3685.6
197.2	589.3	1555.2	2862.9	3702.3
197.3	604.8	1486.2	2912.5	3698.7
196.9	600.2	1288.8	2717.6	3742.4
196.9	592.5	1161.3	2614.1	3789.7
197.9	565.0	1112.6	2464.6	3782.6
200.1	554.3	1059.5	2499.5	3711.9
202.0	533.3	1032.8	2451.2	3751.3
203.0	406.6	1101.7	2459.8	3854.8
203.4	359.1	1801.1	2694.0	4023.3
202.3	336.3	2081.4	3216.7	4163.2
65.0	340.4	2070.9	3272.3	4154.3
180.7	334.3	2067.5	3153.6	4249.8
168.5	1012.5	2205.8	3213.7	4347.5
174.2	810.2	2017.2	2996.1	4051.8
0.0	539.6	1506.1	2653.9	3977.3
203.3	519.3	1545.7	2535.1	4020.2
200.4	517.0	1633.9	2673.9	3909.3
200.5	459.2	1694.4	2689.1	3378.4
199.9	429.6	1770.5	2743.6	3450.1
196.7	393.8	1954.8	2809.4	3789.9
89.5	402.8	2090.7	2790.4	4035.2
188.1	402.5	2168.0	2822.5	4057.3
194.3	389.0	2234.1	2855.2	4096.5
195.4	389.7	2279.7	2880.1	4122.5
193.9	385.2	2281.6	2873.5	4128.9
192.4	379.4	2298.4	2880.2	4160.0
189.5	377.9	2201.0	2890.8	4181.4
186.5	380.4	2153.6	2903.6	4233.2
176.0	952.1	2149.3	3039.4	4365.3
163.2	1133.4	2372.8	3313.9	4449.2
85.1	1057.5	2337.3	3344.8	4517.1
63.5	873.2	2197.1	3237.4	4535.1
0.0	967.2	2163.1	3396.4	4555.9
0.0	997.7	2085.1	3398.8	4427.8
324.3	909.0	2066.0	3174.5	4196.0
571.4	1030.1	2268.6	3170.0	4208.9
0.0	887.1	2129.1	3165.8	4246.3
0.0	1034.5	2196.2	3141.0	4242.6
0.0	1024.2	2278.9	3269.5	4253.5
0.0	1197.5	2384.9	3271.5	4278.4
0.0	1193.0	2313.6	3327.3	4256.7
0.0	1187.3	2213.7	3336.8	4261.5
0.0	1291.1	2331.9	3299.0	4208.9
0.0	836.5	2231.7	3059.4	4155.1
0.0	882.6	2460.1	2985.0	4149.8
0.0	732.5	1290.5	2632.6	4127.7
205.5	724.8	1144.5	2689.1	4090.0
186.3	744.8	1131.0	2718.8	4108.6
171.2	788.9	1127.2	2725.3	4178.0
168.8	816.4	1243.8	2758.9	4164.3
166.0	832.9	1218.5	2788.9	4183.5
164.9	704.0	1097.9	2801.6	4185.6
164.3	789.9	1176.8	2810.0	4165.2
164.9	850.7	1217.5	2786.6	4119.0
163.2	847.7	1244.1	2795.9	4150.7
163.1	911.2	1264.4	2857.8	4195.6
159.7	877.1	1288.2	2876.6	4232.9
158.6	890.3	1333.2	2882.3	4279.4
157.7	946.1	1517.2	2892.6	4180.1
157.7	937.5	1821.3	2955.2	4184.3
157.7	897.9	1679.8	2933.6	4216.4
155.4	720.9	1843.9	2938.9	4184.4
159.6	768.5	1932.2	2984.8	4208.6
0.0	720.7	2119.5	2983.5	4272.3
217.5	919.2	2131.4	2949.3	4272.7
81.8	1007.3	2264.4	3059.6	4297.8
571.4	904.3	2120.7	3186.2	4386.2
0.0	882.4	2170.8	3307.9	4376.4
0.0	1147.1	2283.9	3466.3	4342.5
0.0	1160.7	2210.4	3288.0	4229.9
0.0	1089.7	2127.8	3214.5	4238.7
0.0	1078.6	2126.5	3194.2	4255.4
0.0	827.9	2223.1	3365.4	4392.4
0.0	863.6	2660.4	3633.1	4684.5
222.9	882.7	2375.1	3453.1	4441.8
464.2	853.8	2160.0	3201.9	4244.8
0.0	886.4	1893.1	3004.2	4195.4
222.4	939.3	1863.7	2980.1	4173.9
0.0	760.7	1888.1	3077.1	4170.4
230.2	693.4	1854.4	3051.0	4094.3
187.5	638.3	1844.8	2963.6	4098.4
196.5	576.1	1754.0	2897.6	4123.5
184.5	732.5	1780.9	3012.3	4123.9
0.0	792.7	1726.0	3165.0	4142.1
114.8	765.1	1825.0	3142.6	4165.4
75.9	716.2	1905.1	3067.6	4233.4
109.4	652.7	1771.9	3004.6	4174.9
0.0	671.8	1657.5	3172.5	4315.2
0.0	791.3	1792.8	3122.2	4278.5
178.1	657.7	1939.7	3084.9	4175.3
