0.0	0.0	0.0	0.0	0.0
0.0	0.0	0.0	0.0	0.0
0.0	0.0	0.0	0.0	0.0
0.0	473.3	2116.2	3362.6	4304.6
0.0	496.7	2007.7	3172.0	4232.3
0.0	520.5	2110.7	3202.6	4276.5
0.0	530.7	2166.0	3247.7	4270.1
285.2	594.6	2083.3	3141.2	4303.8
0.0	648.5	2229.6	3124.7	4362.7
0.0	684.3	2235.3	3141.8	4314.5
0.0	569.3	2205.7	3101.6	4321.5
120.4	371.6	2108.7	3049.7	4261.6
0.0	447.5	2046.6	3110.1	4178.9
0.0	466.7	1767.2	3046.0	4146.9
0.0	606.0	1734.3	3063.8	4227.5
0.0	764.1	1828.0	2961.9	4081.2
0.0	801.8	2263.6	2930.2	4099.4
166.6	1064.8	2248.3	2992.0	4228.3
174.0	1084.2	2113.2	3132.2	4229.4
170.0	1010.0	2318.4	3202.9	4282.2
141.7	1195.5	2350.4	3162.5	4250.1
120.0	1388.5	2298.9	3077.1	4202.1
0.0	953.7	2127.6	3033.6	4190.9
0.0	1110.7	2106.4	2981.1	4234.8
0.0	1102.2	2200.4	3067.4	4250.5
0.0	1108.6	2395.2	3225.6	4208.0
0.0	1390.1	2498.3	3275.2	4247.7
244.9	860.0	2090.7	2980.1	4237.6
0.0	909.2	1983.4	2842.7	4161.1
0.0	509.9	1859.2	2745.2	4054.4
218.1	475.3	1853.8	2738.4	4075.2
222.7	492.8	1834.1	2773.9	4134.6
223.9	479.9	1815.1	2819.3	4090.5
224.1	488.5	1789.9	2840.8	4053.2
223.1	469.5	1775.0	2917.6	4001.9
222.9	1137.3	2302.3	3243.2	4054.0
99.3	1138.5	2468.1	3369.4	4063.1
0.0	491.1	1637.2	3028.0	3778.9
217.0	498.5	1564.5	2879.7	3784.6
231.3	518.8	1515.2	2851.2	3810.5
233.8	540.6	1446.2	2892.7	3891.3
238.2	551.0	1377.5	2845.2	4014.0
235.7	544.0	1291.6	2815.4	4077.8
236.7	542.3	1218.0	2926.4	4113.7
236.8	536.8	1197.1	3028.4	4126.5
236.3	514.8	1163.5	3008.8	4172.1
234.5	496.8	1148.9	2998.5	4270.2
232.8	437.3	1739.6	3067.8	4250.5
225.3	1221.2	2201.9	3349.2	4413.8
211.1	1004.6	2140.1	3191.9	4457.1
68.8	1093.9	2413.3	3392.9	4566.1
65.6	1143.2	2560.6	3426.0	4616.4
0.0	1117.7	2356.4	3283.4	4513.3
571.4	1286.7	2422.1	3417.6	4567.7
571.4	1042.3	2333.1	3367.2	4528.3
571.4	1100.0	2506.3	3411.0	4651.6
545.5	1022.6	2262.5	3442.7	4656.7
0.0	963.3	2187.5	3396.0	4652.6
0.0	1282.7	2356.1	3398.7	4729.1
0.0	1183.4	2207.5	3378.3	4655.5
122.4	1265.3	2239.2	3519.1	4607.8
0.0	1678.2	2549.8	3863.4	4860.7
0.0	1552.6	2519.1	3914.2	4735.7
0.0	1295.3	1828.2	3767.8	4439.2
0.0	1412.4	2414.2	3796.2	4517.2
77.4	1021.0	2247.6	3274.5	4353.8
0.0	991.6	2126.9	3187.5	4265.3
70.2	1128.7	1988.3	3108.8	4162.8
0.0	775.8	1902.6	2964.8	4198.9
0.0	866.8	1894.3	2926.1	4231.4
268.7	480.8	1923.7	2809.4	4004.2
233.0	416.4	1798.7	2248.3	3829.7
207.5	400.5	1795.4	2189.4	3835.6
202.6	402.8	1830.6	2235.7	3825.6
202.9	404.3	1968.6	2291.2	3828.9
202.5	408.2	2103.2	2428.3	3872.4
201.6	403.4	2218.9	2520.0	3938.8
201.2	396.7	2280.0	2620.0	3959.0
199.6	392.5	2350.9	2794.4	3954.8
197.8	389.7	2414.3	2878.1	3947.5
196.0	386.1	2453.8	2974.4	3975.8
194.6	386.9	2486.0	3112.0	4078.5
194.1	383.5	2465.1	3168.4	4127.6
192.9	379.0	2461.6	3200.0	4252.0
190.0	359.3	2516.5	3381.0	4483.8
184.7	1093.6	2541.7	3743.8	4540.5
178.1	1192.3	2700.2	3788.3	4638.6
92.2	971.2	2658.5	3648.0	4606.6
244.9	1090.9	2774.0	3751.5	4600.6
0.0	1136.8	2871.7	3759.1	4604.0
0.0	931.6	2884.5	3968.0	4573.3
0.0	1136.5	2925.2	4065.2	4612.9
509.7	1352.3	2954.1	4000.1	4436.8
0.0	1264.1	2933.7	3901.2	4286.8
0.0	1099.4	2905.5	3868.1	4359.7
0.0	1076.6	2879.8	4040.9	4517.1
0.0	1322.9	2934.3	4001.2	4545.3
288.5	1043.0	2846.3	3789.3	4548.4
104.5	1397.7	2501.4	3601.8	4556.7
0.0	1294.5	2482.5	3625.7	4483.3
0.0	1225.3	2580.1	3696.4	4424.7
0.0	1025.0	2777.1	3857.4	4335.6
417.9	994.8	2813.0	3975.1	4257.6
242.7	441.1	1994.6	2817.0	4084.2
0.0	447.8	1864.0	2695.8	3888.8
212.2	454.3	1864.4	2671.1	3807.8
181.8	414.6	2050.7	3131.1	4061.1
84.9	999.6	2280.5	3236.5	4241.3
87.0	1062.9	2242.3	3259.7	4181.5
0.0	1012.0	2222.2	3347.3	4180.4
0.0	1066.7	2217.6	3364.8	4269.7
0.0	885.4	2116.2	3230.6	4221.5
0.0	408.9	2041.4	3217.8	4181.4
0.0	767.0	2241.5	3010.8	4133.0
0.0	825.1	2361.7	2966.7	4076.2
0.0	685.4	2385.6	3083.9	4062.5
250.0	962.7	2388.5	3214.5	4160.8
450.3	967.4	2441.6	3336.6	4325.8
72.3	705.3	2215.2	3369.2	4245.6
142.9	818.6	2460.1	3378.2	4363.0
285.0	778.9	2507.2	3388.5	4295.4
0.0	718.0	2423.2	3292.4	4131.9
0.0	442.4	2373.4	3104.2	4118.3
210.3	442.7	2413.0	3029.0	4114.7
198.0	523.7	2357.0	3029.7	4111.5
191.5	587.4	2294.4	2997.1	3972.7
190.9	637.3	2214.7	2918.4	3934.8
190.3	643.7	2116.6	2905.4	3980.0
189.8	637.4	2042.9	2907.1	4087.1
188.2	643.4	2012.7	2906.2	4056.8
187.3	633.4	1936.9	2943.7	4007.5
186.2	596.3	1849.9	2944.3	4033.3
186.4	561.9	1774.4	2921.4	3957.1
184.9	372.2	1744.3	2916.5	3798.5
91.7	513.2	1645.7	2923.3	3375.4
189.7	597.7	1616.1	2914.1	3326.5
186.1	614.1	1559.0	2907.5	3353.2
186.8	620.7	1495.0	2876.6	3448.1
185.7	593.4	1482.8	2887.8	3487.0
184.7	611.6	1489.4	2839.6	3370.2
183.4	587.3	1503.9	2828.1	3400.2
182.3	585.6	1532.7	2803.4	3513.5
178.8	538.1	1717.3	2712.0	3934.6
177.3	476.1	1866.8	2746.1	4061.8
86.5	1550.3	1956.9	3210.3	4143.0
172.8	632.2	1850.5	3375.2	4159.6
81.6	622.0	1888.6	3434.7	4150.8
79.9	714.2	2050.3	3293.8	4147.2
0.0	1044.2	2251.8	3479.7	4296.0
0.0	665.7	2407.8	3419.2	4619.0
0.0	913.7	2743.8	3701.7	4661.3
161.5	816.9	2283.0	3160.5	4299.4
0.0	672.6	2084.4	3023.0	4350.6
0.0	793.2	2068.8	2940.4	4382.0
0.0	766.0	2102.6	2915.9	4316.1
232.9	583.3	2127.6	2899.6	4223.3
0.0	553.5	2135.7	2841.2	4140.5
194.5	571.9	2186.9	2840.6	4096.6
176.7	564.8	2231.9	2873.6	4030.7
177.8	588.5	2275.2	2885.6	4003.9
175.6	590.0	2340.5	2889.9	4032.1
175.0	559.3	2003.7	2850.2	4062.4
176.0	531.0	1903.2	2723.4	4043.5
171.4	526.7	1980.7	2786.1	4078.6
170.0	533.8	2060.9	2823.6	4151.0
169.6	555.9	2112.4	2855.7	4275.0
168.6	547.5	2103.7	3130.8	4197.4
161.3	533.4	2068.8	3393.1	4104.3
159.2	1258.2	2274.1	3418.5	4178.2
90.9	997.9	2174.4	3350.0	4282.7
83.5	774.2	1627.1	3163.8	4190.1
0.0	746.8	1400.1	2848.3	4276.5
215.7	773.9	1349.6	2699.1	4248.3
239.6	482.5	1353.6	2605.8	4249.4
181.7	600.1	1317.1	2580.8	4151.3
179.8	614.6	1279.9	2654.2	4080.2
171.4	619.3	1319.3	2684.6	4053.1
166.9	601.9	1249.2	2731.3	4077.8
165.7	567.7	1206.5	2809.7	4104.7
164.6	546.6	1153.4	2837.4	4136.7
164.0	511.8	1140.2	2866.3	4193.6
164.7	505.9	1130.7	2965.6	4218.4
161.3	501.8	1135.2	2975.6	4297.1
161.1	480.7	1243.0	2985.1	4270.4
160.9	487.2	1396.1	3042.7	4262.5
159.8	475.7	2076.3	3276.1	4337.7
163.0	882.0	2387.3	3365.9	4352.1
168.2	1116.8	2356.2	3224.5	4316.3
83.1	875.2	2050.7	3010.9	4373.5
0.0	587.9	2032.8	3121.4	4342.5
0.0	775.3	1898.8	3085.8	4208.6
110.3	868.5	1850.3	2984.1	4171.7
80.8	755.0	1776.8	2938.5	4192.6
375.0	760.2	1690.4	2837.7	4183.1
0.0	652.8	1733.8	2782.6	4230.8
0.0	642.9	1673.9	2908.7	4248.8
0.0	681.2	1632.4	2941.3	4225.3
0.0	793.2	1599.2	2960.3	4202.2
84.4	837.6	1653.4	2944.6	4155.5
81.7	871.8	1725.6	2951.6	4194.0
0.0	873.9	1739.8	3119.0	4187.9
138.9	711.9	1697.4	3149.4	4211.9
70.7	634.3	1761.7	3044.9	4177.4
0.0	469.7	1687.3	3097.2	4140.5
