0.0	0.0	0.0	0.0	0.0
0.0	0.0	0.0	0.0	0.0
0.0	0.0	0.0	0.0	0.0
0.0	1000.7	1693.1	2927.2	4015.9
0.0	950.1	1687.7	2984.9	4001.2
0.0	937.7	1683.1	3117.4	4166.1
197.4	862.4	1662.2	3059.8	4183.5
0.0	847.1	1811.6	3007.0	4248.7
63.5	942.9	2041.3	3048.3	4284.4
0.0	934.2	2250.1	3207.5	4271.2
0.0	849.6	2310.8	3201.9	4311.5
0.0	1179.0	2417.2	3316.7	4284.5
0.0	1166.2	2369.1	3295.5	4270.3
0.0	1239.5	2184.4	3251.0	4279.3
0.0	1276.9	2192.1	3280.9	4226.6
0.0	1367.0	2163.7	3073.8	4139.5
0.0	1192.3	1998.4	2699.5	4126.6
0.0	1150.3	2029.2	2686.2	4158.3
352.9	1121.0	1843.8	2704.7	4114.5
0.0	1057.9	1868.8	2907.8	4131.2
0.0	1142.6	2032.2	2848.1	4094.7
392.4	1008.8	1588.3	2663.2	4073.6
0.0	851.7	1490.0	2670.8	4053.5
0.0	830.6	1440.8	2685.7	4028.2
201.3	833.1	1434.6	2681.9	4032.4
203.0	834.8	1451.8	2699.6	4020.9
206.7	839.1	1462.8	2708.9	4014.9
208.0	830.8	1469.8	2718.7	4002.6
210.0	848.3	1480.1	2714.5	4002.7
210.4	837.3	1487.5	2710.3	4010.9
211.5	843.8	1489.4	2679.6	3998.9
211.5	821.6	1495.8	2641.8	4002.6
211.3	776.3	1503.0	2581.4	3983.9
211.0	687.4	1500.0	2499.4	3953.3
210.8	617.4	1474.1	2406.6	3881.0
210.0	426.8	1453.1	2497.9	3865.7
196.2	386.3	1519.0	2885.5	4063.2
64.4	403.0	1748.3	2841.5	4115.9
196.7	427.9	1900.3	3026.3	4183.5
196.5	394.3	1772.6	3011.9	4164.5
197.3	351.0	1848.9	3053.7	4042.5
195.9	350.6	1952.2	2885.1	3994.5
193.8	342.0	1945.4	2837.5	3855.6
190.6	421.0	2454.2	3193.3	3788.4
203.8	493.5	2712.5	3411.0	4083.1
210.4	472.3	2446.2	3321.3	4107.3
207.2	433.8	1942.5	3009.8	3951.9
209.3	430.9	1914.3	2962.5	3912.6
210.5	454.3	1930.7	2885.2	3930.4
210.9	489.2	1921.6	2819.1	3929.4
212.8	522.7	1932.0	2803.3	3932.4
215.2	582.2	1941.3	2771.7	3916.4
216.2	563.8	1936.9	2665.4	3894.7
217.0	593.6	1950.5	2622.2	3935.3
217.3	594.8	1947.0	2610.2	3957.6
219.7	566.6	1980.0	2553.3	4027.7
222.8	522.6	2017.5	2491.7	4091.7
225.8	457.1	2021.5	2479.9	4219.7
225.9	418.4	2014.3	2596.0	4185.1
225.1	469.8	2032.7	3171.2	4152.8
78.4	920.3	2186.6	3228.6	4156.5
78.2	955.7	2287.0	3293.1	4339.1
0.0	900.9	2221.8	3290.1	4324.0
0.0	1214.8	1886.9	3049.0	4119.6
0.0	858.5	1757.8	3206.4	4019.9
171.7	1322.2	2687.6	3571.1	4149.2
560.0	1214.3	2632.4	3728.3	4163.4
0.0	734.7	2564.1	3748.2	4210.3
0.0	1181.7	2648.7	3836.1	4340.7
113.2	1026.9	2800.3	3924.0	4414.4
0.0	1046.7	2765.4	3940.5	4526.3
0.0	1416.7	2629.9	3911.3	4733.7
0.0	1470.3	2517.7	3919.7	4641.1
255.3	509.0	1751.2	2595.0	4212.0
315.1	471.7	1730.3	2575.6	4146.6
324.3	476.6	1757.8	2674.4	4083.6
85.0	516.7	2252.1	3226.6	4247.3
0.0	539.3	2236.8	3296.5	4280.4
0.0	1017.9	2283.4	3341.5	4333.3
0.0	961.9	2167.1	3227.5	4187.5
0.0	881.0	2082.1	3102.9	4261.6
0.0	609.1	1784.0	2682.7	4027.5
0.0	576.5	1710.4	2575.3	3873.5
253.8	590.3	1649.5	2538.0	3869.5
248.8	612.7	1634.7	2541.3	3885.7
108.6	591.5	1596.5	2563.3	3904.1
73.6	616.0	1540.1	2571.7	3874.5
88.4	624.6	1526.6	2565.6	3850.4
85.5	634.6	1472.4	2543.6	3849.1
173.0	607.1	1435.1	2543.9	3808.9
172.7	583.4	1402.9	2521.4	3806.1
169.8	537.5	1385.9	2476.7	3811.8
158.9	550.4	1383.1	2467.9	3784.3
157.3	484.9	1348.5	2441.2	3784.7
162.3	469.9	1369.9	2436.4	3843.1
164.9	432.9	1405.4	2595.9	3856.6
176.9	470.3	1518.3	2614.8	3965.8
178.1	537.5	2171.0	3104.9	4232.2
180.1	978.6	2373.4	3183.0	4301.5
189.9	611.8	2347.3	3172.2	4192.6
194.9	872.4	2331.1	3294.4	4240.1
199.3	510.8	1968.1	2975.1	4162.9
212.0	488.3	1746.8	2584.5	3916.4
218.8	510.1	1750.2	2568.2	3910.0
204.5	527.9	1760.3	2642.9	3903.5
200.8	549.0	1744.0	2695.3	3888.4
203.3	582.8	1692.9	2756.6	3892.6
204.3	603.9	1617.4	2814.9	3893.6
204.9	632.0	1531.2	2859.8	3975.6
205.5	614.3	1403.0	2882.8	4076.4
204.3	620.1	1244.1	2905.1	4081.8
203.4	601.8	1190.5	2979.5	4015.5
202.0	531.6	1110.5	3023.5	4025.4
200.8	521.9	1053.4	3022.3	4050.5
200.7	517.5	1066.2	3018.2	4039.8
200.5	498.4	1068.6	2995.1	3999.0
199.9	478.9	1126.9	2943.1	4002.5
198.9	530.7	1235.6	2901.0	3949.0
200.4	629.6	1374.3	2850.4	3938.8
201.3	636.4	1486.4	2820.3	3975.5
201.0	608.4	1597.7	2837.9	3997.9
202.1	532.6	1676.6	2857.5	4020.7
201.6	491.5	1758.7	2859.2	4005.3
200.4	428.5	1812.9	2855.3	3979.2
199.1	382.1	1818.1	2856.9	3948.8
196.9	370.0	1861.1	2875.4	3971.7
98.8	358.2	1920.2	2883.7	4014.7
193.4	336.6	1913.5	2906.8	4084.4
193.8	1103.9	2269.9	3065.1	3958.8
192.3	993.4	2681.7	3465.4	4162.1
195.0	1101.5	2748.9	3625.2	4233.3
96.4	1473.4	2732.9	3640.3	4184.2
65.9	901.1	2449.9	3249.3	3984.5
0.0	894.3	2271.7	3254.1	4103.3
0.0	837.6	2328.2	3434.9	4288.2
493.8	816.2	2221.2	3432.0	4274.5
0.0	755.2	1968.0	3219.1	4206.7
0.0	1251.6	2317.2	3306.8	4259.3
0.0	1084.3	2262.7	3386.6	4277.7
0.0	1542.9	2325.2	3503.7	4346.8
0.0	1053.9	1746.3	3008.4	4590.5
0.0	1134.3	1701.4	3004.7	4612.8
0.0	1020.3	1723.5	3034.9	4402.4
106.6	921.0	1689.6	2882.9	4305.2
0.0	829.6	1625.4	2549.9	4278.5
300.0	655.0	1558.4	2197.2	4295.0
0.0	630.6	1519.2	2063.7	4284.6
229.8	702.2	1457.9	1951.9	4220.4
204.0	753.4	1458.3	2000.9	4185.0
195.0	742.7	1439.5	2063.4	4148.9
192.6	743.7	1441.0	2110.6	4132.0
189.4	739.9	1444.6	2196.1	4088.2
189.5	752.9	1459.9	2291.2	4043.4
187.0	742.7	1462.1	2376.5	4037.1
185.2	745.0	1481.1	2464.9	4010.1
184.5	744.6	1493.6	2544.8	4041.0
185.0	707.8	1519.5	2645.2	4055.1
185.8	667.4	1608.4	2745.1	4142.3
190.6	680.5	1680.6	2798.0	4199.5
205.1	863.4	1819.3	2831.0	4312.1
104.7	867.5	1902.9	2979.0	4326.6
64.7	903.7	2180.8	3197.2	4340.2
576.4	899.6	2531.9	3661.0	4486.7
548.8	827.9	2660.4	3715.1	4594.1
87.8	815.0	2733.1	3674.6	4581.0
0.0	763.8	2714.4	3730.9	4407.6
0.0	723.2	2667.4	3618.9	4239.0
103.5	928.7	2505.7	3185.4	4092.7
89.4	849.9	2278.3	2925.5	4087.0
299.0	919.1	1861.7	2672.8	3966.2
241.8	484.3	1472.5	2134.8	3779.5
247.5	514.4	1549.4	2673.9	3903.1
72.5	472.5	1493.8	2465.6	3856.2
258.1	487.0	1396.0	1775.5	3758.2
257.0	509.1	1430.6	1848.0	3833.2
71.3	538.4	1488.6	1931.3	3826.3
72.3	543.6	1514.3	2015.5	3794.1
65.4	577.1	1539.8	2094.3	3825.3
65.1	594.7	1558.8	2175.4	3795.9
63.7	597.2	1568.7	2226.2	3815.2
85.3	600.8	1600.4	2314.6	3833.6
236.5	611.2	1585.1	2355.0	3864.1
72.0	614.6	1553.8	2363.1	3873.9
70.7	605.3	1585.6	2433.2	3901.5
241.5	588.5	1544.1	2495.1	3916.8
109.6	577.0	1540.7	2501.5	3959.2
77.2	553.4	1545.7	2519.7	3979.3
0.0	546.3	1552.5	2525.0	3989.6
91.8	538.5	1534.6	2540.5	4019.0
254.5	511.1	1532.3	2577.0	4030.8
246.3	506.7	1592.5	2657.8	4083.4
0.0	487.8	1597.8	2639.6	4144.3
252.0	448.1	1590.9	2677.8	4166.3
262.5	430.6	1818.1	2959.8	4187.7
81.7	321.4	1834.7	3212.0	4220.8
217.2	280.4	1948.4	3196.0	4259.4
206.4	247.3	2201.0	3192.1	4275.9
225.9	373.7	2144.1	3334.8	4338.3
219.0	487.3	2175.7	3279.9	4328.5
208.7	250.7	2139.6	3153.3	4275.3
206.8	631.0	1951.1	3131.7	4285.2
204.5	749.9	2041.0	3152.5	4497.9
499.1	905.5	2109.4	3335.7	4403.8
468.6	919.9	2201.0	3329.8	4540.9
70.5	982.2	2272.8	3404.2	4650.5
0.0	1061.9	2284.4	3475.1	4518.4
0.0	798.8	2017.7	3047.9	4359.1
0.0	749.9	1908.8	3079.0	4379.4
0.0	677.0	1815.7	3060.5	4522.5
500.0	768.8	1814.8	3012.8	4557.0
521.7	890.7	1915.9	3014.9	4423.2
146.3	832.4	1897.7	2895.2	4371.8
0.0	821.0	1779.6	2843.4	4404.7
545.5	775.9	1760.7	2848.6	4475.8
0.0	735.2	1770.7	2854.9	4422.1
285.7	771.5	1781.8	2867.8	4390.0
0.0	863.0	1798.2	2866.6	4360.7
196.7	855.9	1805.7	2907.1	4217.3
85.5	758.9	1827.7	2900.6	4126.2
181.8	775.1	1781.8	2934.5	4193.3
206.9	794.3	1768.1	2980.4	4213.1
200.0	795.2	1720.5	3049.3	4080.4
0.0	822.0	1690.3	3035.5	4012.2
0.0	817.8	1741.9	3076.2	4028.7
88.1	815.3	1696.6	3396.7	4107.1
0.0	814.7	1678.0	3176.6	3967.0
222.2	833.0	1670.3	3078.8	4022.3
352.9	852.1	1693.4	3122.7	3999.2
0.0	746.9	1752.1	3251.8	3935.7
500.9	804.0	1748.4	3211.1	3951.6
97.9	819.8	1698.0	3210.0	3974.8
148.8	819.3	1647.1	3138.0	3906.9
164.4	831.0	1674.7	3288.1	4103.6
230.4	842.3	1691.9	3320.3	4028.9
125.0	850.0	1659.6	3181.3	3809.3
144.3	805.9	1682.7	3101.2	3902.5
231.5	735.9	1624.0	3153.9	3920.6
