0.0	0.0	0.0	0.0	0.0
0.0	0.0	0.0	0.0	0.0
0.0	0.0	0.0	0.0	0.0
0.0	721.0	2019.7	3275.0	4694.8
0.0	960.8	2062.0	3203.2	4325.6
284.9	946.8	2097.2	3160.3	4271.2
0.0	930.0	2096.4	3106.8	4340.0
0.0	935.1	2185.3	3140.6	4360.2
0.0	1085.0	2170.2	3136.8	4287.6
0.0	1036.9	2246.1	3198.5	4187.8
0.0	1035.0	2181.8	3263.3	4255.1
0.0	1080.9	2216.3	3225.1	4291.4
0.0	1051.0	2350.0	3260.9	4273.7
0.0	1102.4	2284.4	3333.2	4309.3
0.0	1169.6	2264.3	3357.4	4314.2
0.0	1261.7	2221.5	3365.1	4267.8
218.0	1371.9	2081.1	3285.9	4297.3
204.5	978.9	1763.8	3059.9	4293.5
188.6	1405.7	1797.5	3356.2	4249.7
0.0	1140.5	1653.8	3511.5	4131.6
212.9	1123.7	1610.5	3392.5	4036.1
230.4	1119.4	1606.4	3260.2	3865.7
233.2	1096.8	1388.6	3184.7	3667.8
0.0	729.3	1316.3	2651.4	3492.9
0.0	444.3	1117.9	1923.7	3481.3
199.5	439.4	1104.6	1852.1	3633.4
188.4	449.0	1082.6	1805.7	3534.8
191.1	595.7	1350.5	2217.7	3536.3
189.6	663.1	1424.8	2676.1	3726.8
188.5	683.7	1547.4	2810.8	3866.6
186.5	697.9	1437.7	2902.4	3968.8
186.5	658.4	1471.5	2916.6	4155.2
187.2	548.3	1214.9	2592.2	4073.1
188.7	478.9	1240.3	2001.0	3600.1
192.4	450.3	1199.6	1815.7	3429.6
195.2	439.4	1228.7	1797.9	3356.4
199.8	447.4	1303.5	1800.3	3159.5
202.2	494.1	1407.4	1863.3	3104.2
204.8	561.7	1462.8	1940.0	3188.2
209.8	608.5	1490.7	2444.6	3433.7
214.1	627.7	1500.5	2808.4	3899.1
216.7	651.3	1455.8	2569.4	4003.4
218.8	645.3	1380.4	2530.3	3961.7
221.3	595.7	1152.2	2535.2	3903.3
223.1	508.5	1096.4	2575.6	3884.1
223.9	489.6	1128.1	2629.7	3864.5
226.9	487.0	1161.6	2634.2	3824.9
227.8	482.5	1148.0	2631.1	3758.2
231.2	474.2	1142.1	2692.9	3753.5
228.6	526.4	1120.4	2735.6	3798.6
234.4	618.2	1157.9	2750.5	3797.9
229.5	663.2	1350.3	2735.3	3837.9
226.7	634.1	1375.8	2778.5	3871.1
223.0	628.8	1379.5	2830.0	3869.8
220.4	609.9	1439.7	2813.5	3919.3
216.6	593.8	1478.0	2806.7	4050.3
215.6	613.7	1518.9	2804.6	4099.1
215.8	540.4	1517.4	2798.9	4128.5
216.0	499.8	1506.1	2804.7	4160.3
216.4	462.0	1513.4	2780.8	4234.9
216.0	521.7	1545.9	2800.7	4274.3
212.7	753.4	1957.2	2949.1	4278.5
208.3	865.5	2171.3	3642.3	4818.2
209.1	1510.9	2517.5	3904.8	4877.2
129.0	1062.5	2488.6	3862.8	4829.1
64.5	988.9	2309.1	3970.3	4792.6
375.0	1122.1	2477.6	4069.5	4794.8
0.0	1162.0	2334.8	3823.5	4469.5
287.3	1193.9	2034.3	3700.9	4230.6
0.0	1216.5	2207.5	3564.3	4054.6
225.2	1003.6	1993.1	3191.0	4078.1
228.5	814.2	1960.8	3036.2	4088.5
222.1	758.1	2107.9	3161.8	4154.4
108.5	780.9	2160.4	3190.4	4173.2
75.0	772.8	2038.0	3181.9	4216.6
571.4	796.8	1837.5	3126.2	4160.7
196.9	761.8	1875.0	3150.2	4144.6
251.2	560.9	1063.7	2043.6	4115.2
202.1	566.5	1138.9	1979.0	4160.2
189.1	525.5	1089.2	1808.6	4269.2
186.1	555.4	1101.1	1659.9	4216.5
183.7	568.0	1104.6	1589.8	4039.3
182.2	545.7	1089.0	1543.8	3941.0
180.0	570.7	1085.5	1583.5	3986.6
178.8	503.7	1077.1	1766.1	3965.7
176.6	610.7	1102.1	2106.9	3909.9
174.6	626.4	1089.3	2019.8	3957.2
174.2	621.7	1067.9	2428.4	4011.3
172.5	473.6	1050.5	2690.0	4098.3
170.1	509.0	1045.3	2778.5	4069.7
169.0	493.9	1045.4	2865.0	4085.7
167.2	487.6	1202.5	3166.1	4217.4
164.0	479.3	1172.8	3093.6	4164.2
161.9	458.6	1059.8	2876.1	4107.0
160.6	482.6	1085.4	2864.8	4137.4
164.5	467.6	1087.3	2890.3	4230.9
168.2	473.5	1112.4	2393.5	3996.1
171.6	509.1	1131.8	1627.1	3737.9
178.3	605.7	1314.2	1712.4	3630.0
182.9	596.2	1390.3	1903.3	3394.6
185.4	651.2	1457.9	2038.3	3424.2
186.3	698.2	1512.6	2172.4	3620.0
187.7	720.6	1651.0	2317.9	3836.1
187.0	709.1	1712.8	2375.9	3913.1
187.9	692.2	1798.5	2467.3	3950.8
188.8	648.8	1924.3	2544.4	3913.8
192.5	601.3	2045.0	2585.6	3877.5
196.0	562.0	2142.7	2605.4	4157.1
199.2	479.6	2205.0	2640.3	4236.9
200.7	422.5	2236.0	2727.2	4244.8
201.7	451.6	2264.3	2707.8	4293.3
199.9	476.3	2261.0	2732.9	4273.4
196.4	721.1	2146.3	3014.9	4295.3
197.3	905.0	2038.3	3191.1	4379.4
65.1	840.2	2156.2	3446.3	4584.0
0.0	994.9	2414.8	3683.9	4640.8
63.5	1009.3	2511.4	3651.8	4727.6
0.0	1007.7	2392.2	3625.3	4596.3
0.0	982.6	2461.1	3665.0	4579.7
0.0	1032.1	2426.9	3375.5	4468.5
0.0	736.4	2073.5	3196.0	4303.1
0.0	724.9	2079.1	3127.6	4291.8
0.0	1165.8	2111.7	3097.7	4246.8
0.0	920.8	1998.4	2956.7	4203.1
0.0	1017.8	2073.0	2943.7	4139.7
0.0	1062.1	2231.0	2949.8	4079.2
0.0	594.2	2196.6	2902.7	4043.8
229.1	536.9	2312.6	2881.6	4037.3
210.1	437.2	2395.0	2819.0	4082.8
203.7	393.1	2407.8	2773.4	4234.3
199.1	359.3	2374.1	2732.7	4480.7
194.7	343.3	2210.9	2580.8	4504.6
191.2	353.3	2050.3	2702.9	4491.6
189.5	351.5	1913.9	2781.8	4521.2
188.4	353.9	1737.8	2689.3	4525.5
188.8	350.0	1742.3	2649.6	4507.9
189.2	370.6	1744.2	2675.5	4494.0
187.8	383.7	1753.3	2838.3	4479.4
188.4	387.7	1969.0	2991.3	4471.3
190.1	694.6	2189.6	3147.2	4436.8
189.8	446.9	1960.8	3245.3	4410.5
90.4	456.3	2193.9	3326.5	4344.1
0.0	514.6	2104.9	3297.7	4173.4
68.0	932.5	2184.5	3453.6	3509.7
0.0	1304.9	2351.7	3518.6	4086.5
504.8	1541.1	2307.3	3617.0	4213.7
0.0	981.3	1987.8	3103.5	4028.6
0.0	746.1	1823.5	2980.7	4006.4
496.0	771.1	1768.3	2842.9	4032.9
0.0	1030.6	1897.3	2898.2	4075.1
0.0	990.5	1841.3	2939.5	4176.6
153.4	935.0	1742.3	2829.6	4265.8
253.1	977.7	1753.5	2787.8	4162.1
247.1	909.4	1452.5	2540.1	4072.7
243.6	457.9	911.1	2426.9	3956.2
217.9	431.2	862.6	2386.6	3833.4
202.4	436.4	828.7	2353.3	3872.7
197.1	438.0	822.1	2347.0	3996.4
195.1	419.9	813.0	2319.9	3961.5
193.9	415.8	823.4	2221.2	3978.0
190.2	470.0	860.1	2178.0	3952.6
187.4	540.0	929.4	2106.7	3899.0
183.4	527.2	1003.4	2008.6	3918.4
180.9	460.4	1067.1	1930.4	3893.1
177.6	538.0	1185.1	1892.3	3790.1
175.4	531.7	1289.6	1877.6	3689.7
173.5	579.7	1462.0	1899.0	3603.1
172.8	542.8	1629.4	1908.6	3288.3
172.7	487.5	1813.3	2172.4	3609.8
169.8	473.7	1986.8	2570.9	3916.5
163.5	718.4	2216.4	2993.5	4125.7
75.5	944.5	2224.5	2920.8	4138.0
189.8	871.7	2184.9	2874.3	4095.7
0.0	850.2	2275.6	2819.1	4064.5
0.0	877.0	2422.0	2849.3	4097.6
196.3	841.2	2448.4	2971.7	4058.1
180.5	651.4	2472.0	2922.9	3956.8
187.8	578.0	2463.5	2894.5	4049.0
192.0	516.9	2526.7	2912.3	4074.6
178.7	332.9	2573.3	2957.0	4058.9
168.5	626.3	2523.9	2946.6	4178.2
161.0	645.9	2457.9	2924.8	4184.4
156.1	667.6	2400.6	2937.7	4096.4
154.0	694.7	2277.4	2990.4	4172.4
152.5	693.0	2105.6	2944.7	3973.7
151.4	688.1	1963.4	2932.3	3922.9
152.2	692.5	1817.5	2949.9	4158.6
152.3	690.4	1717.9	2929.3	4011.2
149.2	688.4	1636.6	2922.9	3809.4
149.9	719.6	1562.6	2932.7	3709.9
148.0	686.9	1526.8	2934.7	3647.3
146.8	664.7	1537.7	2959.2	3590.4
146.5	674.3	1571.5	3054.8	3908.6
145.2	628.0	1659.2	3272.7	4431.7
143.8	513.1	1631.9	3266.3	4366.8
143.8	374.0	1623.2	3248.7	4357.0
145.5	391.8	1676.1	3119.1	4144.0
145.6	391.3	1711.6	3162.0	4231.5
146.0	359.9	1691.3	3250.0	4383.6
148.3	385.1	1717.3	3259.6	4327.6
149.0	395.7	1769.7	3241.8	4124.3
151.0	765.8	1700.3	3204.2	4162.3
157.2	823.4	1713.6	3127.3	4055.5
167.1	1082.4	1793.1	3148.7	4144.8
