0.0	0.0	0.0	0.0	0.0
0.0	0.0	0.0	0.0	0.0
0.0	0.0	0.0	0.0	0.0
0.0	982.9	2113.2	3277.7	4127.0
571.4	880.9	2108.3	3256.6	4062.3
0.0	871.2	2085.8	3211.6	4026.9
181.3	848.7	2008.3	3001.8	3987.2
0.0	821.0	1907.9	3073.1	4135.3
0.0	944.8	2063.9	3142.4	4251.0
0.0	1034.5	2132.1	3204.8	4261.3
0.0	1122.5	2039.0	3302.7	4308.1
0.0	1360.7	2421.8	3388.3	4374.9
0.0	1049.4	2188.8	3178.9	4320.6
0.0	1082.3	2182.9	3227.1	4274.5
0.0	887.2	2150.5	3126.9	4165.2
0.0	777.2	2162.1	2986.1	4091.2
0.0	852.9	2198.0	2976.6	4072.4
241.5	1112.8	2356.2	3037.9	4141.8
247.9	881.6	2413.7	3028.1	4182.3
0.0	897.6	2498.1	3110.3	4269.2
96.1	870.8	2538.0	3123.9	4199.7
202.6	665.3	2554.5	3094.5	4123.7
0.0	531.8	2558.0	3195.9	4256.6
270.2	520.2	2537.9	3222.7	4272.3
261.2	505.0	2542.8	3164.7	4233.4
255.2	501.6	2558.2	3153.0	4252.2
254.0	515.0	2564.2	3042.9	4161.3
257.1	524.2	2560.0	3002.5	4170.3
261.9	518.4	2598.0	2993.7	4165.0
262.8	528.0	2607.4	2983.9	4224.9
135.0	526.0	2626.5	2981.0	4284.6
136.7	723.2	2612.3	2955.0	4340.1
282.4	831.7	2548.3	2992.5	4425.2
282.3	441.5	2534.2	3015.0	4482.4
290.6	400.7	2398.8	2989.3	4513.1
299.7	344.3	2270.6	2991.6	4569.5
310.9	333.2	2191.2	3125.6	4415.4
156.8	393.1	2150.7	3278.6	4290.3
315.5	1110.2	2121.2	3278.2	4233.7
179.1	705.7	2090.0	3270.0	4230.2
123.7	766.0	2080.5	3270.9	4355.4
0.0	985.5	2176.6	3376.6	4390.7
0.0	1192.2	2194.9	3425.6	4399.6
276.5	1118.6	2260.9	3373.1	4446.1
141.2	1139.6	2312.7	3397.3	4324.5
0.0	896.3	2079.5	3356.2	4342.0
225.0	1274.2	2250.4	3326.3	4405.6
214.4	1256.9	2288.2	3289.5	4380.8
333.3	1134.1	2065.0	3442.3	4455.9
0.0	1173.2	2209.4	3579.8	4504.8
0.0	1170.4	2469.7	3531.6	4378.7
84.8	1198.7	2375.4	3178.2	4305.3
0.0	1199.3	2310.3	3246.1	4256.7
0.0	1150.2	2190.6	3214.0	4190.5
0.0	1124.4	2158.0	3160.9	4191.6
0.0	1206.8	2404.0	3244.4	4231.2
0.0	1222.1	2292.4	3259.0	4305.2
0.0	1185.0	2300.4	3182.5	4199.9
0.0	1110.9	2103.9	2972.1	4080.9
0.0	647.8	1662.0	2869.5	4063.3
0.0	644.8	1369.6	2703.5	3866.4
0.0	682.6	1351.4	2706.8	3795.1
216.7	709.9	1350.3	2751.4	3832.8
214.2	734.4	1363.5	2766.9	3825.4
213.2	753.9	1369.3	2777.7	3792.7
212.3	760.3	1365.6	2794.9	3804.0
212.1	761.1	1358.2	2847.1	3841.1
210.8	739.4	1337.2	2915.7	3938.4
210.0	719.8	1313.6	2941.4	4040.8
209.5	705.1	1302.9	2952.2	4028.0
210.0	686.1	1296.2	2968.9	4041.1
210.4	665.6	1297.9	2985.9	4038.9
214.1	650.3	1305.3	2982.7	4093.8
217.0	648.4	1307.9	2991.7	4151.0
218.0	642.8	1309.3	3004.7	4156.3
218.9	627.0	1284.5	2999.4	4291.0
219.3	545.3	1212.1	3009.4	4467.8
218.7	492.6	1193.9	3143.9	4525.3
219.4	444.5	1236.1	3064.1	4503.5
222.5	460.7	1228.8	2818.3	4293.6
75.5	474.8	1371.5	2800.7	4087.5
238.6	305.1	1613.0	3065.0	4239.0
245.0	1136.1	2481.4	3316.5	4352.9
246.7	1034.1	2463.2	3320.1	4379.1
82.8	743.9	1338.6	2882.4	4307.3
0.0	866.2	1474.6	3001.9	4124.9
576.1	1252.9	2126.2	3254.3	4140.4
67.6	1471.6	2330.4	3364.7	4308.3
88.4	1262.5	2086.7	3262.6	4240.0
0.0	1210.9	2092.5	3281.0	4270.4
0.0	1164.8	2065.4	3242.3	4289.7
0.0	1214.3	2011.0	3225.2	4345.3
300.0	1311.1	2199.3	3362.8	4376.3
0.0	1235.2	2387.7	3337.4	4254.2
0.0	1137.6	2135.0	3292.8	4225.9
0.0	1125.4	2115.8	3387.9	4295.8
363.6	1092.8	2081.6	3303.1	4300.8
93.0	1137.7	2145.3	3339.8	4309.0
0.0	1215.1	2210.8	3454.6	4374.7
0.0	1280.0	2263.3	3395.0	4451.5
0.0	1082.2	2125.1	3210.8	4437.0
0.0	1174.0	2381.5	3322.6	4372.3
0.0	852.8	1932.4	3159.0	4217.5
0.0	469.7	1569.6	2962.9	4148.7
250.8	466.4	1555.8	2931.0	4275.7
224.7	470.5	1558.1	2944.4	4320.3
215.7	481.4	1550.4	2940.2	4269.3
210.6	488.1	1533.6	2916.3	4232.4
208.4	477.5	1504.4	2895.8	4223.9
205.6	474.7	1465.0	2892.3	4225.7
204.9	469.6	1429.7	2901.3	4204.8
203.9	458.2	1407.6	2925.8	4190.7
202.5	452.3	1396.9	2937.8	4192.3
200.6	441.1	1384.9	2948.7	4189.3
199.4	430.8	1368.8	2952.5	4214.1
197.7	415.0	1362.8	2941.0	4258.2
195.2	425.4	1349.1	2941.9	4243.1
194.3	423.2	1353.3	2938.0	4267.2
190.3	440.8	1356.2	2953.7	4275.8
186.3	468.3	1348.4	2951.5	4225.6
181.2	565.5	2110.4	3160.0	4238.3
87.5	352.1	1929.3	3070.8	4260.4
182.2	784.9	2125.3	3203.2	4235.7
90.0	478.6	2311.6	3312.0	4189.5
88.4	550.3	2564.0	3535.2	4390.8
0.0	525.4	1737.2	2928.3	4247.7
221.9	506.4	1784.2	2949.9	4080.0
164.9	537.1	1870.3	3038.1	4015.9
156.2	600.9	1998.4	3070.3	4001.1
150.9	638.1	2093.8	3033.9	3971.7
149.9	632.8	2119.0	2996.2	3872.2
147.9	607.7	2110.3	2932.5	3801.9
148.4	595.0	2014.6	2856.2	3776.1
148.0	569.7	1889.2	2952.7	3896.5
148.3	551.3	2467.1	3650.7	4262.6
145.7	505.2	2515.0	3645.2	4274.4
146.9	542.0	2270.6	3565.2	4119.2
146.5	622.9	2321.8	3545.8	4061.3
144.2	640.6	2138.3	3625.8	4057.0
142.5	568.6	2063.8	3706.7	4307.2
141.8	556.7	1864.4	3657.2	4355.1
141.4	558.9	1929.3	3677.2	4245.3
139.7	552.2	2137.0	3636.9	4291.0
139.7	605.1	2281.2	3605.5	4292.9
137.8	613.6	2339.2	3612.2	4360.8
138.2	623.4	1269.7	3337.7	4099.5
138.0	705.0	1427.1	3059.2	4068.6
137.2	700.3	1616.0	3029.8	4057.6
128.6	661.2	1831.9	2994.8	4152.9
126.9	632.5	1986.2	2975.2	4212.0
126.5	603.6	2116.4	2963.7	4251.4
123.3	569.4	2241.3	2950.0	4307.8
111.5	529.1	2334.1	2922.8	4388.2
114.6	490.4	2480.6	2986.0	4433.9
110.6	464.2	2568.5	3012.6	4513.9
70.1	437.8	2652.8	3063.9	4547.2
149.4	475.8	2696.1	3190.0	4621.9
171.6	530.4	2639.1	3219.9	4470.0
85.5	951.3	2432.9	3685.3	4231.3
0.0	971.2	2337.0	3518.8	4184.8
99.1	1137.9	2522.5	3584.1	4345.3
187.5	1143.2	2511.1	3548.0	4335.0
0.0	916.7	2461.6	3505.5	4273.8
77.0	876.4	2539.6	3752.2	4355.0
0.0	1041.3	2612.3	3616.8	4355.9
0.0	875.4	2595.4	3541.2	4338.0
0.0	874.5	2421.0	3431.7	4207.1
0.0	953.8	2492.4	3496.0	4286.2
