0.0	0.0	0.0	0.0	0.0
0.0	0.0	0.0	0.0	0.0
0.0	0.0	0.0	0.0	0.0
0.0	989.9	1967.8	3230.8	4319.2
0.0	911.8	1923.1	3228.0	4219.6
0.0	836.4	1922.3	3237.9	4218.4
0.0	1037.6	1972.5	2966.0	4114.1
0.0	1255.0	2056.5	2969.9	4201.3
0.0	1287.9	2322.5	3234.5	4292.9
0.0	985.2	2187.9	3138.1	4254.2
0.0	1073.9	2338.0	3260.1	4189.5
0.0	1014.5	2296.9	3289.3	4185.3
0.0	949.2	2098.4	3237.3	4103.4
0.0	1193.2	2143.2	3252.0	4193.2
0.0	809.4	2113.5	3262.6	4247.2
0.0	799.2	2084.4	3169.8	4252.9
0.0	826.4	2075.7	2989.4	4224.9
0.0	875.4	2099.3	3240.7	4192.7
0.0	915.3	2357.3	3358.9	4291.4
0.0	1172.8	2399.4	3251.9	4382.9
0.0	1159.3	2379.9	3266.1	4373.8
0.0	1325.7	2460.9	3310.5	4417.0
0.0	1183.8	2491.6	3263.3	4438.3
0.0	1154.8	2457.5	3375.6	4622.6
0.0	1115.6	2309.3	3323.7	4493.2
0.0	992.4	2333.9	3329.5	4354.2
0.0	902.5	2295.7	3237.4	4334.3
0.0	905.6	2412.2	3244.3	4345.5
0.0	841.7	2375.9	3167.4	4361.1
0.0	681.0	1829.5	2922.8	4200.3
337.0	604.4	1713.5	2814.1	4171.7
302.4	618.0	1704.5	2848.2	4176.6
286.3	718.5	1683.7	2833.1	4180.9
284.3	750.6	1692.9	2823.7	4181.3
282.2	756.7	1714.5	2805.1	4164.3
280.5	754.5	1724.2	2808.1	4170.1
279.3	733.0	1712.2	2824.3	4169.7
281.5	709.5	1712.9	2829.8	4153.6
282.3	677.0	1698.2	2848.1	4095.5
283.0	625.4	1667.9	2902.5	4025.3
283.0	617.3	1710.6	2986.7	3953.8
275.4	621.1	2106.6	3193.4	4171.0
81.6	599.6	1931.5	2890.7	4251.8
298.3	581.8	1719.1	2698.1	4131.4
296.7	611.5	1716.4	2784.2	4099.7
290.6	654.1	1780.3	2946.7	4128.0
293.0	654.2	1803.4	3020.5	4147.0
296.7	652.6	1727.2	3005.8	4132.5
296.3	628.6	1525.1	2950.7	4136.4
294.9	540.9	1485.9	2930.4	4138.9
289.5	450.8	1532.7	2895.6	4114.2
291.6	397.9	1823.3	3054.9	4116.0
293.9	404.5	1836.6	3170.0	4074.7
291.5	366.5	1298.3	3096.5	4034.9
291.6	632.0	1741.8	3122.9	3993.4
295.4	652.5	1937.5	3228.9	4097.1
293.1	592.5	1252.3	3310.3	4110.0
292.4	592.5	1218.7	3400.2	4105.0
294.5	622.7	1228.6	3472.2	4093.0
294.5	653.9	1166.8	3375.9	4116.2
293.3	665.6	1254.5	3436.6	4138.8
295.5	673.7	1350.2	3434.6	4112.4
294.9	680.0	1480.8	3340.4	4089.3
294.4	671.1	1624.6	3255.1	4082.6
294.6	631.5	1778.0	3205.2	4075.4
294.0	616.0	1882.6	3166.2	4053.9
294.4	606.3	2067.6	3100.2	4048.4
295.3	600.2	2200.8	3004.2	4062.4
295.6	588.6	2300.3	2969.9	4054.8
295.8	588.0	2344.1	2951.8	4054.6
295.9	588.7	2368.0	2942.4	4076.3
294.2	591.2	2390.6	2932.8	4087.4
292.8	598.9	2440.6	2929.2	4098.5
292.1	634.4	2482.0	2981.1	4069.4
292.0	654.0	2484.9	2968.8	4057.6
290.3	678.2	2504.6	2953.3	4054.9
292.2	727.9	2537.1	2955.7	4090.2
293.0	719.1	2572.1	2945.4	4097.6
291.9	760.9	2581.6	2940.5	4102.1
289.5	573.5	2576.9	2958.9	4112.9
282.3	528.2	2543.2	2943.6	4143.1
134.0	496.3	2468.1	2922.3	4144.2
291.3	455.0	2387.9	2908.1	4155.1
134.1	455.8	2212.0	2909.3	4122.1
63.5	462.2	2204.6	2934.7	4059.1
63.5	533.1	2147.0	3117.4	4098.8
86.1	1146.1	2285.2	3430.4	4269.3
0.0	863.6	2369.2	3414.6	4343.6
0.0	1099.0	2254.5	3305.6	4300.3
0.0	1155.4	2086.0	3176.6	4353.0
0.0	1122.1	2204.0	3177.6	4341.3
0.0	1130.0	2263.1	3256.5	4252.5
0.0	1091.4	2085.0	3115.9	4164.1
0.0	1188.3	2439.2	2780.0	4100.4
0.0	394.1	1197.5	2642.6	3900.7
239.9	341.2	1234.7	2624.7	3923.6
248.7	307.7	1228.2	2612.4	3993.2
253.6	287.2	1217.1	2603.1	3951.7
251.3	484.3	1192.3	2602.1	3746.1
256.1	709.5	1282.5	2725.1	3703.9
260.4	775.0	1426.1	2939.6	3771.5
252.4	798.6	1535.5	2889.6	3806.3
246.4	795.4	1595.7	2904.9	3832.3
247.1	796.5	1658.0	2875.3	3883.3
246.8	792.8	1703.6	2863.2	3887.8
249.1	796.7	1732.2	2830.1	3869.9
247.7	775.1	1779.1	2766.5	3830.2
248.1	770.6	1838.5	2710.7	3732.8
247.2	738.3	1864.2	2662.9	3698.7
246.1	702.8	1875.4	2591.4	3648.1
244.9	666.3	1803.2	2462.0	3592.2
245.3	580.7	1637.9	2354.4	3570.7
241.7	485.8	1476.4	2295.6	3610.4
238.7	489.6	1384.1	2399.6	3680.9
233.9	467.2	1338.9	2528.8	3764.1
230.1	437.3	1354.2	2419.5	3728.4
223.9	433.3	1361.1	2484.8	3735.9
224.0	448.4	1352.8	2374.1	3814.1
224.0	475.2	1411.5	2348.5	3727.6
231.5	474.3	1493.1	2362.2	3629.9
234.2	539.4	1705.3	2314.4	3596.8
240.7	531.5	1878.7	2299.4	3554.2
245.1	534.6	2146.8	2841.8	3694.4
246.9	493.7	2183.1	2877.0	3758.8
247.7	511.8	2219.3	2953.6	3786.3
248.3	492.6	2280.9	2995.4	3848.4
247.5	502.5	2286.9	2986.7	3880.7
248.8	512.4	2251.9	2954.4	3896.9
247.2	508.0	2230.1	2864.0	3821.4
246.1	534.7	2126.3	2864.4	3814.2
242.5	590.5	2087.8	2976.1	4045.4
237.9	997.5	2071.4	3002.9	4139.5
114.8	1141.2	2143.5	3080.9	4135.5
119.5	1342.6	2258.0	3275.5	4272.1
0.0	1394.7	2312.4	3297.6	4243.5
0.0	1115.8	2136.9	3050.8	4144.5
0.0	1234.4	2045.2	3181.9	4137.5
0.0	1216.6	2115.9	3266.0	4190.0
0.0	861.4	2169.0	3360.0	4166.4
0.0	1259.0	2244.7	3419.9	4179.8
0.0	1101.7	2119.2	3229.5	4133.2
76.1	1007.6	2196.4	3245.2	4120.2
63.5	833.0	2038.2	3049.2	4206.6
0.0	650.8	1557.4	2897.7	4178.4
250.9	717.9	1501.7	2920.9	4136.7
235.2	747.7	1596.2	2927.7	4133.2
229.6	754.1	1617.4	2919.6	4090.9
226.6	756.1	1718.2	2884.7	4126.2
222.9	737.5	1776.2	2835.2	4106.3
219.9	715.8	1854.1	2766.9	4061.7
218.8	618.3	1927.9	2683.8	4135.6
216.8	535.5	1927.1	2847.4	4146.3
210.9	728.9	2156.3	3562.0	4239.8
0.0	1091.7	2051.6	3347.5	4323.6
0.0	1392.3	2206.7	3303.9	4249.0
0.0	1062.5	2536.8	3499.8	4440.5
461.5	709.7	2357.8	3261.4	4211.5
254.0	958.8	2317.2	3061.9	4311.2
249.9	1071.2	2302.4	3244.0	4400.6
83.1	1259.6	2419.0	3349.1	4395.4
236.9	1280.7	2386.5	3342.9	4417.0
241.5	1183.8	2351.2	3245.5	4430.2
157.9	1232.5	2146.2	3144.4	4174.8
0.0	810.3	1768.8	2943.1	4186.9
0.0	640.1	1759.4	2795.5	4139.5
256.6	467.0	1712.7	2690.4	4021.6
229.7	455.7	1700.0	2658.5	3997.5
224.1	457.1	1720.0	2623.1	3994.3
222.2	443.0	1717.2	2630.9	3997.7
221.9	441.1	1712.7	2634.1	4004.8
219.4	431.7	1695.3	2603.4	4037.2
218.2	421.9	1686.0	2616.0	4077.1
214.7	414.3	1666.6	2744.0	4150.6
208.6	444.9	1743.7	3092.5	4245.3
200.7	868.5	2482.6	3285.3	4367.7
190.0	1176.3	2578.3	3489.5	4607.5
93.7	1254.7	2337.1	3283.4	4524.2
64.1	1019.9	2179.4	3222.6	4388.2
324.3	964.4	2227.7	3264.8	4408.6
0.0	991.8	2215.6	3136.2	4322.0
0.0	572.5	2006.7	3025.8	4210.6
0.0	529.8	1546.3	2809.8	4322.7
247.9	641.5	1423.1	2769.0	4343.5
243.5	716.2	1431.5	2762.0	4087.7
99.8	739.7	1406.8	2763.5	4114.3
101.7	746.3	1363.4	2653.6	4432.1
214.5	735.0	1390.9	2278.9	4016.1
214.0	743.5	1461.2	2150.2	3774.9
214.0	741.8	1547.1	2055.6	3796.9
215.0	689.3	1580.7	1969.0	3889.4
216.4	653.0	1581.7	1950.3	3890.7
216.2	552.8	1547.1	1981.2	3815.6
214.1	440.8	1604.7	2369.8	3968.1
208.7	407.5	1869.6	2731.2	4157.7
68.3	415.5	2005.3	2858.7	4212.8
66.0	371.6	2155.9	2997.8	4269.2
95.3	390.7	2052.9	2998.4	4210.4
94.7	1124.9	2114.2	3244.8	4280.9
197.8	1005.6	1555.5	2980.1	4249.1
0.0	840.2	1543.0	2975.0	4345.5
0.0	673.4	1516.9	2660.5	4203.1
0.0	625.7	1465.0	2438.6	3825.4
208.2	664.9	1449.9	2516.3	3776.1
210.7	694.0	1403.8	2577.8	3781.2
209.7	737.3	1386.3	2673.7	3791.9
211.1	770.4	1363.7	2768.7	3771.8
208.9	766.5	1343.5	2851.9	3794.9
208.1	776.4	1329.5	2914.6	3824.6
206.6	800.3	1341.1	2987.0	3829.7
205.0	820.2	1307.9	3065.4	3829.5
203.4	827.9	1291.4	3053.8	3808.9
201.9	839.2	1295.5	3092.1	3828.9
201.6	846.6	1287.8	3145.3	3845.0
200.1	840.5	1278.1	3116.2	3815.0
198.6	832.4	1289.9	3109.5	3824.6
195.6	830.2	1280.8	3145.4	3849.1
195.2	853.0	1268.1	3126.0	3862.1
192.9	837.3	1256.4	3110.5	3868.7
194.3	834.6	1286.8	3113.0	3883.5
192.6	850.9	1311.3	3095.9	3908.2
194.5	842.4	1339.1	3064.0	3888.1
193.9	838.9	1351.1	3048.1	3886.9
191.9	827.6	1379.8	2996.1	3907.9
191.0	821.2	1441.2	3010.0	3933.3
190.1	825.1	1492.7	2986.0	3955.0
189.8	822.4	1602.9	2962.8	3953.5
189.6	828.8	1666.5	2885.6	3967.8
189.5	826.0	1722.8	2826.1	3980.7
187.2	822.6	1846.5	2700.6	4015.5
183.6	561.0	2060.1	2685.9	4097.9
90.4	462.0	2004.8	2729.8	4151.0
188.5	460.7	1918.0	2734.5	4178.3
187.6	450.9	2062.4	2762.2	4119.9
188.2	396.6	2013.1	2765.1	4160.0
187.6	377.9	1950.5	2759.9	4126.3
183.6	348.0	2084.6	2798.3	4099.6
181.7	322.3	2262.8	2865.9	4152.8
192.6	794.6	2168.7	2848.1	4153.9
194.6	743.1	2244.8	2966.7	4170.3
193.3	901.1	2243.3	3032.6	4200.9
189.9	981.3	2225.6	3111.7	4181.6
195.2	1059.4	2088.1	2976.9	4136.4
199.2	1009.0	2089.6	3005.1	4037.3
205.9	956.9	2320.8	3166.3	3997.9
100.0	836.7	2253.2	2738.4	4072.7
69.5	1071.5	2273.3	2916.9	4054.3
0.0	1061.9	2242.8	2974.1	4059.2
0.0	981.7	2150.8	2938.9	4159.2
0.0	1024.2	2292.6	3051.8	4190.8
0.0	1020.5	2316.1	3159.4	4139.8
