0.0	0.0	0.0	0.0	0.0
0.0	0.0	0.0	0.0	0.0
0.0	0.0	0.0	0.0	0.0
0.0	672.4	1862.6	3105.0	4326.8
0.0	702.1	1932.2	3080.5	4173.5
386.1	854.2	2028.3	3133.0	4188.9
362.0	897.1	2086.5	3144.9	4253.1
0.0	1000.6	2119.7	3065.0	4228.6
0.0	1134.8	2227.4	3121.5	4205.1
0.0	1189.1	2298.6	3198.5	4266.1
0.0	1192.6	2323.4	3268.2	4265.2
0.0	1173.5	2302.2	3313.5	4305.0
0.0	1124.1	2296.5	3312.0	4261.0
0.0	824.9	2353.4	3150.7	4236.8
0.0	1203.3	2488.3	3335.3	4220.1
0.0	1240.1	2520.9	3443.5	4270.1
0.0	1160.4	2544.7	3472.3	4445.6
0.0	824.8	2511.8	3519.3	4452.6
0.0	361.3	2515.9	3407.9	4321.5
0.0	354.2	2542.7	3371.4	4354.0
98.0	360.0	2520.1	3302.7	4299.7
137.1	347.7	2520.6	3258.7	4335.9
0.0	359.7	2551.7	3245.6	4405.7
134.5	323.5	2466.9	3069.4	4302.7
154.7	306.8	2428.2	2828.5	4185.4
151.5	346.1	2412.5	2752.3	4271.8
148.2	407.0	2262.7	2721.0	4309.5
152.3	411.9	2140.4	2690.0	4228.4
152.5	506.6	2206.7	2973.7	4319.3
152.0	530.4	2283.7	3224.1	4307.7
145.8	982.9	2455.7	3381.3	4424.7
117.6	955.0	2338.6	3389.1	4416.2
350.4	962.3	2440.0	3328.7	4371.1
71.9	990.3	2260.0	3331.4	4451.0
0.0	1084.3	2153.7	3315.8	4401.5
0.0	942.9	2325.6	3292.1	4404.3
366.2	823.4	2463.9	3296.1	4468.3
171.5	979.0	2485.4	3343.0	4414.4
83.4	976.8	2390.2	3430.8	4370.9
266.7	807.1	2271.3	3297.3	4279.3
0.0	908.0	2224.0	3161.6	4219.2
310.6	985.7	2235.9	3212.4	4200.1
203.4	477.0	2191.4	2928.8	4158.7
0.0	385.1	2250.2	2714.0	4271.8
178.9	352.4	2318.6	2760.9	4334.3
174.2	339.5	2342.1	2818.2	4365.9
167.7	340.3	2371.7	2797.5	4439.8
169.5	350.2	2350.8	2814.3	4424.5
170.6	378.0	2303.8	2809.3	4430.4
168.5	413.0	2215.2	2814.7	4383.8
170.0	501.3	2071.2	2902.2	4417.9
172.0	524.4	1853.0	2979.3	4334.4
173.2	536.9	1719.1	2987.9	4296.9
173.7	559.0	1593.1	2980.7	4215.3
175.6	574.6	1498.5	3063.6	4206.1
176.7	585.1	1405.5	3122.9	4231.3
176.1	595.0	1372.8	3146.8	4215.2
172.7	651.4	1522.9	3168.8	4252.4
167.6	669.8	1603.7	3146.5	4431.5
165.3	667.5	1514.8	3101.1	4341.8
159.0	748.6	1553.7	3103.9	4355.7
159.8	710.0	1596.5	3129.3	4450.4
162.2	670.6	1700.1	3156.7	4409.4
169.7	662.2	1748.8	3155.9	4470.0
172.8	669.9	1797.1	3193.0	4487.9
176.0	696.8	1859.0	3130.4	4412.6
175.1	716.6	1900.6	3090.6	4382.7
171.8	702.6	1904.4	3099.3	4359.6
167.8	711.1	1872.5	3088.0	4310.0
161.6	753.4	1825.9	3007.1	4228.2
156.4	726.8	1724.2	2934.2	4094.7
151.8	483.5	1658.4	2808.3	4384.0
145.5	467.5	1908.2	2738.7	4737.3
292.1	532.3	1747.9	2581.5	4368.8
144.5	486.4	2207.9	3055.9	4703.7
145.2	530.1	2296.1	3137.7	4721.4
290.4	482.4	2048.6	3060.5	4639.2
142.1	447.8	1932.5	2869.8	4052.8
134.8	603.6	2117.6	2844.5	3892.1
352.9	626.1	2163.8	2886.1	3813.2
110.6	632.7	2212.3	2939.1	3822.5
101.8	620.7	2245.0	2933.7	3989.9
77.8	604.2	2233.9	2907.1	4033.7
131.9	606.2	2200.4	2834.1	4129.6
0.0	601.0	2185.5	2721.0	4146.0
167.6	613.1	2126.2	2625.0	4102.8
161.0	634.1	2079.4	2526.6	4102.9
154.4	654.3	1944.1	2353.1	4059.4
149.9	670.7	1891.6	2307.1	4043.0
145.9	680.9	1830.4	2253.1	4078.2
145.3	676.9	1806.2	2151.3	4037.6
145.7	652.2	1678.0	1994.1	4035.3
148.0	637.0	1521.7	1979.6	3995.5
148.1	658.6	1387.9	2383.8	4061.1
145.4	742.8	1610.1	3190.7	4386.5
138.6	787.2	1858.9	3335.0	4502.4
140.7	754.3	1935.6	3061.5	4220.0
144.7	598.9	1650.1	2356.1	3987.7
156.1	582.0	1721.3	2396.5	3967.5
167.1	550.7	1983.2	2500.7	4182.7
173.9	436.6	2182.8	2615.8	4315.1
178.0	425.2	2244.4	2855.3	4222.3
182.0	410.6	2306.4	2964.4	4309.2
189.0	377.1	2353.2	2948.9	4342.7
191.8	362.8	2373.8	2938.6	4406.7
191.7	365.8	2295.1	2921.3	4382.2
191.2	397.7	2059.0	2862.5	4107.4
190.3	330.5	1935.0	2835.8	4151.4
188.8	395.9	2126.5	2796.9	4844.9
186.9	381.9	2031.4	2743.4	4971.9
186.2	366.5	1955.1	2679.0	4862.5
184.0	371.1	1629.9	2647.9	4648.5
181.3	363.3	1690.1	2711.6	4740.1
180.7	364.4	1943.0	2891.7	4736.9
178.6	371.9	2283.2	3326.1	5002.6
177.2	368.0	2311.0	3418.0	4865.0
174.9	914.6	1914.0	2974.8	3986.0
371.5	891.3	1466.6	3120.3	3961.3
177.7	907.3	1502.9	3181.4	4056.3
166.6	905.1	1492.2	3169.8	4087.7
165.6	909.0	1512.8	3140.7	4116.3
164.7	918.6	1604.7	3200.5	4107.9
163.0	915.5	1626.8	3187.5	4159.7
161.6	908.7	1619.5	3154.8	4136.6
158.5	886.2	1641.7	3113.8	4085.3
155.6	915.9	1672.5	3092.1	4166.5
152.8	923.8	1690.5	3073.0	4295.8
147.9	900.1	1669.1	3045.0	4150.6
143.5	919.6	1641.6	3074.3	4141.0
139.0	906.2	1663.5	3086.4	4120.7
133.6	906.8	1648.2	3067.5	4111.3
129.1	926.7	1560.1	3078.1	4080.8
125.2	905.6	1450.5	3034.5	4092.9
120.2	919.9	1395.8	3065.9	4091.9
115.7	909.4	1399.4	3120.8	4005.0
114.0	895.2	1377.9	3107.3	3941.0
112.2	872.8	1321.2	3116.4	3964.0
110.0	874.2	1296.8	3109.6	3960.7
108.6	854.1	1229.2	3085.1	3915.4
106.7	820.1	1172.0	3039.2	3837.9
106.1	802.6	1146.5	3035.5	3802.6
105.5	796.2	1153.5	3026.5	3754.9
105.5	762.2	1144.8	3018.9	3706.2
106.6	997.7	2522.8	3542.1	4320.7
104.1	865.1	2217.2	3390.9	4355.7
100.9	1101.6	2258.0	3379.8	4428.3
103.2	1002.0	2231.8	3311.7	4526.0
172.9	1123.6	2346.7	3219.9	4420.7
0.0	1077.8	2321.3	3370.3	4386.6
338.8	1079.9	2498.5	3453.2	4315.8
77.0	1065.2	2364.8	3273.0	4287.5
78.3	977.2	2192.4	3210.0	4222.4
0.0	1127.3	2366.0	3397.7	4207.7
232.3	1193.1	2462.1	3541.9	4301.9
0.0	1105.3	2660.3	3347.7	4261.1
502.9	1096.7	2608.5	3257.6	4319.2
160.6	1016.2	2373.4	3375.7	3981.6
0.0	1168.7	2273.2	3453.9	4119.2
0.0	1239.0	2320.7	3512.6	4378.5
0.0	1175.2	2245.4	3460.0	4409.1
256.9	570.4	1687.6	3365.9	4221.8
0.0	558.7	1337.5	3680.9	4206.5
127.9	542.6	1373.2	3554.8	4185.2
125.8	558.8	1384.0	3628.8	4463.7
123.7	565.0	1414.4	1889.3	3934.7
121.7	562.7	1485.5	1960.9	3917.9
117.7	570.1	1652.2	3436.8	4321.9
115.2	549.7	1582.1	3231.0	3854.3
113.7	531.5	1584.9	3300.7	4066.2
112.7	517.4	1580.0	2797.8	4221.9
112.1	498.4	1568.3	2659.6	4382.6
111.9	478.1	1598.8	2675.8	4257.8
111.6	441.1	1677.2	2687.6	4205.2
109.8	500.7	2273.2	2836.5	4198.7
98.2	371.7	1956.4	2725.5	4254.3
87.3	683.5	2229.6	3050.7	4327.3
151.0	605.6	2395.9	3171.5	4278.6
0.0	449.1	1757.8	2762.4	4167.1
0.0	482.8	1656.1	2670.7	4103.0
0.0	493.8	1614.5	2769.9	3935.2
118.8	492.6	1607.8	3214.7	3944.1
118.5	496.9	1578.2	3352.6	4025.4
119.9	498.7	1505.4	2380.0	3622.3
119.5	503.2	1453.1	2084.6	3671.1
119.3	515.8	1428.3	1947.1	3690.3
119.8	527.8	1408.3	1888.9	3739.1
120.7	546.5	1405.9	1877.5	3811.2
121.8	572.4	1413.3	1911.6	3947.7
122.1	598.9	1382.2	1915.0	4133.2
122.6	599.4	1406.3	1934.3	4227.0
123.8	618.1	1384.8	2091.3	4023.0
126.9	620.7	1336.0	2155.0	3997.2
129.0	643.7	1242.7	2168.5	4053.3
131.5	596.8	1077.7	2235.7	4052.6
135.3	847.2	2187.7	3855.8	4319.1
133.6	666.5	2303.9	3925.1	4302.6
130.5	596.8	2363.8	3511.5	4096.1
126.5	474.5	2373.4	3191.9	4094.3
120.2	413.2	2280.7	3112.6	4130.4
117.1	470.2	2098.5	3050.9	4131.5
115.5	548.4	1870.5	2931.1	4061.2
116.1	658.2	1989.2	2969.7	4017.6
372.2	874.1	2565.8	3783.3	4404.3
127.0	582.6	1059.3	2672.0	3966.2
128.9	586.9	1200.1	2621.6	3878.3
127.8	602.7	1340.4	2609.3	3863.8
123.9	631.8	1490.1	2572.0	3874.5
119.1	651.3	1584.2	2563.9	3900.2
115.2	661.7	1666.3	2574.7	4038.2
112.0	655.5	1737.7	2610.9	4165.0
109.6	654.9	1794.4	2635.1	4136.3
107.4	649.1	1847.9	2598.5	4134.4
104.9	623.5	1884.4	2580.0	4164.8
100.6	605.8	1952.9	2631.5	4163.0
96.3	594.6	2041.9	2624.8	4239.3
92.8	569.8	2093.3	2613.1	4353.3
88.8	591.4	2134.3	2646.7	4419.5
84.6	550.0	2174.7	2729.9	4309.4
84.6	517.1	2201.4	2803.6	4286.2
80.4	510.3	2200.5	2735.2	4277.1
76.8	493.1	2199.2	2753.3	4349.7
76.4	476.8	2241.8	2874.7	4378.0
66.7	493.2	2237.1	2886.9	4321.5
63.5	554.1	2261.3	2908.2	4300.1
85.1	574.7	2301.6	2912.9	4296.5
0.0	703.0	2319.6	2891.5	4281.2
0.0	761.4	2340.7	2921.4	4282.3
102.5	680.4	2242.4	2961.4	4253.7
94.1	712.3	2054.7	3004.5	4212.6
92.9	1140.9	2093.9	3073.9	4305.2
91.0	1244.2	2212.2	2926.2	4422.8
90.9	931.1	2210.1	2931.5	4468.1
352.5	928.4	2204.7	3069.4	4411.9
0.0	802.3	2189.6	3148.8	4405.5
129.9	764.5	2104.9	3190.8	4350.5
100.6	595.9	2142.3	3127.3	4213.0
0.0	1003.4	2211.6	3206.4	4168.9
