0.0	0.0	0.0	0.0	0.0
0.0	0.0	0.0	0.0	0.0
0.0	0.0	0.0	0.0	0.0
0.0	735.4	2230.7	3443.9	4472.2
0.0	785.1	2199.9	3304.1	4309.1
0.0	872.6	2204.5	3229.2	4258.1
0.0	969.4	2207.9	3253.1	4251.4
0.0	670.4	2044.8	2984.0	4146.7
0.0	1196.0	2157.5	3089.1	4202.1
0.0	1140.7	2151.7	3212.1	4275.5
0.0	1137.0	2167.9	3274.0	4339.3
0.0	869.2	2149.7	3194.1	4299.2
0.0	1060.2	2268.7	3223.2	4248.4
0.0	1023.5	2253.4	3286.4	4266.1
0.0	934.8	2211.8	3266.7	4401.8
0.0	1032.4	2303.5	3344.1	4301.7
0.0	1215.3	2337.4	3361.8	4182.9
0.0	1002.1	2494.8	3565.5	4209.3
0.0	1618.9	3038.0	3874.4	4315.1
0.0	1711.2	3005.1	3829.7	4272.5
68.9	1279.8	2786.9	3694.9	4235.8
0.0	1455.2	2825.4	3668.6	4234.6
0.0	1265.7	2621.5	3689.2	4237.5
0.0	575.5	2581.6	3661.6	4374.5
0.0	979.2	2569.1	3564.0	4276.7
0.0	937.2	2543.3	3318.2	4168.9
0.0	1181.6	2466.1	3279.5	4172.4
424.8	908.6	2527.1	3273.9	4401.0
228.9	622.3	2674.5	3243.7	4503.6
252.9	619.6	2697.2	3227.1	4330.4
259.5	586.6	2703.8	3216.4	4138.2
264.0	611.8	2736.1	3260.0	4242.4
262.0	587.9	2773.0	3317.2	4298.3
260.6	596.8	2802.3	3318.1	4166.7
258.3	603.0	2826.6	3316.7	4092.1
252.8	605.7	2850.3	3369.4	4156.3
253.9	602.0	2892.0	3401.6	4194.2
253.5	597.9	2906.8	3404.2	4189.1
254.2	594.2	2933.1	3428.5	4235.1
254.8	585.7	2979.9	3448.1	4309.3
254.1	600.2	2989.6	3467.0	4395.9
254.2	582.1	2967.9	3444.4	4385.2
256.6	586.4	2932.2	3428.7	4392.6
259.8	560.9	2842.8	3399.3	4417.5
260.4	543.3	2701.4	3391.2	4434.8
261.1	523.5	2529.1	3364.5	4361.8
261.5	466.9	2041.1	3120.8	4032.3
129.3	450.9	1998.9	2931.7	4073.8
263.4	440.0	2065.2	3034.6	4170.5
260.7	441.1	1986.0	3008.6	4353.7
259.5	396.8	2220.7	3326.7	4330.9
257.3	293.8	2390.0	3594.8	4211.8
84.9	316.6	2488.4	3600.4	4277.6
245.1	1410.2	2533.8	3727.2	4320.1
240.8	825.9	2535.0	3815.4	4412.4
78.7	1384.0	2737.3	3858.0	4382.8
78.9	1609.3	2747.8	3860.3	4278.9
0.0	850.8	2391.5	3765.3	4222.1
272.7	970.8	2341.1	3683.1	4143.3
78.4	941.2	2375.0	3528.9	4116.6
239.0	434.2	2122.3	3275.1	4070.5
232.9	452.9	2057.7	3033.0	4256.3
233.7	479.8	2157.0	2923.9	4294.0
229.9	482.2	2019.2	2861.7	4247.8
225.0	563.3	1827.6	2777.3	4260.8
221.9	500.6	1877.2	2705.7	4328.8
219.1	487.3	1821.1	2560.7	4166.7
216.9	631.0	1747.6	2584.1	3709.2
222.3	701.5	2027.2	2888.1	3636.1
216.1	835.3	2072.7	3084.8	4075.1
212.7	842.2	2197.0	3293.7	4352.0
210.8	1145.7	2332.8	3383.7	4346.8
69.6	1312.1	2381.6	3411.3	4328.9
68.2	1107.7	2145.3	3278.6	4323.4
0.0	1186.5	2111.9	3190.8	4205.2
0.0	1150.4	2055.5	3056.4	4031.8
0.0	672.0	1522.1	2769.8	3785.9
0.0	708.5	1375.1	2742.9	3880.5
232.8	750.5	1355.3	2780.0	3880.2
226.8	775.8	1330.0	2825.1	3907.5
223.4	815.0	1319.5	2845.7	3909.4
220.6	851.1	1302.2	2840.6	3920.6
216.7	921.8	1310.0	2858.1	4011.8
215.0	981.4	1371.6	2849.9	4092.3
213.9	954.1	1370.6	2879.5	4063.8
213.0	989.5	1374.8	2944.8	4259.7
212.5	985.8	1368.7	2979.9	4120.2
212.7	947.3	1343.5	3004.7	4034.7
213.3	918.8	1317.7	3048.6	4011.2
213.6	844.7	1305.9	3102.6	4039.2
216.5	778.6	1314.5	3145.6	4099.6
219.0	725.0	1305.5	3164.0	4125.5
221.0	683.7	1269.2	3166.5	4137.7
223.8	626.9	1288.7	3119.1	4158.2
223.3	581.3	1378.9	3028.5	4200.5
220.1	471.1	1857.6	3170.6	4356.6
107.8	1066.2	2110.9	3556.4	4297.9
72.7	969.7	2270.3	3775.2	4552.3
71.1	1411.0	2756.7	3908.8	4588.1
68.6	1230.3	2662.2	3876.9	4554.2
0.0	994.9	2592.0	3790.0	4752.7
90.3	934.7	2640.9	3890.1	4863.3
545.5	928.3	2601.6	3787.9	4747.4
200.0	1039.9	2341.9	3613.6	4742.5
218.2	1129.3	2314.0	3450.1	4759.9
222.2	818.2	2229.6	3257.9	4502.1
0.0	803.7	2203.9	3311.9	4458.3
0.0	485.7	1861.8	3125.8	4507.1
228.8	454.5	1770.4	3069.0	4628.5
223.3	456.9	1765.5	3062.9	4605.7
221.3	459.2	1785.3	3079.3	4576.8
222.3	467.5	1824.8	3088.4	4645.0
224.0	465.8	1855.7	3082.9	4641.7
223.5	440.5	1891.6	3095.2	4666.3
221.9	433.1	1916.1	3100.9	4672.4
218.5	419.6	1889.1	3132.0	4563.1
212.2	415.0	1887.3	3142.7	4484.4
101.3	395.3	1940.6	3060.3	4508.5
64.6	1050.6	2179.1	3187.1	4483.1
197.5	1119.1	2293.4	3264.4	4584.0
99.1	874.3	2320.1	3345.2	4572.9
67.3	1357.9	2571.4	3722.3	4484.2
0.0	929.1	2640.2	3800.3	4497.8
0.0	828.4	2372.6	3475.9	4511.4
0.0	753.7	2125.7	3314.4	4463.8
0.0	458.6	2079.6	3227.9	4542.9
228.5	450.6	2059.4	3112.6	4603.0
225.4	449.6	2080.3	3101.8	4627.3
225.5	438.7	2082.0	3095.1	4658.6
224.1	433.7	2094.2	3153.4	4642.5
215.5	456.3	2141.2	3331.8	4610.8
208.6	1122.4	2595.6	3684.1	4538.7
102.4	1035.0	2620.2	3571.1	4660.5
67.4	1036.0	2564.5	3665.4	4679.2
0.0	1308.6	2668.6	3862.4	4710.9
0.0	1230.8	2643.0	3919.0	4885.5
0.0	895.6	2418.3	3826.6	4663.3
0.0	1218.7	2699.1	3643.4	4463.4
0.0	1247.9	2743.6	3543.7	4269.4
0.0	1041.8	2366.6	3352.2	4153.1
98.9	1008.1	2087.6	3148.1	4084.1
0.0	1184.3	2134.1	3158.1	4080.1
0.0	1215.5	2264.1	3344.3	4270.3
63.5	1041.4	2387.3	3403.1	4239.6
0.0	1011.5	2689.7	3379.0	4108.5
0.0	1162.0	2572.3	3412.7	4015.3
0.0	1145.0	2358.9	3515.7	4102.3
108.8	556.4	1725.4	3277.1	4246.0
0.0	583.3	1252.7	3212.4	4342.4
224.0	604.8	1337.6	3203.5	4360.8
224.4	623.0	1433.0	3231.2	4395.8
225.6	617.6	1759.5	3228.7	4406.9
226.0	609.4	1937.5	3237.4	4406.1
226.7	572.4	2042.2	3216.1	4345.4
226.1	532.9	2236.4	3215.4	4269.6
226.3	505.2	2397.1	3206.4	4242.8
225.7	482.2	2508.5	3226.0	4233.2
228.5	461.6	2575.6	3236.6	4229.3
230.6	460.2	2619.0	3241.0	4268.6
232.5	461.0	2647.3	3233.7	4352.1
231.9	453.7	2591.8	3201.8	4335.4
227.0	443.1	2505.2	3171.1	4340.2
221.2	544.0	2302.5	3155.2	4522.7
211.1	1183.3	2240.3	3258.8	4512.3
104.9	983.6	2233.9	3418.0	4518.3
74.3	899.4	2281.4	3363.8	4546.1
500.0	1045.0	2363.0	3490.5	4595.7
428.6	1124.3	2460.9	3684.5	4616.7
137.9	1082.3	2531.8	3825.4	4708.6
0.0	1342.3	2609.0	3740.0	4553.9
0.0	1288.0	2325.0	3400.8	4190.4
0.0	1003.6	2043.4	3253.8	4034.3
301.0	812.6	1957.0	3229.4	4123.3
305.9	814.6	2104.3	3135.4	4149.0
99.9	685.5	1850.0	2976.6	4001.3
0.0	604.2	1750.8	2816.9	3747.9
0.0	624.4	1698.8	2810.3	3623.4
239.1	629.7	1694.7	2817.2	3692.6
238.1	647.9	1770.6	2915.5	3760.9
241.4	666.2	1872.4	3003.6	3797.0
237.8	649.2	1863.1	3104.3	3799.9
236.3	650.4	1811.6	3121.8	4118.9
233.6	592.6	1744.3	2971.1	4228.0
108.8	413.6	1756.9	2915.9	4180.6
109.7	369.3	1831.5	2955.3	4186.7
109.3	463.9	1834.6	3086.4	4098.7
309.9	710.7	1845.7	3180.9	3943.8
329.9	726.7	1857.4	3109.1	3818.6
291.2	729.6	1800.2	3092.5	3911.5
0.0	704.2	1686.3	3095.9	3899.0
112.2	717.1	1647.8	3054.0	3893.1
218.8	639.1	1548.3	2933.5	3923.9
216.1	675.0	1443.0	2917.6	3944.0
214.7	653.3	1394.1	2914.1	3952.0
214.5	650.6	1327.1	2874.3	3998.0
213.7	628.6	1317.1	2826.0	4019.8
209.7	762.5	1844.8	2904.9	4082.9
202.7	1292.0	2353.0	3295.4	4303.3
99.6	1285.8	2343.0	3230.3	4345.2
99.8	1247.0	2330.9	3288.3	4265.8
76.0	1275.9	2345.8	3501.0	4382.0
0.0	1403.5	2473.7	3584.0	4450.2
0.0	1296.3	2378.6	3306.2	4366.5
0.0	1261.9	2299.7	3282.4	4308.8
0.0	1196.5	2186.4	3200.9	4240.8
227.5	1171.7	2310.1	3142.8	4266.4
104.3	1344.3	2466.1	3332.7	4461.2
102.9	1077.4	2315.5	3437.6	4443.8
0.0	1116.9	2321.3	3212.9	4304.3
0.0	1055.5	2286.0	3089.6	4403.4
0.0	1131.3	2245.4	3287.7	4402.9
441.2	1128.5	2162.2	3247.6	4422.7
0.0	917.9	1983.2	3028.7	4138.8
266.7	790.1	1558.5	2895.6	3961.6
0.0	791.7	1155.3	2934.5	3893.0
226.4	791.2	1115.1	2980.9	3824.3
219.0	759.4	1076.9	3036.1	3802.8
218.5	746.7	1077.8	3113.9	3784.0
215.7	691.9	1046.3	3152.5	3763.7
213.8	684.7	1055.5	3197.1	3767.1
211.7	653.8	1044.0	3231.0	3760.2
209.1	634.5	1039.6	3242.4	3754.5
206.4	620.1	1030.9	3246.3	3723.2
205.4	630.9	1033.3	3237.8	3724.8
204.6	628.9	1033.6	3201.2	3711.2
205.1	643.4	1051.1	3194.4	3702.8
204.8	739.1	1116.6	3200.2	3723.5
204.0	750.9	1138.9	3161.8	3697.1
201.4	740.5	1149.1	3164.3	3736.7
199.2	743.5	1166.4	3161.6	3739.8
198.0	732.8	1182.0	3143.8	3662.0
197.3	706.9	1174.0	3131.1	3648.5
194.8	693.5	1167.8	3106.0	3704.9
193.5	677.3	1166.5	3105.0	3699.1
193.5	663.1	1156.9	3094.5	3688.7
193.0	640.3	1152.1	3107.0	3674.0
192.7	547.2	1120.3	3064.5	3701.0
192.1	609.3	1946.8	3096.0	3865.7
191.7	465.1	1883.7	2986.6	3944.9
189.1	381.1	2039.9	2917.9	4064.9
186.7	401.7	2159.0	3013.8	4245.2
190.6	388.9	2214.2	3027.4	4255.6
193.4	388.1	1874.0	2675.2	4111.0
196.7	395.3	1825.1	2784.4	4006.1
198.7	373.1	1899.7	2881.9	4008.0
198.4	641.7	1986.0	3101.3	4120.3
194.2	897.8	2143.2	3332.9	4154.9
97.0	942.7	2130.7	3327.2	4134.6
193.1	902.8	1975.1	3295.7	4214.4
131.2	861.4	1959.0	3201.6	4289.5
0.0	996.5	1959.6	3181.5	4229.0
0.0	1087.6	2030.9	3218.4	4347.0
0.0	1079.6	2248.2	3318.7	4446.9
116.6	1004.5	2253.5	3314.4	4276.3
0.0	1163.4	2313.9	3412.4	4270.4
0.0	1144.3	2330.2	3231.6	4302.4
121.7	915.7	2320.1	3229.2	4299.4
