0.0	0.0	0.0	0.0	0.0
0.0	0.0	0.0	0.0	0.0
0.0	0.0	0.0	0.0	0.0
0.0	1029.9	2190.7	3287.3	4450.3
0.0	1043.9	2152.7	3294.2	4356.9
0.0	1094.1	2133.7	3177.1	4250.1
0.0	989.7	2166.6	3198.7	4205.0
0.0	939.4	2083.9	3328.9	4265.7
0.0	915.7	2029.0	3203.6	4328.1
0.0	923.8	2246.9	3162.5	4269.1
0.0	1042.8	2266.4	3134.0	4218.9
0.0	1000.5	1888.2	3063.3	4124.9
299.1	1102.2	2090.7	3236.5	4290.8
295.2	1036.6	2155.1	3116.3	4233.4
64.6	1050.7	2325.9	3123.2	4246.1
253.2	1129.7	2296.5	3219.5	4285.4
77.7	1041.1	2269.3	3314.2	4295.9
0.0	822.1	2112.4	3058.2	4261.6
0.0	733.6	1732.9	3026.0	4186.8
0.0	978.5	1669.8	3092.4	3963.1
0.0	1097.5	1849.6	3035.9	3917.9
111.6	495.5	1573.3	2918.6	3896.0
221.3	528.2	1525.6	2979.5	3959.8
232.5	547.9	1557.9	3010.1	4055.6
238.9	566.2	1599.0	2987.9	4087.2
239.8	543.8	1632.0	2992.2	3986.8
238.6	575.1	1664.3	3002.0	3853.8
234.7	582.2	1550.5	2940.8	3890.7
107.2	681.9	1675.8	2936.4	4166.8
69.6	683.7	1930.9	2997.2	4181.8
0.0	514.3	1848.5	2914.8	4077.8
219.9	532.3	1830.6	2918.4	4056.8
223.2	546.3	1886.7	2988.6	4034.0
223.8	557.9	1940.4	2993.7	4035.7
222.4	546.8	1973.2	3002.7	4095.7
219.7	521.3	2017.6	2969.3	4123.0
216.3	508.5	2072.4	2919.7	4201.7
213.5	499.7	1913.5	2936.8	4281.7
208.3	430.8	1913.0	2960.0	4298.4
65.8	321.2	1919.6	2919.4	4238.4
63.5	346.1	2059.2	3064.9	4301.8
64.3	891.6	2268.2	3182.9	4466.8
66.1	860.6	1962.4	3051.6	4338.4
0.0	563.2	1906.1	3029.0	4199.3
216.4	641.6	1832.2	3053.9	4066.6
210.4	688.6	1718.0	3096.8	4002.9
208.3	751.5	1653.2	3020.8	3969.1
206.7	798.7	1567.8	2837.7	3959.6
203.3	819.4	1488.8	2854.8	4108.4
200.7	821.4	1487.1	2899.2	4284.2
199.3	810.3	1444.6	2884.1	4286.7
200.5	804.6	1382.4	2867.8	4268.5
202.8	802.7	1356.4	2861.2	4245.0
204.6	805.7	1347.6	2889.3	4209.3
205.9	797.3	1314.3	2892.7	4231.3
207.8	785.6	1288.1	2910.5	4268.8
210.2	769.4	1261.6	2892.3	4195.1
212.0	741.1	1215.7	2893.4	4508.3
214.6	695.8	1179.6	2875.7	4633.9
215.6	673.0	1149.6	2714.5	4756.9
216.7	654.2	1151.2	2633.1	4802.4
218.9	661.6	1200.2	2841.5	4805.8
221.1	688.8	1263.7	2943.4	4663.7
224.0	717.9	1337.2	3269.9	4305.7
229.5	720.2	1415.1	3254.0	4014.5
234.2	733.5	1498.1	3228.5	3897.8
238.4	734.3	1588.0	3162.8	3830.1
241.7	694.1	1601.5	2503.4	3718.3
242.9	671.9	1614.1	2133.3	3783.7
243.8	674.3	1633.2	2151.7	3886.8
249.8	670.2	1637.7	2160.2	3834.8
247.7	641.3	1645.1	2168.2	3840.8
248.9	658.8	1672.4	2166.8	3871.7
246.5	632.3	1734.5	2200.9	3853.8
245.7	651.5	1754.8	2227.1	3792.8
246.5	632.7	1767.4	2297.3	3835.3
244.9	635.8	1896.0	3131.0	4166.3
245.0	635.3	1940.3	3281.9	4478.1
244.5	623.0	1908.9	3334.7	4547.9
243.5	604.5	1905.2	3333.6	4352.2
242.3	587.0	1858.5	2939.4	4211.8
239.8	458.6	1863.5	2961.2	4471.5
238.1	393.1	1869.9	3003.2	4232.4
240.0	405.0	2148.0	2706.0	4024.9
240.3	1161.7	2331.0	2956.2	4090.9
228.8	1053.1	2256.7	3102.9	4135.8
109.1	1039.6	2380.1	3263.5	4252.5
226.4	1087.8	2376.6	3334.6	4331.0
386.7	1261.5	2462.0	3351.5	4352.6
121.2	1198.1	2340.5	3383.9	4386.8
130.4	958.8	2119.4	3165.2	4317.0
0.0	835.5	2061.0	3252.0	4283.5
0.0	972.8	2270.8	3312.3	4319.7
206.9	645.6	2081.0	3176.8	4287.9
66.8	873.6	1930.6	3108.9	4206.5
410.2	685.8	1838.5	3141.6	4194.1
251.3	712.7	1813.9	3177.6	4207.9
240.7	727.3	1844.5	3176.3	4237.8
227.0	751.2	1886.2	3161.0	4192.6
221.2	781.5	1905.1	3138.6	4144.6
217.1	788.4	1856.4	3147.9	4115.2
213.3	778.9	1875.2	3162.8	4146.7
211.1	757.3	1840.9	3230.1	4116.8
208.9	709.0	1777.6	3182.8	4180.1
206.6	670.5	1747.0	2950.4	4118.7
208.0	614.3	1684.2	3069.2	4107.2
205.5	547.8	1653.6	3134.4	4122.6
206.3	436.1	1647.3	3099.0	4089.9
207.4	417.5	1769.4	3003.7	4025.7
205.0	399.2	2199.4	2925.6	4091.8
199.6	1114.1	2271.1	3137.0	4220.7
193.4	1149.0	2236.8	3208.6	4309.8
98.9	1066.1	2309.5	3283.6	4311.2
65.6	1079.9	2333.0	3383.2	4321.6
461.5	1043.4	2280.3	3542.5	4374.2
333.3	1161.8	2428.4	3547.1	4419.3
333.3	962.9	2190.4	3445.3	4367.4
0.0	984.3	2151.9	3453.8	4356.8
261.4	1148.7	2254.2	3437.5	4289.2
0.0	961.3	2286.4	3298.3	4201.9
0.0	975.2	2307.1	3335.6	4086.9
364.6	521.6	2188.7	3401.8	4103.6
239.0	501.7	1255.7	3036.1	4117.3
215.1	530.6	1237.6	3110.0	4124.4
204.1	535.4	1276.4	3197.0	4098.6
208.0	598.8	1282.7	3174.8	4182.3
213.7	633.9	1280.5	3222.0	4127.7
211.8	641.3	1416.0	3326.6	4062.9
210.6	647.9	1583.8	3331.7	4085.8
209.6	656.4	1716.3	3294.4	4077.1
206.9	645.4	1769.7	3235.4	3998.8
204.4	621.6	1735.4	3150.7	3910.2
202.3	596.3	1654.8	2972.8	3839.4
198.7	445.4	1584.7	2837.0	3772.8
193.4	373.8	1649.3	2761.8	3830.5
199.5	384.7	1606.4	2689.8	3848.5
198.6	387.4	1564.9	2632.4	3644.2
196.7	398.6	1529.4	2653.6	3656.6
194.7	622.8	1669.9	2800.3	3750.5
197.3	632.1	1726.4	2948.5	3788.5
189.2	666.3	1781.1	2992.2	3879.3
186.1	687.7	1804.9	3014.9	3955.1
185.0	672.1	1862.2	2993.0	4002.0
184.0	670.7	1831.4	2962.9	4038.3
182.4	636.1	1792.9	2914.0	4046.4
177.9	350.9	1714.8	2767.6	4055.8
85.7	368.4	1707.3	2759.2	4063.4
172.4	615.6	1872.0	3056.5	3985.8
179.9	665.3	1878.8	3017.5	3966.7
177.2	717.8	1740.3	2977.5	3967.1
173.8	720.2	1580.9	2978.8	3928.2
172.6	719.9	1560.1	2922.2	3820.9
171.2	703.1	1515.4	2998.4	3848.2
170.2	701.2	1596.7	2989.8	3811.4
169.8	702.0	1657.7	2998.0	3828.7
170.4	746.0	1661.9	3038.3	3912.0
169.4	730.5	1704.4	3054.8	3901.2
170.2	665.6	1964.5	3031.6	3908.6
171.4	465.7	1914.8	2938.5	4040.3
84.8	402.9	2009.1	2916.5	4043.6
181.3	410.6	2270.0	2904.5	4131.0
181.9	385.1	2310.5	2893.4	4171.3
183.9	361.0	2255.5	2865.5	4144.7
181.4	356.3	2145.1	2830.8	4110.7
177.1	1109.8	2174.1	2832.7	4102.3
184.7	1206.1	2131.3	2932.5	4083.1
63.5	1241.3	2229.3	3127.5	3999.3
0.0	666.2	1900.1	3037.6	3905.2
0.0	643.8	1885.9	2846.9	3896.4
197.3	647.8	1933.0	2897.9	3926.9
190.2	694.1	1918.2	2939.5	3926.9
186.6	709.6	1903.2	2927.0	3917.3
185.5	723.1	1926.7	2923.3	3968.3
185.1	729.2	1902.0	2947.0	3942.1
185.5	707.4	1887.3	2987.8	3921.2
187.1	720.6	1844.1	3018.6	3981.0
186.6	688.4	1692.4	2914.5	3934.3
185.3	468.9	1627.0	2912.9	3817.3
180.8	451.1	1633.0	2930.3	3807.0
188.7	509.2	1763.4	2866.8	3921.3
188.4	642.0	1780.1	2940.4	4024.6
185.3	695.2	1801.5	3015.7	4012.1
180.0	681.9	1824.5	2973.7	3972.6
178.9	684.0	1790.8	2970.1	3916.3
176.3	674.1	1746.2	2948.8	3927.7
173.1	689.8	1734.2	2934.2	4075.5
170.0	743.7	1842.1	3133.1	4002.9
164.3	754.5	2120.1	3158.1	4005.2
95.7	924.4	2088.9	3346.5	4181.0
221.3	1001.8	2067.7	3404.7	4158.4
115.6	840.2	2105.0	3236.6	4112.4
77.9	873.6	2240.9	3135.4	4142.9
0.0	1036.1	2068.2	3000.9	4067.1
0.0	795.1	2016.0	3206.0	3974.7
264.4	683.4	1956.9	2966.5	3832.0
255.2	651.6	1928.8	2861.5	3887.0
0.0	648.4	1961.0	2840.1	3955.1
191.0	634.9	1937.5	2849.1	3976.5
188.8	626.9	1916.3	2908.6	4241.4
88.8	695.8	1977.5	2875.3	4488.6
251.6	714.8	1981.3	2864.7	4514.5
186.1	727.6	1952.5	2907.4	4582.1
178.0	710.5	1954.5	2874.4	4487.8
101.7	716.5	1938.6	2894.2	4315.4
218.1	721.9	1923.5	2923.3	4316.4
219.7	751.6	1886.7	2909.7	4194.1
220.8	748.3	1976.2	2930.2	4019.1
224.6	1113.6	2371.6	3363.9	4321.4
0.0	1040.3	2320.4	3219.4	4324.0
262.9	1017.8	2255.7	3249.6	4230.5
0.0	954.6	2217.3	3072.5	4126.2
0.0	888.7	2104.2	3213.5	4223.6
94.7	971.7	2342.2	3387.8	4422.8
0.0	1078.3	2507.0	3478.1	4466.3
0.0	1061.7	2481.2	3518.2	4441.6
0.0	1176.1	2299.2	3247.7	4294.5
0.0	1239.1	2443.7	3229.5	4326.0
90.2	1303.6	2474.8	3341.4	4318.7
136.1	1226.2	2447.4	3433.9	4287.1
0.0	1528.8	2478.0	3484.7	4289.1
75.2	1423.2	2377.8	3431.2	4302.3
148.3	1011.7	2215.7	3353.7	4290.7
112.1	994.7	2288.6	3369.3	4236.4
571.4	1138.2	2196.7	3252.6	4263.1
0.0	1241.5	2385.4	3201.0	4264.5
0.0	1051.2	2437.8	3161.4	4233.2
72.2	642.3	2250.1	3169.2	4172.9
0.0	727.8	2153.0	2887.9	4129.5
0.0	937.9	2185.6	3137.9	4260.2
0.0	1203.2	2393.1	3271.1	4346.2
0.0	1185.4	2346.0	3195.4	4226.2
0.0	1073.1	2144.6	3162.7	4268.8
0.0	1312.9	2393.9	3299.2	4357.2
0.0	1221.6	2353.9	3300.1	4312.6
0.0	1364.5	2316.0	3296.9	4301.0
0.0	1075.8	2127.3	3282.8	4208.3
0.0	1130.4	2248.2	3239.2	4274.5
0.0	1067.9	2201.8	3258.6	4266.8
0.0	1011.3	2231.4	3260.0	4313.6
0.0	977.2	2205.5	3257.9	4258.8
0.0	908.0	2290.1	3271.6	4328.9
115.9	1040.8	2419.6	3197.3	4250.6
118.8	1119.7	2265.2	3088.4	4167.5
0.0	960.2	2139.7	3273.4	4160.4
0.0	913.0	2145.9	3317.8	4261.7
0.0	996.5	2115.9	3272.5	4306.2
0.0	741.5	2058.0	3263.0	4227.6
115.3	821.7	2120.1	3248.8	4141.5
