0.0	0.0	0.0	0.0	0.0
0.0	0.0	0.0	0.0	0.0
0.0	0.0	0.0	0.0	0.0
0.0	805.2	2086.3	3004.2	4007.1
0.0	812.0	2109.6	2967.0	4065.7
0.0	798.3	2084.9	3008.9	4050.8
0.0	763.0	2145.6	3111.1	4128.9
0.0	750.5	2145.2	3031.0	4224.9
0.0	994.3	2153.5	3069.8	4318.7
0.0	738.1	2005.5	3067.3	4281.4
0.0	746.4	2056.7	3233.4	4295.6
0.0	891.9	2167.6	3283.3	4252.1
0.0	917.6	2118.2	3170.6	4183.5
0.0	898.9	1994.6	3202.1	4205.5
0.0	834.9	2133.6	3304.5	4241.2
0.0	872.2	2235.8	3183.8	4226.9
0.0	1011.4	2400.8	3273.4	4263.7
0.0	1005.2	2502.5	3293.2	4280.4
0.0	793.2	2483.8	3249.0	4196.0
0.0	906.4	2551.4	3322.6	4217.1
87.8	906.0	2576.1	3317.7	4234.4
129.7	871.9	2587.6	3411.4	4308.7
0.0	913.8	2578.3	3349.5	4344.1
82.6	979.5	2578.7	3310.7	4315.8
129.2	830.5	2671.3	3300.6	4285.8
0.0	827.9	2662.6	3193.2	4213.2
0.0	907.6	2599.5	3286.0	4195.4
134.1	1012.7	2601.6	3326.1	4238.6
106.3	966.4	2618.9	3345.5	4296.5
66.6	865.4	2554.3	3264.9	4209.1
0.0	781.7	2386.0	3180.6	4120.2
0.0	706.9	2208.6	3207.3	4073.7
0.0	676.5	2169.5	3332.1	4264.9
0.0	783.9	2182.8	3338.5	4459.2
0.0	721.0	2266.5	3295.7	4407.7
0.0	820.8	2371.5	3262.4	4299.9
0.0	902.7	2267.0	3264.1	4261.0
0.0	1082.2	2240.3	3342.4	4183.0
0.0	1254.1	2218.4	3395.8	4264.1
0.0	1091.2	2392.1	3247.5	4264.8
0.0	729.1	2192.7	3132.9	4264.1
0.0	917.5	2198.1	3159.3	4347.6
0.0	1191.6	2233.4	3201.8	4304.1
0.0	1030.9	2143.3	3215.6	4293.7
0.0	1182.3	2262.6	3295.1	4331.9
0.0	1137.7	2162.8	3291.4	4294.1
0.0	1019.1	2212.0	3242.9	4205.1
0.0	922.8	2090.0	3281.6	4274.2
0.0	1110.2	2303.4	3158.7	4435.4
0.0	788.1	2235.1	3060.5	4326.4
0.0	735.9	2060.1	3153.0	4257.0
0.0	707.7	2113.3	3173.8	4291.5
0.0	768.0	2124.6	3191.9	4225.6
0.0	747.5	1944.6	3210.7	4210.1
0.0	692.9	2073.5	3070.2	4110.4
0.0	766.2	2190.6	3174.4	4243.8
0.0	807.2	2147.3	3170.4	4262.1
0.0	885.2	2105.2	3182.3	4239.7
0.0	703.2	2208.8	3193.1	4239.4
0.0	797.8	2162.2	3128.7	4364.2
0.0	766.9	2070.6	3202.9	4457.1
0.0	701.2	2066.6	3254.9	4269.7
0.0	788.3	2179.0	3121.1	4281.2
0.0	993.9	2216.2	3178.2	4296.1
0.0	669.6	2048.0	3186.3	4219.9
0.0	775.4	2231.0	3157.8	4270.2
0.0	924.0	2369.9	3191.3	4172.7
0.0	888.0	2412.9	3307.4	4135.4
0.0	896.7	2488.7	3314.2	4255.3
0.0	921.8	2487.7	3276.8	4265.7
0.0	872.4	2529.8	3185.5	4178.5
219.5	822.5	2546.1	3225.4	4222.1
169.1	783.1	2607.3	3230.8	4298.7
0.0	813.5	2788.7	3322.1	4475.3
0.0	550.2	2776.7	3292.4	4473.7
269.6	534.2	2769.8	3310.2	4435.0
272.5	527.5	2780.8	3306.2	4427.1
269.0	509.8	2834.2	3361.8	4497.1
262.3	487.9	2834.3	3369.1	4534.8
259.6	520.8	2836.8	3330.0	4551.6
259.7	527.5	2832.5	3314.5	4611.0
259.1	512.1	2810.2	3322.5	4624.7
259.5	511.5	2782.7	3291.6	4636.9
257.7	496.0	2667.5	3208.2	4588.8
257.9	504.1	2518.8	3152.9	4581.5
259.8	498.1	2380.1	3132.3	4609.0
260.3	522.0	2228.1	3121.8	4655.5
260.1	517.5	2080.9	3154.4	4655.2
257.3	502.8	1975.0	3175.6	4638.0
247.5	490.2	1977.1	3190.9	4545.1
235.1	667.5	2148.8	3278.0	4383.1
230.4	898.5	2107.9	3462.4	4459.1
109.5	1194.2	2309.5	3467.8	4430.4
108.2	1302.6	2539.4	3694.9	4501.7
69.4	1337.1	2331.7	3487.4	4418.7
0.0	1298.6	2181.3	3289.4	4282.3
0.0	1287.5	2230.7	3265.8	4210.5
0.0	1176.8	2216.5	3280.3	4305.7
0.0	1072.1	2168.8	3123.1	4236.4
0.0	1212.3	2264.6	3097.0	4211.6
0.0	1152.6	1998.6	3063.7	4227.2
0.0	1117.1	2231.5	3071.5	4120.1
0.0	1143.6	2443.7	3134.3	4351.6
481.8	620.1	2433.5	3206.5	4506.4
0.0	640.6	2310.6	3249.5	4447.3
227.3	681.6	2176.6	3256.0	4303.5
218.6	769.0	2081.3	3253.2	4297.4
214.7	840.2	2012.3	3177.6	4238.8
209.1	878.9	1969.2	3062.5	4228.8
103.9	906.2	1967.3	2989.5	4211.2
204.2	904.4	1946.8	3028.6	4177.1
102.8	884.3	1949.7	3110.6	4207.7
199.6	857.5	1962.2	3116.8	4260.1
194.6	792.6	2008.4	3134.3	4233.3
0.0	688.1	2039.8	3183.2	4322.7
402.1	651.0	2012.6	3091.1	4351.2
94.6	1286.8	2295.9	3109.2	4244.7
138.0	1202.8	2149.9	2993.0	4230.0
0.0	1102.2	2001.1	2983.8	4251.5
0.0	1184.9	2135.3	3124.6	4211.0
0.0	1226.5	2242.5	3267.1	4227.1
0.0	1198.6	2194.0	3213.6	4135.7
0.0	846.4	2106.8	3286.7	4266.3
0.0	838.9	2164.2	3404.5	4501.5
492.9	869.1	2198.1	3293.9	4592.6
70.8	729.6	2116.5	3265.3	4517.6
0.0	602.3	2049.9	3302.8	4368.3
209.0	456.5	1949.0	3290.3	4371.7
0.0	449.8	1806.5	3280.4	4365.4
219.9	436.9	1742.1	3253.0	4541.8
216.1	429.3	1710.5	3251.8	4653.6
212.7	418.5	1679.5	3281.3	4687.7
208.8	420.0	1631.2	3287.8	4734.3
206.1	439.1	1612.2	3286.7	4529.6
200.8	377.1	2001.5	3160.9	4344.0
64.4	385.6	2078.0	3165.9	4258.6
175.4	1173.9	2249.9	3202.3	4263.0
0.0	1154.6	2187.9	3256.2	4356.2
0.0	982.6	2055.3	3303.8	4311.9
67.6	960.9	1969.5	3285.9	4330.1
0.0	1035.3	2112.5	3346.1	4287.5
0.0	1398.3	2320.9	3320.5	4281.1
0.0	1038.3	2370.3	3290.8	4219.6
0.0	1041.3	2260.1	3215.1	4108.4
0.0	1033.5	2230.0	3203.2	4211.8
0.0	1055.1	2282.3	3267.4	4250.0
0.0	1050.1	2165.1	3299.8	4320.9
0.0	819.8	1840.0	3273.7	4573.3
392.3	672.1	1552.6	3285.0	4395.1
0.0	728.9	1482.8	3298.0	4204.6
205.8	783.5	1444.5	3243.0	4112.3
201.9	821.6	1417.7	3179.2	4119.8
198.9	845.0	1392.4	3114.5	4112.4
197.5	852.3	1344.3	3048.4	4091.3
196.3	862.6	1303.6	3020.7	4018.2
195.9	854.1	1287.2	2981.0	3960.1
197.0	855.5	1272.5	2959.8	3918.6
196.2	849.4	1248.6	2938.4	3823.3
196.0	845.2	1234.9	2926.7	3823.9
197.7	837.1	1225.2	2941.8	3832.8
197.8	829.1	1210.6	2939.0	3831.1
198.8	819.0	1197.8	2951.5	3778.1
198.3	806.6	1187.9	2967.1	3746.9
198.6	794.2	1182.0	2997.6	3791.2
198.3	799.8	1176.8	3016.0	3824.5
197.2	797.4	1167.1	3001.0	3770.3
195.7	774.8	1152.5	3011.1	3752.8
194.1	755.1	1140.5	3069.6	3814.4
192.6	726.9	1145.4	3112.0	3863.7
191.1	711.1	1159.5	3128.1	3877.1
191.2	695.6	1177.8	3123.7	3876.9
193.5	714.6	1203.9	3140.2	3908.4
197.0	743.1	1288.0	3176.0	3939.0
200.6	754.6	1371.5	3246.1	4020.2
201.5	653.7	1479.7	3289.3	4099.0
201.9	665.5	1596.3	3428.0	4241.7
201.3	754.8	1656.4	3559.9	4294.1
208.3	797.0	1944.0	3173.8	4338.8
0.0	1035.0	2150.9	3297.4	4401.8
0.0	1063.9	2259.1	3395.0	4488.1
0.0	939.9	2390.2	3483.2	4567.1
0.0	1090.6	2228.7	3433.6	4456.5
182.2	1228.0	2316.0	3356.7	4464.2
0.0	1167.6	2458.1	3497.2	4529.9
245.0	1081.0	2385.4	3532.5	4561.4
0.0	1090.0	2314.4	3512.6	4618.4
0.0	1095.4	2283.3	3469.9	4606.3
0.0	1115.8	2243.9	3356.4	4566.6
0.0	1267.0	2201.6	3297.7	4479.9
335.1	1293.7	2151.8	3270.1	4465.6
0.0	1164.4	2240.8	3328.7	4544.0
0.0	903.2	2179.9	3385.2	4589.2
0.0	901.0	2186.1	3441.2	4629.3
0.0	805.6	2232.6	3364.5	4522.0
0.0	752.8	2267.2	3508.0	4477.1
80.1	804.0	2344.6	3647.7	4455.8
0.0	852.3	2334.5	3722.6	4388.2
145.4	928.3	2354.5	3866.3	4288.4
63.5	762.0	2365.5	3647.9	4185.2
63.5	417.2	2349.9	3198.1	4222.0
227.8	413.5	2322.5	3274.3	4248.1
206.4	407.5	1179.9	3271.6	4255.1
206.0	405.2	1157.6	3246.6	4251.7
204.4	402.1	1177.6	3232.8	4231.5
203.0	398.3	1204.0	3218.2	4161.9
201.5	392.9	1725.4	3185.0	4067.4
198.5	550.5	1318.6	3175.7	4104.0
206.3	699.5	1290.7	3138.1	4113.7
195.8	727.1	1319.7	3108.8	4100.3
190.7	751.7	1352.6	3086.1	4035.0
190.3	763.4	1337.5	3050.9	3977.3
188.3	761.7	1322.8	3067.6	3910.2
187.9	768.3	1309.5	3070.0	3801.0
186.5	753.6	1296.6	3069.1	3758.0
186.7	756.5	1298.2	3140.6	3780.5
185.8	724.1	1287.8	3201.7	3792.0
185.9	705.0	1254.0	3247.4	3839.0
185.3	688.8	1210.7	3297.6	3908.3
184.0	665.1	1158.3	3327.0	3965.0
181.6	641.7	1114.5	3392.9	3915.5
180.2	607.6	1066.9	3434.1	4028.0
180.9	572.9	1008.3	3467.4	4197.4
181.4	545.8	959.8	3515.4	4204.9
182.2	544.8	926.4	3517.4	4207.3
186.2	504.1	860.0	3498.0	4252.9
191.4	476.5	856.6	3432.9	4282.8
195.2	445.6	840.6	3276.1	4246.8
202.3	445.4	903.4	2990.3	4202.0
217.2	465.3	1840.5	3207.8	4262.2
228.1	707.5	1995.9	3265.8	4247.7
239.7	841.3	2016.4	3044.6	4135.6
122.2	893.0	1876.1	3023.1	4119.6
79.6	855.1	1870.3	3040.1	4155.6
64.5	900.9	1989.2	2989.4	4077.3
0.0	864.7	2033.9	2969.5	4067.2
0.0	842.5	1935.0	2976.6	4006.7
123.4	885.7	1774.4	2971.9	4024.6
73.8	902.7	1669.9	2928.5	4088.7
0.0	806.7	1772.2	3122.5	4177.8
