0.0	0.0	0.0	0.0	0.0
0.0	0.0	0.0	0.0	0.0
0.0	0.0	0.0	0.0	0.0
0.0	1223.0	2508.5	3572.9	4590.8
0.0	1076.3	2313.5	3326.4	4228.9
0.0	1105.4	2174.7	3287.9	4275.4
0.0	1126.6	2155.9	3230.9	4272.7
0.0	988.1	2118.2	3170.9	4323.7
0.0	860.5	2076.5	3169.4	4309.5
0.0	835.8	2297.2	3309.1	4280.9
0.0	883.6	2198.7	3307.6	4264.8
0.0	853.7	2042.1	3095.3	4205.0
0.0	875.0	1953.1	3110.6	4263.0
0.0	852.9	1998.4	3221.0	4221.6
0.0	715.5	2015.8	3254.3	4078.7
0.0	707.1	2213.1	3297.8	4069.9
0.0	697.9	2199.9	3481.4	4088.2
0.0	609.9	2154.1	3551.5	4013.5
507.7	753.4	2151.0	3578.3	4033.0
279.0	791.9	2228.4	3501.5	4108.1
261.4	590.7	1138.0	2721.7	3911.0
279.8	600.8	973.8	2689.3	3910.0
253.8	646.1	980.6	2674.3	3943.9
245.8	683.4	1006.1	2610.9	3941.9
247.5	703.7	1170.6	2609.7	3946.0
248.1	742.3	1246.7	2617.7	3939.6
251.9	742.3	1246.7	2617.7	3939.6
99.7	757.7	1415.1	2575.5	3953.2
251.4	762.3	1567.6	2701.8	3940.5
254.7	768.5	1668.8	2780.6	3877.2
258.8	746.7	1770.9	2817.1	3827.1
256.4	688.3	1870.8	2916.4	4010.0
250.1	630.0	1935.8	3047.4	4046.8
228.9	531.5	1963.6	3169.1	3979.1
71.0	822.8	1900.9	3156.2	3875.0
457.6	860.9	1812.7	3215.3	3956.8
153.6	777.3	2003.4	3196.1	3909.2
0.0	515.9	2100.4	3153.3	3948.4
224.4	609.9	2553.9	3272.7	4097.8
235.7	1317.3	2873.8	3438.9	4214.9
244.1	898.3	2995.2	3413.9	4186.3
78.5	1324.6	3129.6	3698.3	4255.0
0.0	1095.2	3090.0	3583.8	4187.4
307.7	1229.7	3095.0	3547.1	4255.1
0.0	1590.2	3042.3	3514.3	4272.8
0.0	790.7	2824.1	3313.9	4320.3
0.0	910.7	3025.9	3444.9	4250.5
428.6	931.1	2990.9	3437.2	4180.4
200.0	942.3	2777.9	3249.9	4267.2
187.5	1020.8	2479.6	3213.0	4156.8
0.0	920.0	2189.9	3196.2	4136.8
255.3	654.6	2078.1	3152.4	4047.9
0.0	574.7	2028.1	3141.4	4054.1
257.9	620.1	1970.0	3034.5	4026.5
250.3	662.8	1916.0	2953.0	3876.3
243.8	696.6	1864.8	2981.3	3876.5
240.9	705.3	1818.7	3065.5	4038.7
236.6	695.3	1727.5	3108.5	4215.3
232.5	687.1	1653.8	3091.2	4256.8
230.2	668.1	1588.3	3068.6	4143.7
229.0	640.1	1556.5	3082.2	4104.8
223.7	439.4	1534.4	3058.8	3916.9
218.5	424.8	1480.2	3093.4	4010.5
215.5	408.2	1453.9	3112.2	4183.2
105.6	411.3	1475.6	3106.5	4232.1
102.3	419.7	1580.8	3117.7	4169.9
206.5	445.1	1717.5	3076.4	4247.0
209.2	423.3	2062.2	3147.5	4256.8
212.7	460.8	2050.7	3138.3	4241.1
220.5	436.9	2040.0	3120.1	4265.1
221.1	441.8	2188.2	3149.7	4292.4
222.8	446.4	2293.8	3157.3	4305.6
225.2	444.1	2376.4	3143.7	4358.6
225.0	448.3	2467.0	3166.2	4428.6
224.9	443.8	2547.0	3182.6	4456.9
225.6	450.6	2574.8	3191.9	4431.9
226.7	446.6	2591.3	3171.6	4433.9
227.5	450.4	2635.4	3150.6	4462.8
228.7	453.5	2637.0	3118.3	4469.6
229.4	452.4	2628.6	3086.1	4451.0
233.8	439.8	2624.2	3041.3	4472.0
233.2	442.5	2587.2	3002.0	4477.0
234.3	457.2	2552.4	2989.2	4476.1
236.5	459.9	2480.1	2975.1	4459.6
238.6	463.8	2350.1	2971.3	4404.7
237.3	521.3	2236.7	2996.2	4497.6
237.2	479.6	2194.7	3241.1	4457.3
232.6	503.7	2213.3	3501.7	4484.7
112.7	955.3	2268.5	3478.9	4612.5
75.4	1009.3	2179.7	3303.3	4562.4
72.8	1088.0	2192.4	3274.9	4461.2
226.4	852.8	2132.2	3306.4	4446.6
235.3	718.3	2080.6	3110.3	4464.2
255.3	479.3	2025.7	3035.8	4495.7
239.4	470.5	1962.6	3038.3	4514.0
227.8	477.0	1940.4	3032.4	4381.7
222.5	486.7	1893.1	2970.7	4297.6
218.9	488.2	1892.8	2955.3	4276.2
213.8	458.1	1874.8	2938.1	4261.4
210.3	468.9	1837.5	2937.6	4243.7
206.8	850.9	2125.0	3082.8	4227.6
204.7	880.1	2410.5	3244.8	4349.4
100.2	864.7	2310.3	3200.3	4322.0
71.2	806.8	2167.1	3152.5	4324.0
141.2	796.9	2198.4	3243.6	4377.1
173.5	642.5	2319.2	3247.9	4444.5
0.0	725.4	2269.4	3214.1	4444.6
500.0	857.0	2095.7	3171.9	4377.2
578.9	911.6	1928.3	3262.9	4315.0
196.7	1035.0	1893.6	3316.3	4227.3
0.0	1062.5	2110.9	3197.2	4219.5
0.0	1034.3	2369.5	3156.5	4264.6
0.0	1204.1	2239.5	3143.5	4190.7
0.0	734.0	1963.9	2981.8	4083.2
0.0	623.1	1871.2	2876.9	4120.3
238.2	647.1	1923.4	2913.8	4172.6
220.8	656.6	1941.9	2928.5	4198.5
212.0	664.1	1965.5	2963.1	4165.3
211.9	675.2	2009.2	2982.9	4164.9
211.3	686.7	2027.5	2988.2	4132.0
209.6	678.1	2014.5	2921.1	4055.1
208.6	674.7	2032.4	2895.7	4073.2
208.5	683.4	2044.6	2887.6	4121.8
208.2	684.4	2056.8	2821.8	4159.3
207.1	686.6	2038.4	2731.1	4154.0
204.3	655.3	2044.3	2662.3	4211.0
202.8	608.4	2039.0	2568.5	4298.0
198.1	563.6	2079.4	2507.5	4349.9
193.4	499.5	2116.5	2711.2	4302.2
96.2	482.3	2095.8	3281.1	4231.3
68.4	911.5	2199.0	3374.4	4239.4
125.5	903.9	2245.1	3291.4	4242.3
0.0	1014.0	2159.4	3209.9	4227.0
0.0	1500.6	2345.2	3321.6	4308.7
0.0	1301.2	1933.0	3075.8	4254.6
0.0	1227.6	1851.4	2927.6	4370.7
508.1	990.5	1922.6	3455.1	4712.6
315.8	1441.9	2391.7	3597.0	4841.0
315.8	1474.1	2391.4	3630.7	4847.1
315.8	1139.5	2129.9	3690.0	4868.3
279.1	963.1	2101.9	3724.3	4840.8
571.4	1083.6	2132.1	3711.5	4759.6
0.0	816.9	2058.6	3519.8	4681.4
400.0	769.7	2256.1	3625.0	4771.5
120.0	834.9	2419.3	3730.6	4636.5
122.4	998.6	2162.3	3497.0	4349.3
0.0	888.9	2209.2	3487.6	4152.6
169.7	939.4	2221.6	3433.6	4085.5
101.7	931.0	2091.0	3210.3	4113.3
64.4	812.9	2122.0	3156.0	4105.4
0.0	641.7	2132.8	3321.9	4219.0
0.0	888.1	2138.0	3460.1	4268.7
0.0	773.6	2093.6	3354.7	4306.5
0.0	279.5	1916.8	3028.4	4314.0
232.0	277.8	1793.9	2994.6	4067.5
228.3	409.3	1683.7	2829.2	4097.5
206.4	399.0	1672.4	2773.8	4190.5
194.2	401.3	1638.9	2749.5	4065.3
195.5	388.7	1578.6	2664.7	3953.3
194.7	389.2	1549.3	2757.0	3996.2
195.0	440.6	2141.4	2832.2	3892.9
205.3	417.0	2241.2	2836.1	3988.6
201.1	407.4	2323.0	2932.0	4140.4
201.5	407.8	2369.6	2993.2	4078.5
203.2	402.7	2471.5	3025.4	4157.2
202.1	400.3	2509.7	3016.6	4224.6
199.8	395.4	2532.2	3039.0	4177.5
199.1	390.1	2556.8	3080.6	4223.9
195.8	383.5	2587.2	3080.1	4330.1
193.9	381.1	2655.2	3013.5	4299.7
190.9	381.6	2692.5	3064.8	4312.0
188.1	374.2	2726.2	3062.9	4315.4
184.9	364.1	2737.9	3058.7	4346.4
181.2	359.2	2750.9	3096.1	4419.3
174.1	380.2	2709.3	3044.2	4314.8
173.3	381.0	2691.0	3025.4	4308.9
172.8	369.5	2721.5	3058.2	4384.0
169.0	368.0	2744.2	3041.0	4384.9
165.2	378.7	2755.3	3033.3	4429.4
160.2	372.7	2772.9	3060.7	4453.2
154.9	434.9	2740.9	3042.2	4415.8
153.5	413.4	2737.3	3070.4	4375.8
86.3	377.6	2802.8	3077.8	4276.4
0.0	390.1	2810.2	3115.8	4284.9
270.2	398.5	2772.5	3182.6	4228.2
67.2	421.7	2767.7	3321.8	4188.8
67.3	426.7	2674.3	3273.7	4259.7
69.8	405.5	2640.0	3307.1	4396.7
171.4	551.3	2671.0	3322.2	4425.6
174.0	597.8	2611.4	3287.8	4298.1
182.0	544.6	2579.7	3271.9	4209.1
180.8	856.1	2556.5	3210.7	4231.6
176.7	808.3	2538.0	3171.0	4336.7
173.3	792.5	2460.1	3189.1	4360.4
85.8	805.0	2404.4	3256.6	4427.3
86.6	808.5	2311.9	3195.4	4388.9
92.1	848.5	2193.5	3077.3	4240.4
333.0	842.8	2153.2	3191.5	4151.4
84.0	783.4	2128.8	3267.2	3973.7
80.7	682.4	2038.7	2997.3	3934.2
357.0	794.3	1972.8	3220.1	3992.8
214.4	779.1	1977.9	3022.4	4007.3
0.0	916.6	1928.2	3195.8	3991.5
0.0	928.1	1920.2	3270.2	3936.8
0.0	844.9	1852.5	3119.7	3915.8
