0.0	0.0	0.0	0.0	0.0
0.0	0.0	0.0	0.0	0.0
0.0	0.0	0.0	0.0	0.0
0.0	1024.5	2263.6	3567.0	4450.3
0.0	1001.0	2215.8	3312.3	4157.0
0.0	994.8	2297.2	3367.1	4241.0
0.0	998.9	2337.2	3384.8	4367.9
0.0	1058.3	2338.7	3321.7	4282.9
0.0	1043.0	2176.0	3190.4	4270.0
0.0	1120.7	2261.0	3247.7	4320.0
0.0	975.7	2195.4	3260.3	4212.7
0.0	820.3	2195.1	3050.4	4137.5
0.0	757.3	2195.6	3055.0	4194.4
0.0	746.6	2342.2	3029.1	4158.1
0.0	1011.5	2292.9	2986.2	4391.9
0.0	957.2	2156.2	3043.3	4493.0
256.9	526.1	2132.5	3038.0	4501.5
0.0	502.2	2032.2	2957.4	4508.1
221.2	464.9	2009.6	3001.5	4497.4
202.8	426.3	1978.5	3023.1	4497.9
201.0	414.4	1967.2	2984.7	4524.0
205.7	408.2	1915.9	2979.9	4528.9
207.7	396.4	1964.0	3092.9	4380.0
203.7	1257.4	2209.5	3375.2	4396.2
198.3	836.8	2166.5	3550.5	4426.8
97.7	788.0	2276.2	3605.3	4384.6
63.9	980.7	2456.5	3585.8	4349.5
0.0	996.5	2610.2	3528.0	4420.2
0.0	1055.8	2546.4	3436.0	4472.7
0.0	1098.1	2333.7	3422.2	4417.0
0.0	1088.2	2243.3	3453.8	4369.2
0.0	733.7	2417.4	3529.7	4452.6
500.0	708.8	2424.2	3453.5	4555.0
0.0	1084.7	2246.0	3317.6	4604.2
0.0	575.8	2089.5	3232.8	4530.9
292.8	610.5	1895.1	3191.2	4492.4
238.2	663.6	1957.9	3201.0	4453.6
226.7	679.2	1996.5	3180.5	4364.9
224.9	686.8	1957.5	3171.0	4255.5
223.5	687.3	1889.0	3200.1	4163.3
222.2	683.5	1802.0	3187.3	4119.1
222.1	692.5	1747.1	3225.5	4090.5
222.6	689.1	1720.0	3283.6	4057.1
224.0	687.5	1627.5	3334.2	4027.2
223.4	687.2	1536.4	3250.7	3970.0
225.6	692.3	1459.2	3226.7	4023.0
227.7	687.7	1430.0	3305.2	4202.0
230.0	674.3	1477.3	3356.7	4258.2
231.2	630.8	1700.1	3306.5	4309.8
228.8	501.2	2027.9	3243.7	4402.6
229.6	505.1	2239.8	3280.6	4513.4
230.2	510.3	2223.2	3322.8	4530.8
231.2	521.6	2389.1	3206.5	4444.4
230.3	527.5	2244.3	3215.3	4301.8
222.3	475.3	1905.2	3109.5	4264.1
236.1	474.4	1917.7	3075.3	4420.2
235.8	475.3	1943.7	3112.4	4357.2
240.8	480.1	1955.9	3118.2	4321.4
239.9	477.2	2019.7	3127.4	4360.3
239.9	486.0	2118.8	3131.6	4433.7
241.4	487.7	2008.0	3112.4	4486.0
242.9	494.8	1928.7	3074.2	4505.7
241.0	478.7	1832.1	3044.3	4529.4
230.2	456.8	1834.2	3075.5	4509.7
74.7	313.1	1871.5	3084.2	4426.6
70.8	764.3	2112.7	3212.6	4393.4
218.6	815.8	2302.9	3501.5	4436.4
72.5	902.4	2468.1	3557.5	4579.7
0.0	938.3	2436.0	3515.7	4540.0
187.5	800.6	2209.4	3322.0	4341.9
0.0	1194.0	2343.8	3502.6	4428.6
217.1	1190.0	2495.3	3718.8	4457.9
0.0	1100.3	2457.6	3653.6	4354.3
300.0	1018.4	2373.3	3641.6	4411.0
64.2	1055.2	2336.0	3670.5	4387.0
0.0	1085.4	2358.4	3529.4	4394.6
400.0	1113.8	2195.8	3414.2	4296.5
235.3	830.0	2014.4	3302.7	4253.9
0.0	792.5	1961.4	3176.5	4366.7
0.0	874.9	1970.1	3138.1	4359.8
0.0	474.9	1954.9	3091.1	4397.5
255.2	453.6	1952.5	3034.5	4437.8
223.2	443.8	1964.7	3027.4	4449.8
218.0	442.2	1934.7	3006.7	4394.7
215.2	430.8	1908.3	2985.0	4395.1
213.4	483.0	1865.9	2968.6	4347.8
211.8	561.3	1799.8	2971.8	4328.0
210.1	566.5	1704.8	3010.5	4282.4
207.4	642.7	1611.4	3067.8	4273.0
204.8	618.3	1461.5	3109.4	4282.0
204.1	613.5	1351.0	3157.7	4293.0
204.1	606.2	1275.2	3238.4	4405.1
204.0	585.2	1217.2	3262.6	4514.2
202.4	584.6	1181.3	3268.7	4377.7
198.9	586.4	1153.1	3295.0	4379.1
194.9	591.9	1131.0	3334.2	4449.5
190.0	570.3	1180.9	3311.4	4404.2
183.8	555.0	1247.6	3282.9	4356.7
177.8	544.1	1320.2	3256.7	4339.2
173.9	570.7	1430.8	3200.5	4266.5
168.9	572.8	1523.3	3142.7	4271.6
166.9	555.4	1649.5	3112.2	4241.0
166.8	535.2	1756.6	3084.0	4206.9
164.7	511.4	1918.9	3077.5	4192.1
163.3	485.4	2026.6	3054.1	4176.0
164.2	504.0	2127.5	3084.1	4146.2
166.5	487.3	2179.7	3101.0	4226.2
166.6	478.5	2232.3	3130.9	4232.4
168.9	442.5	2289.3	3138.9	4118.7
83.4	421.0	2317.3	3123.4	4105.6
82.9	417.3	2341.7	3104.4	4116.1
82.7	432.4	2394.0	3096.4	4069.7
90.7	439.7	2465.6	3057.5	4055.9
175.8	496.5	2520.5	3041.3	4063.2
177.7	490.1	2536.7	3029.3	4029.7
182.2	409.1	2525.9	3114.3	4143.2
181.7	417.1	2574.0	3103.8	4271.8
175.9	863.5	2502.2	2968.4	4095.0
170.4	865.0	2342.1	3001.2	3994.1
173.2	803.7	2244.0	2929.9	4028.1
177.0	818.8	2013.8	3010.9	3997.5
88.1	880.1	1826.6	3000.6	4010.6
0.0	878.1	1658.7	2936.3	3917.1
0.0	1208.5	2085.6	3188.9	4170.3
0.0	1029.4	2192.1	3076.7	4288.8
0.0	1002.6	2228.8	3171.3	4194.9
0.0	959.0	2338.7	3193.4	4207.9
0.0	923.8	2342.2	3141.7	4210.3
0.0	893.9	2155.0	3091.0	4226.8
480.6	944.9	2178.6	3189.7	4235.7
0.0	820.5	2289.4	3207.2	4111.4
0.0	479.4	2286.5	3131.7	4208.9
230.1	576.3	2030.7	3197.7	4300.9
213.0	553.0	1008.0	2770.8	3956.5
199.7	639.6	1170.2	2854.6	3936.5
195.2	599.0	936.3	2916.2	3938.6
193.8	641.3	1020.3	2964.2	3954.4
194.5	686.7	1109.4	2896.6	3992.9
195.0	713.2	1171.7	2841.2	4074.9
195.5	733.8	1224.0	2791.3	4128.2
196.6	760.3	1306.1	2772.9	4211.2
198.2	779.6	1403.8	2761.3	4272.9
199.0	773.4	1493.9	2716.1	4256.2
200.0	756.6	1627.2	2701.8	4254.8
201.5	732.4	1684.8	2768.4	4217.1
199.7	696.0	1821.5	2817.7	4222.0
197.8	638.5	1954.1	2838.4	4310.3
200.0	602.6	2081.9	2855.4	4428.2
202.7	530.5	2174.7	2852.2	4464.6
202.3	424.7	2267.2	2793.6	4465.5
202.6	421.7	2274.5	2755.9	4427.0
200.9	377.7	2278.8	2987.4	4349.9
65.6	414.0	2191.0	3299.7	4310.2
63.5	562.0	1999.2	3238.8	4260.5
64.2	988.2	2306.4	2873.9	4406.3
0.0	508.1	2295.4	2840.7	4336.0
0.0	510.4	2174.6	2798.6	4190.4
218.3	567.2	2027.6	2693.5	4130.1
205.2	612.9	1936.9	2650.9	4102.8
197.5	600.9	1861.1	2587.4	4097.2
195.7	587.9	1747.5	2605.7	4068.6
194.8	581.8	1707.5	2595.2	4040.9
193.8	569.3	1639.6	2612.4	4067.3
193.1	569.9	1562.9	2638.6	4095.4
191.6	568.3	1485.6	2623.9	4211.8
191.3	571.9	1351.7	2650.9	4221.1
190.2	570.4	1291.4	2676.8	4255.4
188.2	574.0	1250.9	2721.6	4253.4
187.3	583.3	1234.1	2744.5	4356.1
186.9	607.6	1237.0	2751.9	4240.1
185.9	642.3	1245.9	2754.8	4184.7
185.9	688.4	1270.0	2828.8	4150.2
184.8	708.4	1276.3	2935.5	4129.9
184.4	735.8	1267.6	3068.2	4128.6
183.7	742.5	1265.5	3214.3	4085.9
182.4	744.9	1271.2	3234.5	4150.6
181.8	747.9	1263.0	3239.2	4180.7
179.7	741.2	1258.2	3196.8	4147.5
177.7	731.3	1266.0	3227.1	4151.5
174.9	736.0	1329.6	3266.4	4108.7
173.3	744.5	1387.0	3267.1	4197.0
173.0	739.2	1384.4	3224.5	4226.1
172.5	719.8	1406.8	3139.3	4189.8
171.4	720.2	1521.2	3142.8	4148.2
170.9	716.5	1661.4	3155.5	4147.2
170.1	714.6	1695.7	3140.3	4136.5
169.2	693.0	1725.3	3160.1	4195.5
169.0	682.8	1760.6	3209.1	4344.9
170.2	660.3	1786.7	3224.5	4454.7
169.7	648.9	1904.3	3146.4	4446.5
169.3	436.6	2058.8	3094.5	4401.9
169.4	407.4	2096.8	3191.2	4467.0
176.0	510.0	2087.1	3213.4	4403.2
176.8	553.3	2032.4	3254.4	4369.4
177.5	342.7	2057.0	3344.9	4453.6
179.4	342.9	2163.2	3333.7	4299.2
179.4	369.8	2215.2	3310.1	4239.6
180.6	399.9	1995.4	3176.2	4157.6
176.7	378.0	2078.0	3299.7	4223.4
169.1	726.9	2314.2	3441.3	4299.5
167.2	816.3	2282.0	3432.7	4264.2
167.6	813.1	2182.9	3391.5	4263.1
166.4	851.4	2300.1	3328.9	4229.0
0.0	1014.6	2335.4	3431.3	4287.3
0.0	1091.6	2394.1	3473.3	4283.2
