0.0	0.0	0.0	0.0	0.0
0.0	0.0	0.0	0.0	0.0
0.0	0.0	0.0	0.0	0.0
0.0	1198.8	2363.2	3262.2	4622.7
0.0	1006.6	2281.5	3224.5	4336.5
0.0	920.0	2245.7	3329.7	4299.0
0.0	1029.1	2175.7	3370.6	4296.8
0.0	1113.9	2323.6	3482.5	4421.9
0.0	1209.8	2420.3	3510.9	4404.8
0.0	998.5	2372.6	3433.7	4294.6
0.0	915.0	2301.3	3349.1	4215.2
0.0	885.3	2296.3	3503.3	4417.4
0.0	1071.3	2310.2	3417.5	4329.9
0.0	1051.6	2415.0	3465.3	4269.3
0.0	1070.4	2513.8	3601.7	4272.1
0.0	961.7	2436.1	3535.2	4226.7
0.0	1119.0	2447.4	3553.2	4327.4
0.0	1104.8	2410.1	3520.6	4323.4
0.0	1452.3	2314.5	3385.3	4295.3
0.0	1247.5	2277.1	3408.8	4372.9
0.0	1063.3	2444.2	3446.0	4434.1
0.0	999.7	2429.2	3577.3	4350.6
476.2	1251.6	2433.1	3681.4	4206.3
0.0	1234.5	2187.0	3561.9	3982.4
69.4	689.9	1995.0	3300.2	4103.7
0.0	700.9	2038.8	3219.2	4172.1
200.0	653.3	2103.1	3266.6	4182.5
0.0	692.0	2038.7	3459.8	4185.6
538.4	856.5	2056.1	3415.1	4203.6
547.9	1041.4	2164.1	3353.6	4295.6
565.6	744.4	2215.8	3393.3	4278.2
0.0	793.9	2168.9	3333.9	4195.4
0.0	819.1	2093.8	3231.6	4149.1
169.0	812.8	2135.0	3239.5	4199.7
480.0	873.9	2184.0	3213.7	4238.4
509.7	879.4	2174.3	3222.3	4211.3
120.0	854.3	2133.6	3293.3	4259.7
126.2	717.3	2141.7	3246.3	4242.9
0.0	709.3	2097.6	3241.3	4217.8
0.0	726.1	2082.7	3245.1	4221.7
0.0	904.3	2197.9	3317.0	4255.1
298.5	883.8	2248.4	3219.9	4234.8
97.5	800.2	2071.0	3184.1	4125.1
98.7	750.1	2006.3	3295.7	4078.1
571.4	1128.6	2025.5	3235.1	4177.9
571.4	947.9	2033.8	3114.6	4152.7
90.8	836.0	2114.7	2993.1	4133.4
0.0	951.4	2134.4	3037.4	4128.7
0.0	1216.4	2093.4	3055.4	4080.1
0.0	1125.2	2065.5	3057.9	3968.9
0.0	1047.4	2103.8	3027.7	4055.3
0.0	1058.9	2164.0	2991.3	4254.0
0.0	1116.3	2110.7	3075.3	4231.0
0.0	1025.7	2094.6	3207.0	4211.8
0.0	1144.4	2116.5	3183.0	4259.3
0.0	1147.8	2245.6	3198.1	4267.7
135.9	1115.0	2026.1	3119.5	4204.1
0.0	1103.9	2064.5	2985.6	4233.2
0.0	1076.5	1987.0	2875.6	4254.5
321.6	1026.1	1991.0	2892.3	4220.8
0.0	1032.8	1989.7	2911.1	4148.7
137.9	1015.4	1964.1	2891.6	4066.4
0.0	990.0	1899.6	2861.4	4121.6
253.6	967.0	1821.1	2733.8	4195.2
246.5	957.9	1814.7	2739.8	4056.6
230.5	987.0	1788.2	2757.4	4042.2
221.4	957.1	1774.1	2776.8	4089.6
220.9	935.9	1738.8	2736.1	4026.6
221.6	926.7	1703.3	2745.5	4047.2
222.1	866.4	1520.1	2758.2	4039.7
221.9	832.5	1393.3	2828.3	4025.7
221.8	806.7	1317.6	2885.8	4024.0
222.3	733.7	1278.0	2999.1	4031.9
223.5	672.5	1117.6	3076.2	4022.5
222.2	585.9	1026.0	3126.0	4044.0
222.8	503.8	975.3	3207.6	4052.3
222.3	475.7	1014.8	3252.8	4039.1
224.1	464.6	1175.7	3275.8	4070.2
222.6	463.9	1171.9	3236.9	4137.5
226.4	500.4	1249.0	3197.1	4135.3
227.5	526.0	1617.5	3245.6	4166.9
233.3	486.3	1107.2	3271.3	4226.5
236.2	485.0	1077.0	3227.1	4309.6
238.9	507.9	1076.2	3138.1	4310.5
240.3	543.5	1085.0	3094.5	4284.9
239.5	555.3	1157.8	3049.1	4291.7
238.8	577.0	1193.0	3058.3	4334.6
235.5	582.7	1209.5	3084.0	4313.5
235.0	582.3	1200.2	3073.4	4403.4
235.1	592.3	1167.9	3065.9	4381.2
232.1	573.6	1157.0	3091.0	4399.5
231.6	535.5	1097.4	3118.7	4331.8
229.9	516.6	1016.0	3164.5	4205.8
228.3	480.9	988.3	3136.7	4175.7
227.1	463.9	913.7	3135.6	4189.8
227.6	451.7	892.9	3095.7	4202.2
225.2	458.6	889.0	3054.2	4288.0
218.9	455.0	879.2	3166.9	4279.6
218.5	456.0	966.9	3157.4	4243.7
215.8	475.9	1009.9	3095.0	4354.3
212.5	470.9	1003.7	3050.2	4448.8
209.5	464.5	1027.8	3019.4	4440.0
207.0	462.2	1045.4	2984.8	4455.1
205.9	450.7	1147.0	2933.6	4411.4
205.8	442.7	1333.3	2929.6	4385.9
206.5	439.7	1559.1	2883.5	4350.0
207.2	441.2	1816.5	2863.9	4339.9
208.8	439.9	2166.0	2921.8	4288.1
208.2	430.0	2336.0	2859.3	4268.9
207.7	419.4	2443.5	2871.5	4319.4
209.5	416.9	2519.6	2908.5	4365.8
210.2	420.2	2542.5	2878.6	4370.5
210.3	419.8	2533.9	2887.3	4351.5
209.8	418.8	2468.1	2887.6	4338.8
208.8	416.3	2376.6	2888.1	4396.1
207.2	413.0	2142.2	2844.0	4392.2
205.8	408.7	1925.8	2845.1	4292.8
203.7	413.2	1722.0	2908.4	4231.4
201.0	412.4	1413.0	2952.0	4248.8
198.6	417.8	1205.0	2937.1	4274.2
195.8	427.7	1161.4	2918.2	4265.1
193.5	439.7	1068.6	2928.2	4293.0
192.2	471.0	970.1	2927.6	4287.6
192.5	487.3	1013.4	2956.6	4205.9
192.3	487.2	956.6	2881.6	4189.2
192.5	494.8	958.2	2798.9	4180.9
192.6	520.0	963.5	2732.0	4259.3
194.9	567.5	1002.2	2635.0	4246.8
197.4	587.4	1060.3	2549.3	4234.8
199.2	582.8	1102.6	2377.1	4331.0
200.0	583.1	1156.5	2221.7	4234.7
200.4	575.7	1203.7	2117.1	4248.7
200.4	581.8	1277.1	2006.7	4266.9
200.8	589.1	1345.5	1979.7	4306.9
200.8	593.8	1393.1	1913.0	4266.4
202.1	590.1	1424.6	1855.3	4228.1
203.0	594.0	1448.4	1824.5	4249.8
204.2	597.5	1453.0	1800.2	4191.0
205.5	633.3	1470.6	1830.6	4196.7
208.1	650.1	1499.0	1887.6	4192.4
211.4	625.8	1582.3	2040.6	4230.2
214.8	595.7	1620.6	2110.9	4347.2
217.9	539.5	1742.4	2124.8	4336.6
219.3	490.6	1945.9	3028.4	4517.4
215.7	1174.6	1946.9	3226.0	4580.4
217.7	932.3	1959.8	3246.6	4438.1
65.8	1148.7	2264.3	3375.9	4309.6
66.0	1110.8	2229.7	3205.4	4184.0
0.0	1260.3	2231.5	3195.6	4193.6
0.0	1332.4	2273.2	3248.6	4299.5
0.0	1144.8	2278.1	3275.0	4384.8
0.0	1005.7	2261.1	3179.1	4218.2
0.0	836.6	2236.7	2910.5	4035.3
0.0	925.4	2433.4	3292.9	4259.2
556.3	1060.3	2533.3	3327.5	4413.8
535.6	836.4	2544.4	3251.9	4395.0
436.2	483.7	2423.4	3138.6	4352.3
0.0	477.0	2347.9	3122.8	4387.0
225.1	498.8	2308.9	3109.0	4365.5
214.8	499.7	2305.6	3116.5	4365.6
209.3	538.7	2282.7	3110.9	4351.3
206.2	565.0	2248.2	3099.1	4306.9
203.9	606.7	2225.7	3104.9	4306.5
202.7	618.9	2206.8	3127.0	4325.8
201.7	612.7	2176.2	3091.2	4334.9
201.5	600.6	2136.1	3027.5	4288.8
199.8	586.0	2053.1	3008.0	4359.3
197.7	555.4	1947.5	3068.3	4358.5
194.2	402.0	1944.3	3146.3	4283.9
87.1	449.8	2225.7	3142.6	4354.7
92.2	481.5	2150.8	3126.1	4450.4
218.1	574.4	1989.7	3027.6	4468.5
401.1	605.4	2051.7	2981.0	4437.0
136.6	640.2	2109.0	2972.4	4424.1
499.4	669.4	2506.7	3047.5	4416.5
70.2	705.7	2126.0	2906.2	4368.7
0.0	1452.4	2128.4	2970.4	4394.4
0.0	1560.0	2274.0	3119.9	4457.8
0.0	785.2	2205.5	3024.1	4319.0
0.0	745.1	2144.3	2867.9	4346.7
0.0	785.4	2100.4	2818.0	4337.3
157.4	791.9	2089.7	2823.6	4294.7
171.2	809.2	2065.9	2799.8	4331.3
178.5	829.0	1998.4	2783.5	4327.2
181.8	850.9	1995.9	2799.6	4311.4
181.9	885.3	1980.5	2778.1	4325.2
180.4	921.6	1946.2	2715.4	4376.2
179.2	927.2	1877.4	2682.2	4297.8
178.4	928.9	1820.4	2646.2	4288.3
177.4	939.1	1788.2	2665.5	4103.4
178.2	943.9	1765.5	2648.0	4121.9
177.3	933.8	1747.4	2649.8	4068.6
175.3	930.7	1712.2	2637.1	4033.8
174.2	929.5	1589.6	2663.1	4003.4
173.1	929.7	1548.9	2697.1	4034.6
171.5	914.1	1528.0	2719.7	4008.2
171.9	912.8	1488.0	2753.9	3990.4
170.7	897.7	1458.5	2762.8	3972.5
170.4	848.2	1396.4	2769.7	3849.7
167.1	856.2	1323.1	2771.8	3744.0
82.8	814.1	1307.6	2742.8	3751.1
82.2	805.1	1314.8	2689.4	3732.9
82.7	770.4	1252.6	2646.5	3659.4
84.5	736.6	1245.8	2661.3	3658.6
84.9	703.6	1225.7	2676.9	3619.0
64.3	642.8	1177.6	2707.9	3753.5
169.0	584.8	1141.8	3002.1	4096.8
79.8	590.6	1188.9	3034.2	4054.0
0.0	639.3	1274.5	3121.6	4085.0
0.0	664.4	1352.3	3082.5	4147.2
0.0	695.7	1432.9	2970.0	4194.8
0.0	727.2	1445.5	3027.7	4188.8
0.0	1344.9	2443.1	3319.6	4382.8
0.0	1194.0	2288.6	3315.5	4353.5
0.0	1157.8	1881.2	3396.2	4290.5
0.0	773.6	1735.7	3439.5	4264.7
0.0	612.6	1675.3	3346.0	4246.6
206.0	795.7	1725.4	3366.7	4098.0
193.5	874.5	1790.3	3343.3	4260.7
188.6	843.8	1717.2	3162.3	4164.6
91.4	831.7	1708.3	3247.7	4119.7
0.0	968.9	1827.4	3365.7	4298.1
311.4	1015.0	1793.6	3333.9	4268.8
115.4	1103.5	1854.4	3307.1	4217.5
0.0	762.0	1791.6	3219.9	4197.4
0.0	680.4	1742.0	3255.3	4348.1
0.0	836.4	1809.8	3307.4	4331.4
123.3	862.6	1857.4	3336.5	4212.3
0.0	968.8	1820.3	3270.2	4138.0
0.0	886.3	1803.8	3280.9	4261.4
