0.0	0.0	0.0	0.0	0.0
0.0	0.0	0.0	0.0	0.0
0.0	0.0	0.0	0.0	0.0
0.0	751.2	1973.5	3204.2	4311.1
0.0	754.4	1987.5	3141.8	4203.3
0.0	876.4	2046.8	3214.9	4292.5
0.0	799.7	2091.2	3306.5	4302.1
0.0	651.1	2133.0	3250.9	4353.6
0.0	699.5	2265.7	3301.3	4327.1
0.0	872.2	2194.8	3231.6	4287.0
0.0	1087.9	2302.1	3325.9	4373.6
0.0	1044.3	2231.4	3316.0	4343.0
0.0	953.2	2086.9	3198.1	4178.5
0.0	996.6	2084.2	3225.2	4332.8
0.0	682.8	1989.4	3291.3	4396.0
0.0	526.4	1961.9	3157.0	4307.3
0.0	499.4	1965.8	3088.6	4191.2
0.0	580.6	2097.6	3178.4	4497.9
181.4	418.5	2027.3	3118.4	4646.7
0.0	420.7	1965.0	3106.8	4345.9
218.4	408.4	1959.2	3074.3	4151.3
204.1	408.1	1909.2	2975.4	3785.7
207.4	415.2	1936.3	2946.2	3846.6
207.9	427.9	2185.4	2987.6	3982.2
208.8	430.4	2331.7	3019.6	3964.3
213.4	442.9	2367.3	3085.5	3975.4
222.6	453.8	2394.4	3108.8	3939.1
227.5	460.4	2408.4	3102.9	3949.2
229.1	473.2	2484.3	3114.4	3963.4
234.4	470.3	2502.3	3094.7	3945.8
236.7	500.8	2491.1	3002.6	4107.4
238.8	509.7	2512.6	2953.4	4144.5
242.8	553.1	2489.5	2998.9	4093.0
247.3	523.1	2464.9	3016.8	4030.5
251.6	522.4	2381.7	2966.7	4089.0
253.1	478.0	2241.6	2986.1	4189.7
123.9	513.2	2146.9	3132.5	4196.7
78.3	815.6	2137.4	3168.1	4153.5
74.2	1025.1	2211.6	3160.6	4131.7
72.5	736.0	2355.8	3259.5	4497.6
0.0	613.5	2391.1	3014.3	4645.1
0.0	642.7	2324.5	2982.5	4543.8
0.0	446.0	1672.9	2690.3	4189.2
263.3	511.8	1617.6	2662.4	4152.1
245.7	521.1	1640.9	2685.4	4266.4
236.6	510.9	1634.4	2705.0	4268.9
237.5	512.7	1536.4	2723.2	4026.1
232.2	476.0	1780.7	2545.4	3771.5
233.5	465.0	2081.7	2603.7	3865.0
230.3	467.0	2323.6	2858.3	3954.7
228.4	462.4	2425.4	2979.2	4046.3
230.4	456.2	2519.0	3097.0	3992.0
228.9	454.2	2517.0	3176.6	4054.1
228.0	452.3	2567.1	3176.7	4142.7
228.2	448.8	2657.0	3157.1	4176.8
225.9	444.3	2627.7	3260.8	4115.3
225.7	436.4	2604.9	3219.0	4155.3
222.5	439.8	2557.1	3129.4	4171.6
220.1	435.8	2503.5	3046.3	4134.9
218.9	434.9	2409.2	2913.6	4049.0
217.4	436.1	2309.0	2717.3	3970.3
216.1	430.8	2180.4	2591.8	3992.0
213.8	427.8	2060.1	2639.6	3894.3
208.4	433.2	1931.9	2513.0	3806.2
204.2	461.5	1796.0	2333.4	3818.3
201.8	510.2	1721.5	2222.5	3829.2
201.3	519.8	1654.5	2172.2	3901.5
203.3	537.6	1619.6	2122.3	3997.3
204.5	551.6	1607.5	2080.7	4036.1
205.1	546.6	1589.6	2062.2	4063.7
203.8	537.6	1571.2	2038.8	4061.6
202.7	550.8	1571.3	2028.2	4003.3
201.7	585.8	1595.7	2030.9	3944.6
200.1	589.4	1614.2	2049.4	3919.7
198.8	586.5	1672.0	2091.2	3879.6
197.5	578.0	1712.2	2151.6	3881.0
194.0	578.7	1731.4	2224.5	4027.2
191.3	578.2	1796.0	2291.8	4221.8
189.4	564.4	1860.9	2302.3	4179.6
187.7	553.0	1874.3	2324.4	4158.8
186.0	554.9	1917.3	2805.7	4260.6
183.9	555.6	1909.2	2957.2	4122.8
178.4	352.1	1851.6	3049.0	4075.3
83.3	366.3	1976.6	3121.9	4176.3
83.4	345.3	2052.5	3104.2	4311.5
164.2	317.9	1901.3	3144.8	4323.4
162.1	930.5	2195.1	3251.6	4293.0
164.0	1325.2	2339.2	3273.7	4258.3
0.0	1131.3	2324.0	3080.7	4089.4
472.3	1094.8	2311.8	3087.6	4077.6
0.0	490.3	2210.7	2984.8	3941.3
195.2	465.7	1880.0	2709.3	3775.3
189.8	505.4	1702.3	2331.8	3881.6
189.4	523.8	1701.9	2148.9	4042.0
190.9	534.5	1710.7	2131.0	4162.2
190.4	602.4	1723.6	2129.3	4281.3
191.2	592.3	1736.6	2132.7	4411.8
191.0	586.6	1769.3	2171.1	4448.6
191.2	587.3	1819.6	2210.2	4397.8
189.4	619.6	1839.7	2216.4	4311.0
186.5	658.2	1843.1	2320.8	4234.3
184.0	684.2	1821.9	2382.0	4185.4
180.4	684.8	1830.6	2362.0	4208.2
176.5	682.1	1873.1	2496.5	4211.2
172.6	680.5	1877.5	2656.8	4257.1
169.5	678.7	1868.2	2821.3	4307.9
165.0	693.0	1868.9	2882.0	4241.5
160.5	715.4	1891.9	3074.8	4238.1
157.0	718.4	1883.3	3128.7	4338.2
152.8	706.2	1853.3	3137.4	4427.4
155.5	668.5	1829.7	3143.7	4468.5
157.5	650.4	1870.4	3140.5	4502.0
164.4	626.6	1874.0	3129.4	4544.8
170.3	622.4	1843.7	3143.3	4533.7
171.2	671.3	1876.6	3149.9	4403.2
168.6	796.2	1996.1	3152.0	4344.9
167.0	934.6	1972.9	3194.6	4372.4
81.3	918.8	1944.2	3237.0	4307.7
80.5	883.3	2118.9	3378.2	4416.4
292.7	1139.0	2253.1	3449.1	4477.9
444.4	1228.7	2436.6	3452.4	4384.5
144.6	1297.2	2372.5	3498.6	4428.1
0.0	942.4	2059.8	3322.0	4331.4
352.9	1205.0	2226.2	3296.1	4345.9
333.3	1089.6	2282.1	3307.6	4331.6
0.0	1032.0	2274.2	3361.1	4276.7
300.0	1125.6	2132.8	3313.0	4228.4
272.7	1265.1	2314.8	3492.0	4403.2
146.3	1203.4	2364.1	3514.1	4355.9
139.5	1217.7	2182.6	3517.6	4395.8
240.0	1349.6	2141.6	3531.6	4482.7
0.0	866.7	1960.9	3267.8	4436.3
0.0	884.5	1987.9	3274.5	4431.3
105.3	1057.1	2018.7	3453.6	4424.2
144.6	1101.1	2013.4	3266.4	4375.8
71.4	922.2	1919.0	3014.4	4339.5
0.0	960.1	1860.7	2856.2	4311.4
235.3	1077.2	1932.4	2961.1	4338.6
0.0	1099.2	1919.6	2939.5	4286.2
159.8	1042.3	1738.9	2856.5	4188.1
171.5	1022.6	1703.4	3031.1	4249.6
0.0	1007.3	1660.8	3150.3	4136.2
264.3	1256.6	2196.4	3166.5	4200.0
100.1	1001.7	2268.6	2923.4	4247.9
0.0	954.9	2212.3	2892.1	4205.9
0.0	1216.6	2323.5	3050.6	4195.0
0.0	1262.2	2282.2	3099.8	4244.9
0.0	1259.7	2306.7	3032.0	4192.6
0.0	1250.9	2262.7	3061.7	4205.5
0.0	1236.4	2258.8	3205.3	4469.1
