0.0	0.0	0.0	0.0	0.0
0.0	0.0	0.0	0.0	0.0
0.0	0.0	0.0	0.0	0.0
0.0	748.5	1895.8	3173.4	4355.2
0.0	894.3	2140.7	3181.4	4297.3
0.0	909.7	2164.1	3198.7	4228.6
0.0	779.3	2008.5	3276.7	4204.5
0.0	1093.8	2378.7	3312.8	4361.3
0.0	1369.7	2438.7	3413.1	4403.5
0.0	1203.6	2449.5	3406.1	4325.4
0.0	1048.6	2401.1	3215.3	4212.1
0.0	1075.4	2292.5	3152.1	4261.8
0.0	1051.3	2266.1	3322.2	4380.5
0.0	1014.6	2226.8	3229.4	4255.6
0.0	1107.4	2176.4	3169.9	4183.8
0.0	1138.5	2218.0	3179.2	4204.2
0.0	828.2	2161.5	3023.8	4188.7
0.0	596.7	2061.6	2890.7	4174.2
0.0	620.6	2049.3	2865.4	4032.9
231.4	610.1	2046.8	2842.6	4063.8
223.9	614.4	2074.1	2829.8	4087.3
221.3	606.2	2143.9	2829.8	4084.2
218.8	571.5	2152.4	2801.2	4124.8
215.6	546.2	2122.3	2799.6	4111.2
210.8	538.3	2090.8	2708.3	4064.4
205.9	535.2	2014.5	2593.1	4014.2
203.6	500.9	1888.4	2540.5	4007.5
202.7	599.9	1657.7	2483.6	3984.2
198.4	660.0	1413.3	2493.2	4007.0
191.1	687.4	1446.1	2820.6	4196.0
201.7	736.5	1624.3	2885.2	4286.3
191.6	375.9	1355.9	2782.4	4134.6
189.4	388.4	1269.7	2831.3	4114.4
193.1	514.4	1367.2	2853.3	4194.6
196.0	606.7	1642.2	2912.4	4265.1
195.7	352.4	1222.7	2742.8	4074.9
196.3	307.8	1816.0	3081.0	4090.8
201.4	235.5	1669.4	3070.3	4105.1
211.5	963.6	2244.4	3030.8	3988.4
0.0	565.0	1274.9	2674.1	4042.8
275.3	573.8	1161.6	2715.9	4072.9
275.9	599.4	1160.7	2745.1	4049.9
288.4	626.6	1194.3	2775.2	4052.7
300.4	652.4	1195.0	2824.8	4063.8
309.4	687.0	1168.6	2887.7	4086.1
316.5	691.9	1155.8	2963.7	4104.5
323.3	688.3	1139.5	3022.3	4063.2
329.8	671.7	1052.4	3057.6	4082.7
332.7	657.9	1033.4	3100.6	4149.6
333.9	657.9	997.2	3185.4	4235.9
331.5	646.9	1023.7	3230.5	4252.3
329.9	626.2	968.7	3213.7	4298.6
321.1	614.4	923.4	3186.0	4327.0
310.1	590.2	886.6	3183.7	4349.2
298.9	568.1	891.5	3143.3	4424.7
287.9	567.2	1021.6	3085.8	4439.2
274.3	516.1	1125.9	3049.0	4383.1
260.7	496.5	1261.8	3017.2	4356.4
246.6	493.1	1392.8	3024.7	4362.3
225.3	595.8	1524.1	3013.5	4304.9
218.7	618.5	1627.5	2987.0	4276.4
208.8	585.1	1758.5	2957.0	4251.2
195.8	566.4	1844.4	2944.5	4160.5
184.5	545.0	1888.6	2955.9	4163.8
173.3	532.4	1960.5	2967.2	4180.2
165.4	517.3	2001.5	2957.7	4225.1
162.6	509.5	2022.9	2943.7	4176.4
156.2	504.9	2042.0	2943.9	4177.9
144.4	467.9	2063.5	2938.4	4192.9
95.7	443.1	2088.2	2928.5	4113.8
255.9	402.8	2063.2	2927.5	4208.2
0.0	350.2	2039.4	2969.0	4273.7
84.9	868.6	2146.0	3161.9	4332.9
0.0	1171.0	2357.2	3290.0	4341.4
0.0	992.6	2083.6	3062.7	4215.9
0.0	1016.0	2167.4	3081.5	4248.3
0.0	1028.0	2213.5	3236.2	4362.0
0.0	840.4	2148.9	3131.4	4332.4
0.0	900.7	2201.6	3261.5	4266.3
231.7	1098.0	2637.4	3438.6	4312.7
79.1	1209.0	2895.7	3534.7	4240.9
0.0	1197.6	2902.3	3482.2	4245.0
0.0	710.7	2878.9	3415.8	4131.7
0.0	1462.1	2903.8	3376.8	4185.8
0.0	932.1	2748.3	3362.8	4245.5
103.4	1399.7	2832.0	3597.6	4382.5
0.0	1211.6	2809.2	3518.2	4434.1
417.1	758.0	2878.2	3468.7	4386.6
102.5	954.6	2927.6	3545.4	4411.7
0.0	847.8	2934.8	3610.7	4386.6
309.5	749.8	2913.5	3603.7	4214.1
260.9	440.5	2797.9	3274.7	3989.6
0.0	490.4	2229.1	3093.2	3928.9
240.5	440.7	2180.5	3034.6	3899.9
221.4	415.0	2245.7	2998.8	3979.9
209.5	406.1	2314.1	3086.5	4037.8
205.0	402.4	2369.6	3104.6	4071.5
202.7	401.6	2406.4	3096.6	4080.1
199.5	396.4	2412.8	3042.1	4105.7
195.5	384.0	2421.6	2947.6	4153.0
190.0	380.1	2425.7	2897.7	4179.2
186.2	385.9	2423.7	2878.8	4162.1
183.2	430.3	2413.0	2901.9	4150.5
183.3	580.5	2402.9	2933.1	4124.8
185.5	571.0	2381.0	2907.9	4090.8
183.9	585.7	2365.9	2866.4	4096.0
183.6	651.9	2359.4	2850.1	4132.4
185.1	682.0	2355.1	2847.1	4095.1
183.2	692.0	2330.2	2849.5	4044.1
181.0	715.9	2314.4	2824.7	4036.2
180.6	701.1	2261.3	2834.6	4035.1
178.9	694.2	2227.6	2826.3	4081.3
177.1	689.6	2170.0	2853.1	4110.4
173.7	692.4	2102.1	2892.4	4050.4
171.8	697.6	2034.3	2883.2	4023.7
171.6	696.1	1976.2	2896.2	4044.3
170.6	686.4	1925.0	2939.8	4094.0
171.1	689.4	1875.9	2956.3	4123.9
171.1	673.7	1840.8	2948.0	4149.4
171.4	671.4	1766.6	2943.1	4197.5
170.3	684.7	1709.7	2913.9	4197.2
170.7	752.9	1705.3	2850.7	4272.6
171.1	652.1	1677.9	2862.3	4322.1
172.7	972.6	1711.4	2857.4	4322.3
168.5	557.1	1742.2	2914.2	4316.4
168.2	936.8	2380.2	3366.1	4425.4
165.1	996.5	2514.9	3609.0	4469.9
88.2	1035.2	2542.3	3688.3	4531.3
78.4	1130.9	2437.6	3629.9	4559.1
300.0	1292.0	2449.5	3562.1	4430.0
142.9	1348.7	2406.5	3518.6	4465.8
486.0	1319.6	2552.5	3569.6	4461.5
0.0	1200.2	2454.6	3330.4	4370.0
0.0	932.5	2644.2	3183.6	4339.7
259.2	1152.5	2706.9	3364.3	4365.4
249.4	498.4	1776.6	2767.8	4126.7
223.1	519.4	1751.9	2721.2	4044.2
198.5	551.9	1787.4	2648.7	4044.6
193.2	595.0	1809.2	2558.9	4041.7
191.4	581.0	1782.1	2426.0	3897.7
191.4	568.9	1764.3	2311.6	3892.8
191.6	552.4	1723.7	2292.0	3907.5
193.8	534.5	1686.3	2209.4	3924.4
197.6	528.5	1679.6	2132.3	3969.7
202.5	507.0	1697.0	2081.9	3981.2
210.1	460.1	1714.7	2018.3	3997.2
216.7	451.3	1733.3	1968.3	4028.3
222.0	458.3	1798.2	2087.4	4093.3
227.6	463.2	1835.2	2251.1	4018.1
231.0	472.1	1885.6	2676.8	3997.7
238.5	484.6	1879.1	2579.1	3866.0
241.1	559.3	1864.1	2546.5	3820.0
240.2	694.4	1853.3	2499.3	4084.7
229.3	627.9	1829.8	2602.8	4120.8
229.0	255.5	1801.7	2820.3	4129.0
115.4	327.2	1807.8	2921.8	4114.6
226.9	319.3	1821.3	2978.3	4179.0
227.4	333.7	1929.0	3027.8	4263.6
225.7	252.2	2257.3	3065.1	4234.4
113.5	267.2	2321.3	3259.5	4307.5
224.0	275.4	1935.0	3836.4	4507.2
241.8	920.0	1914.4	3692.8	4560.8
253.9	959.3	1932.3	3178.9	4410.6
86.4	980.6	1845.9	3055.6	4419.6
64.8	952.5	1869.3	3147.6	4408.1
0.0	991.7	2084.8	3367.3	4438.8
0.0	992.4	2228.2	3598.0	4438.7
0.0	830.2	2132.2	3558.9	4410.2
0.0	945.5	1977.2	3269.3	4392.8
0.0	933.3	1744.0	3120.5	4442.4
0.0	969.5	1691.0	3031.7	4498.4
0.0	979.9	1692.3	2961.2	4478.7
0.0	918.9	1696.5	3087.1	4449.0
0.0	917.3	1660.0	3099.7	4432.0
0.0	949.5	1687.1	3068.5	4414.0
0.0	1210.0	1850.3	3092.5	4418.2
0.0	1070.3	1741.3	3035.2	4418.4
