0.0	0.0	0.0	0.0	0.0
0.0	0.0	0.0	0.0	0.0
0.0	0.0	0.0	0.0	0.0
0.0	871.1	2142.8	3465.4	4903.2
322.2	1022.9	2269.7	3413.3	4351.6
0.0	1030.1	2142.9	3240.1	4142.3
0.0	979.2	2086.1	3157.8	4141.5
0.0	1036.5	1932.8	3077.7	4119.2
0.0	1004.2	1664.3	3070.1	4272.7
0.0	941.2	1830.8	3077.0	4323.9
0.0	1024.2	1942.3	3045.3	4193.9
0.0	1018.2	2051.1	3195.3	4191.2
0.0	1023.5	2213.4	3199.9	4237.5
0.0	1080.8	2093.6	2993.4	4253.8
0.0	1060.8	2104.3	3150.4	4204.3
240.0	1038.9	2178.1	3142.3	4011.9
230.2	948.7	2174.7	2871.8	3930.0
214.1	893.5	1642.7	2736.1	3696.7
0.0	808.1	1224.8	2716.5	3639.1
204.0	816.0	1215.0	2645.0	3729.4
188.4	828.9	1177.5	2551.0	3735.6
189.3	779.1	1124.2	2418.6	3658.0
190.0	743.3	1047.3	2416.5	3636.1
190.6	709.2	1003.5	2390.8	3590.6
192.8	694.5	1002.5	2344.0	3606.4
197.3	683.4	1023.8	2295.3	3647.8
201.9	659.5	1048.0	2131.7	3810.0
206.2	633.1	1063.1	2049.3	3911.6
209.9	598.0	1088.1	1946.0	3889.4
212.9	621.7	1197.1	1908.0	3821.3
214.7	654.1	1284.7	1891.0	3806.3
214.4	612.4	1306.1	1817.8	3791.2
213.8	602.3	1304.7	1806.2	3800.3
213.0	592.3	1338.9	1833.8	3797.9
212.4	587.4	1363.9	1874.6	3792.5
211.7	563.7	1241.4	1935.3	3786.1
210.4	479.2	1103.2	2044.7	3791.0
211.1	840.0	1892.3	2522.5	3982.5
205.8	927.1	2031.8	3072.4	4185.5
193.9	980.7	2147.5	3112.3	4246.6
197.3	1061.0	2248.8	3102.7	4253.4
193.0	696.6	2238.8	3199.2	4153.2
187.9	663.6	2283.8	3132.3	4111.6
184.0	733.6	2228.1	3036.5	4176.6
185.8	862.3	2038.9	2991.6	4236.8
190.6	789.1	1707.0	2921.7	4053.1
213.4	497.9	1059.1	2944.5	3940.0
211.5	438.0	1037.0	2639.0	3994.2
208.6	433.6	1030.7	2572.7	4185.8
209.4	435.5	1035.5	2565.1	4163.5
211.0	439.2	1046.6	2580.8	4188.6
212.2	465.9	1052.0	2621.0	4234.6
212.7	444.1	1065.0	2618.7	4091.0
213.0	426.4	1075.7	2659.8	4093.7
212.5	510.9	1129.1	2626.7	4285.3
211.7	543.2	1292.0	2519.0	4218.4
211.3	515.7	1435.9	2392.1	3995.5
210.0	482.5	1564.5	2382.0	4021.1
208.9	450.5	1787.0	2379.9	4011.8
207.3	426.9	1904.6	2470.3	3933.1
207.1	419.9	1959.5	2530.7	3899.1
208.1	414.3	2094.9	2701.6	3934.7
206.8	423.8	2077.7	2768.9	3958.9
208.4	328.5	1989.6	2796.4	4207.1
64.4	330.9	1968.9	2735.3	4192.8
188.3	327.4	2038.9	3087.8	4205.8
182.8	255.6	1986.4	3206.9	4122.7
193.0	508.1	2035.0	3031.9	4136.8
0.0	525.4	2075.6	3113.3	4298.3
0.0	465.8	1997.9	2781.5	4209.7
213.3	416.7	1970.1	2710.3	4119.5
208.9	416.7	1984.6	2721.1	4118.9
208.1	416.6	1990.0	2738.0	4161.6
205.4	435.9	1911.7	2701.9	4215.1
198.8	410.0	1836.5	2741.6	4305.9
95.1	425.0	1843.9	2908.7	4219.6
89.6	350.8	2130.9	3035.5	4139.2
180.6	691.1	2283.3	3153.6	4161.2
183.5	374.8	1989.5	2795.2	4107.2
185.1	378.7	2061.6	2686.6	4154.1
190.3	390.5	2080.7	2705.4	4223.1
194.6	392.6	2084.4	2758.5	4322.6
196.2	391.1	2047.8	2767.3	4306.2
196.9	388.2	2084.6	2745.8	4294.4
196.2	383.9	2062.0	2718.4	4297.1
194.2	375.6	2349.2	2872.7	4318.2
193.5	864.7	2426.9	3473.6	4239.4
189.2	1008.1	2440.4	3734.2	4330.7
181.4	1092.7	2445.0	3720.0	4365.7
90.4	996.7	2413.7	3706.0	4366.5
68.2	970.7	2385.9	3531.3	4298.7
277.4	1023.7	2497.2	3651.6	4207.2
269.2	1668.7	2975.5	3660.9	4247.0
315.8	782.2	3029.9	3530.5	4203.8
285.7	1312.1	2902.4	3544.0	4278.9
0.0	1222.3	2860.8	3619.8	4260.4
0.0	1052.0	2844.3	3614.5	4307.2
285.7	882.9	2783.5	3636.2	4239.7
0.0	628.9	2327.7	2851.6	3937.8
65.2	503.3	2192.1	2897.8	4062.9
0.0	471.6	2015.1	2716.9	3975.5
225.2	449.6	1979.9	2644.1	3878.1
211.7	474.2	2009.4	2587.6	3930.4
207.4	458.4	2031.1	2516.5	4099.4
203.9	423.6	2073.6	2576.6	4330.9
200.8	497.9	2123.0	2764.4	4303.0
196.8	510.5	2125.7	3150.9	4274.0
64.9	940.4	2176.9	3247.6	4172.8
63.5	1075.4	2291.7	3253.4	4159.5
0.0	200.0	2075.7	3049.8	4171.7
0.0	759.1	2161.8	2800.6	4188.2
0.0	657.8	2309.1	2678.0	4150.1
0.0	528.5	2231.2	2742.1	4019.8
245.4	623.5	2070.5	2600.6	3875.3
217.1	693.2	2006.7	2681.5	3903.6
201.1	748.6	1953.5	2727.6	3911.0
199.8	760.7	2003.2	2577.8	4072.5
195.2	406.2	1796.3	2479.4	4288.4
194.0	410.6	2252.5	2603.3	4362.3
196.3	409.7	2184.0	2668.8	4412.2
194.6	431.2	2193.6	2694.1	4311.3
193.4	770.3	1986.4	2720.2	4056.0
193.3	879.6	1795.7	2797.2	4021.4
195.0	900.3	1808.0	2874.6	3965.1
193.3	880.0	1809.3	2837.1	3805.0
193.1	850.0	1781.5	2799.0	3786.7
191.2	834.9	1783.0	2801.8	3923.1
188.5	817.5	1745.8	2789.7	3973.7
184.8	807.6	1724.2	2797.6	3886.7
178.7	787.5	1697.6	2814.4	3821.5
172.4	794.8	1632.2	2773.9	3730.5
166.7	844.0	1588.9	2707.2	3654.0
162.3	850.5	1567.0	2719.5	3643.7
157.4	841.9	1520.3	2739.5	3643.1
154.0	808.5	1480.0	2706.4	3558.4
149.9	768.8	1397.6	2681.4	3549.0
147.2	767.1	1340.0	2688.1	3557.8
143.7	754.7	1303.9	2710.6	3565.2
144.3	700.6	1286.5	2709.2	3636.9
144.6	674.8	1269.3	2760.2	3796.5
146.3	626.5	1227.8	2734.7	3977.8
146.8	574.6	1237.1	2690.2	3938.0
160.6	511.7	1268.1	2786.3	4039.6
94.1	475.1	1431.5	2824.9	4117.2
85.5	460.1	1560.4	2763.3	4078.3
219.5	1326.0	2019.5	3079.7	4247.9
216.3	1407.9	2203.7	3203.7	4307.5
71.2	623.7	2122.6	3224.8	4269.7
0.0	851.2	2285.7	3243.7	4298.7
0.0	1139.5	2301.1	3225.2	4395.5
0.0	1143.9	2317.3	3382.0	4359.7
0.0	988.4	2301.5	3440.0	4402.2
0.0	1017.3	2214.9	3348.6	4285.4
99.5	987.2	2238.4	3269.8	4236.6
0.0	634.0	2104.3	3238.5	4246.9
0.0	1088.1	2229.9	3052.6	4172.3
0.0	1081.9	2356.1	2780.0	4172.8
243.1	465.5	2312.8	2787.7	4156.6
157.1	326.4	2358.9	2935.4	4310.4
180.2	403.3	2243.0	2800.8	4336.8
192.4	416.1	2272.4	2809.7	4389.1
189.1	380.1	2140.5	2722.8	4386.7
178.6	370.3	1835.2	2692.7	4394.1
177.6	370.1	1726.0	2673.5	4431.7
176.2	357.3	1542.8	2665.4	4412.5
175.2	371.8	1667.6	2639.7	4431.4
173.7	371.0	1910.7	2604.3	4397.5
172.7	368.6	1829.6	2616.9	4278.1
173.0	665.2	1778.8	2638.6	4157.2
175.3	644.9	1770.5	2686.9	3958.6
174.1	645.0	1685.3	2593.0	3777.4
176.0	647.1	1544.6	2490.0	3759.7
179.3	657.0	1418.5	2483.0	3786.8
180.8	656.5	1336.6	2536.7	3876.0
183.1	690.3	1288.2	2591.5	3841.7
183.0	643.5	1256.9	2503.1	3854.3
183.9	599.8	1153.9	2476.8	3854.6
184.0	617.1	1126.1	2511.7	3871.5
183.9	774.9	2035.6	2630.2	3924.9
184.3	818.6	2164.3	3513.0	4035.1
185.9	853.7	2216.3	3648.7	3998.5
184.5	875.3	2213.1	3452.8	4068.5
183.9	719.3	1996.9	3298.4	4046.8
183.2	983.6	2076.2	3359.7	4043.9
184.6	1307.5	2050.2	3315.1	4023.8
184.4	1624.3	2547.9	3438.0	4187.6
84.0	1292.8	2554.7	3567.5	4322.2
259.9	1511.1	2873.1	3762.4	4481.9
336.9	1634.7	3078.7	3901.0	4548.5
207.0	1584.8	3166.5	3923.0	4520.3
0.0	1634.8	3114.4	3910.7	4558.5
0.0	573.8	2374.1	3770.4	4506.7
0.0	497.1	2375.3	3739.3	4361.2
0.0	787.9	2842.5	3903.1	4592.9
117.6	1407.4	2866.3	3852.7	4656.2
0.0	1493.4	2909.4	3863.9	4646.1
342.9	701.0	2681.9	3861.1	4649.8
428.6	1130.8	2775.6	3840.9	4527.2
111.1	985.6	2749.7	3755.2	4497.8
111.1	951.4	2618.3	3585.5	4404.3
283.1	747.0	2531.9	3479.1	4188.8
0.0	500.6	1991.1	2939.2	4077.6
251.1	496.1	1697.3	2862.3	4107.3
207.7	667.7	1757.2	3039.6	4162.0
191.3	602.6	1746.5	2656.0	3910.7
182.8	554.8	1673.3	2048.3	3537.5
176.3	504.3	1631.0	1993.5	3622.2
170.4	480.3	1595.7	1934.1	3530.1
162.6	519.3	1543.7	1862.1	3507.4
156.7	552.0	1527.5	1849.0	3545.6
152.2	549.4	1531.5	1834.8	3661.9
148.5	533.1	1560.6	1875.5	3755.4
143.3	591.6	1548.4	1805.7	3835.8
144.2	588.2	1552.2	1821.3	3853.3
141.2	601.2	1531.4	1718.1	3713.6
141.3	588.5	1574.8	1959.7	3721.6
140.2	628.9	1590.5	2332.7	3743.2
139.2	637.7	1581.7	2394.2	3813.9
137.0	687.2	1552.3	2024.2	3738.6
139.4	712.0	1535.2	2866.8	4144.3
69.8	566.4	1571.4	2624.1	4184.9
174.0	747.4	1642.7	2725.5	4156.9
170.9	739.7	1596.6	2933.2	4129.4
67.4	731.9	1558.0	2796.9	4100.5
150.7	758.2	1611.2	2643.2	4054.9
339.1	828.7	1667.6	3083.9	4241.0
154.6	861.2	1704.6	3113.0	4234.1
74.6	1098.9	1674.3	3113.8	4292.8
259.0	1023.5	1637.9	3083.9	4361.8
0.0	1003.2	1779.1	3053.3	4266.4
272.7	977.2	1889.7	3122.5	4370.9
0.0	1003.1	1997.3	3274.7	4432.1
104.5	1001.7	2114.2	3294.4	4352.6
306.4	841.2	2031.3	3224.3	4283.7
