0.0	0.0	0.0	0.0	0.0
0.0	0.0	0.0	0.0	0.0
0.0	0.0	0.0	0.0	0.0
0.0	676.9	1710.7	3053.2	4589.9
0.0	944.3	1831.7	3056.8	4309.6
0.0	1003.0	2005.9	3104.0	4190.2
0.0	910.8	1952.0	3154.5	4173.7
0.0	935.8	2037.9	3194.2	4303.1
0.0	936.9	2159.8	3174.1	4258.7
0.0	1066.0	2127.8	3315.5	4285.1
0.0	1088.0	2167.8	3237.2	4249.5
0.0	1028.9	2237.5	3095.2	4181.8
0.0	1136.7	2327.4	3192.7	4278.9
0.0	1118.1	2290.6	3111.8	4187.3
0.0	1248.4	2413.2	3192.8	4237.0
0.0	957.4	2370.2	3431.2	4329.3
0.0	945.3	2303.4	3413.9	4309.9
0.0	914.9	2307.4	3421.7	4297.5
0.0	841.6	2388.0	3405.8	4344.8
0.0	840.8	2452.1	3393.7	4399.9
0.0	818.3	2518.6	3280.0	4233.2
0.0	808.7	2519.6	3351.9	4215.4
0.0	847.5	2554.3	3443.4	4285.8
0.0	860.7	2544.0	3479.0	4210.2
240.3	857.1	2442.9	3491.8	4253.4
265.5	837.9	2375.7	3239.1	4231.6
269.4	943.8	2442.1	3320.2	4185.8
228.8	985.2	2496.3	3543.0	4203.8
231.0	823.0	1406.2	2523.5	3606.2
235.0	779.3	1444.4	2501.1	3578.9
244.0	793.8	1620.9	2506.7	3634.3
251.0	788.8	1689.7	2480.1	3730.1
258.1	773.0	1795.2	2522.6	3751.4
264.8	744.3	1845.1	2628.2	3807.7
269.0	688.6	1864.6	2572.4	3848.8
273.3	641.3	1873.4	2571.5	3876.4
272.9	591.1	1882.7	2946.0	4001.5
271.2	494.5	1921.8	3047.2	4201.5
120.0	836.8	2071.1	3150.2	4186.5
70.4	1289.9	2259.8	3289.8	4196.6
0.0	1096.5	2211.0	3246.1	4249.3
0.0	987.1	2236.6	3289.6	4326.1
0.0	907.6	2123.2	3199.0	4348.6
0.0	655.1	1882.3	2911.7	4022.2
0.0	569.0	1911.3	2846.1	3961.7
0.0	561.3	1946.2	2751.4	4041.3
321.0	594.0	1971.6	2673.1	4015.7
303.3	575.7	2013.6	2617.2	4007.3
291.7	557.6	2061.9	2628.2	4041.3
282.3	527.7	2131.5	2625.9	3999.4
270.5	484.7	2154.7	2534.4	4001.8
251.0	442.2	2186.8	2435.8	4039.3
231.0	404.2	2184.6	2406.0	4064.2
145.4	499.7	2191.3	2409.3	4066.6
187.3	495.4	2106.7	2419.5	4065.8
235.6	382.9	2101.9	2836.6	4050.2
214.8	433.2	2248.7	2839.8	4096.7
0.0	535.5	2277.5	2741.8	4184.7
0.0	494.0	1298.5	2480.7	4034.4
230.1	493.0	1263.1	2493.1	4122.7
242.2	496.9	1294.7	2501.8	4188.1
246.8	515.0	1326.8	2525.1	4183.8
250.1	508.6	1320.5	2526.1	4106.0
254.1	586.7	1667.7	2549.3	3923.0
266.7	601.2	1932.7	2559.8	3879.1
272.2	603.5	2037.9	2772.9	3946.8
282.2	606.8	2112.1	2845.0	3953.1
293.3	621.0	2167.9	2836.7	3978.2
302.7	628.2	2211.5	2850.3	4036.1
309.5	635.8	2247.3	2870.2	4028.8
315.9	642.0	2272.1	2888.9	4000.1
321.6	626.4	2302.9	2929.1	4026.4
322.0	608.4	2370.1	2980.8	4045.3
318.5	438.8	2407.5	2929.0	4004.0
311.4	397.2	2235.9	2860.4	4037.0
304.6	1081.2	2195.2	3099.5	4177.4
298.4	933.6	2111.9	2951.6	4175.3
82.5	763.3	2137.1	3060.9	4204.3
78.6	917.3	2217.6	3213.5	4314.3
178.4	1028.7	2189.8	3209.0	4328.0
92.6	1349.5	2424.6	3108.0	4362.9
0.0	1370.7	2481.2	3242.7	4267.3
0.0	1006.3	2039.1	3021.4	4057.5
0.0	975.9	1882.9	3035.0	4086.4
0.0	707.9	1801.9	3306.4	4076.0
306.0	508.4	1731.5	3083.8	4085.8
244.9	476.6	1629.3	2095.8	4092.8
235.6	467.5	1711.8	2092.5	3964.3
223.7	429.6	1868.1	2267.1	3890.5
216.7	414.6	2047.5	2788.4	3878.7
210.6	397.4	2121.0	3016.3	3809.6
203.1	395.6	2157.9	2830.6	3765.4
197.8	381.6	2168.1	2877.1	3847.8
192.4	373.6	2159.6	3000.3	3851.4
92.6	399.3	2101.3	3082.6	3858.1
179.8	419.5	2064.3	3086.9	3881.2
171.9	496.9	2005.9	3158.1	3886.9
168.5	520.2	1887.2	2355.6	3850.2
167.8	509.1	1681.9	2029.1	3932.4
166.3	509.0	1711.8	2982.7	4244.1
168.1	515.0	1489.5	1794.9	4222.9
167.1	489.1	1524.0	3290.0	4321.1
166.8	455.6	1545.9	3102.5	4218.5
163.9	497.9	1757.2	3081.9	4161.4
79.1	533.9	2072.4	3188.2	4269.0
76.2	829.3	2142.6	3184.1	4280.2
181.9	985.3	2102.6	3295.0	4233.3
0.0	1114.1	2186.7	3239.7	4228.6
0.0	922.7	2208.4	3257.4	4216.3
0.0	816.9	1859.4	3065.8	4095.0
0.0	844.6	1965.6	2845.7	4014.5
0.0	1010.8	2128.9	3167.4	4178.9
154.6	943.5	2056.2	3102.7	4090.9
66.0	877.7	2192.1	3003.6	3986.4
0.0	883.2	2073.5	2779.0	3834.5
215.7	756.1	1936.7	2645.7	3800.6
209.5	718.6	1905.0	2544.9	3772.5
197.9	714.7	1923.9	2602.9	3745.8
187.5	726.5	1951.0	2634.1	3764.3
184.2	730.5	1975.8	2669.3	3767.4
181.9	717.1	1965.6	2729.2	3797.9
180.0	694.2	1940.9	2785.5	3771.9
176.8	691.1	1905.8	2782.9	3776.9
169.4	680.1	1885.5	2758.9	3866.8
159.2	655.4	1835.5	2735.2	3895.2
0.0	653.3	1778.6	2715.5	3908.1
76.2	609.0	1751.5	2706.3	4008.9
75.6	574.7	1872.3	2808.3	4158.3
109.1	515.8	2136.1	3108.1	4344.8
73.2	889.4	2282.9	3266.7	4250.8
0.0	1013.9	2214.6	3281.9	4183.3
0.0	1195.1	2412.1	3417.4	4464.1
0.0	1283.1	2457.8	3386.1	4435.6
0.0	1226.4	2322.3	3406.2	4439.2
0.0	966.8	2486.3	3653.3	4563.9
0.0	1319.5	2655.2	3811.5	4660.9
113.2	1124.6	2360.9	3630.3	4615.6
0.0	1131.7	2293.3	3478.3	4758.3
0.0	1266.4	2539.9	3659.2	4897.9
0.0	1069.3	2254.9	3365.2	4638.2
0.0	1081.7	2081.5	3102.2	4641.8
0.0	678.7	1848.1	2937.3	4457.0
0.0	714.7	1926.5	2878.1	4216.2
0.0	466.2	1951.4	2782.1	3992.5
0.0	447.6	2042.3	2741.0	3948.5
170.6	433.3	2135.3	2764.1	3951.5
76.7	424.7	2240.5	2814.0	3943.9
77.1	411.1	2343.3	2828.7	3933.1
77.2	394.1	2364.7	2845.6	3924.2
75.5	379.1	2393.3	2879.7	3918.5
146.7	342.2	2451.3	2910.3	3912.0
72.1	365.4	2478.2	2972.3	3912.5
138.4	339.8	2493.9	3122.1	3980.5
234.5	378.2	2475.8	3163.3	4020.7
217.6	401.3	2521.1	3212.2	4078.1
203.8	1105.0	2745.0	3297.8	4265.4
200.8	1054.9	2736.7	3234.8	4288.6
191.0	820.8	2590.0	3166.0	4360.1
86.5	883.8	2511.6	3176.4	4370.6
450.6	836.2	2407.2	3134.4	4269.7
228.9	637.9	2312.1	3087.8	4265.1
124.6	661.0	2211.0	2980.3	4094.1
0.0	791.3	2213.8	2928.0	3921.8
0.0	812.7	2166.5	2984.0	3892.6
0.0	910.7	2125.4	3228.4	3924.3
0.0	959.8	2223.9	3234.6	3925.9
0.0	926.9	2120.8	3197.6	3818.0
0.0	950.2	2129.6	3369.7	3947.1
0.0	949.5	2244.2	3422.8	4022.9
0.0	957.9	2232.5	3311.8	3964.8
0.0	1033.6	2155.3	3262.2	3956.2
0.0	978.7	2162.1	3329.4	4104.2
0.0	922.1	2175.3	3350.5	4187.8
0.0	921.8	1940.0	3027.6	4025.2
0.0	947.3	1902.1	3027.1	4072.0
0.0	833.5	1688.3	2749.7	4026.4
0.0	901.2	1630.2	2913.6	4114.3
0.0	1029.6	1686.8	2852.4	4160.6
0.0	1196.2	2148.4	3082.5	4131.5
0.0	1056.3	2245.2	3153.0	4196.0
0.0	1071.8	2177.5	3077.2	4229.9
0.0	1031.4	2208.9	3129.8	4125.9
0.0	937.4	2185.0	3202.8	4211.4
0.0	973.7	2228.2	3280.8	4302.2
0.0	1061.0	2246.6	3347.2	4399.7
0.0	984.8	2157.8	3311.7	4380.1
0.0	991.4	2036.9	3172.8	4302.6
0.0	1024.4	2081.3	3040.7	4256.3
0.0	1038.9	2092.2	3067.3	4305.9
0.0	981.9	2032.2	3232.9	4312.9
0.0	982.1	2033.9	3296.4	4251.8
0.0	964.8	2008.2	3211.7	4173.9
0.0	1093.9	2125.3	3166.1	4240.8
0.0	986.0	2119.0	3100.2	4245.6
0.0	879.1	1914.9	3114.9	4297.9
0.0	918.8	1986.8	3192.4	4201.6
0.0	935.9	2042.4	3167.7	4219.5
0.0	965.0	2003.2	3160.6	4248.4
0.0	1010.5	2150.4	3181.1	4340.3
0.0	1049.5	2133.5	3256.7	4341.4
0.0	955.9	1863.3	3210.2	4191.3
0.0	825.1	1775.6	3088.1	4173.4
0.0	895.1	1946.0	3223.0	4216.7
0.0	926.1	2117.1	3247.0	4248.8
0.0	1097.4	2141.5	3223.6	4328.0
0.0	1165.6	2101.5	3279.4	4365.3
0.0	972.4	2295.6	3380.9	4242.9
0.0	957.8	2229.1	3272.5	4298.8
0.0	1010.8	2046.9	3111.6	4276.7
0.0	1170.3	2054.2	3158.7	4239.2
0.0	1253.5	2210.3	3261.1	4387.8
0.0	1148.8	2139.1	3283.8	4388.2
0.0	1163.9	2145.8	3363.3	4302.9
0.0	1270.3	2455.5	3394.8	4426.3
0.0	1160.7	2264.9	3297.3	4312.6
0.0	1087.7	2232.8	3282.2	4247.9
0.0	768.3	1978.8	3202.3	4316.6
0.0	1168.5	1981.9	3223.2	4292.4
69.4	1157.7	2121.4	3237.4	4235.7
0.0	1035.9	2077.6	3263.1	4253.0
0.0	1126.9	2115.2	3319.1	4291.6
0.0	1201.4	2139.0	3303.3	4268.6
0.0	1079.2	2370.0	3315.7	4342.2
0.0	1132.3	2355.4	3228.1	4317.6
0.0	1045.8	2221.0	3291.5	4309.8
0.0	969.1	2172.8	3385.2	4439.4
0.0	1058.8	2266.8	3293.6	4463.5
0.0	963.2	2030.2	3099.3	4339.1
0.0	1183.0	2247.0	3224.8	4344.8
116.7	928.4	2187.4	3209.5	4378.7
0.0	967.3	2214.6	3204.6	4384.5
0.0	1033.6	2298.7	3181.3	4285.0
0.0	1065.3	2162.2	3265.9	4313.5
0.0	1087.6	2079.6	3282.6	4305.1
0.0	1080.2	2252.1	3256.6	4368.4
0.0	1034.4	2262.2	3236.1	4368.5
