0.0	0.0	0.0	0.0	0.0
0.0	0.0	0.0	0.0	0.0
0.0	0.0	0.0	0.0	0.0
0.0	994.4	1911.0	2911.5	4126.1
571.4	1068.3	1872.7	2906.8	4117.2
0.0	1064.5	1880.5	3067.9	4025.3
0.0	1066.3	1871.3	3137.1	4022.9
0.0	1020.3	1748.3	3021.0	3988.6
0.0	988.6	1819.5	3029.5	4060.6
0.0	920.6	1889.0	2997.0	4229.3
0.0	922.1	1893.8	2953.5	4226.1
0.0	953.5	1872.7	2944.5	4088.4
0.0	904.1	1886.4	3048.4	4181.6
0.0	890.5	1944.0	3186.1	4240.0
0.0	1033.5	2089.1	3308.4	4300.3
0.0	990.9	2230.2	3321.7	4402.3
0.0	865.1	2054.9	3141.2	4435.2
0.0	1086.5	2031.8	2930.5	4295.2
0.0	1168.0	2067.9	2988.1	4281.5
0.0	1276.6	2137.0	3127.9	4285.0
0.0	1156.4	2132.9	3282.3	4303.8
0.0	986.9	2269.3	3405.8	4304.9
0.0	878.6	2218.5	3219.3	4214.3
63.5	937.7	2135.8	3220.8	4321.7
0.0	907.6	2296.1	3334.3	4477.0
0.0	1007.2	2320.4	3427.8	4453.1
0.0	1151.4	2311.3	3448.0	4349.5
0.0	1074.5	2394.4	3419.3	4348.6
0.0	1137.4	2345.9	3205.3	4280.0
0.0	985.8	1950.0	2963.4	4291.1
536.2	909.5	1896.7	2822.4	4285.7
173.2	716.1	1926.3	2951.4	4366.1
0.0	950.3	1832.9	2892.9	4321.7
120.1	969.7	1839.6	2834.3	4280.3
0.0	996.5	1919.1	2805.1	4242.1
0.0	1148.7	1885.7	2791.4	4233.9
0.0	1003.4	1789.7	2769.5	4066.6
248.8	984.4	1686.5	2797.4	3912.1
243.5	804.0	1656.3	2801.7	3870.7
231.8	716.7	1674.9	2768.6	3813.2
225.4	671.1	1716.5	2776.4	3837.6
222.4	663.1	1746.1	2843.7	3858.1
220.0	675.3	1765.9	2897.5	3891.2
220.4	794.6	1847.9	2903.1	3877.3
219.9	775.6	1968.3	2919.4	3859.4
219.8	576.3	1990.9	2908.7	3942.3
220.5	517.0	1991.5	2902.5	4089.6
220.1	474.2	1995.8	2846.4	4116.3
219.4	449.0	2029.4	2620.6	4027.6
218.9	456.1	2294.6	2623.8	4057.5
226.4	452.2	2144.1	2616.4	4046.1
225.6	460.8	2017.7	2677.8	4100.5
223.2	495.7	1907.0	2724.8	4142.7
218.9	524.9	2045.2	3013.4	4255.6
103.6	617.4	2052.9	3099.0	4267.2
206.9	503.6	1763.8	2988.5	4161.7
236.2	497.0	1718.6	2928.0	4187.5
226.3	520.9	1642.9	2971.5	4187.0
223.7	552.1	1560.4	2985.3	4205.4
222.1	572.2	1495.5	2916.1	4242.7
220.5	549.5	1428.2	2908.5	4256.1
218.7	501.1	1374.3	2911.8	4099.0
213.4	430.9	1281.9	2942.0	4064.5
214.3	428.8	1250.2	2930.5	4186.4
214.2	427.7	1228.6	2943.0	4252.0
214.1	423.9	1208.5	2925.2	4238.6
214.1	424.8	1166.1	2897.4	4218.5
212.4	421.2	1177.4	2925.0	4206.2
210.1	512.8	1235.5	2933.8	4127.0
215.4	653.7	1320.4	2944.6	4131.3
213.3	665.5	1363.2	2918.8	4118.6
207.5	697.0	1413.4	2891.2	4075.2
204.9	704.0	1450.5	2875.1	4053.0
205.0	701.6	1578.9	2837.8	4049.1
205.8	622.9	1728.0	2842.5	4036.2
206.3	611.8	1866.3	2823.1	4048.8
207.8	624.0	1993.1	2725.6	3982.7
208.0	521.2	2076.4	2732.6	4037.2
208.7	463.2	2251.9	2864.1	4138.8
104.8	1049.8	2206.2	3066.9	4275.9
69.2	1213.2	2262.8	3115.0	4312.9
0.0	1150.5	2160.3	3009.9	4209.2
0.0	995.5	2068.5	2934.8	4184.5
0.0	776.1	2047.0	2926.4	4228.7
0.0	559.6	2031.7	2837.2	4224.8
0.0	527.3	1875.7	2773.4	4160.8
256.6	503.6	1769.4	2823.1	4195.9
219.9	471.4	1705.9	2835.7	4268.3
214.0	440.3	1668.3	2868.1	4291.6
209.8	408.7	1644.0	2891.2	4301.6
206.2	416.5	1649.9	2941.3	4298.4
101.0	438.1	1835.2	3261.1	4394.9
190.2	471.8	2374.9	3441.6	4693.5
184.6	608.7	2486.8	3491.2	4673.9
184.6	1178.9	2573.5	3622.5	4614.2
190.0	1170.0	2599.3	3686.8	4527.8
188.9	1031.4	2625.1	3793.1	4654.8
193.0	883.8	2652.6	3764.1	4675.4
198.8	493.3	2322.8	3298.1	4433.6
200.0	458.9	1889.1	2974.1	4319.2
193.5	457.8	1568.2	2917.7	4286.2
193.5	500.8	1539.6	2893.5	4263.7
195.0	600.7	1572.3	2867.9	4244.8
194.8	619.3	1580.8	2839.4	4176.2
192.3	662.5	1473.0	2860.6	4111.4
189.8	820.9	1464.3	2898.8	4059.7
188.4	657.3	1379.6	2870.4	4036.9
185.7	635.4	1333.2	2834.0	4032.8
185.8	638.3	1343.1	2805.8	4010.1
187.4	568.1	1341.7	2890.1	3973.3
189.0	579.9	1337.3	2954.8	3934.9
190.2	594.9	1353.8	2933.9	3920.5
191.0	592.2	1362.7	2890.4	3876.6
193.2	537.3	1365.8	2954.6	3857.4
194.8	575.5	1374.8	3033.7	3838.7
195.6	595.4	1385.4	2960.1	3769.2
196.6	482.7	1533.1	2667.4	3802.0
196.3	414.6	1736.7	2705.9	3994.7
203.7	418.6	1655.4	2633.2	3860.3
206.7	416.0	1586.1	2585.4	3843.8
208.2	418.6	1575.4	2585.9	3956.2
209.5	417.8	1610.2	2618.4	3997.5
210.1	408.7	1818.1	2724.3	4135.9
207.9	415.1	2098.7	3137.6	4347.9
205.0	894.6	2166.9	3215.1	4336.1
213.4	925.0	1968.1	3015.8	4043.9
240.0	463.6	1993.0	2814.3	3848.2
226.4	447.1	2093.2	2793.0	3860.4
221.1	456.1	2200.4	2819.0	3931.7
225.6	462.0	2261.4	2876.3	3964.7
231.4	469.8	2299.1	2897.0	3977.8
234.1	474.3	2331.4	2935.5	3986.1
236.4	483.4	2386.1	2968.2	4016.6
241.0	491.9	2404.2	2981.1	4019.4
245.8	502.7	2480.8	3011.2	4029.5
250.3	509.8	2515.2	3015.8	4059.7
254.1	533.6	2447.4	2965.6	4067.6
258.2	555.9	2421.3	2966.2	4054.7
263.7	586.5	2422.0	3002.4	4039.7
265.1	505.6	2469.9	3053.9	4042.8
271.9	480.5	2491.4	3032.1	4042.9
277.9	445.6	2442.2	3003.9	4037.7
276.2	416.0	2478.0	3020.5	4031.3
272.3	341.3	2507.6	2995.2	4035.6
88.5	327.5	2469.3	2997.0	4041.5
257.0	809.1	2451.2	2988.5	4066.7
261.7	906.8	2394.5	2937.0	4109.7
87.2	550.2	2402.5	2979.2	4081.9
0.0	695.2	2508.7	3068.5	4057.8
0.0	663.0	2482.6	2988.9	4114.4
80.4	840.5	2453.4	2986.5	4113.4
0.0	1006.1	2425.1	3053.0	4069.8
0.0	559.9	2300.3	3082.3	4030.6
0.0	596.3	2332.7	3013.0	4051.6
0.0	560.2	2435.7	2945.3	4095.0
83.7	799.6	2414.0	3024.5	4104.7
187.7	726.8	2399.7	3083.3	4116.7
87.3	739.8	2343.5	3099.3	4079.9
164.7	797.0	2421.0	3097.9	4057.6
