0.0	0.0	0.0	0.0	0.0
0.0	0.0	0.0	0.0	0.0
0.0	0.0	0.0	0.0	0.0
0.0	1074.5	2165.1	3237.2	4659.7
0.0	928.9	2099.8	3190.3	4358.0
0.0	830.4	2131.6	3244.9	4229.5
0.0	1049.6	2395.8	3298.6	4339.1
0.0	1072.3	2397.4	3283.8	4403.9
0.0	1037.8	2421.3	3384.1	4299.8
0.0	1065.9	2354.9	3422.6	4337.6
0.0	1316.7	2266.2	3406.4	4407.6
0.0	1220.5	2380.1	3507.4	4510.8
0.0	1085.5	2415.9	3447.3	4478.3
0.0	1111.1	2267.3	3270.4	4229.0
0.0	420.9	2227.1	3241.3	4303.7
235.0	300.2	2014.8	3057.5	4240.9
233.2	968.0	1805.2	3088.7	4238.2
222.6	476.1	1742.7	2911.5	4303.9
0.0	570.2	1882.1	2868.7	4409.8
213.2	586.8	1992.4	2927.8	4385.0
211.9	552.0	2023.6	2942.6	4371.3
207.4	515.1	1978.3	2861.8	4406.2
99.9	445.5	1967.1	2817.1	4525.4
64.4	431.9	2002.0	2852.1	4601.6
121.0	520.5	2250.9	2933.8	4578.6
115.5	438.0	2175.8	2968.5	4539.4
233.1	389.2	2030.4	2961.7	4492.7
226.1	562.1	2338.1	2962.6	4476.4
211.7	520.5	2382.7	2960.2	4519.3
212.7	580.8	2404.0	2958.5	4581.1
219.2	549.3	2390.5	2964.5	4566.5
222.9	520.9	2364.0	2968.9	4595.2
222.8	461.2	2253.8	2903.6	4307.6
222.4	526.6	2127.6	2895.3	4149.8
227.4	603.6	2142.3	3053.3	4193.6
229.3	677.9	2148.1	3029.0	4212.0
228.6	737.2	2093.9	2982.5	4272.7
231.9	759.1	2021.1	2990.4	4251.3
234.1	790.2	1939.3	2973.2	4254.7
237.3	821.6	1889.6	2965.4	4294.8
241.3	743.5	1768.6	3015.8	4279.4
244.9	803.8	1698.0	3074.2	4265.5
250.5	788.2	1628.9	3135.3	4231.5
251.4	793.1	1550.4	3163.5	4167.1
255.2	804.0	1533.5	3174.0	4147.3
257.6	800.4	1524.7	3143.0	4127.7
259.7	799.4	1532.0	3085.2	4104.8
261.1	774.5	1548.1	2952.1	3984.9
262.1	767.1	1632.6	2871.5	3905.6
264.8	703.1	1747.1	2811.9	3805.4
261.3	563.4	1968.1	2967.6	3904.2
260.9	1746.9	2743.7	3492.8	4256.6
248.4	1864.2	2881.0	3628.9	4258.0
79.0	694.8	2770.1	3567.3	4229.8
82.8	1853.3	3072.6	3665.3	4322.2
240.0	642.3	2864.8	3693.2	4307.0
0.0	1513.7	2956.5	3738.1	4238.0
0.0	1610.4	2925.3	3769.2	4293.8
0.0	1531.3	2907.8	3771.2	4326.5
0.0	687.9	2797.9	3727.5	4237.7
0.0	1568.4	3000.6	3924.8	4406.0
444.4	651.1	2617.0	3411.3	4281.6
0.0	1007.8	2341.6	3228.6	4271.1
244.9	853.4	2347.2	3124.1	4293.9
250.0	495.8	2456.8	3064.8	4378.2
275.5	486.2	2454.6	3024.6	4440.0
251.2	460.6	2450.8	3015.5	4412.1
232.1	444.3	2373.0	3016.0	4360.2
223.3	430.9	2157.5	2988.8	4273.7
217.3	411.6	1891.9	2971.2	4304.2
208.2	401.2	1785.4	3042.5	4393.6
206.6	409.1	1711.7	3130.1	4396.1
204.7	408.2	1627.0	3152.0	4324.8
205.3	401.4	1591.6	3141.7	4249.9
202.4	397.0	1577.5	3184.1	4277.8
196.3	415.0	1568.4	3124.4	4279.6
196.5	574.1	1642.3	3041.2	4270.4
204.3	598.5	1676.4	3004.3	4214.9
199.2	592.7	1668.1	2952.0	4136.8
195.2	582.5	1640.4	2911.1	4125.7
194.1	571.8	1628.2	2892.7	4182.3
194.6	564.3	1627.3	2851.1	4461.7
193.4	483.8	1618.6	2876.0	4348.5
192.0	947.0	1874.1	2986.7	4143.3
99.0	1309.4	2287.8	3251.8	4291.7
0.0	819.7	2278.0	3248.0	4240.7
0.0	1094.7	2282.8	3419.2	4218.9
0.0	809.5	2174.4	3284.5	4156.5
0.0	738.8	2282.6	3162.2	4284.4
386.3	921.1	2198.6	3235.8	4317.0
194.7	1119.7	2176.1	3371.1	4248.8
0.0	1199.8	2229.4	3309.4	4347.1
0.0	504.8	2080.9	3170.3	4537.6
0.0	481.6	2058.9	2942.8	4481.4
0.0	524.7	2073.6	2867.2	4387.6
388.6	578.8	2111.1	2984.1	4050.4
125.2	641.9	2101.3	3191.9	4205.1
0.0	694.9	2102.2	3215.6	4397.9
0.0	796.0	2265.7	3369.3	4421.9
0.0	1173.0	2279.9	3334.2	4311.1
0.0	816.5	1839.8	2992.8	4239.9
0.0	745.1	1649.3	2894.3	4297.8
0.0	729.8	1638.8	2934.3	4264.1
0.0	718.7	1621.9	2964.9	4186.7
0.0	710.9	1600.6	2966.2	4201.6
205.0	698.3	1589.3	2978.4	4311.5
211.4	681.7	1565.6	3017.3	4325.0
211.9	663.9	1567.5	3029.8	4333.4
212.5	632.1	1575.8	2989.1	4329.4
213.7	621.5	1591.9	2988.1	4401.5
214.1	612.0	1595.1	2972.3	4392.2
212.7	501.9	1545.2	2938.8	4350.9
210.3	425.7	1533.4	2898.5	4287.6
214.2	406.9	1557.6	2882.3	4121.6
72.0	418.4	1801.9	2903.8	4158.6
69.0	419.2	1937.2	2967.3	4234.8
202.8	400.1	1840.7	2958.4	4163.4
196.9	380.1	1922.6	3000.6	4156.0
193.5	858.8	2336.5	3217.4	4353.6
199.4	511.6	1085.9	2819.3	4056.1
0.0	475.1	1110.0	2992.2	4056.5
0.0	463.1	1149.1	3111.6	4203.9
196.2	452.6	1117.0	3209.4	4291.2
186.2	467.9	1107.0	3258.2	4227.7
182.1	493.2	1121.2	3216.2	4161.9
179.9	492.2	1181.8	3171.1	4283.3
93.1	569.4	1523.2	3224.7	4283.7
92.6	575.2	1740.9	3216.0	4282.5
90.4	557.9	1905.1	3174.4	4309.6
89.4	555.6	2065.9	3121.9	4297.0
89.0	540.9	2250.4	3112.9	4339.6
87.7	517.7	2383.1	3091.0	4481.4
86.5	483.7	2487.0	3025.9	4507.8
88.4	445.6	2529.7	2956.7	4461.4
88.9	457.0	2597.7	2973.3	4417.8
166.2	473.4	2703.8	3055.8	4337.5
172.1	506.9	2709.1	3062.9	4263.3
177.4	572.9	2640.5	3048.5	4232.5
179.9	507.5	2527.3	2975.2	4209.8
179.2	614.0	2501.0	3011.3	4337.4
87.7	673.3	2425.2	2947.1	4366.5
163.9	716.1	2337.1	2863.4	4527.7
158.3	772.0	2312.4	2775.0	4579.5
0.0	625.5	2029.0	2718.5	4524.1
0.0	672.5	1862.7	2773.5	4413.3
0.0	747.4	1732.5	2852.2	4253.0
0.0	831.0	1705.8	2986.5	4131.0
0.0	845.4	2256.6	3062.4	4332.3
0.0	782.2	2416.3	3174.6	4376.5
0.0	833.4	2321.8	3257.3	4266.3
0.0	1071.4	2125.6	3030.8	4078.7
0.0	959.0	2121.5	2987.9	4067.0
0.0	1160.2	2150.2	3135.2	4107.4
0.0	1217.3	2443.7	3147.7	4230.5
0.0	1303.2	2404.5	3220.5	4406.2
0.0	1037.7	2252.4	3170.8	4329.3
0.0	1174.8	2285.5	3066.9	4256.9
0.0	1141.5	2178.2	3023.8	4213.6
