0.0	0.0	0.0	0.0	0.0
0.0	0.0	0.0	0.0	0.0
0.0	0.0	0.0	0.0	0.0
0.0	987.1	1974.1	2880.4	4092.1
0.0	980.7	2068.7	2846.2	4191.8
0.0	1006.7	1987.6	2852.2	4206.9
0.0	1036.6	1943.7	3053.1	4279.2
0.0	995.5	2086.2	3183.5	4324.2
65.4	1030.8	2165.2	3357.7	4377.7
0.0	1119.5	2228.2	3167.4	4315.0
0.0	1018.4	2247.9	3188.2	4171.1
0.0	999.9	2173.5	3342.3	4250.3
0.0	1017.3	2167.4	3257.8	4301.2
0.0	984.7	2225.9	3205.1	4224.4
0.0	918.7	2239.2	3289.4	4248.8
0.0	630.5	2292.1	3214.7	4214.7
0.0	653.2	2295.8	3233.7	4171.8
249.5	609.7	1843.0	2986.6	4234.4
235.8	634.0	1617.4	2840.8	4346.0
233.1	535.9	1120.1	2699.1	4286.5
236.5	479.3	982.4	2748.2	4310.2
239.1	487.4	1183.3	2781.2	4360.2
241.9	492.3	1486.3	2779.3	4390.9
238.0	529.2	1788.5	2835.4	4379.9
235.1	516.3	1909.4	2959.6	4349.7
232.7	463.2	1924.6	3014.0	4366.1
231.9	456.3	1909.3	3026.8	4505.1
228.7	492.9	1996.0	3172.3	4411.7
218.0	882.2	2173.6	3372.7	4285.0
206.7	651.8	2153.1	3266.2	4307.0
101.5	950.7	2235.4	3239.1	4288.8
104.8	1383.7	2420.9	3447.9	4424.9
70.2	704.1	2098.8	3178.6	4274.4
0.0	521.2	1936.0	2977.2	4395.0
240.5	489.2	1924.6	2924.5	4571.3
241.1	488.5	1920.9	2899.3	4488.8
242.2	463.4	1902.5	2903.3	4302.6
239.0	436.5	1860.8	2919.9	4195.2
231.4	412.9	1817.1	2925.3	4164.0
105.6	765.3	1922.8	2988.0	4140.5
196.6	566.6	2044.6	2994.3	4036.2
0.0	505.0	1987.4	2867.0	3895.3
227.2	541.6	1896.6	2588.5	3906.0
217.0	597.2	1752.0	2493.0	4160.2
211.3	519.8	1530.2	2462.0	4201.8
206.8	421.1	1406.2	2487.8	4113.1
101.3	391.8	1362.0	2546.9	4110.9
66.7	399.8	1638.0	2964.7	4149.1
193.8	354.4	1804.0	3044.4	4186.3
188.6	362.9	2023.1	3143.7	4263.2
188.2	443.3	2140.4	3163.9	4257.0
200.2	682.4	2383.6	3254.4	4255.5
99.9	1142.6	2151.3	3067.3	4111.2
0.0	508.7	1293.7	1729.9	4072.3
249.0	488.4	1302.0	1660.5	4083.2
222.4	481.3	1318.7	1665.3	4081.6
219.2	477.7	1317.5	1681.8	4213.7
217.6	473.5	1364.3	1677.1	4225.4
217.4	463.4	1434.1	1708.4	4244.1
218.2	478.2	1515.6	1783.1	4349.3
220.2	479.0	1586.7	1855.4	4333.9
225.1	481.2	1641.1	1969.9	4184.7
230.9	508.4	1716.5	2140.8	4157.6
239.5	504.8	1820.0	2458.2	4174.1
251.0	537.4	1940.1	2731.6	4293.6
259.6	549.2	1986.4	2967.5	4317.2
247.4	486.6	2069.7	3072.8	4193.3
80.1	1063.2	2329.8	3165.9	4172.6
0.0	1163.6	2309.0	3293.1	4197.4
0.0	317.5	2031.1	3326.5	4306.1
0.0	981.4	2044.6	3222.3	4291.6
404.6	922.8	2048.0	3089.5	4245.4
0.0	661.6	2300.6	3321.1	4493.7
0.0	610.8	2227.6	3278.2	4480.4
0.0	1131.6	2196.7	3261.0	4371.4
0.0	1430.2	2477.9	3397.1	4458.4
0.0	1088.3	2338.1	3349.2	4303.2
0.0	844.9	2245.8	3164.1	4349.8
0.0	488.2	2255.7	3011.9	4404.2
0.0	600.7	2337.9	2997.9	4344.0
317.9	601.2	2350.5	2996.4	4370.0
298.6	590.7	2319.7	2922.8	4370.9
291.5	586.5	2301.7	2926.7	4371.1
286.0	598.2	2271.7	2837.4	4339.5
281.9	605.5	2227.7	2792.1	4386.7
279.9	565.8	2083.4	2768.0	4371.2
278.0	555.4	1847.4	2806.2	4298.0
277.7	541.5	1705.7	2869.7	4331.7
278.8	264.8	1705.5	3048.3	4256.7
84.8	261.7	1743.8	2970.3	4054.7
64.3	272.2	1965.3	3076.7	4183.3
258.8	269.9	1642.2	2900.7	4102.1
260.5	596.1	1533.2	2918.2	4093.9
261.7	669.3	1303.9	2849.0	4235.0
296.9	711.5	1274.4	2864.6	4231.7
291.6	771.4	1275.5	3013.7	4249.9
287.3	785.7	1250.1	3142.4	4259.2
285.4	786.6	1223.0	3145.2	4253.0
285.0	791.1	1211.6	3168.3	4182.6
284.4	783.0	1190.7	3198.8	4159.1
284.5	781.3	1206.6	3270.5	4156.9
284.9	779.5	1171.8	3338.1	4221.4
286.0	777.5	1167.6	3372.8	4262.0
287.2	782.6	1178.8	3394.2	4271.9
289.7	784.3	1179.0	3397.5	4301.7
292.6	791.4	1184.7	3386.8	4252.9
294.8	793.5	1177.8	3376.1	4196.9
298.5	789.7	1141.5	3391.6	4307.1
302.6	763.0	1063.5	3384.6	4322.0
308.3	705.6	979.1	3398.1	4281.8
315.0	708.8	1006.9	3433.5	4328.7
320.2	773.6	1138.1	3407.7	4332.6
322.5	700.0	1182.7	3348.3	4256.5
319.9	809.0	1296.2	3274.8	4094.7
317.1	710.5	1382.1	3296.7	4123.1
105.8	824.9	1408.5	3319.3	4340.0
79.8	865.5	1576.5	3302.2	4360.6
166.6	925.2	1459.2	3202.3	4354.6
0.0	924.1	1534.7	3176.0	4346.2
99.0	849.7	1645.8	3247.2	4366.0
137.2	841.8	1641.8	3197.9	4375.4
74.9	943.6	1909.4	3261.4	4329.5
164.7	947.0	2209.8	3277.7	4256.7
0.0	972.7	2258.6	3346.1	4229.5
