0.0	0.0	0.0	0.0	0.0
0.0	0.0	0.0	0.0	0.0
0.0	0.0	0.0	0.0	0.0
0.0	1094.8	2294.1	3382.4	4714.6
0.0	929.6	2059.6	3272.7	4351.2
0.0	874.3	2055.5	3307.2	4233.6
0.0	810.5	2056.4	3255.2	4239.2
0.0	772.3	2150.9	3252.5	4263.2
0.0	881.3	2200.1	3243.7	4229.0
0.0	1054.6	2091.3	3189.5	4192.7
0.0	1112.2	2213.2	3307.3	4218.0
0.0	1126.5	2423.9	3414.0	4313.2
0.0	1118.9	2397.2	3396.6	4249.2
0.0	1053.0	2244.0	3394.1	4144.8
0.0	1097.5	2419.1	3579.4	4130.5
0.0	1094.5	2573.7	3654.1	4165.9
0.0	921.8	2589.8	3650.2	4111.0
0.0	718.9	2681.8	3680.5	4182.5
269.4	967.5	2742.0	3702.3	4233.9
249.5	422.0	2578.4	3549.2	4222.3
0.0	472.3	2558.9	3479.3	4156.8
239.3	494.0	2488.8	3384.6	4135.4
241.1	509.6	2401.1	3277.1	4171.3
240.1	607.7	2267.3	3170.4	4152.9
239.5	694.8	2143.4	3148.4	4147.5
238.4	717.0	2017.7	3137.8	4123.7
239.8	731.2	1931.4	3145.6	4065.3
243.8	722.0	1835.8	3183.6	4154.8
241.2	727.6	1741.8	3213.4	4313.4
246.6	661.2	1706.2	3252.7	4437.3
244.2	685.6	1684.0	3283.2	4465.2
238.4	802.7	1825.2	3290.1	4368.8
228.9	899.2	2241.1	3418.2	4497.5
214.4	893.4	2468.0	3610.8	4632.4
0.0	1118.1	2285.1	3519.4	4592.9
146.3	1116.0	2351.3	3558.9	4635.8
146.3	1044.8	2606.3	3391.7	4520.1
0.0	805.1	2551.7	3255.4	4468.3
0.0	951.5	2541.1	3360.5	4544.2
75.9	1295.5	2530.3	3566.4	4775.1
0.0	1241.7	2411.1	3706.5	4700.6
73.6	889.3	2282.8	3680.2	4433.9
0.0	713.4	2160.8	3433.7	4271.3
0.0	607.4	1932.2	3132.1	4240.8
0.0	308.8	1836.8	2620.4	3976.5
260.2	372.7	1726.7	2476.1	3896.6
256.7	440.0	1625.9	2473.5	3861.4
254.6	762.2	1649.0	2523.0	3846.4
251.6	761.3	1848.5	2911.4	3897.0
250.0	797.1	1988.0	2942.5	3920.9
246.2	807.1	2191.4	2951.4	3955.8
241.0	811.8	2307.1	2960.6	3951.0
239.0	808.8	2343.7	3001.6	3936.9
236.9	818.1	2372.4	3072.4	3929.8
236.0	837.7	2409.1	3100.5	3923.4
233.8	861.3	2415.3	3075.8	3942.6
232.1	916.0	2407.0	3045.5	3916.8
231.4	915.8	2367.8	3047.4	3867.8
230.5	937.3	2306.7	3062.8	3835.9
230.8	929.7	2211.0	3090.9	3819.8
230.2	929.0	2085.9	3092.9	3827.2
229.4	925.5	1992.9	3147.2	3792.1
229.3	928.9	1923.2	3172.5	3748.4
226.9	938.8	1850.9	3192.4	3776.9
227.5	942.0	1802.3	3189.3	3792.8
228.9	939.4	1754.2	3178.5	3825.9
229.8	926.1	1694.3	3153.9	3820.6
230.5	913.7	1616.7	3029.4	3792.3
230.4	881.4	1583.8	2923.3	3771.1
230.3	628.8	1580.8	2549.2	3795.6
221.1	608.3	1586.9	2468.4	3844.1
229.7	539.4	1556.6	2477.9	3840.5
222.4	492.1	1542.5	2455.1	3776.9
218.9	604.3	1723.3	2730.5	3785.4
220.0	635.3	1878.7	2863.9	3823.7
209.2	628.5	2002.3	2967.8	3850.8
205.6	618.4	2056.3	2998.4	3899.4
200.6	590.8	2102.6	3017.7	3888.3
193.7	558.6	2119.2	3067.5	3766.1
190.8	475.2	2109.5	3065.8	3791.2
94.1	442.7	2247.1	3090.4	4138.3
75.7	436.2	2128.5	3070.7	4192.2
296.9	348.8	2091.7	3106.0	4210.0
309.2	1009.0	2168.9	3256.9	4377.3
0.0	1080.8	2150.6	3143.1	4219.1
0.0	1967.0	2766.7	3470.3	4334.7
0.0	1878.6	2800.2	3548.3	4357.3
205.2	1672.1	2829.1	3574.2	4481.2
0.0	615.7	2791.2	3442.2	4441.3
0.0	582.1	2732.0	3539.8	4422.2
85.1	1554.2	2803.1	3675.6	4571.1
0.0	710.9	2725.2	3670.9	4574.0
0.0	680.7	2718.8	3660.5	4406.3
0.0	647.2	2708.0	3485.7	4331.1
93.0	838.1	2646.5	3504.7	4347.0
100.0	826.5	2519.9	3380.0	4225.8
0.0	669.4	2416.5	3120.5	4085.5
0.0	924.9	2304.9	3005.9	4043.3
0.0	967.6	2200.3	2630.7	3965.2
0.0	523.0	1660.8	2312.3	3884.4
252.0	540.5	1569.9	2052.6	3851.2
239.0	552.4	1519.6	1987.0	3926.1
231.9	547.3	1514.3	1935.8	3960.0
228.5	545.4	1486.2	1882.8	4039.5
224.6	548.1	1448.7	1818.2	4001.0
224.2	550.7	1404.2	1810.5	3955.0
224.8	544.8	1366.6	1803.4	4028.5
226.5	547.5	1344.3	1822.1	4064.6
224.4	539.9	1274.1	1867.7	3950.3
223.9	528.2	1142.9	1944.1	3992.6
224.3	507.0	1082.4	2034.8	4012.8
226.7	478.3	957.4	2167.4	3962.5
226.1	439.5	885.8	2388.3	3919.0
226.4	432.7	996.4	2680.8	4015.6
219.8	426.6	1170.6	2747.9	4059.9
214.4	444.4	1376.4	2810.3	4082.5
209.6	456.8	1348.0	2838.1	4137.3
208.1	451.0	1271.2	2885.9	4122.8
209.5	444.9	844.4	2937.3	3919.3
211.2	481.3	871.9	2899.8	3740.4
210.0	576.8	973.7	2908.7	3717.1
207.6	626.9	1086.1	2886.9	3682.3
203.9	635.9	1192.8	2878.2	3694.0
200.7	678.2	1241.4	2879.8	3691.1
199.1	714.3	1316.9	2836.2	3699.8
197.3	738.2	1368.0	2841.3	3767.1
193.6	759.9	1390.3	2849.2	3821.1
191.8	751.7	1449.8	2804.4	3788.4
189.7	750.3	1479.4	2794.9	3760.5
186.6	754.8	1486.8	2803.0	3780.7
184.6	765.6	1500.3	2799.0	3876.4
182.7	768.7	1519.6	2833.4	3864.8
181.8	763.1	1563.9	2823.2	3856.3
181.7	768.4	1600.4	2840.1	3878.6
179.1	751.2	1614.0	2833.7	3851.1
177.8	734.4	1612.6	2832.8	3831.7
176.4	733.3	1646.6	2862.0	3784.5
174.6	715.0	1679.6	2849.0	3838.1
174.6	697.8	1707.2	2846.3	3914.3
245.0	681.9	1730.7	2931.4	3987.8
95.2	669.5	1831.2	2979.3	4118.1
90.5	613.2	1799.2	3060.0	4081.1
314.2	579.6	1785.4	3082.7	4051.9
293.3	576.9	1789.6	3120.1	4115.0
264.5	580.6	1787.4	3171.5	4154.5
373.5	563.9	1762.5	3198.2	4209.2
0.0	486.3	1794.5	3191.8	4227.2
0.0	514.4	1764.4	3180.4	4238.5
276.0	539.4	1765.2	3150.9	4213.0
268.6	541.7	1784.1	3200.1	4184.8
69.3	619.5	1840.6	3612.3	4108.2
234.5	669.1	1803.7	3636.6	4125.8
222.4	742.8	2074.1	3443.2	4264.4
0.0	858.2	2030.4	3647.8	4333.2
88.2	970.9	2039.5	3717.9	4342.8
0.0	949.2	2219.9	3737.9	4390.6
0.0	1035.4	2278.4	3731.3	4402.9
0.0	1089.1	2358.4	3817.0	4482.0
0.0	1051.9	2399.5	3700.9	4500.2
141.2	637.2	2345.8	3555.9	4515.2
545.5	1060.0	2450.5	3703.2	4596.5
524.2	1248.7	2504.3	3765.2	4518.4
461.5	1279.3	2560.0	3703.7	4437.9
162.9	933.9	2365.2	3510.9	4430.3
235.3	962.5	2323.6	3528.7	4410.5
0.0	945.4	2191.5	3401.5	4332.9
0.0	813.2	2188.6	3704.6	4582.8
0.0	893.3	2157.9	3979.3	4509.7
0.0	679.1	2043.4	4120.8	4137.8
0.0	702.5	2020.1	3798.8	4190.4
0.0	727.1	1884.5	4052.1	4095.0
83.1	661.9	1775.9	3919.9	4342.7
68.0	772.0	1869.4	3567.0	4434.6
116.5	833.4	1922.1	3177.6	4678.0
0.0	483.9	1838.3	3199.1	4797.4
0.0	433.9	1859.4	3071.7	4802.2
0.0	445.3	1900.4	3144.8	4623.3
0.0	469.9	1885.8	3199.2	4436.2
0.0	503.8	1917.1	3133.4	4426.7
0.0	380.0	1913.1	3115.8	4459.8
0.0	412.0	2030.9	3167.2	4373.0
69.8	715.6	2033.6	3104.9	4260.6
