0.0	0.0	0.0	0.0	0.0
0.0	0.0	0.0	0.0	0.0
0.0	0.0	0.0	0.0	0.0
0.0	876.3	2348.1	3182.4	4381.8
0.0	934.7	2228.8	3193.0	4247.5
0.0	1008.9	2077.0	3308.3	4181.1
0.0	1201.1	2254.6	3409.8	4208.3
0.0	1067.9	2262.3	3272.6	4253.7
0.0	909.6	2304.0	3193.4	4231.3
0.0	1071.1	2445.2	3308.0	4389.8
0.0	1013.1	2217.6	3166.6	4368.5
0.0	1087.7	2234.1	3198.6	4330.1
0.0	965.1	2245.7	3235.8	4224.2
0.0	1070.6	2262.2	3226.5	4176.6
0.0	1050.6	2245.2	3336.4	4209.0
0.0	1039.4	2092.7	3242.5	4269.9
0.0	967.7	2099.2	3153.8	4183.1
0.0	977.6	1952.3	2987.4	4159.5
0.0	423.1	1831.4	2910.7	4195.9
276.5	410.4	1883.0	2939.3	4173.1
257.3	391.0	1815.6	2952.9	4222.9
250.0	372.3	1828.5	3073.5	4232.9
249.8	296.2	2040.4	3264.9	4250.5
120.2	311.0	2257.2	3237.9	4263.2
233.5	1034.5	2289.6	3290.2	4247.2
230.2	1044.9	2179.4	3283.8	4285.9
76.7	549.7	1994.2	3091.9	4184.7
288.7	593.4	2017.2	3089.9	4205.2
259.3	622.5	2063.3	3096.5	4222.3
255.2	653.9	2120.2	3149.4	4201.1
252.3	669.0	2200.9	3180.5	4168.2
248.4	679.5	2211.1	3142.6	4127.0
246.2	671.4	2218.9	3121.4	4046.7
243.4	655.8	2238.5	3116.8	4008.7
241.5	645.1	2266.5	3052.0	3988.4
239.9	603.9	2286.6	2974.3	3930.5
240.0	566.8	2226.6	2881.1	3945.2
240.4	538.4	2107.4	2807.0	3933.1
240.7	507.3	1923.0	2804.1	3953.6
243.6	497.1	1732.6	2854.7	4003.5
246.5	492.9	1436.9	2910.4	4040.8
253.7	497.9	1124.4	2901.8	4040.6
250.0	508.4	977.3	2903.8	4038.2
251.1	488.5	842.0	2895.5	4017.2
248.2	495.8	763.4	2764.4	3959.5
248.0	484.7	833.9	2631.5	3939.7
245.4	487.7	952.3	2495.8	3919.5
244.0	494.6	1019.5	2351.5	3864.0
246.1	492.4	1075.2	2252.1	3839.8
246.3	494.5	1159.2	2171.6	3883.1
245.9	486.8	1175.8	1967.3	3892.5
245.1	487.4	1206.0	1906.5	3918.4
244.6	488.1	1198.3	1858.4	3914.2
242.6	485.4	1232.0	2420.1	3982.3
239.2	488.0	1444.9	3031.1	4104.0
233.2	253.4	2120.6	3214.5	4075.0
75.5	967.5	2199.9	3222.4	4157.6
74.2	979.8	2311.5	3348.6	4303.7
63.9	963.0	2323.6	3291.1	4278.0
0.0	918.1	2215.9	3210.0	4268.0
0.0	1023.9	2192.7	3253.4	4269.9
0.0	1100.3	2217.7	3295.3	4297.4
0.0	1034.7	2058.4	3235.7	4220.2
0.0	1018.9	1941.3	3007.2	4185.9
0.0	1382.8	2050.4	3066.4	4123.1
90.4	1342.9	1883.5	3009.6	4136.7
97.2	1316.2	1827.7	2971.1	4101.9
93.4	526.6	1551.6	2723.3	4028.2
0.0	496.3	1482.6	1986.0	3981.0
253.9	489.2	1544.2	1913.8	3986.4
245.1	483.0	1659.0	2014.8	3970.2
244.2	477.1	1689.3	2169.3	4152.5
235.1	472.4	1968.1	2426.2	4089.8
224.8	675.5	2196.7	2866.5	4125.0
209.2	710.1	2366.0	3149.9	4159.0
186.5	667.2	2687.5	3543.3	4197.2
72.7	595.4	2795.2	3566.6	4142.3
0.0	762.6	3038.7	3929.5	4301.0
0.0	909.4	2960.1	3956.9	4479.6
79.7	1051.7	2951.3	4079.6	4677.6
0.0	899.6	2660.7	4140.8	4718.7
0.0	996.1	2449.8	4038.4	4736.0
0.0	995.1	2573.2	3981.4	4949.9
0.0	1089.9	2737.6	3994.2	4989.9
545.5	1099.4	2849.9	3854.1	4952.0
95.2	1187.5	2837.6	3915.5	4934.6
0.0	1388.0	2563.2	4128.2	4853.6
193.5	842.5	2203.3	3904.1	4725.0
461.5	958.8	2151.1	3498.3	4636.7
0.0	835.1	1986.0	3128.3	4317.9
0.0	505.2	1946.5	2974.4	4149.9
278.8	524.1	1999.7	2900.0	4031.4
260.9	515.4	1976.4	2842.7	3934.6
257.6	518.7	1934.2	2839.4	3901.2
259.0	513.2	1809.7	2824.5	3901.6
259.4	521.3	1730.1	2811.6	3921.0
260.5	519.3	1640.1	2830.5	3928.7
261.5	520.8	1479.9	2847.1	3949.5
258.7	519.3	1389.8	2834.5	3948.6
257.6	505.8	1345.0	2823.6	3985.0
256.3	512.3	1374.2	2860.1	3984.5
253.5	509.4	1468.3	2901.3	3965.0
248.9	555.1	1589.3	2943.2	3998.1
244.5	634.6	1764.0	2961.3	4008.9
239.4	674.1	1946.8	2995.7	4039.5
232.7	666.6	2089.4	3052.1	4023.0
229.0	642.6	2227.4	3099.8	4029.7
221.1	595.0	2357.5	3110.9	4079.5
215.8	535.5	2490.9	3114.5	4095.1
209.6	506.7	2570.1	3073.7	4045.8
204.7	469.5	2669.6	3018.6	4038.1
202.3	458.7	2608.4	2981.5	4075.1
198.1	440.3	2453.9	2961.8	4101.9
197.5	435.7	2316.9	2947.7	4052.4
198.4	442.1	2317.3	2966.6	4004.2
199.0	451.9	2540.0	2967.5	3981.1
200.0	442.8	2750.4	3031.3	4013.7
198.5	463.8	2721.6	3087.5	4020.7
189.2	647.5	2657.2	3159.9	3941.5
192.7	700.2	2602.4	3162.1	3923.7
196.2	704.1	2498.3	3105.9	3949.7
195.9	682.6	2410.6	3146.7	3898.2
192.3	671.7	2386.9	3097.5	3895.9
190.3	723.1	2347.8	3118.6	3898.3
191.9	786.7	2188.0	3116.0	3879.6
198.4	825.1	2181.3	3103.8	3938.2
209.1	708.4	2147.4	3106.1	4018.3
202.6	713.8	2088.6	3113.4	4027.0
193.7	730.2	2051.7	3121.9	4008.6
189.7	767.7	1990.7	3113.3	3963.9
185.4	820.1	1946.8	3109.2	3957.9
179.0	841.0	1902.1	3118.6	4002.2
173.2	805.3	1849.2	3128.1	4038.1
168.4	815.7	1796.3	3107.9	4007.9
164.7	807.1	1770.7	3088.5	4002.7
163.1	818.6	1732.4	3111.1	3987.9
161.3	812.8	1663.4	3115.1	3906.0
161.4	790.2	1614.2	3090.7	3861.2
160.2	807.2	1577.5	3069.2	3846.8
159.7	755.2	1518.0	3086.3	3751.7
157.6	723.2	1397.0	3036.7	3687.5
156.0	597.2	1310.3	2766.4	3701.9
158.6	421.8	1276.8	2578.9	3836.1
80.4	415.8	1302.8	2730.0	3958.8
98.6	369.8	1231.7	2904.6	4057.5
109.4	375.9	1242.7	2925.4	4110.9
237.2	370.2	1423.3	2995.3	4212.8
231.9	379.4	1924.7	3046.5	4215.8
66.9	406.6	1868.9	3162.5	4251.4
199.8	820.9	2108.1	3246.0	4466.2
190.0	1018.9	2084.4	3183.9	4492.5
177.8	1046.3	1880.6	3177.4	4588.1
0.0	1107.3	2063.6	3368.3	4687.4
175.7	1231.1	2016.8	3345.0	4679.1
169.5	487.1	1882.6	3296.8	4731.6
0.0	1132.3	2209.0	3429.5	4656.0
0.0	649.3	1990.3	3333.4	4595.8
141.1	572.0	1991.7	3428.5	4673.4
