0.0	0.0	0.0	0.0	0.0
0.0	0.0	0.0	0.0	0.0
0.0	0.0	0.0	0.0	0.0
0.0	1156.1	2270.4	3362.1	4655.6
0.0	1151.0	2303.2	3307.7	4345.6
0.0	1222.0	2285.4	3237.6	4305.1
0.0	1302.2	2284.6	3369.9	4237.7
0.0	1176.2	2217.7	3325.2	4300.5
0.0	1054.6	2249.2	3328.7	4254.8
0.0	1250.5	2359.8	3288.8	4057.5
0.0	1246.2	2328.0	3480.9	4265.5
0.0	1049.2	2095.5	3188.6	4345.4
281.2	1081.3	1895.8	3164.3	4166.2
294.3	899.1	1823.8	3136.3	4072.2
290.1	920.9	2106.7	3219.4	4156.6
218.2	911.4	2125.1	3186.3	4114.5
100.0	835.9	1709.2	3141.9	3953.3
0.0	693.4	1694.7	3046.0	3946.1
227.7	760.0	1721.7	2962.4	3949.2
216.3	771.9	1767.0	2963.3	3872.2
207.1	748.5	1853.3	3042.4	3861.8
204.4	724.9	1908.5	3105.5	3924.1
203.9	699.6	2035.5	3128.1	3987.0
205.8	659.9	2147.8	3118.5	4006.4
205.2	629.0	2222.5	3180.6	4048.8
208.2	592.1	2214.5	3228.4	4110.8
210.4	578.7	2179.6	3350.1	4198.9
205.2	634.4	2168.5	3602.5	4237.4
65.6	688.8	2202.9	3566.4	4248.9
95.1	929.8	2101.9	3251.3	4199.4
90.3	975.0	2054.2	3199.3	4120.1
63.5	995.9	2281.7	3184.8	4121.5
293.5	995.7	2384.3	2912.1	4129.8
0.0	494.0	2214.0	2884.9	4107.2
0.0	456.0	2026.9	2679.2	3730.3
227.6	459.0	1975.8	2669.9	3723.2
216.9	499.9	1949.8	2695.9	3727.7
216.4	566.6	1939.7	2727.3	3735.8
217.3	628.6	1949.7	2731.2	3745.9
216.4	648.0	1959.4	2734.6	3691.4
216.8	649.5	1989.2	2745.3	3688.1
215.9	635.7	2007.5	2837.5	3714.1
215.5	637.8	1993.5	2852.5	3656.6
215.8	635.3	1967.4	2886.1	3647.9
217.9	639.8	1968.3	2995.3	3808.8
220.9	658.6	2007.5	3085.4	4044.4
225.0	665.9	2045.0	3147.1	4077.6
229.5	648.9	1951.9	3164.4	4022.0
233.4	613.4	1930.3	3295.4	4037.9
236.9	603.7	1912.4	3296.2	4116.1
238.0	729.7	2017.8	3222.4	4260.7
232.6	1042.7	2313.8	3303.6	4350.4
111.6	1014.1	2343.4	3437.6	4405.7
71.4	1190.4	2306.6	3368.4	4293.6
0.0	991.8	2319.5	3407.2	4367.1
566.2	901.4	2253.0	3420.9	4374.4
196.7	1035.2	2261.7	3371.8	4450.3
0.0	1230.6	2328.1	3444.6	4523.9
0.0	1117.5	2352.0	3575.1	4425.7
176.5	1029.5	2582.8	3616.6	4467.5
0.0	878.6	2481.2	3498.8	4299.9
0.0	886.2	2263.4	3316.0	4268.0
0.0	947.7	2166.9	3397.5	4417.7
0.0	966.6	2240.1	3833.0	4510.8
0.0	300.8	2187.0	3838.4	4474.8
0.0	307.1	1154.8	2505.0	4148.9
233.7	405.5	1138.1	2519.0	4209.9
231.8	424.6	1128.0	2421.0	4124.5
226.4	605.2	2492.2	3281.6	4164.1
227.0	552.8	2575.8	3297.3	4042.4
221.9	512.6	2645.5	3296.5	4033.6
220.3	522.3	2692.8	3315.8	4023.3
219.0	429.4	2729.6	3280.4	4029.0
218.3	469.2	2737.8	3273.2	4052.4
218.0	450.3	2736.9	3284.8	4083.0
216.3	453.9	2724.7	3267.1	4034.7
217.8	436.6	2680.6	3249.1	3995.3
218.6	432.3	2570.5	3260.7	3975.5
218.6	429.3	2446.8	3258.2	3969.0
220.3	425.5	2357.8	3264.9	4129.0
217.8	370.7	2285.4	3261.5	4184.9
105.2	976.4	2188.4	3181.4	4143.2
69.4	940.2	2043.8	3170.7	4164.3
69.7	878.3	2203.6	3228.9	4285.2
71.7	1113.0	2278.3	3243.2	4372.0
0.0	1069.5	2278.5	3348.5	4292.4
0.0	1015.5	2308.2	3436.6	4306.9
0.0	1036.9	2651.8	3517.8	4441.6
98.6	1009.4	2503.3	3474.4	4274.8
0.0	979.9	2321.3	3399.4	4260.4
0.0	1067.3	2408.3	3494.5	4443.7
208.1	1240.0	2466.2	3632.7	4518.6
217.6	999.5	2368.7	3499.5	4552.8
444.4	965.1	2297.6	3517.4	4564.0
0.0	1006.1	2388.6	3500.0	4458.5
400.0	1183.2	2369.1	3418.6	4390.1
0.0	1211.6	2336.4	3283.3	4280.6
0.0	515.9	2011.4	3189.0	4164.3
0.0	549.9	1830.0	3120.3	3979.4
245.6	572.6	1695.6	3108.3	3762.4
233.4	561.5	1443.8	2829.6	3927.2
227.0	559.9	1320.1	2479.3	4118.9
218.6	460.9	1292.2	2293.4	4234.0
217.5	379.5	1272.1	2347.1	4244.5
215.5	370.1	1263.5	2481.4	4136.8
212.4	367.7	1244.8	2677.7	4131.3
210.5	509.9	1236.8	2759.7	4174.1
207.8	518.0	1228.1	2790.4	4120.1
205.2	596.4	1217.2	2666.8	4023.9
205.3	621.3	1212.1	2457.9	3974.3
203.8	641.8	1206.8	2608.5	4033.6
202.0	643.6	1202.7	2721.0	4054.5
201.2	652.5	1199.9	2737.8	4010.6
200.0	658.8	1225.0	2736.4	3957.3
198.2	666.5	1329.7	2712.5	3933.8
196.1	678.2	1425.4	2645.8	3845.3
194.8	687.3	1474.6	2576.8	3713.9
194.2	686.9	1538.5	2507.8	3688.8
193.5	676.1	1631.5	2471.7	3750.8
193.6	648.4	1695.0	2492.2	3859.2
193.7	624.0	1719.8	2474.1	3847.5
194.2	556.9	1741.0	2462.2	3800.6
194.9	508.1	1742.7	2484.1	3827.8
197.6	611.4	1789.9	2706.4	4094.9
201.5	669.1	1719.5	3081.3	4422.6
100.9	843.9	1716.6	3026.6	4344.0
65.4	1333.1	2340.7	3306.8	4369.5
0.0	1137.5	2243.4	3438.1	4315.6
0.0	1141.2	2271.8	3362.4	4311.2
0.0	1069.9	2342.9	3418.6	4302.1
63.5	351.6	1802.9	3167.4	4245.5
0.0	776.6	1725.8	3081.5	4354.8
490.4	600.9	1703.3	2946.6	4134.6
472.4	729.9	1689.4	2742.7	3895.6
0.0	679.0	1623.6	2711.3	3804.5
217.3	748.9	1633.0	2756.5	3863.8
202.5	782.8	1635.0	2876.7	3811.3
196.8	793.5	1608.2	2903.6	3883.6
195.9	796.8	1555.3	2914.8	3907.6
194.2	792.6	1478.9	2909.3	3839.3
193.0	793.7	1424.3	2908.2	3723.5
193.3	788.0	1478.0	3029.2	3769.2
193.8	776.2	1542.1	3152.0	3865.9
193.6	772.7	1577.8	3050.0	3842.8
191.7	771.4	1622.1	3115.0	3874.2
191.0	745.2	1665.3	3141.7	3909.1
190.9	710.2	1741.1	2972.1	3984.5
191.9	652.1	1827.1	2934.9	4275.6
189.9	579.3	1820.6	2945.7	4316.0
192.7	510.8	1767.4	2886.0	4188.7
189.1	516.3	1728.7	2987.6	4164.1
189.6	643.9	1885.9	3068.7	4150.7
192.1	697.1	1992.2	3226.3	4140.3
196.9	699.8	2072.3	3146.0	3980.0
192.0	698.5	2092.8	3091.4	3968.2
192.0	691.8	2078.4	3148.8	4025.0
190.0	699.6	2106.9	3117.6	3976.1
193.5	702.8	2160.1	3154.5	3986.5
196.2	705.9	2209.2	3166.6	4011.3
199.0	676.2	2179.0	3103.7	3986.2
203.4	665.6	2159.8	3098.0	3829.7
208.6	613.3	2149.4	3201.6	4007.4
212.4	645.8	2144.0	3201.4	4049.6
109.2	663.4	2186.9	3183.7	4069.5
68.1	584.3	2174.4	3213.4	4162.6
253.3	741.1	2142.0	3169.1	4233.9
78.5	1000.2	2116.8	3188.6	4301.0
63.5	1040.6	2091.0	3205.4	4307.3
67.8	1156.7	2106.1	3267.2	4214.2
0.0	1107.7	2207.1	3290.7	4309.8
0.0	1029.8	2121.9	3152.7	4402.6
