0.0	0.0	0.0	0.0	0.0
0.0	0.0	0.0	0.0	0.0
0.0	0.0	0.0	0.0	0.0
0.0	1276.4	2365.3	3195.5	4640.9
0.0	1242.1	2370.7	3412.2	4417.8
0.0	1227.1	2302.3	3481.7	4323.5
0.0	1280.5	2331.0	3331.5	4255.4
0.0	1222.0	2305.1	3243.3	4261.9
0.0	1260.0	2185.0	3283.0	4284.8
0.0	1214.0	2284.4	3318.7	4283.4
237.8	1084.7	2311.7	3234.6	4215.2
214.4	1099.3	2208.8	3207.2	4226.1
0.0	1116.9	2281.8	3262.2	4322.5
0.0	1168.1	2221.7	3308.9	4391.9
0.0	1104.8	2050.7	3343.7	4393.9
0.0	610.3	2060.1	3131.4	4291.8
0.0	376.6	2015.4	2959.1	4268.8
0.0	368.2	2035.4	2879.2	4313.5
228.3	482.8	2035.7	2882.7	4294.1
227.6	541.1	2088.2	2905.3	4289.4
230.9	570.6	2101.4	2902.5	4293.6
231.5	536.0	2144.1	2909.4	4270.9
232.2	522.8	2198.9	2964.1	4335.5
237.4	547.8	2060.1	2931.5	4239.9
240.8	625.5	1790.9	3098.2	4110.0
246.9	705.2	1743.0	3193.0	4079.6
248.2	709.5	1704.4	3205.0	3972.0
248.2	732.6	1646.6	3215.9	3965.2
247.8	700.3	1600.1	3204.5	3943.7
250.0	728.8	1572.7	3191.2	3962.5
250.4	714.0	1621.6	3196.7	4022.5
253.0	743.9	1715.8	3163.7	4011.5
255.7	714.6	1822.8	3199.1	4012.6
255.4	699.3	1918.0	3245.2	4233.9
255.6	579.7	2200.5	3133.0	4374.1
249.1	503.0	2231.6	3038.6	4415.4
259.9	456.3	2206.5	2998.0	4439.3
263.9	447.3	2227.4	2987.1	4407.2
267.2	408.7	2240.7	3072.0	4407.3
265.8	399.0	2068.8	3117.1	4429.9
264.8	390.5	1519.1	3063.4	4402.4
261.3	361.2	1570.2	3053.6	4301.2
255.4	671.8	2704.3	3297.6	3985.6
245.4	712.9	2771.7	3423.6	4109.6
118.3	1999.9	2926.5	3469.9	4251.4
78.9	1988.9	2922.2	3451.5	4351.2
164.4	1904.8	2931.2	3416.9	4360.7
260.9	1964.2	2922.7	3441.0	4399.0
0.0	715.3	2788.8	3475.5	4141.1
0.0	623.2	2672.6	3105.6	4031.1
0.0	524.0	2095.8	3007.0	3924.4
0.0	785.2	2036.7	2962.7	3887.0
235.3	648.8	2015.5	2930.1	4022.4
255.2	528.6	1986.1	2871.0	4021.9
260.8	520.0	1930.7	2803.6	3880.0
252.5	502.7	1797.5	2831.8	3803.9
242.8	473.6	1761.1	2837.9	3753.7
235.2	468.8	1813.7	2848.8	3719.0
107.2	510.2	1796.3	2878.9	3872.0
221.6	585.3	1860.2	2936.9	4008.4
230.0	670.5	2001.2	3043.3	3941.2
232.1	698.9	2056.6	2997.3	3966.5
231.6	690.7	2090.2	2982.7	4000.7
229.4	691.6	2045.0	3001.2	4064.3
225.8	709.8	2048.6	3000.0	4051.8
222.1	728.9	2022.3	2998.0	4041.6
219.7	738.8	2010.3	2981.8	4035.4
217.7	752.6	1939.9	2981.4	3989.5
218.0	754.8	1930.2	2984.4	4010.0
218.8	753.5	1908.7	2945.0	4027.5
220.6	725.5	1837.7	2944.3	4013.6
222.2	712.8	1811.3	2946.0	3995.0
224.1	699.3	1764.2	3008.2	4203.8
222.3	680.5	1774.3	3038.2	4396.7
221.9	649.7	1734.8	3070.6	4426.1
221.9	603.3	1911.4	3160.1	4357.1
217.8	1158.8	2793.2	3982.5	4701.0
103.9	1105.3	2602.3	4112.4	4868.7
97.6	875.1	2594.6	3981.4	4847.2
0.0	1637.5	3084.3	4122.3	4750.6
0.0	1132.0	2866.6	4190.5	4467.7
122.4	1488.8	3064.3	4121.4	4363.0
0.0	934.1	1628.9	3379.6	4289.1
0.0	1387.6	2121.9	3386.5	4334.9
0.0	1277.6	2176.5	3405.3	4322.8
0.0	903.7	2093.2	3361.9	4253.5
0.0	914.3	2032.5	3067.6	4152.4
544.4	922.8	2341.9	3021.7	4338.2
0.0	964.7	2654.7	3161.7	4386.2
223.3	958.6	2418.5	3298.9	4261.6
0.0	571.0	1942.6	3280.6	4026.5
220.7	453.8	1720.4	3124.0	4037.5
227.6	462.4	1602.1	3034.6	4109.3
230.0	548.9	2481.0	3079.0	4100.5
232.3	623.9	1622.3	3071.8	3982.7
230.6	654.3	1496.4	3060.7	3995.3
227.0	665.8	1538.8	3098.0	4009.2
225.0	648.8	1566.3	3030.9	4025.2
221.2	646.2	1703.7	2993.1	4088.8
219.6	647.3	1837.1	2944.2	4184.8
217.7	630.1	1810.1	3043.7	4179.0
216.1	637.3	1829.1	3114.8	4129.0
212.9	637.6	1838.6	2884.6	4101.6
207.9	645.1	1801.8	2995.1	4111.5
204.7	659.4	1738.9	3032.9	4078.1
200.9	673.6	1709.2	2977.3	4078.7
195.7	668.4	1697.0	2952.8	4087.2
194.4	662.2	1654.4	2951.4	4069.4
191.0	656.7	1645.0	2967.9	4036.4
192.8	643.6	1637.8	2948.0	4043.2
193.1	608.5	1575.0	2956.7	4100.5
194.4	548.4	1573.1	3001.8	4277.7
188.7	860.0	1910.9	3261.0	4487.4
173.8	1289.5	2733.2	3677.8	4650.6
83.0	1164.1	2673.5	3894.5	4677.9
115.4	919.2	2637.3	3997.8	4674.2
0.0	1031.3	2738.3	3957.5	4805.3
0.0	1533.8	2788.4	3988.7	4866.8
0.0	1536.7	2756.2	3961.8	4850.1
0.0	1400.2	2827.6	4002.6	4671.9
260.2	1132.6	2446.5	3715.3	4342.7
315.8	1062.1	2273.4	3646.6	4343.0
0.0	1363.9	2086.4	3550.5	4391.9
0.0	884.3	1732.1	3198.5	4272.8
260.9	809.8	1738.3	3204.5	4337.3
63.5	834.1	1741.2	3211.6	4346.6
352.6	793.5	1637.5	3082.5	4124.8
108.4	684.6	1498.9	3262.0	4101.6
0.0	750.2	1566.0	3212.9	4158.4
274.5	778.7	1658.7	3162.3	4149.4
0.0	729.0	1694.6	3172.9	4128.5
0.0	677.1	1696.9	3137.3	4193.8
0.0	833.8	1578.2	3087.9	4229.8
0.0	822.9	1641.3	3126.8	4250.8
270.6	1375.3	2078.7	3502.3	4168.7
69.8	1390.1	2115.6	3343.1	4116.5
0.0	645.6	1576.5	2927.3	4090.2
218.2	746.1	1798.3	3000.4	4225.7
67.8	726.0	1797.9	3171.0	4167.2
100.2	854.0	1826.7	3133.0	4105.2
138.8	968.0	1780.6	3073.3	4215.8
85.6	1037.6	1885.1	3076.3	4313.0
0.0	1056.9	2046.9	3187.7	4248.4
0.0	1116.4	2224.6	3211.0	4286.5
0.0	1255.1	2231.9	3145.9	4193.0
362.1	964.3	2115.0	3325.3	4173.4
