0.0	0.0	0.0	0.0	0.0
0.0	0.0	0.0	0.0	0.0
0.0	0.0	0.0	0.0	0.0
0.0	832.2	2398.7	3019.4	4187.7
373.8	902.0	2378.8	3021.6	4149.0
391.4	911.9	2347.8	3108.2	4250.6
127.4	1117.6	2222.1	3194.6	4261.7
0.0	1176.4	2247.4	3238.0	4269.5
67.0	574.4	2186.2	3101.5	4193.0
0.0	671.6	2139.8	3154.0	4055.0
0.0	905.4	2104.0	3269.1	4182.9
0.0	1046.9	2171.7	3293.9	4243.7
67.5	1213.9	2261.7	3274.8	4257.4
94.6	1228.4	2341.9	3278.1	4281.4
123.0	1092.7	2309.0	3338.0	4235.3
239.3	1120.4	2391.5	3318.4	4313.8
0.0	966.6	2293.7	3301.6	4211.9
0.0	424.4	2643.5	3231.8	4282.7
0.0	421.1	2722.9	3222.2	4440.5
222.7	443.2	2737.9	3202.3	4346.7
224.6	586.6	2730.7	3230.3	4273.0
236.2	648.1	2720.0	3205.6	4341.2
241.9	707.1	2715.8	3169.9	4292.5
246.7	729.8	2709.7	3184.9	4271.7
251.9	758.3	2685.2	3153.2	4299.3
255.7	775.0	2616.4	3111.5	4362.9
257.4	853.0	2554.7	3120.2	4389.8
258.0	658.7	2552.0	3291.9	4451.3
126.0	932.5	2928.5	3749.2	4589.5
80.3	1101.4	2725.6	3746.2	4569.6
75.1	1270.6	2702.3	3767.8	4464.4
80.8	1265.3	2711.5	3643.9	4442.6
0.0	1487.2	2838.0	3811.2	4448.0
0.0	1084.9	2814.7	3864.9	4356.3
0.0	855.3	2737.6	3807.0	4414.0
0.0	1056.0	2889.6	3793.7	4495.3
79.5	963.1	2803.0	3861.6	4392.4
79.5	699.2	2331.3	3780.1	4362.9
70.2	954.2	2292.8	3711.6	4369.5
0.0	461.7	2150.1	3136.2	4237.8
261.6	522.4	1975.5	2925.3	4342.9
242.5	510.7	1916.6	2952.7	4381.2
238.1	497.2	1948.0	2982.8	4385.7
230.8	503.8	2496.0	3593.7	4576.7
224.9	986.3	2501.2	3868.0	4768.1
213.2	1111.8	2458.4	3676.7	4823.8
70.6	950.3	2319.2	3444.4	4807.8
74.5	1128.6	2498.6	3550.9	4823.9
0.0	1343.6	2531.3	3579.2	4761.8
545.5	1094.5	2521.3	3691.2	4889.1
133.3	1065.6	2364.8	3765.3	4885.9
0.0	1297.9	2574.7	3812.0	4916.4
0.0	1251.9	2683.0	4017.4	5036.4
0.0	1444.0	2770.5	3901.3	4997.1
292.7	1099.2	2656.1	3736.6	4785.7
122.4	1088.8	2448.5	3659.1	4743.3
0.0	1244.6	2439.8	3532.4	4826.3
0.0	1099.0	2404.7	3587.1	4411.5
97.7	1294.5	2984.8	3966.9	4641.3
0.0	1307.0	2644.4	3993.9	4715.2
0.0	507.0	1903.3	3127.0	4356.0
0.0	479.7	1737.4	2820.1	4130.4
221.1	511.4	1701.9	2812.6	3955.8
218.5	547.8	1646.2	2807.1	3912.0
216.4	578.3	1516.5	2785.8	3920.2
214.9	619.6	1413.0	2772.6	3956.1
213.7	560.9	1332.0	2754.4	4018.5
211.8	519.0	1254.2	2763.1	4127.1
210.8	451.2	1214.1	2792.9	4325.7
210.7	425.0	1196.8	2822.6	4359.9
214.1	414.9	1146.6	3084.0	4325.9
104.0	367.2	1158.0	3007.2	4219.7
65.2	368.2	2029.5	3135.4	4206.0
186.6	349.6	1900.5	3163.7	4222.2
91.8	1170.6	2210.0	3226.8	4231.5
185.8	1304.1	2391.7	3278.8	4268.2
91.1	1037.5	2204.1	3271.7	4348.5
0.0	988.9	2094.3	3153.9	4329.9
0.0	971.8	1488.1	2861.1	4284.0
423.9	947.0	1743.2	2878.3	4106.3
0.0	433.7	977.6	2985.5	4004.3
194.0	404.6	954.1	3016.9	3951.7
189.9	417.3	965.3	3015.8	3963.3
191.8	511.8	994.9	3044.9	3943.3
193.7	582.7	1068.8	3048.5	3855.3
193.1	578.7	1122.8	3013.0	3793.3
190.2	583.7	1132.0	2962.9	3780.6
189.1	582.0	1129.8	2852.0	3789.8
190.1	589.4	1136.4	2772.9	3733.9
189.3	600.8	1142.7	2645.3	3750.2
189.9	602.6	1156.5	2504.5	3783.1
189.8	616.2	1190.8	2380.1	3763.6
189.2	639.5	1239.3	2241.0	3754.6
187.7	647.5	1287.2	2116.5	3794.5
186.8	637.2	1319.4	2026.5	3810.3
186.7	650.3	1307.5	1981.3	3772.6
187.5	613.3	1289.4	1919.0	3793.3
188.6	626.5	1270.3	1882.5	3800.0
191.5	615.9	1272.7	1891.0	3792.9
193.9	617.4	1313.3	1966.3	3824.9
195.2	622.9	1969.9	3335.0	4184.8
198.3	962.4	2163.3	3220.4	4318.2
193.8	981.3	2322.3	3253.6	4241.5
93.5	1374.8	2260.8	3261.7	4283.2
90.2	1242.7	2167.7	3244.7	4295.4
0.0	921.2	2155.1	3292.0	4198.4
463.0	1113.5	2225.2	3414.6	4327.3
363.1	1118.5	2250.8	3309.5	4268.2
351.9	963.9	2090.1	3164.8	4264.6
82.4	1068.3	2253.6	3175.0	4295.3
0.0	972.4	2255.3	3228.9	4256.1
0.0	693.1	1965.4	3142.5	4210.1
0.0	690.9	1268.7	2766.3	3868.6
181.9	740.4	1302.4	2734.7	3813.6
191.5	767.4	1335.6	2720.7	3798.5
191.2	779.5	1347.0	2694.1	3762.6
188.6	806.1	1407.4	2697.6	3777.1
187.9	810.6	1480.6	2677.5	3816.2
187.0	807.4	1538.1	2675.9	3827.4
185.9	792.1	1604.5	2664.8	3841.5
185.0	767.6	1750.9	2655.7	3873.8
185.0	736.7	1862.2	2671.7	3900.6
186.0	692.4	1927.4	2700.4	3990.8
187.3	594.6	1963.0	2742.9	4172.5
187.2	544.3	1965.1	2791.3	4150.1
186.9	386.7	1921.1	2824.9	4155.4
90.2	381.2	1867.3	2810.0	4225.1
181.0	434.3	1899.4	2830.4	4208.8
180.6	536.9	1949.5	2843.8	4226.3
181.0	540.1	1955.9	2884.8	4246.2
179.1	533.5	1945.7	2900.9	4253.6
174.5	535.3	1917.7	2924.2	4265.2
172.8	516.9	1881.8	2948.1	4274.2
172.1	506.4	1828.3	2943.0	4278.7
171.3	506.7	1774.9	3019.3	4299.9
168.0	516.0	1870.2	3215.4	4336.8
83.4	926.6	2366.4	3455.5	4410.2
84.7	906.0	2222.8	3481.0	4464.2
82.8	1108.9	2193.3	3438.6	4516.3
0.0	1153.9	2310.7	3333.7	4423.2
0.0	1108.0	2253.1	3285.6	4363.1
285.7	832.3	1978.8	3111.2	4331.4
0.0	475.9	1773.5	2959.1	4192.9
167.3	504.6	1779.2	2988.3	4174.3
166.8	499.2	1781.3	3013.3	4205.7
163.4	413.9	1766.9	3005.9	4232.4
163.6	404.7	1792.7	3010.3	4246.3
172.3	366.8	1847.5	3013.4	4254.0
169.5	434.1	1896.4	2960.5	4280.2
167.9	373.9	1884.2	2975.4	4259.0
171.2	630.8	1932.3	3011.3	4176.4
176.0	657.0	2012.7	2992.6	4109.7
167.6	673.6	2046.0	2989.6	4115.7
166.3	679.3	2033.4	2989.7	4108.8
165.5	693.0	2036.8	2963.9	4076.5
165.0	692.3	2025.1	2935.8	4053.7
165.9	698.5	1988.9	2897.7	4037.6
167.0	697.7	1979.0	2854.6	4009.5
169.4	691.7	1955.1	2862.0	3993.3
170.6	692.4	1936.0	2864.5	3985.4
171.9	705.9	1935.2	2849.8	4003.5
174.0	689.0	1942.0	2851.4	4031.5
175.7	671.8	1984.8	2859.9	4017.5
178.7	642.9	2038.5	2876.7	4031.5
181.3	681.4	2167.6	3277.6	4102.9
181.6	944.5	2852.3	3748.3	4379.2
89.6	963.5	2818.3	3726.5	4484.6
230.8	988.3	2799.3	3664.8	4460.7
222.2	898.8	2723.3	3681.0	4458.4
487.8	1416.3	2843.9	3830.4	4594.8
224.7	1336.8	2818.2	3759.2	4498.9
0.0	1480.6	2791.8	3602.6	4460.6
0.0	1727.7	2817.4	3569.7	4354.5
500.0	1806.4	2937.9	3582.4	4219.3
400.0	1657.9	2989.2	3509.2	4200.1
500.0	722.3	2465.4	3246.0	4261.1
0.0	835.7	2217.8	3106.2	4310.3
266.7	672.1	2129.0	3033.4	4180.7
0.0	559.7	1616.3	3022.1	4060.3
198.8	659.2	1559.4	3015.0	4035.3
184.6	681.5	1495.9	3046.0	4032.0
180.7	675.7	1436.4	3082.4	3936.1
174.2	671.7	1374.8	3143.6	3948.3
171.7	674.0	1379.2	3185.8	4000.3
171.5	669.1	1491.8	3162.0	4080.0
173.4	673.8	1618.1	3158.0	4066.4
176.2	644.3	1623.9	3081.7	4102.2
176.9	582.8	1649.2	3071.8	4154.6
178.2	597.1	1759.0	3030.8	4078.2
178.5	791.9	1995.8	3011.8	4103.0
178.6	793.1	2157.0	3000.1	4163.6
176.0	671.1	2281.0	2962.8	4277.7
171.7	751.5	2376.6	3065.3	4283.8
162.5	753.2	2397.7	3120.9	4245.1
164.5	758.2	2407.0	3027.8	4239.5
171.1	430.8	2515.9	3034.1	4215.9
182.1	388.0	2509.2	2882.4	4142.2
186.8	369.6	2432.3	2811.3	4176.1
186.7	370.1	2355.4	2722.6	3990.2
181.3	385.2	2276.0	2621.5	3936.4
177.2	412.8	2146.1	2517.5	4030.0
175.0	445.0	1992.4	2446.9	4054.6
174.4	527.0	1856.2	2377.4	4011.1
170.5	507.3	1754.0	2201.6	4073.4
169.0	511.7	1659.5	2188.2	4157.6
168.9	505.1	1736.6	3333.5	4427.6
167.4	495.7	1650.2	3549.9	4643.7
165.0	490.5	1484.5	3436.1	4565.2
164.1	486.0	1356.4	2964.1	4241.6
162.2	481.4	1422.3	2918.8	4389.8
160.8	481.7	1392.0	2589.8	4209.6
159.0	483.3	1329.9	2404.5	4183.7
156.0	481.3	1365.0	2329.4	4046.2
155.4	498.8	1363.0	1971.6	3888.0
152.9	536.6	1444.2	2051.4	3944.8
150.7	576.6	1418.4	2238.8	4089.5
149.9	602.7	1383.3	2230.5	4197.3
149.3	631.6	1373.7	2351.7	4280.1
148.1	636.1	1336.6	2489.7	4140.7
148.0	634.7	1302.4	2548.6	4166.4
146.4	620.8	1262.0	2623.3	4111.2
149.0	614.6	1200.5	2688.4	4113.2
148.3	599.7	1182.9	2791.7	4208.7
150.6	633.2	1225.2	2933.0	4358.3
153.7	761.1	1237.2	3038.0	4061.8
154.5	836.1	1343.9	3178.2	4043.1
157.8	905.2	2059.7	3292.8	4331.0
154.2	949.9	1978.2	3317.0	4328.3
74.6	995.4	2006.4	3449.3	4314.2
74.9	969.7	2122.0	3444.8	4419.8
77.5	945.0	2126.2	3452.3	4449.8
113.4	951.4	2102.3	3353.8	4485.1
131.9	955.1	2137.3	3309.9	4404.4
0.0	992.2	2101.5	3224.9	4281.8
0.0	988.7	2176.7	3237.9	4349.6
0.0	988.2	2185.8	3248.7	4385.1
94.7	1011.1	2134.9	3253.3	4334.1
84.2	1033.9	2151.7	3252.6	4289.5
265.7	1089.8	2158.0	3278.5	4373.8
77.9	1059.7	2173.2	3336.8	4390.2
0.0	1052.7	2184.1	3435.7	4316.7
0.0	1043.8	2106.2	3260.6	4153.2
