0.0	0.0	0.0	0.0	0.0
0.0	0.0	0.0	0.0	0.0
0.0	0.0	0.0	0.0	0.0
0.0	738.5	1911.5	2970.4	4166.4
0.0	929.4	2075.2	3039.0	4197.7
0.0	889.5	2175.2	3017.2	4167.4
92.2	832.0	2166.1	3052.7	4118.3
0.0	837.3	2081.7	3002.8	4123.7
0.0	673.4	2033.5	2999.3	4108.5
0.0	796.5	2119.3	3032.1	4208.7
0.0	789.2	2163.4	3132.5	4271.0
66.2	1018.6	2278.4	3343.3	4232.1
195.9	1163.7	2194.7	3249.6	4147.2
0.0	1124.9	2254.1	3250.8	4261.5
0.0	966.6	2162.2	3194.1	4304.3
0.0	796.7	2190.3	2951.4	4144.0
0.0	744.1	2226.0	3039.1	4255.1
0.0	722.3	2270.6	3119.3	4516.9
192.0	835.0	2268.9	2879.3	4505.0
224.6	522.3	2213.6	2841.0	4505.0
0.0	438.9	2067.3	2832.8	4433.9
219.5	436.2	1997.6	2842.9	4352.1
214.3	423.8	1964.8	2839.6	4352.7
209.2	427.0	1921.2	2811.2	4370.7
209.8	430.9	1897.7	2802.3	4394.2
213.1	435.2	1893.6	2882.3	4370.6
210.5	433.9	1921.6	3132.8	4305.6
202.0	1134.7	2369.6	3322.9	4438.1
193.3	1027.6	2335.8	3427.2	4410.9
91.8	1017.1	2267.2	3526.4	4368.1
116.5	1024.3	2415.1	3452.2	4296.8
571.4	1237.8	2485.4	3452.9	4294.7
0.0	1067.7	2194.7	3384.8	4333.4
0.0	1127.8	2155.0	3386.5	4332.7
521.7	1063.6	2167.2	3384.5	4373.1
133.3	1040.3	2310.5	3525.4	4460.4
105.3	997.0	2356.4	3545.7	4569.2
0.0	1079.3	2399.9	3530.5	4541.2
0.0	1128.3	2293.4	3415.7	4465.3
141.2	1047.9	2240.5	3345.4	4369.1
0.0	1004.1	2125.5	3320.4	4334.6
0.0	840.3	2043.8	3137.6	4347.3
428.6	580.7	1924.6	2964.5	4340.8
0.0	620.0	1905.2	2942.8	4330.5
218.5	662.4	1908.4	2928.0	4295.0
214.0	690.4	1883.0	2862.7	4261.4
211.6	758.8	1873.2	2804.5	4176.9
209.9	798.0	1851.8	2745.0	4148.0
209.3	833.8	1796.7	2757.5	4115.8
209.1	848.6	1663.1	2675.4	4116.8
210.3	853.1	1565.0	2622.2	4105.4
211.5	832.7	1494.4	2660.4	4046.9
211.4	811.2	1447.2	2717.3	4048.5
214.3	783.8	1384.1	2792.7	4039.2
215.4	740.2	1318.4	2839.0	4000.6
216.7	717.4	1303.1	2850.1	3884.8
219.1	679.7	1263.7	2836.9	3767.6
221.2	661.7	1252.7	2750.9	3725.2
221.4	677.2	1287.9	2681.9	3845.0
223.1	704.4	1997.5	2950.1	4112.3
225.2	644.3	1648.0	2483.9	3854.1
228.2	586.0	1365.0	2185.3	3675.5
230.7	564.6	1358.9	2034.9	3612.7
231.0	534.6	1446.7	1950.4	3599.3
231.8	524.4	1591.0	1938.8	3599.2
234.2	519.0	1667.1	2036.4	3649.8
235.7	493.0	1771.1	2149.6	3705.0
238.6	488.2	1914.6	2240.9	3846.0
240.6	486.6	2128.0	2741.0	3961.9
240.6	479.2	2194.2	2777.9	3976.3
243.0	491.1	2234.4	2843.0	4074.3
243.5	488.0	2347.5	2944.0	4226.0
244.4	483.1	2408.5	3007.0	4306.9
239.9	472.7	2359.6	3014.0	4274.0
232.6	489.4	2358.2	3017.9	4326.7
229.2	506.3	2349.1	2955.8	4362.2
225.5	490.9	2314.3	2957.4	4311.9
225.4	546.6	2238.4	3063.6	4211.3
226.2	574.3	2206.1	3018.6	4193.4
228.3	610.3	2161.4	2948.0	4193.0
224.3	630.2	2115.5	2919.6	4152.5
217.0	620.8	2063.6	2894.2	4109.7
209.3	615.3	2037.0	2863.9	4081.9
205.8	603.4	1996.3	2831.5	4152.3
202.1	473.9	1943.9	2770.6	4180.5
198.4	401.8	1886.2	2709.4	4054.4
87.0	420.4	1924.7	2622.8	3973.3
193.2	405.9	1935.4	2552.1	3973.6
189.5	398.7	1913.1	2816.5	4010.6
188.6	396.1	1939.4	2967.0	3956.7
189.6	389.5	1952.6	2801.8	3943.6
192.8	398.9	1882.7	2952.9	3987.8
194.0	404.6	1768.0	2294.4	3928.5
194.9	399.3	1811.6	2259.3	3911.0
196.2	396.8	2002.6	2351.5	3952.0
196.9	391.2	2169.4	2443.6	3998.0
197.6	389.7	2305.2	2615.7	4005.6
197.4	386.6	2355.7	2736.1	4019.7
197.6	394.3	2430.4	2799.2	4043.5
197.9	406.7	2505.7	3085.2	4118.3
199.2	397.6	2446.2	2961.8	4142.7
200.6	408.7	2353.9	2845.3	4163.5
201.4	387.9	2202.7	2884.4	4201.3
97.4	713.7	2206.1	3431.1	4222.3
63.5	1200.3	2524.4	3618.8	4272.0
216.5	1293.8	2646.5	3729.8	4279.9
74.6	1237.6	2569.0	3867.0	4247.9
0.0	1155.9	2623.0	3848.4	4273.5
181.8	1093.4	2615.1	3720.1	4354.4
0.0	872.5	2368.9	3671.3	4429.4
0.0	829.0	2216.2	3592.7	4496.3
146.3	896.0	2290.8	3731.2	4613.0
529.5	1149.3	2936.2	4009.2	4740.1
272.7	1244.7	2694.4	4079.2	4843.1
72.3	921.9	2321.9	3660.8	4778.8
0.0	1156.4	2336.7	3385.5	4584.9
444.6	1084.1	2279.9	3361.2	4378.7
0.0	1259.2	2291.5	3348.0	4142.0
0.0	1292.4	2594.9	3482.5	4289.7
0.0	1201.7	2628.8	3393.2	4386.6
0.0	621.1	1882.1	2970.3	4207.1
0.0	514.6	1885.0	2939.6	4165.5
181.2	520.7	1910.9	2885.6	4163.3
173.4	527.1	1910.1	2977.2	4154.7
172.1	542.6	2067.6	3400.0	4104.6
166.4	538.2	2137.6	3292.9	4106.3
78.6	1041.7	2194.0	3165.7	4198.2
94.3	1244.5	2294.6	3189.0	4277.7
0.0	971.6	2284.8	3226.2	4376.2
0.0	737.1	2213.8	3264.9	4454.7
0.0	741.3	2214.5	3236.9	4467.1
472.6	702.6	2194.0	3143.8	4278.2
445.6	880.5	2159.0	3056.6	4173.2
0.0	842.0	2136.9	2907.4	4149.4
174.2	656.2	2101.5	2949.5	4244.3
0.0	655.0	1999.3	2977.1	4126.6
212.2	672.1	1957.3	2968.4	4045.5
200.0	703.0	1923.2	2983.3	4046.5
195.5	720.7	1917.7	3019.3	4099.0
188.5	720.2	1899.9	3041.7	4171.2
181.9	698.3	1873.9	3063.2	4188.9
181.1	697.7	1839.5	3087.4	4162.3
180.5	705.2	1787.2	3104.0	4254.3
180.8	718.1	1779.5	3038.9	4340.3
180.2	387.0	1842.0	2980.4	4306.1
192.5	389.1	1808.0	2975.0	4272.2
195.5	390.9	1799.9	2977.4	4275.2
195.5	382.4	1781.9	2975.9	4249.0
194.5	370.1	1812.8	2985.4	4225.9
190.2	359.7	2136.6	3036.2	4241.1
93.1	932.1	2254.1	3265.3	4280.0
182.1	1192.2	2316.1	3280.0	4280.5
98.8	1129.4	2281.3	3219.2	4312.6
0.0	903.7	2267.4	3266.3	4340.6
0.0	919.3	2070.6	3109.3	4275.2
0.0	360.1	1780.2	3012.2	4179.6
0.0	647.0	1769.8	2982.9	4160.2
0.0	692.6	1740.2	2937.8	4144.4
183.0	726.7	1715.8	2935.2	4093.6
180.9	744.9	1681.0	2927.7	4061.1
178.4	766.4	1662.3	2909.9	4018.3
178.5	777.8	1627.2	2916.4	3932.0
178.3	773.0	1550.7	2922.1	3891.7
177.7	764.8	1510.5	2937.9	3857.2
176.8	742.6	1461.1	2932.8	3803.8
176.5	719.9	1403.7	2945.9	3766.6
175.9	699.7	1369.6	2952.2	3731.0
178.4	685.7	1331.0	2968.2	3717.5
175.6	653.2	1304.4	3000.4	3739.9
175.6	623.6	1312.5	3024.7	3770.5
174.9	603.8	1338.3	3056.9	3835.6
174.1	566.9	1317.5	3073.1	3937.1
174.9	532.2	1314.8	3128.3	4037.8
175.4	517.3	1309.9	3139.5	4108.0
177.7	437.0	1968.7	3112.2	4225.5
87.0	471.8	2093.0	3275.8	4461.8
85.5	1105.4	2522.2	3619.9	4604.6
175.4	1136.4	2634.4	3742.5	4767.4
169.0	1178.3	2614.4	3740.0	4866.7
83.3	1141.3	2438.1	3597.3	4847.5
153.8	716.1	2367.5	3642.9	4962.9
0.0	477.6	1740.4	3516.0	4682.8
179.1	461.7	1498.3	3029.7	4166.1
175.3	401.7	1549.8	3135.1	4147.8
174.9	386.6	1680.2	3049.4	4121.3
173.1	404.2	1690.6	3040.1	4061.5
171.7	400.6	2051.4	3042.8	4080.0
168.8	382.6	2304.6	3069.2	4156.5
165.7	369.5	2257.3	3214.6	4201.8
166.7	386.0	2163.0	3275.8	4245.5
162.8	402.6	2200.3	3426.7	4304.2
162.6	389.3	2405.4	3688.1	4480.8
161.1	378.0	2451.0	3758.8	4654.0
158.7	368.2	2482.5	3679.2	4687.1
159.6	466.7	2457.6	3543.5	4586.5
156.6	646.5	1249.8	2630.0	3714.2
159.9	688.1	1286.5	2583.2	3603.0
154.2	694.9	1343.7	2492.0	3602.0
155.2	711.5	1419.5	2443.3	3534.2
154.2	698.8	1410.1	2451.7	3517.3
152.8	737.4	1475.4	2425.6	3516.0
152.9	740.2	1509.3	2333.7	3526.2
153.2	719.7	1526.0	2293.1	3582.0
153.7	705.0	1513.2	2186.5	3595.0
154.2	701.6	1537.3	2085.7	3518.0
153.9	693.4	1562.3	2089.1	3596.3
154.9	670.5	1578.1	2155.9	3764.1
157.8	658.3	1564.9	2144.4	3726.0
155.0	623.4	1582.5	2245.4	3737.2
156.7	608.1	1614.3	2908.3	3933.9
161.8	963.2	1913.7	3188.7	4266.9
82.5	967.7	2159.3	3283.7	4307.6
168.9	1173.0	2190.1	3237.6	4351.5
80.9	949.1	2242.6	3258.0	4311.5
0.0	872.7	2219.5	3231.3	4242.6
0.0	829.6	2191.8	3131.3	4159.3
0.0	869.9	2280.0	3202.4	4137.8
0.0	1175.1	2184.4	3210.1	4257.1
0.0	764.7	1951.9	2812.4	4391.8
0.0	543.5	1984.6	2930.4	4479.3
294.8	688.4	2001.0	3297.8	4668.8
65.3	978.8	2075.3	3346.6	4582.6
203.9	910.9	2075.0	3269.4	4411.5
0.0	852.6	1949.4	3007.2	4343.2
483.0	848.2	1939.2	2811.6	4184.3
84.3	894.1	1917.7	2924.1	3950.4
67.8	935.6	1886.3	2955.0	3910.0
71.4	897.6	1918.5	2889.0	3976.2
69.0	913.1	1894.7	2872.5	3989.2
0.0	934.2	1906.6	3003.7	4155.1
0.0	919.5	1948.1	3074.4	4313.3
0.0	854.0	1896.9	3044.7	4170.6
0.0	852.8	1799.2	3042.6	4204.5
68.6	819.8	1775.6	3096.0	4293.6
65.9	805.2	1804.6	3096.5	4142.8
0.0	847.0	1848.7	3139.4	4073.6
0.0	783.8	1937.7	3267.4	4323.7
0.0	811.7	1883.8	3187.0	4365.0
0.0	824.6	1782.9	3093.0	4314.8
146.2	1054.1	1994.8	3194.4	4319.6
157.2	887.8	1964.9	3110.7	4215.6
0.0	1282.8	2234.4	3261.0	4370.3
