0.0	0.0	0.0	0.0	0.0
0.0	0.0	0.0	0.0	0.0
0.0	0.0	0.0	0.0	0.0
0.0	1267.7	2266.4	3417.4	4501.4
0.0	1138.2	2237.2	3335.7	4308.5
0.0	927.5	2168.2	3311.0	4324.2
0.0	1067.5	2161.7	3327.8	4262.4
0.0	1073.9	2208.7	3322.5	4172.0
0.0	1022.1	2199.1	3283.8	4246.0
0.0	1060.3	2199.9	3220.6	4220.2
0.0	1045.2	2356.4	3343.6	4196.0
0.0	1087.0	2471.2	3362.4	4290.8
0.0	1064.9	2457.8	3345.1	4282.4
0.0	1146.4	2548.8	3524.7	4331.9
0.0	1089.6	2493.2	3447.0	4172.4
0.0	1063.7	2620.6	3419.1	4236.4
339.7	1112.2	2647.8	3458.0	4385.4
0.0	1081.3	2613.1	3412.1	4339.2
0.0	1027.8	2601.1	3424.1	4327.5
0.0	1162.3	2587.8	3473.0	4296.0
0.0	1180.2	2666.8	3535.2	4357.2
0.0	989.3	2694.8	3522.9	4309.4
0.0	1030.0	2617.1	3413.1	4351.8
0.0	1096.9	2471.9	3500.9	4385.8
195.7	1046.7	2542.3	3515.2	4448.7
519.1	1108.6	2646.1	3518.4	4350.3
0.0	1059.9	2542.4	3405.3	4213.1
0.0	1052.7	2531.7	3458.0	4385.7
254.7	1081.8	2675.8	3514.4	4339.0
0.0	1023.4	2581.7	3477.6	4184.3
155.2	926.9	2275.7	3449.7	4208.5
391.7	1012.6	2385.3	3372.3	4397.1
412.4	1125.7	2543.9	3434.4	4370.2
468.0	1012.4	2395.2	3239.2	4120.5
0.0	1035.7	2235.6	3242.4	4189.7
0.0	1035.6	2394.0	3315.5	4316.3
0.0	986.1	2399.5	3297.3	4271.0
213.7	923.1	2253.5	3125.5	4197.1
0.0	946.0	2431.0	3206.2	4189.4
353.0	941.2	2462.2	3233.6	4199.7
104.0	980.9	2357.1	3186.0	4197.1
80.0	977.2	2366.3	3187.6	4194.6
324.3	916.3	2394.5	3203.9	4144.0
162.6	813.0	2354.5	3340.4	4168.7
544.5	924.5	2347.9	3293.7	4180.3
283.0	965.6	2389.1	3209.6	4207.9
463.7	957.4	2439.5	3183.7	4190.9
260.7	1062.9	2392.1	3229.7	4226.9
74.6	1007.6	2403.4	3222.5	4235.8
374.3	938.8	2386.4	3162.9	4129.9
0.0	978.6	2400.9	3204.0	4106.1
0.0	981.9	2359.2	3206.2	4048.9
111.0	941.1	2321.5	3182.1	4099.7
204.2	861.1	2355.9	3164.6	4099.4
129.5	965.9	2341.1	3159.5	4068.7
122.6	996.5	2285.0	3155.6	4199.2
116.7	935.1	2179.1	3055.0	4116.8
222.2	973.4	2200.7	3027.8	4062.3
339.9	967.2	2140.0	3023.9	4205.0
0.0	975.3	2096.4	3053.5	4143.0
0.0	928.6	2092.6	2954.3	4157.2
0.0	877.3	2048.8	2883.1	4255.7
354.6	883.8	1969.1	2837.1	4256.2
363.0	869.5	1900.4	2882.7	4211.4
381.2	850.7	1886.7	3207.9	4204.6
0.0	889.7	1921.6	3232.2	4225.5
0.0	997.2	2172.7	3343.3	4262.8
0.0	943.6	2354.7	3418.3	4325.0
0.0	1078.5	2211.0	3088.7	4160.1
0.0	1059.8	2048.5	2894.9	4102.0
0.0	862.2	2395.0	2937.1	4301.0
0.0	795.5	1845.8	2860.5	4260.5
0.0	494.2	1752.1	2789.3	4290.8
210.5	538.1	1730.5	2753.9	4306.3
197.1	739.6	1834.0	2834.9	4305.2
198.6	677.1	1846.8	2865.1	4306.4
199.2	693.2	1812.2	2836.2	4273.0
184.2	668.8	1788.8	2856.3	4267.5
186.7	901.4	2066.9	3030.7	4316.1
0.0	902.4	2058.8	3053.3	4331.6
0.0	554.7	2018.1	2931.2	4333.9
0.0	469.8	2059.5	2932.2	4281.4
213.7	454.4	2099.4	2987.8	4222.1
213.9	475.4	2115.6	2995.1	4152.2
212.2	487.4	2106.0	2918.7	4096.7
208.8	498.4	2102.1	2858.5	4030.5
206.3	509.8	2077.3	2710.6	3969.8
202.9	512.9	2039.1	2586.4	3929.2
200.4	516.3	2001.5	2505.2	3889.2
198.6	525.2	1980.3	2474.4	3908.1
196.2	524.1	1975.4	2392.2	3927.5
194.5	526.2	1961.6	2379.0	3947.7
192.3	530.9	1975.3	2394.8	3962.7
186.8	517.1	2015.6	2443.9	4019.1
180.3	473.5	2095.7	2473.4	4087.0
170.1	456.8	2181.9	2556.9	4091.5
80.0	455.1	2264.3	2678.9	4109.0
165.6	426.4	2320.9	2804.5	4165.8
92.0	408.4	2369.4	2922.1	4211.7
85.1	382.8	2417.9	3034.4	4165.6
176.2	356.1	2449.0	3117.8	4191.9
176.9	381.0	2482.0	3144.6	4272.2
199.8	443.7	2521.4	3268.1	4298.8
212.2	443.8	2533.8	3221.6	4258.3
219.5	466.9	2540.8	3176.6	4276.6
222.8	476.7	2530.9	3125.7	4266.7
228.6	485.4	2538.4	3095.9	4276.7
229.0	480.4	2550.9	3079.7	4283.7
229.8	502.5	2567.0	3067.0	4267.1
234.4	526.0	2568.4	2994.4	4225.1
233.7	517.5	2560.5	3004.5	4273.5
235.8	528.4	2523.9	2935.0	4319.5
238.5	507.2	2452.7	2859.0	4316.1
238.1	506.2	2340.5	2865.5	4362.2
233.4	510.1	2256.3	3024.1	4300.7
230.7	484.8	2259.6	3693.8	4317.7
220.4	455.5	2244.7	3713.2	4407.4
210.2	476.3	2229.8	3739.2	4550.0
198.6	872.9	2248.9	3734.6	4665.6
194.1	878.1	2398.6	3935.4	4844.7
190.7	843.6	2593.7	4020.9	4920.5
92.3	917.2	2233.4	3416.9	4543.1
193.5	912.5	2174.4	3540.5	4587.6
184.6	473.3	2288.5	3402.7	4497.7
200.0	437.2	2252.6	3052.8	4412.6
201.8	406.9	2238.5	3089.7	4411.3
202.4	409.0	2292.4	3077.5	4409.4
202.9	405.5	2381.2	3064.0	4444.1
201.2	401.4	2408.4	3090.9	4385.5
199.2	408.3	2422.9	3125.3	4321.8
198.3	385.8	2434.0	3104.0	4281.9
195.2	372.1	2486.4	3132.5	4301.2
192.9	375.3	2481.1	3131.2	4298.9
191.6	388.9	2476.7	3085.4	4260.3
193.9	388.1	2440.9	3047.7	4206.3
191.8	393.2	2410.0	2908.4	4245.5
190.5	422.4	2395.1	2831.3	4302.6
187.9	457.4	2288.4	2722.2	4122.6
188.3	487.4	2229.5	2654.8	4070.2
187.7	498.9	2105.0	2652.1	4111.6
188.3	498.6	2057.8	2582.2	4073.5
187.6	491.9	2031.3	2493.5	4102.4
188.8	481.8	2028.3	2455.1	4119.0
185.4	465.8	2061.0	2492.4	4040.3
185.4	488.5	2235.7	2717.6	3858.1
182.5	626.6	2302.6	2792.1	4073.8
178.9	341.0	2168.5	2918.7	4271.7
76.9	389.7	2001.6	3066.0	4218.6
77.1	958.6	2099.2	3254.9	4216.6
0.0	962.9	2221.2	3392.0	4118.5
0.0	611.1	2149.4	3406.8	4168.7
0.0	946.6	2172.9	3413.7	4303.0
0.0	597.4	2486.7	3497.6	4307.8
0.0	752.4	2810.8	3698.1	4418.8
0.0	866.7	2824.0	3490.8	4311.5
0.0	646.9	2323.5	3054.9	4240.1
0.0	613.3	2217.8	3021.0	4201.6
0.0	387.9	2182.4	3041.1	4155.3
192.0	383.8	2174.0	3076.2	4128.1
185.9	403.4	2232.0	3074.4	4112.3
188.1	448.8	2270.5	3107.5	4037.8
183.7	448.0	2296.3	3157.1	4022.6
177.9	915.6	2587.1	3177.8	4024.2
171.8	904.3	2881.6	3461.5	4146.6
84.7	881.9	2766.9	3637.9	4160.7
82.1	920.8	2776.7	3562.2	4157.5
133.3	784.7	2872.6	3649.2	4268.1
0.0	875.8	2928.9	3726.7	4256.4
109.1	963.9	2945.4	3726.5	4231.5
0.0	1010.6	2934.3	3699.5	4371.4
0.0	822.9	2977.5	3717.1	4459.8
375.0	810.6	3015.0	3753.3	4387.5
92.3	791.6	2893.7	3715.1	4307.0
77.4	840.1	2897.5	3726.5	4274.1
0.0	994.7	3029.5	3768.2	4252.2
166.7	945.5	2899.0	3598.6	4240.3
100.8	439.8	2197.4	3062.2	4177.7
0.0	446.3	2108.1	3059.4	4187.4
190.0	509.1	2084.1	3071.0	4122.0
191.6	568.4	2090.5	3024.8	4061.7
193.0	579.5	2065.1	3008.2	4101.2
192.0	574.4	2093.2	3022.2	4226.8
190.5	572.6	2086.4	3034.1	4239.8
190.4	572.7	2086.2	3007.5	4224.6
188.6	566.0	2107.1	3031.9	4257.7
188.2	552.9	2160.4	3013.5	4222.8
185.7	546.6	2207.6	2993.9	4193.2
184.8	542.8	2276.3	2982.9	4222.5
181.9	541.2	2351.2	2974.8	4252.0
181.5	537.0	2349.9	2980.3	4212.2
180.3	523.5	2381.2	2943.9	4196.3
179.8	496.4	2378.8	2911.5	4224.5
178.5	486.9	2355.3	2953.6	4296.6
176.2	456.8	2309.7	2894.7	4370.6
178.0	457.5	2184.2	2831.8	4344.5
175.2	425.2	2048.3	2878.4	4178.6
166.1	337.9	1970.4	2858.5	4190.2
80.9	343.9	1925.3	2809.8	4228.5
161.8	314.2	2099.3	2832.7	4104.0
160.7	302.9	2318.6	2913.9	4066.7
158.1	289.0	2225.7	3012.2	4164.8
155.2	337.2	2071.0	3052.3	4153.7
153.9	311.8	2066.1	3178.6	4262.3
150.0	319.8	1969.2	3194.5	4312.3
148.7	298.6	1757.4	3034.7	4228.4
146.9	848.7	1875.4	2955.7	4271.0
571.4	720.0	1861.6	2961.3	4290.9
0.0	663.9	1901.8	2973.7	4297.6
0.0	470.7	1930.0	2931.5	4352.7
173.5	435.0	1934.6	2922.5	4327.6
149.6	473.6	1940.8	2919.9	4263.8
153.9	484.3	1941.7	2918.5	4256.0
158.3	487.0	2010.4	2900.9	4318.1
160.6	498.8	2043.0	2904.9	4406.9
162.8	510.1	2080.8	2906.3	4437.2
164.0	514.7	2086.2	2930.4	4369.2
164.7	522.8	2098.3	2933.9	4375.1
164.3	536.2	2149.9	2939.6	4282.1
163.9	544.9	2178.1	2944.6	4113.5
162.7	546.3	2195.4	2938.8	4135.5
164.6	547.4	2213.7	2951.3	4248.2
163.3	553.1	2209.6	2933.2	4240.1
162.6	548.7	2200.1	2886.0	4171.7
162.4	555.8	2187.2	2851.5	4164.4
161.0	571.4	2166.9	2796.1	4013.3
161.1	590.5	2151.8	2751.7	3998.8
161.4	606.8	2117.1	2705.3	3951.1
161.1	604.0	2007.0	2654.2	3916.3
162.7	609.3	1950.2	2603.3	3912.0
162.7	623.9	1918.4	2566.2	3880.2
162.2	614.1	1899.2	2507.4	3863.2
161.6	617.8	1840.1	2427.6	3808.6
161.4	603.1	1822.9	2358.6	3823.9
162.2	598.5	1787.3	2295.7	3780.6
161.6	579.6	1818.7	2288.9	3875.9
162.9	560.9	1790.2	2259.0	3980.7
165.2	551.3	1803.3	2339.7	3828.6
165.6	552.8	1791.6	2259.6	3683.5
165.5	562.9	1706.6	2125.3	3627.7
162.9	670.0	1697.6	2209.4	3613.6
159.2	801.9	1690.5	2432.3	3579.6
158.3	910.1	1663.7	2812.2	3722.7
74.9	926.3	1901.8	2645.1	3607.2
138.1	1038.9	1997.4	2846.7	3500.3
153.6	1098.9	1955.6	2871.2	3460.2
0.0	1034.8	1813.3	2796.4	3451.7
127.8	962.0	1795.8	3075.8	3547.8
0.0	965.0	2054.6	3298.3	3931.6
0.0	1012.7	2202.8	3350.7	4289.9
0.0	958.3	2324.7	3363.6	4384.9
74.4	936.7	2281.2	3404.3	4226.4
0.0	1038.6	2176.4	3394.4	4212.2
0.0	1053.2	2158.0	3433.3	4235.4
0.0	1164.0	2275.2	3441.2	4347.9
0.0	1127.5	2307.7	3346.3	4385.6
0.0	1068.0	2308.0	3411.6	4212.2
