0.0	0.0	0.0	0.0	0.0
0.0	0.0	0.0	0.0	0.0
0.0	0.0	0.0	0.0	0.0
0.0	735.6	2152.3	3116.8	4145.2
0.0	671.6	2160.9	3021.2	3989.6
0.0	808.6	2183.4	3067.0	4153.2
74.8	751.8	2168.0	3099.4	4183.9
0.0	722.5	2016.0	3110.8	4172.3
0.0	750.0	2035.8	3217.8	4274.5
0.0	1158.8	2445.7	3408.4	4360.4
0.0	1075.1	2428.9	3267.4	4240.2
0.0	892.1	2219.1	3102.1	4126.4
0.0	892.2	2339.1	3126.6	4147.1
0.0	917.4	2335.9	3158.4	4119.0
0.0	809.7	2309.7	3187.9	4018.0
0.0	730.3	2319.6	3225.2	4096.8
0.0	715.5	2341.5	3185.5	4145.4
0.0	658.3	2489.9	3236.7	4052.1
236.8	867.3	2471.3	3242.5	4043.6
232.5	503.7	2251.4	3180.5	4073.5
237.4	517.1	2188.5	3104.4	4145.4
222.2	522.0	2179.6	3049.2	4104.2
212.7	637.6	2123.8	2996.2	4014.9
204.4	611.6	2021.8	2888.5	3995.9
199.9	556.0	1970.1	2673.3	4020.7
201.1	525.4	1884.7	2607.4	4005.3
202.9	505.7	1833.4	2614.4	4021.9
204.7	527.1	1806.6	2610.9	4080.1
203.1	558.9	2208.4	2726.5	4120.4
99.1	635.8	2372.3	3158.5	4263.5
95.0	1010.8	2103.3	3159.7	4264.6
90.5	945.8	2268.7	3130.2	4235.4
84.3	924.0	2301.5	3211.6	4258.7
77.7	978.7	2209.7	3070.4	4255.8
0.0	977.2	2170.5	3081.9	4192.6
0.0	1702.0	2177.2	3416.2	4390.2
0.0	968.1	2045.1	3090.9	4375.1
0.0	1001.0	2002.3	3029.2	4370.1
0.0	905.4	2034.0	3065.2	4547.6
72.3	758.9	2059.5	2967.9	4464.9
0.0	693.9	2056.5	2690.7	4231.2
0.0	794.9	1908.0	2493.3	4472.2
0.0	935.4	1777.4	2410.2	4185.8
270.6	568.7	1673.8	2147.4	3964.7
278.0	569.3	1662.5	2018.8	3866.5
284.2	563.9	1640.9	1965.0	3770.4
284.7	554.2	1607.9	1941.1	3758.0
279.8	558.0	1586.6	1947.7	3762.9
279.0	566.5	1580.6	1944.4	3763.1
282.4	585.7	1574.7	1922.1	3768.3
287.2	597.4	1581.9	1913.5	3785.7
294.6	617.1	1605.9	1962.6	3804.5
297.5	608.3	1651.7	2040.2	3793.1
297.1	605.6	1680.8	2044.6	3780.8
293.8	595.1	1710.4	2049.7	3780.5
292.3	580.8	1740.4	2082.5	3858.2
290.5	558.6	1752.2	2156.4	3809.4
287.5	549.2	1808.6	2257.9	3744.9
141.4	491.7	1859.8	2342.2	3674.6
139.0	454.4	1905.6	2493.1	3515.5
138.1	475.0	1933.7	2885.6	3795.2
135.1	348.1	1902.9	3039.5	4175.2
116.8	279.2	1994.0	3067.9	4144.0
222.6	340.9	2134.9	3059.9	4028.6
227.1	1423.2	2943.6	3654.1	4425.4
212.8	768.1	2880.1	3642.6	4435.4
112.1	1268.3	2853.2	3674.7	4500.4
71.9	1569.2	3065.7	3658.3	4568.9
0.0	1233.4	2901.8	3544.4	4283.5
0.0	704.0	2860.0	3555.8	4044.9
0.0	564.1	1998.3	2999.0	3757.7
246.7	510.6	1901.3	2906.6	3691.6
227.8	517.5	1835.0	2884.1	3674.1
100.2	520.0	1770.7	2946.4	3824.4
99.7	519.2	1787.8	3014.7	3819.4
99.5	504.4	2092.4	3185.5	4189.2
99.8	498.4	1913.3	2953.4	4309.2
99.8	524.1	1883.4	3064.2	4294.1
101.6	538.1	1803.0	3040.8	4287.1
103.0	517.9	1852.3	2919.1	4288.0
102.2	532.4	2093.6	2876.2	4288.6
101.2	533.0	1716.2	2816.9	4291.0
202.0	512.8	1864.9	2777.4	4286.8
203.9	513.4	2302.5	3169.9	4386.3
101.2	1079.0	2328.3	3242.7	4243.9
69.2	796.9	2035.6	2967.7	4128.8
78.8	1343.2	2651.1	3838.1	4540.1
0.0	600.5	2629.6	3726.8	4671.1
0.0	681.1	1996.1	2889.5	4485.9
352.9	528.6	1936.5	2886.4	4220.2
0.0	521.0	1935.4	2875.8	4128.4
227.5	549.4	1935.4	2851.2	4051.5
208.1	548.1	1919.2	2850.7	4023.7
193.7	550.1	1894.1	2818.4	4009.8
93.1	562.0	1904.6	2774.2	3984.6
91.2	568.1	1922.2	2773.5	4001.3
92.2	566.8	1914.1	2820.6	4013.7
94.4	574.6	1929.6	2810.8	4080.7
94.8	586.6	1903.9	2780.7	4071.2
0.0	615.0	1893.9	2821.4	3998.3
283.3	628.6	1889.9	3035.2	4128.0
113.2	626.7	1982.9	3133.8	4268.7
64.0	659.8	1925.9	3019.6	4021.3
0.0	665.7	1899.2	2882.9	3953.1
0.0	673.4	1888.1	2818.2	3965.8
0.0	679.3	1888.7	2766.0	4024.7
241.8	691.0	1897.6	2750.6	4028.3
243.9	700.5	1869.7	2735.4	4019.5
84.9	707.3	1868.1	2712.2	3965.3
195.0	705.5	1881.7	2679.1	3962.1
199.7	681.6	1911.9	2629.1	3964.1
206.6	645.8	1927.6	2564.3	3940.3
212.4	636.0	1970.8	2499.6	3959.1
216.7	521.6	1951.9	2415.6	3992.8
225.7	462.1	1843.7	2375.5	4087.3
231.6	439.5	1836.6	2680.1	4228.3
76.4	1148.7	1838.0	3054.3	4362.4
75.7	1378.0	2087.4	3403.9	4743.1
0.0	1367.2	2292.0	3694.8	4893.1
0.0	899.2	2197.4	3736.0	4942.3
0.0	820.3	2422.1	3861.1	5035.3
126.3	1505.6	2686.4	4016.4	5008.4
0.0	687.2	2773.3	3986.0	4875.5
0.0	1276.0	2859.6	3896.2	4534.0
0.0	608.6	2752.7	3708.1	4175.3
0.0	681.2	2580.6	3262.0	4269.8
155.8	1921.7	2608.6	3446.1	4358.2
307.7	1143.9	2461.8	3047.2	3921.9
160.0	590.5	2354.8	2973.8	3885.4
0.0	514.5	2231.0	2869.6	3809.3
257.3	471.8	2027.6	2812.9	3742.1
234.9	423.5	2216.6	2972.6	3814.4
223.3	437.9	2745.2	3219.0	4242.2
215.1	433.2	2863.3	3524.3	4259.6
211.4	863.4	2957.7	3901.0	4596.0
207.6	649.2	2885.6	3963.1	4763.0
203.4	841.6	2736.1	3993.0	4995.4
0.0	841.4	2688.5	3967.0	5233.9
0.0	767.2	2580.6	3873.8	5337.4
171.4	726.4	2503.4	3782.6	5192.0
0.0	704.0	2442.6	3638.6	4959.5
0.0	619.6	1956.8	3076.0	4795.4
0.0	630.0	1666.2	3008.0	4367.3
0.0	605.5	1552.8	3007.7	4089.2
224.2	667.1	1477.3	3009.2	4002.8
205.8	722.2	1463.1	2908.5	3988.3
201.4	733.1	1452.6	2801.3	3909.0
196.0	772.7	1449.1	2784.3	3903.1
193.3	774.4	1459.9	2767.9	3883.9
192.7	748.7	1468.5	2742.1	3868.4
193.3	784.5	1514.4	2703.4	3874.4
192.0	730.1	1610.8	2699.2	3876.9
191.0	715.8	1697.2	2694.2	3914.1
191.6	688.9	1765.0	2716.3	4012.3
192.3	644.3	1855.6	2755.2	4047.5
194.7	605.6	1930.8	2776.8	4136.1
198.4	598.1	1961.4	2818.3	4249.7
201.5	598.6	1941.7	2846.6	4298.6
204.4	504.4	1877.6	2840.0	4346.8
204.8	460.1	1828.3	2849.0	4389.8
201.3	462.5	1794.1	2913.3	4457.8
196.2	462.7	1905.9	3077.8	4347.1
96.0	821.5	2163.7	3276.5	4339.0
96.7	992.1	2323.7	3285.4	4390.3
0.0	1058.1	2241.2	3232.4	4301.8
0.0	1042.9	2370.5	3273.0	4212.3
0.0	930.8	2223.5	3151.7	4215.3
0.0	752.5	1982.5	3032.8	4182.5
0.0	553.3	1926.5	2938.4	4119.2
250.6	561.3	1930.5	2839.4	3908.1
189.4	572.2	1914.9	2617.7	3805.0
186.5	558.2	1859.6	2411.4	3804.0
183.5	549.7	1760.4	2199.3	3843.3
183.3	550.0	1670.0	2026.9	3851.1
181.0	551.0	1566.5	1916.8	3828.2
182.3	531.3	1406.6	1912.4	3823.1
182.4	522.2	1295.7	2001.6	3851.3
180.9	484.2	1683.7	2616.7	3909.8
174.3	520.0	1727.0	2778.6	3944.2
84.1	374.6	1722.0	2880.3	3977.8
166.9	393.9	1862.9	3224.1	4085.0
171.8	400.3	1876.9	3129.4	4096.5
171.8	415.5	1619.2	2605.2	4019.9
172.7	200.0	404.3	2616.1	4036.8
87.0	602.8	1827.8	2860.6	4286.8
0.0	535.3	1785.9	2637.9	4020.9
220.0	579.2	1832.0	2644.8	3884.5
208.8	646.4	1859.6	2718.6	3915.9
206.4	649.8	1890.6	2818.8	3934.5
209.7	620.2	1902.5	2898.7	3924.1
214.4	631.2	1874.1	2918.3	3934.4
219.5	611.4	1828.3	2955.2	3893.8
223.3	564.4	1817.0	2983.1	3883.4
228.2	471.6	1779.9	2969.4	3933.8
227.6	448.5	1688.0	2941.6	4081.6
225.6	480.9	1719.1	2883.3	3927.1
223.1	511.2	1761.8	2878.0	3575.6
221.5	576.9	1740.8	2856.1	3554.0
217.9	549.8	1698.0	2554.6	3675.0
108.0	535.0	1649.9	2547.1	3717.9
105.1	539.2	1897.5	2957.0	3872.7
214.9	535.9	1742.6	3242.8	4141.8
69.4	1649.7	2387.7	3347.3	4440.0
68.5	1609.8	2372.5	3280.0	4371.5
0.0	1434.3	2332.7	3171.8	4385.3
173.6	1432.5	2371.0	3316.7	4442.3
72.2	1280.9	2312.3	3308.4	4417.5
524.2	1481.1	2402.6	3304.4	4288.9
550.2	1502.3	2428.6	3240.4	4247.0
0.0	1170.3	2416.0	3147.2	4169.5
0.0	639.1	1869.9	2889.3	4023.8
0.0	817.6	1807.6	2771.3	3990.1
0.0	510.7	1908.5	2783.4	3935.2
0.0	558.4	1825.3	2776.8	3901.1
0.0	562.0	1793.9	2822.1	3915.7
84.8	579.6	1783.3	2847.1	3931.8
174.4	582.5	1793.9	2891.1	3943.2
84.8	592.5	1763.7	2895.3	3960.5
90.1	596.3	1758.2	2912.1	3948.5
230.4	594.7	1738.9	2908.3	3962.1
234.7	604.1	1713.0	2913.2	4022.4
81.6	604.2	1671.3	2908.9	4035.7
159.5	599.9	1662.6	2892.0	4017.0
84.5	594.6	1696.5	2927.3	4039.0
84.7	554.3	1602.8	2917.1	4065.7
81.3	561.1	1683.4	2992.4	4053.4
219.3	875.4	1897.7	2953.5	4092.3
76.5	1011.4	2235.9	3100.5	4217.2
0.0	985.4	2347.2	3239.4	4413.2
0.0	1016.1	2303.0	3165.2	4397.4
0.0	1041.2	2250.0	3261.8	4325.2
0.0	1028.4	2430.4	3199.4	4238.6
0.0	1039.1	2413.3	3033.1	4227.5
0.0	1154.7	2394.6	3375.8	4434.6
0.0	1238.1	2699.2	3818.8	4654.0
0.0	1251.7	2660.9	3853.6	4617.8
0.0	889.7	2626.0	3670.6	4660.1
0.0	904.6	2350.1	3684.8	4710.4
0.0	881.4	2774.1	3867.6	5169.2
0.0	795.2	2853.8	3947.1	5380.9
0.0	918.9	2678.6	3878.3	5163.9
104.1	1086.0	2599.9	3904.1	4977.1
0.0	842.3	2453.5	3978.0	4796.2
128.5	678.9	1848.9	3669.9	4629.3
65.9	756.6	2004.1	3785.3	4429.6
0.0	743.9	2061.1	3681.4	4304.0
72.6	747.2	1787.4	3293.2	4094.1
146.4	1021.1	1708.3	3173.5	4059.6
70.9	1081.4	1687.0	3208.0	4135.4
0.0	1055.3	1955.1	3265.5	4132.3
0.0	1167.3	2109.9	3336.0	4011.0
63.5	1188.0	1862.2	3329.8	3934.7
0.0	1165.6	1889.6	3316.4	4096.4
0.0	1193.6	2085.5	3331.9	4228.9
0.0	1062.7	2281.1	3278.1	4216.1
0.0	1063.8	2292.2	3405.7	4263.0
