0.0	0.0	0.0	0.0	0.0
0.0	0.0	0.0	0.0	0.0
0.0	0.0	0.0	0.0	0.0
0.0	980.3	2232.8	3135.4	4004.5
0.0	998.9	2234.5	3143.2	4092.7
0.0	999.4	2179.0	3101.3	4193.9
0.0	1022.9	2147.7	3233.7	4257.8
0.0	528.1	2145.2	3334.8	4402.2
0.0	972.1	2302.7	3302.6	4346.1
0.0	901.7	2290.3	3219.6	4300.0
0.0	1042.0	2214.5	3223.3	4187.9
0.0	1290.7	2264.2	3280.8	4190.1
0.0	797.1	2263.0	3205.9	4280.0
0.0	899.8	2190.4	3122.3	4211.8
0.0	971.5	2090.7	3158.3	4116.0
0.0	681.6	2028.7	3060.9	4209.9
0.0	961.4	2019.0	2924.0	4219.1
0.0	958.3	2066.3	2999.0	4305.3
0.0	887.4	2111.6	3019.6	4457.0
0.0	820.1	2153.9	3214.1	4615.5
103.6	831.9	2217.6	3590.7	4832.3
0.0	963.1	2369.5	3579.7	4852.4
0.0	907.1	2599.6	3692.3	4732.2
229.9	717.7	2590.0	3734.5	4904.9
194.8	877.0	2149.5	3395.4	4750.8
0.0	689.2	2108.9	3456.8	4523.2
250.0	735.6	2197.7	3669.9	4514.4
142.9	780.9	2247.7	3443.3	4416.2
144.8	1080.3	2100.7	3105.3	4206.4
0.0	1113.8	2290.6	3318.3	4248.4
0.0	1070.3	2368.1	3458.1	4285.5
0.0	428.9	2147.4	3252.9	4170.3
0.0	885.6	2513.4	3641.9	4594.7
290.5	681.1	2687.8	4153.2	4302.7
0.0	627.6	2096.6	2965.8	4297.0
0.0	524.4	2067.1	2951.7	4216.2
222.0	616.9	2103.7	2982.1	4143.3
214.3	636.9	2134.3	2978.4	4059.3
217.6	703.9	2150.2	2960.4	3976.5
222.7	622.4	2146.2	2980.9	3978.3
230.7	584.0	2194.7	2996.2	4000.3
239.1	558.9	2271.3	3019.1	3958.4
249.3	535.9	2362.9	3159.5	3953.2
261.1	527.4	2422.9	3094.9	3931.9
270.0	553.7	2445.0	2985.2	3976.4
275.8	617.9	2481.7	2913.7	4069.2
271.1	413.4	2508.9	2876.9	4226.4
90.6	848.9	2439.9	2830.5	4269.8
269.2	529.4	2371.9	2948.7	4276.0
86.9	751.8	2235.4	2976.2	4298.5
64.2	992.4	1912.4	3059.8	4238.6
0.0	1287.0	1987.0	3012.8	4218.8
0.0	688.8	2219.0	2939.8	4346.9
85.8	962.5	2324.4	3275.1	4352.0
0.0	1063.6	2314.9	3464.5	4295.7
123.0	343.5	1877.0	3266.3	4095.6
0.0	501.7	1887.7	2581.5	3830.8
231.1	535.7	2066.9	2599.4	3803.4
203.0	545.9	2206.1	2688.0	3830.1
184.8	522.1	2313.5	2730.9	3865.4
174.8	495.1	2378.1	2790.5	3904.6
165.4	484.9	2439.2	2890.7	3944.8
158.5	467.3	2465.7	2885.0	3985.5
156.0	479.5	2476.7	2909.3	3961.6
155.7	447.0	2464.5	2950.4	4001.3
0.0	394.7	2446.8	3115.2	4052.4
247.6	392.6	2420.4	3162.5	4063.3
81.0	414.3	2426.6	3161.7	4078.7
243.0	441.9	2533.0	3265.3	4130.4
83.0	2072.9	2880.5	3694.0	4304.2
162.9	1372.6	2963.5	3778.3	4390.6
66.8	2156.0	3086.5	3709.2	4378.9
0.0	653.8	2744.6	3323.6	4234.0
0.0	626.1	2981.1	3570.8	4331.2
0.0	1825.7	2914.0	3770.2	4333.9
155.8	2063.8	2883.8	3794.9	4402.1
0.0	872.8	2826.0	3824.5	4345.4
444.4	1909.0	2901.0	3913.6	4501.7
0.0	671.1	2751.9	3720.0	4535.9
122.4	912.2	2628.2	3711.9	4530.1
0.0	518.3	2342.5	2951.3	4400.9
0.0	407.1	2230.9	2854.3	4312.4
226.3	412.2	2334.8	3790.0	4721.4
73.6	439.2	2495.5	4055.2	4805.1
74.5	754.9	2495.5	4041.5	4819.0
181.8	866.7	2229.0	3719.8	4953.8
0.0	853.7	2130.3	3666.7	5018.4
0.0	833.7	2205.1	3667.6	4891.7
0.0	716.9	2263.2	3528.9	4707.2
0.0	885.6	2372.1	3397.4	4667.1
272.7	797.1	2126.1	3050.1	4280.6
260.3	695.8	2029.7	2941.5	4134.2
0.0	638.6	1966.7	2816.0	4089.8
0.0	529.4	1969.5	2810.5	3989.1
181.5	543.2	1966.2	2843.9	3994.9
180.2	543.7	1947.2	2847.8	4001.4
180.1	555.1	1899.5	2830.8	3945.6
182.2	564.8	1878.1	2826.6	3953.4
185.7	579.4	1872.7	2848.2	3987.5
188.5	599.7	1882.1	2872.7	3990.3
192.0	606.7	1871.9	2887.2	3981.8
196.4	608.9	1844.6	2883.7	3966.4
201.0	619.6	1850.8	2897.4	3973.3
206.8	647.4	1885.1	2923.7	3975.4
211.6	534.8	1876.4	2920.9	3902.3
215.1	521.8	1861.2	2922.5	3838.4
217.1	474.3	1875.6	2993.9	3913.8
216.4	294.1	2033.5	3111.7	4274.5
69.4	229.1	2341.9	3121.2	4394.3
73.5	275.0	2326.1	3018.6	4312.8
227.6	295.2	2362.0	3111.1	4340.5
236.5	303.4	2268.9	3046.5	4289.5
237.3	459.7	2270.8	3135.4	4276.4
233.1	761.7	2245.1	3199.1	4413.3
116.2	859.9	2337.3	3380.1	4411.1
0.0	822.4	2350.2	3100.0	4309.5
0.0	852.9	2203.8	2909.4	4300.0
0.0	840.7	2174.8	2965.2	4290.3
0.0	821.1	2309.4	3253.5	4289.6
0.0	990.4	2367.8	3226.0	4299.1
0.0	984.8	2267.0	3154.5	4339.1
0.0	724.3	2196.2	3105.2	4269.6
0.0	352.1	2163.2	2949.3	4097.1
242.6	500.5	2212.5	2901.7	4137.7
236.3	485.3	1785.6	2908.1	4127.0
244.2	467.5	1709.5	2894.4	4041.2
234.8	474.5	1894.9	2856.6	4087.9
243.2	493.8	1744.3	2774.2	4123.8
202.7	511.9	1496.1	2814.2	4091.8
79.5	512.4	1943.6	2854.8	4147.4
173.3	506.5	1982.7	2957.6	4201.4
168.3	505.1	2023.1	2986.8	4174.0
169.2	502.7	2203.0	3030.8	4114.2
167.3	498.6	2207.6	3140.3	4207.5
164.2	548.3	2237.7	3269.7	4214.6
163.1	551.6	2453.2	3391.1	3932.1
165.4	564.2	2064.7	3407.7	3901.1
169.4	517.6	1129.6	3594.6	4008.1
171.3	476.4	1086.3	3391.3	4080.9
176.5	558.8	1224.0	3120.4	4027.1
185.0	608.4	1344.4	3051.2	3849.8
184.2	639.8	1458.9	3027.0	3857.2
188.1	666.2	1560.7	3013.1	3893.5
191.3	668.9	1656.5	3001.2	4003.5
197.6	651.6	1713.1	2960.9	3960.9
203.9	635.5	1754.5	2884.0	3901.0
212.8	534.3	1688.6	2742.6	3880.5
217.9	431.7	1459.9	2538.4	3861.3
214.4	507.5	1453.9	2512.6	3819.0
70.7	474.5	1460.3	2529.5	3831.3
211.5	473.6	1490.7	2533.2	3920.4
213.2	422.6	1411.9	2514.7	3804.5
215.8	411.6	1314.9	2515.5	3718.8
215.3	427.7	1283.8	2510.4	3767.5
213.3	447.0	1404.5	2498.1	3765.1
210.4	476.6	1990.7	2549.0	3828.5
210.9	487.3	2243.9	2662.4	3893.1
213.1	477.8	2341.6	2771.3	3944.9
211.0	485.7	2383.8	2855.0	3974.4
208.3	500.5	2390.3	2912.8	3952.9
206.9	519.1	2367.3	2933.8	3927.5
206.0	561.6	2330.2	2887.7	3916.2
205.4	659.3	2291.5	2910.7	3933.5
205.4	641.5	2214.6	2881.7	3927.5
206.4	664.7	2135.8	2875.8	3909.9
210.4	708.8	2053.5	2881.1	3940.6
211.0	730.4	1973.4	2934.5	3983.1
213.8	744.1	1905.7	2953.3	3961.5
217.2	728.7	1846.1	2944.9	4087.9
220.4	707.5	1800.4	2935.6	4161.0
225.6	669.5	1770.0	2894.3	4160.5
231.5	583.5	1824.2	2867.5	4177.4
234.1	960.5	2196.5	3211.9	4286.1
79.3	674.3	2229.5	3345.5	4214.9
0.0	1101.4	2248.1	3320.0	4196.4
0.0	863.8	2179.1	3258.8	4231.7
0.0	1040.0	2221.7	3228.2	4297.3
0.0	1150.3	2286.2	3202.6	4355.7
0.0	1006.3	2151.2	3112.1	4183.9
0.0	874.5	1838.1	2980.0	4216.4
0.0	593.6	1752.1	2910.4	4185.7
267.8	632.5	1729.9	2854.3	4123.0
216.4	640.7	1728.3	2804.2	4156.6
212.3	625.0	1720.1	2767.2	4090.5
209.3	619.7	1701.5	2716.8	4082.5
209.0	615.8	1694.7	2712.2	4068.5
210.8	549.2	1682.1	2687.0	4003.1
212.2	527.6	1669.9	2644.8	3956.7
214.7	502.6	1670.4	2620.4	3940.2
217.4	472.8	1669.7	2623.6	4021.3
219.9	465.6	1677.1	2611.5	4104.8
223.1	458.1	1703.5	2604.4	4062.7
224.7	452.9	1701.8	2626.7	4069.7
229.1	449.3	1709.0	2707.9	4104.2
228.5	442.2	1708.0	2882.7	4359.3
224.2	429.3	1648.3	2931.0	4701.8
218.2	537.1	2550.4	3944.7	5126.9
210.5	867.5	2456.3	3707.1	5071.3
221.3	1052.9	2415.4	3809.3	4889.3
112.2	968.8	2130.0	3304.3	4359.9
74.4	848.4	2065.5	3184.9	4215.4
0.0	951.2	2153.9	3229.5	4240.6
0.0	883.0	2259.8	3312.0	4277.2
80.0	862.9	2341.7	3554.7	4550.8
0.0	599.7	1936.6	3309.1	4449.1
0.0	565.9	1761.0	3003.1	4153.4
233.9	610.6	1669.2	3000.6	4059.0
206.0	666.3	1609.0	2998.3	3993.4
198.1	740.1	1540.8	2929.6	3949.8
196.9	774.8	1466.9	2872.6	3997.8
194.9	776.7	1436.0	2900.3	4023.6
194.5	786.7	1412.5	2898.9	4015.8
192.8	794.2	1401.2	2880.3	3923.3
190.7	795.6	1401.6	2891.3	3906.3
187.5	802.2	1408.9	2892.6	3936.4
184.2	796.0	1420.3	2888.2	3891.6
180.1	805.0	1437.1	2895.1	3995.9
176.9	810.0	1473.5	2847.5	4028.1
173.9	815.7	1514.1	2813.0	3996.9
167.1	799.9	1586.9	2777.9	3944.5
161.2	786.9	1696.9	2776.4	3993.8
78.0	761.7	1751.7	2795.4	4050.7
77.5	694.0	1856.3	2827.8	4073.5
82.7	677.7	2009.4	2847.1	4092.6
80.0	595.6	2087.9	2836.2	4134.8
80.3	556.3	2128.4	2926.4	4129.0
84.8	517.0	2159.5	3010.4	4169.4
189.6	491.5	2145.0	2907.1	4250.5
195.1	458.3	2145.4	2874.1	4230.1
198.3	548.0	2086.6	2997.8	4285.6
185.1	988.2	2208.5	3180.8	4371.2
89.8	883.6	2255.6	3166.2	4336.4
0.0	1049.8	2436.4	3218.9	4398.0
0.0	972.5	2468.5	3311.1	4575.0
190.5	1087.6	2277.4	3218.6	4743.1
230.8	1045.5	2194.8	3217.5	4623.5
0.0	1051.1	2272.1	3258.7	4502.6
240.0	780.5	2194.9	3084.3	4379.0
0.0	832.9	2174.8	3077.8	4425.5
0.0	849.9	2281.2	3144.8	4333.7
0.0	745.4	2112.2	3116.2	4178.5
0.0	705.2	1879.3	3008.4	4178.3
0.0	795.4	1874.4	3001.9	4149.3
133.3	844.6	1854.3	3027.1	4142.6
0.0	875.2	1816.5	3024.4	4175.6
0.0	927.4	1766.8	3109.6	4242.0
0.0	1062.8	1800.3	3117.9	4238.5
64.5	1040.4	1770.7	3137.1	4135.1
0.0	1149.3	2107.5	3205.3	4162.1
0.0	1190.0	2355.5	3325.2	4292.9
0.0	1173.6	2159.5	3264.7	4337.9
0.0	1090.4	2255.7	3384.8	4303.8
0.0	1109.8	2334.8	3474.6	4327.0
0.0	868.1	2201.0	3259.2	4369.7
0.0	944.9	2163.7	3182.1	4328.8
0.0	903.3	2221.4	3282.6	4308.9
