0.0	0.0	0.0	0.0	0.0
0.0	0.0	0.0	0.0	0.0
0.0	0.0	0.0	0.0	0.0
0.0	1224.4	2458.1	3363.7	4482.3
0.0	1036.0	2287.3	3245.0	4407.3
0.0	1022.5	2278.7	3121.6	4409.0
0.0	1078.8	2305.7	3216.1	4308.7
0.0	1023.6	2287.3	3187.6	4266.6
0.0	901.4	2266.1	3113.0	4282.2
0.0	916.7	2248.6	3304.9	4343.3
0.0	1162.9	2157.4	3294.2	4345.0
0.0	894.2	2146.3	3240.7	4324.5
0.0	889.3	2183.5	3258.2	4304.6
0.0	666.6	2005.8	3196.8	4243.8
0.0	708.8	1984.8	3268.7	4207.1
0.0	1040.4	2269.5	3275.9	4254.0
0.0	817.9	2142.1	3171.5	4226.5
0.0	730.8	2108.3	3223.3	4305.8
0.0	634.1	2050.0	3291.8	4397.4
253.7	536.1	2016.3	3375.4	4335.5
0.0	487.1	2003.9	3414.5	4363.0
297.9	538.4	2008.1	3431.7	4392.0
273.2	555.7	2010.2	3464.9	4399.3
265.4	525.7	1994.9	3550.7	4413.2
262.0	521.3	2025.4	3585.0	4373.5
256.8	567.2	2106.8	3489.3	4381.0
250.5	824.3	2309.5	3544.5	4535.3
236.5	1129.1	2478.0	3608.4	4589.4
75.2	1095.2	2494.4	3523.8	4413.1
97.6	1157.8	2547.2	3680.4	4577.9
0.0	1152.1	2509.2	3567.0	4581.6
166.7	1014.9	2379.1	3424.5	4498.3
0.0	1114.0	2360.3	3395.8	4684.8
0.0	1017.4	2184.1	3516.3	4757.9
0.0	523.4	2127.9	3518.2	4489.4
0.0	547.0	2028.3	3500.5	4320.0
275.1	503.6	1996.2	3560.1	4381.4
258.1	471.0	2011.4	3565.9	4468.6
241.0	440.8	1997.5	3577.4	4503.4
222.8	448.9	2007.2	3575.0	4472.5
213.9	480.1	2067.1	3422.2	4373.3
203.1	501.4	2102.6	3413.2	4403.4
184.6	1338.2	2352.9	3556.0	4389.4
86.0	1064.8	2362.4	3649.9	4469.8
67.0	1088.6	2507.4	3626.5	4438.6
0.0	1178.9	2484.9	3500.8	4457.5
0.0	1108.4	2268.6	3480.6	4389.8
0.0	1144.2	2339.9	3302.0	4275.9
0.0	781.0	2404.6	3313.9	4298.6
0.0	849.9	2224.4	3276.4	4311.9
0.0	871.0	2057.7	3267.9	4262.0
0.0	967.2	1990.7	3260.4	4169.8
0.0	557.3	1902.1	3275.3	4282.5
232.5	575.6	1895.6	3284.8	4426.6
210.9	606.9	1925.3	3355.8	4512.8
199.8	583.0	1981.2	3411.4	4528.2
195.1	520.1	2033.2	3426.2	4406.3
189.7	455.0	2115.1	3271.3	4231.3
185.7	689.1	2239.1	3184.2	4416.5
89.9	1159.3	2320.2	3274.9	4373.1
0.0	1128.7	2367.5	3342.8	4249.5
0.0	1130.8	2304.3	3315.6	4408.2
0.0	1109.8	2300.2	3350.1	4525.7
0.0	967.5	2466.6	3546.3	4587.3
0.0	923.6	2446.1	3498.7	4578.7
0.0	907.8	2375.6	3448.1	4628.0
0.0	779.8	2324.9	3478.4	4562.7
229.9	744.6	2284.1	3378.3	4448.9
68.5	605.7	2224.0	3214.2	4327.0
326.0	613.2	2197.9	3126.9	4307.2
317.1	613.5	2197.6	3131.8	4266.6
309.0	612.6	2231.5	3169.8	4276.9
307.1	618.5	2313.0	3230.1	4308.4
309.0	630.8	2426.1	3201.5	4383.8
310.8	652.1	2494.4	3145.2	4453.7
311.6	641.6	2623.9	3091.6	4546.7
306.1	489.0	2700.7	3231.2	4497.9
149.6	463.7	2814.8	3488.4	4531.6
96.1	835.7	2818.0	3609.3	4636.3
69.8	1517.9	2848.2	3586.9	4590.9
0.0	1546.2	2851.2	3516.5	4570.1
0.0	890.3	2800.0	3560.0	4557.0
0.0	989.7	2760.6	3419.2	4452.1
0.0	945.5	2668.4	3339.5	4390.4
0.0	750.8	2447.7	3230.0	4389.6
0.0	613.5	2305.0	3165.2	4328.0
92.2	585.4	2152.2	3094.2	4189.1
0.0	534.5	1964.6	3178.5	4253.8
283.6	530.1	1858.9	3134.3	4267.2
263.1	517.9	1683.6	3036.5	4225.4
250.4	503.7	1531.0	2998.4	4147.8
237.3	488.2	1422.8	3104.7	4148.9
226.3	476.7	1261.2	3205.6	4195.8
213.4	462.9	1208.5	3199.4	4201.8
205.5	460.3	1177.5	3246.0	4201.1
203.7	472.4	1143.7	3347.4	4212.7
196.5	473.7	1107.1	3418.6	4199.0
190.9	523.0	1067.8	3487.7	4184.9
186.7	503.2	1072.3	3525.0	4195.9
185.8	507.2	1079.7	3509.0	4223.0
182.9	492.6	1090.1	3605.1	4284.3
180.6	499.1	1097.3	3695.2	4292.0
179.9	502.0	1144.8	3707.9	4285.8
180.0	492.8	1253.0	3615.7	4278.3
180.4	462.1	1453.0	3508.3	4247.2
181.9	468.9	1767.2	3406.3	4189.6
184.9	495.4	1986.1	3319.7	4248.6
185.2	477.5	2270.4	3341.5	4492.2
181.6	438.8	2404.2	3285.1	4598.6
181.5	396.0	2559.3	3304.2	4270.2
182.8	371.5	2654.6	3301.4	4082.4
186.3	372.8	2686.9	3236.8	3951.6
187.4	382.9	2688.5	3209.0	4040.0
187.3	380.7	2650.0	3197.9	4089.6
187.3	386.1	2627.8	3184.9	4089.8
186.7	376.7	2603.5	3209.8	4096.8
184.2	379.8	2546.5	3329.8	4102.2
181.7	898.1	2283.3	3415.0	4063.1
182.0	1064.5	2425.3	3482.3	4199.0
76.7	1224.6	2472.1	3486.7	4302.9
0.0	899.7	2324.3	3354.3	4339.6
0.0	960.3	2303.2	3443.2	4276.5
0.0	1144.4	2418.7	3542.7	4166.3
0.0	1362.4	2412.2	3524.7	4260.2
0.0	1334.7	2395.6	3433.8	4247.1
0.0	1379.0	2365.9	3278.8	4117.1
0.0	996.2	2130.1	3143.0	4121.5
0.0	885.1	2249.6	3097.6	4124.7
0.0	852.2	2024.8	3015.4	3975.5
69.4	1389.1	2022.0	2953.2	3998.4
121.2	462.9	1743.1	2724.4	3908.1
0.0	455.1	1549.1	2535.7	3757.4
235.4	453.7	1476.2	2555.3	3703.1
227.2	448.0	1411.2	2649.6	3754.3
221.8	440.5	1374.0	2697.1	3781.6
219.7	432.9	1331.4	2787.3	3832.8
214.7	429.1	1322.1	2868.0	3846.3
212.6	440.0	1292.4	2950.8	3836.9
212.3	441.6	1267.9	2963.7	3830.4
211.9	448.0	1244.3	3001.3	3813.3
211.0	436.1	1176.1	3043.3	3780.4
208.6	420.8	1074.3	3105.8	3734.8
205.7	414.4	1012.7	3174.2	3739.9
205.9	413.7	959.7	3250.0	3734.9
206.1	408.2	873.6	3302.4	3745.1
206.3	414.9	860.4	3313.4	3776.2
205.8	413.4	886.3	3311.9	3809.5
205.8	410.9	974.0	3300.3	3849.0
204.3	427.7	1109.0	3261.9	3851.6
202.6	537.5	1276.3	3189.8	3864.1
201.7	563.3	1560.6	3145.4	3918.1
201.3	541.5	1763.8	3096.2	3977.4
202.5	514.3	1928.0	3115.0	4180.6
201.9	458.1	1983.6	3160.2	4347.0
200.0	430.6	1980.1	3130.6	4315.4
196.5	434.4	1958.7	3146.5	4264.0
195.8	394.5	1921.1	3081.6	4197.0
192.1	414.8	2081.6	3090.6	4198.6
189.9	701.6	2195.3	3267.2	4272.5
185.6	683.1	2250.3	3299.1	4369.4
87.4	691.6	2323.9	3373.8	4459.1
0.0	1174.3	2459.5	3697.5	4540.3
238.6	1126.3	2400.5	3580.9	4366.3
79.1	1061.8	2307.5	3339.2	4273.1
264.5	1030.6	2302.4	3232.8	4248.8
257.6	1074.0	2247.1	3224.5	4315.7
571.1	1063.4	2157.7	3391.7	4360.3
0.0	929.2	1997.0	3406.2	4510.7
0.0	819.0	1748.5	3256.9	4470.6
287.4	830.1	1631.5	3147.2	4196.6
236.1	868.8	1619.3	3154.1	4154.1
227.2	887.9	1638.7	3140.2	4066.0
218.2	880.1	1683.9	3078.2	4016.0
73.9	828.4	1715.7	3030.8	3987.8
0.0	788.7	1763.0	2994.4	4038.7
213.0	732.3	1856.5	3007.7	4098.0
217.7	671.9	2043.0	3061.7	4109.6
217.6	640.3	2276.8	3056.0	4171.9
223.1	538.7	2337.6	3090.7	4205.4
231.6	423.2	2396.9	3143.5	4280.2
0.0	397.0	2373.3	3131.3	4339.6
113.9	430.4	2338.0	3099.6	4398.5
113.1	441.2	2278.9	3135.6	4403.8
230.1	570.5	2272.7	3324.2	4468.8
220.8	842.4	2295.2	3390.9	4539.5
104.7	1096.1	2305.3	3337.8	4529.7
77.2	1047.3	2147.4	3365.7	4554.4
0.0	1265.8	2237.2	3468.0	4613.4
461.5	1114.3	2111.7	3428.7	4500.0
0.0	993.9	2121.5	3355.0	4362.6
571.4	1025.1	2315.4	3350.6	4381.3
571.4	965.0	2204.4	3365.7	4355.4
86.7	967.7	2062.4	3380.7	4372.1
571.4	882.6	1877.0	3405.5	4238.9
0.0	799.3	1884.0	3360.8	4208.1
545.5	831.2	2230.4	3161.0	4407.3
273.9	620.1	2331.4	3283.9	4449.1
0.0	560.0	1194.9	3373.4	4167.8
200.2	592.6	1144.4	3465.0	4348.1
196.3	570.3	1114.8	3561.6	4390.9
193.0	588.3	1094.4	3576.7	4367.4
190.3	664.5	1107.8	3626.4	4313.6
189.4	705.3	1145.4	3528.8	4275.0
189.0	741.7	1234.3	3460.6	4327.8
187.4	760.1	1349.0	3485.2	4316.2
184.8	778.6	1470.9	3472.3	4284.3
182.0	772.3	1604.2	3427.3	4298.7
180.3	752.3	1676.8	3361.1	4236.3
180.4	736.0	1756.5	3260.1	4151.0
180.8	710.6	1804.4	3160.3	4043.7
180.4	698.8	1909.2	3018.3	4063.8
179.9	652.2	1968.0	2927.8	4107.4
177.3	574.3	2019.0	2925.1	4181.2
172.4	948.8	2135.1	3119.4	4348.9
145.7	1446.2	2226.8	3103.6	4292.8
67.0	1095.1	2262.2	3110.3	4268.0
0.0	633.3	2166.4	2934.9	4195.0
0.0	633.2	2249.0	3061.3	4062.8
458.6	1305.8	2445.0	3170.8	4118.6
485.8	1527.6	2670.1	3315.4	4221.4
68.3	1490.7	2817.2	3469.6	4318.9
0.0	1356.5	2737.2	3336.9	4270.8
0.0	1068.7	2741.0	3287.8	4138.3
0.0	832.9	2695.3	3238.0	4120.5
0.0	1069.2	2597.4	3313.1	4159.7
128.9	1014.7	2495.7	3113.1	4033.9
122.4	1169.3	2579.6	2983.3	4145.1
173.9	716.7	2314.2	2915.7	4102.2
162.2	682.4	2140.7	2882.1	3890.4
0.0	581.4	2041.8	2661.8	3619.4
207.1	568.9	2046.5	2713.0	3682.6
194.5	550.5	2076.5	3110.6	3999.4
186.5	569.3	2020.6	3183.5	4154.9
182.4	546.8	2021.7	3200.8	4164.4
181.8	509.2	2001.5	3233.3	4190.9
174.0	519.6	2009.4	3180.0	4122.9
169.5	525.2	2002.5	3196.1	3999.6
165.3	565.7	2080.4	3399.2	4074.6
162.5	521.2	2085.2	3287.0	4085.6
160.4	775.1	2104.1	3378.0	4089.8
154.8	637.3	2105.2	3386.8	4098.8
152.3	727.0	1916.3	3219.2	3983.9
146.4	861.5	1907.6	3314.5	4097.5
144.9	845.0	1926.4	3412.4	4263.0
73.3	901.5	1963.8	3401.7	4247.5
0.0	905.6	2020.7	3311.3	4205.6
0.0	869.4	2203.3	3232.2	4196.6
0.0	754.9	2267.1	3261.3	4170.7
0.0	860.9	2123.6	3225.4	4220.2
92.7	761.5	2245.6	3208.8	4298.7
68.0	620.2	2147.4	3105.1	4232.9
