0.0	0.0	0.0	0.0	0.0
0.0	0.0	0.0	0.0	0.0
0.0	0.0	0.0	0.0	0.0
0.0	952.1	2113.4	3112.4	4433.5
0.0	940.3	2136.0	3195.0	4167.4
0.0	916.3	2229.5	3207.7	4147.7
0.0	826.2	2095.1	3064.4	4207.6
0.0	856.5	2145.1	3171.3	4237.3
156.7	1000.4	2324.2	3228.2	4298.8
0.0	990.9	2327.5	3234.4	4339.7
0.0	1011.8	2246.4	3213.3	4300.3
0.0	932.8	2210.2	3223.4	4257.5
0.0	730.9	2201.5	3322.4	4212.8
0.0	613.7	2265.0	3309.4	4255.4
0.0	721.0	2130.7	3263.2	4218.9
0.0	697.4	2152.7	3192.3	4307.9
0.0	635.3	2083.0	3065.1	4225.1
0.0	555.4	2053.8	3283.4	4296.1
0.0	538.6	2103.6	3329.6	4230.4
0.0	592.2	2080.8	3301.9	4183.9
0.0	646.3	2050.9	3258.5	4097.3
111.0	765.9	2030.4	3164.3	3829.7
105.7	804.0	2001.8	3063.8	3678.9
206.1	835.5	1955.0	3008.5	3776.0
206.6	852.0	1900.9	2992.8	3970.2
205.7	848.5	1891.2	2993.7	3862.6
207.5	825.0	1902.5	3010.9	4050.0
211.8	789.2	1906.7	3024.0	4252.2
215.7	684.3	1902.6	3032.8	4306.3
219.6	657.3	1962.4	3119.5	4421.4
220.9	707.5	2215.7	3268.1	4382.9
215.8	1206.3	2288.0	3234.2	4299.7
0.0	830.5	2171.4	3304.5	4247.6
0.0	1220.5	2233.3	3352.1	4217.7
0.0	1153.5	2455.4	3306.3	4304.8
0.0	1059.8	2433.3	3389.9	4406.5
0.0	1320.2	2505.8	3436.5	4546.1
0.0	1036.7	2476.2	3433.8	4632.2
0.0	1101.4	2692.1	3656.5	4636.5
0.0	1112.8	2660.3	3663.7	4540.6
324.3	878.0	2606.6	3456.3	4477.6
500.0	847.9	2517.0	3411.6	4385.7
116.5	819.4	2358.2	3324.2	4230.6
0.0	461.2	2358.1	3138.0	4066.3
277.6	505.7	2326.7	2884.1	3914.6
263.4	502.0	2258.6	2715.3	3945.4
256.9	517.9	2123.4	2540.7	3910.9
255.6	512.7	1986.9	2429.0	3859.3
255.8	513.5	1796.0	2283.0	3900.5
255.6	519.2	1635.3	2235.2	3911.6
257.5	533.8	1567.9	2134.8	3918.7
259.1	544.8	1557.2	2084.1	3924.3
262.4	553.2	1525.4	2093.4	3932.3
264.6	572.4	1507.0	2109.6	3920.2
265.5	622.9	1545.2	2115.1	3885.1
266.5	684.5	1555.0	2107.0	3852.5
262.3	857.4	1681.3	2291.6	3862.6
258.2	934.0	1837.1	2540.8	3867.3
242.1	904.6	1966.5	2614.1	3883.7
233.0	910.0	2110.1	2638.2	3915.6
230.6	874.4	2088.0	2679.3	3947.4
227.9	902.3	2090.8	2809.0	3964.4
240.4	972.6	2095.5	2879.1	4010.6
255.1	801.8	2003.3	2894.4	3906.9
278.5	785.2	2042.2	2957.2	3944.9
301.0	773.1	1995.3	2983.7	4025.7
308.4	762.6	2009.3	3001.3	4104.4
311.1	771.5	2027.0	2960.5	4188.7
306.1	775.1	2038.8	3001.6	4192.9
297.3	763.3	2063.3	3094.4	4239.8
290.1	752.3	2104.8	3138.3	4288.0
280.3	699.1	2133.5	3165.1	4353.5
271.6	601.3	2107.0	3135.0	3827.7
265.2	506.6	2087.6	3157.3	3411.6
259.2	516.2	2128.8	3309.7	3361.3
247.2	544.1	2177.1	3284.8	3581.5
240.5	619.0	2210.4	3287.3	3649.1
229.8	640.9	2249.4	3341.3	3765.3
217.8	638.4	2275.3	3326.8	3876.9
208.1	608.3	2279.8	3307.0	3999.4
199.8	590.8	2297.3	3299.5	4131.0
195.1	580.7	2334.3	3270.1	4119.7
193.9	571.6	2349.3	3208.6	4046.3
192.6	572.2	2375.8	3170.2	4168.0
191.6	561.1	2393.1	3160.1	4288.0
192.2	567.6	2435.1	3161.0	4254.8
193.8	508.4	2493.8	3143.6	4186.0
195.6	493.3	2540.2	3103.3	4136.0
194.6	439.0	2572.5	3019.8	4128.9
195.0	437.5	2600.5	2964.5	4124.2
189.6	515.7	2564.6	2836.8	4094.4
187.4	285.2	2195.4	2964.2	4108.9
84.9	401.3	2094.1	3230.2	4132.3
66.9	1077.7	2291.3	3271.2	4098.0
77.1	1057.9	2256.3	3279.8	4095.3
0.0	1035.8	2155.9	3252.2	4271.2
0.0	1039.9	2206.5	3094.9	4273.5
0.0	905.0	2212.6	2931.4	4135.8
0.0	728.7	2148.7	2877.7	4310.8
448.2	651.5	1947.2	2715.8	4226.4
0.0	863.5	1868.9	2680.5	4222.8
0.0	930.9	1873.0	2667.6	4286.2
0.0	998.1	1826.6	2803.0	4076.1
0.0	1016.3	1901.5	2929.0	4053.2
119.1	901.2	1886.9	2937.8	4074.2
0.0	843.3	1945.1	3087.4	4177.9
230.5	808.5	2150.4	3138.4	4149.8
123.7	823.8	2220.5	3254.1	4128.6
97.2	843.4	2295.0	3325.9	4172.3
142.8	833.5	2185.8	2966.0	4321.7
0.0	824.0	2185.0	3059.7	4434.1
127.3	902.4	2094.6	3118.8	4480.3
144.6	937.0	2158.2	3248.3	4478.6
0.0	1039.1	2222.5	3352.2	4479.2
115.8	856.5	2002.4	3174.4	4399.3
190.5	752.9	2001.2	3160.3	4319.5
0.0	1013.2	2054.5	3270.7	4326.6
0.0	981.7	2037.9	3296.2	4292.6
110.8	821.9	1928.9	3262.0	4334.7
85.2	720.6	1927.6	3194.0	4382.0
118.3	829.1	2084.3	3166.3	4387.8
0.0	976.5	2172.1	3361.7	4396.5
0.0	917.2	2064.7	3149.5	4390.4
115.2	792.5	2060.2	3093.3	4351.7
