0.0	0.0	0.0	0.0	0.0
0.0	0.0	0.0	0.0	0.0
0.0	0.0	0.0	0.0	0.0
0.0	836.0	2013.0	3128.9	4291.6
0.0	826.4	2063.3	3069.8	4096.8
0.0	866.8	2123.0	3143.8	4206.4
0.0	848.6	2085.6	3132.6	4259.5
0.0	838.2	2103.2	3197.1	4241.6
0.0	874.5	2103.7	3195.7	4155.5
0.0	933.2	2198.4	3165.5	4174.1
0.0	859.6	2093.6	3104.6	4279.7
0.0	986.8	2068.4	3134.2	4200.8
0.0	966.3	2107.4	3123.7	4163.4
0.0	798.7	2085.6	3130.1	4199.9
0.0	784.5	2119.0	3091.5	4296.0
0.0	731.1	2146.1	2963.8	4341.9
0.0	878.3	2131.9	2896.1	4294.5
0.0	944.7	2234.6	2964.6	4250.9
0.0	1209.6	2385.8	3131.2	4179.5
0.0	1141.5	2456.0	3149.0	4183.3
0.0	1132.6	2435.1	3246.4	4245.0
0.0	1264.1	2447.5	3378.9	4429.0
0.0	920.4	2368.5	3243.0	4505.0
0.0	956.7	2421.5	3349.8	4471.4
0.0	960.0	2517.8	3177.9	4479.9
0.0	1193.2	2648.4	3163.7	4453.1
0.0	1224.3	2752.7	3366.3	4429.9
0.0	797.0	2700.4	3434.2	4444.4
0.0	904.4	2653.5	3329.1	4376.2
0.0	872.6	2685.2	3245.8	4199.1
0.0	868.7	2541.4	3138.1	4105.6
0.0	896.5	2474.2	3112.0	4078.2
0.0	870.7	2444.8	3066.6	4068.7
0.0	720.6	2341.9	2981.5	4049.1
264.3	749.4	2328.7	2973.0	4073.4
267.8	719.3	2329.5	2998.0	4016.6
276.2	717.7	2330.2	3010.6	3980.0
247.1	693.3	2349.1	2955.8	4023.3
244.9	701.9	2376.7	3051.6	4080.9
247.1	663.8	2378.8	3092.8	4180.1
246.5	664.1	2362.0	3056.0	4228.7
246.1	644.1	2320.2	3032.5	4277.9
244.0	655.8	2228.4	3039.8	4336.3
239.8	637.9	2085.3	3022.6	4362.6
223.6	598.7	1932.1	3029.3	4396.9
200.3	588.3	1768.5	3051.7	4363.3
70.1	548.8	1628.6	3068.8	4356.0
113.5	538.9	1574.6	3122.1	4322.9
244.8	537.4	1580.3	3120.7	4253.9
270.1	820.6	1932.3	3248.3	4469.6
253.6	1055.8	2309.5	3472.1	4465.7
245.1	844.9	2402.6	3563.2	4461.4
87.9	1076.0	2466.4	3635.7	4576.9
0.0	1081.5	2480.8	3586.4	4583.5
237.8	1096.5	2363.5	3458.7	4496.7
214.3	1220.0	2324.8	3401.6	4471.5
0.0	1297.2	2377.9	3353.8	4376.3
0.0	1145.1	2354.9	3516.6	4476.0
0.0	909.1	2089.4	3299.5	4369.5
552.2	695.8	1975.5	3100.5	4218.6
107.1	593.7	2077.1	3113.6	4179.5
269.0	570.6	2261.0	3126.2	4163.6
255.3	569.0	2425.2	3119.6	4132.0
243.3	558.8	2574.3	3052.0	4105.5
237.0	554.3	2670.7	2983.8	4137.5
233.9	572.9	2712.6	3015.2	4172.3
232.0	750.4	2631.0	3023.1	4217.0
227.6	922.8	2444.6	3046.1	4238.9
226.7	713.5	2104.0	3045.2	4191.5
225.9	421.4	1793.4	2944.8	4216.5
227.4	657.5	1790.2	2864.4	4477.3
227.0	462.9	1435.8	2658.5	4661.5
228.6	477.1	1200.5	2645.1	4483.0
226.0	443.4	2097.9	2772.8	4314.7
230.7	949.3	2034.7	2821.0	4248.4
235.0	925.7	2054.2	3089.0	4017.7
118.1	928.1	2024.2	3378.7	4264.8
0.0	700.7	1946.6	3182.6	4315.8
0.0	713.7	1924.8	2902.3	4149.7
243.6	693.4	1831.4	2904.4	3965.5
251.1	659.8	1635.5	2985.6	3948.9
258.7	658.3	1512.7	3056.9	4054.6
251.4	657.3	1352.5	3153.4	4007.9
231.9	650.2	1306.1	3244.8	3781.0
219.0	732.4	1824.0	3283.6	3739.8
68.1	728.9	1978.0	3329.0	3810.8
200.6	688.7	2002.2	3320.3	3878.3
196.3	419.0	973.0	3349.2	3728.8
206.6	420.5	962.7	3454.3	3800.3
209.3	431.1	925.1	3489.1	3783.1
206.3	513.1	991.2	3481.1	3892.7
207.2	635.4	1138.3	3439.9	3988.4
208.1	643.8	1217.4	3363.1	3900.8
201.6	637.7	1252.0	3238.6	3849.7
201.1	632.6	1336.9	3139.5	3724.7
200.9	614.9	1419.1	3006.2	3699.1
199.9	599.4	1499.6	2950.2	3733.5
199.6	592.3	1592.0	2882.2	3767.6
199.9	578.4	1647.6	2813.6	3831.9
209.4	486.0	1688.9	2760.5	4036.1
211.4	452.1	1700.6	2732.1	4146.4
211.0	434.4	1690.8	2730.0	4085.0
210.4	420.5	1781.4	2963.8	4160.4
213.5	1349.9	1994.5	3149.1	4236.9
73.1	641.9	2131.5	3072.6	4077.6
65.5	593.8	2194.7	3027.7	4105.8
0.0	914.3	2196.6	3101.7	4303.4
538.2	783.9	2370.5	3141.7	4357.9
530.1	646.6	2402.1	3071.0	4428.0
0.0	719.6	2303.0	3092.8	4233.8
0.0	786.7	2263.6	3043.7	4088.7
0.0	754.6	2299.1	2976.7	4219.8
0.0	753.4	2302.7	2864.1	4191.4
254.6	729.1	2190.9	2725.0	3956.5
244.0	692.8	2150.7	2686.0	3902.3
230.6	674.2	2195.5	2653.5	3883.8
227.3	614.6	2232.3	2714.6	3860.1
222.9	562.0	2283.1	2806.0	3899.2
219.8	560.0	2341.7	2796.0	3936.5
217.2	511.5	2365.9	2817.2	3982.8
213.8	503.2	2367.9	2893.7	4061.7
208.4	511.5	2363.6	2949.5	4107.4
201.0	490.0	2322.2	2966.9	4145.2
190.2	484.8	2117.5	2974.5	4143.8
66.6	483.8	1793.7	3048.8	3986.9
72.6	427.5	1437.6	3039.3	3949.3
72.6	438.5	1847.0	3108.3	4004.2
87.0	458.4	2274.5	3137.2	3659.9
266.2	376.1	2264.7	3149.5	3557.9
314.4	350.0	2250.7	3430.1	3781.3
103.8	428.3	1048.6	3433.5	3859.9
193.3	655.5	1251.6	3400.2	3960.0
208.7	699.1	1425.7	3332.3	3976.1
199.3	708.7	1522.7	3287.6	3993.4
198.5	716.7	1575.9	3237.5	3982.4
199.5	720.8	1610.2	3115.0	3833.8
199.6	721.2	1660.0	3031.5	3815.7
201.2	711.8	1724.7	3033.4	3911.9
202.6	710.2	1752.4	3047.5	3945.6
203.6	714.9	1745.2	3055.4	3960.7
205.3	693.8	1726.0	3056.0	4011.4
207.8	646.0	1709.2	3056.7	4126.4
208.7	607.3	1664.3	2842.6	4176.1
207.1	577.4	1646.6	2525.2	4321.6
207.6	633.2	2187.3	2817.1	4442.1
213.5	596.4	2187.1	2978.8	4471.0
213.9	622.2	2259.7	3063.9	4508.9
213.3	456.7	1282.3	2649.5	4420.4
212.1	424.3	1240.0	2633.0	4279.5
210.6	413.3	1159.4	2525.3	4279.0
210.1	542.9	1093.1	2498.1	4312.4
209.8	873.4	2357.3	3256.2	4458.9
215.6	738.8	2412.4	3381.1	4409.0
203.8	721.4	1067.8	2571.9	3856.5
201.2	743.7	1049.5	2452.3	3847.0
199.1	733.1	1063.5	2316.2	3824.1
196.7	744.0	1105.2	2195.3	3876.3
196.5	740.5	1095.4	2058.1	3793.1
195.5	737.6	1115.7	1939.7	3660.4
193.3	736.7	1132.0	1847.1	3629.3
191.4	739.5	1184.6	1786.7	3585.9
190.3	708.7	1240.2	1771.9	3611.4
186.9	659.0	1278.7	1747.6	3626.7
93.4	608.0	1330.3	1778.0	3646.1
125.2	528.1	1364.9	1891.1	3795.8
117.2	392.6	1497.3	2692.4	4041.9
69.6	375.8	1972.8	3094.8	4201.9
258.0	394.4	1885.6	2960.7	4176.6
135.0	1423.5	2043.9	3018.1	4181.5
0.0	1283.2	1868.2	3020.5	3959.3
0.0	803.4	1822.3	3274.5	4045.5
544.1	1645.2	2705.9	3536.2	4438.2
503.4	1522.4	2696.8	3682.4	4669.4
239.5	1448.5	2441.9	3606.4	4780.0
0.0	1247.0	2206.4	3556.9	4648.2
0.0	1197.7	2150.7	3431.0	4552.6
0.0	962.4	2055.2	3372.0	4606.4
0.0	906.5	1857.8	3084.8	4492.9
0.0	830.3	1802.7	2919.6	4337.6
0.0	795.2	1700.4	2959.5	4252.9
247.9	630.8	1652.8	2994.3	4226.7
223.7	624.7	1640.4	3017.5	4184.1
207.5	613.5	1602.6	3046.1	4157.7
202.8	511.4	1556.0	2893.2	4051.3
200.4	419.1	1571.3	2541.2	3973.3
196.3	376.0	1549.8	2606.7	3993.2
193.8	392.3	1528.3	2668.1	4248.9
191.6	432.2	1540.4	2547.5	4299.5
192.7	366.6	1538.5	2479.5	4337.7
192.0	374.5	1551.3	2457.6	4316.3
191.8	420.8	1533.9	2503.8	4126.8
188.3	514.4	1555.6	2860.1	4064.3
186.7	612.6	1630.3	2983.2	4101.5
183.0	625.3	1675.0	2980.2	4114.8
176.8	565.4	1692.1	2961.3	4129.3
174.4	561.4	1686.9	2970.2	4148.2
186.2	597.4	1664.7	2978.7	4181.2
195.3	605.3	1638.7	2992.9	4229.8
197.9	639.0	1750.9	3049.7	4263.8
190.5	769.8	2251.3	3454.0	4460.9
196.9	1146.3	2286.4	3425.4	4504.7
321.9	1088.9	2182.2	3531.2	4624.8
226.4	1138.5	2202.3	3557.4	4719.5
0.0	1188.5	2312.1	3462.4	4472.5
0.0	1310.4	2442.3	3436.4	4419.8
0.0	1271.3	2316.2	3484.7	4378.9
0.0	1283.5	2348.1	3517.5	4495.5
0.0	964.7	2271.0	3439.5	4537.9
0.0	983.3	2247.2	3384.3	4415.8
82.2	1155.6	2256.6	3336.5	4509.6
500.0	1101.8	2331.7	3331.5	4586.8
0.0	1092.0	2263.4	3362.5	4499.2
0.0	984.2	2348.7	3449.8	4438.2
85.7	948.7	2410.3	3430.8	4405.4
0.0	346.1	2209.0	3115.0	4316.5
0.0	415.3	1681.5	3076.9	4324.2
228.3	445.4	1661.6	2987.7	4306.2
213.0	425.9	1662.4	2956.5	4340.1
213.7	480.4	1619.3	2985.5	4133.1
211.4	697.7	1641.8	3106.9	3867.3
202.3	753.5	1653.8	3130.9	3909.3
196.1	760.1	1672.4	3093.7	3813.3
195.4	751.4	1674.0	3056.7	3767.0
191.9	745.6	1665.9	3018.2	3843.6
189.4	730.7	1660.7	2995.0	3888.1
187.1	720.6	1659.2	2919.3	3807.9
187.0	709.2	1633.7	2827.8	3767.0
180.9	682.7	1627.1	2764.6	3807.9
177.6	657.8	1638.1	2706.5	3784.0
171.5	643.9	1589.6	2643.4	3684.2
156.3	625.6	1574.1	2592.6	3619.7
152.0	630.8	1573.5	2587.5	3666.5
0.0	606.5	1534.1	2588.8	3837.2
110.0	587.0	1491.5	2601.3	3885.8
105.8	609.4	1495.2	2599.1	3797.8
106.3	582.0	1468.1	2610.7	3808.7
241.2	561.6	1425.9	2583.3	3821.4
93.7	573.0	1380.9	2636.9	3917.9
93.5	578.5	1382.3	2750.1	4038.7
93.9	612.0	1429.5	2773.6	4027.4
92.1	620.1	1485.4	2779.3	3928.7
202.5	644.2	1510.9	2766.1	3897.6
189.4	749.6	1505.3	2758.6	4024.0
191.3	801.1	1453.8	2807.8	3998.6
96.5	785.4	1471.3	2853.2	4071.5
0.0	717.6	1537.7	2912.0	4220.8
0.0	726.2	1563.4	2949.0	4138.8
0.0	761.6	1633.8	2983.5	4128.5
0.0	882.1	1803.9	3093.0	4185.1
