0.0	0.0	0.0	0.0	0.0
0.0	0.0	0.0	0.0	0.0
0.0	0.0	0.0	0.0	0.0
0.0	323.7	1894.3	3035.7	4488.7
0.0	317.2	1861.3	2927.3	4219.9
0.0	326.7	1857.6	2982.2	4106.1
235.4	303.8	1951.0	3078.4	4174.5
219.5	257.7	2154.9	3124.9	4290.2
213.3	492.1	2019.9	3188.1	4273.0
207.1	1270.9	2305.2	3356.4	4351.1
197.6	946.0	2277.3	3307.1	4373.8
63.8	963.5	2053.4	3122.7	4243.2
0.0	1085.2	2322.4	3284.1	4304.3
0.0	1244.5	2383.7	3477.9	4394.6
0.0	1010.3	2267.3	3344.6	4359.1
0.0	855.3	2268.3	3383.6	4334.8
0.0	812.4	2307.9	3482.4	4395.0
0.0	866.3	2310.1	3452.1	4291.4
0.0	983.3	2223.7	3220.6	4270.6
0.0	507.6	2096.6	3147.5	4306.1
250.0	485.9	2113.2	3155.7	4351.5
240.9	512.7	2079.9	3184.3	4421.8
254.9	534.9	2110.2	3195.0	4488.1
264.8	540.4	2157.3	3178.0	4557.4
267.3	559.0	2181.4	3197.4	4574.3
275.7	571.8	2183.8	3215.7	4638.5
280.6	586.7	2135.8	3226.2	4664.5
287.8	586.8	2149.0	3267.4	4618.6
290.3	541.7	2161.5	3321.9	4625.4
287.7	600.2	2124.8	3298.6	4632.3
139.8	693.5	2359.8	3377.1	4595.9
69.3	1174.4	2531.4	3535.5	4604.0
71.9	1036.4	2527.3	3525.3	4540.7
156.3	991.3	2582.5	3570.7	4640.3
0.0	1087.4	2452.4	3487.6	4539.8
363.6	1123.4	2350.4	3397.2	4326.1
73.2	1155.7	2479.7	3542.4	4475.0
0.0	988.0	2449.7	3494.6	4445.2
0.0	925.1	2333.9	3393.7	4308.7
152.1	809.4	2164.1	3367.7	4490.2
0.0	716.1	2062.7	3347.1	4622.6
322.6	638.4	2020.6	3327.5	4738.3
300.9	602.3	2023.5	3326.5	4726.2
287.4	573.4	2054.5	3323.6	4755.9
279.9	549.4	2079.8	3316.9	4787.9
270.9	529.4	2098.0	3281.9	4795.9
263.3	522.4	2038.9	3249.2	4788.2
258.4	501.9	1985.0	3299.1	4829.8
250.8	490.3	1984.3	3293.1	4751.6
243.9	458.8	2057.1	3323.0	4689.1
235.7	448.0	2092.3	3229.8	4579.4
226.4	415.3	2163.2	3398.4	4561.0
218.2	817.7	2303.6	3435.8	4577.3
208.1	887.6	2357.0	3392.3	4519.7
209.5	1304.2	2598.7	3475.8	4438.0
209.2	1404.8	2499.4	3517.1	4469.2
217.4	618.1	2255.0	3448.7	4500.1
221.1	462.8	2018.9	3314.5	4464.4
217.8	455.0	1975.3	3225.2	4491.7
223.5	475.8	1992.2	3189.0	4594.3
225.6	490.9	2037.3	3211.5	4530.6
221.9	504.8	2088.7	3211.0	4489.7
218.5	509.6	2155.7	3199.0	4431.9
215.0	509.6	2222.2	3178.1	4410.8
213.2	511.6	2310.3	3174.3	4386.9
211.6	505.2	2377.6	3182.9	4385.9
208.3	495.4	2438.5	3179.1	4368.2
203.1	479.9	2505.4	3183.6	4351.1
204.2	462.3	2551.6	3217.0	4335.3
206.3	452.5	2563.8	3251.1	4393.3
208.4	440.0	2544.9	3239.0	4423.7
210.2	421.8	2456.7	3224.0	4406.8
209.1	443.6	2365.1	3226.9	4438.8
203.3	774.5	2379.2	3320.0	4479.4
196.1	898.9	2291.7	3457.2	4622.0
193.5	954.0	2243.7	3324.9	4659.2
63.8	852.5	2339.4	3494.2	4553.6
0.0	1305.5	2542.8	3768.0	4523.0
121.0	1047.1	2449.7	3666.1	4556.9
69.7	1297.8	2569.2	3728.5	4526.8
270.7	1280.9	2488.1	3675.2	4552.1
336.4	1246.0	2551.6	3563.9	4472.0
121.3	1350.9	2567.0	3606.0	4430.2
193.8	865.3	2554.2	3632.5	4465.2
0.0	1093.5	2458.8	3420.1	4407.2
105.3	1223.0	2388.7	3438.1	4305.1
0.0	1391.2	2291.8	3468.6	4387.3
0.0	1121.6	2427.3	3379.5	4401.3
0.0	1132.2	2569.5	3377.0	4359.8
0.0	1038.5	2127.2	3317.9	4327.9
0.0	1064.4	2403.2	3464.2	4401.8
0.0	917.7	2314.2	3543.7	4397.0
0.0	487.1	1343.6	3346.2	4347.6
245.9	487.2	1461.4	3285.0	4404.8
244.3	487.5	1684.0	3244.0	4434.7
244.8	489.5	1869.8	3229.6	4449.1
243.7	494.9	2035.3	3221.5	4359.5
250.5	501.5	2183.0	3251.6	4469.4
251.3	522.5	2363.0	3265.5	4528.7
254.8	507.0	2497.4	3259.5	4524.4
256.4	551.4	2553.4	3240.6	4444.8
258.7	588.4	2460.9	3189.6	4371.8
260.0	546.8	2202.0	3137.8	4295.4
258.9	444.0	2083.0	3173.6	4257.2
125.3	806.7	2118.3	3233.0	4383.8
78.4	1041.3	2168.6	3220.8	4303.7
79.2	1183.5	2348.5	3332.8	4211.3
0.0	1198.5	2324.3	3333.7	4373.3
0.0	1076.5	2192.7	3285.3	4367.5
0.0	1098.0	2234.2	3242.6	4301.3
0.0	762.0	2031.8	2960.9	4175.5
0.0	943.3	2100.0	3008.8	4128.6
0.0	649.8	2373.6	3114.5	4121.4
315.0	583.8	2626.0	3212.3	4247.4
287.9	587.5	2711.0	3265.5	4292.8
274.3	556.9	2691.5	3248.8	4302.2
269.0	573.8	2684.6	3238.6	4294.4
268.4	562.0	2666.7	3214.5	4293.3
267.5	543.6	2691.2	3229.7	4276.9
263.9	542.0	2778.9	3368.4	4331.8
262.4	530.0	2806.0	3412.7	4415.9
261.2	542.1	2786.8	3407.6	4485.6
263.0	533.3	2743.4	3463.9	4527.4
261.3	541.7	2653.6	3483.6	4659.5
260.0	525.5	2462.5	3454.3	4650.3
258.2	552.2	2485.6	3390.3	4466.7
259.6	549.1	2465.1	3438.2	4229.9
260.9	559.7	2418.9	3589.0	4205.3
260.9	564.3	2378.5	3627.3	4315.1
259.4	546.6	2589.4	3594.0	4486.8
260.7	519.5	2562.1	3534.8	4527.9
262.3	478.4	2354.8	3402.5	4434.2
261.7	422.4	2227.3	3136.7	4279.6
256.5	362.9	2323.4	3048.8	4238.4
83.8	493.3	2305.7	3070.7	4281.5
83.1	953.7	2488.0	3118.2	4455.5
0.0	952.4	2575.0	3145.8	4499.3
142.9	706.8	2577.7	3262.0	4367.7
139.5	837.2	2537.5	3293.9	4349.2
176.5	885.7	2543.7	3248.9	4253.3
196.7	801.0	2527.9	3253.4	4135.3
0.0	775.5	2502.1	3206.5	4111.9
252.1	772.8	2446.8	3210.5	4145.5
247.8	644.2	2450.6	3229.1	4120.4
244.8	681.2	2419.8	3193.3	4123.8
244.1	694.9	2361.6	3145.2	4153.5
244.1	744.1	2274.9	3130.8	4209.7
242.1	822.3	2159.3	3073.5	4137.5
239.4	832.9	2128.9	3064.1	4157.5
232.8	838.2	2066.0	3063.5	4128.1
224.0	872.5	1962.8	3081.9	4114.9
219.0	907.3	1873.0	3099.3	4149.9
216.9	910.3	1848.9	3120.4	4181.9
214.4	890.1	1767.1	3122.9	4139.1
211.3	885.2	1703.2	3077.8	4106.1
210.1	841.8	1673.8	3082.7	4113.8
208.8	845.9	1634.3	3169.5	4185.3
206.8	811.3	1605.3	3194.7	4239.8
203.3	808.6	1533.1	3202.7	4282.8
199.5	780.7	1462.6	3216.4	4247.0
195.3	723.9	1411.7	3125.6	4204.1
96.9	807.3	1568.0	3001.0	4129.5
82.5	1122.4	2053.6	3144.4	4160.6
0.0	1160.7	1865.1	3056.9	4293.5
0.0	1169.5	2210.5	3170.6	4316.7
0.0	1219.5	2164.0	3180.8	4233.7
0.0	1289.1	2360.0	3185.8	4239.8
0.0	1021.4	2208.7	3174.8	4211.5
0.0	998.1	2113.6	3272.5	4084.1
0.0	985.4	2574.8	3393.6	3955.6
0.0	981.7	2608.2	3542.5	4145.6
571.4	1281.5	2467.8	3618.6	4553.8
0.0	805.7	2300.8	3533.5	4782.7
0.0	1013.6	2481.5	3618.6	4657.8
0.0	1233.4	2582.4	3583.8	4497.6
375.0	1215.6	2413.0	3535.6	4578.9
0.0	910.9	2289.9	3409.0	4523.2
0.0	899.3	2315.8	3410.2	4534.2
0.0	940.7	2521.8	3594.6	4603.8
0.0	803.7	2398.7	3512.5	4490.3
0.0	617.0	2076.4	3285.1	4446.1
0.0	606.9	1514.4	3230.2	4389.2
0.0	605.0	1366.3	3317.7	4434.4
191.7	624.7	1328.1	3311.1	4336.4
183.9	663.6	1308.8	3291.7	4230.8
178.0	685.6	1290.4	3288.7	4117.8
176.0	682.8	1220.1	3278.8	4076.9
174.1	673.9	1195.4	3287.6	4053.5
171.8	672.3	1174.9	3275.6	4071.3
171.1	670.7	1159.8	3225.6	4091.2
169.9	668.6	1124.2	3242.5	4088.3
167.3	643.8	1070.3	3318.1	4083.6
164.3	637.1	1042.4	3340.9	4073.8
165.4	626.4	1022.2	3330.1	4024.4
82.8	622.1	1000.0	3264.8	3981.3
83.5	627.6	989.5	3209.2	4036.6
83.2	619.7	996.5	3249.4	4086.2
84.0	642.8	1103.8	3295.3	4106.2
73.4	728.8	1727.5	3288.8	4197.9
463.3	781.4	1479.9	3273.5	4230.6
219.4	719.6	1479.2	3283.1	4163.3
213.0	689.0	1497.6	3171.2	4100.0
203.5	823.8	1522.2	3111.2	4186.8
66.8	831.0	1613.3	3002.8	4307.3
203.0	817.9	1684.7	3123.5	4339.9
226.7	1008.1	1784.1	3258.8	4297.9
0.0	1041.2	2163.3	3372.7	4341.8
0.0	940.3	2321.8	3445.5	4345.5
0.0	1040.7	2378.3	3493.0	4375.3
0.0	1039.9	2194.7	3251.3	4374.1
