0.0	0.0	0.0	0.0	0.0
0.0	0.0	0.0	0.0	0.0
0.0	0.0	0.0	0.0	0.0
0.0	946.4	2224.0	3277.6	4417.9
0.0	963.0	2162.1	3267.1	4325.8
0.0	969.2	2192.1	3155.5	4296.0
0.0	987.0	2303.0	3214.6	4370.4
0.0	931.1	2233.7	3310.5	4317.2
0.0	851.3	2315.6	3363.4	4200.6
0.0	917.9	2440.4	3299.6	4219.5
0.0	731.8	2262.1	3197.0	4214.3
0.0	1042.9	2187.3	3257.6	4304.5
0.0	997.1	2338.5	3371.9	4315.0
0.0	952.1	2348.8	3339.0	4220.6
0.0	963.0	2216.7	3050.9	4105.4
0.0	958.0	2343.2	3255.9	4197.1
0.0	951.9	2358.6	3320.4	4201.3
0.0	943.2	2373.6	3330.9	4274.3
78.8	863.5	2377.5	3384.9	4311.8
0.0	872.9	2377.5	3389.6	4407.0
77.3	854.4	2367.3	3330.5	4272.9
0.0	825.9	2366.5	3211.6	4249.5
0.0	787.8	2366.5	3165.6	4310.2
234.9	801.4	2379.2	3168.3	4280.2
207.3	757.6	2263.4	3137.4	4238.9
243.0	604.8	2235.4	3092.8	4379.4
227.5	575.9	2191.3	3112.4	4310.1
214.3	503.2	2143.3	3102.0	4409.3
214.5	441.9	2097.8	3085.0	4458.2
213.9	426.2	2051.1	3096.5	4445.7
213.3	425.5	1997.1	3064.2	4405.8
214.1	419.7	1968.5	3065.8	4287.0
209.1	442.1	1974.2	3141.1	4226.8
202.4	433.5	2093.0	3215.0	4297.1
189.7	409.9	2134.3	3211.1	4303.3
176.7	1146.7	2187.2	3400.3	4376.6
164.2	1201.0	2319.5	3488.0	4518.0
160.0	1187.6	2296.6	3390.2	4463.1
75.5	1148.8	2267.8	3435.5	4449.9
77.3	1165.2	2346.2	3456.6	4390.7
0.0	1405.5	2411.9	3454.1	4415.2
0.0	1313.5	2231.9	3356.4	4447.1
0.0	713.9	2193.6	3264.3	4390.3
524.6	769.6	2516.5	3424.5	4362.9
515.7	1082.7	2212.6	3476.7	4289.5
0.0	570.8	2061.1	3328.2	4249.4
243.4	459.7	1268.8	3141.8	4272.4
215.0	431.9	1233.6	3207.7	4267.5
215.2	432.2	1240.0	3233.0	4277.2
218.0	438.6	1237.4	3223.5	4292.5
217.6	438.4	1254.8	3223.7	4306.2
218.4	472.9	1322.7	3260.9	4344.9
223.9	541.4	1461.6	3288.0	4360.0
223.7	624.2	1569.0	3323.6	4330.6
223.8	652.7	1612.8	3319.0	4263.5
224.9	677.5	1690.8	3277.9	4252.2
226.2	682.8	1768.1	3245.3	4156.3
226.1	686.9	1816.1	3202.1	4180.2
227.2	690.9	1833.3	3167.4	4171.7
229.0	692.0	1859.0	3142.9	4147.4
230.5	698.3	1860.6	3136.9	4101.8
233.1	705.0	1880.3	3102.1	4031.9
237.2	668.1	1852.0	2993.4	4116.2
239.6	565.9	1773.8	2918.6	4129.6
241.8	485.0	1701.5	2923.6	4062.8
121.4	521.8	1977.7	3176.1	4285.0
117.4	943.9	2231.0	3186.7	4265.5
77.2	910.2	2305.6	3171.6	4186.5
229.6	1004.9	2317.9	3184.2	4254.4
0.0	1023.6	2251.3	3312.1	4283.4
0.0	913.7	2218.4	3318.9	4281.5
0.0	957.9	2296.5	3296.2	4258.6
158.5	998.1	2297.5	3506.3	4167.8
502.2	1076.6	2312.2	3700.2	4280.0
174.0	1143.1	2341.2	3806.7	4502.6
0.0	965.8	2397.2	3864.6	4684.6
0.0	1207.1	2474.7	3836.7	4737.8
375.0	1054.7	2523.6	3849.3	4729.1
0.0	1005.0	2465.0	3677.5	4782.4
300.0	1125.6	2404.1	3528.8	4764.9
0.0	1024.3	2444.7	3483.3	4634.2
0.0	900.5	2312.3	3386.4	4583.7
0.0	923.4	2191.6	3360.9	4484.0
0.0	1166.4	2320.1	3399.0	4562.1
0.0	1182.9	2423.3	3586.9	4578.8
0.0	945.5	2366.8	3388.6	4275.8
0.0	990.9	2170.9	3287.2	4190.9
0.0	1081.0	2258.4	3206.8	4225.5
0.0	1229.4	2375.6	3325.5	4248.9
94.5	1211.4	2312.2	3389.1	4311.6
0.0	1219.1	2423.6	3359.8	4491.6
0.0	1260.3	2554.1	3332.5	4414.7
0.0	1244.8	2524.7	3455.9	4268.0
0.0	1130.7	2432.8	3325.6	4226.8
0.0	956.9	2154.8	3061.1	4182.3
0.0	663.1	1882.5	2974.8	4158.7
384.0	674.9	1916.1	2992.9	4072.2
230.0	692.8	1852.5	2992.8	4068.9
226.7	720.0	1851.4	2931.3	4108.1
222.1	770.4	1820.3	2948.9	4117.4
219.1	796.7	1785.7	3022.3	4108.8
216.2	812.2	1710.5	3033.1	4044.8
214.9	827.0	1638.0	2933.0	3994.4
214.1	814.1	1586.3	2905.3	4028.0
212.9	798.1	1543.6	2914.3	4056.4
211.6	776.6	1485.7	2986.2	3998.2
210.6	743.8	1433.5	3047.2	4003.8
210.6	717.1	1385.1	3078.4	4031.4
208.1	669.6	1354.5	3103.9	4007.6
208.1	629.1	1263.3	3115.5	4018.4
208.1	608.7	1224.2	3099.3	4102.7
205.7	588.3	1191.7	3043.6	4178.7
198.2	555.6	1179.0	3029.0	4208.1
0.0	485.0	1182.9	3019.6	4291.0
63.9	387.4	1180.4	2963.3	4390.9
103.6	361.5	1308.1	2952.9	4483.9
352.8	341.6	1318.0	2833.5	4370.6
171.1	326.5	1419.3	2970.7	4184.5
82.0	336.5	1736.3	3079.7	4128.1
327.8	330.9	2070.2	3053.2	4182.2
318.9	610.5	2118.6	3100.5	4201.0
315.1	809.6	2106.8	3122.8	4295.0
0.0	1399.8	2294.3	3346.3	4393.2
0.0	874.4	2164.1	3232.9	4346.1
0.0	952.2	2129.5	3205.4	4294.1
0.0	1043.6	2243.3	3250.7	4288.4
0.0	986.1	2170.3	3103.8	4273.0
0.0	816.8	1394.0	3087.2	4357.9
0.0	570.8	1461.7	3142.0	4420.0
0.0	678.9	1806.0	3028.7	4270.8
126.3	419.3	1773.1	3072.7	4116.6
209.2	426.3	1689.6	3158.7	4169.5
209.3	421.5	1472.1	3065.7	4224.8
212.9	422.2	1551.0	3073.1	4217.4
212.0	459.8	1643.9	3178.0	4475.8
214.6	473.1	1695.8	3192.9	4653.8
218.6	476.6	1779.4	3207.6	4580.4
222.0	462.6	1888.4	3241.4	4479.2
222.1	467.6	1944.4	3196.5	4391.1
220.6	444.2	1954.8	3120.2	4366.7
219.0	443.3	1996.7	3096.5	4314.8
217.4	444.8	1971.3	3114.9	4231.9
215.1	431.8	1999.4	3032.0	4207.1
213.2	423.1	2003.5	2969.8	4230.2
210.3	421.7	2009.3	2919.0	4143.3
207.9	417.5	2053.5	2919.3	4175.2
209.0	411.8	2073.3	2965.8	4166.9
207.4	411.5	2104.0	2935.7	4021.9
207.3	414.9	2151.8	3012.8	3928.0
207.6	405.9	2223.6	3077.5	3927.4
205.9	371.8	2271.4	3121.0	4069.8
90.8	977.5	2230.0	3279.8	4186.7
90.4	1070.8	2237.2	3340.8	4224.2
0.0	1150.8	2322.5	3432.0	4301.2
0.0	1268.7	2319.0	3416.5	4349.1
0.0	1191.0	2193.9	3298.4	4365.7
0.0	292.8	562.1	2862.3	4109.9
0.0	900.7	2266.5	3465.9	4481.1
0.0	926.7	2447.1	3679.2	4499.7
413.8	1418.4	2704.6	3596.3	4465.6
63.5	1108.4	2459.1	3344.9	4474.0
0.0	1027.7	2408.6	3222.1	4474.2
0.0	823.7	2392.6	3109.6	4427.2
130.4	536.9	2461.3	3033.5	4344.4
0.0	433.6	2545.1	3067.2	4422.1
232.7	416.1	2644.6	2957.4	4359.9
225.4	394.7	2673.1	2880.6	4392.2
103.5	430.6	2420.0	2916.7	4407.5
63.5	427.8	2299.3	3154.4	4322.1
191.7	1357.1	2522.4	3368.4	4272.0
200.4	1149.8	2309.2	3115.5	4322.4
0.0	1319.7	2522.3	3240.2	4356.3
0.0	768.8	2500.6	3387.4	4413.9
0.0	485.7	2623.0	3413.2	4363.3
0.0	466.5	2584.6	3308.9	4334.3
202.6	535.7	2492.7	3259.8	4258.7
201.6	612.8	2410.1	3167.1	4207.1
199.0	619.8	2375.9	3137.1	4229.4
196.4	640.5	2307.1	3077.5	4192.4
193.6	682.8	2257.4	3064.0	4178.9
190.7	710.9	2184.8	2952.2	4276.2
188.7	735.3	2116.2	2875.4	4232.2
186.2	756.4	2053.6	2870.1	4126.5
185.3	777.0	2015.3	2835.2	4173.7
184.7	790.7	2020.4	2856.2	4185.6
184.3	763.7	1967.2	2881.6	4272.3
183.8	718.0	1967.2	2926.6	4243.3
184.0	706.4	1920.6	2917.5	4129.1
182.9	660.6	1836.0	2912.7	4099.1
181.8	565.7	1746.8	2897.9	4033.3
179.4	467.5	1716.3	2873.2	4084.4
174.7	454.3	1670.0	2868.0	4089.6
170.4	439.5	1725.6	2900.3	4065.5
164.8	388.0	1800.6	2998.7	4052.1
162.9	592.8	1892.2	3041.5	4145.1
0.0	601.9	1894.1	3015.9	4137.6
182.1	609.5	1855.3	2959.3	4101.7
175.6	630.1	1884.8	2852.5	4099.3
176.2	607.3	1863.2	2663.9	4113.5
178.5	558.0	1976.5	2587.9	4153.3
176.8	567.7	1932.7	2446.4	4131.0
182.0	546.0	1905.3	2384.9	3982.7
181.6	555.7	1895.6	2424.7	4027.1
182.5	564.9	1839.6	2439.5	4048.8
179.5	531.9	1875.3	2474.8	3989.5
91.9	580.7	1893.6	2453.5	3882.1
189.3	786.6	1862.3	2414.8	3751.3
187.5	858.2	1909.8	2540.8	3627.1
178.9	798.1	1930.7	2597.8	3569.4
176.2	819.5	1973.0	2602.7	3577.6
166.9	825.3	2066.6	2936.8	3831.8
0.0	840.0	2000.7	2767.8	3881.0
141.7	778.5	1940.6	2703.7	3800.1
105.3	870.6	1970.8	2908.5	3848.6
235.3	887.9	1921.7	2942.7	3869.8
0.0	890.8	1889.8	2716.7	3860.3
0.0	875.0	1963.5	2650.4	3867.8
0.0	1068.4	1941.2	2791.5	3882.8
0.0	1020.2	1947.7	3010.9	4006.7
0.0	975.5	1988.0	3044.9	3991.9
0.0	1223.9	1998.7	3121.0	4068.5
