0.0	0.0	0.0	0.0	0.0
0.0	0.0	0.0	0.0	0.0
0.0	0.0	0.0	0.0	0.0
0.0	1082.0	2021.9	3094.4	3977.5
0.0	963.0	2046.2	3012.0	4000.6
0.0	818.6	2034.0	2947.1	4053.3
0.0	726.8	2048.0	3049.0	4046.2
0.0	859.9	2158.9	3272.9	4165.9
0.0	921.6	2300.0	3314.6	4336.3
0.0	972.5	2221.9	3309.8	4319.5
0.0	1201.8	2067.2	3119.0	4205.2
0.0	1029.7	1986.2	3088.7	4124.6
0.0	1338.1	2349.3	2979.6	4140.6
0.0	1432.7	2538.4	3135.7	4247.1
0.0	849.3	2327.8	3011.0	4162.0
219.7	988.8	2319.8	2926.4	4148.1
201.8	345.0	1957.8	2609.9	3902.6
204.4	352.6	1947.1	2519.9	3908.5
208.0	520.6	1852.0	2587.5	3902.2
205.5	528.2	1701.8	2615.4	3930.9
203.0	535.4	1821.3	2665.0	4103.5
210.0	587.6	2130.8	2812.9	4050.8
205.7	601.1	2264.2	2869.5	3969.0
203.6	605.6	2288.1	2931.0	4036.3
203.2	607.1	2316.6	3010.6	4060.8
202.6	611.4	2330.6	3022.4	4086.0
202.8	615.7	2312.5	3012.2	4090.6
203.5	625.4	2242.0	2980.3	4048.0
204.7	631.8	2142.0	2991.8	4002.9
206.0	650.5	2016.1	3028.7	4032.7
205.9	678.0	1904.8	3045.6	3978.6
205.6	712.4	1850.7	3029.6	3931.1
205.1	755.4	1837.1	3006.7	3925.6
203.7	773.1	1822.1	2975.9	3845.3
202.2	751.8	1828.8	2963.1	3813.4
201.6	703.1	1890.6	2985.3	3859.5
201.4	676.2	2038.8	2993.0	3905.8
200.6	638.9	2156.4	2948.2	3887.5
200.7	602.0	2271.2	2930.4	3954.4
201.6	572.0	2371.9	2916.7	4024.4
201.4	495.4	2487.2	2848.9	4079.0
201.1	561.6	2548.6	2798.5	4132.8
197.4	583.0	2560.6	2728.1	4141.2
95.4	403.9	2598.2	2974.3	4226.9
87.1	675.4	2645.6	3095.6	4428.1
85.1	605.4	2700.3	3188.0	4429.9
0.0	526.5	2581.6	3144.9	4210.9
0.0	464.3	2357.5	3019.3	4007.7
208.2	487.9	2241.6	2957.0	4016.2
210.7	531.6	2149.1	2902.3	4006.2
209.8	587.9	2082.2	2863.6	4035.3
200.3	546.5	2020.9	2873.4	4057.7
188.3	533.4	1927.1	2866.8	4073.8
168.8	492.0	1825.0	2851.2	4089.1
127.3	466.4	1742.2	2821.3	4091.3
63.5	518.8	1682.0	2843.2	4091.2
63.5	1112.0	2178.9	3222.5	4301.6
112.2	789.7	2152.8	3323.6	4326.2
0.0	931.0	2297.3	3305.6	4365.2
0.0	1013.0	2288.8	3236.0	4354.5
0.0	902.6	2288.2	3440.1	4437.6
0.0	1079.6	2464.8	3752.7	4506.6
132.7	1120.1	2645.3	3827.3	4415.2
132.8	1187.0	2944.7	3911.1	4447.5
63.5	1462.3	3011.7	3999.1	4495.7
68.4	1260.1	2522.8	3856.0	4249.8
0.0	1144.3	2696.7	3896.2	4255.0
124.8	1303.4	2850.7	3943.4	4224.2
124.6	831.6	1808.4	3297.6	4007.8
0.0	614.2	1787.5	3099.9	4091.7
221.8	577.7	2227.4	3158.1	4575.2
208.4	548.5	2141.1	2987.3	4759.4
202.9	529.7	1320.8	2646.1	4494.3
205.5	557.0	1348.2	2639.5	4302.0
204.1	551.8	1221.0	2648.8	4127.6
204.9	552.1	1196.1	2629.5	4082.7
206.6	663.4	1433.2	2615.1	4172.2
205.7	674.8	1577.2	2643.2	3967.4
204.2	688.9	1667.6	2755.6	3796.7
203.1	609.9	1096.6	2671.8	3675.8
204.0	614.9	1087.4	2671.1	3657.8
199.9	623.7	1101.3	2816.5	3640.2
198.6	617.0	1121.5	2742.9	3596.0
197.9	637.9	1160.1	2770.6	3801.2
197.0	671.8	1180.2	2868.6	3819.6
196.4	668.1	1176.5	2743.1	3748.3
195.0	663.2	1176.3	2907.9	3823.2
194.1	640.8	1177.6	3315.6	4040.5
194.4	604.7	1171.1	2758.3	3953.4
193.8	547.6	1206.9	2673.5	4024.8
194.9	1061.9	2273.6	3232.3	4214.8
76.9	1289.0	2325.4	3200.2	4293.2
79.1	200.0	1962.2	3091.3	4294.8
76.4	822.3	1525.8	3077.3	4202.2
0.0	797.1	1517.4	3187.5	4136.2
0.0	633.0	1611.9	3136.8	4220.7
127.7	688.0	1594.5	2978.7	4270.4
527.0	896.5	1645.6	3045.9	4066.9
172.9	1005.5	1774.8	3302.5	4145.0
0.0	570.7	1757.4	3198.1	4152.7
216.6	554.7	1626.9	3267.8	4175.2
213.6	527.5	1621.2	3253.1	4161.4
212.0	467.7	1612.1	2746.2	4082.0
209.7	441.5	1625.7	2668.5	4105.2
207.0	893.1	2170.7	3166.5	4091.2
63.7	1191.5	2398.5	3296.3	4177.9
84.4	1131.7	2264.3	3195.7	4222.7
80.6	892.0	2182.5	3257.2	4284.0
0.0	969.5	2316.6	3347.3	4239.6
0.0	980.9	2318.6	3329.8	4275.5
0.0	1044.8	2313.8	3383.3	4354.8
0.0	1399.7	2479.1	3335.6	4395.2
0.0	1527.3	2573.8	3245.3	4315.8
477.2	1009.8	2815.4	3504.6	4436.1
491.7	449.5	2518.3	3175.6	4346.8
0.0	410.6	2480.8	3013.1	4128.5
202.1	410.1	2454.2	2920.0	4096.2
202.5	406.3	2447.6	2929.9	4081.7
206.0	403.7	2425.9	2900.5	4091.8
205.1	396.8	2410.8	2896.4	4133.1
204.0	387.4	2410.3	2939.9	4293.0
196.3	404.1	2430.5	3646.1	4622.9
183.1	822.0	2384.2	3583.2	4679.0
178.6	945.6	2323.0	3732.7	4782.9
89.6	971.6	2192.8	3996.6	5129.8
80.5	1108.0	2293.8	3996.7	5126.2
266.7	683.3	2324.3	3912.0	4801.0
500.0	900.4	2502.6	3999.5	4614.1
0.0	1174.5	2583.3	4018.4	4637.7
0.0	815.6	2413.6	3986.5	4508.9
190.5	616.5	2456.3	3714.5	4267.6
0.0	871.1	2438.9	3164.1	4224.3
0.0	571.6	2327.4	2935.1	4555.0
214.1	606.2	2081.9	2906.3	4571.2
205.0	610.0	2034.4	2975.9	4337.0
201.0	625.7	1989.4	2991.9	4320.7
200.7	611.7	1791.8	3028.9	4181.0
202.0	614.8	1538.4	2966.4	4151.9
200.1	640.3	1295.4	3067.9	4113.5
200.5	677.6	1212.4	3266.6	4213.7
200.8	661.7	1160.0	3300.9	4293.7
201.3	661.6	1140.2	3306.3	4297.3
201.5	672.3	1142.2	3302.0	4397.8
200.5	691.5	1162.0	3301.4	4325.3
200.4	704.6	1183.5	3403.0	4175.1
200.0	712.6	1197.4	3480.9	4207.9
199.5	714.0	1205.4	3511.0	4234.7
200.0	726.3	1261.7	3345.4	4102.7
199.8	717.0	1301.1	2387.2	3764.1
200.3	722.6	1345.5	2278.9	3911.5
200.2	734.4	1457.6	2311.2	3911.4
200.7	788.4	1782.5	3450.7	4267.9
200.3	755.8	1794.1	3433.6	4275.8
200.8	745.0	1831.1	3530.9	4375.8
201.5	754.0	1721.6	3599.6	4486.4
201.9	765.7	1682.3	3581.5	4492.7
201.9	775.3	1678.8	3595.1	4366.5
200.7	772.1	1646.0	3486.0	4076.2
200.7	758.1	1672.9	3226.1	3991.8
200.5	743.2	1702.1	3262.2	4172.1
200.3	763.8	1655.5	3214.2	4135.9
201.4	775.2	1624.1	2890.0	3952.5
201.8	893.3	1705.6	3117.9	4113.6
199.4	883.1	1711.2	3213.2	4232.9
196.3	921.8	1645.1	3086.8	4066.5
197.5	849.8	1595.8	3101.4	3967.0
194.1	1091.2	1573.4	3198.8	3925.7
97.7	995.7	1579.6	3252.1	3938.1
98.3	758.7	1711.3	3224.6	3976.8
65.9	881.5	1822.4	3268.5	3997.7
70.9	727.6	1713.5	3261.8	4012.6
63.8	757.8	1530.8	3234.2	3965.7
0.0	716.4	1535.5	3195.3	4121.1
0.0	765.2	1576.9	3212.3	4033.4
0.0	761.0	1614.3	3307.4	4034.3
335.6	736.9	1605.2	3196.7	4004.4
317.6	839.0	1524.6	2724.2	3917.6
0.0	804.9	1774.5	3293.8	4267.4
93.0	908.3	1881.0	3206.3	4134.1
63.5	1120.5	1960.8	3151.2	4086.4
0.0	1096.7	2039.6	3207.9	4088.4
0.0	925.7	2010.9	3089.7	3981.3
