0.0	0.0	0.0	0.0	0.0
0.0	0.0	0.0	0.0	0.0
0.0	0.0	0.0	0.0	0.0
0.0	1037.5	2000.1	3157.1	4259.2
0.0	895.2	2078.7	3126.2	4208.4
0.0	844.8	2196.5	3255.6	4291.6
0.0	711.6	2214.1	3191.5	4241.3
0.0	891.5	2195.6	3199.3	4227.3
0.0	990.0	2067.9	3315.9	4299.6
0.0	1062.2	2120.1	3233.2	4243.2
0.0	1251.8	2169.5	3129.7	4312.8
0.0	1383.4	2290.1	3266.3	4307.6
0.0	1126.8	2349.3	3322.9	4290.8
0.0	1010.5	2414.7	3386.7	4302.0
0.0	835.4	2291.6	3043.4	4203.2
0.0	858.3	2349.3	2931.1	4207.0
0.0	828.8	2340.2	2900.8	4250.6
0.0	807.1	2376.4	2885.9	4301.6
79.3	655.3	2330.2	2925.0	4258.2
87.6	708.7	2263.1	2971.8	4267.1
214.7	356.2	2241.1	2969.8	4217.1
230.6	412.5	2240.3	2914.2	4121.4
259.0	416.7	2241.2	2994.5	4100.9
257.3	395.8	2259.4	2937.8	4121.1
99.1	375.7	2313.3	2896.0	4134.7
195.8	367.0	2335.0	2847.8	4138.5
185.2	366.8	2403.3	2945.1	4235.3
177.9	330.1	2431.3	3330.5	4330.3
89.1	1078.6	2245.5	3374.7	4280.3
0.0	1071.8	2324.9	3238.7	4321.1
0.0	1173.3	2277.1	3222.3	4352.1
0.0	1140.9	2296.3	3361.1	4234.6
0.0	1052.5	2197.1	3369.7	4281.5
0.0	799.0	2143.7	2855.8	4245.1
0.0	524.2	2244.7	2707.7	4362.5
402.8	444.4	2277.8	2767.0	4330.9
0.0	430.1	2111.6	2631.8	4131.8
210.6	410.0	2047.1	2557.7	4099.5
187.9	426.5	1990.0	2566.1	4089.5
183.4	456.0	1921.7	2590.2	4088.2
180.3	411.5	1814.6	2594.0	4096.3
173.1	364.4	1747.9	2884.4	4071.2
82.2	301.4	1988.4	3273.1	4238.3
77.2	441.3	2086.3	3307.6	4317.6
75.3	1140.8	2274.9	3362.1	4258.4
161.2	1126.6	2198.9	3250.5	4173.6
172.3	1121.7	2244.1	3288.0	4241.3
0.0	1185.9	2269.2	3398.6	4284.7
0.0	1166.1	2219.0	3130.5	4164.5
0.0	1160.4	2241.9	3115.2	4274.7
0.0	820.0	1892.8	3227.2	4357.9
0.0	839.8	2175.2	3293.2	4393.8
0.0	633.7	2177.0	3196.0	4222.5
0.0	800.6	2094.1	2954.0	4265.6
75.9	832.2	2127.2	2890.8	4243.8
75.3	823.7	2010.9	2743.5	4160.2
0.0	876.5	1989.5	2692.1	4230.5
0.0	814.9	1966.4	2695.1	4258.0
214.8	702.8	1861.7	2672.1	4180.5
234.3	662.4	1827.0	2621.9	4110.8
220.4	623.3	1852.6	2585.4	4027.4
206.6	606.1	1853.6	2559.9	4100.7
202.2	593.3	1875.4	2602.3	4129.0
200.8	584.0	1958.3	2618.7	4086.5
200.7	564.3	2059.7	2602.5	4092.5
199.7	523.4	2089.8	2610.0	4114.8
199.7	441.3	2162.5	2634.7	4137.1
201.8	414.1	2234.8	2673.5	4223.4
205.2	414.4	2239.8	2723.1	4314.3
212.4	413.5	2355.2	3117.0	4283.0
203.7	390.1	2318.0	3101.0	4313.7
63.5	1007.1	2275.1	3199.1	4414.8
63.5	995.4	2325.1	3246.6	4325.2
0.0	1033.1	2263.1	3204.0	4288.9
0.0	1029.9	2224.6	3250.5	4328.3
0.0	955.9	2148.5	3242.0	4310.5
0.0	1000.7	2096.8	3226.0	4469.9
0.0	464.3	2086.1	3182.3	4416.4
0.0	595.0	2063.5	3202.3	4337.4
0.0	592.6	1813.0	3386.3	4291.7
0.0	580.9	1987.8	3241.7	4310.8
0.0	550.5	1816.2	3021.7	4264.0
119.4	655.4	1916.0	3079.5	4183.9
101.5	655.4	1916.0	3079.5	4183.9
0.0	448.9	1923.8	2537.7	4052.6
0.0	431.3	1943.9	2517.2	4021.5
189.7	453.9	1982.5	2528.0	4000.5
188.6	484.8	1991.3	2547.7	4014.6
184.9	531.2	1984.9	2557.6	4047.8
182.9	558.5	1974.9	2592.2	4052.0
181.4	558.4	1972.8	2611.7	4065.9
180.5	544.3	1917.3	2595.4	4104.1
179.9	534.4	1840.4	2516.0	4067.5
178.9	530.1	1776.5	2490.5	4013.7
177.2	528.1	1742.6	2469.8	3941.4
175.3	504.7	1694.6	2507.3	3702.5
172.2	462.6	1625.8	2510.8	3635.0
169.1	445.8	1577.2	2459.3	3864.9
166.2	458.2	1612.9	2443.1	3934.9
164.0	457.6	1659.9	2523.9	3958.5
159.3	555.8	1654.5	2612.2	4063.0
158.4	1013.1	2031.0	2923.4	4232.0
154.0	400.9	1865.3	3027.7	4250.2
149.8	388.9	2061.8	3170.6	4415.3
79.5	418.7	2000.0	3205.5	4444.1
163.6	439.7	1903.7	2979.6	4198.5
167.5	619.2	1410.4	2407.3	3628.2
180.7	658.2	1336.6	2400.3	3523.8
178.1	668.3	1324.2	2409.1	3589.9
176.2	674.4	1301.4	2398.1	3632.3
174.7	685.9	1266.5	2399.8	3581.7
174.7	708.8	1249.3	2431.7	3568.9
173.6	710.0	1237.1	2459.1	3567.0
172.5	704.7	1230.4	2447.9	3551.0
172.0	704.7	1239.9	2423.5	3558.0
171.8	713.3	1300.5	2411.6	3554.5
171.6	706.9	1359.9	2401.9	3577.7
172.2	700.7	1370.2	2396.7	3661.1
173.9	693.3	1378.3	2414.6	3744.2
173.1	679.4	1422.6	2432.1	3774.8
173.0	655.5	1546.4	2458.6	3866.9
174.4	630.6	1656.9	2481.4	3921.5
176.5	586.9	1700.8	2511.3	3983.7
176.0	571.7	1703.0	2525.1	4119.1
175.6	526.6	1664.4	2511.7	4257.5
177.3	488.4	1734.6	2641.1	4342.9
178.6	474.1	1873.6	3134.7	4519.4
181.0	944.5	2168.6	3398.7	4543.0
93.3	938.9	2235.6	3413.5	4476.9
98.4	936.9	2350.3	3512.4	4653.2
279.1	966.8	2528.5	3557.7	4632.5
0.0	1160.0	2480.1	3502.3	4552.9
0.0	1317.3	2498.3	3486.3	4573.5
186.7	905.4	2310.9	3372.8	4615.5
0.0	877.3	2213.5	3222.5	4435.3
0.0	1004.5	2186.9	3100.8	4231.9
0.0	965.5	2063.6	2981.8	4308.2
0.0	822.3	1822.3	3063.2	4389.9
0.0	507.2	1878.1	3213.6	4217.6
0.0	479.2	1867.7	2905.6	3889.4
201.8	513.6	1614.0	2596.8	3731.3
177.7	517.7	1667.9	2593.9	3681.3
170.3	517.3	1707.5	2578.2	3943.3
168.9	511.8	1713.1	2680.3	3904.5
166.7	514.8	1504.8	2220.0	3303.3
166.3	502.8	1657.6	2596.6	3923.7
167.2	506.2	1471.1	2571.3	3706.3
167.4	506.8	1330.7	2636.4	3732.0
166.2	490.3	1306.9	2695.5	3817.5
166.3	495.9	1293.7	2762.6	3901.9
164.4	492.9	1226.9	2753.8	3944.6
164.0	497.9	1159.7	2780.6	4016.9
164.1	484.6	1133.4	2789.8	4062.5
163.3	472.0	1135.5	2803.7	4080.3
163.9	455.2	1139.3	2778.1	4066.7
163.9	430.4	1128.0	2711.4	3994.2
162.6	449.2	1142.4	2703.2	4013.2
161.5	471.0	1227.7	2679.3	4025.9
159.4	521.3	1403.3	2634.6	4044.1
163.4	510.2	1528.9	2616.0	4067.8
165.3	518.6	1615.6	2583.2	4088.9
165.2	500.9	1718.2	2570.5	4092.3
165.3	498.9	1782.5	2581.1	4067.5
164.5	493.1	1854.5	2591.0	4071.2
164.0	485.5	1910.1	2595.8	4069.6
164.1	487.5	1959.1	2597.2	4047.1
162.9	484.8	1984.2	2609.0	3996.3
161.4	482.7	2004.0	2610.0	3961.5
162.2	485.3	1993.5	2585.2	3875.0
161.1	475.8	1937.9	2511.0	3821.4
159.9	471.4	1894.8	2511.9	3874.4
156.5	475.4	1853.1	2891.4	3934.9
148.6	480.3	1897.8	3142.2	3927.4
145.4	494.3	1936.3	3203.2	4081.1
145.4	526.9	1837.2	3036.0	4099.6
149.4	481.9	1678.0	2921.4	3933.7
150.0	496.4	1673.2	2534.5	3802.2
149.5	503.5	1633.4	2456.4	3815.8
153.1	516.5	1611.8	2490.2	3843.6
150.8	540.7	1601.7	2510.6	3851.8
151.5	548.4	1618.4	2566.6	3857.7
151.8	571.8	1610.8	2593.8	3900.2
151.4	567.8	1607.2	2611.1	3969.5
146.2	586.6	1588.2	2606.5	3950.8
145.2	578.2	1567.2	2596.8	3969.5
145.1	563.1	1570.2	2606.6	3979.6
140.9	552.0	1542.1	2620.8	3952.9
175.0	556.2	1552.3	2645.4	3965.9
0.0	553.7	1559.4	2653.9	3988.1
0.0	498.7	1507.0	2647.5	4045.7
86.1	471.1	1818.9	2978.3	4132.9
187.3	924.2	2290.5	3363.9	4163.4
0.0	1177.2	2412.7	3465.5	4208.6
0.0	1250.3	2267.9	3588.8	4191.0
0.0	1323.6	2151.1	3637.4	4431.7
0.0	1146.9	2104.0	3567.8	4613.2
0.0	917.9	1674.8	2921.0	4233.8
0.0	839.8	1655.9	2926.9	4120.1
0.0	912.7	1643.4	3038.6	4479.6
310.5	1072.9	1697.9	3099.4	4666.0
