0.0	0.0	0.0	0.0	0.0
0.0	0.0	0.0	0.0	0.0
0.0	0.0	0.0	0.0	0.0
0.0	887.9	1985.4	3062.0	4347.6
0.0	926.0	2072.5	3081.9	4236.5
0.0	965.1	2242.6	3239.9	4137.0
0.0	968.6	2279.8	3345.9	4073.4
0.0	1121.1	2336.9	3303.9	4285.9
0.0	930.4	2357.4	3119.5	4428.1
0.0	842.7	2399.3	3170.5	4432.1
0.0	889.6	2467.5	3332.3	4421.2
0.0	1152.0	2383.4	3397.2	4450.2
0.0	1149.2	2208.0	3302.4	4446.4
0.0	1030.1	2155.0	3247.4	4295.1
0.0	1024.9	2116.8	3260.1	4246.2
0.0	1173.2	2262.9	3208.6	4357.8
0.0	1180.1	2239.0	3247.5	4548.5
0.0	1034.6	2247.6	3402.4	4564.9
0.0	693.4	1963.7	3407.5	4722.7
0.0	620.1	2050.0	3543.5	4621.6
131.9	1069.2	2107.6	3636.4	4350.4
195.4	1024.1	1913.8	3392.0	4230.0
191.3	1105.4	1825.7	3025.1	3982.9
571.4	1131.2	1801.8	2909.9	4062.7
109.2	1068.2	1781.7	2902.3	4155.4
571.4	1104.0	2019.0	2949.0	4060.7
74.1	1116.9	2063.6	2979.7	3984.0
0.0	609.5	1119.6	2863.6	3949.7
213.5	581.1	1012.4	2837.3	4001.3
198.1	592.9	1101.9	2857.6	3906.7
194.9	637.5	1178.8	2837.5	3848.4
194.0	744.3	1277.7	2795.4	3866.2
194.3	792.1	1372.1	2782.2	3876.7
193.5	810.1	1493.9	2744.3	3862.8
192.9	811.6	1613.5	2687.2	3877.5
193.1	791.8	1721.6	2718.2	3937.0
192.4	747.4	1805.1	2743.1	3936.4
192.9	680.6	1902.2	2690.1	3977.1
193.3	636.5	1975.7	2698.4	4028.6
193.5	622.4	2055.5	2770.2	4084.7
195.2	587.4	2214.9	2915.1	4168.3
196.2	573.2	2305.7	2987.6	4188.5
197.5	570.5	2360.7	2962.3	4187.6
195.8	506.9	2309.1	2908.8	4182.9
192.8	511.5	2262.8	2894.7	4220.8
189.2	551.7	2244.3	2959.9	4230.2
181.2	947.9	2301.0	3026.3	4279.1
174.4	997.6	2531.8	3406.7	4476.2
85.0	1111.2	2575.8	3581.6	4580.7
83.5	1101.9	2420.3	3559.8	4464.8
88.2	1191.9	2302.5	3588.5	4436.4
230.8	999.5	2370.9	3631.8	4511.1
171.4	1001.9	2558.4	3488.9	4558.5
116.5	1236.1	2538.2	3494.5	4696.0
571.4	872.0	2332.6	3362.2	4667.8
0.0	989.9	2312.4	3307.3	4464.9
244.9	1065.2	2307.7	3298.0	4439.5
0.0	1007.2	2290.5	3255.9	4521.0
173.9	825.8	2315.5	3031.4	4496.7
0.0	677.0	2309.8	3009.1	4575.3
0.0	548.5	2442.0	3012.9	4433.4
0.0	475.9	2520.9	2998.5	4182.5
204.3	545.6	2527.3	3019.1	4107.3
196.4	575.2	2557.0	3089.0	4103.3
193.5	595.1	2537.3	2991.6	4166.6
191.3	605.4	2471.6	2922.4	4161.9
189.4	611.8	2373.0	2785.8	4269.0
188.6	623.4	2375.2	2638.6	4272.1
186.6	600.4	2378.5	2692.4	4247.4
187.4	577.4	2379.5	2659.3	4238.3
184.9	605.4	2420.8	2655.3	4179.6
185.5	591.8	2425.8	2701.9	4176.3
184.1	591.6	2491.2	2850.7	4142.0
185.7	576.5	2546.7	2955.8	4072.1
185.3	579.4	2536.3	2986.5	4051.7
184.2	567.4	2505.8	3023.1	4015.7
184.5	545.1	2447.4	3061.2	3950.2
184.0	552.5	2376.5	2993.4	3862.2
183.2	558.6	2322.5	2917.8	3918.4
183.8	563.7	2198.2	2829.5	3942.3
183.3	565.9	2129.1	2959.5	4081.2
182.1	569.0	2028.0	2955.2	4004.8
180.8	576.5	1881.6	2968.2	3917.9
180.4	577.3	1754.4	3032.5	3955.9
179.4	576.7	1620.6	3057.0	3969.0
178.5	568.7	1417.1	3047.7	3961.8
179.1	529.7	1234.7	3087.6	3983.8
176.1	530.1	1202.7	3094.2	3993.9
173.0	522.6	1195.0	3098.8	3941.0
171.7	529.6	1230.5	3120.3	3951.0
170.1	529.6	1363.5	3074.5	3979.5
169.8	532.9	1544.8	3022.6	3984.2
172.5	530.8	1704.4	2961.1	4018.8
174.6	522.9	1856.9	2930.6	4017.4
173.9	525.8	1971.2	2882.1	4043.7
174.3	515.4	2070.0	2871.6	4072.8
175.5	518.8	2160.4	2847.3	4073.1
176.9	503.7	2252.3	2839.1	4083.3
174.4	460.4	2254.2	2848.5	4086.7
173.1	480.7	2289.4	2929.6	4204.1
169.5	777.5	2286.6	3162.4	4287.7
156.7	983.7	2168.6	3397.1	4347.5
157.8	985.9	2196.2	3244.2	4291.5
129.5	800.8	2252.0	3115.2	4190.1
236.3	732.2	2174.7	3107.7	4209.3
108.1	688.9	2143.5	3169.8	4349.7
0.0	686.4	2136.5	3167.8	4281.9
0.0	1053.0	2099.1	3138.9	4222.2
0.0	943.2	2140.7	3241.5	4252.2
0.0	1064.6	2180.6	3309.8	4285.9
231.5	814.5	2210.4	3149.6	4197.7
106.5	602.6	1956.5	2831.0	4008.5
94.6	652.9	1842.2	2825.8	4051.8
176.3	646.9	1814.4	2862.3	4103.1
168.5	661.9	1791.2	2877.8	4096.4
161.3	684.8	1763.3	2887.4	4066.1
158.6	707.5	1734.4	2898.8	4088.3
156.9	721.0	1698.2	2904.9	4090.1
154.7	739.2	1660.9	2805.4	4073.4
153.0	770.2	1632.7	2799.1	4074.5
151.4	768.8	1574.6	2858.0	4061.7
150.1	771.6	1486.0	2895.6	4084.4
149.0	760.6	1429.8	2930.9	4083.2
150.1	744.5	1367.1	2945.7	4124.0
151.5	738.3	1347.2	2957.6	4163.8
152.0	749.8	1326.6	2964.9	4191.8
151.8	777.7	1259.4	2973.2	4164.8
153.3	760.8	1259.6	3020.4	4134.0
154.7	791.6	1264.8	3068.8	4118.6
159.4	811.9	1303.5	3169.6	4103.5
160.4	962.3	1992.4	3244.7	4223.1
159.6	936.0	1758.5	3187.7	4238.9
160.6	932.4	1639.2	3237.9	4173.9
160.0	973.4	1618.0	3268.8	4189.4
151.6	924.7	1710.4	3126.3	4121.4
73.3	886.4	2068.7	3185.2	4201.7
74.6	975.1	2257.3	3342.4	4533.3
156.7	958.5	2266.9	3262.5	4579.9
125.4	926.9	2159.4	3221.3	4485.3
0.0	977.4	2214.1	3184.8	4572.6
127.4	887.1	2154.2	3089.0	4376.7
134.7	862.8	1955.9	3031.0	4338.2
0.0	866.0	1770.9	2788.9	4221.0
0.0	928.0	2127.3	3205.7	4303.3
0.0	1007.5	2191.9	3243.4	4310.3
178.8	920.0	1963.8	2668.9	4106.9
0.0	885.9	1932.3	2985.8	4234.7
101.1	870.0	1831.9	3059.1	4266.6
0.0	920.2	1939.6	3009.1	4233.2
0.0	939.4	2098.9	3133.7	4294.0
0.0	941.7	1954.0	3006.7	4186.4
0.0	1045.6	2115.7	3224.4	4287.2
189.1	1036.3	2153.6	3199.8	4278.4
0.0	1016.7	2109.8	3226.6	4213.6
0.0	835.0	1961.5	3136.4	4198.9
0.0	944.8	1964.2	3040.4	4132.9
0.0	1034.0	2033.0	2976.7	4090.2
0.0	1131.7	2078.6	2925.9	4192.3
0.0	1006.0	2017.9	3139.8	4194.4
0.0	923.8	2003.5	3210.3	4184.0
0.0	1147.8	2175.5	3125.8	4245.6
0.0	1111.9	2209.9	3161.9	4185.8
0.0	887.5	2103.6	3191.5	4214.7
0.0	1184.8	2212.1	3277.5	4279.5
0.0	1107.0	2175.9	3298.5	4321.2
0.0	1125.3	2246.6	3315.7	4343.4
0.0	847.8	1946.3	3005.5	4131.6
0.0	978.9	1984.9	3102.6	4166.2
0.0	980.7	1908.6	3138.7	4199.6
0.0	948.9	2003.1	3024.6	4125.3
0.0	888.7	2037.1	3046.5	4096.7
0.0	848.8	2127.5	3194.8	4213.3
0.0	781.7	2030.2	3154.8	4295.4
0.0	913.2	2033.6	3086.6	4203.1
0.0	699.5	1946.8	3087.4	4199.9
0.0	729.9	2076.9	3116.7	4183.9
0.0	922.7	2283.6	3256.1	4166.4
0.0	969.8	2308.0	3402.1	4208.7
0.0	951.5	2221.5	3324.8	4215.5
0.0	812.4	2130.2	3286.9	4296.9
0.0	813.5	2195.6	3396.8	4360.8
0.0	884.6	2201.6	3435.6	4423.7
0.0	759.8	2170.0	3373.3	4221.5
0.0	741.0	2021.2	3294.5	4237.0
0.0	733.8	2094.7	3267.1	4247.2
0.0	687.6	2198.6	3218.1	4279.7
0.0	1013.3	2113.1	3337.9	4406.5
