0.0	0.0	0.0	0.0	0.0
0.0	0.0	0.0	0.0	0.0
0.0	0.0	0.0	0.0	0.0
0.0	920.9	2183.8	3319.3	4283.0
0.0	991.8	2091.9	3261.2	4310.2
0.0	968.3	2066.7	3255.1	4377.7
0.0	996.4	2244.1	3235.0	4314.4
0.0	1073.2	2318.1	3227.5	4362.1
0.0	1089.0	2190.2	3217.8	4278.1
0.0	999.5	2344.2	3196.6	4365.9
0.0	860.6	2221.6	3033.7	4227.4
0.0	787.6	2274.9	3000.1	4129.5
0.0	1132.9	2561.4	3157.2	4173.2
467.0	1106.8	2539.4	3133.3	4192.6
0.0	1140.9	2547.1	3111.8	4190.0
0.0	1253.8	2577.7	3101.5	4244.9
110.9	982.9	2365.8	3112.5	4345.2
0.0	706.9	1922.1	3108.4	4432.2
0.0	780.1	2033.5	3106.1	4287.0
454.8	1248.0	2315.8	3299.5	4240.8
189.3	1117.3	2368.5	3328.4	4262.1
449.5	802.4	2346.0	3240.2	4205.4
0.0	815.7	2401.9	3286.9	4152.1
0.0	850.2	2384.8	3457.2	4271.3
0.0	692.5	2158.6	3170.7	4206.4
0.0	677.0	2112.6	3076.8	4140.1
0.0	683.2	2047.1	3123.1	4158.4
0.0	936.4	1965.0	3018.0	4153.3
146.3	705.1	1766.2	2910.4	4130.0
0.0	799.3	1672.7	3040.9	4309.5
211.3	615.8	1317.5	1960.7	4307.5
250.4	571.3	1295.5	1682.8	4234.1
226.1	545.3	1398.8	1732.9	4239.9
223.5	515.4	1523.0	1804.3	4257.4
222.7	465.1	1630.3	1929.0	4249.2
225.3	448.9	1893.8	2090.8	4282.2
227.2	420.5	2094.9	2396.6	4235.6
110.3	453.6	2222.0	2769.6	4171.8
69.6	366.3	2258.3	3051.0	4255.5
201.6	344.1	2251.9	3035.9	4211.4
99.3	993.6	2414.3	2957.6	4221.0
192.6	1090.9	2535.8	3107.3	4188.0
0.0	795.7	2399.5	3175.8	4282.4
0.0	609.5	2305.4	3035.7	4246.5
0.0	568.2	2191.5	2906.8	4256.0
243.7	612.3	2123.4	2903.7	4302.6
240.1	680.9	2061.3	2900.1	4307.2
237.8	693.5	2010.3	2875.1	4235.4
232.2	681.9	1938.7	2788.0	4214.0
219.9	685.6	1830.8	2660.4	4141.0
208.1	700.2	1680.8	2614.3	4066.1
188.3	653.4	1495.4	2606.1	4034.4
181.8	588.0	1288.4	2605.1	4032.3
187.8	588.8	1093.0	2645.4	3964.6
204.1	527.4	978.6	2721.0	3947.9
214.4	510.8	1030.2	3161.6	4022.4
226.0	547.5	990.8	3115.2	4172.4
245.1	518.7	808.1	3021.4	4284.8
257.9	529.7	1021.3	3547.9	4283.4
261.8	519.7	1168.5	3550.5	4219.5
261.2	513.0	1345.4	3133.3	4183.8
260.0	502.7	1638.7	2660.3	4173.9
254.8	502.5	1919.7	2532.7	4201.9
252.1	496.0	2074.6	2589.9	4208.0
248.9	495.6	2215.9	2727.5	4210.3
243.8	506.6	2211.5	2751.5	4258.6
239.1	539.2	2158.4	2745.0	4245.4
238.4	636.4	2104.1	2805.8	4185.5
234.5	691.5	2071.8	2880.2	4154.1
233.1	711.8	1960.1	2723.8	4062.3
231.2	718.8	1846.8	2669.3	3983.8
227.9	729.9	1762.2	2508.4	3972.3
227.4	716.9	1603.5	2289.9	3918.4
227.8	683.8	1572.7	2330.1	3897.3
228.2	566.3	1743.1	2986.7	3946.4
221.8	575.4	1870.3	3074.6	4018.9
70.2	1091.0	2293.2	3210.2	4129.1
206.3	1125.6	2337.5	3227.2	4140.6
201.0	590.5	2222.6	3146.5	4149.7
205.1	564.4	1724.7	2862.7	3981.4
233.0	568.4	1569.7	2684.8	4172.2
224.6	603.6	1605.0	1851.9	4125.1
220.9	570.2	1732.0	2718.2	4061.3
216.2	543.6	1773.4	2646.7	3994.4
214.7	506.9	1927.0	2567.2	4069.1
212.7	486.2	2220.0	2663.0	4072.4
212.5	474.4	2435.4	2824.1	4104.3
215.5	474.2	2337.1	2758.1	4156.3
213.5	478.7	2243.9	2712.5	4206.1
212.0	500.1	2159.4	2697.4	4147.6
214.0	541.0	2077.7	2813.2	4121.2
215.4	596.0	2063.1	2906.6	4084.0
209.6	603.6	2058.1	2845.5	3922.7
207.1	616.9	2030.4	2730.0	3903.2
205.0	632.3	1958.5	2657.1	3912.8
203.8	637.3	1860.4	2649.7	3825.6
203.9	626.4	1708.0	2649.8	3829.3
202.4	607.3	1541.6	2591.1	3871.2
201.2	675.3	2185.6	3489.8	4134.2
200.7	660.8	2163.4	3457.7	4102.9
198.3	479.9	1051.7	2645.0	4010.3
196.6	544.5	1885.0	3389.4	4204.7
195.9	505.7	1109.5	2709.6	4335.5
193.1	421.9	849.9	2627.1	4208.8
190.9	390.9	809.0	2721.2	4049.4
191.4	383.6	800.7	2877.6	4006.7
190.9	409.8	720.3	2841.6	3890.8
190.2	418.5	731.4	2838.1	3866.9
190.9	424.9	753.0	2939.3	3911.9
192.7	457.9	766.5	2942.8	3939.3
192.4	551.3	856.0	2823.2	3873.6
194.5	613.6	984.2	2679.5	3787.0
197.0	615.7	1032.3	2651.2	3756.2
197.2	657.9	1136.5	2638.6	3749.2
196.2	724.6	1196.4	2641.4	3845.4
197.2	748.0	1209.2	2644.8	3906.8
196.8	764.1	1234.6	2632.4	3965.6
197.5	784.0	1291.1	2639.1	3974.4
200.0	796.6	1343.7	2635.9	4041.6
203.6	802.3	1427.3	2667.9	4134.8
206.9	805.1	1531.0	2701.1	4121.2
211.1	804.8	1574.1	2745.4	4082.5
220.1	792.3	1655.1	2735.7	4091.4
231.4	772.3	1782.7	2830.2	4168.8
246.9	715.6	1810.5	2813.6	4129.3
263.1	687.3	1822.1	2836.9	4163.9
281.6	665.8	1877.9	2878.3	4290.7
301.0	674.6	1904.1	2857.9	4295.4
324.8	694.3	1861.8	2806.8	4306.8
356.4	691.5	1883.3	2831.7	4291.7
377.7	645.6	1909.5	2928.5	4359.9
128.0	429.5	1924.3	3037.2	4331.5
77.6	393.9	1928.4	3005.3	4248.7
64.9	563.7	2099.8	3070.8	4296.3
409.6	1046.3	2219.6	3231.6	4328.2
0.0	1082.7	2292.0	3244.5	4322.0
0.0	1154.9	2263.4	3285.0	4308.0
0.0	1008.6	2244.7	3016.9	4281.5
0.0	1176.8	2407.2	3367.2	4363.3
0.0	1108.5	2306.9	3477.9	4327.8
0.0	1325.2	2338.7	3402.9	4262.0
0.0	1544.0	2466.4	3511.7	4279.8
0.0	1165.8	2355.4	3398.0	4177.7
84.5	1022.7	2280.3	3298.0	4209.7
187.5	562.9	1834.8	3151.5	4208.9
0.0	615.0	1726.0	3143.5	4036.3
259.0	1258.4	2213.1	3192.7	3971.8
68.1	1370.8	2207.9	3092.8	4211.6
0.0	936.2	1716.1	3003.9	4226.5
0.0	984.4	1741.3	2576.7	4126.7
0.0	1188.2	2126.0	3101.8	4271.7
0.0	963.7	1908.7	3115.0	4298.7
0.0	924.7	1709.7	2996.3	4217.1
0.0	944.3	1658.1	2972.9	4212.9
0.0	963.5	1783.8	3038.3	4326.6
