0.0	0.0	0.0	0.0	0.0
0.0	0.0	0.0	0.0	0.0
0.0	0.0	0.0	0.0	0.0
0.0	787.1	2277.0	3254.1	4615.5
0.0	985.2	2109.3	3160.4	4306.9
0.0	1248.6	2277.9	3189.2	4208.5
0.0	1171.5	2452.2	3294.6	4176.9
0.0	1324.6	2508.1	3478.8	4222.0
0.0	1269.6	2527.7	3373.6	4270.0
0.0	1175.9	2510.2	3276.2	4161.9
0.0	1315.3	2444.1	3626.5	4189.2
0.0	1055.1	2414.3	3463.4	4233.7
0.0	826.6	2418.8	3537.1	4196.1
0.0	1036.6	2451.2	3650.5	4215.7
0.0	445.1	2417.3	3454.9	4186.2
211.8	328.3	2454.5	3258.3	4170.8
0.0	398.2	2493.9	3422.3	4116.3
198.2	413.7	2480.8	3346.0	4083.6
217.1	434.0	2312.7	3378.2	4145.1
210.1	434.1	2320.4	3362.7	4186.4
209.6	443.9	2269.9	3086.7	4205.3
211.8	434.9	1940.0	2887.5	4239.8
213.4	433.1	1698.4	2679.7	4156.7
216.1	437.1	1612.0	2669.9	4103.6
220.1	457.8	1805.3	2745.8	4048.2
224.2	560.3	1821.2	2918.2	4030.5
231.9	618.3	1839.2	3005.8	4070.5
230.5	658.5	1785.3	3042.8	4088.3
234.5	704.0	1700.0	3069.0	4192.6
239.2	705.7	1607.1	3135.4	4279.3
244.6	743.5	1525.5	3134.7	4275.0
251.3	732.9	1432.5	3169.1	4182.2
258.7	708.1	1293.1	3143.9	4100.0
268.1	680.9	1159.1	3132.3	4127.2
277.4	604.0	1120.5	3175.7	4141.2
287.0	604.4	1070.3	3201.9	4191.9
291.6	523.9	1045.5	3233.0	4329.4
295.0	903.6	1785.2	3409.9	4492.4
294.7	922.0	1656.3	3326.0	4605.2
97.3	946.5	1830.7	3221.7	4518.6
0.0	1038.4	2393.0	3360.1	4420.7
0.0	1169.3	2346.7	3358.5	4400.3
0.0	1355.3	2413.2	3146.4	4238.2
0.0	1362.1	2413.0	3085.1	4170.5
0.0	544.8	1708.2	2987.7	4104.5
0.0	811.5	1563.2	2993.3	4323.8
434.7	1231.4	1657.2	3034.2	4614.4
121.4	510.5	1609.4	2978.9	4491.4
244.4	546.3	1541.6	2958.1	4333.7
261.6	589.5	1439.9	2975.7	4175.8
249.4	582.9	1353.6	2846.8	4073.5
239.2	522.4	1313.6	2795.9	3999.8
236.0	494.0	2406.5	3117.2	4165.3
224.5	642.2	2145.1	3256.2	4357.6
68.2	759.2	2010.5	3222.7	4258.8
63.5	893.1	2126.3	3189.3	4249.6
65.6	958.3	2252.6	3226.1	4353.5
0.0	1021.4	2281.7	3300.6	4348.8
0.0	699.1	2184.0	3156.8	4260.6
431.6	618.2	1997.0	3004.1	4212.1
458.1	765.5	1952.6	2876.4	4188.3
497.7	760.7	2049.4	2841.7	4337.6
131.9	700.5	2163.9	2845.1	4428.5
235.3	859.0	2300.0	2819.7	4400.4
120.0	567.6	2224.3	2780.7	4307.3
238.3	494.6	2241.3	2721.7	4149.0
247.2	481.0	2229.2	2636.1	4089.0
236.9	483.1	2126.1	2567.4	4106.1
232.3	501.0	2006.6	2496.7	4114.5
230.4	542.3	1912.2	2394.1	4127.3
229.7	577.2	1807.9	2335.2	4111.1
230.8	595.4	1708.5	2194.4	4113.4
228.9	599.7	1629.8	2025.5	4119.8
228.1	584.4	1613.6	1961.4	4166.1
226.8	585.2	1603.1	1948.2	4203.6
227.4	569.1	1575.3	1934.3	4196.7
228.8	571.7	1626.6	2005.3	4209.4
230.2	563.9	1681.9	2301.7	4114.5
231.9	546.9	1710.9	2603.8	4174.6
231.0	487.6	1734.7	2686.2	4255.8
230.7	955.6	2206.5	3165.7	4427.0
225.4	1013.0	2435.6	3598.9	4806.2
108.4	987.0	2231.0	3523.9	4714.7
65.6	1309.6	2380.4	3398.9	4476.2
0.0	929.2	2140.1	3222.0	4432.1
108.1	1048.0	2112.6	3544.0	4622.6
65.9	1277.6	2310.0	3570.8	4982.0
0.0	901.3	2399.4	3708.8	4824.5
80.0	1081.4	2555.7	3775.1	4778.5
324.3	1138.6	2335.9	3507.0	4764.2
0.0	1061.7	2314.2	3348.2	4393.4
0.0	810.3	2234.8	3594.4	4243.3
0.0	940.2	2247.3	3517.2	4232.0
0.0	924.4	2062.2	3293.5	4116.0
0.0	1292.7	2141.0	3187.7	4073.6
207.0	1276.0	2050.8	3048.3	4082.4
96.4	1117.7	2038.2	3054.9	4102.0
75.0	834.5	1707.6	2966.8	3997.3
102.9	872.5	2266.9	3254.9	4333.6
237.4	656.2	2464.4	3662.4	4453.4
233.0	612.4	1052.6	2506.6	3891.1
239.6	662.8	1073.3	2442.8	3895.7
216.4	703.9	1108.9	2385.7	3879.6
214.7	724.6	1240.4	2354.5	3890.4
212.3	746.7	1407.6	2383.9	4011.2
211.2	751.8	1605.7	2666.2	4026.4
212.2	716.1	1679.6	2565.3	4077.5
213.6	663.0	1813.3	2611.2	4168.0
215.0	627.1	1934.2	2657.8	4211.7
215.2	551.9	1992.8	2633.8	4266.8
215.3	461.5	2049.3	2693.8	4284.3
217.3	502.7	1954.3	2779.0	4236.9
212.1	612.9	1915.3	2957.4	4274.2
212.7	1326.1	2099.8	3378.9	4409.1
67.7	1093.9	2098.7	3452.4	4372.1
0.0	1040.1	2195.8	3357.4	4432.6
0.0	1207.7	2235.2	3388.2	4458.8
78.4	914.1	1812.7	3182.3	4224.6
0.0	909.5	1816.3	3223.9	4327.9
0.0	916.7	1905.1	3051.3	4267.7
0.0	955.8	2225.7	3206.2	4260.9
0.0	962.5	2021.0	2918.8	4247.4
210.3	535.2	1727.9	2604.5	4299.7
260.8	544.4	1713.0	2648.4	4275.1
211.2	569.9	1726.1	2656.6	4280.4
208.9	553.5	1818.4	2682.6	4268.1
209.5	526.5	1843.0	2688.7	4253.4
209.1	485.1	1823.7	2695.7	4294.4
208.8	495.7	1901.1	2779.9	4347.6
206.7	467.1	1813.8	2948.6	4300.7
66.0	392.7	1916.1	3098.3	4188.5
63.8	381.5	2123.4	3186.8	4275.4
188.1	334.8	2287.5	3203.3	4341.1
183.7	403.8	2004.0	3201.3	4311.9
185.9	435.9	1937.6	3243.9	4384.6
187.6	583.4	2131.4	3163.8	4535.9
0.0	575.1	2007.3	2952.5	4388.9
0.0	557.5	2026.6	2968.9	4380.0
0.0	561.9	1992.7	2953.5	4310.4
224.9	584.3	1988.4	2945.3	4313.3
193.0	606.2	1990.0	2969.6	4349.2
188.5	625.7	1963.1	2955.7	4364.1
187.8	647.0	1921.2	2911.5	4337.1
186.0	658.9	1923.8	2938.5	4307.2
185.9	678.0	1931.9	2936.1	4281.6
186.1	693.2	1931.2	2948.3	4292.6
185.2	689.5	1966.0	2882.7	4289.8
183.0	685.4	1963.6	2845.3	4288.3
181.7	701.3	1919.9	2880.1	4292.8
180.8	683.8	1944.3	2864.7	4288.8
181.5	675.9	1970.6	2850.7	4301.3
181.5	658.0	1986.4	2842.2	4305.8
182.3	613.4	2008.2	2850.9	4336.5
180.1	601.1	2026.5	2852.5	4303.9
180.0	584.7	2070.8	2842.6	4327.9
179.8	554.0	2110.2	2816.4	4296.6
179.8	511.5	2151.5	2807.1	4273.2
178.9	529.3	2172.5	2808.8	4296.3
178.3	523.3	2195.6	2823.9	4330.0
178.5	685.5	2260.7	2871.6	4252.5
182.3	681.3	2228.2	2840.9	4167.7
181.2	694.1	2199.1	2796.0	4119.6
171.4	707.3	2194.1	2819.8	4119.0
85.1	873.1	2137.5	2823.8	4154.8
83.3	847.1	2046.9	2896.5	4100.9
169.0	941.7	1938.5	2933.8	4141.1
173.5	943.0	1813.7	2980.0	4167.9
0.0	877.0	1698.4	3101.6	4167.5
130.4	954.9	1678.5	3074.1	4163.7
0.0	951.6	1661.0	3150.4	4167.2
128.9	912.9	1635.0	2954.1	4109.9
0.0	976.3	1981.5	3019.3	4199.7
0.0	1020.6	2027.2	3031.9	4210.1
0.0	977.0	1856.9	3036.1	4251.7
0.0	899.8	1998.7	3163.6	4228.3
0.0	953.0	2052.0	3293.7	4211.4
0.0	972.8	2206.3	3227.8	4268.6
0.0	879.0	2046.7	3155.8	4273.0
