0.0	0.0	0.0	0.0	0.0
0.0	0.0	0.0	0.0	0.0
0.0	0.0	0.0	0.0	0.0
0.0	916.9	2338.0	3221.1	4448.7
398.4	906.3	2204.7	3224.9	4307.7
0.0	997.5	2218.0	3269.7	4369.5
0.0	1108.6	2263.9	3224.6	4289.3
0.0	1096.7	2206.6	3278.8	4281.4
0.0	887.2	2227.6	3289.9	4286.6
0.0	834.4	2172.3	3143.6	4269.5
0.0	1382.3	2461.3	3356.2	4397.4
0.0	1033.4	2180.4	3229.4	4278.4
0.0	883.4	2160.9	3259.8	4295.2
0.0	818.9	2142.3	3433.4	4380.0
0.0	654.3	2050.7	3237.4	4180.9
0.0	696.6	2024.9	3055.5	4198.2
0.0	868.4	2123.6	3195.3	4314.9
0.0	879.9	2493.9	3243.4	4441.3
0.0	597.8	2601.9	3161.8	4448.9
0.0	800.0	2647.5	3161.2	4447.1
123.8	826.9	2587.2	3119.5	4456.5
250.2	719.3	2587.1	3081.1	4461.9
0.0	431.9	2665.6	3146.5	4483.7
234.9	431.3	2625.1	3097.4	4509.8
216.7	430.6	2601.6	3078.8	4474.6
215.6	440.0	2545.8	3021.2	4522.7
221.0	438.0	2436.6	2995.6	4554.7
219.7	432.3	2360.9	3014.6	4537.4
216.6	423.5	2289.9	3138.4	4504.4
206.9	622.6	2257.2	3191.6	4474.5
195.1	801.0	2271.0	3270.3	4399.1
88.1	841.2	2324.0	3322.1	4315.8
89.6	941.3	2287.6	3219.0	4375.5
0.0	1002.8	2188.7	3199.4	4380.9
0.0	1044.1	2193.4	3370.5	4301.4
0.0	1063.1	2401.0	3454.6	4283.6
135.4	948.2	2281.4	3350.3	4209.7
147.1	960.8	2244.8	3253.4	4252.9
98.4	1140.3	2340.0	3347.8	4354.9
78.4	1152.8	2458.9	3321.7	4441.6
75.0	1062.4	2404.0	3308.3	4435.6
226.4	850.4	2398.1	3453.1	4408.9
0.0	772.1	2321.9	3422.3	4372.9
0.0	1010.4	2283.8	3359.5	4367.8
0.0	866.4	2164.5	3295.5	4324.1
0.0	677.7	2101.6	3083.0	4399.3
0.0	520.4	1942.3	2886.8	4417.2
0.0	449.9	1942.5	3005.1	4225.1
0.0	877.1	2198.2	3153.0	4186.1
0.0	1197.6	2376.4	3265.7	4186.2
0.0	1362.2	2309.5	3290.5	4261.8
0.0	1130.9	2240.0	3294.8	4347.6
0.0	1040.9	2075.0	3282.8	4282.9
0.0	836.0	2206.5	3083.7	4133.7
0.0	1203.2	2535.6	3138.2	4130.9
0.0	659.0	2365.4	3155.2	4265.0
0.0	593.7	2284.2	3111.3	4390.4
226.0	673.1	2237.6	2985.3	4347.0
226.7	704.7	2183.8	2887.5	4307.0
225.5	763.3	2106.1	2801.4	4286.4
224.9	825.6	2045.2	2726.4	4275.3
223.7	856.1	2007.0	2611.7	4183.4
223.5	885.1	1981.4	2536.9	4173.3
222.5	912.7	1931.0	2582.0	4192.8
222.5	935.8	1888.7	2528.5	4208.1
222.6	961.5	1817.8	2556.2	4238.6
222.8	958.9	1736.5	2633.5	4281.0
222.5	956.2	1654.5	2711.4	4254.0
223.9	934.6	1539.3	2734.8	4227.7
224.6	925.1	1477.8	2736.7	4211.4
224.9	902.7	1460.6	2735.6	4148.1
224.8	868.5	1414.2	2756.7	4174.2
225.7	840.2	1342.6	2755.1	4097.5
225.7	784.4	1244.7	2750.8	4103.4
225.0	735.5	1162.2	2780.9	4093.5
224.1	693.2	1141.3	2823.6	4068.8
226.0	677.1	1126.8	2871.3	4085.3
225.9	666.4	1122.0	2912.3	4105.3
225.3	667.5	1110.9	2954.8	4139.4
221.9	662.1	1101.7	3007.8	4175.7
221.8	656.8	1072.3	3052.7	4164.1
221.5	661.1	1039.1	3079.8	4158.1
220.7	654.5	1038.1	3118.4	4164.1
220.1	630.6	1025.6	3193.5	4148.7
217.7	649.3	1045.8	3224.5	4202.3
217.1	626.8	1056.5	3237.5	4286.9
214.8	632.9	1061.5	3238.6	4279.1
213.9	635.1	1067.5	3337.0	4323.7
213.2	598.3	1038.4	3387.4	4324.2
212.1	554.3	1033.8	3356.4	4270.1
209.5	518.7	1058.0	3298.9	4260.2
208.3	467.2	1091.2	3230.9	4407.5
205.1	394.9	1675.6	3190.7	4386.3
199.7	617.8	1717.6	3280.0	4273.9
99.0	1042.1	2206.5	3453.5	4343.7
67.4	1092.0	2239.0	3339.1	4332.9
68.4	700.6	1940.4	3040.7	4194.6
0.0	528.2	1714.3	3050.6	4291.6
0.0	583.7	1637.5	3025.9	4266.2
211.9	642.4	1672.1	3017.1	4227.4
205.9	672.1	1739.7	3021.9	4230.3
204.4	722.5	1767.0	3059.7	4212.6
202.0	762.0	1779.3	2994.2	4195.6
199.7	766.9	1785.8	2968.9	4216.0
197.5	762.8	1780.2	2960.0	4252.3
196.0	755.6	1770.3	2959.9	4292.1
195.0	744.7	1755.2	2908.7	4285.4
194.2	697.4	1734.2	2857.8	4255.9
190.7	795.6	1756.5	2745.1	3940.3
136.2	623.3	1801.8	2698.6	3809.7
260.5	650.2	1786.1	2615.8	3981.9
202.0	658.3	1771.0	2407.3	3933.5
197.1	659.2	1661.1	2196.5	4003.5
197.9	663.4	1631.5	2174.1	4095.4
197.3	684.7	1625.0	2179.3	4065.3
195.4	704.5	1649.2	2004.4	4107.2
195.4	804.1	1740.3	2335.5	4182.0
179.0	835.5	1797.3	2731.2	4198.2
171.7	817.2	1940.7	3099.7	4194.6
159.0	724.7	2013.5	3312.6	4265.7
0.0	849.0	2017.6	3155.7	4251.5
0.0	1399.9	2351.0	3234.9	4251.2
0.0	1279.7	2308.2	3201.0	4243.7
113.5	1088.7	2235.9	3170.5	4280.5
0.0	1123.5	2320.8	3248.0	4292.6
148.1	946.1	2193.2	3231.6	4229.8
243.1	1029.4	2080.8	3258.2	4205.1
0.0	966.6	2213.8	3259.0	4084.2
0.0	852.4	2285.0	3238.9	4338.7
0.0	797.9	2009.1	3194.7	4442.3
0.0	631.3	1794.2	3152.9	4290.7
0.0	537.6	1048.9	3065.0	4197.2
208.2	553.2	1026.2	3008.1	4109.8
208.0	602.3	1088.3	3059.9	4120.9
205.2	621.0	1125.9	3131.6	4173.7
203.5	674.7	1176.1	3107.1	4209.2
201.8	765.7	1295.3	3096.5	4225.7
200.2	820.9	1348.9	3087.4	4204.8
196.7	859.8	1384.8	3081.2	4223.4
193.2	885.8	1423.5	3048.2	4243.2
191.7	897.3	1489.2	2983.1	4259.9
190.5	918.6	1525.4	2944.1	4242.3
190.5	932.5	1542.0	2929.0	4229.4
187.0	930.0	1576.4	2894.6	4232.3
188.1	931.3	1580.6	2871.1	4163.0
186.4	920.5	1562.2	2803.5	4135.1
186.5	902.1	1555.9	2707.7	4083.0
186.2	889.9	1529.6	2614.7	3998.4
185.5	864.9	1475.8	2565.4	3996.7
184.8	841.4	1423.5	2514.2	3988.2
184.3	816.2	1359.6	2411.1	3976.5
183.2	791.6	1281.1	2290.4	4021.5
182.9	756.1	1245.8	2183.3	4048.7
182.0	727.3	1210.9	2102.8	4104.4
179.5	708.1	1226.5	1982.7	4151.8
178.1	710.3	1225.7	1917.4	4183.5
175.9	715.7	1235.5	1866.5	4202.8
175.3	712.5	1278.3	1798.8	4260.5
175.2	706.5	1320.6	1733.3	4266.7
173.8	694.0	1345.2	1673.2	4319.9
173.3	694.1	1373.3	1661.1	4320.0
172.7	689.7	1361.8	1662.6	4250.9
171.7	693.9	1374.7	1639.7	4211.9
169.2	670.2	1369.7	1676.8	4171.6
168.3	667.9	1360.8	1710.3	4189.7
169.3	671.9	1379.7	1726.8	4137.8
168.3	657.6	1416.6	1715.3	4055.8
169.5	643.9	1469.9	1779.3	4048.2
171.5	595.0	1505.8	1900.9	4106.0
172.1	561.4	1545.2	2000.9	3943.4
173.3	534.2	1641.9	2506.4	3833.0
173.9	525.3	1646.6	2871.7	4204.0
177.4	517.3	1688.6	2881.1	4264.7
176.4	498.9	1663.8	2934.9	4327.0
175.5	522.6	1714.5	3085.7	4286.1
176.0	559.5	2137.3	3643.8	4414.9
88.8	853.2	2545.8	3811.9	4552.8
90.2	1036.1	2625.7	3848.4	4729.7
63.5	1138.1	2603.8	3709.7	4823.1
193.5	1274.8	2593.8	3714.4	4721.8
0.0	1197.0	2526.7	3630.9	4658.7
387.1	1024.0	2284.7	3685.2	4648.3
0.0	1070.1	2509.9	3762.9	4721.1
0.0	1114.7	2431.4	3708.2	4780.0
333.3	852.0	2349.3	3609.5	4643.2
436.0	809.6	2388.1	3524.2	4559.0
0.0	1011.4	2555.2	3665.6	4661.5
0.0	1061.0	2518.8	3587.7	4599.9
148.2	982.3	2389.9	3514.6	4606.6
150.0	1050.2	2229.0	3571.4	4691.4
0.0	1048.6	2153.1	3535.7	4679.0
0.0	1125.5	2318.8	3670.5	4666.4
0.0	987.4	2184.9	3468.7	4543.1
0.0	871.0	2167.7	3322.3	4446.9
0.0	902.7	2196.9	3311.7	4448.2
77.9	895.1	2056.0	3129.9	4403.0
0.0	912.0	1850.6	3164.0	4363.9
104.2	855.8	1719.1	3042.0	4239.6
0.0	835.4	1979.1	3076.4	4260.5
116.6	915.2	1947.5	3120.7	4262.1
0.0	1004.0	1806.0	3096.8	4198.8
214.6	863.5	1696.1	3168.9	4162.0
211.8	939.6	1659.5	3188.3	4258.6
93.5	697.2	1599.4	3243.1	4249.8
0.0	742.3	1640.1	3268.6	4171.2
0.0	635.1	1597.8	3201.3	4147.4
164.6	619.3	1462.8	3063.1	4056.6
0.0	709.7	1450.6	2925.5	3995.3
65.6	621.2	1532.8	2923.6	4064.7
0.0	548.6	1376.7	2956.6	4056.2
