0.0	0.0	0.0	0.0	0.0
0.0	0.0	0.0	0.0	0.0
0.0	0.0	0.0	0.0	0.0
0.0	773.6	2433.6	3032.3	4287.1
0.0	844.3	2323.1	3002.4	4177.1
0.0	1032.0	2229.3	3125.6	4108.3
0.0	1132.2	2391.6	3269.8	4157.6
0.0	1229.6	2433.7	3339.6	4232.4
0.0	1185.6	2309.0	3280.7	4281.3
0.0	1274.0	2381.4	3339.4	4325.4
0.0	1283.1	2476.8	3191.4	4269.1
0.0	1327.1	2494.7	3076.9	4245.3
0.0	1318.0	2397.3	3085.4	4141.5
0.0	1041.7	2228.9	3055.0	4134.5
0.0	1126.5	2219.9	3077.3	4215.9
0.0	1149.6	2188.4	3165.6	4231.8
0.0	912.4	1966.8	3054.3	4127.0
0.0	882.9	2461.5	3126.9	4262.8
234.1	881.6	2585.7	3303.5	4291.3
571.4	788.0	2505.1	3211.9	4258.3
199.6	721.5	2529.0	3059.2	4337.1
212.8	673.1	2462.0	3035.6	4335.7
274.3	660.1	2289.3	2834.0	4179.8
261.6	714.2	2209.5	2668.4	4015.8
251.6	750.3	2132.6	2553.9	3973.7
247.5	733.4	2076.8	2443.0	3919.0
244.2	738.2	2020.7	2382.4	3909.8
243.7	722.8	1974.5	2320.1	3901.8
243.0	732.9	1928.7	2224.4	3905.9
242.5	725.4	1863.9	2144.4	3912.2
240.3	717.3	1754.5	2128.3	3969.1
238.5	708.1	1607.2	1995.4	3995.4
236.7	694.2	1461.1	1996.9	4008.6
233.0	815.3	1700.4	3121.3	4096.6
229.0	771.6	2120.4	3263.5	4231.8
109.3	1224.4	2402.2	3419.3	4330.8
70.3	1113.3	2364.5	3287.3	4407.5
70.8	1108.4	2285.5	3361.6	4333.8
65.8	1156.8	2323.4	3424.7	4252.7
258.7	1137.1	2476.6	3498.3	4249.0
91.6	1292.8	2596.7	3440.2	4296.7
0.0	1239.9	2544.9	3347.9	4339.1
373.1	941.1	2437.8	3266.3	4225.2
394.9	897.5	2223.2	3158.4	4252.0
72.3	721.2	2078.9	2899.6	4181.2
244.0	675.6	1279.5	2276.1	3896.6
210.8	692.0	1250.8	2384.4	3819.7
209.3	688.6	1241.9	2481.1	3848.2
207.6	692.7	1221.6	2591.2	3861.3
204.1	692.3	1206.4	2657.2	3835.8
201.2	698.4	1186.9	2708.4	3812.8
198.3	701.1	1172.7	2730.4	3841.3
195.4	681.6	1150.3	2768.0	3838.5
193.3	664.8	1129.7	2782.5	3867.2
191.3	662.8	1124.2	2788.1	3901.8
189.1	639.1	1096.3	2782.5	3920.7
185.2	621.7	1068.5	2795.9	3928.7
183.7	589.1	1187.9	2835.5	4002.5
184.0	572.5	2006.8	2975.5	4064.8
186.6	576.0	1812.6	2875.8	4047.7
188.9	555.7	1852.5	2907.0	4065.5
189.2	481.2	2127.6	3162.4	4390.5
190.5	446.1	2275.8	3297.3	4506.7
192.1	943.6	2300.1	3329.1	4398.9
97.1	972.0	2175.1	3204.5	4204.6
65.4	1171.4	2150.1	3305.2	4220.4
63.5	1196.4	2250.9	3315.0	4271.7
0.0	1171.4	2153.4	3228.7	4255.3
0.0	1023.6	2108.0	3077.4	4260.6
0.0	839.6	2040.1	3073.7	4379.2
0.0	1285.0	2356.4	3266.3	4318.3
0.0	1215.3	2327.9	3161.5	4250.4
0.0	1102.0	2183.7	3126.2	4268.3
0.0	1185.7	2399.6	3350.9	4348.4
0.0	1268.4	2308.9	3356.2	4272.9
0.0	1022.2	2211.8	3325.0	4254.5
0.0	429.2	1961.5	3253.9	4270.7
0.0	1021.7	2002.4	3224.4	4461.0
0.0	546.8	1821.6	2997.3	4450.7
0.0	565.0	1775.9	2918.3	4285.7
0.0	612.1	1757.9	2905.3	4202.6
211.0	624.2	1738.7	2870.6	4148.2
207.8	638.0	1689.5	2854.4	4058.2
207.2	652.7	1653.8	2835.9	3986.1
207.5	648.2	1618.3	2801.9	3931.4
207.8	647.1	1531.9	2666.8	3879.0
207.0	639.3	1440.2	2601.2	3794.2
207.1	621.5	1407.2	2604.3	3778.1
204.3	605.5	1410.8	2640.9	3972.5
201.8	592.1	1350.5	2759.0	4345.0
195.2	564.8	1325.3	2675.8	4364.5
184.5	562.4	1309.9	2494.5	4293.8
164.5	497.8	1293.8	2665.3	4154.4
105.2	432.9	1382.5	2701.2	4064.8
303.9	399.8	1657.8	2693.2	4056.2
88.1	364.5	1640.3	2704.0	4025.3
0.0	329.3	1693.9	2681.3	4038.9
64.9	392.0	1805.6	2635.1	4106.7
0.0	404.1	1820.5	2633.0	4093.3
257.2	372.9	1950.6	2649.0	4158.9
129.3	406.1	2068.8	2645.8	4217.7
168.4	420.9	2171.4	2619.7	4258.4
183.8	403.4	2082.9	2543.9	4269.5
188.7	410.8	2225.2	2753.1	4321.2
187.6	577.3	1934.8	2908.3	4335.6
0.0	566.0	1902.3	2798.8	4325.0
197.3	601.2	1884.4	2808.1	4353.7
200.2	600.3	1836.8	2818.1	4401.1
199.4	518.3	1819.5	2819.0	4396.8
200.2	584.5	1843.8	2933.4	4456.5
199.2	734.7	1963.7	3260.2	4480.5
198.6	914.8	2214.3	3381.3	4445.1
97.8	1036.5	2180.4	3445.1	4371.2
88.2	959.1	2216.4	3403.2	4322.3
0.0	937.2	2303.8	3365.7	4450.0
0.0	1053.9	2355.2	3491.2	4519.1
0.0	1077.5	2480.0	3466.7	4506.0
0.0	1045.8	2417.1	3433.5	4527.9
292.7	949.9	2201.1	3408.1	4584.5
80.0	1190.2	2457.1	3655.8	4787.3
428.6	1220.6	2716.5	3891.4	4827.5
413.2	1107.0	2780.9	3879.7	4791.8
0.0	1290.1	2819.5	3960.7	4522.1
0.0	1025.8	2629.5	3722.8	4303.7
0.0	975.1	2725.1	3656.7	4212.6
0.0	543.5	2708.9	3569.8	4185.2
0.0	552.2	2482.6	3198.1	3946.3
210.4	562.3	1903.2	2618.5	3499.4
191.2	584.1	1874.9	2302.9	3488.2
192.7	576.6	1857.1	2194.3	3604.2
190.0	581.7	1850.8	2157.5	3699.2
189.6	573.8	1815.9	2116.7	3764.5
188.3	570.4	1791.5	2083.4	3804.2
188.3	568.3	1783.8	2060.7	3819.6
188.0	568.2	1770.0	2011.4	3848.3
188.1	559.9	1747.6	1976.1	3871.0
187.6	556.2	1708.3	1913.8	3890.1
187.4	559.4	1671.1	1880.1	3890.8
185.9	564.6	1609.2	1826.8	3895.5
185.7	566.9	1459.1	1830.6	3899.2
185.9	562.6	1265.8	1823.7	3878.9
186.4	614.0	1346.4	2410.8	3934.1
181.7	727.5	1870.8	3032.4	4109.1
169.5	539.1	2022.3	3143.5	4248.0
192.9	332.0	2069.9	3236.2	4320.3
101.0	770.9	2247.7	3361.3	4345.9
63.8	945.6	2234.4	3229.2	4271.5
0.0	1123.5	2120.6	2967.0	4161.2
0.0	1058.0	1735.3	2624.2	3867.6
0.0	1006.3	1642.3	2602.5	3872.0
0.0	931.0	1600.9	2180.8	3971.3
206.0	548.2	1607.5	1873.8	3946.5
192.3	561.8	1641.3	1837.1	3911.0
188.3	572.4	1619.1	1831.8	3896.4
181.1	569.7	1612.0	1791.2	3909.6
178.5	574.1	1624.3	1793.8	3884.2
176.6	568.6	1613.7	1780.1	3886.1
176.6	571.9	1600.9	1789.5	3896.6
176.1	563.4	1596.7	1779.6	3902.2
176.6	561.2	1599.0	1780.4	3913.3
176.8	550.6	1595.1	1769.2	3903.4
86.9	584.5	1565.2	1772.9	3892.5
85.6	602.4	1587.1	1760.1	3893.2
84.3	595.5	1600.9	1755.6	3833.6
84.3	602.3	1589.1	1739.6	3767.3
84.1	545.4	1651.1	1907.2	3790.1
84.6	539.8	1681.3	2751.4	3990.3
174.8	543.4	1698.3	2836.0	4188.1
170.1	619.6	1731.7	2771.8	4147.6
169.0	860.2	1770.8	2946.9	4063.5
169.0	1351.9	1852.7	3041.8	4056.4
89.8	1356.9	1899.7	2963.6	3991.0
91.2	1524.4	1999.5	3128.8	4085.0
0.0	1553.7	2044.8	3095.1	4133.0
0.0	940.3	1726.1	2981.7	4038.7
0.0	922.3	1699.2	2982.1	4066.3
330.3	894.0	1639.9	2964.3	4058.4
0.0	910.1	1621.3	2859.9	4151.3
0.0	932.9	1786.3	2920.9	4143.3
288.4	950.3	2248.7	2936.5	4195.8
0.0	959.9	2162.7	2884.1	4203.0
0.0	942.0	2101.6	2996.4	4159.6
87.9	1028.3	2176.6	2938.2	4151.8
178.8	953.8	2141.9	3014.1	4170.5
0.0	869.1	2142.7	3189.7	4236.1
158.8	904.3	2048.3	3087.8	4160.3
0.0	906.6	2088.2	3031.0	4088.9
0.0	860.2	2068.1	2965.0	4098.6
65.4	904.3	2166.4	3053.3	4138.4
64.4	938.4	2166.5	3037.9	4147.6
