0.0	0.0	0.0	0.0	0.0
0.0	0.0	0.0	0.0	0.0
0.0	0.0	0.0	0.0	0.0
0.0	803.2	2184.7	3315.6	4388.5
0.0	994.2	2258.2	3263.6	4229.9
0.0	1095.4	2132.0	3135.7	4240.4
0.0	1101.2	2097.6	3102.2	4201.7
246.5	1164.9	2313.1	3174.5	4183.7
0.0	833.7	2223.6	3149.3	4097.6
0.0	785.5	2206.9	3154.2	4170.0
0.0	1284.0	2350.5	3189.5	4405.7
63.5	1099.8	2146.3	3002.0	4399.8
0.0	1091.7	2396.5	2987.5	4288.8
0.0	1072.1	2458.4	3142.5	4337.7
0.0	1141.6	2498.2	3223.9	4617.3
0.0	1133.3	2544.8	3206.4	4565.0
226.2	963.1	2532.0	3179.6	4538.6
226.1	349.9	1040.1	2777.8	4273.1
225.7	418.2	1033.7	2801.5	4322.7
214.4	576.2	1057.3	2834.5	4168.6
212.9	692.8	1114.2	2840.6	3942.3
210.8	770.0	1162.9	2894.8	3839.9
208.5	822.8	1685.1	2911.8	3788.5
207.8	795.6	2304.3	3469.8	4072.4
207.3	774.5	1713.3	2940.1	3787.2
207.3	815.6	2642.9	3455.6	3891.9
207.0	801.2	2042.5	3089.3	3837.1
207.0	793.3	1751.2	3058.9	3829.2
207.6	818.6	1766.1	3032.7	3796.9
208.5	680.6	1029.9	2758.3	3596.8
210.1	669.2	1042.2	2730.6	3492.4
212.1	660.1	1070.2	2673.2	3474.3
213.9	674.6	1095.9	2544.4	3504.0
216.6	664.5	1122.3	2453.0	3574.5
219.0	673.4	1166.0	2373.9	3577.1
221.7	679.1	1235.0	2310.3	3644.1
226.4	680.0	1276.2	2227.3	3884.1
229.8	684.4	1329.9	2154.7	3906.2
232.9	697.8	1386.6	2106.8	3827.9
238.4	693.2	1440.9	2037.0	3911.1
242.8	697.1	1501.5	2012.9	4045.9
248.2	692.0	1488.4	2006.8	4008.8
248.2	684.3	1525.9	2082.8	4047.7
254.2	700.6	1594.8	2113.5	4090.7
253.5	715.2	1647.0	2246.1	3969.7
256.5	739.5	1715.6	2315.2	3865.9
123.9	846.7	1789.4	2407.6	3848.2
82.7	896.2	1800.3	2669.1	3872.3
63.5	873.5	1857.9	2591.3	3897.8
178.2	775.3	1953.7	2596.7	3953.0
0.0	796.5	2133.6	2757.2	3989.8
81.9	760.9	2397.9	2783.9	4013.7
82.6	920.0	2487.8	2980.8	4005.0
0.0	880.8	2485.9	3200.8	4053.0
0.0	863.6	2424.5	3370.3	4147.9
482.5	888.8	2423.1	3224.1	4150.4
94.8	868.6	2390.1	3111.2	4135.6
270.4	792.8	2394.6	3079.8	4147.4
0.0	631.9	2344.0	3067.7	4129.7
265.9	501.9	2295.8	3032.2	4021.5
251.7	478.2	2326.8	3047.6	4050.9
241.5	472.7	2355.0	3024.4	4089.2
238.5	465.1	2382.5	2971.4	4104.8
235.9	466.1	2419.1	2856.3	4132.4
229.8	441.4	2453.6	2846.2	4179.0
226.4	383.7	2456.4	2800.0	4139.5
109.2	249.2	2331.0	2789.1	4044.3
70.8	380.2	2110.1	3055.3	4158.4
71.8	1078.0	2290.3	3220.4	4267.7
224.4	653.4	2210.3	3288.2	4267.8
74.9	1055.8	2236.1	2981.1	4218.1
111.4	763.2	2343.6	2789.2	4157.8
0.0	786.8	2505.2	2857.3	4240.9
199.4	568.2	2320.9	2930.4	4131.3
78.9	766.0	2265.2	2959.0	4094.0
0.0	772.2	2156.2	2960.3	4095.3
244.1	456.0	2014.5	2937.7	4140.2
234.4	438.3	2031.3	3010.2	4243.1
223.6	330.3	2347.7	3250.3	4336.4
109.2	327.3	2220.4	3168.6	4313.0
69.3	892.2	2119.5	3167.0	4215.6
226.5	841.3	2053.4	3279.8	4218.1
75.1	979.5	2098.7	3295.1	4434.1
0.0	1305.4	2897.9	4026.6	4938.5
0.0	1286.7	2936.4	3982.8	4957.2
363.6	888.2	2878.7	3500.5	4594.4
0.0	1177.2	2913.7	3373.9	4583.6
0.0	833.9	2098.1	2950.3	4063.2
0.0	902.0	1930.0	2978.6	4020.7
0.0	741.4	2068.8	2972.6	4005.8
83.7	760.4	2103.9	2997.5	4022.3
0.0	667.1	1940.1	2913.2	4020.8
272.0	662.2	1863.5	2906.5	4029.8
236.1	663.5	1876.1	2882.1	4026.8
224.9	670.0	1902.0	2878.2	4014.4
224.5	675.0	1929.0	2875.2	4002.6
225.6	671.5	1976.0	2857.5	4007.9
226.4	666.6	2014.0	2845.2	4019.8
226.7	624.2	2080.1	2838.1	4053.6
229.4	554.7	2215.7	2775.6	4085.8
232.1	471.0	2317.2	2792.5	4097.5
234.5	456.9	2397.4	2803.9	4105.7
229.6	290.6	2164.7	2953.9	4053.8
105.6	275.0	2032.2	3289.5	4121.8
69.7	1111.2	2276.5	3326.2	4254.4
229.6	1019.7	2232.3	3238.5	4219.3
74.4	1001.7	2225.7	3252.0	4234.0
0.0	621.1	2325.7	2998.6	4019.5
0.0	587.1	2672.0	3147.9	4177.9
213.4	607.6	2466.1	3073.6	4131.6
461.5	626.1	2321.3	2969.0	4070.1
0.0	541.7	2169.9	2909.7	4013.7
248.8	598.5	2070.0	2924.9	4039.0
237.9	635.1	2016.9	2904.0	4069.7
234.2	675.6	1979.4	2914.6	4068.4
237.8	668.0	1934.0	2931.9	4049.2
119.9	669.4	1889.8	2973.3	4058.2
80.6	585.5	1839.2	2986.0	4109.0
84.3	567.0	1804.2	2985.0	4108.8
370.3	538.5	1771.6	3004.1	4066.8
75.0	601.0	2036.5	3075.6	4156.6
263.0	1435.9	2353.3	3242.9	4270.7
0.0	245.0	1982.8	3051.9	4062.8
0.0	851.6	2445.8	3458.4	4144.6
0.0	390.9	2278.0	3167.9	4088.0
0.0	273.8	1874.2	3002.9	4081.7
282.0	966.1	2104.5	3122.0	4136.2
265.3	977.2	1967.0	3117.3	4153.9
254.7	869.1	2124.7	3097.8	4192.8
238.1	473.6	1378.9	3071.4	4186.8
248.1	512.8	1371.4	3091.8	4098.4
253.9	502.1	1513.7	3038.4	4053.2
120.8	564.4	1666.3	3017.6	4085.6
121.6	544.8	1819.8	2979.4	4075.0
121.0	530.8	1967.3	2980.1	4032.4
120.2	508.7	2071.1	2980.1	3934.0
120.7	485.3	2177.6	2910.0	3939.4
120.5	477.0	2278.7	2841.3	3860.2
119.5	466.7	2314.2	2830.1	3861.0
118.8	465.8	2332.3	2820.1	3909.8
229.3	474.6	2339.3	2834.4	3928.2
233.8	465.1	2335.1	2832.2	3998.0
229.1	471.6	2305.2	2840.8	4047.0
228.7	461.3	2320.4	3030.4	4108.8
223.0	473.2	2375.6	3118.7	4008.8
220.8	471.7	2406.3	3075.7	3990.5
214.7	505.1	2591.7	3512.7	4159.3
215.6	635.8	2708.4	3627.9	4260.4
212.9	1528.0	2754.6	3606.2	4288.9
209.1	788.4	2663.7	3598.2	4272.8
105.2	934.6	2745.5	3583.5	4178.0
71.5	1616.6	2751.2	3633.4	4164.1
70.8	1824.7	2765.7	3667.8	4161.5
200.4	1842.8	2787.3	3624.4	4144.9
218.2	1616.7	2720.6	3441.1	4120.4
210.8	480.0	2067.4	2777.2	3718.9
225.5	491.2	1896.3	2574.2	3587.2
207.5	528.1	1824.3	2541.7	3670.3
205.9	537.7	1742.5	2403.2	3726.7
102.9	529.3	1689.9	2338.7	3884.2
101.8	536.2	1691.7	2309.9	4027.0
99.3	522.2	1673.2	2280.1	4065.4
97.3	521.2	1724.3	2163.0	4094.8
190.3	529.5	1695.9	2067.0	4119.8
189.2	871.7	1670.7	2094.6	4110.1
94.0	871.7	1853.2	2384.6	4027.3
66.3	828.5	1940.3	2753.2	3942.6
0.0	861.6	1958.0	3220.7	3988.1
0.0	979.0	1830.6	3583.9	4005.3
0.0	1265.7	1832.3	3111.5	4076.1
0.0	977.3	1803.4	2750.8	4058.7
0.0	1073.9	1946.9	3002.5	4109.6
0.0	884.0	2006.6	3094.6	4167.3
78.9	881.2	2059.8	3064.1	4100.4
0.0	867.9	2126.3	3150.6	4076.3
0.0	861.7	2096.9	3099.2	4137.5
0.0	1017.8	2244.6	3221.0	4302.7
0.0	1057.0	2251.8	3288.9	4237.7
63.5	1118.4	2257.2	3235.1	4183.3
0.0	1016.0	2313.3	3256.5	4192.3
0.0	1138.7	2277.0	3256.3	4204.6
0.0	1191.2	2128.3	3337.2	4327.3
0.0	1104.9	2080.4	3360.9	4343.3
0.0	973.5	2170.5	3312.0	4280.2
0.0	984.8	2210.8	3335.6	4242.4
0.0	958.0	2181.6	3326.7	4158.9
