0.0	0.0	0.0	0.0	0.0
0.0	0.0	0.0	0.0	0.0
0.0	0.0	0.0	0.0	0.0
0.0	975.1	2213.8	3293.4	4492.4
0.0	903.0	2220.6	3301.3	4242.0
0.0	750.2	2214.0	3178.9	4240.7
0.0	817.4	2140.9	3179.2	4331.7
0.0	949.7	2066.9	3317.1	4301.1
0.0	961.7	2205.2	3161.1	4225.4
0.0	1193.9	2311.2	3224.4	4272.7
0.0	999.0	2272.6	3185.9	4243.4
0.0	899.2	2268.8	3141.7	4143.7
0.0	943.0	2299.6	3203.7	4212.8
0.0	1082.8	2334.3	3419.6	4475.0
0.0	1120.8	2259.6	3249.7	4294.9
0.0	1122.3	2169.7	3148.1	4230.3
0.0	937.7	2045.7	3172.6	4211.4
0.0	542.2	2014.5	3155.4	4348.5
0.0	530.3	2013.2	3125.0	4425.9
0.0	541.7	2037.6	3109.7	4402.7
213.2	533.9	2082.1	3116.7	4417.7
211.0	454.6	2105.5	3091.3	4419.9
214.0	422.0	2117.4	3054.9	4451.5
218.2	409.8	2225.9	3065.8	4409.8
215.5	781.0	2399.9	3097.2	4363.4
200.4	867.8	2360.0	3113.0	4269.9
94.8	869.9	2467.8	3363.9	4331.1
81.7	1637.5	2783.3	3703.0	4394.2
127.7	1623.4	2865.0	3813.1	4308.8
115.4	1646.9	2892.2	3887.5	4362.6
0.0	1303.7	2743.0	3725.7	4367.7
0.0	1557.3	2693.6	3824.8	4395.6
108.1	986.1	2682.5	3715.8	4370.6
244.9	844.3	2803.4	3671.5	4520.7
272.7	1737.9	2925.3	3685.3	4430.3
155.8	1510.1	2869.8	3743.9	4296.0
0.0	1663.9	2863.0	3828.1	4371.6
244.9	1693.0	2820.0	3832.8	4385.3
110.1	1552.1	2892.9	3764.7	4277.8
0.0	1641.2	2867.4	3654.3	4202.4
0.0	1042.3	2324.1	3142.3	4177.0
0.0	546.2	2204.0	3057.1	4212.6
0.0	511.2	2204.4	2994.5	4196.9
256.5	501.7	2150.1	2877.7	4089.6
242.8	523.5	2110.8	2803.5	4046.5
237.5	566.1	2082.2	2782.9	4064.5
233.7	627.1	2065.7	2687.0	4063.5
234.3	659.1	2040.2	2595.4	4058.6
236.6	717.2	1976.5	2542.2	4036.6
236.3	681.9	1899.6	2520.6	4060.7
238.5	738.5	1877.1	2482.2	4090.1
239.4	711.5	1817.3	2355.7	4122.4
240.5	726.8	1759.0	2254.9	4088.2
243.3	736.7	1731.4	2268.0	4058.1
244.6	730.2	1723.1	2271.3	4080.2
248.3	734.5	1721.9	2277.6	4055.1
248.8	717.2	1713.0	2292.7	4066.8
250.3	697.9	1698.4	2316.5	4038.8
252.2	674.7	1690.6	2367.7	4034.5
259.4	678.6	1683.1	2441.1	4049.5
257.9	742.9	1738.1	2596.4	4069.8
253.3	771.0	1913.6	2841.7	4137.4
241.8	940.9	2208.9	3058.7	4149.3
115.0	1073.8	2257.9	3126.2	4205.3
74.6	1072.8	2278.1	3097.5	4177.7
0.0	899.7	2184.0	3061.2	4170.6
258.9	993.0	2421.3	3258.6	4399.9
100.0	912.3	2093.9	3318.0	4461.1
0.0	1363.3	2533.1	3734.8	4493.3
274.7	1635.0	2949.1	4111.9	4776.3
109.1	899.6	2385.3	4059.5	4868.4
0.0	889.9	2640.8	4156.5	4886.8
0.0	918.8	2841.9	4236.0	4804.0
0.0	1184.4	2758.8	4145.4	4726.7
260.9	1429.3	2809.5	4070.0	4778.0
0.0	1592.9	2856.9	4202.2	4809.8
0.0	1326.5	2759.5	4232.4	4744.9
461.5	1164.1	2661.7	4223.5	4652.4
500.0	1365.8	2576.2	4160.5	4506.5
0.0	1144.2	2293.7	4002.8	4083.0
0.0	1434.9	2197.1	3600.0	4214.5
0.0	1504.7	2272.6	3462.1	4263.9
349.1	1251.1	2088.4	3091.9	4051.8
375.2	1192.8	2145.2	3089.6	4086.1
477.2	1103.3	2011.9	3006.9	4176.6
542.6	480.6	1588.3	2817.7	4095.5
275.3	491.6	1180.5	2764.6	4107.0
249.1	491.8	1218.0	2800.6	4130.5
245.5	483.0	1268.3	2814.1	4045.3
241.7	488.6	1329.5	2792.2	4056.2
233.8	518.2	1396.4	2791.6	4099.4
232.6	526.7	1392.6	2804.1	4059.1
233.8	543.5	1400.0	2803.6	4083.6
232.1	555.9	1375.6	2815.1	4074.0
233.7	541.2	1333.6	2830.9	4046.0
233.3	559.3	1300.4	2828.9	4054.5
224.9	559.8	1342.5	2871.4	4038.0
224.8	723.7	1750.8	3011.0	4060.4
224.8	765.5	1928.2	3111.2	4089.0
228.5	799.4	1966.1	3082.7	4101.1
235.7	724.8	2028.2	3123.2	3995.2
238.5	615.0	1200.2	3008.3	3889.3
242.9	613.3	1190.4	3144.8	3890.5
244.1	597.4	1223.4	3361.7	3949.2
245.3	589.6	1215.4	3365.5	3973.0
244.9	584.2	1239.1	3270.1	4014.1
247.3	531.2	1257.6	3251.2	4071.7
247.0	497.1	1300.1	3276.3	4087.4
247.9	430.2	1658.8	3322.9	4126.1
239.2	451.0	2202.4	3446.0	4141.5
74.5	1254.6	2390.7	3552.8	3996.7
73.7	1183.6	2646.3	3536.4	3938.6
0.0	1499.6	2785.6	3624.2	4128.1
0.0	1723.3	2808.6	3670.7	4315.6
0.0	1769.5	2847.2	3699.6	4392.2
0.0	1453.2	2916.1	3713.3	4317.5
0.0	698.8	2898.8	3691.8	4318.8
75.9	1747.0	2883.1	3758.1	4365.7
435.5	1703.4	2812.1	3733.5	4368.1
307.7	873.8	2812.1	3543.3	4257.4
0.0	828.1	2298.2	3122.1	4182.5
77.9	757.2	2245.5	3042.3	4153.9
0.0	747.4	2246.6	2949.7	4184.1
200.6	904.6	2310.2	2868.3	4123.4
0.0	520.7	2180.6	2775.7	4163.2
236.7	497.4	2104.8	2696.6	4161.4
225.6	573.8	2057.1	2640.7	4069.0
219.6	594.9	2077.5	2653.1	4079.1
215.3	603.1	2074.5	2586.5	4038.5
211.3	604.7	2032.3	2494.6	3998.9
207.4	610.1	2007.9	2441.2	4059.4
204.4	612.0	1970.1	2459.8	4064.3
203.4	609.8	1939.0	2453.6	4055.6
201.2	602.0	1891.0	2419.9	4080.4
199.0	599.6	1892.1	2392.7	4146.5
198.3	591.1	1828.0	2364.8	4154.8
196.7	586.0	1778.8	2367.5	4155.2
195.6	582.0	1780.1	2391.0	4255.5
195.1	580.0	1795.1	2447.4	4158.3
194.3	571.1	1827.1	2524.1	3945.7
192.4	566.6	1881.7	2687.9	4001.0
190.0	578.4	1921.2	2765.7	4042.2
186.3	519.2	2208.6	2992.4	4132.7
87.9	963.3	2151.9	3277.4	4329.4
180.6	1031.5	2168.8	3265.2	4330.9
0.0	1125.7	2340.2	3352.5	4342.5
0.0	1280.2	2269.9	3293.2	4323.4
0.0	1270.1	2278.1	3198.2	4307.0
0.0	1458.4	2474.5	3447.5	4538.8
0.0	721.3	2550.0	3877.6	4690.1
0.0	703.2	2562.7	3422.1	4601.4
0.0	719.4	2314.4	3268.3	4527.1
0.0	755.7	2182.9	3258.8	4445.8
0.0	903.4	2005.8	3101.0	4307.3
0.0	807.5	1943.9	3044.7	4251.5
93.6	661.7	1858.3	3072.7	4303.0
0.0	612.7	1619.5	3115.0	4202.3
228.3	622.3	1507.0	3162.4	4204.8
210.0	621.9	1398.2	3209.1	4147.8
200.4	606.5	1320.0	3227.3	4050.0
199.5	580.2	1233.1	3311.5	4059.0
200.2	578.6	1190.4	3384.0	4118.0
199.9	581.2	1187.3	3410.4	4163.7
198.7	559.6	1202.3	3435.2	4224.9
196.1	654.7	2105.1	3330.8	4250.6
189.6	735.0	2220.8	3241.2	4212.1
90.9	774.2	2111.5	3154.1	4274.4
0.0	764.1	2134.5	3220.2	4283.6
153.6	745.4	2236.8	3311.1	4405.2
0.0	935.6	2331.8	3311.7	4645.7
95.4	1018.6	2409.3	3439.4	4671.8
0.0	1186.9	2706.5	3569.1	4719.0
315.8	840.3	2206.8	3267.0	4478.0
118.8	987.1	1852.1	3204.9	4363.0
113.2	473.5	1751.8	3149.7	4383.0
256.1	452.9	1751.6	3115.7	4415.2
214.1	447.7	1758.1	3091.4	4359.4
202.8	437.0	1748.3	3000.1	4095.1
197.2	443.8	1684.3	2922.1	3879.0
190.1	378.7	1549.6	2920.5	3968.8
92.8	366.5	1567.3	2959.1	4130.2
92.0	357.5	1774.0	3178.8	4229.5
182.6	350.8	2008.0	3156.3	4219.0
182.5	371.8	1991.3	3075.3	4194.7
186.1	381.8	1996.2	3220.5	4246.5
189.6	362.5	2108.9	3235.6	4254.6
190.3	1120.8	2291.6	3280.5	4177.8
188.7	1016.9	2316.8	3242.6	4225.8
0.0	564.5	1908.5	2898.5	4226.9
0.0	582.3	1862.5	2813.7	4275.8
214.7	633.0	1886.5	2845.2	4318.2
190.7	665.9	1899.3	2895.4	4406.6
188.9	710.0	1894.7	2941.3	4368.4
187.8	739.8	1903.3	2976.8	4248.8
187.2	750.2	1903.1	2948.1	4185.8
188.5	759.8	1906.4	2961.4	4174.8
188.8	782.8	1887.3	2970.1	4124.4
188.2	805.5	1871.4	2936.6	4074.2
187.5	821.0	1858.4	2929.7	4105.6
187.2	857.6	1857.7	2923.5	4123.7
186.4	856.8	1828.2	2877.1	4177.7
185.7	887.8	1802.5	2885.3	4144.5
185.7	873.9	1782.7	2869.2	4079.4
183.8	860.7	1783.7	2864.1	4041.5
181.8	856.4	1779.4	2881.7	4063.5
178.8	851.6	1766.2	2873.5	4063.1
174.4	841.5	1782.5	2831.6	4060.7
170.6	840.4	1774.6	2803.2	4035.4
165.9	795.0	1811.1	2749.6	4068.2
160.9	742.3	1960.4	2672.2	4124.4
156.5	698.3	2096.9	2562.0	4161.4
156.1	646.7	2152.9	2556.8	4199.1
160.6	551.9	2246.2	2879.6	4242.7
77.9	1106.3	2201.2	3176.0	4403.6
83.2	1155.1	2209.0	3201.6	4361.6
0.0	1200.6	2318.6	3348.6	4218.2
0.0	1175.5	2339.3	3295.1	4124.7
0.0	1188.0	2375.6	3265.7	4225.0
0.0	1016.1	2279.1	3279.5	4263.6
0.0	1037.8	2245.9	3318.6	4360.2
0.0	906.9	2315.7	3190.7	4404.2
531.7	792.6	2317.9	2859.3	4332.4
251.0	777.6	2403.8	3071.3	4398.8
84.6	889.9	2475.5	3109.1	4433.3
142.8	811.9	2227.8	2944.3	4238.6
148.6	998.5	2210.8	2824.9	4309.2
105.2	899.9	2179.4	2811.5	4361.4
332.0	859.5	2088.5	2815.2	4421.0
0.0	855.2	2028.0	2800.4	4414.4
0.0	794.8	2106.4	2898.6	4409.8
0.0	735.4	2146.0	2893.9	4279.8
0.0	788.7	2132.5	2876.3	4164.7
119.7	914.4	2143.2	3014.9	4169.3
118.8	942.1	2034.9	3110.2	4136.9
0.0	916.6	2029.2	3040.0	4073.4
0.0	954.5	2080.7	3054.9	4139.5
0.0	940.4	2092.9	3085.2	4148.4
0.0	883.0	2099.8	3027.4	4126.7
0.0	926.2	2144.4	3064.8	4174.1
0.0	933.6	2109.6	3110.9	4196.2
0.0	950.0	2030.3	3139.6	4227.7
