0.0	0.0	0.0	0.0	0.0
0.0	0.0	0.0	0.0	0.0
0.0	0.0	0.0	0.0	0.0
0.0	978.8	2004.2	3297.7	4494.8
517.4	967.1	2085.5	3248.1	4356.5
0.0	917.0	2352.5	3371.9	4319.0
0.0	812.2	2265.2	3284.6	4186.3
0.0	879.0	2235.6	3299.6	4318.3
0.0	890.2	2316.0	3365.8	4261.5
0.0	974.3	2270.3	3362.7	4209.7
72.2	1163.6	2175.4	3214.7	4267.9
296.6	745.3	1985.0	3186.3	4294.7
0.0	603.8	1982.8	2992.6	4335.4
0.0	564.6	1931.2	2880.3	4245.4
143.8	645.0	1854.7	2821.5	4156.1
228.2	530.8	1795.7	2791.5	4264.6
214.4	480.6	1875.6	2737.9	4189.7
230.8	410.3	1794.6	2631.4	4020.1
239.1	452.0	1563.3	2571.0	4075.9
224.7	457.3	1424.2	2523.3	3999.6
226.9	523.1	1464.1	2473.6	3913.8
229.4	634.3	1878.8	2767.2	4046.7
235.8	675.0	1998.2	2819.1	4148.4
234.3	676.7	2097.5	2881.2	4165.8
234.9	678.1	2136.1	2904.3	4164.4
236.2	663.4	2169.0	2894.9	4124.7
239.9	634.4	2221.7	2921.9	4146.0
239.4	581.7	2294.7	2964.2	4190.8
244.1	545.1	2336.5	2970.9	4253.9
249.8	512.1	2353.1	2931.3	4247.3
258.6	509.8	2354.2	2870.2	4255.0
261.2	525.7	2243.3	2803.6	4186.0
264.1	433.5	1974.9	2777.0	4124.4
262.6	314.2	2094.3	2923.6	4146.2
77.7	270.5	2079.1	3174.7	4253.1
120.0	282.4	2182.8	3274.6	4254.5
241.4	454.9	2027.4	3104.6	4087.7
243.6	326.7	2224.3	2818.4	4135.2
275.9	399.4	2477.6	2905.1	4172.8
269.2	713.3	2576.6	3009.4	4177.1
260.7	702.9	2642.8	3093.6	4237.8
255.6	681.4	2682.9	3110.4	4236.7
253.4	671.0	2706.0	3154.1	4278.8
249.1	610.8	2699.9	3169.7	4295.9
246.7	568.7	2707.1	3172.2	4271.0
242.2	464.8	2706.6	3157.1	4319.9
236.6	468.7	2656.8	3130.2	4347.3
233.7	459.9	2638.8	3075.0	4334.5
232.2	459.7	2552.7	2995.7	4323.0
229.3	460.3	2433.9	2941.9	4298.6
229.9	455.7	2377.0	2864.5	4281.1
227.3	455.4	2280.4	2789.8	4284.9
221.9	474.1	2159.9	2708.3	4271.5
220.7	509.6	2032.5	2655.5	4230.6
218.6	546.7	1869.5	2606.9	4171.0
210.2	552.9	1672.7	2585.0	4101.4
196.4	501.0	1467.6	2559.9	4003.7
184.6	461.0	1193.2	2581.0	3927.2
82.4	435.5	2374.5	3160.6	4139.9
74.3	552.5	2322.2	3314.6	4185.0
182.3	920.4	2198.4	3241.9	4130.5
0.0	967.4	2106.9	3086.5	4145.8
0.0	584.0	2150.3	3063.5	4189.8
248.9	576.7	1914.2	3133.0	4156.5
247.9	640.6	1865.8	2967.2	3863.9
243.5	760.5	2105.6	2972.5	3767.3
225.5	522.7	1036.3	2760.1	3526.4
98.9	480.4	1157.9	2730.5	3252.1
101.8	454.9	1215.6	2541.4	3211.5
213.9	461.8	1414.2	2642.3	3839.6
211.4	419.1	1349.6	2861.7	4134.8
65.9	522.6	1257.0	2950.3	4251.2
196.7	1005.0	1692.5	3114.3	4177.2
189.0	954.1	1759.1	2829.3	3984.9
210.0	618.6	1817.4	2849.5	4003.8
199.3	599.7	2048.5	3039.6	4087.1
197.9	544.3	1979.0	3101.7	4215.2
198.4	522.4	1950.1	3020.4	4296.7
198.0	527.1	1931.7	3109.7	4186.2
199.8	565.7	1953.4	3251.0	3999.1
205.9	572.1	2036.0	3373.4	3971.0
214.3	576.0	1897.7	3472.4	3985.6
218.7	474.5	923.9	2066.6	3966.1
223.0	495.7	948.4	1840.8	4004.5
227.1	509.4	1023.9	1665.6	4023.9
227.3	576.9	1143.8	1639.8	4083.2
229.1	574.5	1161.8	1554.7	4142.6
228.8	533.7	1186.6	1495.8	4132.8
232.2	539.0	1226.5	1526.4	4102.1
238.2	514.0	1353.2	1630.2	4165.7
239.7	468.8	1440.2	2947.3	4247.4
241.5	445.0	1489.5	3201.0	4160.1
236.7	413.7	1546.9	3084.6	4108.3
75.4	444.5	2042.9	3136.3	4085.0
74.8	1193.7	2228.3	3288.3	4203.7
79.0	1154.9	2161.6	3353.8	4261.5
0.0	1017.2	2134.0	3291.7	4322.5
0.0	1145.2	2216.9	3145.5	4361.2
0.0	1249.3	2336.5	3246.9	4300.1
0.0	1096.1	2211.0	3233.3	4296.7
0.0	798.7	2118.7	3168.7	4287.3
0.0	807.1	2047.6	3138.2	4331.7
571.4	807.0	2031.5	3141.5	4151.8
0.0	872.2	2088.7	3210.6	4135.4
0.0	914.6	2156.6	3280.6	4227.5
0.0	818.8	2144.6	3165.1	4120.5
0.0	662.9	1907.6	2837.1	4038.1
0.0	521.4	2017.7	2756.3	4200.5
0.0	496.5	2245.7	2807.0	4235.9
261.9	480.7	2419.0	2862.5	4209.4
244.1	483.3	2524.5	2884.1	4191.3
241.3	460.9	2581.4	2915.2	4198.5
234.9	526.8	2627.7	2968.5	4228.8
234.8	518.3	2650.2	2965.4	4227.3
234.3	485.6	2633.1	2938.7	4222.8
229.6	474.5	2584.6	2831.7	4191.9
232.9	473.1	2476.1	2831.6	4197.7
236.6	494.1	2369.4	2851.7	4213.3
241.2	510.0	2198.9	2818.9	4215.6
242.6	576.1	2069.0	2747.8	4150.0
245.2	662.0	1959.8	2717.0	4156.2
247.3	737.4	1832.8	2736.1	4135.8
250.9	738.1	1756.8	2711.5	4164.0
254.2	741.8	1734.5	2679.1	4128.0
257.6	686.3	1634.7	2635.4	4121.1
260.4	640.8	1524.8	2579.9	4123.3
259.1	621.7	1537.4	2551.8	4157.5
124.8	665.2	2309.0	3131.4	4305.7
81.5	568.7	2245.4	3297.1	4384.2
80.6	1083.0	2360.1	3377.6	4378.6
79.4	735.2	2167.8	2975.3	4163.9
0.0	552.6	1856.9	2717.1	4044.8
0.0	520.8	1822.6	2607.7	3961.2
275.9	501.3	1804.4	2482.2	3838.8
255.1	485.9	1747.9	2171.2	3877.1
239.8	466.0	1621.4	1957.2	3865.4
227.4	456.3	1446.0	1880.8	3947.3
214.6	470.2	1242.5	1902.6	4014.8
201.8	480.4	1092.8	1987.3	4018.8
192.8	642.0	1686.3	2627.5	4037.3
187.6	622.6	1989.5	3090.5	4048.3
182.3	566.9	2038.1	3118.2	4113.2
177.5	553.8	2066.1	3231.4	4095.1
172.2	537.1	2009.7	3185.7	4085.1
170.9	573.5	1957.7	3240.1	4056.0
173.1	621.9	2450.7	3635.6	3949.4
174.4	673.5	2404.2	3614.7	3966.9
176.1	580.3	917.1	2687.9	3771.6
177.7	596.9	1030.6	2606.8	3823.5
177.1	659.8	1151.0	2606.4	3828.8
176.0	697.5	1275.1	2616.9	3795.6
171.9	708.2	1398.9	2568.6	3791.9
169.2	719.3	1522.1	2547.0	3866.4
168.4	733.1	1598.4	2551.0	3886.3
167.1	741.2	1665.3	2566.5	3935.9
166.0	742.7	1743.6	2561.7	3975.2
166.5	737.5	1775.2	2566.1	4069.9
166.2	729.4	1813.1	2578.8	4175.5
165.6	717.9	1883.9	2599.1	4163.5
166.4	717.6	1901.0	2620.6	4174.8
83.9	704.1	1945.3	2624.3	4124.2
86.7	681.5	2004.9	2645.1	4142.0
86.5	653.9	2062.0	2652.4	4157.6
86.1	647.6	2083.1	2666.0	4159.9
164.7	612.3	2128.4	2670.7	4180.7
164.1	571.1	2175.9	2629.3	4191.2
164.1	537.0	2208.7	2603.5	4212.2
164.7	509.3	2211.1	2606.8	4194.8
166.0	555.7	2181.0	2608.0	4172.1
167.3	560.1	2039.5	2653.7	4133.5
167.1	570.6	1944.9	2686.2	4107.8
167.7	794.6	2005.3	2650.7	4287.8
169.7	784.1	2069.9	2689.0	4428.6
172.4	793.0	2141.7	2771.0	4400.3
83.2	773.3	2134.2	2757.5	4585.2
82.3	704.3	2138.0	2858.6	4702.6
74.2	695.2	2096.2	2945.8	4587.0
221.0	632.1	2153.6	2937.3	4509.7
217.8	610.4	2134.7	2974.7	4431.0
