0.0	0.0	0.0	0.0	0.0
0.0	0.0	0.0	0.0	0.0
0.0	0.0	0.0	0.0	0.0
0.0	929.3	2081.1	3273.7	4194.7
0.0	912.8	2117.0	3232.6	4176.7
0.0	915.7	2179.3	3274.3	4316.6
0.0	1053.1	2299.7	3292.5	4402.8
0.0	997.1	2238.4	3250.6	4407.6
0.0	1101.2	2267.5	3189.4	4336.7
0.0	926.8	2174.2	3082.8	4311.8
0.0	876.6	2114.3	3176.1	4237.0
0.0	827.3	1939.5	3105.6	4134.7
0.0	998.5	1901.0	2918.6	4046.9
0.0	909.8	2043.6	2773.2	4168.7
0.0	1332.5	2376.5	2824.1	4264.7
0.0	1107.3	2225.4	2891.2	4051.8
0.0	265.1	1999.0	2820.2	4072.8
254.3	396.1	1968.3	2786.3	4154.6
254.7	463.9	1788.8	2747.3	4077.7
232.0	451.8	1942.9	2764.6	4050.6
235.2	504.8	2167.0	2751.3	4096.8
236.2	566.9	1401.9	2616.8	4014.9
241.1	614.1	1566.3	2550.8	3979.5
244.1	644.0	1671.8	2541.4	3842.8
247.6	541.3	1786.9	2648.8	3855.9
252.0	562.9	2217.0	3083.4	4078.6
259.3	532.3	2340.5	3176.8	4210.8
262.4	539.5	2374.2	3231.2	4245.5
266.3	551.0	2407.2	3261.9	4257.0
268.5	538.7	2418.2	3265.3	4249.4
268.9	559.0	2430.9	3267.7	4231.9
273.0	552.6	2498.6	3265.4	4248.4
272.0	544.4	2540.1	3255.2	4238.1
272.9	568.8	2541.1	3250.1	4231.4
271.2	518.1	2567.2	3238.2	4233.2
269.1	554.4	2575.0	3237.2	4221.7
270.6	560.0	2607.5	3230.2	4228.4
265.1	499.7	2642.3	3227.3	4202.7
261.5	534.0	2675.8	3246.5	4187.1
259.4	499.7	2702.3	3252.0	4204.6
253.7	497.2	2695.2	3287.2	4195.6
245.3	458.6	2723.1	3335.1	4214.2
236.1	452.4	2759.1	3373.5	4175.0
223.3	447.4	2672.5	3404.8	4238.6
214.8	853.4	2570.7	3384.3	4275.0
207.6	874.5	2537.8	3392.1	4230.1
200.4	714.8	2582.4	3371.9	4217.9
205.9	723.8	2654.0	3281.2	4163.2
210.5	458.0	2720.4	3210.5	4031.8
212.7	428.9	2709.4	3231.8	4122.0
211.6	434.4	2665.6	3334.3	4123.9
215.4	440.4	2665.7	3398.0	4116.4
222.1	445.4	2696.9	3335.1	4096.1
225.1	437.5	2686.6	3228.5	4081.7
224.1	425.5	2687.4	3180.1	4112.9
218.5	423.7	2670.9	3183.0	4101.1
214.8	409.3	2669.4	3140.5	4150.1
209.8	403.3	2503.1	3058.5	4326.6
203.8	718.5	2395.8	3131.3	4423.1
200.8	1035.5	2511.2	3239.7	4313.0
71.0	970.0	2464.2	3324.1	4292.4
76.4	796.7	2321.1	3342.6	4321.3
0.0	965.1	2307.2	3360.1	4393.3
0.0	960.7	2361.9	3564.3	4547.7
0.0	949.8	2220.5	3506.3	4431.1
0.0	1040.7	2162.4	3426.0	4373.6
0.0	1016.8	2236.1	3451.4	4393.8
352.9	1051.7	2278.7	3417.9	4466.3
0.0	996.9	2256.1	3451.3	4494.8
375.0	861.9	2099.4	3389.5	4431.0
0.0	872.3	2192.5	3282.7	4399.9
0.0	587.9	2153.7	3044.2	4357.2
0.0	492.9	2072.4	2976.1	4333.2
219.1	516.3	2104.4	2956.0	4335.6
217.5	589.7	2121.1	2929.0	4327.0
213.6	629.2	2121.3	2942.6	4305.8
211.0	651.0	2118.7	2966.4	4304.7
209.7	630.4	2120.3	2966.7	4293.1
208.4	630.6	2120.8	2968.1	4279.6
207.8	627.3	2092.0	2922.5	4272.5
206.9	614.4	2082.2	2914.7	4260.6
204.3	609.1	2056.4	2941.9	4267.1
202.9	604.6	2038.6	2942.7	4267.1
202.6	599.7	2021.5	2962.4	4281.7
202.1	534.7	1981.3	2964.2	4236.2
200.2	475.8	2004.9	3018.9	4233.8
192.9	385.1	2076.5	3121.2	4332.1
63.5	408.5	2088.3	3215.8	4248.3
198.3	647.3	2062.7	3187.6	4151.2
201.1	983.4	2187.1	3191.2	4082.3
99.4	1072.2	2220.2	3133.9	4118.6
470.7	418.2	2002.8	2866.5	4001.9
0.0	418.7	1577.9	2868.5	3852.1
222.6	410.3	1671.1	2672.3	3470.1
207.2	408.3	1674.9	2580.1	3790.0
202.3	406.9	1710.8	2591.7	3717.4
200.9	404.0	1637.6	2598.4	3667.0
199.5	403.6	1586.2	2585.8	3686.3
199.0	403.3	1556.5	2545.4	3638.1
199.3	429.2	1676.7	2557.8	3610.3
199.4	674.3	2008.5	2786.9	3713.1
200.0	701.4	2090.6	2862.8	3758.9
196.5	734.5	2137.2	2856.0	3761.9
197.3	737.0	2139.5	2775.2	3771.7
196.7	727.4	2117.9	2702.5	3780.1
197.0	730.1	2090.4	2661.9	3769.8
197.7	725.8	2040.3	2632.7	3775.3
197.1	735.1	1982.3	2563.7	3780.4
196.0	738.2	1920.6	2487.8	3774.6
196.0	742.8	1861.3	2444.9	3802.5
196.1	746.7	1784.9	2424.1	3833.4
196.6	751.5	1744.0	2388.1	3851.3
196.2	757.5	1738.6	2373.6	3825.0
197.5	750.9	1726.3	2354.5	3779.8
197.2	748.6	1699.3	2276.1	3759.5
197.6	745.8	1634.8	2254.8	3725.4
198.3	750.2	1640.7	2346.2	3679.9
197.6	750.8	1607.6	2438.3	3583.0
197.5	750.1	1565.1	2496.7	3556.9
197.9	743.8	1505.9	2733.6	3708.6
198.3	735.9	1483.2	2937.5	3909.8
199.0	729.4	1334.0	3038.7	4101.1
199.8	681.1	1238.4	3205.7	4171.8
200.8	621.5	1199.5	3270.6	4187.0
202.4	597.2	1181.0	3329.0	4136.4
202.6	588.3	1066.9	3394.5	4168.0
202.5	589.9	1020.0	3399.6	4213.5
203.1	606.0	1049.9	3426.8	4234.3
204.8	655.3	1175.9	3431.6	4224.0
207.2	694.9	1252.2	3399.2	4187.6
207.9	736.6	1360.3	3386.9	4161.4
207.3	746.1	1472.3	3310.5	4054.3
208.4	766.4	1567.8	3243.2	4028.9
211.2	784.6	1679.3	3207.5	4009.7
211.0	725.7	1761.0	3147.0	4020.3
213.2	738.4	1910.1	3084.8	3982.4
215.9	677.7	2035.5	3090.2	3974.2
217.5	621.7	2187.1	3071.3	3968.0
220.0	576.1	2335.6	3054.5	3956.7
221.1	513.2	2423.1	3105.0	4017.0
222.2	455.5	2487.5	3069.5	4018.1
220.6	442.9	2564.0	3071.1	3984.5
222.5	453.6	2605.7	3023.8	3941.2
222.9	439.3	2613.1	3013.6	3962.0
219.2	447.7	2624.8	2986.3	4043.2
108.7	1021.1	2533.6	2901.3	4070.7
224.2	931.2	2473.6	2895.1	4020.1
75.9	856.5	2311.1	2942.7	3995.6
76.9	942.9	1963.6	2865.3	3981.7
0.0	895.6	1825.0	2840.8	3955.0
0.0	918.5	1676.4	2695.6	4024.7
0.0	997.5	2040.7	3000.5	4095.3
0.0	1061.0	2220.6	3134.0	4214.5
