0.0	0.0	0.0	0.0	0.0
0.0	0.0	0.0	0.0	0.0
0.0	0.0	0.0	0.0	0.0
0.0	940.0	2189.3	3351.5	4311.2
0.0	1115.4	2234.6	3335.5	4197.5
0.0	1037.9	2277.2	3324.3	4312.0
0.0	1002.8	2201.1	3240.6	4306.0
0.0	954.5	2154.8	3236.7	4218.5
0.0	926.5	2342.6	3286.5	4307.7
0.0	1095.5	2444.3	3354.8	4318.9
0.0	1112.3	2262.1	3384.6	4323.1
0.0	1144.0	2271.2	3286.3	4294.2
0.0	940.5	2331.4	3255.4	4373.5
0.0	940.1	2097.7	3077.7	4305.5
0.0	954.9	1813.4	3089.7	4233.4
0.0	994.3	1813.2	3162.3	4106.7
0.0	1055.5	1850.6	3225.2	4060.0
0.0	1109.4	1842.6	3152.4	4011.9
0.0	1096.8	1849.8	3023.9	3765.9
0.0	1029.5	1838.3	3054.7	3874.0
0.0	895.5	1784.9	3078.9	3973.0
312.0	896.7	1769.2	3038.4	3965.0
130.9	895.5	1773.1	3001.7	3963.5
196.2	885.7	1757.2	2988.2	3995.6
237.8	875.7	1749.3	2939.5	4045.9
227.6	855.0	1751.1	2875.9	4080.3
227.4	796.3	1707.4	2842.8	4010.9
226.5	743.5	1613.4	2812.5	4015.4
219.7	698.5	1699.4	2814.4	4200.5
216.4	696.8	2055.0	2941.0	4222.1
213.1	1042.5	2113.6	3113.4	4254.7
70.5	1285.2	2108.9	3130.3	4203.0
213.1	1185.6	2226.7	3236.6	4253.6
74.0	1213.7	2369.8	3294.4	4358.7
73.6	1261.3	2165.7	3235.0	4289.9
0.0	200.0	1927.6	3058.9	4178.5
0.0	1518.0	2063.5	3059.1	4395.6
0.0	572.0	2108.7	2815.3	4319.3
0.0	614.8	2079.1	2876.2	4261.0
261.0	664.3	1941.4	2908.5	4167.5
246.1	731.7	1873.6	2911.0	4085.1
239.9	761.1	1823.7	2894.4	4246.8
236.9	781.0	1814.0	2876.9	4189.9
236.0	794.4	1789.3	2847.4	4182.3
234.7	800.3	1780.2	2842.1	4202.1
229.6	791.2	1791.6	2876.3	4185.6
227.1	778.5	1796.2	2905.2	4144.9
226.4	762.9	1797.5	2934.4	4175.5
228.3	696.8	1833.8	2971.6	4257.0
228.1	602.8	1856.3	3022.2	4267.2
218.9	539.2	1817.9	3017.1	4248.5
104.6	458.7	1883.7	3047.8	4234.1
392.0	793.1	2346.1	3287.5	4246.7
0.0	1060.0	2305.1	3259.7	4204.0
0.0	310.5	2011.3	3059.1	4302.1
0.0	696.7	2227.0	3401.3	4662.4
0.0	868.9	2352.8	3652.4	4634.5
126.6	979.3	2681.7	3674.5	4536.9
88.6	879.2	2703.4	3436.8	4503.7
0.0	805.0	2245.8	3130.0	4418.8
0.0	810.5	2058.3	3042.8	4341.1
208.2	479.5	2015.2	3012.1	4165.7
209.3	516.9	1938.2	2916.0	4019.7
217.2	464.4	1888.8	2788.4	3965.9
219.2	433.1	1738.2	2741.7	3873.7
218.1	431.0	1637.2	2752.0	3905.0
212.8	401.8	1586.6	2847.3	4109.6
68.3	447.9	1671.8	2994.9	4082.7
199.6	421.9	1811.8	3103.3	4102.4
193.6	285.1	1828.6	2991.8	4106.4
197.7	797.0	2276.1	3194.9	4246.3
205.9	676.1	2016.8	3059.1	4152.4
0.0	568.0	1838.1	2795.2	4034.3
0.0	631.8	1851.8	2827.6	4052.6
225.2	670.7	1845.2	2887.7	4082.9
215.7	707.6	1891.2	2939.9	4129.2
213.2	749.7	1916.7	2966.6	4173.3
211.7	762.7	1940.0	2948.6	4180.6
210.5	771.8	1953.4	2961.8	4164.8
210.4	768.9	1983.5	2959.9	4138.5
208.4	740.9	2026.7	2969.3	4166.1
207.7	716.3	2057.0	2946.8	4159.1
206.9	692.9	2099.6	2969.5	4146.3
105.5	671.3	2138.9	2974.5	4179.1
105.9	648.3	2195.8	2957.0	4232.8
106.6	607.9	2229.7	2959.8	4213.3
107.6	580.3	2262.8	2910.7	4188.5
108.8	532.4	2252.7	2891.8	4247.9
110.5	478.6	2178.8	2901.4	4312.9
226.3	447.6	2124.2	2846.7	4335.2
225.3	436.2	2046.8	2858.2	4321.8
223.7	423.6	2146.4	3048.9	4277.2
107.8	963.5	2199.0	3196.4	4248.9
72.7	896.5	2081.6	3092.8	4251.2
0.0	883.1	2059.5	3117.4	4343.2
0.0	779.9	2091.6	3123.5	4331.5
0.0	800.8	2097.9	3090.0	4279.0
0.0	951.0	2145.4	3074.5	4249.9
64.5	823.3	1980.7	2909.2	4209.8
0.0	416.9	1614.4	2832.8	4139.3
0.0	434.7	1625.4	2759.3	4088.1
243.4	450.5	1604.4	2747.5	4080.1
220.4	434.6	1630.3	2750.8	4040.6
218.4	434.5	1547.3	2727.2	3821.0
215.3	657.0	1551.3	2670.9	3829.9
227.4	833.1	1631.6	2908.6	3951.0
215.7	829.2	1647.3	3026.6	3980.7
209.1	829.3	1641.8	3025.1	3805.1
208.3	839.4	1639.4	3058.4	3677.9
207.6	841.6	1647.5	3082.3	3843.9
206.9	862.1	1654.9	3054.1	3822.2
206.8	863.6	1649.6	3102.1	3904.0
206.2	877.8	1647.0	3048.7	3891.9
206.8	901.2	1654.7	3033.9	3930.9
206.2	911.8	1681.7	3032.3	4117.2
204.9	904.9	1693.4	2993.4	4139.4
202.9	889.5	1726.8	2965.8	4103.3
201.1	897.2	1753.4	2907.3	3912.5
201.4	850.8	1786.7	2910.5	3915.6
67.0	811.6	1814.6	2868.6	4011.2
209.9	845.8	1914.9	2993.2	4307.9
93.4	996.2	2020.0	3188.0	4387.1
0.0	1049.5	2060.0	3273.5	4353.2
222.1	1088.5	2203.3	3296.9	4257.4
0.0	967.6	2083.3	3142.6	4230.6
0.0	1076.1	2019.1	3101.3	4322.9
0.0	842.1	2035.0	3115.8	4246.0
200.0	948.7	2176.3	3242.5	4180.2
191.9	1071.5	2130.2	3384.7	4291.5
157.9	1050.4	1989.2	3207.5	4296.9
92.8	1211.9	2220.1	3185.2	4270.6
75.5	1225.9	2174.0	3211.2	4221.2
175.7	1015.3	2188.0	3139.3	4182.6
0.0	784.9	2041.9	3065.3	4100.4
0.0	503.4	1963.5	2901.5	4095.1
0.0	514.3	1955.9	2878.4	4115.3
260.1	527.3	1980.4	2924.8	4137.1
77.9	482.7	2053.0	2960.8	4137.2
218.5	491.6	2104.2	2998.2	4173.9
211.2	533.6	2105.6	3013.6	4200.0
208.6	540.7	2138.0	3024.7	4180.6
206.1	518.9	2167.9	3026.3	4145.2
203.2	514.9	2179.6	3021.5	4159.0
200.5	501.5	2178.7	3013.2	4137.1
198.8	483.2	2183.2	2988.0	4105.6
197.8	476.2	2202.5	2960.9	4125.6
196.5	537.2	2232.0	2942.2	4131.5
193.0	545.5	2255.4	2975.1	4119.0
192.1	506.9	2254.4	2994.7	4145.2
186.8	522.2	2271.2	3002.0	4126.6
185.2	497.7	2304.2	2974.6	4075.1
180.7	484.6	2338.0	2978.4	4067.2
89.2	467.1	2361.0	2964.4	4071.5
94.7	446.4	2393.9	2946.9	4022.8
84.1	476.5	2419.4	2947.1	4002.5
175.0	449.2	2432.9	2943.3	3987.3
90.7	438.7	2461.7	2904.1	3998.4
162.5	394.3	2479.2	2896.2	4035.7
288.3	424.8	2492.7	2897.0	4016.8
172.6	454.0	2481.5	2870.3	4013.8
173.6	447.1	2450.5	2869.7	4062.1
98.9	431.0	2397.5	2878.9	4065.4
94.0	441.0	2106.3	3037.3	4159.2
271.0	992.3	2146.8	3176.2	4250.1
0.0	960.6	2012.0	3161.5	4223.4
0.0	916.9	1935.7	3173.7	4275.3
0.0	1057.1	2119.3	3217.5	4275.1
0.0	1140.9	2193.9	3232.1	4318.1
0.0	1157.1	2240.0	3220.4	4318.2
0.0	1212.4	2380.9	3093.2	4211.4
0.0	1175.2	2533.2	3053.3	4246.8
