0.0	0.0	0.0	0.0	0.0
0.0	0.0	0.0	0.0	0.0
0.0	0.0	0.0	0.0	0.0
0.0	975.1	2124.0	3111.3	4178.2
0.0	962.7	2048.7	3157.9	4109.4
0.0	931.3	2041.3	3219.5	4162.2
0.0	963.3	2188.5	3335.9	4272.7
0.0	979.7	2179.0	3128.9	4293.8
0.0	901.8	2243.2	3012.2	4212.0
0.0	415.3	2098.2	3021.9	4141.8
0.0	1034.4	2100.3	3116.0	4293.3
0.0	1007.9	2188.0	3228.4	4350.0
0.0	1012.4	2310.7	3273.7	4327.8
0.0	941.7	2208.3	3171.6	4368.6
0.0	917.1	2103.1	3213.7	4384.5
0.0	1075.0	2310.1	3361.5	4276.6
0.0	1266.5	2357.1	3454.2	4380.4
0.0	1102.4	2336.7	3090.7	4290.2
0.0	593.0	1724.3	2674.7	4313.4
0.0	601.2	1769.0	2686.2	4405.0
241.0	593.6	1804.0	2739.7	4173.6
225.7	570.0	1843.0	2781.0	3724.6
222.9	407.1	1788.9	2796.3	3586.8
102.0	510.2	1832.0	2850.9	3628.7
65.0	513.0	1914.6	2803.7	3672.9
226.7	531.5	1895.4	2740.4	3806.7
230.2	537.7	1821.4	2700.0	3998.8
229.6	492.6	1715.2	2630.9	4036.3
228.4	504.7	1542.2	2610.7	4026.7
224.8	458.8	1399.1	2622.1	4036.2
221.7	438.5	1300.7	2644.3	4049.0
218.8	439.2	1275.9	2652.7	4079.2
215.2	439.9	1284.4	2660.2	4070.6
215.8	443.4	1329.0	2683.9	4055.9
219.2	445.1	1410.2	2734.7	4101.3
220.4	454.5	1562.8	2801.0	4248.0
219.6	448.6	1694.2	2885.6	4342.4
216.9	476.7	1773.8	2957.0	4565.7
212.2	522.0	1825.7	3158.9	4734.8
204.6	897.4	2003.0	3294.5	4630.7
189.7	891.9	2311.1	3479.6	4574.6
87.6	1107.2	2381.4	3362.8	4456.7
285.7	978.7	2194.4	3386.5	4341.0
0.0	975.3	2189.9	3361.3	4406.1
0.0	577.1	1896.2	3116.3	4417.3
0.0	623.2	1697.5	2916.7	4659.8
217.6	661.9	1662.4	2842.4	4724.5
206.8	676.6	1635.1	2825.4	4583.9
192.5	715.4	1595.1	2803.8	4461.8
181.5	733.5	1512.4	2696.5	4387.5
181.4	768.8	1500.9	2610.2	4356.6
184.9	762.0	1421.1	2610.3	4342.7
184.6	907.0	1512.7	2617.4	4323.6
183.4	1014.9	1826.1	2730.4	4319.1
181.9	1069.1	1916.7	2806.7	4326.4
172.0	1081.0	1859.4	2700.1	4291.8
163.7	1068.6	1793.6	2668.4	4250.0
174.7	1014.7	1754.2	2674.9	4247.5
188.0	932.8	1313.6	2656.7	4216.1
209.8	699.7	1239.5	2593.7	4110.1
217.2	702.0	1184.8	2627.6	4096.5
229.5	660.1	1136.8	2625.8	4065.4
230.0	634.0	1099.3	2624.2	4018.6
221.4	596.9	1065.6	2652.5	3980.0
218.7	524.6	929.5	2676.8	3957.4
219.8	451.6	838.6	2663.0	3940.3
214.5	610.3	1761.9	2795.1	3938.6
420.8	630.1	2245.9	3195.1	4187.8
201.7	516.6	2199.6	3166.2	4211.5
67.2	540.8	2224.7	3284.6	4290.8
71.1	889.3	2232.8	3215.3	4294.1
101.1	878.1	2347.2	3204.1	4259.5
112.5	956.8	2364.3	3307.7	4330.7
0.0	1224.4	2346.3	3333.9	4286.8
0.0	1443.9	2243.7	3511.7	4230.4
0.0	1351.7	2209.5	3331.7	4227.4
71.1	1269.9	2377.8	3067.3	4163.7
0.0	1466.7	2330.9	3131.2	4299.6
0.0	1533.6	2322.5	3255.9	4292.8
111.1	1194.1	2243.6	3381.6	4333.6
0.0	1090.2	2278.7	3261.5	4269.5
0.0	1227.4	2307.8	3256.4	4230.0
0.0	715.4	2001.1	3213.8	4286.9
0.0	593.1	1060.3	2864.2	4172.4
230.4	577.9	1016.9	2902.4	4344.4
224.8	619.3	1080.8	2979.5	4385.3
220.3	628.8	1087.8	3041.0	4402.8
217.1	615.4	1047.9	3118.3	4433.0
215.1	589.7	1062.7	3154.2	4468.8
215.5	611.7	1099.5	3152.6	4484.1
214.2	953.3	1822.7	3231.1	4466.2
203.0	1037.1	1993.1	3212.3	4429.6
96.1	1098.1	2153.5	3307.3	4570.7
88.3	1096.5	2199.8	3368.6	4639.5
0.0	969.3	2173.6	3372.7	4437.3
0.0	965.0	2206.1	3274.6	4346.0
0.0	957.5	2357.1	3553.1	4454.7
0.0	1115.8	2455.7	3648.8	4505.6
71.0	1008.6	2321.4	3586.2	4467.4
233.0	1058.9	2366.1	3624.0	4530.4
0.0	1003.1	2442.1	3583.9	4540.6
139.5	768.3	2500.4	3517.6	4547.7
0.0	862.4	2500.7	3471.9	4556.3
0.0	986.4	2395.4	3415.8	4527.3
200.0	634.2	1693.5	2931.6	4428.5
304.6	661.6	1353.8	2887.2	4420.9
221.2	737.9	1426.1	2896.6	4345.7
216.6	774.8	1434.5	2929.1	4273.7
209.8	814.0	1416.4	3000.1	4224.1
203.7	824.1	1402.0	3164.0	4219.9
198.4	834.9	1404.2	3331.6	4191.2
197.2	857.2	1429.0	3375.1	4176.2
197.4	871.3	1463.6	3388.8	4182.1
197.0	907.6	1509.7	3470.3	4159.7
196.2	933.4	1553.8	3482.5	4105.6
194.6	932.3	1571.5	3408.7	4107.5
194.2	933.1	1649.4	3268.1	4113.1
193.7	915.4	1738.8	3202.4	4102.4
191.5	872.4	1849.8	3123.7	4088.6
189.4	870.2	1937.2	3018.2	4045.3
187.5	846.4	2054.0	2977.6	4056.9
186.2	861.6	2191.5	2941.4	4032.3
184.5	864.7	2370.8	2913.2	4069.9
184.0	888.4	2446.8	2922.8	4050.1
182.9	888.6	2472.8	2901.5	4079.7
181.7	596.3	2584.5	2915.6	4213.7
179.7	542.7	2622.3	3037.3	4303.2
178.1	470.3	2521.1	2974.8	4296.0
175.9	391.4	2235.4	2987.0	4457.0
174.9	358.2	2141.8	3019.6	4643.5
173.8	371.3	2184.5	2935.5	4723.8
173.5	362.6	2224.5	2978.7	4725.7
174.3	365.6	2188.7	3062.8	4760.8
175.3	347.4	2256.2	3094.7	4743.5
173.6	349.3	2382.1	3107.4	4645.7
169.2	356.2	2609.3	3276.9	4434.1
172.3	350.7	2812.5	3398.7	4406.1
176.8	348.8	2862.9	3385.8	4505.6
174.4	356.5	2801.6	3212.9	4423.9
170.2	331.4	2747.8	3250.8	4592.8
171.2	368.8	2876.1	3367.8	4547.3
177.7	435.3	2927.5	3382.1	4517.0
186.0	380.5	2932.9	3409.4	4499.4
186.0	376.6	2841.9	3416.4	4419.6
185.4	390.7	2858.6	3409.3	4361.9
184.4	390.2	2817.1	3347.2	4447.4
178.6	356.4	2738.2	3323.1	4416.6
175.1	327.6	2579.6	3186.3	4478.2
170.9	306.2	2332.1	3278.1	4537.4
89.3	504.4	2196.5	3214.6	4374.3
0.0	1112.8	2191.0	3306.2	4294.6
0.0	1114.8	2307.6	3328.8	4317.8
63.5	213.8	2011.1	3108.3	4228.7
0.0	555.4	2211.7	3436.3	4459.3
0.0	639.2	2153.3	3487.8	4311.6
0.0	915.6	1998.0	2947.2	4106.7
0.0	907.5	1846.2	2788.7	4067.2
0.0	992.5	1793.9	2715.7	4134.6
103.1	867.1	1655.7	2614.6	4103.3
0.0	759.5	1393.3	2563.7	4030.1
198.1	708.0	1252.7	2561.6	4159.1
187.8	674.2	1148.1	2603.0	4257.9
177.3	668.2	1175.7	2658.3	4296.8
171.5	663.2	1105.6	2666.4	4322.1
166.2	666.6	1087.2	2700.0	4334.8
165.0	668.3	1067.3	2729.8	4364.5
163.8	633.4	999.0	2831.4	4402.8
164.9	623.1	983.6	2858.8	4357.2
166.5	647.3	1026.5	2881.0	4476.2
166.7	597.1	995.5	2876.8	4534.9
165.5	572.5	989.7	2933.6	4479.0
165.1	530.6	994.1	2947.8	4525.0
164.1	497.9	990.6	2931.7	4593.7
163.9	539.0	1084.3	2977.2	4643.2
163.8	496.6	1158.1	2988.2	4642.1
155.5	485.5	1420.8	2977.0	4705.2
75.1	549.7	1553.0	2972.7	4880.5
170.0	590.2	1663.7	2939.3	4854.2
165.8	612.7	1772.3	2944.9	4666.0
168.7	585.3	1788.6	3007.2	4363.5
164.5	489.8	1937.3	2830.0	4136.7
162.0	334.7	2086.7	2809.4	4138.6
82.5	350.6	1995.1	2776.4	4178.3
166.5	361.1	1887.6	2704.0	4236.0
167.6	358.9	1974.5	2689.3	4580.1
169.3	355.0	2093.2	2773.7	4937.2
169.3	332.3	2001.1	2733.4	4841.4
165.7	720.9	2095.5	2999.6	4260.0
161.4	881.2	2274.3	3634.5	4273.6
154.1	918.5	2541.4	3874.7	4633.6
141.5	885.6	2521.2	3792.9	4651.9
0.0	957.5	2483.5	3549.7	4637.2
176.5	913.0	2412.1	3595.6	4710.9
0.0	798.3	2284.9	3528.3	4623.2
444.4	899.7	2261.7	3317.9	4698.7
0.0	1112.7	2238.6	3219.9	4841.0
129.0	1129.6	2294.1	3250.0	4807.3
126.3	1075.4	2271.1	3424.3	4706.2
0.0	915.6	2204.7	3254.6	4556.8
0.0	844.0	1928.7	2923.7	4682.1
0.0	778.2	1768.9	2880.5	4788.1
250.2	756.5	1684.0	2855.5	4651.3
171.7	766.7	1690.3	2840.6	4600.7
170.5	765.3	1597.1	2815.0	4478.9
166.7	764.0	1576.5	2812.0	4459.3
166.0	777.1	1492.4	2791.0	4445.6
163.8	759.6	1380.5	2774.6	4395.9
162.5	759.6	1330.2	2783.5	4357.8
162.5	755.0	1271.7	2812.1	4329.5
160.2	743.6	1249.2	2842.2	4306.2
161.5	746.3	1192.1	2857.5	4328.5
161.8	736.0	1102.7	2870.9	4320.6
162.0	734.2	1112.3	2897.4	4332.0
163.2	730.7	1152.6	2880.3	4343.1
165.8	768.4	1233.8	2921.5	4322.5
168.2	958.0	2052.4	3187.7	4342.8
170.3	1091.6	2145.3	3191.8	4284.2
174.5	1165.4	2172.0	3308.8	4300.5
85.4	1001.5	2107.2	3263.0	4344.9
87.9	1040.8	2049.2	3388.5	4501.0
0.0	1036.2	2108.0	3387.9	4368.4
75.0	979.9	2067.1	3271.7	4237.0
174.0	994.2	2133.4	3292.5	4463.6
0.0	911.1	2092.3	3252.0	4403.4
0.0	977.3	2003.7	3353.4	4300.3
319.6	959.6	2227.7	3393.3	4292.6
0.0	1042.2	2306.3	3274.9	4388.3
0.0	989.7	2220.3	3193.3	4377.1
197.6	863.4	2280.7	3245.8	4343.0
70.1	759.3	2108.5	3233.8	4369.4
0.0	967.3	2148.9	3244.0	4328.5
86.5	889.0	2312.3	3138.2	4262.8
86.9	791.4	2092.8	3004.5	4170.1
495.7	879.4	2078.4	2914.5	4180.2
173.9	933.2	2171.6	2867.7	4255.2
169.4	928.4	2049.9	2863.9	4227.7
167.6	954.7	1983.9	3032.9	4199.2
164.4	896.7	2049.0	3261.6	4149.5
161.3	818.3	2089.3	3225.6	4136.0
155.9	653.0	1984.2	3093.2	4191.7
0.0	812.6	2032.2	3100.0	4218.3
0.0	871.1	2009.1	3258.6	4214.1
