0.0	0.0	0.0	0.0	0.0
0.0	0.0	0.0	0.0	0.0
0.0	0.0	0.0	0.0	0.0
0.0	807.2	2019.9	3011.6	4329.0
0.0	857.8	2263.0	3151.8	4303.7
0.0	787.6	2294.8	3282.0	4180.0
0.0	794.6	2219.8	3289.6	4241.1
0.0	804.3	2213.9	3243.5	4287.6
0.0	1173.3	2392.6	3352.3	4184.9
0.0	1178.5	2333.1	3340.5	4133.9
0.0	1253.1	2301.6	3220.4	4128.0
0.0	1229.7	2304.4	3192.2	4198.1
0.0	1193.2	2344.9	3232.1	4221.0
0.0	563.5	2265.4	3180.6	4171.2
0.0	530.2	2067.6	3145.2	4127.1
0.0	916.3	2158.9	3134.1	4136.8
0.0	829.7	2445.6	3339.4	4189.1
228.1	769.3	2348.2	3413.4	4177.0
0.0	908.7	2424.7	3424.1	4366.4
0.0	1000.1	2568.7	3436.1	4567.9
0.0	640.3	2610.3	3319.6	4595.1
162.6	880.1	2692.5	3398.3	4578.8
185.5	212.0	2738.0	3442.1	4552.5
0.0	436.0	2688.7	3414.4	4500.4
251.6	460.0	2693.2	3385.6	4571.1
232.4	454.3	2677.6	3318.6	4561.0
222.3	441.7	2638.4	3228.6	4362.7
220.3	454.3	2489.2	3194.4	4218.0
208.2	610.1	2442.8	3244.7	4224.9
100.9	900.6	2493.3	3395.5	4390.8
570.0	854.1	2451.5	3357.3	4419.9
555.3	865.6	2562.5	3500.1	4390.3
79.0	960.3	2431.3	3567.7	4481.0
0.0	962.8	2416.4	3568.1	4569.6
0.0	981.1	2512.3	3549.4	4661.5
375.0	997.8	2353.0	3419.6	4554.9
0.0	1127.0	2477.5	3434.7	4688.0
142.6	1050.2	2590.9	3440.1	4736.0
150.0	1041.1	2558.9	3610.0	4688.4
127.7	1155.4	2376.1	3532.0	4555.5
117.0	1087.6	2117.7	3102.3	4405.4
0.0	362.9	1930.7	3083.2	4281.3
0.0	450.6	2000.9	3116.3	4273.7
241.2	444.0	2125.7	3135.1	4321.7
219.4	430.8	2142.6	3168.1	4337.3
214.6	425.0	2132.7	3157.1	4350.3
213.3	632.5	2145.6	3174.7	4309.7
220.2	731.1	2207.7	3236.9	4301.6
208.3	789.7	2267.7	3265.7	4335.9
204.6	810.4	2282.7	3216.9	4273.6
201.8	828.6	2289.7	3173.5	4277.5
200.4	843.8	2301.1	3141.8	4291.3
200.8	849.0	2315.4	3130.2	4246.7
200.7	855.4	2316.2	3115.7	4278.0
201.8	862.7	2271.6	3058.5	4319.7
206.0	883.4	2207.3	3045.9	4315.3
208.9	874.0	2147.7	3038.1	4342.0
212.2	878.6	2049.0	3019.4	4301.3
217.6	860.0	2002.9	3011.9	4299.4
223.8	843.9	2007.4	3029.4	4306.1
233.3	826.6	2059.3	3085.2	4422.9
238.9	807.6	2170.8	3101.4	4553.2
240.0	731.6	2275.1	3316.3	4576.2
238.5	1144.9	2325.2	3566.8	4500.3
76.1	1231.7	2247.6	3407.3	4337.1
63.5	1067.9	2524.8	3715.2	4359.4
0.0	1376.2	2898.9	3874.2	4333.7
0.0	1310.8	2935.1	3906.6	4385.2
0.0	1216.8	2917.3	3934.5	4381.3
0.0	906.3	2963.3	3809.3	4285.6
0.0	1227.7	3024.5	3799.6	4441.4
0.0	942.7	3060.4	3876.8	4426.3
0.0	1132.9	3036.4	3916.9	4418.7
0.0	1212.6	3000.0	3915.9	4388.7
230.8	1328.9	2993.4	3902.7	4502.9
241.0	945.3	2967.4	3852.6	4515.3
95.2	1416.9	2960.8	3852.4	4448.5
72.7	785.1	2350.0	3477.6	4412.8
255.3	755.1	2438.6	3599.1	4406.6
0.0	649.3	2307.9	3456.6	4316.0
315.8	704.5	2056.9	3212.3	4183.0
181.3	898.5	2221.4	3256.2	4101.9
0.0	842.9	2297.5	3212.8	4023.4
0.0	565.8	2261.7	3153.8	4179.9
0.0	572.1	2242.4	3083.1	4415.9
0.0	607.9	2219.7	3142.7	4377.1
123.6	637.6	2253.9	3217.5	4259.6
72.4	671.9	2211.0	3287.8	4237.5
0.0	769.2	2147.0	3279.3	4234.7
0.0	934.4	2280.6	3210.0	4279.1
0.0	961.0	2372.0	3230.8	4260.0
0.0	989.2	2453.7	3236.5	4322.9
0.0	737.6	2365.4	3202.6	4346.9
0.0	755.6	2292.2	3137.0	4351.6
213.1	755.3	2336.1	3113.5	4382.6
197.5	776.4	2337.3	3077.3	4420.0
201.0	787.9	2269.9	2979.1	4423.0
203.1	782.7	2220.1	2946.7	4343.6
202.1	778.5	2251.1	3016.6	4372.2
201.2	774.9	2268.1	3032.5	4365.2
201.3	772.1	2252.2	3021.4	4342.9
201.1	749.0	2166.7	3013.0	4277.5
200.6	687.7	2056.4	2965.7	4010.0
199.3	717.5	2021.4	2919.1	4049.2
195.0	445.6	2042.0	2923.5	4185.6
88.4	438.5	2163.6	3004.0	4406.6
172.7	517.4	2231.8	3029.2	4755.2
192.2	522.1	2266.5	3082.3	4925.8
185.0	508.2	2260.5	3096.9	4942.2
86.6	493.4	2238.2	3105.5	4621.5
129.4	479.0	2190.8	3084.8	4842.5
0.0	438.5	2148.0	3046.1	4969.1
0.0	410.2	2079.5	3069.9	4402.1
0.0	792.0	2127.5	3178.7	4303.4
200.6	919.5	2315.2	3426.1	4568.3
210.3	1008.2	2428.6	3410.3	4474.1
70.5	981.8	2467.7	3455.9	4402.9
519.0	1142.9	2591.4	3469.5	4514.1
354.9	1044.7	2575.7	3403.2	4590.6
0.0	1039.7	2524.9	3511.6	4546.7
0.0	892.3	2381.9	3524.3	4448.5
0.0	786.6	2476.8	3473.6	4335.7
0.0	800.4	2429.2	3410.6	4384.4
315.8	819.9	2207.9	3171.4	4394.8
0.0	640.4	2130.8	3083.8	4493.8
0.0	707.8	2091.8	3078.6	4756.5
203.6	747.5	2100.9	3046.6	4762.8
187.4	776.7	2103.3	3003.5	4549.8
179.4	828.6	2098.5	2986.4	4352.0
180.3	864.3	2081.4	2967.3	4353.5
178.4	883.8	2040.0	2935.7	4400.5
179.5	871.8	1990.4	2858.2	4425.9
180.7	810.6	1959.3	2790.7	4459.6
181.8	736.1	1857.2	2692.4	4453.3
183.7	706.2	1790.9	2723.3	4397.5
178.3	626.1	1650.8	2927.0	4247.5
82.7	1255.1	2217.3	3265.3	4267.8
170.2	1142.1	2177.3	3140.0	4207.7
173.9	826.4	2129.0	3137.8	4273.0
181.5	572.5	2040.5	3006.1	4192.8
187.8	447.7	1967.2	2768.6	4149.3
181.6	480.4	2059.9	2904.1	4084.3
186.1	477.1	2146.2	3059.6	4037.8
185.2	439.7	2192.7	3186.2	3932.2
184.1	388.0	2205.9	3269.1	3987.1
181.9	352.6	1959.8	3320.7	3982.0
90.4	338.0	1342.7	2699.5	4028.1
168.6	326.1	1743.4	2699.3	4079.9
165.9	331.0	1971.1	3041.6	4272.0
162.8	312.3	1905.5	3270.4	4435.4
157.6	1179.5	2123.3	3151.2	4476.0
151.5	1127.0	2087.2	3141.0	4387.4
100.2	1053.8	2223.7	3288.4	4092.9
0.0	1726.1	3093.8	3574.2	4190.6
0.0	1471.9	3047.7	3791.2	4422.5
100.8	766.1	2863.8	3630.5	4177.3
0.0	479.5	2426.8	3092.0	4143.4
131.9	792.5	2315.5	2998.8	4206.4
0.0	474.2	2231.5	2890.7	4152.9
211.3	464.3	2121.4	2818.8	4366.2
169.1	499.7	1958.2	2819.8	4606.9
165.3	502.5	1875.2	2874.2	4667.2
161.5	464.9	1536.4	2898.8	4610.8
85.6	468.7	1845.7	3060.6	4525.9
93.8	464.2	1382.3	2894.5	4646.7
239.5	443.2	1432.1	2882.5	4853.9
0.0	457.6	1756.5	2895.7	4944.3
160.5	491.5	1912.5	2883.6	4922.1
156.0	488.3	2018.8	2879.2	4845.8
154.5	479.5	2171.0	2887.3	4712.7
153.4	471.8	2309.1	2909.4	4622.8
152.6	457.3	2402.7	2921.4	4463.2
151.9	449.8	2475.3	2941.0	4402.5
150.1	493.6	2503.9	2957.2	4367.5
153.2	482.7	2514.4	2970.1	4265.4
155.4	434.9	2506.2	2972.2	4149.7
162.9	426.8	2448.7	2949.0	4101.0
165.0	367.3	2393.6	2957.3	4106.6
165.8	424.5	2286.4	3020.6	4074.7
160.3	892.2	2108.1	3007.5	4074.8
153.3	796.2	2134.5	2975.0	4114.4
74.7	766.8	2123.7	3030.9	4172.2
100.0	738.3	2093.2	3080.1	4180.0
382.9	841.2	2007.8	3218.9	4104.6
72.7	920.5	1982.9	3096.6	4030.5
70.9	855.1	2137.0	3049.0	4148.8
0.0	746.5	2167.1	3122.3	4189.2
0.0	863.3	2165.3	3133.8	4419.3
159.2	902.3	2168.2	3164.1	4543.1
0.0	811.0	2096.6	3359.8	4401.4
83.3	778.9	2057.4	3365.8	4489.9
