0.0	0.0	0.0	0.0	0.0
0.0	0.0	0.0	0.0	0.0
0.0	0.0	0.0	0.0	0.0
0.0	795.8	2126.6	2898.2	4152.6
0.0	828.5	2166.9	2884.3	4059.3
0.0	758.4	2217.2	2926.6	3919.6
0.0	737.6	2198.0	3025.3	3876.5
0.0	848.1	2362.4	3106.0	4003.8
0.0	846.3	2445.4	3127.7	4048.4
0.0	861.3	2422.1	3096.2	4116.9
0.0	879.8	2315.5	2914.4	4143.4
0.0	778.6	2264.4	2961.9	4213.9
0.0	788.7	2197.8	3112.0	4280.0
0.0	943.1	2179.2	3224.8	4264.4
0.0	1296.0	2337.9	3350.9	4295.7
0.0	916.1	2248.0	3067.7	4170.0
0.0	798.0	2421.1	3033.0	4082.8
0.0	780.4	2448.5	3095.0	4115.7
0.0	777.6	2492.9	3130.2	4289.8
121.4	844.4	2500.8	3107.3	4362.0
0.0	808.4	2532.4	3105.5	4311.5
0.0	698.9	2592.8	3127.8	4209.8
0.0	578.4	2607.5	3088.5	4232.3
252.0	474.6	2643.7	3087.5	4254.4
238.9	439.2	2624.9	3067.3	4321.8
99.3	416.6	2665.7	3104.0	4306.9
196.3	409.5	2702.7	3151.9	4238.5
195.0	429.7	2698.5	3161.9	4212.9
197.3	448.3	2678.0	3165.9	4203.5
198.6	464.4	2635.4	3152.6	4267.8
199.2	507.7	2579.0	3157.3	4391.3
199.1	472.7	2457.8	3106.3	4458.0
196.6	405.8	2340.7	3107.8	4466.3
194.2	399.7	2225.4	3077.4	4478.7
195.7	399.7	1649.8	2987.7	4429.6
197.9	402.6	1229.7	2802.5	4283.4
201.1	407.2	1823.8	2862.6	4222.1
202.6	444.8	2391.5	3001.5	4094.8
202.9	468.7	2551.3	3080.8	4039.3
208.8	446.5	2592.2	3104.0	3807.6
213.8	433.5	2620.1	3120.3	4088.4
213.4	437.6	2643.5	3208.8	4359.8
214.1	433.2	2694.5	3202.0	4400.0
218.7	444.4	2726.5	3185.6	4445.4
218.8	448.8	2753.0	3199.4	4432.0
223.8	455.2	2762.4	3205.7	4441.2
223.0	449.3	2773.7	3191.4	4424.3
223.6	448.7	2796.8	3195.5	4452.1
222.4	450.0	2820.4	3230.0	4450.1
220.4	445.7	2801.7	3203.0	4431.6
218.2	455.2	2775.8	3177.9	4462.4
215.7	452.5	2707.6	3135.1	4476.1
216.1	451.7	2602.7	3127.3	4460.5
216.2	426.6	2508.9	3113.8	4385.4
214.4	490.8	2362.9	3029.8	4355.8
213.5	546.4	2177.9	3041.4	4266.9
195.7	379.1	2123.1	3070.4	4259.8
63.5	331.2	2127.0	3138.8	4332.3
174.8	338.1	2210.7	3266.1	4235.6
164.3	1211.0	2288.5	3301.4	4214.2
166.2	1179.1	2315.0	3306.4	4305.4
0.0	1091.7	2255.6	3351.4	4478.9
0.0	1053.6	2186.2	3287.7	4370.3
0.0	543.5	2049.2	3195.4	4493.4
260.8	484.0	1979.6	3053.3	4644.4
140.6	532.3	1930.6	2976.6	4734.4
96.3	587.9	1890.4	2984.5	4328.6
248.1	640.3	1875.6	3043.7	4148.5
63.5	693.5	2250.7	3094.7	4203.6
0.0	765.9	2285.4	3054.8	4181.7
0.0	870.6	1992.7	3037.6	4066.2
0.0	834.9	1771.2	2893.7	4140.8
0.0	759.3	1807.9	2825.2	4221.6
129.7	742.7	1832.8	2800.4	4147.6
139.8	741.0	1854.3	2763.6	4101.5
183.8	746.3	1859.5	2750.1	4118.6
197.2	734.1	1847.7	2695.4	4114.1
197.8	697.2	1872.3	2660.4	4052.8
198.4	639.9	1937.0	2648.4	4035.8
200.1	615.2	2006.4	2655.2	4089.1
204.2	596.2	2063.3	2635.4	4092.3
211.2	491.0	2082.9	2598.2	4104.2
213.1	430.0	2074.2	2606.7	4038.9
213.6	416.7	2063.9	2640.1	3789.3
211.3	436.5	2028.1	2589.0	3584.6
210.4	430.2	2024.6	2584.7	3392.5
240.9	350.4	2086.3	2669.0	3860.3
148.2	349.8	2069.0	2881.6	4136.5
75.0	409.4	2035.4	2949.5	4130.3
128.2	1026.1	2037.6	3131.4	4089.9
0.0	1407.9	2153.1	3314.1	4226.3
0.0	1057.2	2198.5	3273.1	4272.4
0.0	850.0	2125.8	3014.0	4126.4
0.0	866.5	2081.1	3041.6	4062.2
0.0	979.6	2257.7	3336.7	4211.8
0.0	1070.1	2276.0	3320.4	4254.9
80.0	634.6	2036.1	3151.9	4313.1
0.0	609.4	2044.9	3190.0	4249.3
400.0	532.6	2151.5	3170.3	4186.2
428.6	916.0	2424.6	3193.3	4203.4
428.6	906.1	2321.6	3157.5	4219.3
461.5	781.3	2155.6	3029.6	4322.1
0.0	468.6	2045.3	2682.6	4296.6
238.9	429.0	2058.2	2578.6	4285.5
205.3	403.5	2145.6	2602.8	4347.9
204.1	398.2	2230.3	2642.1	4367.1
198.8	384.8	2238.6	2649.7	4396.8
193.4	381.5	2235.5	2647.0	4433.8
189.1	382.5	2221.8	2641.9	4400.4
185.4	392.0	2152.9	2629.3	4431.3
182.5	428.8	2028.6	2606.2	4422.2
181.8	473.5	1902.5	2544.2	4400.5
180.5	581.7	1711.0	2474.2	4428.6
180.2	532.2	1466.1	2429.2	4451.9
177.3	532.2	1353.6	2374.8	4409.6
173.7	544.1	1280.6	2404.8	3919.2
171.8	549.3	1248.6	2509.9	3688.8
168.8	543.0	1259.2	2570.4	3616.0
167.8	513.6	1287.2	2543.0	3316.2
168.4	502.6	1315.2	2624.4	3467.4
168.6	510.5	1361.6	2519.1	3567.8
167.1	543.4	1402.2	2491.6	3536.7
159.7	535.6	1467.2	2472.1	3789.7
154.9	310.8	1417.1	2651.7	3899.8
75.4	911.9	1782.2	2408.7	3805.8
155.7	583.9	1578.6	2565.7	3669.3
0.0	519.3	1499.0	2628.2	3878.4
173.7	528.9	1525.2	2593.4	4012.3
172.6	532.7	1545.7	2651.9	3985.4
170.4	539.6	1600.3	2651.0	4038.7
167.6	521.3	1671.7	2649.8	4135.0
166.8	516.7	1696.6	2670.7	4326.4
166.7	504.5	1730.3	2817.7	4366.4
168.2	490.1	1760.8	2960.6	4485.9
170.3	446.4	1768.7	2977.0	4656.7
169.0	400.6	1799.6	2988.7	4626.4
166.4	423.7	1825.4	2986.1	4544.5
166.2	512.4	1852.8	3009.8	4502.6
162.3	515.3	1830.0	3025.2	4505.5
160.9	942.8	1939.7	3193.4	4502.1
157.5	1019.0	2213.0	3369.0	4387.4
155.0	1157.4	2262.6	3357.7	4345.6
81.6	1132.7	2257.8	3298.4	4333.7
80.9	1045.3	2158.2	3280.6	4329.4
0.0	1041.4	2284.6	3146.0	4421.5
0.0	1063.2	2328.6	3221.2	4306.2
274.1	1093.9	2102.4	3274.3	4207.8
84.3	979.2	2055.1	3139.1	4286.7
0.0	917.7	2126.1	3162.8	4182.4
0.0	243.5	1874.7	3114.5	4165.3
204.6	298.5	1631.7	2810.0	4188.3
216.3	446.9	1606.8	2650.0	4085.6
160.0	578.5	1741.9	2735.2	4151.5
379.8	677.8	1883.7	2836.6	4249.6
182.7	711.0	1984.0	2921.5	4272.3
177.5	720.3	2011.6	2965.7	4312.7
178.4	724.4	2084.8	2988.6	4288.3
177.1	737.8	2099.1	2958.3	4200.2
176.3	758.2	2097.0	2967.4	4111.9
174.3	769.3	2103.3	2940.3	4081.2
172.4	778.0	2137.5	2953.1	4041.6
171.5	775.2	2163.3	2956.8	3970.7
171.0	776.7	2183.7	2971.8	3983.8
169.7	787.7	2198.5	2966.2	4092.0
168.6	790.8	2189.0	2967.5	4226.3
167.3	794.3	2177.1	2941.6	4254.3
166.1	801.2	2166.7	2960.5	4116.9
165.3	808.3	2166.1	2969.9	4142.1
163.9	825.9	2140.8	2929.3	4140.0
161.2	820.1	2134.9	2967.5	4255.1
159.6	826.6	2137.5	2945.1	4185.0
154.8	826.4	2082.5	2913.0	4211.4
153.4	845.9	2056.6	2856.3	4018.1
149.4	842.2	2014.6	2831.2	4072.0
147.9	859.8	1995.8	2857.6	3832.6
142.8	875.5	2000.8	2847.8	3803.5
141.2	857.9	1992.5	2867.7	3912.1
70.2	821.8	1983.4	2901.0	4027.3
70.1	799.4	2006.6	2922.0	4061.9
120.6	773.8	2048.3	2977.0	4165.7
138.0	717.9	2061.2	2975.0	4137.8
69.3	623.3	1965.8	2930.7	3840.0
69.8	488.1	1902.8	2923.5	3846.5
68.1	546.9	1895.1	2925.8	4005.6
138.7	580.4	1890.0	2969.3	3979.9
149.3	599.3	1898.6	2949.1	3962.8
154.2	562.4	1887.5	2930.6	4078.7
156.9	575.7	1902.2	2930.8	4014.4
159.8	555.6	1884.2	3009.3	3916.6
156.8	523.7	1924.2	3026.8	3958.5
164.1	531.2	1982.8	2969.5	3899.2
178.3	711.2	1959.2	2960.7	3915.2
175.0	811.7	1908.9	2946.5	4302.6
165.2	845.8	1915.8	2917.8	4568.7
81.4	845.7	1906.1	2950.7	4654.6
0.0	906.0	1862.2	3032.1	4483.1
0.0	882.3	1809.9	3045.5	4264.3
127.7	745.4	1790.8	3054.5	4170.1
307.5	758.7	1772.7	3076.0	4126.4
210.7	805.8	1743.4	3053.1	4097.1
89.3	821.1	1665.8	3031.9	4062.1
105.7	878.7	1576.7	2977.9	4049.9
100.2	854.1	1602.8	3056.9	4131.4
112.0	707.6	1567.7	2980.5	4053.8
0.0	905.7	1638.4	2971.2	3999.3
0.0	841.1	1609.1	2794.8	3891.4
0.0	808.0	1685.1	2788.7	3821.7
0.0	843.4	2110.1	3154.4	4103.6
0.0	858.2	2213.4	3457.2	4300.5
0.0	874.2	2324.5	3315.3	4386.8
0.0	960.5	2452.7	3219.2	4488.2
0.0	964.2	2316.0	3112.5	4489.9
0.0	923.3	2225.6	3020.7	4470.6
0.0	927.9	1997.5	2838.1	4438.2
0.0	927.0	2141.7	2881.0	4398.7
0.0	844.8	2430.7	2935.8	4411.0
0.0	933.0	2255.6	2897.4	4219.1
0.0	1042.0	2160.6	2983.1	4324.8
0.0	1071.6	2229.1	3087.8	4401.4
0.0	1030.3	2343.7	3154.3	4400.6
68.6	1029.6	2390.2	3256.7	4537.5
