0.0	0.0	0.0	0.0	0.0
0.0	0.0	0.0	0.0	0.0
0.0	0.0	0.0	0.0	0.0
0.0	1053.8	2444.3	2956.1	4242.4
0.0	989.4	2369.7	3133.4	4116.6
0.0	901.0	2231.9	3249.3	4242.2
0.0	828.4	2358.1	3218.4	4278.1
0.0	811.2	2432.1	3211.4	4189.2
0.0	720.2	2133.0	3031.2	4188.1
0.0	583.6	1918.7	3059.1	4157.8
0.0	716.4	1979.4	3136.7	4169.7
0.0	969.0	2154.1	3245.5	4203.0
0.0	920.4	2155.7	3207.3	4227.1
0.0	1070.0	2354.4	3251.1	4224.5
0.0	981.2	2379.9	3309.7	4214.3
0.0	820.7	2610.3	3240.0	4122.9
0.0	747.2	2621.5	3395.9	4203.1
0.0	563.8	2553.3	3461.8	4284.8
441.3	861.5	2679.7	3552.3	4381.6
0.0	849.9	2651.3	3482.1	4414.6
0.0	875.9	2749.1	3451.6	4328.4
0.0	810.4	2781.4	3539.8	4229.6
117.0	378.0	2798.1	3538.6	4220.0
251.6	486.5	2772.6	3420.2	4254.6
260.3	487.8	2828.9	3402.1	4231.9
248.5	489.8	2827.0	3387.3	4228.6
244.5	475.3	2755.0	3393.9	4272.9
245.0	476.1	2711.8	3376.7	4263.1
246.4	486.9	2668.7	3396.2	4278.2
243.7	485.1	2633.0	3368.4	4299.2
242.7	488.9	2568.0	3286.7	4290.3
243.0	484.4	2482.7	3236.9	4292.1
240.9	474.5	2391.4	3247.9	4289.3
240.0	471.5	2374.0	3257.6	4304.5
237.2	458.4	2339.9	3226.4	4288.4
233.5	445.6	2263.1	3233.1	4148.5
230.4	378.7	2217.5	3171.0	4031.6
102.7	373.8	2129.1	3083.7	4083.3
64.9	1108.2	2228.0	3101.2	4316.4
187.7	462.4	1950.8	3221.6	4350.5
199.6	423.8	1853.2	3146.7	4243.8
213.9	433.4	1781.1	3063.4	4312.5
219.1	434.9	1742.2	2629.1	4114.4
223.3	446.9	1697.0	2522.0	3870.9
221.3	449.0	1676.8	2550.6	3820.3
223.0	445.6	1667.1	2571.3	3814.5
221.4	454.1	1655.2	2550.0	3821.8
224.5	489.1	1804.2	2773.2	3850.5
227.5	491.5	2031.6	2955.0	3906.7
226.9	492.3	2202.6	3069.0	4019.6
228.0	560.3	2280.4	3193.4	4084.1
230.6	575.1	2308.7	3198.5	4107.7
231.8	538.0	2324.8	3196.2	4124.1
234.7	530.6	2320.1	3188.3	4155.6
238.3	523.4	2306.3	3202.9	4193.7
240.7	485.0	2274.8	3203.9	4138.9
241.3	476.4	2265.1	3196.3	4161.9
240.6	468.6	2243.9	3221.6	4160.9
230.9	490.6	2277.6	3221.7	4111.0
245.4	501.9	2319.7	3212.1	4058.7
252.7	506.6	2342.1	3220.5	4025.6
257.8	510.7	2363.9	3208.6	3984.2
260.6	528.6	2343.6	3178.7	3979.8
262.9	523.1	2335.5	3181.4	3969.8
263.7	505.6	2320.6	3181.6	3921.9
261.9	503.1	2287.1	3180.3	3788.1
261.2	482.9	2265.4	3213.2	3769.3
257.5	487.4	2273.5	3274.3	3885.4
246.4	499.2	2313.5	3433.9	3968.9
239.1	498.2	2344.8	3420.7	4103.6
242.8	498.1	2312.9	3464.5	4160.5
239.2	501.9	2265.6	3343.3	4190.0
245.4	510.5	2306.8	3248.6	4069.5
250.1	514.7	2263.6	3316.7	3915.9
253.8	516.9	2256.2	3289.5	3843.0
257.5	514.3	2238.1	3277.1	3880.6
258.0	517.2	2178.5	3287.2	4069.7
257.3	501.4	2114.3	3268.3	4222.4
254.8	484.9	2064.2	3249.2	4245.0
248.1	458.2	2030.1	3193.4	4183.5
122.8	442.4	2033.3	3188.9	4287.1
79.8	469.3	2228.4	3299.6	4368.7
113.6	720.1	2285.8	3405.6	4376.6
111.6	1655.2	2624.9	3394.0	4405.7
111.0	1455.8	2461.3	3389.4	4348.0
103.4	862.4	2278.7	3433.9	4429.4
94.5	822.7	2474.6	3489.9	4287.7
0.0	943.7	2341.1	3407.0	4198.9
0.0	1029.5	2244.1	3271.5	4268.3
0.0	938.0	2311.2	3255.1	4322.4
0.0	793.8	2163.8	3224.8	4152.1
0.0	434.5	2092.9	3027.3	4060.2
0.0	789.7	2237.4	2936.7	4014.3
0.0	739.1	2274.0	2840.0	3929.1
0.0	419.8	2551.6	3013.5	4007.5
267.5	413.7	2682.3	3104.1	4059.5
233.1	417.0	2771.9	3183.1	4183.4
228.0	419.3	2836.2	3204.3	4250.1
225.9	447.7	2872.7	3312.1	4270.7
225.6	436.0	2850.4	3464.5	4338.5
221.5	444.7	2828.0	3455.0	4342.1
216.5	436.7	2751.9	3401.7	4286.9
217.3	445.4	2668.9	3353.0	4199.2
215.3	462.0	2540.5	3199.2	4162.2
215.3	575.1	2438.8	3184.0	4196.6
213.9	799.8	2414.5	3216.9	4159.3
212.9	695.1	2418.1	3220.7	4151.6
213.5	682.0	2383.2	3203.0	4133.6
216.5	699.8	2370.3	3137.0	4220.3
221.4	687.6	2329.7	3118.8	4132.1
221.5	682.2	2241.0	3100.7	3958.9
211.7	667.2	2289.8	3126.3	4101.0
209.6	632.0	2346.9	3090.2	4152.0
209.7	610.7	2376.9	3074.7	4130.7
105.0	583.1	2394.5	3053.2	4034.0
106.3	563.7	2405.6	2962.1	3920.8
106.7	552.1	2447.0	3039.4	3980.4
106.6	539.4	2482.9	3024.7	4004.4
106.1	531.0	2503.6	2992.7	3972.5
105.1	526.6	2442.6	3002.1	3986.1
104.8	514.9	2427.0	2973.1	4022.3
104.5	445.4	2403.1	2925.6	3951.4
104.3	414.5	2374.0	2899.4	3927.3
103.7	412.8	2271.4	2919.1	4012.6
102.4	447.4	2038.2	3066.2	4075.4
97.3	455.1	2030.8	3160.4	4132.3
176.4	497.3	2054.5	3077.4	4097.2
88.1	838.8	1971.6	2960.6	4046.6
174.3	1092.1	2124.8	3024.4	4028.3
172.7	444.5	2155.1	3053.3	4017.7
168.3	415.6	2138.0	2943.6	4110.6
173.7	390.7	2304.7	2957.9	4015.9
174.2	389.4	2358.5	2785.9	3874.8
176.7	424.8	2359.2	2748.4	3850.8
176.2	466.1	2290.0	2686.5	3859.7
89.5	472.6	2237.4	2707.6	3843.2
89.9	472.5	2168.4	2612.6	3830.8
88.9	476.9	2094.8	2544.3	3807.1
88.5	475.0	1998.9	2510.3	3832.7
87.9	481.6	1986.4	2466.4	3788.1
87.6	483.6	1954.9	2448.3	3720.9
87.5	486.8	1914.3	2357.3	3704.8
87.4	500.1	1909.0	2310.0	3679.9
87.5	507.4	1896.3	2332.9	3622.4
88.3	510.2	1900.7	2341.9	3580.8
89.0	556.3	1914.2	2356.2	3569.0
89.3	569.4	1919.6	2472.1	3590.0
171.5	590.0	1987.8	2623.6	3646.0
88.8	607.6	2044.4	2687.1	3627.8
91.3	573.4	2034.9	2771.7	3578.4
190.1	512.7	2037.6	2888.2	3460.9
90.8	464.6	2033.9	3004.5	3474.5
185.0	410.5	2075.5	3009.6	4049.7
87.1	389.1	2020.1	2758.1	4325.4
179.9	385.5	1969.9	2760.5	4258.7
179.7	375.5	1999.1	2975.6	4208.1
182.2	375.4	2025.2	3004.8	4272.0
182.9	373.2	1993.5	3005.9	4233.1
182.1	374.4	1974.7	3220.7	4256.5
181.7	457.6	2014.3	3284.6	4429.8
175.2	474.2	2012.2	3139.0	4396.5
156.5	1033.1	2234.4	3292.1	4355.6
75.3	967.2	2281.4	3470.7	4449.8
0.0	599.3	2128.4	3209.0	4346.5
0.0	532.5	2089.0	3132.0	4249.7
0.0	474.4	2038.3	3029.1	4119.9
204.6	488.8	2017.3	2963.7	4005.0
197.7	475.4	2004.3	2907.3	3916.9
196.2	457.0	1928.4	2893.8	3934.3
192.4	690.0	1961.5	3013.3	4033.4
187.5	1037.1	2057.5	3155.9	4178.9
91.5	1120.9	2188.3	3268.3	4234.2
0.0	1230.8	2304.0	3206.6	4170.3
0.0	1316.3	2464.1	3308.9	4187.1
0.0	1229.8	2419.1	3413.8	4270.8
77.9	1115.6	2248.9	3219.7	4145.4
0.0	1075.9	2279.8	3062.9	4136.2
129.0	1050.8	2179.4	3020.3	4129.9
279.1	859.1	2093.5	2923.8	3955.4
88.2	809.5	1993.5	2964.7	3900.7
0.0	712.9	1993.4	3125.4	3842.0
0.0	711.5	2076.8	3174.8	3908.3
211.9	717.9	2117.8	3153.3	3953.8
202.8	708.7	2149.9	3148.3	3963.7
199.3	699.4	2142.9	3140.8	3952.9
197.3	689.1	2143.3	3259.8	3925.2
195.6	660.0	2138.3	3291.5	3924.1
195.5	628.5	2123.2	3340.5	3960.3
195.1	631.3	2064.4	3341.9	4000.4
193.2	389.8	1983.1	3054.8	3996.8
95.0	390.6	1942.5	2665.5	4077.0
63.5	387.4	1925.1	2575.5	4055.2
191.1	377.5	1979.2	2624.1	3987.2
189.9	382.5	2094.2	2823.4	4087.1
188.9	376.7	2037.6	2811.7	4228.1
186.9	378.4	1997.0	2930.4	4221.4
184.0	374.8	1961.8	3058.4	4181.6
179.0	396.9	1991.6	3204.1	4251.4
170.1	462.8	2033.2	3213.1	4263.9
171.0	501.0	2078.6	3220.4	4175.1
168.6	513.6	2087.3	3216.8	4110.6
171.9	510.2	2107.6	3209.9	4081.2
169.9	501.8	2133.5	3216.5	4148.1
168.6	498.7	2126.2	3185.3	4150.2
167.1	476.8	2108.4	3136.6	4055.3
169.4	460.8	2037.1	3144.0	4040.5
85.8	462.0	1992.1	3164.5	4172.9
85.1	441.2	2047.5	3348.1	4098.3
171.8	406.3	2213.5	3594.7	4194.5
79.1	413.7	2132.5	3352.7	4229.1
160.0	399.7	2494.3	3580.0	4302.8
77.8	390.8	2437.0	3605.3	4290.3
159.5	449.2	2148.4	3122.9	4214.9
167.6	489.1	2176.8	3078.2	4168.9
169.2	516.8	2213.4	3129.9	4098.2
174.8	497.1	2232.4	3175.6	4104.8
89.8	526.1	2193.0	3186.2	4160.0
197.6	540.1	2186.6	3176.8	4131.5
217.6	546.2	2189.6	3160.4	4133.3
0.0	538.9	2214.8	3173.2	4079.1
214.3	510.3	2177.5	3174.2	4053.8
213.1	536.8	2127.3	3192.6	4053.2
214.1	506.5	2204.3	3188.5	4087.9
116.6	492.6	2165.9	3216.3	4114.0
247.9	518.2	2157.9	3244.5	4094.3
254.5	427.4	2166.3	3231.0	4125.2
262.4	373.1	2114.9	3286.2	4117.0
267.2	325.8	2142.9	3359.1	4056.3
138.8	283.7	2130.3	3356.7	4109.1
279.1	399.5	2140.3	3143.1	4240.5
288.5	870.5	2262.0	3070.6	4322.9
278.7	825.5	2202.9	3100.3	4288.2
0.0	847.7	2025.0	3111.1	4249.9
0.0	1146.2	2094.2	3151.1	4273.8
0.0	1039.1	2163.0	3083.2	4298.6
0.0	982.3	2278.7	3081.6	4233.8
0.0	874.8	2110.5	3074.4	4156.5
0.0	853.0	2020.3	3133.3	4220.7
0.0	899.8	2141.1	3166.6	4308.9
0.0	965.4	2200.2	3178.8	4343.6
0.0	855.0	2107.1	3125.8	4386.0
125.9	804.2	2185.0	3148.0	4385.8
99.5	950.7	2317.1	3331.2	4330.0
217.9	934.5	2278.1	3275.8	4256.7
0.0	754.1	2164.7	3289.2	4292.0
71.4	873.8	2120.4	3233.7	4276.3
77.5	1065.7	2159.2	3263.6	4305.1
0.0	943.8	2257.0	3250.5	4259.9
79.7	944.6	2169.6	3177.6	4153.6
0.0	1009.0	2050.3	3145.7	4129.7
0.0	768.9	2000.8	3090.5	4054.5
163.4	830.7	2237.6	3302.0	4166.1
0.0	884.3	2308.9	3316.8	4353.9
0.0	1047.8	2354.8	3329.7	4333.7
0.0	879.7	2275.3	3361.3	4223.4
179.8	893.5	2162.5	3284.4	4274.2
0.0	1053.4	2238.9	3282.3	4303.2
0.0	1010.2	2278.2	3250.4	4293.0
0.0	942.2	2338.5	3178.6	4277.4
0.0	943.7	2264.4	3150.6	4207.8
