0.0	0.0	0.0	0.0	0.0
0.0	0.0	0.0	0.0	0.0
0.0	0.0	0.0	0.0	0.0
0.0	831.4	2006.0	3042.8	4244.0
0.0	801.8	2026.6	3010.1	4129.7
0.0	804.1	2149.9	3108.1	4190.4
0.0	862.2	2028.4	3178.8	4099.2
0.0	786.1	1925.8	3038.3	4051.2
0.0	836.8	1960.1	2905.7	4200.3
0.0	959.1	1912.5	3151.9	4254.8
0.0	799.8	1954.3	3112.4	4207.3
0.0	712.8	2057.5	3028.2	4153.8
0.0	766.9	2016.2	3091.7	4184.1
0.0	844.4	1951.9	3206.7	4249.6
0.0	903.6	2013.7	3183.0	4204.1
0.0	992.9	2074.7	3164.8	4302.8
0.0	1451.9	2325.0	3312.9	4255.6
0.0	1373.0	2322.5	3193.3	4143.2
0.0	938.8	2057.6	3278.2	4208.9
0.0	858.5	2142.0	3202.0	4185.7
0.0	875.9	1972.3	3086.4	4119.6
0.0	973.7	1759.0	2809.3	4105.7
0.0	916.7	1678.4	2964.8	4119.8
0.0	905.4	1625.4	2980.5	4042.4
206.1	834.9	1629.7	2727.7	4014.7
240.7	814.6	1707.0	2668.5	4004.3
0.0	775.3	1777.2	2873.2	4028.9
196.7	758.4	1859.5	3025.9	4090.7
196.2	705.5	1932.1	2941.8	4196.8
193.0	619.7	2008.8	2982.1	4234.9
198.8	575.1	2068.2	3084.0	4233.8
198.7	470.1	2071.0	3042.0	4272.6
198.0	395.1	1992.2	3012.0	4288.6
196.0	351.8	1935.0	3078.3	4227.5
63.5	588.8	1981.8	3156.2	4188.2
185.8	491.3	2005.4	3071.2	4184.4
184.3	405.0	2017.3	3057.8	4176.0
181.8	330.1	2020.2	3201.3	4258.8
185.5	690.5	2201.6	3226.6	4359.5
0.0	405.7	2264.3	3028.1	4246.7
0.0	433.7	2336.4	3036.7	4150.5
223.5	449.4	2375.4	3051.8	4142.3
225.2	443.8	2413.4	3055.3	4145.8
224.7	443.1	2434.1	3053.0	4134.1
227.8	453.8	2450.1	3040.9	4126.8
227.3	482.5	2446.4	3013.1	4129.9
231.6	456.1	2427.4	3004.9	4109.0
233.5	485.8	2397.6	2989.0	4108.6
234.5	492.4	2375.9	2958.3	4110.8
239.7	492.0	2324.0	2936.5	4110.4
242.6	489.1	2230.6	2921.4	4130.9
244.9	500.2	2181.8	2903.5	4150.0
248.1	504.3	2071.5	2863.6	4160.9
247.8	506.3	1987.0	2889.3	4201.0
252.7	507.8	1941.0	2921.3	4243.5
250.3	508.1	1865.6	2947.4	4301.0
253.8	510.3	1786.2	2949.4	4332.5
254.0	509.8	1728.6	2959.6	4329.0
256.4	511.9	1654.8	2949.4	4336.1
254.2	528.4	1685.3	2956.8	4304.8
250.8	502.0	2113.8	3141.6	4276.1
123.8	1044.3	2389.2	3575.8	4415.5
81.2	1090.0	2213.9	3591.4	4442.3
82.8	1159.7	2316.4	3587.9	4409.0
0.0	897.3	2214.1	3302.9	4372.5
0.0	863.9	2144.8	3011.1	4359.0
0.0	609.2	1767.6	2945.3	4338.6
0.0	568.6	1651.1	2892.3	4218.4
315.9	608.9	1621.4	2844.7	4129.6
109.0	638.7	1602.4	2808.9	4060.9
99.8	654.8	1629.8	2783.8	4059.3
100.6	658.2	1645.6	2775.5	4073.1
0.0	627.3	1656.0	2816.3	4103.4
188.0	582.0	1647.5	2843.2	4161.8
185.8	560.3	1661.3	2888.7	4277.6
183.9	540.9	1635.0	2927.3	4443.8
183.9	533.1	1602.1	2917.0	4464.3
183.7	530.9	1620.2	2892.4	4474.4
181.0	548.5	1640.2	2874.6	4452.1
181.8	565.7	1660.8	2867.0	4419.8
185.2	552.6	1692.5	2859.2	4374.9
185.5	553.9	1670.8	2860.3	4328.6
183.8	571.9	1722.0	2890.9	4355.0
178.3	826.3	1821.5	2908.8	4219.9
173.3	789.8	1902.6	3019.2	4119.8
83.5	771.4	1893.3	3000.4	4077.2
109.8	867.9	2033.6	3151.4	4290.3
84.5	980.1	2128.6	3229.8	4320.0
0.0	876.6	2070.6	3097.0	4284.3
0.0	880.1	2112.9	3271.4	4349.0
0.0	1015.4	2082.7	3295.7	4329.6
0.0	966.9	2061.9	3169.7	4309.5
0.0	1069.9	2631.2	3221.2	4288.9
0.0	1026.2	2641.3	3121.8	4250.7
0.0	945.0	2514.3	3072.1	4164.2
0.0	727.5	2350.9	3002.2	4006.5
196.7	425.8	1749.9	2645.3	3952.4
250.7	446.0	1525.0	2154.1	3786.4
231.9	429.8	1516.4	1957.0	3782.4
226.9	441.7	1506.4	1915.3	3818.0
218.1	435.4	1508.2	1920.0	3849.4
217.0	435.4	1504.8	1946.2	3878.4
215.7	432.2	1484.7	1968.6	3890.4
214.9	431.6	1455.4	1984.7	3901.4
215.0	432.4	1324.1	1999.9	3905.2
213.1	427.8	1223.3	2134.6	4030.9
212.1	427.5	1103.5	2145.0	4067.3
211.4	421.9	1029.9	2260.2	4093.6
207.8	609.2	2242.2	3810.3	4254.8
206.0	594.7	2194.5	3636.5	4142.8
199.3	457.5	985.9	2455.3	3948.1
97.1	480.8	1316.4	2414.5	3918.6
199.0	460.3	1077.7	2415.6	3931.3
206.4	501.5	1208.5	2397.8	3958.8
206.8	581.8	1419.9	2421.3	3912.9
203.9	621.4	1602.3	2455.5	3876.1
201.8	631.5	1784.0	2538.8	3939.9
199.6	603.9	1932.8	2609.9	4006.4
197.3	588.2	2054.7	2691.1	4025.7
195.0	539.9	2146.3	2780.4	4040.0
193.1	491.6	2200.3	2868.9	4050.6
193.5	477.0	2231.9	2938.1	4057.0
189.7	443.3	2229.1	2965.4	4088.1
189.5	413.2	2179.2	2899.3	4127.7
187.9	385.6	2065.5	2867.2	4169.5
190.2	361.7	2008.6	3009.3	4155.0
63.5	1076.6	2235.7	3323.7	4358.1
107.7	1066.8	2244.1	3376.9	4475.6
0.0	888.3	2256.0	3220.0	4296.5
0.0	519.9	2224.9	3179.5	4233.1
0.0	672.1	2293.3	3377.7	4322.2
0.0	815.5	2317.5	3138.1	4374.0
0.0	837.6	2063.1	2879.9	4334.7
112.1	807.6	2031.8	2868.4	4213.2
100.0	716.5	2045.1	2871.3	4052.3
508.8	693.3	2023.6	2881.2	4034.0
0.0	530.2	1951.1	2873.1	4132.8
219.8	538.9	1903.7	2871.4	4168.9
206.6	556.6	1932.5	2810.8	4216.2
89.3	553.0	2202.1	2829.8	4387.3
178.4	574.3	2278.5	2822.9	4500.9
177.9	576.2	2338.1	2834.5	4626.2
179.5	579.0	2366.6	2827.5	4616.3
177.5	587.0	2300.7	2849.4	4541.1
176.7	585.7	2244.0	2825.2	4572.4
176.7	563.4	1905.0	2843.1	4355.4
177.7	566.6	1820.9	2867.2	4160.7
188.2	617.1	1799.9	2897.7	3950.3
182.6	645.3	1743.8	2800.6	3799.1
181.0	710.0	1613.1	2747.9	3828.3
180.4	717.4	1481.4	2854.4	3867.6
180.4	721.5	1330.3	3296.8	4130.4
179.9	739.4	1230.7	3106.8	4008.5
180.4	706.7	1117.9	2873.8	3841.2
177.9	683.6	1057.8	2884.0	3786.8
178.6	664.8	1032.3	2951.2	3801.4
177.8	628.2	946.7	2937.5	3842.9
177.1	737.6	1282.1	2877.7	3820.6
177.6	700.2	2169.0	2965.8	3820.7
177.7	531.2	766.9	2675.6	3803.2
178.4	533.0	728.2	2718.6	3804.4
179.6	522.6	718.4	2701.8	3796.1
178.7	502.9	744.5	2643.5	3854.5
177.8	523.1	775.3	2647.7	3877.9
176.2	563.8	871.5	2648.0	3966.2
177.3	555.5	980.7	2589.6	4047.2
177.8	547.4	1109.3	2489.7	3846.9
178.7	545.1	1214.8	2453.7	3913.6
176.3	529.6	1373.1	2420.7	4087.7
174.9	553.0	1483.8	2353.7	3970.3
174.0	558.5	1573.6	2337.2	3999.9
175.9	552.5	1640.4	2328.1	4116.7
174.3	588.6	1657.6	2265.0	4136.0
176.6	602.6	1692.1	2220.6	4091.5
179.3	630.5	1719.8	2226.8	3964.4
176.7	658.8	1712.4	2194.1	3938.5
175.1	673.1	1666.9	2118.9	4001.3
173.6	655.8	1620.6	1991.5	4043.0
177.7	672.6	1569.7	1951.5	4073.6
179.0	680.0	1552.8	1951.4	4083.3
177.9	678.9	1581.8	1943.2	4088.7
176.6	697.7	1620.5	2027.3	4116.3
178.3	700.7	1598.8	2043.9	4135.9
180.0	697.9	1589.2	2064.4	4111.5
182.3	735.7	1605.3	2714.8	4148.0
174.5	812.1	1702.8	2883.7	4196.5
85.3	866.8	1809.9	3265.5	4163.2
196.5	888.0	1855.5	3756.2	4154.3
72.7	867.5	1877.7	3575.5	4104.1
0.0	932.0	1788.9	2162.4	4118.2
152.4	865.1	1804.3	2392.0	4145.5
0.0	820.5	1895.5	2382.8	4176.6
0.0	995.6	1959.1	2544.7	4200.5
0.0	977.7	1993.9	3232.7	4328.5
158.7	1138.7	2068.6	2563.9	4059.0
336.6	751.0	1826.5	2406.9	3917.5
181.8	795.7	1825.8	2580.1	3928.4
90.4	814.8	1820.7	2829.5	3917.0
