0.0	0.0	0.0	0.0	0.0
0.0	0.0	0.0	0.0	0.0
0.0	0.0	0.0	0.0	0.0
0.0	938.0	2378.5	3161.3	4433.5
0.0	985.3	2229.8	3160.3	4252.3
0.0	1110.9	2155.6	3222.4	4275.6
0.0	1106.6	2058.3	3172.0	4133.2
0.0	1161.5	2105.0	3128.8	4139.0
0.0	1047.1	2136.8	3156.8	4081.8
0.0	1052.8	2184.2	3282.8	4229.0
0.0	1083.8	2226.2	3337.9	4287.8
0.0	1046.5	2156.0	3295.5	4302.0
0.0	946.7	2257.9	3318.3	4338.9
225.8	1275.6	2349.9	3350.9	4368.8
0.0	1236.8	2205.6	3284.3	4343.3
0.0	1140.8	2144.2	3234.9	4336.9
0.0	1111.6	2067.7	3147.5	4214.0
0.0	1023.5	2102.1	3108.4	4239.8
0.0	1191.0	2202.0	3180.9	4326.7
0.0	1327.9	2349.8	3258.5	4217.9
0.0	1167.0	2431.9	3289.8	4285.6
0.0	824.1	2308.9	3209.3	4297.5
0.0	762.0	2056.7	3086.0	4231.3
0.0	567.5	1912.8	2852.5	4164.5
0.0	550.3	1924.4	2829.7	4121.1
188.3	570.1	1951.6	2857.9	4138.2
194.6	596.3	1948.9	2880.8	4159.3
199.6	605.3	1922.8	2904.8	4127.5
202.3	615.5	1870.2	2883.7	4123.1
204.0	622.1	1822.0	2921.2	4122.4
207.0	624.7	1743.0	2959.2	4043.6
208.7	638.7	1643.4	2964.5	4047.0
211.3	652.9	1548.1	3002.5	4082.7
214.3	665.1	1440.2	3056.1	4084.7
217.6	644.4	1314.4	3087.1	4065.7
220.0	579.2	1197.4	3119.1	4042.2
222.4	558.4	1117.9	3086.0	4111.7
225.1	522.1	1090.6	3096.5	4303.0
225.7	489.5	1064.9	3111.4	4358.0
226.4	475.0	1059.6	3095.1	4132.9
224.4	558.9	1307.9	3071.8	3907.3
219.0	561.2	1312.6	3083.4	4027.6
213.7	809.2	2140.9	3239.7	4369.1
209.0	561.3	1116.5	3041.2	4037.1
207.4	526.3	1136.2	2983.0	4130.5
209.7	487.2	1126.6	2913.4	4266.8
212.6	487.1	1108.3	2371.4	3863.5
217.9	519.0	1135.9	2410.5	4095.5
222.4	586.2	1184.5	2537.7	4116.2
224.7	668.9	1262.2	2569.8	3834.7
222.3	668.7	1255.8	2819.4	3995.9
220.1	659.0	1233.5	2650.2	4089.2
218.2	652.6	1233.8	2692.0	4028.4
217.0	648.2	1230.6	2729.1	3898.0
215.5	645.1	1223.7	2756.2	3911.1
214.7	642.9	1188.6	2785.0	4051.0
213.8	637.0	1129.4	2835.8	4124.6
213.2	639.4	1080.6	2934.2	4072.7
211.5	629.6	1062.7	3011.3	3974.5
210.1	626.4	1051.9	3093.9	4016.2
208.6	580.8	1034.1	3060.5	3947.5
205.9	520.9	1033.2	3013.2	3870.2
201.2	511.4	1030.8	2994.3	3857.0
195.8	532.7	1022.1	2983.1	3868.0
193.7	615.6	1076.1	2975.7	3882.2
195.1	622.6	1108.1	2936.7	3912.4
196.9	688.5	1146.1	2917.1	3908.6
196.6	739.4	1175.7	2894.0	3828.8
195.1	757.8	1182.0	2863.4	3792.5
195.0	771.2	1190.1	2813.8	3826.7
196.1	791.4	1207.9	2761.4	3823.3
196.5	805.9	1238.0	2749.2	3798.5
196.5	823.0	1262.7	2752.2	3783.2
196.1	840.7	1274.9	2785.6	3751.5
195.1	838.0	1323.5	2808.4	3773.9
193.9	827.7	1348.1	2797.6	3873.7
191.3	826.0	1333.2	2779.7	3890.6
189.6	838.7	1354.1	2787.0	3822.2
185.7	818.2	1358.6	2798.2	3805.1
181.5	810.6	1403.1	2786.7	3769.1
179.8	829.8	1443.0	2836.3	3787.2
181.9	868.1	1606.5	2850.3	3821.1
183.8	931.6	1673.2	2864.3	3914.4
171.1	624.5	1847.4	2820.3	4082.9
0.0	637.9	2030.0	2988.1	4152.0
0.0	1217.9	2176.4	3258.4	4155.1
77.0	1204.3	2159.0	3124.4	4176.9
69.4	1294.1	2147.6	3135.7	4186.4
0.0	1317.7	2120.3	3170.0	4181.3
0.0	1143.8	2002.3	3231.4	4217.4
0.0	735.7	1848.1	3088.9	3966.3
0.0	533.8	1893.3	2904.3	3889.4
0.0	549.8	2023.3	2995.1	4126.2
0.0	598.9	2087.4	3118.2	4332.2
0.0	682.7	2104.0	3103.8	4184.8
0.0	667.5	2097.1	3059.2	4085.4
0.0	670.7	2033.5	3110.1	4093.8
0.0	671.9	2042.3	3144.1	4114.9
85.8	665.9	2054.9	3189.6	4107.8
174.4	640.0	2016.2	3227.2	4124.7
174.3	603.4	1927.8	3270.8	4256.1
176.2	509.5	1924.7	3107.8	4430.4
174.9	498.2	1967.9	3024.2	4567.8
177.6	505.2	2036.2	3040.6	4587.1
176.2	505.7	1996.3	3076.1	4465.4
176.4	548.1	1919.4	3216.8	4056.7
178.4	604.3	1928.6	3255.8	4057.6
174.5	646.8	1949.4	3258.8	4010.9
172.2	639.5	1946.5	3250.0	4018.1
172.7	618.2	1919.4	3298.3	4291.9
171.6	545.6	1917.8	3178.1	4599.8
169.6	504.9	1905.8	2978.2	4599.3
174.3	503.9	1896.3	2992.0	4541.2
174.4	499.2	1934.2	2967.6	4510.0
173.5	515.0	1916.9	3012.8	4542.1
173.8	514.6	1749.9	3102.2	4556.8
174.6	527.7	1734.7	3187.7	4254.1
174.3	600.5	1834.3	3185.9	3987.0
184.5	681.9	1832.2	3097.2	4106.2
176.9	711.9	1812.2	3114.0	4119.6
175.6	726.0	1779.0	3167.5	4063.5
174.9	730.7	1757.1	3172.7	4004.0
173.6	732.8	1729.3	3168.6	4041.5
172.9	729.5	1719.5	3175.8	4069.9
172.7	698.1	1718.3	3170.5	4064.2
172.8	680.4	1702.6	3178.0	4074.0
171.4	621.1	1665.8	3088.8	4049.7
170.7	456.8	1645.5	3019.3	4025.4
168.1	424.1	1634.8	3005.1	4051.1
78.5	384.8	1652.8	3044.0	4192.8
163.2	443.0	1978.8	3160.0	4302.3
177.8	397.0	2019.1	3124.5	4167.7
187.3	458.3	1774.3	3018.9	4039.0
202.4	521.7	1825.8	2973.7	4031.7
171.7	515.3	1866.9	2952.0	3974.2
170.7	507.8	1877.1	3017.4	3980.2
170.1	503.7	1911.9	2973.5	4031.5
168.8	499.3	1944.7	2948.5	4067.8
167.9	496.7	1897.1	2718.4	3502.3
168.0	503.4	1994.7	2866.6	3708.9
165.3	450.2	2007.2	2879.6	4100.4
161.0	367.2	1967.9	2906.3	4167.7
77.7	369.0	2002.2	2949.6	4026.2
159.1	336.6	1963.0	3018.9	4088.3
176.6	699.2	2349.8	3220.5	4304.7
178.5	493.0	2043.7	3152.8	4040.4
0.0	506.3	2024.2	2949.0	3936.9
177.6	543.2	2043.4	2930.2	3928.2
172.1	575.3	2011.5	2947.5	3970.2
169.7	626.0	2054.0	2956.7	4085.4
166.1	653.5	2054.3	2935.8	4117.0
165.1	657.0	2031.0	2909.1	3964.8
163.0	667.9	2059.7	2885.7	3921.7
161.9	674.3	2066.2	2880.7	3999.1
161.2	658.4	2074.8	2916.8	4032.3
159.9	670.8	2075.0	2922.5	3984.5
159.2	673.4	2077.6	2944.9	3991.9
157.9	665.6	2076.7	2943.3	3944.1
157.3	669.1	2080.6	2922.0	3903.7
155.7	666.2	2109.6	2914.5	3909.2
153.4	661.5	2142.1	2933.0	3922.8
153.8	645.5	2166.2	2941.4	3975.0
77.6	636.3	2196.7	2954.8	4032.7
78.6	594.1	2214.7	3031.7	4045.0
78.0	586.5	2197.2	3057.7	4090.7
87.2	605.1	2280.1	3042.2	4125.1
68.8	571.9	2381.8	3017.1	4012.2
199.4	561.3	2371.8	3025.6	4017.2
81.0	603.6	2363.5	2989.0	4016.3
173.3	859.1	2380.9	2926.3	4004.1
166.9	829.6	2370.3	2990.4	4038.4
169.6	775.5	2336.3	3036.5	4021.2
168.3	749.2	2384.9	3071.3	4013.8
184.0	882.1	2353.2	3028.3	3995.9
90.1	909.3	2277.3	2917.3	3958.5
202.4	851.1	2309.1	2972.3	3951.1
279.1	889.2	2297.0	2966.4	3903.9
262.6	975.7	2204.6	2933.1	3947.6
184.2	959.3	2118.1	2984.8	3950.3
0.0	919.8	2106.1	3092.3	3979.2
106.1	971.0	2111.5	3107.8	3948.1
105.6	947.7	2068.7	3113.6	3923.1
0.0	770.8	2020.0	3110.1	3964.5
0.0	892.5	2014.2	3132.4	3916.6
0.0	926.2	2066.9	3240.7	4023.4
