0.0	0.0	0.0	0.0	0.0
0.0	0.0	0.0	0.0	0.0
0.0	0.0	0.0	0.0	0.0
0.0	942.6	2126.6	3151.3	4442.1
0.0	943.6	2086.5	3096.9	4227.2
0.0	957.8	2107.7	3185.0	4136.6
0.0	550.5	2129.8	3254.8	4350.1
0.0	1088.0	2144.7	3224.8	4413.6
0.0	1268.5	2200.2	3224.1	4380.8
0.0	1074.1	2111.9	3278.8	4421.0
0.0	639.7	2156.3	3211.1	4282.5
0.0	905.0	2171.9	3262.0	4213.2
0.0	905.7	2239.0	3259.9	4278.1
0.0	943.8	2218.8	3154.5	4265.4
0.0	1004.3	2129.0	3103.3	4216.0
0.0	1033.6	2114.8	3281.6	4270.7
0.0	1051.0	2193.9	3307.4	4318.5
0.0	1358.9	2340.2	3370.6	4333.8
0.0	708.8	2311.5	3241.5	4278.5
0.0	718.5	2166.4	2914.7	4303.9
266.7	499.6	2106.2	2807.6	4245.9
228.4	492.2	2029.4	2642.0	4143.9
242.4	491.8	1988.2	2441.5	4080.1
244.1	489.5	1959.1	2360.9	4030.0
246.3	502.4	1915.5	2295.6	4063.1
251.1	509.2	1886.5	2253.2	4092.3
256.7	494.4	1946.7	2376.2	4127.7
254.3	496.9	2048.1	2857.0	4308.1
244.8	1074.3	2190.1	3332.0	4545.5
116.6	1506.2	2445.2	3504.6	4541.8
71.7	1151.7	2554.9	3223.8	4428.6
0.0	1319.6	2598.1	3243.3	4467.2
0.0	1091.9	2618.9	3409.6	4469.3
0.0	1108.7	2773.3	3599.5	4375.1
266.7	1138.2	2693.5	3486.0	4414.8
0.0	1002.5	2454.3	3234.6	4318.6
141.2	818.5	2502.8	3252.0	4285.0
507.8	777.7	2655.5	3194.4	4396.7
173.9	815.1	2609.4	3161.3	4342.9
150.0	649.1	2543.8	3185.1	4363.7
0.0	621.7	2500.1	3111.3	4298.2
160.0	606.9	2343.0	3018.7	4356.7
0.0	552.5	2158.4	2737.8	4186.8
0.0	593.7	2010.2	2264.4	4068.1
295.7	589.6	1831.9	2177.8	4021.9
289.1	571.6	1814.4	2177.7	3996.9
284.4	562.2	1870.5	2178.9	4016.9
281.0	555.5	1938.5	2208.1	4021.9
278.3	547.2	1936.0	2208.3	4020.5
275.2	546.5	1957.4	2193.5	4048.4
273.2	531.6	2184.2	2228.3	4038.5
268.4	538.9	2151.0	2535.3	4018.5
268.9	537.2	2167.3	2644.2	4047.7
265.5	517.7	2259.8	2657.0	4112.9
261.2	526.1	2293.9	2615.0	4116.7
262.2	524.2	2304.8	2675.6	4112.2
262.2	527.9	2274.4	2670.6	4109.7
260.8	525.1	2257.5	2674.0	4058.0
257.8	563.6	2198.4	2649.6	4008.4
250.1	678.2	2056.1	2626.1	3960.5
251.5	748.8	1968.4	2708.2	3955.4
249.6	783.1	1899.8	2705.3	3920.8
251.5	812.3	1709.8	2742.6	3877.5
249.1	852.3	1636.1	2745.6	3814.4
251.2	861.2	1571.2	2745.3	3833.0
250.9	876.2	1515.7	2767.1	3832.8
254.2	874.0	1493.5	2791.4	3833.0
253.0	865.4	1429.0	2825.8	3860.8
256.6	872.8	1454.3	2893.3	3916.6
259.6	872.3	1445.5	2904.8	3916.1
264.8	901.0	1540.7	2998.9	4024.0
272.6	894.1	1793.1	3109.4	4180.3
279.8	855.5	1881.9	3148.8	4334.5
279.4	924.9	2218.8	3199.5	4433.8
274.3	933.6	2288.9	3310.9	4473.3
131.9	1104.0	2304.3	3319.8	4382.7
66.3	1077.0	2179.8	3413.8	4313.0
0.0	1038.1	2098.4	3432.5	4383.3
350.6	1193.5	2188.0	3323.4	4393.4
195.6	1192.6	2122.6	3313.2	4369.7
571.4	1220.2	2302.8	3392.6	4417.8
0.0	1076.7	2410.6	3709.0	4723.5
292.7	1087.1	2474.0	4024.2	5059.8
0.0	992.9	2742.9	4138.3	5093.4
187.5	1105.2	2864.7	3986.3	4951.5
155.8	972.4	2651.0	4007.9	4738.3
300.0	470.8	2264.7	3735.3	4503.3
0.0	570.4	2034.5	3227.3	4419.4
298.6	587.0	2108.9	3175.9	4473.2
291.5	602.1	2251.5	3181.1	4500.3
291.1	613.5	2421.1	3180.4	4532.3
289.5	621.5	2543.2	3170.7	4519.1
285.6	622.4	2574.4	3146.8	4470.7
283.6	697.1	2547.4	3053.1	4422.5
281.3	711.8	2426.6	2913.0	4374.6
279.9	708.6	2042.8	2867.3	4348.4
275.8	683.8	1608.8	2870.6	4306.9
272.5	576.0	1292.9	2915.1	4258.1
261.1	487.9	1202.0	2888.7	4202.5
126.0	496.1	1426.8	2958.2	4255.3
231.8	486.2	1703.5	3010.2	4319.6
232.0	506.4	1467.2	2985.0	4318.1
238.2	555.3	1182.3	3039.4	4241.2
241.3	557.0	1181.8	3015.6	4161.3
245.9	515.4	1062.6	2923.4	4182.7
248.2	555.2	1186.3	2897.4	4187.7
248.1	615.1	1366.0	2989.8	4152.0
244.6	668.8	1604.1	2936.0	4048.2
239.1	693.9	1787.0	2928.6	3976.3
234.4	721.9	1954.8	2978.8	3900.1
229.7	701.4	2007.9	2998.7	3777.6
227.8	646.9	1959.2	2983.5	4138.7
220.5	475.8	1943.9	2991.1	4404.8
229.0	459.4	2045.6	2964.5	4341.3
228.7	416.0	2126.2	2990.4	4361.1
231.1	389.6	2150.7	3089.3	4335.3
229.4	915.3	2219.4	3092.1	4267.8
235.7	879.7	2332.1	3161.2	4256.1
241.1	875.8	2403.0	3131.5	4228.7
241.6	950.7	2440.2	3050.7	4355.1
235.5	1036.3	2311.2	3184.2	4301.1
232.7	1016.8	2214.7	3035.6	4287.5
237.4	1034.9	2213.6	3024.8	4289.0
238.1	1013.2	2115.6	2980.9	4222.0
242.3	972.5	2044.3	2957.2	4338.0
241.6	942.5	1974.3	2933.0	4304.6
244.2	971.5	1844.0	2864.1	4211.9
243.1	982.7	1792.5	2933.7	4152.5
238.7	969.8	1763.8	2961.1	4137.4
235.2	1004.5	1745.9	2938.7	4096.9
234.4	946.9	1728.6	2920.9	4106.7
238.6	954.0	1803.1	2914.0	4215.3
240.8	922.4	1854.1	2863.7	4159.5
249.7	835.9	1741.9	2823.4	4032.3
251.8	620.3	1798.6	2914.5	4241.2
123.5	953.9	2412.0	3309.4	4521.6
79.7	1000.8	2306.1	3198.2	4412.3
0.0	1137.5	2382.2	3335.6	4290.1
0.0	1074.6	2140.0	3276.4	4258.2
0.0	874.6	2144.2	3234.5	4255.5
0.0	880.2	2089.0	3278.1	4211.3
0.0	1120.1	2110.8	3142.9	4136.7
0.0	1112.7	2028.3	3037.7	4106.1
0.0	767.2	1537.4	3037.8	4086.8
0.0	588.6	1268.4	3044.7	4086.8
263.7	572.6	1198.6	3126.9	4119.6
257.8	510.7	1145.3	3053.6	4051.6
254.0	490.1	1066.2	3050.7	4002.4
249.2	488.7	1047.2	3127.2	4031.0
244.8	490.8	1158.7	3149.8	4205.3
241.9	496.3	1299.5	3173.8	4296.0
242.1	520.2	1470.0	3122.9	4267.5
241.5	509.3	1732.9	3110.8	4200.7
242.2	486.7	2021.7	3004.2	4255.7
241.5	482.8	2295.2	3039.0	4236.4
241.3	484.4	2489.9	3077.1	4334.6
242.5	480.7	2667.4	3057.6	4121.4
242.4	477.6	2716.9	3041.4	3936.1
239.5	472.7	2704.7	3048.7	4134.9
233.6	480.5	2685.0	3047.4	4143.6
228.7	536.2	2582.4	3113.1	4114.2
226.0	651.6	2496.4	3050.7	4000.1
225.0	682.8	2389.0	2895.1	3838.3
222.5	721.9	2197.6	2911.3	3749.3
221.7	791.9	2144.7	2850.2	3864.4
222.0	822.1	2089.1	2851.7	4009.5
220.6	838.6	2001.5	2894.0	3922.9
221.1	834.9	1930.5	2827.5	3940.8
220.5	833.2	1947.1	2851.2	4214.4
220.6	823.6	1954.4	2913.1	4214.0
221.0	818.2	1932.8	2916.5	4181.4
220.6	789.7	1864.7	2845.4	4179.9
220.0	703.8	1829.6	2881.0	4144.9
216.7	517.5	1813.6	2961.0	4089.4
68.2	590.8	1769.2	2863.3	4011.1
217.6	658.1	1807.4	2842.0	3941.2
217.2	686.9	1816.6	2796.9	3972.2
216.8	651.8	1771.9	2765.8	3962.3
215.5	605.4	1710.1	2701.5	3998.1
214.6	383.7	1658.5	2926.6	4023.8
207.3	542.0	1862.7	3078.7	4139.6
209.3	362.9	1964.3	3137.6	4184.6
100.2	219.2	1925.3	3166.2	4177.0
68.2	863.2	1988.4	3141.9	4341.0
209.6	902.1	2084.8	3069.6	4341.7
101.8	904.5	2164.6	3122.6	4252.7
0.0	457.8	1975.9	3110.0	4271.8
0.0	535.7	2103.0	3053.5	4286.9
0.0	661.0	2076.9	2833.7	4214.9
208.7	731.2	2106.3	2864.8	4189.6
208.0	766.6	2156.7	2893.3	4121.1
207.6	787.1	2195.4	2894.0	4135.9
204.7	797.0	2212.2	2880.6	4256.7
203.3	814.2	2184.6	2858.8	4166.9
202.8	829.3	2224.4	2881.1	4170.7
202.0	842.6	2191.5	2909.7	4236.4
200.1	841.9	2152.7	2871.5	4140.4
198.6	842.4	2144.6	2802.0	4081.4
196.1	840.9	2113.1	2806.2	4042.4
194.4	834.8	2092.3	2855.4	4093.0
192.7	841.0	2009.3	2841.7	4147.5
190.4	849.7	1883.6	2885.2	4068.1
187.5	842.2	1793.4	2876.6	3965.7
187.5	837.8	1675.3	2930.7	3946.1
184.7	834.6	1502.0	3066.4	3991.1
184.3	836.9	1421.1	3013.7	4028.2
182.7	845.3	1336.9	3096.1	4198.9
182.4	840.2	1309.3	2942.2	4323.8
181.2	811.8	1343.9	2957.5	4332.4
178.4	819.8	1395.3	3053.3	4371.7
180.4	809.4	1356.0	2974.8	4376.5
181.3	775.0	1367.8	2842.8	4355.6
190.9	710.7	1524.4	2948.3	4336.5
198.7	672.1	1698.0	3000.0	4340.8
198.2	731.6	1744.5	2880.0	4182.2
203.5	922.7	1683.9	2933.1	4098.5
203.0	840.5	1630.8	2974.6	4215.3
202.2	385.3	1692.2	2991.0	4282.5
200.1	230.4	1914.5	2984.8	4346.0
70.0	1159.3	2366.5	3300.0	4446.5
223.5	1166.3	2485.1	3415.3	4473.3
0.0	1054.7	2425.7	3311.5	4419.8
0.0	1134.7	2409.6	3413.7	4472.7
74.6	1051.5	2366.7	3553.6	4507.3
0.0	1085.2	2362.3	3498.4	4537.3
352.9	1210.2	2295.9	3341.2	4521.8
315.8	1109.0	2196.2	3233.9	4463.6
0.0	998.0	2365.3	3279.8	4435.5
545.5	1025.5	2284.4	3436.2	4362.1
500.0	1147.2	2234.7	3315.4	4211.0
162.2	1041.8	2245.7	3236.2	4239.2
0.0	947.4	2286.9	3228.3	4284.7
0.0	1066.1	2267.2	3136.6	4307.4
0.0	1129.0	2271.3	3222.2	4372.3
315.8	1419.7	2411.8	3369.2	4361.2
151.9	1322.6	2264.1	3234.9	4295.6
148.6	845.6	1944.3	3120.4	4290.7
0.0	834.4	1908.0	3127.0	4304.8
245.8	1155.1	1952.8	3164.2	4313.0
181.7	1162.2	1748.7	3091.7	4328.4
68.9	874.7	1572.3	2997.6	4328.5
0.0	901.2	1669.2	3067.4	4360.0
0.0	932.9	1642.5	3179.6	4436.0
172.5	842.2	1567.6	3125.5	4415.9
0.0	864.8	1511.9	2894.3	4381.7
0.0	866.8	1558.8	2982.2	4347.5
0.0	893.2	1815.6	3008.6	4262.8
0.0	791.2	1813.5	2933.1	4214.2
0.0	801.7	1630.5	2852.4	4239.8
0.0	912.7	1735.2	2924.7	4334.0
0.0	1117.7	2062.0	3181.4	4369.9
322.0	1079.5	2032.8	3237.6	4335.4
0.0	940.8	1946.9	3203.3	4358.1
0.0	928.8	1761.8	3026.6	4347.2
