0.0	0.0	0.0	0.0	0.0
0.0	0.0	0.0	0.0	0.0
0.0	0.0	0.0	0.0	0.0
0.0	828.4	1866.2	3057.2	4513.1
0.0	891.0	1956.9	3102.0	4316.3
0.0	938.9	2008.4	3223.1	4353.6
496.5	898.6	1995.2	3189.0	4327.3
469.6	853.3	2371.7	3251.1	4296.0
0.0	1005.0	2459.2	3373.8	4326.5
0.0	908.3	2260.6	3230.9	4289.9
0.0	1037.9	2151.7	3163.7	4208.5
0.0	944.8	2134.1	3267.6	4178.2
0.0	900.1	2125.1	3190.8	4243.9
0.0	781.9	2157.6	3156.1	4357.4
127.1	661.7	2144.6	3009.1	4277.9
221.2	694.0	2146.4	3042.8	4256.4
218.8	406.9	2056.5	3043.7	4262.2
0.0	473.1	2035.6	2921.3	4501.3
242.9	452.0	1965.3	2969.6	4687.8
220.5	489.5	1931.0	3036.2	4649.4
214.9	569.3	1968.4	3036.5	4532.3
216.7	640.6	1974.2	3012.7	4258.6
218.3	673.3	1964.1	2938.9	4177.2
219.2	693.5	1947.6	2828.6	4155.0
221.8	723.3	1904.7	2740.9	4126.6
222.8	733.7	1838.2	2615.4	4101.1
223.5	704.8	1713.6	2397.2	4096.7
224.9	652.1	1614.2	2270.1	4015.7
226.7	637.0	1550.1	2174.5	3960.6
224.5	577.7	1425.2	2119.0	3895.8
218.7	445.1	1384.8	2115.7	3802.9
107.2	439.9	1396.8	2119.0	3761.4
210.2	444.3	1455.8	2140.0	3723.8
207.8	455.7	1521.9	2498.7	3732.4
207.6	465.9	1490.7	2906.7	3958.3
208.7	469.3	1485.1	3019.1	4398.1
210.3	481.8	1479.1	3068.6	4858.2
212.6	480.5	1480.4	3078.9	4926.4
214.4	469.9	1462.9	3094.5	4908.7
215.2	483.9	1438.2	3083.6	4827.0
214.4	485.3	1398.2	3059.4	4740.1
214.6	521.1	1357.3	3053.4	4581.7
214.7	512.5	1276.3	3049.4	4413.9
214.7	517.8	1248.4	3018.9	4487.6
212.1	485.6	1332.3	3058.4	4483.8
104.0	393.9	1617.5	3133.3	4356.1
68.9	507.0	1448.8	3316.9	4335.6
206.1	432.8	1194.7	3125.5	4356.5
210.2	582.3	1533.2	3001.7	4325.3
213.9	509.5	960.1	3022.1	4366.0
212.1	610.5	1118.8	3038.5	4495.5
212.3	658.6	1236.1	3051.6	4466.5
213.3	634.4	1311.7	3055.1	4352.4
214.0	650.0	1410.8	3051.5	4314.2
214.5	638.8	1518.8	3065.2	4417.3
214.9	652.3	1646.7	3058.9	4457.5
215.0	626.6	1730.7	3040.4	4445.4
214.3	644.7	1770.8	3011.8	4539.5
214.0	649.4	1816.5	3008.1	4543.4
214.3	656.8	1856.8	3002.8	4468.9
214.0	670.9	1871.5	2996.6	4483.4
214.2	668.7	1869.9	2966.7	4476.8
215.8	680.5	1868.5	2949.7	4467.7
216.2	696.5	1871.2	2940.6	4467.3
215.7	696.0	1862.3	2953.6	4422.0
215.7	704.8	1837.8	2961.6	4400.1
215.1	693.4	1845.3	2964.1	4450.5
214.4	685.4	1843.8	2975.8	4482.9
212.1	694.9	1862.7	2972.5	4563.5
207.4	846.4	1949.6	3021.1	4594.5
190.0	831.6	2027.3	3281.4	4535.4
187.6	1015.4	2444.5	3735.7	4678.4
87.7	972.2	2340.6	3684.5	4769.6
0.0	1052.4	2408.4	3739.4	4666.7
0.0	970.4	2424.6	3758.3	4666.1
131.9	913.0	2201.2	3673.9	4632.5
88.2	948.3	2251.5	3578.1	4614.4
0.0	950.5	2340.5	3618.6	4672.7
0.0	1052.9	2345.3	3594.7	4629.8
0.0	1104.2	2373.8	3665.0	4486.8
0.0	779.8	2384.0	3548.6	4514.4
0.0	1138.8	2372.3	3504.7	4620.6
101.7	1056.4	2203.5	3471.2	4690.3
102.6	1059.7	2083.4	3533.6	4626.4
571.4	930.0	2049.2	3327.6	4368.3
0.0	923.9	1847.0	3138.6	4404.6
90.2	958.9	1777.3	3247.2	4542.5
88.2	841.1	1747.4	3301.1	4524.9
91.5	775.4	1736.2	3262.1	4386.9
276.1	732.1	1779.3	3239.0	4459.6
261.2	733.1	1825.0	3242.6	4490.2
75.5	878.1	1965.5	3186.2	4249.1
255.0	921.5	2009.3	3103.3	4085.7
494.3	787.2	1968.4	3014.7	3966.7
0.0	707.8	1966.0	3006.2	3941.3
0.0	906.3	2260.5	3272.6	3994.3
219.7	1292.6	2726.4	3509.6	4165.3
0.0	1131.7	2742.0	3575.1	4185.3
0.0	857.2	2707.7	3593.6	4153.1
0.0	1020.1	2708.9	3454.6	4180.6
254.6	1002.6	2674.6	3295.9	4133.5
0.0	925.9	2612.4	3193.7	4078.2
294.3	1418.1	2654.2	3359.9	4105.2
571.4	1323.6	2661.8	3297.8	4079.2
66.5	1574.1	2794.0	3330.9	4149.7
73.6	1085.1	2364.4	3088.5	4030.0
111.0	866.4	2297.5	3054.3	4082.9
0.0	441.8	2204.3	3040.6	4190.0
224.2	415.3	2251.7	3021.4	4341.4
209.0	403.6	2324.5	2925.9	4315.5
205.4	396.3	2377.7	2833.1	4277.5
202.0	397.8	2427.6	2921.7	4239.9
199.2	410.9	2443.6	3362.1	4245.6
191.8	473.3	2355.0	3355.2	4293.7
190.2	1485.8	2340.3	3238.1	4355.1
184.9	1536.6	2327.8	3398.8	4261.6
79.7	864.4	2269.8	3269.9	4227.7
0.0	760.6	2251.4	3265.4	4421.8
0.0	741.2	2212.9	3052.8	4409.6
0.0	619.5	2181.5	2922.7	4354.3
0.0	517.4	2002.7	2920.0	4310.8
209.1	508.1	1910.8	2944.4	4308.8
198.1	497.3	1830.1	2915.0	4303.6
190.2	501.2	1998.1	2906.9	4305.1
191.3	526.4	1990.0	2915.2	4265.5
189.0	553.0	1876.0	2957.4	4220.7
183.3	575.9	2001.1	3074.8	4183.9
180.0	1293.7	2297.9	3429.0	4268.3
91.0	1315.5	2276.1	3338.7	4383.3
0.0	995.5	2164.5	3329.1	4715.7
0.0	970.9	2170.2	3559.5	4751.7
0.0	824.7	2327.8	3669.3	4741.8
0.0	805.3	2235.9	3073.9	4474.3
0.0	739.0	2161.7	3097.2	4385.3
0.0	745.3	2166.6	3007.4	4361.1
0.0	495.7	2212.4	2947.7	4271.7
225.4	516.1	2205.3	2942.6	4281.5
214.8	534.1	2195.0	2954.3	4271.2
204.9	535.7	2199.7	2979.5	4257.6
201.2	556.9	2188.9	2979.4	4270.0
200.0	548.0	2140.2	2943.2	4265.2
198.2	534.4	2073.0	2879.3	4275.4
196.0	511.3	1955.5	2855.0	4324.7
196.8	504.8	1893.5	2883.0	4274.9
197.2	506.0	2025.1	2968.8	4227.6
197.0	502.0	2171.5	2865.4	4198.0
197.1	498.9	2294.1	2849.2	4200.9
196.2	485.0	2340.7	2855.6	4200.8
195.3	466.9	2360.4	2862.5	4200.2
194.8	456.0	2376.8	2868.8	4211.3
194.4	441.5	2363.8	2852.0	4212.0
194.1	435.2	2303.0	2844.5	4203.7
193.4	420.2	2221.1	2854.7	4242.7
191.5	429.8	2127.4	2837.8	4293.0
188.6	424.0	1972.8	2992.7	4295.5
92.9	485.8	1951.3	3129.1	4267.7
91.5	460.3	1968.2	3155.1	4274.3
89.2	439.1	1894.5	3253.2	4211.0
183.7	1317.9	2121.2	3362.4	4146.0
182.5	1167.1	2162.4	3412.4	4298.7
77.3	972.2	2325.1	3641.5	4520.0
233.3	953.4	2351.2	3687.1	4557.6
0.0	855.2	2148.0	3528.5	4395.0
480.0	792.5	1966.9	3100.6	4198.6
187.5	599.6	1803.9	2926.0	4041.2
216.2	498.4	1667.8	2755.4	3851.5
200.1	447.9	1587.5	2607.2	3918.4
188.6	425.5	1610.5	2867.7	4306.8
189.1	436.1	1600.5	2940.8	4526.9
189.1	425.9	1545.0	2984.0	4597.0
187.4	444.9	1514.6	3265.4	4529.6
186.2	451.9	1460.2	3361.8	4370.3
185.4	457.3	1515.1	2808.6	3929.7
182.6	546.6	1579.7	2845.7	3882.5
183.4	556.6	1680.6	2865.7	3972.0
180.1	543.7	1766.5	2887.2	4026.6
180.4	530.8	1808.0	2888.8	4069.4
181.9	539.6	1824.3	2879.7	4091.2
179.5	545.6	1862.9	2881.8	4073.5
178.0	536.3	1917.7	2856.6	4086.0
178.0	543.4	1932.0	2843.2	4125.9
178.8	540.6	1929.1	2834.7	4177.2
180.1	529.8	1906.4	2816.4	4181.7
178.0	509.5	1887.3	2827.6	4178.8
178.5	489.4	1845.7	2829.7	4164.5
180.2	450.4	1771.3	2828.8	4102.2
180.0	474.6	1685.3	2805.3	4082.6
179.5	502.8	1565.3	2798.2	4089.9
177.2	542.9	1530.8	2819.3	4047.8
173.4	539.6	1656.2	2777.6	4070.6
172.7	527.7	1498.0	2740.2	4013.0
172.0	538.8	1484.1	2767.4	4013.3
172.0	518.4	1458.1	2772.3	4035.9
172.9	545.3	1462.8	2765.6	3991.4
173.6	559.8	1453.5	2748.1	3979.2
171.4	614.5	1465.5	2779.0	4008.8
169.2	637.2	1453.1	2790.9	4050.9
86.4	649.6	1461.0	2796.4	4077.0
86.7	696.4	1450.0	2779.4	4028.1
85.6	720.0	1398.7	2751.5	3969.3
85.3	704.2	1361.8	2768.9	3998.3
84.9	726.0	1313.0	2744.6	3964.9
83.8	742.4	1321.1	2725.8	3929.2
84.6	867.9	1753.4	2902.8	4007.3
84.9	864.2	2091.1	3145.6	4207.6
159.7	650.5	2205.4	3102.1	4288.8
0.0	978.7	2317.5	3270.0	4371.3
0.0	1120.7	2292.2	3298.0	4384.7
0.0	764.3	1929.2	3208.5	4322.6
0.0	770.5	1971.5	3125.8	4283.7
0.0	1020.2	2051.6	3099.6	4190.5
0.0	1053.7	2026.0	3082.8	4115.4
203.2	1009.9	1960.3	2937.0	4139.7
0.0	999.2	1867.1	2906.9	4218.9
86.4	911.3	1760.6	2918.3	4074.5
0.0	820.7	1632.9	2877.9	3964.9
124.7	645.7	1560.9	2777.1	3837.0
0.0	482.5	985.9	2542.6	3656.8
87.0	484.5	1030.7	2408.9	3695.4
86.5	502.2	1091.8	2328.2	3731.2
198.4	524.8	1164.5	2206.3	3705.5
204.3	523.1	1242.7	2043.5	3661.6
201.2	541.1	1376.4	2020.1	3695.9
74.7	528.7	1429.8	1910.6	3673.0
88.5	486.8	1498.9	1853.8	3692.1
81.2	471.5	1573.7	1837.1	3462.7
248.3	460.4	1638.6	2555.9	3852.4
84.3	477.8	1652.3	2801.0	4114.1
83.0	405.1	1665.7	2820.7	4095.4
80.4	376.3	1610.1	2928.0	4242.2
86.6	389.3	1630.4	2973.1	4197.8
232.5	396.8	1840.2	3046.4	4200.9
205.3	383.9	1995.8	3035.6	4286.4
181.3	1125.7	2452.2	3466.9	4211.8
0.0	924.5	2570.3	3529.2	4152.8
0.0	922.8	1981.8	3004.0	4143.8
0.0	831.6	1943.5	3005.8	4189.9
0.0	862.9	1941.1	2980.7	4156.7
0.0	851.7	1900.0	3024.9	4141.1
91.3	756.8	1896.2	3211.1	4302.7
265.5	730.1	1862.2	3273.1	4377.4
0.0	837.4	1866.6	3234.2	4285.0
109.4	841.3	1900.8	3265.9	4178.6
230.2	803.8	1844.3	3357.0	4275.6
0.0	702.2	1831.3	3319.4	4384.4
0.0	830.8	1839.4	3421.5	4312.5
279.2	877.2	1797.2	3445.7	4211.9
0.0	893.1	1794.2	3493.1	4222.4
130.3	853.5	1790.4	3558.9	4307.9
143.8	771.1	1785.4	3501.4	4298.7
