0.0	0.0	0.0	0.0	0.0
0.0	0.0	0.0	0.0	0.0
0.0	0.0	0.0	0.0	0.0
0.0	802.0	2173.5	3260.4	4286.7
0.0	786.6	2176.2	3191.3	4301.5
0.0	928.1	2122.6	3118.1	4186.5
106.5	1197.4	2376.3	3272.8	4234.3
0.0	1178.8	2330.6	3269.3	4260.4
0.0	733.2	2129.6	3189.8	4249.7
0.0	510.6	2083.9	3158.1	4259.9
0.0	365.8	2158.4	3149.5	4213.5
177.6	367.7	2228.6	3208.4	4272.9
168.0	413.1	2023.4	3061.7	4129.2
0.0	1349.2	2340.1	3210.5	4141.2
0.0	980.5	2130.2	3214.5	4164.6
0.0	810.0	2149.6	3235.2	4187.5
0.0	865.1	2217.6	3277.0	4248.0
0.0	1088.0	2254.4	3385.2	4249.9
0.0	1477.9	2643.0	3729.0	4477.9
0.0	806.5	2805.4	3747.3	4399.6
426.8	825.8	2503.5	3250.7	4041.3
96.8	432.0	2274.5	3002.7	3961.7
230.8	410.7	2290.9	2912.0	3963.2
209.4	405.0	2302.7	2912.7	3964.0
206.1	396.4	2367.7	3051.9	3886.2
203.0	390.2	2403.6	3201.0	3901.8
200.6	384.3	2445.7	3338.5	4053.8
195.5	377.2	2466.8	3400.6	4053.8
190.6	370.4	2470.9	3468.1	4129.1
186.7	371.8	2505.7	3509.3	4161.8
185.1	365.3	2511.3	3504.0	4082.5
181.4	367.4	2505.6	3428.2	4035.3
178.6	365.6	2524.3	3465.5	4088.7
176.9	354.6	2546.1	3424.7	4028.4
176.8	362.9	2536.0	3209.6	3888.3
178.7	360.0	2493.9	2877.3	3805.2
178.6	361.6	2438.3	2768.0	3857.5
176.5	345.6	2393.3	2698.3	3859.7
174.2	353.8	1998.4	2740.3	3896.1
170.1	344.6	1549.4	2684.1	3909.6
169.6	331.0	1325.5	2649.7	3965.2
166.2	334.9	1161.2	2670.1	4130.8
162.6	332.4	1066.7	2783.2	4128.6
156.6	375.3	1047.7	2819.8	4087.4
148.2	409.8	1073.9	2854.2	4000.1
68.1	420.1	977.8	2985.5	3837.3
149.9	439.7	951.5	3010.2	3695.4
75.8	493.8	980.2	3021.9	3678.5
75.8	545.7	1012.8	3017.7	3838.3
120.2	598.5	1042.8	3190.5	3983.8
0.0	631.5	1034.9	3214.8	3866.0
0.0	665.2	1054.9	3192.7	3862.9
135.5	688.9	1047.4	3206.2	3941.6
178.0	687.8	1038.6	3221.1	3863.9
176.7	691.7	1031.3	3219.2	3883.8
73.4	704.4	1028.9	3166.3	3838.4
161.7	699.7	1050.6	3154.4	3810.0
165.1	700.2	1045.7	3169.2	3789.9
167.5	694.1	1020.7	3179.0	3812.6
170.9	689.8	1008.7	3162.9	3839.2
173.6	677.4	1012.4	3179.4	3834.7
175.9	656.6	1005.2	3231.1	3854.5
179.3	613.9	988.3	3261.6	3879.0
183.0	567.7	958.7	3242.5	3859.4
186.3	557.4	934.2	3262.0	3828.4
190.5	560.6	898.7	3298.1	3812.6
191.1	512.1	823.7	3326.5	3807.3
193.3	506.0	817.6	3316.8	3811.2
198.6	487.5	836.8	3349.1	3720.7
208.1	473.2	861.2	3322.2	3660.3
215.3	474.4	925.9	3284.2	3721.0
219.5	566.6	1103.8	3155.5	3726.4
222.7	591.5	1259.7	3037.1	3731.4
225.0	610.9	1444.6	2886.6	3696.7
227.9	584.1	1754.7	2715.4	3727.1
231.7	524.3	1933.3	2634.0	3782.5
234.6	484.2	2078.4	2638.5	3799.5
239.3	493.2	2212.5	2696.9	3748.7
246.9	507.2	2283.0	2820.9	4133.6
254.9	520.6	2287.3	2929.4	4287.6
257.3	550.1	2216.8	2980.8	4346.4
258.2	555.4	2122.1	3039.4	4338.3
250.7	561.2	2223.4	3320.3	4338.2
241.0	916.8	2317.3	3588.2	4443.3
117.6	975.7	2419.2	3657.1	4497.3
112.1	852.0	2454.1	3624.8	4516.1
69.8	1002.3	2478.5	3614.8	4428.3
134.3	1168.4	2439.2	3644.0	4446.4
173.5	1297.9	2478.4	3631.2	4615.7
67.8	1289.3	2685.5	3711.7	4621.2
0.0	1160.7	2529.2	3653.0	4580.9
0.0	793.9	1921.5	2836.6	4245.0
0.0	391.9	2059.1	2889.3	4140.8
221.6	370.2	2181.5	2865.6	4131.8
180.4	373.3	2216.9	2857.0	3909.6
174.5	341.2	2163.7	2842.8	4061.3
170.6	358.7	2209.8	2856.0	4175.2
167.7	337.9	2125.0	2983.8	4238.8
166.5	389.5	2005.5	2965.8	4140.3
172.6	615.4	2026.4	2946.1	4205.3
169.4	676.7	2081.2	2981.8	4133.8
164.6	754.4	2076.0	2950.3	4001.4
161.5	795.0	2018.0	2934.9	3954.4
161.1	807.5	1937.7	2973.1	4053.7
160.8	868.2	1912.3	2988.3	4083.3
161.1	881.4	1906.7	2984.1	4110.0
160.3	849.3	1880.0	2981.6	4075.1
159.1	786.0	1835.1	2959.7	4007.4
161.6	770.0	1800.0	2930.6	3944.7
163.3	739.9	1743.6	2878.5	3858.8
164.2	638.4	1631.0	2790.5	3774.9
166.5	589.6	1580.5	2728.6	3814.9
162.4	551.9	1568.7	2697.5	3939.5
160.0	504.5	1572.7	2812.6	4011.2
79.5	476.8	1640.0	2903.2	4021.5
84.7	559.4	1703.2	3017.7	4057.2
86.3	538.1	1659.1	2866.8	4014.4
178.9	545.8	1763.6	2722.7	3922.2
186.3	546.3	1946.0	2679.4	3958.3
189.4	499.9	2107.8	2705.8	4056.2
190.1	436.0	2374.1	2734.5	4127.4
188.9	465.0	2454.6	2785.1	4212.4
191.4	428.3	2310.1	2986.2	4246.5
64.6	382.1	2251.0	2956.0	4122.2
94.5	395.9	2310.1	2983.5	4211.9
95.7	390.8	2087.1	3070.6	4282.4
0.0	831.7	2473.0	3078.3	4080.2
0.0	731.5	2646.9	3145.7	4122.5
347.2	537.8	2481.5	3056.7	4061.6
267.5	485.3	2475.7	2984.8	4003.2
226.5	471.6	2494.3	2998.9	3997.1
216.6	507.1	2447.0	2964.9	3966.4
217.5	523.7	2413.3	3022.5	3957.8
219.3	485.1	2428.8	3027.2	3938.7
222.5	476.3	2447.5	2998.1	3950.2
227.1	493.0	2407.4	3005.0	3954.1
233.8	487.1	2426.8	3000.1	3916.5
235.9	499.7	2444.9	2984.1	3957.5
233.7	512.5	2400.4	2998.7	3993.2
226.6	489.4	2300.8	3005.6	4020.2
123.1	484.8	2118.8	2986.5	4063.2
76.6	477.3	1923.2	3012.4	4038.5
256.6	469.9	2038.4	2945.5	3985.7
135.1	533.2	2428.4	3166.7	4109.8
68.1	472.0	1155.2	3330.3	4115.5
0.0	499.7	1129.0	3543.1	4203.4
354.6	540.2	1070.9	3587.6	4107.8
119.7	625.1	1114.4	3530.9	4036.8
120.5	713.5	1273.1	3489.3	4042.2
123.5	756.2	1355.3	3486.6	4059.9
250.3	752.1	1450.3	3445.0	4096.4
254.8	782.7	1522.9	3403.2	4091.2
258.2	780.5	1675.6	3328.3	4026.6
259.5	756.3	1813.5	3181.7	3866.5
263.0	719.7	1910.5	2992.9	3887.9
264.5	621.8	2102.5	2899.0	4035.4
268.5	542.6	2234.7	2904.2	4032.6
272.8	534.6	2412.1	2926.8	4002.6
274.1	484.2	2377.5	2975.0	3987.8
132.5	740.9	2292.4	3067.9	4158.6
65.3	915.1	2176.6	2966.3	4170.2
63.5	934.4	2015.2	3057.7	4162.7
0.0	1034.8	2366.4	3296.6	4225.3
0.0	998.7	2251.4	3209.2	4320.6
0.0	864.1	2251.3	3330.4	4401.2
0.0	841.5	2108.5	3257.6	4272.2
0.0	765.0	1920.2	3151.6	4279.6
0.0	788.0	1975.8	3061.2	4132.1
0.0	381.8	1986.7	3009.0	4188.4
0.0	572.4	1976.5	3048.8	4191.6
363.4	603.9	2012.2	3049.1	4194.0
327.5	624.1	2034.8	3133.2	4226.1
311.8	644.9	2035.8	3209.5	4220.9
319.0	664.3	2015.2	3252.2	4226.2
328.4	696.3	2058.0	3219.2	4249.8
342.9	725.7	1954.0	3204.1	4191.4
360.5	877.1	1862.7	3281.2	4038.5
370.6	624.9	1878.3	3304.3	4069.7
383.4	590.7	1953.7	3381.7	4246.2
392.6	560.1	2049.4	3258.9	4312.2
400.9	486.5	1912.4	3192.6	4127.6
403.2	407.8	1935.2	3030.9	4063.1
393.6	999.3	2206.8	3251.9	4276.3
382.0	977.6	2336.3	3479.9	4491.8
89.8	1286.1	2370.6	3506.2	4539.4
0.0	1182.0	2380.0	3430.5	4435.5
109.2	1155.8	2319.1	3426.9	4463.2
0.0	1085.4	2198.0	3462.4	4487.5
0.0	1286.4	2344.7	3450.8	4382.3
0.0	1295.2	2253.5	3387.9	4317.5
0.0	1346.8	2310.2	3477.3	4324.2
0.0	1053.8	2119.8	3433.4	4455.2
0.0	1082.8	2245.0	3378.0	4491.7
117.6	1014.2	2329.5	3429.8	4518.6
0.0	931.1	2338.2	3317.5	4415.7
83.9	1126.1	2535.9	3389.1	4430.6
0.0	1231.0	2518.2	3504.6	4469.6
0.0	1010.1	2411.9	3537.5	4389.3
0.0	1019.7	2423.5	3474.2	4397.7
0.0	1120.0	2327.7	3450.8	4487.9
0.0	1015.9	2114.1	3274.6	4459.4
110.1	873.6	1900.6	3241.4	4431.2
109.1	940.9	1765.0	3192.9	4325.4
0.0	896.3	1599.5	3224.3	4226.9
170.0	864.1	1656.9	3312.9	4135.9
0.0	729.8	1622.3	3090.7	4136.1
0.0	641.5	1801.5	2962.5	4156.8
0.0	667.6	1950.1	3010.0	4274.5
0.0	725.1	2286.2	3203.3	4383.6
0.0	771.4	2282.9	3365.6	4367.2
0.0	823.2	2349.8	3257.4	4387.1
