0.0	0.0	0.0	0.0	0.0
0.0	0.0	0.0	0.0	0.0
0.0	0.0	0.0	0.0	0.0
0.0	1053.3	2119.2	3331.0	4225.3
0.0	981.0	2028.5	3164.0	4137.7
0.0	851.2	1917.8	2989.4	4141.9
0.0	862.2	1942.1	3067.1	4185.9
0.0	867.8	1892.8	3221.7	4257.3
0.0	831.1	1864.1	3135.5	4255.8
0.0	931.1	1907.9	3141.6	4187.9
0.0	997.3	1922.6	3139.6	4150.6
0.0	1017.2	1846.5	3108.3	4087.1
0.0	1026.0	1791.7	2973.3	4040.8
0.0	985.1	1810.9	2946.8	4119.2
0.0	970.3	1794.6	3022.6	4229.8
0.0	941.7	1678.2	3140.6	4126.3
0.0	1166.5	2270.7	3539.0	4366.1
0.0	1288.6	2404.3	3507.8	4409.4
0.0	958.4	2288.4	3340.1	4303.6
0.0	1074.7	2137.6	3263.0	4285.3
0.0	1120.3	2287.1	3286.1	4375.4
0.0	1113.1	2305.0	3216.5	4433.9
0.0	1122.2	2267.7	3209.4	4327.1
0.0	1047.9	2248.6	3304.8	4280.2
0.0	991.5	2256.0	3330.0	4202.3
0.0	1191.1	2409.0	3474.5	4188.1
0.0	1205.6	2069.7	3220.1	4084.8
0.0	1019.7	1612.8	3233.5	4069.7
0.0	996.8	1554.3	3104.5	4007.3
0.0	925.0	1447.3	3101.4	4043.3
222.6	907.6	1450.7	3136.4	4065.6
166.0	873.2	1474.3	3141.3	3992.2
169.1	848.9	1462.5	3101.0	3906.5
170.6	798.1	1425.8	3053.1	3884.1
171.3	726.5	1433.9	2912.3	3899.0
167.0	348.2	1479.6	2728.4	4014.5
163.9	331.9	1509.3	2575.9	4038.9
83.0	326.3	1490.8	2512.3	3920.0
164.8	331.2	1557.7	2519.5	4091.8
163.6	318.2	1630.2	2482.4	4154.2
159.2	309.0	2231.3	3040.1	4209.9
157.7	288.5	2122.1	3091.1	4231.2
73.3	364.4	1791.0	3172.0	4206.9
69.8	1225.6	2183.2	3463.4	4420.2
135.3	445.4	1230.8	2940.4	4193.9
0.0	1114.8	1197.8	3292.0	4354.9
0.0	803.6	1218.5	3051.7	4446.4
0.0	644.0	1187.9	2953.2	4405.4
342.1	470.1	1087.5	3112.5	4075.3
209.2	461.8	1056.5	2873.0	3846.3
177.0	630.7	2667.2	3530.4	4375.9
172.6	540.6	930.5	3084.9	3768.1
171.6	554.7	907.9	3104.4	3580.6
174.2	573.9	906.9	3369.0	4101.4
178.6	587.9	938.0	3388.1	4193.2
181.1	649.5	986.8	3422.4	4255.3
184.1	648.5	1041.6	3354.3	4324.2
187.1	662.5	1162.0	3321.9	4250.0
188.9	656.4	1281.2	3277.3	4129.4
191.2	662.9	1465.9	3224.3	3989.8
194.3	662.4	1740.4	2841.1	3678.4
198.9	629.1	1903.3	3078.0	3829.8
205.5	539.9	2112.3	3210.5	4281.0
212.8	432.8	2252.8	3493.4	4416.5
217.7	501.5	2302.7	3276.1	4304.9
224.5	541.4	2279.6	3070.1	4186.0
235.4	508.0	2161.3	2827.1	4224.1
241.1	384.8	1965.6	2749.1	4311.7
246.7	382.2	2103.4	2863.1	4425.6
243.9	830.1	2315.8	3207.2	4525.5
81.3	904.6	2236.0	3208.1	4429.0
76.3	891.5	2338.9	3476.0	4360.6
0.0	1117.6	2459.0	3848.7	4469.9
0.0	811.6	2421.8	3679.9	4466.5
0.0	883.7	2263.0	3394.6	4415.6
423.4	741.6	2120.1	3162.6	4231.2
123.7	521.0	1981.3	3017.8	4124.5
290.6	473.1	1928.0	3008.7	4195.7
252.3	464.1	1902.1	2992.8	4269.3
233.4	454.0	1845.3	3006.6	4316.6
226.5	478.6	1837.5	3027.3	4429.5
215.5	878.4	2088.0	3153.1	4536.0
204.1	887.0	2186.1	3402.7	4496.9
95.2	769.9	2294.6	3433.3	4388.1
0.0	836.0	2220.0	3497.1	4472.7
0.0	1020.7	2425.6	3680.9	4686.3
0.0	1119.5	2608.7	3719.0	4535.8
108.1	924.6	2288.1	3643.1	4507.8
90.6	1209.8	2412.6	3590.2	4467.1
0.0	889.6	2376.2	3497.2	4346.7
0.0	821.4	2213.8	3502.1	4393.4
0.0	956.0	2138.4	3397.8	4359.2
0.0	866.8	2026.4	3173.9	4417.2
0.0	563.0	1780.6	3071.4	4180.8
0.0	554.8	1721.5	2986.3	3976.6
204.7	557.8	1695.1	3044.4	3954.2
189.7	560.7	1670.0	2560.5	3788.9
184.7	565.3	1641.4	2384.2	3723.3
184.8	561.1	1648.7	2267.9	3732.4
187.4	567.8	1651.0	2160.2	3745.5
188.7	579.2	1642.0	2121.0	3742.3
193.3	573.2	1657.6	2094.2	3749.6
197.9	490.7	1706.3	2084.6	3770.5
201.9	449.0	1818.3	2130.4	3711.0
207.5	417.7	1970.9	2246.6	3774.4
218.6	422.6	2119.7	2872.4	3940.7
106.4	1068.7	2281.9	3011.1	4126.9
69.3	1922.1	2620.9	3472.5	4295.6
70.9	1650.1	2685.0	3428.6	4128.0
0.0	1848.4	2887.1	3580.5	4093.4
0.0	1657.3	2811.0	3647.9	4180.3
0.0	998.8	2604.0	3756.8	4347.4
0.0	1154.1	2815.4	3888.2	4446.8
0.0	871.8	2697.5	3783.5	4441.4
0.0	1019.7	2293.4	3244.1	4370.0
71.9	1043.3	2617.7	3231.8	4350.2
0.0	1146.6	2410.0	3215.0	4382.9
130.4	628.3	2255.9	3314.8	4431.0
129.2	1125.2	2363.2	3372.7	4440.9
94.6	895.1	2347.2	3366.7	4482.9
63.5	777.1	2166.4	3426.3	4545.4
0.0	797.7	2198.6	3325.5	4351.1
0.0	604.8	1946.7	3095.5	4256.4
0.0	507.3	1944.7	2953.6	4308.9
191.6	542.4	1953.2	2972.2	4316.5
185.4	558.0	1968.8	2989.2	4317.8
184.3	562.3	1962.3	3002.1	4330.2
187.2	530.8	1952.6	3016.6	4349.8
193.1	490.1	1971.0	3018.7	4339.6
197.5	550.0	2036.5	3097.0	4331.8
198.3	982.9	2216.2	3271.3	4361.3
200.1	1024.2	2136.7	3456.9	4397.6
83.4	942.9	2246.8	3547.7	4487.0
317.3	1128.7	2290.8	3453.8	4431.8
152.8	1059.8	2271.0	3336.4	4387.2
0.0	943.0	2166.6	3348.7	4348.3
0.0	938.9	2163.5	3338.2	4335.8
0.0	853.2	2068.8	3272.9	4308.4
172.6	895.7	2173.6	3227.3	4279.2
0.0	891.0	2212.7	3204.7	4286.5
80.6	923.8	2148.8	3184.8	4127.9
78.7	1004.7	2148.3	3166.3	4054.9
224.0	1008.3	2074.7	3131.8	4149.2
208.7	961.2	1969.3	2956.4	3978.0
204.9	877.7	1946.2	2952.5	3820.3
199.0	875.5	1925.9	2961.0	3863.2
191.5	881.9	1856.6	2916.5	3855.2
177.6	869.3	1777.3	2898.8	3836.7
170.8	855.2	1752.1	2876.3	3802.5
166.8	858.8	1782.7	2871.1	3856.7
162.2	836.3	1754.0	2877.0	3976.3
160.9	823.6	1716.2	2864.0	4037.3
165.8	822.1	1673.3	2841.3	4049.7
154.4	803.0	1638.8	2855.6	4058.6
161.7	794.0	1612.7	2858.4	4034.3
76.9	790.1	1530.9	2851.5	3990.3
76.6	767.9	1467.2	2799.5	3946.7
73.6	733.2	1368.4	2831.5	3903.3
136.8	708.3	1295.1	2859.4	3857.4
104.3	685.2	1235.1	2889.9	3790.9
69.0	654.7	1176.3	2938.4	3716.5
179.0	630.5	1162.7	2928.7	3687.7
87.2	607.6	1165.5	2918.5	3649.8
141.9	614.5	1225.4	2965.1	3889.0
147.7	707.3	1292.3	3015.6	4246.9
77.9	850.0	1711.8	3015.9	4285.9
146.9	825.4	1793.1	3255.4	4336.1
159.8	932.2	1886.6	3580.5	4322.1
78.5	1104.6	2118.1	3564.0	4313.9
146.4	1072.2	2154.4	3587.9	4468.8
0.0	987.0	2270.6	3670.0	4567.0
82.2	1043.6	2326.6	3609.5	4587.5
0.0	992.4	2234.8	3634.5	4671.9
0.0	864.1	2262.4	3575.5	4548.5
0.0	1013.7	2330.9	3449.6	4430.8
0.0	1222.9	2561.0	3540.9	4430.5
116.5	1015.5	2541.4	3550.5	4558.6
77.9	764.3	2520.3	3647.6	4537.5
0.0	884.3	2370.0	3559.5	4399.0
0.0	1037.5	2436.8	3702.3	4544.4
71.0	1078.2	2807.6	3806.3	4757.0
64.9	1142.5	2835.2	3695.1	4839.3
0.0	1309.6	2708.3	3712.7	4633.6
179.1	1113.5	2644.8	3754.9	4718.7
0.0	1046.9	2662.6	3678.2	4718.5
0.0	1022.2	2420.2	3685.5	4693.5
0.0	1079.1	2305.1	3862.9	4502.6
293.4	829.6	2186.5	3497.2	4250.4
571.4	897.1	1779.2	3317.7	4072.9
309.3	968.3	2053.8	3262.5	3985.6
304.6	876.4	1954.1	3093.2	4140.7
0.0	795.8	2207.0	3142.5	4270.4
0.0	928.0	2291.9	3195.1	4215.5
0.0	1161.4	2286.5	3181.8	4285.8
0.0	1144.8	2299.1	3196.5	4249.5
0.0	980.0	2239.9	3181.8	4288.3
0.0	968.0	2197.2	3134.5	4231.1
0.0	868.5	2116.1	3103.1	4113.6
