0.0	0.0	0.0	0.0	0.0
0.0	0.0	0.0	0.0	0.0
0.0	0.0	0.0	0.0	0.0
0.0	904.6	2120.9	3294.4	4277.4
0.0	1053.1	2094.5	3247.8	4219.4
0.0	989.4	2085.2	3162.6	4281.1
0.0	1006.7	2115.6	3047.9	4226.1
0.0	1016.0	2157.9	3135.7	4227.1
0.0	914.4	2124.9	3210.1	4228.3
0.0	997.9	2213.8	3231.4	4123.3
0.0	1219.7	2346.2	3301.0	4242.0
0.0	850.2	2269.9	3272.3	4323.0
0.0	835.6	2230.9	3235.7	4354.1
0.0	915.2	2069.6	3152.8	4271.4
0.0	910.8	2196.4	3205.7	4324.0
0.0	972.6	2315.2	3331.7	4376.4
0.0	1039.8	2273.8	3470.0	4327.8
0.0	1054.8	2043.6	3215.3	4362.8
0.0	793.6	1928.5	3009.1	4374.7
345.7	487.9	1954.0	2995.5	4425.1
247.2	535.5	1991.7	3015.8	4490.7
230.1	617.8	2000.8	3036.0	4510.1
224.9	672.4	1993.9	3054.1	4502.6
226.4	695.1	1967.7	3086.7	4517.6
228.7	681.3	1963.6	3103.6	4506.6
229.5	677.5	1938.5	3125.9	4490.5
230.6	654.9	1894.9	3139.9	4490.8
233.1	536.8	1857.3	3066.0	4453.6
231.4	503.1	2059.1	3007.3	4432.2
233.1	527.6	2280.7	3019.3	4541.6
238.5	514.8	2262.3	3023.3	4517.1
237.0	550.9	2263.4	3006.6	4499.3
242.6	552.1	2468.8	3011.5	4462.4
246.4	563.9	2421.1	2971.7	4429.6
249.7	567.4	2563.2	3037.3	4386.7
252.7	560.1	2143.0	3025.1	4417.4
259.4	542.8	1898.5	3128.7	4483.1
264.7	554.6	1917.1	3200.1	4443.7
268.8	560.3	1980.4	3207.4	4503.8
277.7	557.5	2012.8	3186.2	4563.6
284.2	559.9	1972.2	3146.0	4580.7
282.4	591.1	1960.3	3181.9	4461.5
279.8	783.8	2004.5	3091.4	4237.8
84.9	1232.9	2158.3	3193.4	4140.1
71.0	1152.6	2099.1	3159.4	4126.1
0.0	1114.5	2104.0	3190.5	4330.7
0.0	873.4	2357.0	3460.1	4780.5
480.2	823.1	2416.0	3549.1	4721.3
502.4	1039.4	2393.6	3525.7	4591.7
0.0	927.3	2126.8	3231.7	4454.8
272.7	904.5	1965.8	3115.8	4388.1
82.3	827.3	1888.8	3070.9	4312.7
191.3	796.8	1828.0	3069.0	4244.0
220.8	880.4	1749.8	3021.3	4121.6
230.3	879.7	1603.3	2899.8	3912.6
249.6	885.1	1516.2	2921.5	4032.8
260.0	818.0	1412.9	2987.7	4166.5
252.4	773.5	1342.5	3013.9	4375.7
233.4	761.0	1289.2	3062.2	4480.5
220.8	743.7	1248.0	3114.8	4392.7
217.9	710.5	1204.2	3154.6	4353.9
216.4	669.5	1168.9	3159.1	4228.8
217.4	669.2	1182.2	3190.0	4098.6
220.7	672.3	1207.7	3217.6	4087.4
222.5	636.6	1236.6	3239.8	3992.8
223.6	593.8	1255.1	3324.3	4091.3
225.0	609.1	1303.8	3356.8	4230.2
226.6	604.2	1311.0	3341.5	4291.0
225.2	626.6	1345.3	3258.2	4229.3
226.5	616.1	1361.1	3166.4	4208.3
225.7	625.2	1357.7	3071.6	4204.2
226.0	696.7	1433.1	3037.6	4224.4
225.2	849.5	1817.7	3062.9	4314.5
226.4	1031.7	2014.5	3201.4	4290.6
110.0	1011.5	2172.0	3206.3	4325.0
66.6	1071.3	2297.8	3115.3	4352.6
279.1	1059.1	2260.8	3088.7	4231.0
307.7	1250.7	2333.0	3188.1	4204.7
0.0	1241.7	2376.5	3224.1	4327.2
428.6	1236.9	2183.9	3210.6	4413.4
0.0	1152.4	2036.3	3245.6	4307.5
0.0	1307.3	2208.3	3159.1	4316.2
260.5	1276.6	2215.9	3226.4	4263.8
260.9	1191.7	2109.8	3098.1	4304.5
293.4	1077.4	1995.0	2952.0	4184.3
0.0	606.2	1642.3	2893.7	4051.6
260.5	645.8	1636.1	2893.0	4030.6
247.0	683.1	1614.1	2856.0	4021.8
233.4	720.6	1605.4	2825.2	4007.5
220.7	731.3	1609.3	2842.5	3960.5
213.3	703.9	1596.1	2846.7	3914.6
213.9	694.4	1534.8	2809.8	3843.0
215.3	647.6	1522.6	2792.0	3757.0
218.0	620.8	1518.7	2735.7	3709.2
218.2	599.1	1524.9	2672.4	3636.4
219.4	570.9	1542.3	2644.0	3606.3
219.3	537.3	1642.9	3006.7	4327.0
218.6	454.0	1763.4	2951.2	4499.1
216.7	446.6	2106.8	2911.6	4409.1
218.8	438.2	1846.8	2874.4	4346.3
218.7	439.9	1838.5	2841.5	4293.5
215.2	444.7	2286.3	2921.3	4217.7
213.4	417.5	2523.6	2981.2	4147.4
208.3	413.8	2610.2	3046.1	4121.9
206.4	403.6	2702.9	3073.2	4155.5
203.7	400.4	2788.7	3104.4	4164.2
202.9	401.9	2785.5	3152.7	4196.8
202.4	406.6	2696.1	3096.0	4226.8
203.1	401.4	2550.6	2962.2	4257.9
203.4	413.6	2473.0	2858.6	4297.4
205.5	425.7	2551.3	2855.0	4320.2
208.9	419.4	2325.0	2841.8	4377.7
209.0	415.1	1830.6	2835.9	4550.6
209.1	412.9	2080.5	2821.0	4587.5
207.7	404.3	1972.3	2819.3	4444.9
205.4	439.6	2368.6	3212.5	4353.8
199.2	514.5	2128.2	3244.9	4241.2
193.6	650.4	2214.8	3170.3	4250.4
97.8	1174.5	2271.7	3331.0	4250.3
65.9	1166.8	2140.2	3351.1	4178.6
68.4	919.6	1963.4	3180.5	4097.6
0.0	525.5	2133.8	2838.3	4065.4
0.0	414.7	2333.2	2931.3	4136.5
0.0	400.3	2395.9	3055.3	4188.6
197.7	405.0	2456.5	3141.1	4288.7
204.0	405.4	2526.3	3172.1	4333.6
204.9	402.6	2614.9	3202.9	4385.1
204.2	391.8	2696.0	3257.4	4385.6
201.8	379.1	2729.1	3262.5	4435.9
98.0	418.9	2665.8	3164.9	4379.0
64.1	477.3	2065.7	3125.9	4074.1
64.2	986.8	2225.9	3351.5	4234.6
64.9	1135.7	2227.7	3382.3	4348.7
0.0	895.4	2051.2	3212.9	4282.7
0.0	763.1	2257.6	3258.7	4351.9
0.0	1003.7	2660.9	3303.3	4327.8
97.6	459.8	2561.9	3284.1	4291.1
0.0	430.5	2492.3	3198.5	4351.8
208.6	450.1	2483.9	3147.2	4237.0
201.7	579.8	2488.1	3133.6	4190.0
201.3	580.3	2484.7	3124.2	4066.5
197.0	581.3	2498.7	3152.3	4098.2
195.4	592.0	2540.3	3173.0	4243.8
193.6	587.8	2512.2	3131.4	4153.7
190.5	564.3	2496.6	3121.9	4088.9
188.2	547.3	2521.3	3133.8	4048.3
185.1	551.0	2515.2	3105.4	4016.7
182.6	567.3	2465.1	3094.0	4001.2
180.9	614.8	2378.7	3035.9	3907.6
177.5	644.0	2282.6	3002.5	3859.3
176.2	685.3	2195.9	2951.4	3887.2
174.0	748.4	2138.1	2960.5	3874.2
172.3	771.8	2100.2	3048.3	3835.7
171.7	747.6	1968.3	3072.3	3799.4
171.1	721.7	1904.9	3043.8	3882.2
171.1	659.6	1805.3	3038.6	3890.2
169.0	817.8	1737.6	2969.4	3932.3
165.9	885.8	1679.5	3001.9	3929.0
160.8	898.0	1686.9	3048.8	3913.9
157.9	802.1	1715.3	3105.9	3914.5
154.4	800.6	1700.5	3207.0	3907.1
148.9	783.8	1693.2	3205.9	4147.5
146.4	556.8	2192.1	3104.2	4323.9
147.9	500.6	2363.7	3092.9	4346.9
75.8	479.6	2398.3	3148.8	4386.8
78.9	444.3	2432.3	3121.4	4414.3
79.9	475.0	2205.3	3063.4	4414.9
153.7	477.5	1920.0	2869.6	4194.4
163.6	511.0	1969.4	2915.8	4166.0
172.5	574.5	2022.6	3163.6	4228.8
166.3	831.8	2196.5	3155.9	4311.2
80.5	918.2	2087.0	3144.7	4219.8
0.0	629.3	2140.1	3141.1	4230.0
0.0	572.4	2272.5	3120.7	4329.4
0.0	492.6	2157.1	3122.5	4215.0
66.9	518.4	2024.2	3026.4	4184.7
