0.0	0.0	0.0	0.0	0.0
0.0	0.0	0.0	0.0	0.0
0.0	0.0	0.0	0.0	0.0
0.0	1260.6	2367.1	3369.8	4505.9
0.0	1238.2	2271.7	3375.5	4261.5
0.0	1026.0	2254.7	3253.2	4222.5
0.0	1062.9	2293.9	3244.2	4223.7
0.0	1026.3	2205.7	3181.8	4203.8
0.0	1159.6	2232.2	3283.9	4283.7
0.0	1182.1	2273.1	3279.2	4178.1
0.0	1000.7	2205.5	3183.1	4117.6
0.0	1145.3	2296.0	3178.4	4163.7
0.0	985.1	2347.7	3166.2	4120.5
63.5	950.4	2242.3	3176.7	4183.3
63.5	946.2	2268.4	3256.5	4295.8
0.0	884.5	2096.6	3239.7	4307.2
0.0	917.3	1930.6	3225.7	4227.5
0.0	797.0	1906.6	3091.4	4181.7
0.0	805.1	1862.3	3095.4	4232.8
239.6	818.2	1847.5	3085.9	4204.7
228.6	848.2	1802.2	3084.9	4175.1
228.1	875.8	1779.4	3087.6	4169.5
227.5	878.4	1813.2	2982.4	4199.7
217.4	810.7	1867.1	3072.5	4284.8
104.2	850.4	2160.0	3163.3	4241.0
70.9	1033.1	2300.9	3136.0	4141.6
0.0	1178.5	2368.0	3344.8	4235.0
0.0	1225.8	2360.5	3484.4	4300.0
0.0	1292.3	2318.8	3388.6	4361.0
0.0	1362.5	2500.2	3369.5	4380.3
0.0	1350.3	2450.4	3473.6	4432.0
388.1	1275.5	2345.0	3311.2	4461.3
171.4	994.2	2184.6	3250.2	4356.1
0.0	1073.2	2328.2	3419.7	4279.7
0.0	966.5	2378.6	3436.4	4284.8
0.0	955.3	2515.2	3414.8	4319.2
298.1	796.5	2142.4	3324.2	4166.4
0.0	647.8	2043.1	3352.7	4201.3
267.5	547.0	1567.6	3228.1	4322.0
258.5	533.2	1534.2	3113.7	4347.0
261.7	532.4	1548.7	3018.1	4298.7
262.3	560.9	1575.5	3081.1	4361.0
262.2	636.0	1630.3	3130.1	4303.3
268.6	794.1	1821.1	3154.2	4327.1
269.8	811.2	1906.2	3239.5	4324.1
267.0	809.8	1975.4	3286.4	4250.8
270.5	816.9	2089.2	3285.7	4067.4
274.2	803.9	2189.3	3328.9	4205.5
279.6	769.3	2265.2	3329.4	4250.9
280.1	727.3	2321.6	3276.2	4197.4
284.7	703.4	2364.7	3182.2	4050.2
289.3	669.5	2413.3	3186.3	3934.6
292.1	664.8	2431.2	3274.3	4037.2
294.6	657.3	2437.1	3304.9	4148.8
296.0	646.7	2442.9	3261.3	4035.0
297.9	636.2	2447.6	3229.4	4001.6
298.6	618.9	2451.6	3139.9	4097.7
299.2	609.9	2433.0	3037.6	4082.3
298.8	600.8	2376.8	3012.0	4021.4
297.8	593.0	2185.0	2824.0	4034.9
295.1	510.5	1726.8	2806.3	4030.8
287.3	290.0	1471.9	2984.0	4084.3
95.4	284.1	1433.3	3045.2	4236.6
278.0	275.7	1402.6	3127.8	4259.0
272.7	268.0	1394.3	3217.3	4193.7
269.1	265.0	1447.1	3245.7	4225.0
265.6	260.8	1395.3	3204.3	4212.8
261.6	259.6	1305.0	3098.6	4197.5
259.4	263.2	1357.4	3079.2	4234.5
253.8	379.2	1161.4	3019.8	4159.9
261.0	520.9	1149.6	3203.7	4129.0
261.2	522.8	1379.7	3305.7	4091.7
257.4	546.0	1579.2	3050.9	4107.8
253.2	552.8	1774.6	2954.1	4147.4
249.1	524.4	1995.4	2931.2	4077.0
245.9	485.7	2247.0	2938.8	4031.2
245.5	451.4	2380.9	2993.7	4020.4
238.9	289.5	2313.7	3055.3	4094.9
73.6	217.6	2388.3	3110.0	4177.7
72.2	213.9	2310.7	3155.9	4169.7
207.8	294.8	2435.9	3334.5	4191.3
207.7	865.2	2679.5	3423.0	4171.3
214.2	307.2	2674.2	3530.1	4225.1
217.9	310.6	2800.8	3581.7	4209.4
222.4	385.4	2820.0	3623.5	4187.6
228.1	236.6	2790.9	3710.4	4240.3
229.1	374.3	2810.7	3497.7	4238.8
235.1	352.2	2875.9	3418.3	4198.9
241.3	360.2	2867.5	3419.0	4203.0
245.5	372.0	2840.5	3365.5	4153.4
248.0	373.6	2802.7	3271.1	4139.8
252.4	385.8	2796.9	3184.3	4167.2
253.7	383.2	2747.0	3122.2	4127.9
256.5	385.8	2715.5	3132.8	4134.0
262.5	834.3	2686.6	3132.4	4086.7
266.7	848.3	2664.2	3096.8	4011.8
264.3	402.3	2677.0	3134.2	4079.3
264.8	416.9	2633.0	3150.6	4111.2
272.9	814.9	2525.0	3103.4	3921.6
271.4	442.8	2451.8	3188.0	3933.4
269.5	790.2	2418.8	3251.6	4165.8
272.6	788.1	2393.1	3224.1	4298.8
266.5	469.2	2344.0	3265.6	4420.2
262.8	613.2	2300.3	3381.8	4455.3
255.3	537.3	2296.9	3439.5	4452.7
121.1	1137.2	2359.9	3366.2	4369.1
78.2	1118.8	2345.1	3386.3	4366.9
77.5	1021.2	2465.8	3495.5	4421.9
69.7	1064.2	2453.4	3521.3	4444.8
0.0	981.4	2515.7	3510.8	4413.7
0.0	965.9	2402.7	3405.6	4414.8
119.4	919.6	2237.5	3351.9	4384.8
0.0	874.0	2128.2	3350.9	4354.2
0.0	523.4	2087.1	3349.2	4455.7
280.6	565.9	2081.2	3327.0	4530.5
248.9	671.8	2062.4	3301.7	4516.9
246.5	718.4	2032.8	3288.8	4385.6
244.7	722.1	2017.6	3168.9	4308.5
243.0	728.1	1972.5	3139.9	4291.1
242.3	725.2	1928.9	3156.0	4307.2
240.6	731.9	1877.4	3133.5	4157.5
241.4	724.4	1839.9	3119.2	4131.9
241.5	725.5	1841.0	3154.9	4140.9
241.8	718.9	1846.6	3154.2	4147.4
240.7	710.4	1797.9	3127.8	4146.1
239.2	708.3	1739.0	3068.8	4085.0
239.5	685.7	1654.3	2976.8	4047.5
234.5	790.5	1719.8	3020.9	4126.0
74.0	1254.9	2129.9	3262.7	4233.7
84.7	1137.2	2132.1	3298.4	4276.1
0.0	1167.0	2130.7	3328.9	4261.0
0.0	810.4	1999.5	3212.9	4195.6
0.0	787.8	1850.4	3053.6	4083.5
0.0	648.6	1759.1	2947.9	4095.8
0.0	592.3	1800.8	2912.2	4079.7
191.0	725.6	1916.4	2963.0	4068.4
65.0	784.0	2027.9	2919.5	4056.7
0.0	794.3	2197.5	2925.2	3955.3
0.0	742.3	2239.0	2994.6	3979.5
285.1	736.4	2210.3	2952.2	3984.7
286.6	733.7	2246.4	2957.9	4005.2
255.6	713.4	2287.9	2973.4	4028.3
281.1	707.9	2355.8	2990.0	4008.3
86.6	688.6	2397.2	3049.0	3998.6
119.5	683.6	2409.8	2988.8	4014.2
114.1	677.5	2419.8	2965.3	4060.2
228.5	674.4	2421.1	2938.6	4045.2
226.9	664.4	2440.5	2904.0	4045.1
223.4	657.0	2450.1	2922.3	4021.1
222.8	649.6	2490.0	2901.0	4013.1
222.1	642.2	2436.5	2833.6	4009.7
221.2	648.8	2338.5	2785.7	4011.3
220.9	641.5	2293.6	2717.3	3979.5
218.1	652.3	2243.2	2645.7	3976.2
217.4	652.0	2176.1	2584.1	3988.2
216.2	659.9	2147.5	2479.9	3998.2
214.8	668.7	2035.1	2428.6	3978.1
214.0	682.2	1999.0	2351.4	3965.3
211.7	690.2	1975.3	2333.5	3958.8
208.8	698.8	1941.9	2345.6	3926.7
206.9	702.3	1902.2	2319.7	3892.8
206.5	706.4	1825.1	2214.5	3877.7
204.8	714.5	1816.2	2155.9	3877.5
203.4	719.1	1825.5	2103.9	3877.1
202.8	712.1	1813.2	2176.9	3851.9
202.8	705.9	1822.1	2465.6	3861.5
202.9	702.6	1795.3	2383.6	3810.2
203.6	698.2	1693.6	2412.4	3815.0
205.1	710.8	1672.2	2329.4	3859.5
206.9	708.0	1699.1	2324.1	3856.8
209.2	766.5	1676.7	2328.9	3945.5
209.7	861.5	1714.0	2470.4	3982.2
211.7	828.1	1721.8	2540.6	3997.7
209.9	805.0	1708.2	2587.3	3773.8
102.1	848.8	1745.7	2597.2	3787.1
67.6	947.0	1794.1	2666.5	3833.6
66.8	698.9	1790.6	2678.1	3939.1
67.2	603.7	1696.7	2651.1	4061.4
178.9	873.4	1683.1	2704.1	4107.4
73.3	835.1	1746.8	2709.2	4071.1
73.7	1122.0	1844.6	2619.6	4078.9
207.8	951.0	1893.3	2522.1	4130.8
0.0	917.0	1785.9	2558.7	4194.4
0.0	985.1	1677.6	2861.0	4181.1
113.5	1027.0	1806.2	3095.4	4197.4
0.0	1034.1	2048.6	3148.2	4243.9
