0.0	0.0	0.0	0.0	0.0
0.0	0.0	0.0	0.0	0.0
0.0	0.0	0.0	0.0	0.0
0.0	1394.1	2339.8	3301.8	4398.3
0.0	1178.3	2284.0	3295.0	4383.0
0.0	1162.8	2333.6	3196.4	4249.3
121.2	1112.0	2291.9	3094.6	4253.3
117.2	960.2	2247.6	3182.2	4222.7
0.0	972.2	2087.6	3270.5	4172.3
0.0	893.8	1864.2	3184.4	4249.0
0.0	595.0	1969.7	3058.6	4154.2
108.1	641.2	2139.9	3096.0	4191.5
113.2	727.0	2276.4	3286.2	4260.5
0.0	584.5	2271.8	3278.9	4332.1
0.0	945.9	2338.1	3175.3	4315.9
0.0	943.6	2279.0	3001.1	4188.8
0.0	772.8	2287.3	3069.6	4171.5
296.6	753.5	2259.0	3106.2	4154.0
287.7	753.4	2231.8	2998.2	4149.1
533.4	871.2	2188.4	2931.1	4092.7
0.0	894.3	2215.8	2987.8	4118.5
0.0	860.1	2147.3	2948.3	4174.0
0.0	878.5	2035.7	2842.1	4190.6
205.5	774.0	1873.8	2807.6	4214.2
256.1	781.9	1767.6	2782.5	4091.0
254.5	798.5	1652.7	2727.9	4038.0
244.9	781.3	1448.1	2838.3	4126.9
242.0	744.2	1309.4	2916.1	4192.7
237.3	735.2	1290.3	2939.5	4250.8
233.4	693.3	1260.8	3038.8	4281.4
231.3	649.4	1187.4	3077.0	4290.8
230.4	659.9	1170.5	3096.6	4330.0
229.6	592.5	1172.5	3083.9	4344.5
231.5	617.0	1157.7	3081.5	4351.4
234.0	682.2	1163.6	3070.1	4349.7
231.0	679.5	1183.8	3060.3	4337.1
230.3	677.9	1224.4	3033.9	4318.2
230.6	704.2	1282.5	3036.6	4258.4
229.8	718.8	1324.5	3005.6	4213.7
229.6	737.1	1365.7	2977.3	4171.9
231.3	734.0	1370.5	2942.4	4105.7
234.0	734.4	1369.4	2906.3	4074.8
236.1	725.1	1353.2	2788.4	4062.3
240.1	717.3	1317.3	2586.5	4020.6
243.4	728.1	1285.7	2550.9	3991.5
247.7	703.1	1272.7	2628.6	4029.1
249.9	660.0	1269.3	2654.9	4097.5
255.1	643.2	1237.1	2674.3	4118.4
258.1	603.9	1180.5	2788.8	4135.4
262.1	575.7	1064.4	2767.8	4123.7
262.3	536.5	1030.5	2769.7	4101.6
263.4	515.9	1005.6	2822.5	4114.4
262.2	505.5	987.8	2838.3	4134.4
255.9	512.5	1717.6	2893.2	4105.3
246.7	457.6	2306.7	3121.0	4178.3
76.8	456.1	2093.9	3128.7	4265.4
225.6	377.5	2207.1	3225.7	4268.3
109.2	391.0	2271.6	3339.1	4313.8
215.6	926.5	2303.0	3384.2	4252.9
205.8	1102.9	2300.0	3324.8	4156.5
67.2	989.9	2335.0	3286.0	4366.4
65.4	1007.3	2295.3	3314.0	4360.5
0.0	1102.0	2176.5	3305.3	4248.6
0.0	1135.8	2224.8	3188.1	4213.2
0.0	717.3	1776.0	2832.7	4049.6
0.0	685.0	1267.7	2690.6	4041.2
230.3	668.7	1195.3	2608.4	3997.7
214.1	693.9	1201.7	2580.7	3929.2
206.2	724.6	1204.0	2569.3	3937.2
203.1	754.5	1198.7	2552.6	3950.3
200.6	769.9	1194.8	2528.9	3921.2
198.6	775.9	1193.1	2498.9	3898.4
198.3	786.1	1197.3	2481.6	3881.9
198.4	782.4	1201.6	2447.6	3886.8
198.6	760.3	1205.1	2412.2	3891.0
198.3	742.7	1205.4	2431.3	3884.9
197.7	737.0	1215.0	2430.9	3890.6
197.8	737.8	1220.9	2414.1	3928.0
198.1	743.2	1235.0	2404.0	3911.5
198.9	757.8	1261.8	2408.8	3899.9
199.0	768.9	1292.6	2435.6	3923.3
198.1	776.4	1324.2	2477.4	3893.9
196.5	775.0	1345.7	2521.0	3837.3
194.6	752.6	1367.3	2523.2	3859.7
193.3	741.3	1436.1	2540.8	4202.7
193.0	718.5	1556.5	2607.3	4400.1
192.3	654.9	1653.7	2897.4	4434.5
192.4	614.5	1628.0	2965.6	4623.5
190.5	589.0	1800.4	3051.5	4566.9
186.8	849.7	2276.3	3412.6	4689.3
89.7	930.3	2249.6	3539.5	4903.0
0.0	1029.6	2083.8	3285.1	4834.2
292.7	976.8	2202.6	3357.1	4770.8
235.3	911.9	2432.4	3555.6	4900.4
0.0	1065.2	2603.9	3611.8	4908.5
184.6	983.6	2562.5	3559.8	4861.2
206.9	784.0	2285.4	3427.7	4843.1
545.5	1092.6	2309.1	3443.2	4784.0
250.0	1054.9	2225.1	3442.7	4746.5
260.9	1055.3	2248.7	3472.2	4836.3
105.5	916.4	2384.0	3330.7	4708.3
0.0	907.6	2695.1	3231.1	4674.4
281.3	810.1	2607.5	3287.4	4669.5
261.3	1146.6	2488.0	3248.6	4503.5
134.9	752.0	2191.4	3194.8	4319.0
170.6	791.2	2289.3	3195.6	4398.8
0.0	774.2	2424.1	3199.9	4435.7
113.3	897.5	2384.4	3158.2	4363.3
0.0	930.7	2482.9	3209.2	4285.5
0.0	793.2	2597.6	3247.6	4314.2
87.5	712.0	2614.7	3232.2	4511.1
124.0	700.6	2617.0	3271.6	4445.9
151.7	503.4	2605.9	3260.2	4221.7
0.0	451.6	2633.8	3222.7	4166.7
214.7	441.3	2647.9	3185.5	4104.0
213.9	433.2	2633.5	3130.1	4048.9
208.2	442.8	2596.9	3083.1	4047.4
205.9	413.7	2547.7	3058.3	4145.3
202.8	405.7	2482.5	3061.0	4299.7
199.2	427.5	2396.0	3136.8	4723.7
191.8	614.5	2329.2	3321.0	4802.0
181.8	874.5	2304.9	3461.6	4643.0
83.2	1029.2	2277.4	3450.1	4698.4
230.8	995.6	2252.7	3364.1	4820.1
166.7	1024.8	2231.7	3382.8	4733.1
108.1	923.5	2216.3	3283.9	4683.0
292.7	891.3	2209.9	3341.1	4616.4
109.1	939.7	2211.9	3439.7	4513.0
387.1	965.8	2169.9	3395.8	4517.7
0.0	1211.9	2335.9	3342.9	4496.2
103.4	904.1	2141.9	3118.3	4377.9
0.0	361.7	2014.5	3086.9	4353.3
0.0	498.3	2074.4	3044.2	4385.3
236.5	530.2	2086.3	3004.9	4368.4
219.6	602.2	2070.9	2997.2	4302.7
208.2	622.4	2056.0	2998.7	4218.6
202.0	617.0	2024.6	2983.0	4219.2
199.9	615.1	2008.4	2981.0	4254.1
199.2	621.3	1979.8	2964.5	4270.2
198.5	618.2	1958.5	2951.3	4278.4
197.3	607.2	1945.7	2942.3	4342.3
195.8	568.7	1925.9	2922.1	4325.3
193.6	548.9	1869.8	2896.0	4261.9
188.8	410.9	1861.1	2917.6	4181.3
85.9	372.8	1936.1	2920.6	4209.0
0.0	435.5	1994.3	2949.3	4221.8
184.1	530.0	2050.3	2956.2	4133.2
192.2	509.2	2118.2	2907.5	4110.8
190.1	489.4	2198.6	2850.0	4105.3
189.5	483.6	2292.1	2777.4	4127.1
189.3	431.0	2303.2	2673.9	4037.0
186.8	541.5	2201.1	2649.4	4082.1
181.9	507.9	2141.8	2719.1	4207.2
90.4	539.7	2266.9	2795.6	4227.5
178.7	544.9	2332.0	2882.7	4350.4
175.6	551.5	2529.2	3208.7	4406.5
180.5	557.3	1931.3	2748.6	4392.3
182.7	550.3	1990.2	2702.8	4364.6
181.4	568.5	2612.0	3413.9	4351.4
177.5	634.6	2572.9	3288.4	4247.8
171.7	726.2	2323.3	2751.4	4259.4
167.2	996.7	2049.0	2784.2	4231.4
84.4	1144.4	2123.4	2893.1	4219.8
82.9	850.0	1285.9	2965.9	3932.3
0.0	630.2	1269.6	3024.4	3860.0
0.0	497.5	1260.8	2608.0	3848.5
216.0	459.1	1225.8	2378.2	3868.6
200.8	510.3	1273.6	2346.5	3839.3
195.7	501.4	1308.2	2327.3	3817.1
192.9	477.8	1380.3	2302.2	3818.2
192.4	477.9	1527.7	2295.6	3799.7
190.4	490.1	1671.1	2305.5	3814.4
188.6	500.0	1744.2	2322.0	3842.7
188.2	522.9	1830.1	2365.9	3848.0
189.2	509.6	1973.1	2519.8	3923.7
189.7	505.6	2026.0	2597.0	3986.2
190.3	518.4	2056.6	2632.9	3981.3
190.8	527.3	2078.1	2693.8	3997.8
191.3	573.7	2086.5	2820.3	4140.3
192.7	625.7	2046.6	2893.1	4186.5
193.9	584.4	1950.4	2965.6	4212.6
195.9	541.9	1913.6	2951.7	4267.6
198.0	558.3	1908.2	2930.0	4271.4
197.7	506.9	2029.9	2926.1	4280.2
203.9	512.1	2166.3	2927.3	4347.5
204.2	511.8	2441.9	2945.4	4400.1
204.3	541.9	2474.6	2945.6	4450.4
205.7	496.7	2341.3	2831.4	4483.3
206.8	486.7	2402.5	2808.2	4498.0
210.0	422.6	2402.9	2820.9	4528.9
214.5	427.7	2206.6	2845.6	4474.7
218.4	462.1	2474.9	3352.8	4519.5
216.6	1089.0	2375.3	3381.3	4422.7
106.2	1077.3	2251.4	3124.8	4237.0
0.0	944.4	2179.5	3075.8	4406.8
472.7	937.6	2289.2	3145.2	4500.4
80.2	739.0	2118.2	3133.8	4361.0
68.1	659.7	2050.1	3001.3	4284.6
0.0	709.9	2179.0	3030.9	4275.8
0.0	837.9	2040.4	3011.5	4226.5
0.0	811.2	2036.3	2932.7	4192.7
73.1	753.5	2033.3	2910.2	4207.6
0.0	666.2	2022.4	2911.3	4271.7
0.0	642.0	2039.9	2863.8	4198.1
0.0	736.0	1935.8	2823.7	4104.3
120.0	780.9	2062.0	2845.9	4056.6
117.0	770.9	2046.6	2895.8	4114.3
