0.0	0.0	0.0	0.0	0.0
0.0	0.0	0.0	0.0	0.0
0.0	0.0	0.0	0.0	0.0
0.0	862.9	2328.1	3274.4	4607.7
0.0	828.0	2084.5	3224.3	4290.6
321.9	742.6	1967.5	3221.1	4281.9
0.0	777.2	2091.5	3141.1	4283.5
146.3	974.9	2341.8	3244.2	4217.1
312.0	1081.0	2242.1	3197.5	4177.0
0.0	1090.7	2135.0	3201.0	4235.6
0.0	1136.9	2141.2	3251.0	4208.4
0.0	1001.8	2009.5	3163.5	4146.8
0.0	970.3	1951.8	3120.6	4228.3
0.0	926.4	2110.7	3261.6	4359.1
0.0	1294.8	2401.6	3573.2	4186.5
0.0	1143.1	2429.2	3589.0	4248.4
0.0	618.5	2239.5	3258.3	4418.2
0.0	714.1	1349.0	2500.0	3857.7
228.2	713.3	1323.6	2475.0	3725.4
224.3	712.2	1302.2	2477.7	3692.9
222.4	711.5	1303.9	2510.3	3709.8
221.0	709.9	1283.4	2545.2	3678.5
220.2	707.8	1275.9	2555.3	3666.4
220.7	697.8	1305.1	2576.1	3687.6
221.9	664.8	1349.2	2616.4	3727.3
223.7	648.0	1373.2	2618.4	3892.4
225.1	583.6	1486.0	2650.5	4043.7
226.6	503.7	1633.3	2699.6	4081.8
227.8	454.1	1784.2	2787.4	4104.9
228.4	463.3	2135.9	2831.9	4140.4
232.2	470.8	2323.3	2868.8	4178.5
238.7	476.0	2444.4	2958.1	4188.6
234.5	474.5	2523.7	3067.7	4247.2
231.7	473.6	2547.7	3077.8	4306.2
231.9	469.1	2545.7	3102.3	4275.1
228.5	470.8	2585.9	3209.6	4310.2
229.8	469.8	2603.0	3252.9	4332.0
227.0	466.8	2589.0	3217.4	4335.7
228.5	463.0	2557.9	3203.0	4329.9
227.2	459.1	2522.5	3099.6	4355.3
227.5	461.0	2533.1	3162.3	4356.5
227.3	459.8	2508.7	3228.4	4359.8
227.7	465.0	2473.1	3212.1	4331.0
225.7	489.6	2439.8	3140.6	4295.1
226.1	547.1	2402.7	3070.1	4336.3
226.6	658.7	2339.7	2991.5	4309.1
227.0	701.5	2271.7	2968.2	4304.9
227.5	687.3	2190.0	2939.6	4323.7
228.0	686.6	2139.3	2913.3	4287.0
226.3	680.7	2099.9	2859.5	4247.9
222.5	687.7	2069.4	2819.5	4315.2
217.0	722.9	2020.7	2794.1	4358.2
212.6	779.5	1992.1	2737.8	4390.9
206.5	783.8	1929.3	2674.8	4367.1
198.5	768.8	1860.6	2648.8	4308.7
190.8	755.7	1833.6	2624.9	4234.9
187.3	746.2	1794.9	2644.4	4301.9
184.2	739.6	1733.8	2664.4	4478.3
183.7	724.9	1717.6	2709.0	4534.8
183.6	708.9	1763.2	2710.8	4431.3
183.2	717.6	1868.6	2792.2	4595.5
181.6	669.5	1942.3	2870.1	4582.7
180.4	816.8	2014.9	3103.9	4327.3
174.0	887.3	2182.2	3361.1	4565.5
85.1	1075.9	2319.1	3404.0	4586.0
75.0	1168.2	2403.5	3315.3	4400.7
0.0	1223.6	2325.7	3249.5	4344.9
196.5	1088.6	2256.0	3220.8	4362.5
89.7	1072.4	2221.3	3288.5	4262.4
0.0	1029.1	2210.1	3338.1	4363.4
0.0	1039.9	2300.2	3386.8	4457.5
532.9	1263.6	2324.4	3287.6	4440.3
555.2	1141.9	2327.7	3266.3	4412.7
474.4	1127.8	2329.6	3289.9	4427.2
0.0	788.2	2250.1	3277.5	4390.0
0.0	1077.4	2164.7	3374.0	4434.6
136.7	1152.0	2165.3	3276.1	4426.2
133.8	1076.5	2223.2	3199.6	4467.3
574.0	1131.6	2304.6	3318.0	4499.2
563.1	1027.0	2189.9	3276.0	4338.7
0.0	846.5	2047.0	3330.0	4380.6
95.2	596.8	1991.9	3282.2	4448.4
0.0	955.8	2072.5	3261.6	4299.2
0.0	1076.3	2177.7	3232.7	4218.2
0.0	757.7	2118.8	3183.0	4381.0
0.0	791.0	2084.1	3194.5	4308.0
105.8	841.6	2162.3	3186.3	4101.1
181.9	752.7	2247.3	3187.5	4163.8
0.0	798.7	2323.4	3244.6	4275.8
193.0	560.8	2411.1	3194.7	4201.2
225.2	561.8	2520.2	3264.1	4253.3
71.3	850.9	2583.2	3241.1	4237.5
0.0	805.0	2633.2	3187.9	4283.7
206.3	1112.5	2634.6	3152.4	4385.5
154.6	1004.6	2557.7	3179.4	4636.1
117.8	510.1	2583.9	3259.5	4788.3
0.0	493.0	2635.7	3149.3	4483.1
235.6	444.9	2636.8	3033.1	4192.1
222.0	426.2	2633.2	2993.1	4254.9
214.7	421.6	2610.0	2916.2	4303.8
212.9	418.2	2556.0	2852.7	4217.2
209.9	406.9	2380.9	2820.8	4188.5
206.4	426.2	2219.9	2845.2	4313.8
200.7	441.2	2133.0	2976.9	4234.3
90.5	644.9	2090.7	3126.4	4146.1
88.3	772.3	2091.4	3207.8	4225.1
89.2	1073.4	2149.4	3233.9	4260.9
89.0	989.0	2137.7	3281.7	4224.2
0.0	817.4	2092.8	3223.8	4186.2
0.0	973.7	2311.9	3220.0	4333.2
0.0	737.1	2235.6	3268.9	4168.2
0.0	616.6	2112.0	3340.1	4148.2
517.1	737.0	2118.2	3074.7	4132.6
494.3	905.0	2116.0	2888.0	3995.4
0.0	902.6	1888.8	2821.2	3942.4
223.7	784.9	1671.6	2796.7	3968.7
222.8	778.8	1438.0	2603.9	4043.7
226.2	765.9	1309.7	2453.8	4038.1
222.3	792.3	1293.4	2448.5	4038.3
218.3	821.1	1258.4	2426.7	3996.4
216.2	830.8	1242.8	2389.8	3932.6
214.2	812.7	1225.0	2342.2	3935.0
211.4	800.7	1246.5	2272.9	3857.8
209.3	804.0	1278.8	2188.6	3738.9
209.3	753.4	1343.7	2128.7	3721.0
211.0	694.8	1433.4	2146.1	3769.7
212.0	621.4	1535.3	2214.4	3868.3
210.6	640.7	1611.1	2347.9	4054.9
207.6	466.3	1788.6	2650.3	4159.5
98.0	1015.0	1993.6	3122.5	4094.2
63.5	1164.3	2142.4	3241.4	4179.7
111.6	1233.6	2314.7	3287.0	4363.8
70.1	1002.5	2155.8	3305.5	4373.7
0.0	722.6	2107.2	3345.8	4205.2
0.0	714.9	2100.3	3210.8	4121.7
491.9	627.2	2021.1	2985.9	4069.4
0.0	482.9	1948.4	2749.3	3915.7
231.6	473.4	1866.6	2657.1	3815.0
214.5	493.0	1649.5	2588.5	3794.8
202.5	389.2	1552.8	2669.0	3831.2
65.5	378.1	1507.3	2772.3	4005.9
189.6	374.6	1507.1	2826.6	4133.4
186.1	370.9	1509.7	2966.0	4133.3
183.2	518.7	1536.4	2832.7	4048.1
187.7	656.6	1810.8	2727.7	4023.6
207.3	640.0	1934.5	2756.9	4138.0
203.5	642.8	1970.8	2795.7	4206.3
201.9	693.1	1955.4	2793.5	4233.5
200.1	765.3	1919.6	2776.9	4238.8
197.6	790.1	1851.1	2742.0	4210.2
196.2	792.5	1748.6	2700.7	4109.1
195.6	805.3	1609.8	2507.4	4106.2
196.4	809.6	1485.5	2466.2	4120.8
197.4	803.1	1430.0	2489.7	4152.3
196.8	774.8	1402.3	2495.0	4152.4
191.5	726.4	1441.8	2551.2	4136.8
185.8	689.5	1523.9	2700.0	4142.6
178.0	597.6	1674.7	2882.3	4131.3
0.0	492.8	1756.3	2908.8	3943.2
137.7	455.3	1839.8	2945.6	3987.5
125.1	436.2	1860.3	2961.2	4102.1
188.0	1172.3	1769.6	3023.1	3897.7
182.7	1133.5	1663.8	3033.0	3864.0
178.5	400.5	1930.7	3032.3	4088.7
178.0	382.5	1962.9	3043.7	4142.9
178.3	360.4	1952.4	3091.3	4146.3
177.2	416.3	2000.8	3107.5	4269.0
186.9	1170.5	2068.5	3298.2	4252.0
182.3	559.0	2015.3	3218.1	3862.7
0.0	473.3	1991.1	2922.9	3739.9
211.0	449.3	1920.7	2834.1	3734.0
208.2	482.7	1802.9	2782.0	3776.3
205.3	534.8	1664.4	2793.9	3834.3
204.4	532.6	1612.1	2774.7	3824.2
203.8	532.8	1577.1	2723.4	3822.2
203.3	535.2	1551.7	2719.7	3847.5
203.3	579.4	1594.0	2667.1	3871.4
204.1	526.5	1674.7	2666.6	3861.6
204.4	503.9	1770.5	2678.3	3865.1
205.0	549.6	1910.5	2745.8	3877.7
205.5	561.1	2043.3	2853.5	3896.5
206.0	563.8	2170.9	2889.9	3923.6
205.0	569.3	2280.7	2915.6	3944.2
204.2	549.7	2350.6	2925.3	3989.9
204.1	558.2	2347.6	2904.4	4044.4
204.4	698.2	2200.2	2850.4	4142.7
204.2	506.0	2250.0	2837.2	4247.2
203.7	493.8	2427.7	2879.6	4392.4
204.2	586.4	2445.7	2912.7	4512.7
203.8	499.4	2506.0	2961.7	4551.9
205.1	527.2	2573.2	2948.3	4586.9
206.8	571.1	2303.0	2930.6	4559.5
206.2	626.0	1685.8	2904.0	4585.4
201.5	963.5	1876.4	3198.5	4605.8
96.8	1014.7	1975.6	3446.2	4555.2
90.5	943.9	2083.0	3454.0	4447.0
89.6	940.3	2081.8	3504.9	4424.9
131.9	895.2	2110.2	3494.0	4596.2
0.0	995.3	2126.8	3461.9	4700.2
0.0	1059.7	2175.9	3411.2	4701.3
571.4	1026.9	2160.0	3387.1	4608.7
0.0	981.4	2027.1	3377.3	4636.7
0.0	963.0	2073.6	3333.7	4745.7
0.0	881.0	2121.3	3266.7	4740.3
0.0	886.7	2176.1	3174.0	4795.5
155.8	594.8	1887.5	2921.5	4555.9
247.2	561.7	1776.7	2877.2	4384.8
206.4	601.7	1767.8	2833.5	4277.4
190.4	652.0	1767.4	2811.9	4218.8
181.1	708.0	1723.8	2795.5	4242.7
175.6	690.5	1685.9	2749.9	4258.0
172.2	686.6	1673.7	2732.7	4227.4
169.9	682.9	1663.4	2694.9	4190.8
168.2	680.6	1639.5	2683.3	4206.1
167.1	691.8	1610.7	2673.1	4212.3
165.3	688.7	1541.7	2672.1	4183.1
164.0	677.7	1485.7	2639.3	4119.0
164.3	701.8	1478.8	2623.5	4102.6
163.7	682.3	1469.2	2612.1	4090.5
165.1	663.6	1456.2	2603.3	4045.7
169.0	648.3	1411.0	2602.8	4006.2
175.1	627.0	1343.1	2567.7	3988.0
177.8	592.2	1307.7	2538.5	3959.8
172.3	576.6	1274.8	2668.8	3943.7
170.4	555.8	1222.0	2654.0	3923.3
176.6	537.5	1210.8	2701.2	3908.3
182.0	547.5	1167.5	2766.9	3895.4
183.8	525.0	1078.3	2923.1	3909.5
183.4	513.9	1061.5	3007.0	4022.4
177.4	779.9	2179.0	3134.3	4167.1
167.3	883.5	2319.0	3094.9	4178.5
158.0	979.8	2178.0	3020.4	4081.6
165.2	933.6	1887.6	2904.6	4052.7
