0.0	0.0	0.0	0.0	0.0
0.0	0.0	0.0	0.0	0.0
0.0	0.0	0.0	0.0	0.0
0.0	1049.6	2421.6	3284.2	4677.3
0.0	1040.9	2327.7	3295.6	4419.4
0.0	805.5	2224.4	3164.6	4269.1
0.0	1056.0	2365.7	3267.8	4262.7
0.0	933.5	2010.8	3081.2	4078.0
0.0	662.7	2021.8	3111.8	4126.1
0.0	1313.8	2466.4	3308.3	4377.7
0.0	1197.4	2360.4	3362.3	4370.9
0.0	1173.7	2302.3	3338.6	4433.7
0.0	1203.5	2377.5	3298.5	4377.0
0.0	1172.2	2289.3	3233.0	4255.4
0.0	1213.9	2194.8	3184.5	4234.2
0.0	894.0	2150.8	3248.5	4243.8
0.0	894.2	2274.0	3493.1	4375.8
0.0	864.9	2278.2	3245.1	4330.3
0.0	568.8	1757.7	2809.6	4111.5
0.0	629.1	1738.8	2811.1	4081.9
0.0	669.1	1720.5	2820.7	4143.0
207.7	723.7	1699.1	2753.0	4123.4
104.3	771.0	1677.8	2684.0	4003.2
101.9	799.0	1664.1	2678.5	3956.9
203.4	805.8	1656.8	2697.1	3968.8
204.2	806.1	1655.1	2704.4	4030.2
206.9	789.2	1632.9	2711.9	3970.5
208.4	760.2	1582.3	2724.8	3787.5
210.3	707.2	1467.0	2715.0	3504.1
213.4	638.8	1305.1	2719.4	3492.3
210.7	662.1	1293.5	2739.2	3621.6
219.0	678.4	1289.8	2725.3	3578.8
216.0	698.2	1277.6	2712.9	3496.7
216.1	612.3	1176.5	2752.8	3460.8
218.1	579.7	1096.7	2741.6	3474.0
217.7	518.8	1077.9	2754.5	3716.2
211.7	381.8	1153.7	2754.3	4116.8
202.8	383.1	1291.5	2957.8	4152.3
203.4	529.2	1320.2	2763.1	3943.7
202.5	497.2	1670.2	2656.5	3827.3
214.8	457.4	1869.8	2713.9	3916.3
216.6	433.6	2109.8	2821.9	4079.2
217.6	429.2	2281.8	2926.6	4235.1
218.8	436.8	2371.7	2995.1	4343.9
216.6	439.7	2408.8	2953.0	4302.0
215.6	427.7	2423.9	2848.3	4241.0
215.8	433.3	2324.3	2667.2	4099.9
215.8	446.5	2128.3	2811.8	4052.4
212.7	365.6	2110.9	3324.6	4217.6
99.1	721.7	2195.2	3368.8	4340.6
99.3	1153.1	2214.1	3270.7	4298.4
65.8	1155.2	2234.9	3298.1	4159.8
0.0	1203.1	2308.7	3260.7	4178.7
0.0	1185.7	2164.7	3056.8	4239.9
0.0	1125.5	2214.8	3158.8	4198.5
0.0	1163.0	2271.2	3315.1	4222.6
0.0	929.1	2166.5	3133.9	4212.0
0.0	972.2	2152.0	3265.6	4160.3
0.0	1035.6	2145.2	3460.4	4280.1
491.1	916.1	2017.8	3350.0	4259.3
0.0	826.9	1974.3	3286.6	4194.0
105.7	845.1	1945.3	3312.5	4247.9
86.4	879.1	1820.9	3243.4	4260.7
0.0	692.9	1140.3	3184.4	4171.7
227.2	675.0	1205.6	3190.0	4290.1
221.8	707.1	1360.3	3141.2	4210.9
221.7	686.7	1491.7	3105.7	4152.4
221.1	662.5	1649.5	3068.4	4168.3
222.8	664.1	1791.0	3023.3	4192.7
223.5	665.3	1919.4	3009.1	4165.1
224.1	662.3	2000.5	2988.5	4293.1
223.0	642.5	2024.0	2957.0	4148.2
224.7	612.2	1971.3	2910.2	4072.5
223.0	565.0	1850.5	2847.0	4384.0
217.5	594.1	2039.8	2869.8	4249.3
226.8	572.9	2385.6	2844.2	3788.7
228.4	559.4	2507.3	2777.9	4134.0
229.8	537.5	2535.8	2772.7	4368.7
231.4	532.2	2506.6	2796.3	4283.9
230.5	500.3	2497.3	2811.8	4218.1
234.4	476.8	2386.2	2846.8	4106.4
236.8	448.3	2225.6	2857.3	4121.9
225.4	307.4	1963.8	2929.9	4116.0
71.5	259.6	1952.9	3124.8	4280.7
217.7	967.6	2023.5	3094.5	4310.4
216.5	839.1	2219.7	3023.8	4340.5
214.8	481.8	2383.3	2935.3	4575.5
247.1	479.8	2432.8	2986.4	4691.4
241.4	463.8	2477.1	2994.5	4745.3
238.7	435.0	2537.4	3053.9	4669.4
216.6	413.5	2569.6	3102.8	4723.1
202.3	424.1	2597.2	3130.8	4778.5
198.1	453.7	2648.7	3147.7	4814.9
201.0	475.7	2704.8	3148.2	4727.3
118.8	488.1	2738.5	3187.2	4720.9
241.5	492.1	2774.1	3248.7	4800.5
239.7	555.3	2785.9	3265.5	4796.8
244.0	522.4	2808.9	3247.4	4774.9
244.0	506.2	2805.3	3203.2	4669.8
243.7	466.0	2772.7	3097.8	4366.0
236.5	444.4	2606.5	2940.2	3824.6
223.5	439.8	2332.4	2959.8	3890.4
217.4	434.6	2063.4	2927.6	4201.2
67.9	371.1	1828.0	3019.0	4122.3
108.2	373.7	1932.4	3186.4	4071.2
76.9	435.3	2185.3	3158.5	4131.0
229.3	464.4	2048.5	3140.0	4208.9
216.2	454.0	1820.5	3012.6	4159.8
219.5	233.5	1798.0	2945.8	4109.7
217.2	369.9	1992.7	2942.5	4127.2
203.7	531.8	2121.3	3175.6	4128.7
196.9	560.2	2241.7	3280.9	4142.2
97.7	1123.2	2327.0	3209.2	4220.7
63.5	600.8	2128.2	3181.9	4223.4
0.0	656.3	1615.9	2678.9	3944.0
230.1	738.3	1363.0	2437.7	3841.8
206.9	759.4	1345.8	2435.6	3660.4
191.5	794.4	1347.6	2458.2	3569.6
183.7	836.6	1364.4	2502.2	3738.5
181.2	832.5	1387.9	2517.1	3761.6
181.1	846.7	1408.2	2514.3	3881.7
179.2	849.3	1422.0	2508.6	3926.6
178.0	863.8	1441.0	2501.7	3805.0
178.0	886.1	1449.7	2517.6	3963.2
176.3	876.5	1474.9	2520.6	3849.1
174.1	871.0	1469.6	2518.0	3968.7
175.4	864.8	1501.1	2526.7	3915.0
177.1	871.7	1569.3	2502.9	3787.0
178.3	851.7	1617.4	2480.2	3676.1
178.1	846.2	1657.2	2494.8	3855.9
177.8	848.5	1699.1	2512.6	4151.2
179.1	822.7	1751.9	2518.7	4025.9
180.0	794.5	1799.6	2534.7	3896.6
182.0	750.1	1848.9	2562.3	4046.8
182.3	748.1	1910.7	2520.6	4113.7
183.2	731.4	1991.1	2554.6	4002.1
184.6	713.2	2006.1	2624.9	3869.1
187.5	712.9	2036.7	2616.8	3846.5
191.1	720.8	2176.8	2625.4	3809.6
196.9	765.0	2207.1	2652.5	3859.6
195.4	741.8	2130.6	2609.1	3903.9
193.7	755.6	1979.8	2549.9	3929.5
193.0	941.8	1926.9	2600.3	3877.4
96.9	918.6	1845.5	2828.7	3979.5
65.4	1116.4	1948.3	3080.0	4068.1
67.0	969.8	1888.0	3002.3	4038.2
66.4	919.7	1689.2	3220.2	4248.2
0.0	915.4	1640.1	3166.5	4165.2
