0.0	0.0	0.0	0.0	0.0
0.0	0.0	0.0	0.0	0.0
0.0	0.0	0.0	0.0	0.0
0.0	849.1	1945.4	3055.8	4036.6
0.0	753.5	1938.1	3070.2	4077.5
357.5	532.4	1919.4	2881.3	4007.9
271.2	709.5	1910.9	2815.0	3933.8
123.8	721.0	1944.2	2842.1	3918.1
68.2	746.7	1978.6	2884.2	3973.8
0.0	788.5	1993.7	2904.1	4041.8
0.0	756.1	1987.8	2919.6	4069.2
0.0	736.4	1942.7	2911.9	4088.9
0.0	862.7	1957.7	2984.8	4011.4
278.3	885.0	1945.2	3151.4	4128.8
0.0	663.0	2129.6	3109.5	4221.2
0.0	614.2	2232.5	3105.2	4225.9
0.0	571.3	2177.2	3248.7	4183.0
0.0	929.4	2267.6	3329.4	4211.3
0.0	910.7	2248.4	3221.4	4319.5
0.0	887.0	2160.7	3209.9	4276.1
63.5	980.6	2232.1	3339.5	4308.3
0.0	990.1	2174.1	3267.3	4317.1
0.0	1192.0	2309.8	3320.0	4222.0
0.0	1304.6	2444.1	3442.0	4309.5
0.0	1079.0	2318.8	3511.9	4296.6
0.0	1082.6	2481.2	3855.5	4538.8
450.5	766.9	2388.4	3943.5	4525.7
526.8	943.9	2427.2	3934.4	4434.7
542.2	836.1	2381.9	3763.1	4232.0
67.8	862.9	2245.6	3327.7	4140.6
0.0	477.0	2128.3	2897.8	4090.1
284.8	520.5	2028.4	2834.7	3964.2
270.3	501.1	1918.6	2919.6	4019.1
253.3	486.0	1726.7	2884.5	4116.4
244.5	467.3	1527.4	2859.8	4028.1
235.4	466.1	1357.1	2909.5	3976.3
223.2	498.1	1319.9	2981.3	3941.1
455.1	542.7	1290.1	3052.1	3889.0
484.4	665.0	1281.3	3124.6	3871.3
130.4	804.3	1300.0	3188.0	3853.4
131.9	897.9	1346.5	3187.8	3823.1
136.3	924.7	1357.1	3168.7	3838.0
511.6	936.4	1346.7	3126.6	3819.0
533.7	1072.6	1370.7	3078.2	3821.4
217.2	1110.4	1367.9	3008.5	3884.3
237.8	1094.7	1372.6	2955.6	3870.2
244.7	964.3	1383.7	2939.7	3823.9
251.4	1125.1	1497.8	2874.9	3796.8
257.2	973.2	1523.9	2939.0	3815.2
262.1	960.8	1587.7	2921.4	3835.4
266.4	956.9	1625.5	2956.4	3910.2
269.4	917.4	1651.0	2933.7	3923.4
271.4	877.1	1672.0	2828.7	4156.2
273.7	813.1	1705.6	2732.4	4078.9
275.4	683.6	1741.9	2716.0	4075.6
277.0	613.0	1725.5	2425.0	4181.2
276.8	777.3	1746.2	2389.4	4248.3
287.9	610.1	1799.7	2579.4	4164.8
284.1	587.4	1884.9	2818.6	3743.1
285.9	585.4	1887.9	2456.5	3242.5
284.9	584.2	1889.0	2277.3	3400.7
283.3	583.8	1883.4	2241.9	3481.8
281.9	583.5	1890.3	2246.4	3581.4
284.1	582.6	1890.6	2242.8	3602.8
286.9	605.3	1907.7	2495.9	3659.7
291.4	563.9	1975.6	2552.4	3722.1
292.1	535.1	2049.2	2682.3	3762.5
297.9	549.7	2165.1	2770.6	3799.4
301.1	593.3	2402.1	3031.3	3818.4
292.5	650.6	2445.2	3008.3	3900.8
277.3	674.5	2481.3	2988.0	3988.5
268.6	595.7	2567.1	3186.2	4067.4
266.9	447.2	2541.5	3209.1	4332.7
278.6	395.0	2370.2	3085.1	4317.4
297.6	444.9	2405.4	3062.1	4217.2
309.3	525.4	2369.5	3080.0	4276.4
320.7	556.7	2270.6	3057.8	4226.3
325.6	591.4	2269.6	3016.5	4085.3
318.7	593.0	2285.3	2988.8	4143.8
296.2	562.9	2231.0	2969.0	4228.3
281.7	545.8	2196.0	2972.6	4266.9
275.5	540.8	2164.3	2970.2	4235.9
271.4	534.6	2127.1	2933.1	4176.2
267.3	525.7	2097.4	2910.2	4349.1
264.5	527.8	2066.2	2857.5	4338.6
260.7	511.1	2039.0	2829.8	4068.8
258.5	507.7	1955.7	2690.2	3898.8
254.6	511.9	1800.0	2503.8	3659.6
250.4	608.1	1736.6	2495.1	3675.1
251.0	607.0	1786.7	2473.4	3712.0
248.2	584.3	1829.5	2466.0	3630.8
245.8	586.4	1844.0	2456.6	3650.9
244.5	535.9	1823.9	2491.6	3679.5
244.3	494.5	1969.3	2769.9	3815.5
240.0	487.3	2038.3	2879.6	4000.1
239.6	505.1	2039.0	2892.5	4185.2
239.5	501.8	2012.7	2908.9	4303.9
240.3	501.3	1958.7	2897.5	4379.4
237.8	473.6	1916.3	2934.5	4492.8
238.0	473.5	1937.5	2946.4	4484.5
241.5	464.4	2078.3	3087.4	4467.0
235.2	1137.4	2397.2	3364.3	4542.4
76.1	1148.8	2496.1	3556.4	4627.7
64.9	1251.4	2485.0	3560.3	4619.9
127.7	1370.4	2470.4	3539.0	4620.2
82.8	1184.6	2521.2	3510.3	4649.4
571.4	1256.7	2498.3	3459.6	4484.4
0.0	1104.8	2281.3	3323.3	4252.2
0.0	1135.1	2222.9	3371.8	4264.8
0.0	1030.1	2418.2	3721.9	4393.0
0.0	1112.9	2533.2	3969.7	4657.8
0.0	1130.8	2553.5	3936.8	4581.0
491.3	669.9	2218.7	3750.7	4363.6
0.0	1200.5	2214.1	3644.1	4220.0
141.2	884.1	2093.4	3006.8	3973.2
0.0	499.1	1877.4	2884.0	3937.1
258.8	497.4	1740.0	2839.4	3927.4
226.4	554.0	1631.4	2855.3	3922.9
164.1	617.6	1534.0	2878.2	3906.9
163.3	677.2	1480.0	2939.6	4003.5
132.1	797.1	1464.6	3088.7	3974.7
68.1	818.9	1406.2	3156.4	3848.0
503.6	840.7	1352.8	3152.2	3881.8
509.5	810.6	1322.1	3088.3	3661.8
515.2	920.7	1305.9	3032.4	3743.6
498.6	938.2	1311.5	2999.1	3822.5
504.5	894.9	1287.7	2846.0	3827.1
228.1	909.4	1271.6	2639.5	3875.3
231.4	733.2	1278.7	2537.3	3917.0
233.1	890.7	1308.7	2477.6	3853.5
235.3	895.1	1312.2	2536.1	3804.4
236.0	926.5	1332.6	2631.5	3811.5
237.8	915.4	1360.0	2586.6	3839.2
238.3	943.1	1427.8	2471.1	3843.5
238.2	945.1	1514.9	2693.8	3866.2
237.7	899.6	1529.5	2634.9	4081.9
238.5	863.1	1589.3	2818.0	4319.2
238.4	798.0	1617.4	3061.1	4316.0
240.8	723.2	1602.6	2860.4	4231.9
237.9	552.7	1728.0	2626.3	4213.3
77.9	562.4	1772.3	2682.3	4256.4
246.0	525.8	1804.9	2682.6	4258.3
245.6	489.7	1857.7	2631.6	4227.6
241.1	533.3	1816.9	2366.8	4223.0
240.3	607.9	1799.3	2182.0	4117.7
240.1	626.1	1720.6	2138.6	3775.9
239.0	630.0	1666.3	2136.5	3491.4
237.7	623.7	1639.0	2134.2	3539.4
237.5	639.6	1618.9	2070.6	3838.8
234.6	649.5	1611.3	2091.8	4105.5
232.4	689.4	1614.3	2112.5	4218.0
231.3	756.8	1622.2	2184.8	4213.4
228.3	796.3	1659.6	2272.3	4282.9
226.0	841.4	1682.1	2388.8	3912.5
223.6	861.4	1682.9	2509.7	3610.7
222.4	864.2	1680.7	2570.1	3671.4
220.8	872.7	1682.0	2621.1	3780.8
219.8	870.7	1696.5	2597.1	3838.0
220.4	854.9	1741.9	2579.1	3850.7
220.6	849.5	1756.3	2563.9	3902.6
221.6	818.4	1757.7	2556.1	3837.5
220.8	769.1	1779.7	2539.7	3673.6
220.9	722.6	1825.1	2523.3	3781.5
222.5	690.1	1888.0	2882.4	4230.3
224.1	683.1	2073.8	2962.4	4330.5
225.8	714.0	2135.0	3025.7	4217.1
228.4	772.1	2077.3	2942.6	4234.7
230.6	786.9	2230.3	2992.7	4240.9
75.7	884.6	2462.3	3534.8	4284.4
76.0	1030.4	2446.1	3670.4	4504.1
0.0	1042.2	2495.6	3777.8	4581.0
149.5	1057.3	2537.7	3685.6	4562.0
151.9	964.5	2383.3	3526.3	4579.7
102.6	1185.3	2460.4	3377.8	4556.9
0.0	1205.1	2377.6	3359.9	4354.9
141.2	1195.1	2325.3	3318.2	4330.7
221.0	1187.7	2399.1	3292.7	4292.6
122.4	1177.9	2392.7	3283.1	4233.2
0.0	1171.2	2541.4	3331.9	4263.0
0.0	1135.3	2580.3	3434.8	4302.8
0.0	1060.4	2191.9	3211.5	4277.0
0.0	559.8	1946.3	2981.6	4314.2
0.0	541.2	1866.5	2804.7	4429.7
262.3	582.9	1864.5	2873.3	4336.1
245.9	663.7	1882.2	2879.4	4282.7
235.3	687.0	1880.8	2925.7	4253.0
227.9	697.8	1875.4	2995.9	4270.9
223.1	726.9	1858.4	2898.7	4301.1
219.1	752.3	1803.4	2922.3	4240.8
216.7	783.3	1739.9	2936.9	4169.5
214.4	797.4	1678.3	3008.0	4102.3
212.8	801.7	1628.7	3056.1	4062.4
211.5	804.2	1556.0	3038.4	4020.5
209.9	792.9	1481.5	2982.2	3979.6
208.6	793.2	1452.6	2973.4	3962.9
206.3	796.1	1424.8	2957.2	3988.8
203.4	792.3	1395.9	2951.2	3997.9
200.5	782.9	1364.8	2947.1	3974.5
198.9	766.1	1346.2	2928.5	3959.0
197.4	750.7	1299.2	2930.8	3989.3
196.9	734.6	1265.5	2924.6	4059.3
197.0	712.6	1246.8	2923.4	4051.8
196.5	692.9	1227.3	2950.8	3993.7
197.4	664.6	1220.1	2987.9	4026.7
196.5	638.0	1243.9	2978.2	4010.7
195.7	672.0	1956.5	3049.7	4200.3
98.1	912.5	2191.0	3201.8	4309.8
68.1	1036.6	2301.1	3372.2	4282.3
107.2	921.9	2227.2	3315.9	4388.5
465.5	1115.8	2442.4	3348.4	4560.7
231.9	987.6	2414.6	3458.5	4516.7
0.0	1019.7	2387.4	3572.5	4554.2
461.5	1138.0	2344.5	3549.9	4453.6
0.0	1366.1	2437.5	3572.2	4301.2
0.0	1280.9	2506.9	3383.5	4363.3
0.0	1292.3	2536.1	3520.4	4494.5
0.0	1495.3	2597.0	3661.0	4610.7
342.9	1466.2	2622.8	3523.4	4634.9
0.0	1479.8	2624.8	3478.3	4550.0
0.0	1606.1	2683.1	3650.3	4660.5
0.0	1391.4	2608.4	3560.7	4610.6
0.0	1193.8	2629.9	3516.1	4454.7
0.0	1281.0	2621.4	3533.9	4440.0
0.0	1202.2	2566.5	3415.4	4382.5
428.6	1238.8	2498.0	3371.5	4314.7
0.0	1132.7	2292.8	3171.5	4234.7
0.0	667.3	1859.4	2907.4	4205.9
428.6	644.2	1709.3	2837.9	4124.6
444.4	584.7	1761.7	3018.0	4166.6
230.3	732.8	2038.6	3222.6	4150.5
238.0	928.7	2202.8	3290.7	4109.3
86.0	1073.8	2311.3	3430.8	4338.9
0.0	1045.2	2276.8	3305.7	4302.7
0.0	995.7	2299.1	3241.6	4315.0
0.0	1046.4	2243.1	3248.6	4327.3
0.0	991.9	2119.6	3221.7	4243.6
0.0	1037.9	2163.1	3244.6	4267.9
