0.0	0.0	0.0	0.0	0.0
0.0	0.0	0.0	0.0	0.0
0.0	0.0	0.0	0.0	0.0
0.0	1057.0	1997.8	3015.1	4295.6
0.0	1000.6	2006.5	3048.0	4114.9
0.0	835.6	1969.7	3004.0	4088.9
0.0	933.2	1935.7	3018.7	4098.5
0.0	896.9	1876.2	2952.3	4150.1
151.4	873.2	1882.7	2903.7	4216.8
231.1	718.4	2014.9	3182.2	4195.2
0.0	666.3	2232.8	3290.0	4289.0
0.0	1063.1	2359.5	3325.4	4429.8
0.0	1046.4	2238.1	3270.4	4389.4
0.0	935.5	2203.3	3242.8	4212.3
87.9	1016.5	2234.6	3336.8	4086.2
71.7	1047.1	2229.0	3357.3	4264.4
0.0	361.6	1981.3	3241.8	4260.0
0.0	652.1	1917.4	3165.4	4171.2
0.0	646.7	1780.6	3003.0	4144.3
428.6	701.7	1749.9	3065.2	4145.0
265.4	543.9	1638.7	3019.6	4097.4
270.8	505.9	1423.4	2988.2	4028.1
243.6	475.5	1329.0	2985.6	3979.8
233.5	459.0	1186.5	2986.6	3944.9
231.9	457.9	1084.8	3063.6	3997.1
230.3	460.9	914.7	3169.9	4046.7
229.6	457.1	889.9	3223.7	3971.4
230.8	457.1	840.1	3251.9	3951.8
231.0	461.8	790.5	3239.0	3980.3
229.5	490.1	915.1	3223.4	4041.6
227.9	500.5	880.6	3147.5	3992.7
223.6	479.0	875.6	3235.8	3938.1
224.2	474.6	926.0	3190.0	3890.2
225.2	503.8	1058.1	3109.8	3933.5
229.7	622.1	1217.5	3050.3	3949.7
232.8	709.2	1412.9	3009.6	3971.3
231.2	742.6	1601.3	2920.1	3981.7
231.2	795.0	1741.7	2850.0	3970.2
232.6	838.0	1809.1	2827.9	3990.2
233.6	875.8	1856.9	2794.9	4030.2
235.6	906.9	1858.5	2791.8	4195.6
238.2	920.7	1867.8	2691.7	4080.4
240.5	946.3	1868.3	2671.3	4082.3
243.3	946.0	1871.1	2695.2	4113.0
244.5	962.7	1893.3	2724.5	4130.8
246.0	956.8	1846.8	2669.3	4146.8
245.8	948.4	1878.5	2667.4	4177.5
248.6	921.8	1896.8	2650.3	4179.7
250.3	879.7	1921.2	2612.8	4175.5
255.3	817.4	1969.9	2654.6	4286.3
257.8	778.3	2026.7	2604.0	4394.4
265.9	723.3	2093.3	2638.7	4489.3
270.3	590.2	2146.7	2775.1	4492.9
271.8	526.2	2246.3	2836.9	4454.7
282.4	509.7	2399.7	3064.6	4411.9
86.4	634.7	2331.6	3001.1	4242.0
63.5	570.2	2371.5	2925.7	4270.0
261.9	542.4	2357.4	2849.5	4337.0
277.9	590.5	2340.8	2921.8	4249.3
293.7	585.0	2228.7	2911.6	4141.6
291.3	580.4	2045.8	2965.8	4198.2
288.2	574.3	1938.8	2998.1	4505.9
288.4	556.6	1815.5	2873.6	4647.5
284.5	556.0	1730.4	2683.1	4370.1
284.6	543.9	1720.0	2683.8	4293.6
287.0	525.0	1760.6	2907.4	4296.0
286.9	391.0	1729.6	2975.9	4274.0
289.8	353.9	1934.4	2779.4	4212.5
292.6	307.5	2169.3	3243.0	4257.2
287.6	510.0	2239.6	3409.4	4458.4
275.0	569.3	2245.6	3479.5	4794.7
129.0	654.4	2260.7	3600.8	4863.9
63.5	1045.7	2151.5	3499.9	4539.2
0.0	480.7	1810.9	3458.2	4144.7
300.0	502.0	1632.2	3120.5	3933.6
279.4	534.4	1502.1	2977.0	3920.9
252.8	552.6	1372.5	2938.2	3954.6
250.8	532.6	1141.5	2733.8	3837.5
253.9	516.9	1238.4	2560.2	3720.4
254.7	506.0	1258.0	2455.4	3789.1
250.9	503.6	1294.8	2393.3	3914.8
246.2	529.3	1378.0	2305.1	3813.3
243.4	524.4	1432.3	2233.1	3646.2
241.0	528.9	1428.9	2169.5	3644.3
239.0	506.9	1414.1	2175.5	3640.7
237.7	480.8	1368.1	2140.1	3693.0
237.4	468.1	1225.5	2233.7	3838.5
234.8	508.5	1105.6	2675.5	4001.3
222.9	532.9	1073.1	2750.8	4085.6
218.9	484.7	1105.7	2758.7	4101.3
106.0	392.2	1177.7	2791.8	4139.4
211.9	280.5	1462.8	2949.2	4052.3
215.6	323.6	2322.0	3242.1	4251.8
218.2	341.1	2196.8	3144.6	4325.6
226.2	472.7	2000.0	3134.0	4251.3
0.0	461.5	1683.6	3098.7	4060.2
318.1	517.0	1342.0	2108.4	3722.5
264.0	526.5	1393.0	2052.5	3607.2
255.8	511.9	1420.6	2052.4	3614.4
254.5	544.6	1444.3	2050.6	3636.0
251.2	483.0	1470.7	2067.9	3583.7
251.7	527.0	1482.9	2050.8	3552.5
251.0	483.4	1507.1	2069.6	3579.2
252.1	526.1	1522.3	2083.4	3588.4
252.4	498.9	1532.7	2091.1	3635.8
253.5	529.5	1551.1	2102.4	3600.8
254.2	526.1	1581.8	2105.1	3620.0
254.4	511.8	1631.6	2155.2	3620.2
254.5	512.4	1699.6	2224.1	3682.0
256.2	502.4	1753.1	2246.1	3788.2
257.0	510.2	1795.8	2196.3	3505.0
256.8	524.1	1825.4	2193.9	3799.0
256.6	592.8	1950.1	2151.3	4101.4
255.3	578.0	2043.0	2881.6	4088.9
256.4	525.2	2028.2	2567.1	3431.5
254.3	511.4	2065.5	2590.4	3387.7
255.4	505.0	2136.2	2702.6	3531.3
255.5	507.2	2217.1	2843.8	3653.5
255.8	499.1	2346.6	2839.1	3825.4
255.8	517.5	2516.6	2867.9	4194.9
255.8	537.3	2576.4	2839.0	4402.4
256.4	591.7	2572.4	2819.6	4344.1
255.8	621.0	2446.6	2676.1	4335.8
256.3	616.5	1617.8	2558.2	4358.8
257.6	653.9	1897.7	2670.1	4261.1
261.1	672.1	2236.4	2974.2	4285.1
262.4	586.0	2236.0	2923.5	4409.6
257.6	568.5	2301.5	3147.4	4514.6
122.6	1098.8	2297.7	3149.7	4213.0
484.1	1607.6	2516.8	3221.2	4187.3
71.2	1700.6	2613.6	3430.1	4309.2
508.5	989.6	2296.2	3054.4	4136.9
0.0	1163.6	2382.2	3344.9	4201.3
0.0	1505.8	2449.6	3404.3	4148.9
0.0	1484.0	2440.2	3440.6	4206.7
226.4	1554.6	2438.0	3425.9	4283.3
428.6	1407.8	2404.7	3315.0	4329.4
0.0	1441.4	2363.9	3171.0	4284.5
0.0	468.6	2127.1	2760.9	4119.1
0.0	566.7	2259.8	2687.2	4128.5
290.1	520.1	2330.9	2720.2	4171.6
267.0	533.1	2325.7	2730.3	4043.7
260.1	498.8	2292.7	2743.1	4006.0
255.5	505.5	2261.6	2703.7	3963.4
253.7	504.1	2242.8	2506.7	3829.5
252.0	511.0	2164.1	2520.8	3792.6
252.4	506.2	2065.7	2522.1	3757.0
251.5	504.6	2006.9	2466.2	3671.1
250.1	504.4	2010.7	2470.4	3614.7
249.6	511.8	1971.6	2473.8	3591.5
249.7	523.0	1936.7	2532.0	3620.4
251.1	534.2	1941.3	2665.1	3659.2
256.6	537.8	2126.2	2865.8	3852.2
270.2	535.0	2197.2	2997.5	4111.8
275.4	541.7	2311.2	3120.7	4172.4
268.2	772.3	2241.3	3462.0	4451.9
89.1	1051.0	2296.0	3484.2	4512.3
96.0	1145.9	2277.3	3429.8	4406.7
0.0	1200.6	2413.3	3377.7	4304.8
0.0	1302.0	2409.5	3361.0	4234.1
89.6	1316.0	2392.6	3388.8	4308.9
75.9	1341.8	2416.7	3413.2	4462.0
440.8	1212.4	2412.2	3439.7	4436.8
525.5	1131.0	2330.2	3348.4	4344.7
545.5	1093.8	2269.5	3354.0	4455.6
0.0	1029.7	2371.2	3390.8	4341.5
181.8	943.9	2341.9	3284.2	4241.7
0.0	902.7	2307.1	3225.7	4229.1
519.9	675.3	2333.5	3415.1	4058.7
0.0	473.0	1766.6	3542.8	4077.8
282.0	478.1	1181.0	3153.5	3991.2
246.3	454.8	1137.6	3090.2	4032.4
229.3	445.5	1149.9	3041.1	3949.7
218.8	484.2	1256.4	2976.4	3938.4
213.3	583.9	1467.3	2995.6	4055.2
210.7	609.2	1649.3	3016.3	4103.8
202.3	605.1	1844.9	2967.1	4142.8
198.9	599.2	2021.3	2948.3	4174.3
195.8	577.1	2158.2	2955.4	4224.1
193.6	574.5	2232.4	2959.2	4223.4
192.2	580.1	2287.9	2971.7	4223.6
191.8	567.6	2337.1	2994.0	4278.7
191.0	533.3	2401.1	3005.7	4323.9
191.9	495.4	2462.5	3041.0	4367.4
194.5	460.1	2460.0	3052.7	4377.2
198.4	428.1	2425.7	3061.6	4355.8
202.6	420.7	2460.0	2973.7	4339.7
201.8	522.9	2484.0	2933.7	4346.7
203.7	659.7	2482.2	2996.3	4289.3
197.2	756.8	2417.0	3054.9	4224.4
96.8	730.0	2383.0	3005.1	4221.3
66.0	729.1	2448.4	3048.4	4258.7
0.0	848.2	2379.3	3044.1	4183.6
117.7	829.1	2293.4	3035.9	4191.1
0.0	828.2	2305.7	3041.8	4178.1
0.0	812.0	2306.3	3036.5	4172.0
84.5	787.0	2196.9	3025.2	4206.5
166.8	840.3	2124.0	3092.3	4275.1
0.0	913.7	2155.0	3114.0	4233.7
0.0	948.4	2103.4	2957.1	4237.5
0.0	880.8	2084.6	2977.7	4161.7
0.0	884.3	2202.2	3151.8	4231.1
0.0	863.5	2182.8	3168.5	4219.2
