0.0	0.0	0.0	0.0	0.0
0.0	0.0	0.0	0.0	0.0
0.0	0.0	0.0	0.0	0.0
0.0	1014.4	2404.8	3269.6	4608.5
0.0	1007.4	2226.4	3190.2	4356.6
0.0	1156.7	2190.4	3229.4	4359.0
0.0	1217.6	2289.1	3349.9	4388.1
0.0	1005.6	2322.1	3375.8	4443.2
0.0	994.2	2068.6	3230.4	4300.3
0.0	826.7	1939.6	3053.2	4219.6
0.0	802.9	1928.1	3059.4	4129.6
0.0	989.6	2127.4	3255.7	4245.3
0.0	1074.8	2237.6	3194.7	4271.7
0.0	1199.4	2253.8	3244.4	4347.2
0.0	1191.2	2364.9	3329.7	4428.7
0.0	1019.0	2322.9	3369.7	4286.5
0.0	1169.0	2240.6	3241.4	4319.1
0.0	707.1	2031.9	3120.1	4286.9
0.0	702.1	1998.8	3127.9	4234.8
0.0	814.4	2220.4	3177.5	4317.7
0.0	791.8	2254.1	3157.3	4339.1
0.0	988.2	2113.4	3244.1	4339.4
0.0	1085.5	2258.3	3356.9	4391.8
0.0	1104.9	2399.6	3488.7	4328.9
0.0	987.8	2122.3	3539.7	4424.5
0.0	907.8	2285.1	3595.0	4402.5
0.0	743.4	2299.5	3500.5	4236.1
0.0	809.2	2423.8	3535.0	4315.7
228.9	371.9	1704.6	3410.9	4201.1
229.6	433.1	1092.7	3315.0	4149.6
219.8	452.9	1127.5	3291.8	4053.1
214.9	437.8	1130.0	3187.6	4027.2
216.0	441.2	1593.3	3024.8	4047.8
209.0	482.4	1495.0	3030.1	4061.3
220.6	493.5	1612.1	3009.3	4113.8
223.7	557.2	1811.1	2989.5	4112.7
223.4	609.2	1998.1	2965.3	4133.8
221.7	590.4	2137.3	3024.1	4134.1
219.5	551.1	2267.7	3001.2	4138.0
219.4	471.4	2396.3	3005.3	4148.8
219.4	442.2	2444.5	3034.4	4171.6
220.0	442.2	2491.4	3029.3	4135.8
221.6	450.9	2531.0	2986.6	4151.7
222.7	459.5	2538.2	2974.7	4192.2
228.5	472.8	2550.9	2913.2	4160.4
237.3	485.1	2524.7	2922.7	4130.4
240.4	487.2	2485.5	2888.2	4159.4
243.8	492.7	2397.3	2853.1	4153.2
244.4	491.2	2291.9	2846.6	4090.5
244.2	484.0	2148.3	2795.8	3920.3
243.0	472.6	1959.9	2760.3	3741.9
243.6	479.1	1889.2	2957.2	3763.3
220.1	453.1	1964.9	3174.2	3780.4
211.4	455.1	2011.5	2902.0	3704.5
217.0	468.1	1915.0	2544.4	3580.9
220.6	488.0	1882.0	2421.6	3647.4
217.9	531.7	1856.2	2344.8	3770.6
215.1	506.6	1799.0	2311.5	3893.8
212.6	529.1	1765.5	2213.4	3967.5
210.1	546.6	1754.3	2127.7	3990.6
207.9	544.1	1727.8	2050.8	3977.2
205.2	541.1	1759.3	2059.1	4016.3
202.7	503.0	1758.0	2082.6	4022.9
201.1	486.9	1761.6	2110.6	4018.4
200.1	467.3	1861.5	2244.2	3999.8
199.4	456.8	1906.7	2266.5	3924.3
197.9	416.8	2020.7	2449.1	3945.4
196.7	383.0	2179.4	2658.5	4009.4
196.1	393.0	2286.8	2792.5	4008.9
197.1	397.9	2362.6	3169.2	4051.0
202.6	395.6	2491.6	3340.9	4146.1
198.6	391.2	2544.2	3616.8	4200.0
194.8	383.8	2537.9	3675.4	4222.4
192.7	382.4	2563.4	3594.7	4269.6
191.2	376.8	2538.1	3490.4	4284.2
191.6	385.2	2556.1	3320.1	4245.6
193.2	385.7	2559.0	3224.1	4236.7
195.0	393.3	2600.2	3239.0	4240.9
197.7	397.0	2608.9	3265.8	4150.3
200.1	400.5	2616.9	3117.3	4081.0
201.3	399.7	2617.1	3072.6	4076.2
201.9	400.5	2583.9	3012.7	4089.5
201.6	403.4	2531.9	3033.6	4047.9
202.3	406.2	2468.7	2976.7	4015.8
203.1	407.5	2419.5	2925.2	4022.4
203.0	403.2	2354.9	3000.8	3971.8
200.4	405.9	2273.7	3150.1	3906.1
197.4	1039.3	2387.6	3286.0	4018.1
190.2	1481.0	2593.9	3524.5	4132.4
170.6	1599.2	2751.4	3571.0	4196.2
81.1	860.4	2810.7	3534.4	4305.7
571.4	1379.2	2862.6	3548.8	4426.1
461.5	1338.7	2734.7	3538.3	4320.4
0.0	1396.7	2689.8	3591.4	4349.5
0.0	1274.2	2755.1	3552.9	4254.6
0.0	1237.8	2785.3	3606.1	4319.6
0.0	1033.1	2723.3	3646.2	4237.8
571.4	974.7	2703.3	3629.7	4123.8
0.0	912.3	2583.5	3431.3	4090.0
151.9	609.7	2222.7	2937.0	4198.8
257.9	609.2	2207.0	2827.5	4157.2
216.2	669.4	2130.7	2802.1	4060.1
210.2	705.0	1986.7	2841.7	4009.1
204.7	747.4	1929.1	2839.0	3994.2
201.8	774.7	1836.9	2833.9	4028.1
198.1	784.1	1789.6	2856.7	4020.0
195.9	792.6	1638.3	2837.2	3871.0
194.0	797.7	1506.3	2872.9	3755.4
191.8	795.8	1367.3	2807.6	3704.8
190.6	777.6	1271.4	2675.6	3650.6
190.0	751.7	1297.7	2563.4	3678.2
190.8	677.8	1318.1	2553.9	3856.4
191.0	614.8	1996.7	2778.4	4219.1
188.8	427.1	2318.8	3056.6	4366.8
187.7	449.2	2360.3	3136.7	4534.1
188.8	458.2	2254.7	3029.7	4524.2
188.7	464.7	2142.1	2922.0	4380.1
190.7	469.8	2419.8	3231.2	4466.2
197.0	477.2	2453.4	3219.2	4372.7
197.9	478.1	2458.2	3165.4	4407.4
197.6	466.2	2516.0	3110.2	4410.2
198.2	455.8	2342.2	2936.7	4279.5
202.8	554.5	1840.8	3127.7	4118.6
201.8	642.6	1815.2	3102.8	3988.1
200.3	764.7	1817.8	2983.4	4049.5
201.8	757.4	1786.1	2855.2	3959.6
203.2	747.0	1679.1	2787.6	4044.8
203.7	724.8	1557.4	2904.2	4191.3
204.1	690.8	1373.5	2924.3	4014.2
204.6	633.7	1239.9	2903.6	3952.2
204.6	613.8	1140.2	2896.6	3885.3
205.2	588.1	1029.1	2919.6	3941.7
205.2	530.3	968.2	2953.8	3983.7
206.4	435.8	883.5	2994.2	4016.6
209.3	423.4	911.0	2947.0	4012.5
211.1	432.4	1020.4	2951.6	4005.1
212.7	456.1	1103.8	2925.1	3995.1
212.7	497.0	1273.5	2840.3	4014.4
213.3	532.1	1494.0	2821.1	4049.6
214.9	540.5	1712.4	2798.3	4015.3
216.7	526.2	2012.2	2823.2	4082.9
217.0	533.5	2166.3	2900.5	4045.7
213.6	485.5	2216.4	2947.7	4088.1
197.9	432.0	2174.7	2958.4	4127.6
151.1	390.6	2163.8	2965.1	4161.5
292.1	575.0	2235.5	3064.7	4193.4
85.3	816.2	2126.7	3198.8	4182.1
238.1	958.5	2177.9	3305.1	4186.4
0.0	989.6	2369.0	3340.4	4311.0
0.0	652.6	2214.5	3105.7	4276.7
253.4	489.6	2091.9	3151.7	4265.2
0.0	355.6	2194.8	3172.7	4186.8
180.2	347.1	1909.5	2996.5	4020.7
174.3	356.0	2059.6	3052.3	4150.4
179.0	333.9	2024.7	3085.2	4248.3
175.2	357.9	1810.3	3098.8	4227.5
172.2	335.7	1949.4	3170.9	4257.6
166.6	338.0	1789.0	3048.1	4226.2
165.8	533.8	1932.5	3030.7	4072.7
0.0	583.2	1997.3	2924.5	4047.0
204.3	580.4	2042.2	2915.6	4114.5
192.6	605.0	2078.3	2963.2	4256.4
189.7	659.8	2078.0	2991.2	4335.2
189.3	694.6	2064.0	2925.5	4264.3
189.3	716.0	2049.4	2931.8	4272.6
187.9	717.8	2021.8	2955.8	4275.6
185.2	716.0	2027.1	2957.8	4306.0
184.1	707.5	2021.3	2977.2	4321.0
182.3	702.1	1992.8	2969.1	4384.6
179.5	682.2	1989.2	2969.6	4284.4
176.6	647.3	1954.8	2969.4	4203.3
175.0	551.9	2016.4	3157.9	3976.0
171.2	478.4	2737.5	3321.3	4043.5
80.8	522.7	2552.4	3188.5	4006.2
164.0	587.9	2014.5	2935.9	3807.9
172.3	613.0	1993.8	2797.8	3662.3
167.9	658.5	1975.3	2728.8	3664.7
165.7	658.4	1938.0	2628.8	3689.2
163.4	669.4	1917.6	2586.1	3793.5
162.2	674.7	1845.9	2478.3	3865.0
161.3	675.5	1826.8	2297.2	3800.8
159.9	663.5	1771.8	2237.1	3804.7
159.5	655.5	1723.0	2246.9	3813.5
160.7	649.0	1733.8	2206.2	3813.0
161.0	668.7	1712.0	2196.9	3834.6
162.3	699.8	1658.8	2199.7	3809.9
162.2	729.3	1702.7	2361.7	3844.1
161.4	757.1	1810.9	2672.8	4005.8
158.2	870.0	1754.5	2973.0	4152.5
150.0	896.2	1764.6	3179.8	4049.2
145.7	900.2	1911.0	2902.5	3827.8
72.1	884.2	1838.7	2923.9	3796.9
0.0	967.4	1763.9	3088.6	3997.8
0.0	982.4	1850.0	3026.2	4106.8
0.0	792.9	1581.5	3004.9	4156.0
144.8	925.9	1571.7	3051.9	4133.4
78.4	1041.6	1837.0	3152.9	4150.4
0.0	1144.5	2270.6	3198.6	4151.5
