0.0	0.0	0.0	0.0	0.0
0.0	0.0	0.0	0.0	0.0
0.0	0.0	0.0	0.0	0.0
0.0	903.4	2415.0	3249.5	4381.2
0.0	1144.7	2441.3	3363.3	4460.7
0.0	1190.3	2440.8	3395.6	4462.8
0.0	1026.7	2241.6	3250.5	4288.0
0.0	971.1	2127.7	3172.3	4324.2
0.0	958.1	2335.9	3243.5	4333.7
0.0	1036.9	2403.3	3274.9	4338.3
0.0	926.6	2250.4	3358.5	4390.1
0.0	968.4	2233.7	3287.0	4289.0
0.0	980.7	2140.9	3046.4	4220.0
0.0	1124.3	2245.9	3224.1	4217.9
0.0	1108.4	2133.5	3325.8	4255.1
0.0	844.6	2149.7	3260.9	4196.9
0.0	866.9	2097.8	3216.3	4123.5
0.0	808.1	1995.9	3065.2	4022.9
0.0	811.9	2027.5	3062.1	3971.8
236.0	886.7	2103.1	3120.7	4069.7
0.0	790.7	2069.9	3113.3	3961.9
0.0	842.5	2047.2	3091.6	3903.3
219.4	870.8	2042.5	3111.5	3957.2
200.4	840.7	2053.1	3128.6	3975.3
204.8	796.1	2037.7	3104.3	3868.0
196.6	816.2	2005.1	3018.1	3999.6
190.2	612.5	2002.9	2775.8	4280.1
185.7	543.6	2027.3	2805.0	4328.6
185.8	508.3	2000.4	2873.7	4243.4
188.2	470.3	2001.0	2898.7	4350.0
190.2	437.6	2013.4	2922.3	4370.9
195.3	582.6	2054.1	2951.8	4248.3
198.6	1158.1	2488.9	3601.4	4303.3
191.2	1030.2	2402.8	3678.8	4299.0
63.5	989.7	2316.7	3407.9	4257.4
65.2	1020.2	2363.4	3564.3	4394.9
112.9	964.5	2294.2	3597.7	4505.6
0.0	909.6	2326.1	3639.8	4650.4
218.2	1047.1	2403.0	3673.9	4630.4
171.4	1073.8	2215.6	3479.5	4541.2
272.7	986.0	2241.8	3442.0	4502.8
0.0	928.7	2122.5	3348.0	4518.9
90.9	1022.8	2004.8	3369.5	4559.9
76.4	1078.2	2137.7	3365.9	4581.8
571.4	828.2	2240.2	3264.1	4653.3
300.0	912.4	2111.0	3183.8	4591.5
0.0	886.3	1936.8	3006.6	4481.3
0.0	703.9	1848.5	2873.2	4517.1
0.0	594.5	1854.7	2850.4	4370.5
234.5	599.8	1890.5	2798.0	4168.6
222.6	611.6	1861.8	2770.6	4084.3
216.0	601.4	1828.0	2745.6	4041.1
213.5	574.2	1717.4	2724.8	4028.8
212.4	572.0	1676.8	2745.4	4004.4
211.1	563.4	1686.6	2766.2	4026.0
210.9	548.9	1687.9	2777.6	4059.0
212.4	576.5	1746.8	2776.5	4039.8
213.9	639.5	1790.6	2752.8	4062.7
216.6	760.6	1884.9	2747.7	4062.6
211.1	666.2	1961.1	2732.6	4119.0
204.0	614.6	2075.6	2739.8	4111.0
203.0	621.6	2214.5	2744.9	4178.6
209.6	601.6	2338.7	2810.1	4237.9
213.0	478.8	2415.3	2842.1	4126.2
215.1	468.2	2508.4	2908.5	4154.0
220.7	416.6	2463.5	2891.8	4177.7
229.5	444.3	2375.2	2833.5	4155.5
241.3	470.6	2321.7	2753.8	4141.2
240.3	469.9	2222.3	2723.1	4129.9
237.0	460.9	2048.1	2788.2	4207.7
231.4	454.5	1864.5	2660.0	4129.5
229.6	446.7	1600.5	2798.0	4143.0
225.3	437.6	1155.5	2833.9	4106.4
218.1	430.4	1111.2	2849.0	4033.2
211.7	429.0	1069.0	2811.2	4000.6
210.6	429.6	1116.7	2742.1	3986.4
209.0	436.7	1012.7	2800.6	3889.5
206.9	447.9	992.1	2845.4	3903.5
207.3	453.5	1036.8	2818.0	3910.1
206.0	499.2	1022.1	2860.6	3934.2
203.8	548.9	1008.5	2824.0	3865.4
201.6	551.1	1014.9	2829.1	3810.1
199.5	562.5	1028.1	2848.6	3816.0
197.2	606.1	1098.5	2870.6	3741.8
193.8	650.0	1131.7	2824.4	3679.4
190.0	704.9	1128.7	2734.2	3655.0
184.5	733.9	1143.1	2739.9	3763.9
182.3	822.8	1272.2	2739.5	3866.3
184.0	897.3	1291.0	2746.3	3798.7
186.2	844.9	1237.5	2686.1	3806.7
185.9	911.4	1257.9	2630.1	3924.8
186.5	955.0	1300.1	2634.8	3989.7
189.1	869.4	1325.1	2795.8	4083.2
194.6	917.6	1355.0	2875.1	4076.6
96.3	867.9	1490.8	3006.5	4043.1
86.9	1025.0	2251.4	3255.3	4142.8
0.0	1021.9	2256.9	3340.6	4218.7
0.0	1048.3	2209.1	3291.4	4249.3
0.0	1185.7	2203.6	3256.9	4208.5
0.0	1137.7	2266.2	3323.8	4162.1
0.0	1300.2	2037.9	3119.7	3979.0
0.0	1085.4	2000.9	3069.5	3945.3
133.3	613.4	1986.3	3243.4	3988.7
0.0	818.4	2045.4	3332.0	4273.1
0.0	905.6	2088.7	3312.2	4386.0
84.6	1046.8	2440.1	3244.6	4386.2
0.0	1060.3	2321.8	3131.0	4286.1
0.0	1035.0	2168.0	3111.8	4222.1
0.0	949.7	2415.4	3309.3	4394.3
0.0	966.9	2370.8	3280.1	4442.2
0.0	903.7	2349.3	3259.3	4424.4
0.0	986.1	2384.6	3350.9	4499.7
0.0	693.3	2108.8	3122.6	4436.4
0.0	594.1	2137.7	2984.0	4459.1
0.0	518.8	2212.6	2915.3	4417.7
231.3	480.0	2221.9	2905.7	4209.8
216.8	522.3	2283.1	2916.8	4163.7
207.4	572.1	2359.9	2969.7	4100.9
201.8	559.3	2368.3	3015.1	4175.8
200.1	582.0	2403.5	3041.2	4225.0
200.2	632.5	2475.2	3056.5	4208.4
200.4	643.7	2501.6	3069.0	4129.4
199.7	684.3	2542.8	3098.5	4018.1
199.7	711.2	2538.3	3069.4	3917.8
201.7	630.4	2447.4	2965.6	3914.8
205.2	568.7	2297.6	2970.3	3901.7
207.1	538.7	2064.8	2734.7	3828.8
208.1	504.5	1825.4	2686.8	3939.4
208.4	508.8	1866.8	2747.2	4073.0
205.2	501.3	1919.5	2764.3	4193.8
212.7	444.3	1909.3	2777.2	4284.7
213.7	455.2	1919.6	2753.2	4105.2
214.4	468.7	1941.4	2791.6	4086.9
215.0	452.7	1941.2	2882.6	4180.9
214.0	377.7	1948.9	2840.4	4141.7
214.0	436.1	1952.1	2848.5	4086.2
214.7	443.4	1888.4	2950.5	4024.4
215.4	434.6	1688.2	3046.4	3991.3
214.5	417.7	1601.4	3080.7	4012.7
211.2	421.2	1561.3	3042.3	4028.0
210.9	426.9	1418.3	3006.8	3899.6
209.2	472.7	1565.5	3020.0	3915.0
213.7	555.8	1633.4	3011.2	3895.1
212.9	574.4	1709.0	2995.2	3879.7
209.9	574.0	1725.1	2961.6	4011.7
210.5	518.6	1730.0	2952.5	4152.9
211.3	469.9	1772.8	3006.5	4261.2
211.9	468.0	1778.8	2994.2	4403.2
212.1	476.3	1765.8	3004.7	4505.3
210.5	491.5	1781.6	3012.4	4534.3
209.2	570.7	1843.1	3099.5	4305.7
208.0	918.4	2093.7	3345.9	4351.2
100.5	1385.3	2405.1	3510.7	4592.0
66.2	1290.4	2542.6	3534.9	4641.9
0.0	1193.5	2484.1	3564.9	4569.0
0.0	1097.5	2404.5	3560.5	4526.7
0.0	1048.8	2107.8	3593.1	4599.9
122.4	1272.9	2339.9	3600.0	4746.7
255.3	1298.2	2420.7	3596.4	4777.8
400.0	1036.2	2361.2	3652.3	4800.5
428.6	1067.8	2029.4	3291.4	4678.8
500.0	1031.2	1997.1	3181.7	4575.0
0.0	658.2	1981.7	2976.6	4566.1
480.0	677.7	1979.2	2911.7	4556.5
436.3	475.6	2029.0	2929.4	4475.3
0.0	438.3	2097.0	2910.7	4482.4
211.4	415.4	2220.2	2847.9	4526.6
203.5	409.1	2288.2	2845.4	4505.8
201.9	415.9	2322.1	2865.5	4391.8
203.3	424.5	2389.3	3044.9	4312.5
101.2	231.9	2214.3	3173.4	4242.5
67.3	1029.1	2380.4	3467.3	4383.0
231.8	1457.0	2731.5	3450.0	4530.9
0.0	867.0	2769.0	3342.4	4378.5
0.0	682.8	2648.2	3116.4	4172.4
0.0	504.4	2502.3	3042.6	4143.3
0.0	524.3	2321.1	2994.5	4049.8
176.0	574.7	2221.4	2967.4	3975.8
184.3	629.7	2173.1	2898.5	4009.5
184.5	826.8	2083.7	2921.8	4017.4
183.8	888.8	2038.2	2954.7	4014.2
182.0	889.2	2009.8	2983.4	3945.1
181.2	849.8	1977.5	3046.1	3890.3
179.1	817.8	1924.4	3073.1	3873.6
179.3	838.6	1930.6	3091.8	3819.8
181.0	870.3	1944.4	3041.5	3802.9
182.1	872.6	1916.2	3058.5	3985.8
181.5	804.7	1906.8	3119.2	4135.6
182.5	776.3	1883.1	3097.6	4026.3
181.8	751.5	1834.2	3009.2	4090.8
186.4	706.1	1895.4	2857.7	4192.5
185.6	355.6	1901.1	2849.9	4136.8
90.6	263.8	1960.8	2966.5	4179.2
189.3	200.0	1985.3	3007.2	4271.8
63.5	370.3	1977.1	2928.5	4253.8
184.3	348.3	1975.5	2953.2	4219.8
183.8	388.2	1969.2	3041.6	4286.2
190.9	990.2	1933.9	3028.9	4328.7
188.3	473.2	1916.8	3029.4	4209.5
185.1	1166.3	2048.4	3205.2	4241.1
