0.0	0.0	0.0	0.0	0.0
0.0	0.0	0.0	0.0	0.0
0.0	0.0	0.0	0.0	0.0
0.0	1404.7	2425.8	3456.1	4377.3
0.0	1134.5	2470.0	3361.7	4379.2
0.0	1032.6	2369.5	3367.4	4411.2
0.0	1047.9	2302.0	3398.8	4401.3
0.0	1015.7	2197.6	3253.1	4313.2
0.0	966.0	2112.9	3142.6	4281.2
0.0	1003.4	2216.4	3196.3	4264.0
0.0	953.6	2436.9	3302.5	4353.1
0.0	752.1	2274.7	3185.9	4317.9
0.0	1044.4	2208.3	3313.6	4246.4
0.0	744.0	2116.3	3310.4	4334.3
0.0	732.0	1990.4	3245.1	4381.4
0.0	907.2	2006.2	3015.8	4214.1
226.2	1012.7	1897.6	3062.0	4180.0
212.5	687.5	1405.5	3001.3	4109.8
230.8	718.8	1368.6	2732.7	3991.1
205.8	739.3	1434.2	2756.6	4057.6
196.7	793.0	1405.7	2826.3	4142.4
195.1	832.1	1370.8	2906.3	4197.3
196.9	827.3	1623.3	2952.5	4341.4
196.7	787.5	1520.4	3018.0	4339.1
196.5	928.2	1744.2	3079.6	4174.5
198.4	969.8	1755.2	3084.5	4232.3
193.8	944.9	1766.5	3071.0	4320.2
190.0	975.6	1859.2	3057.4	4246.6
187.8	524.1	2005.9	3090.8	4357.3
199.3	457.8	2129.8	3199.7	4540.6
214.0	452.0	2314.1	3169.8	4733.1
212.5	457.3	2449.0	3167.4	4857.9
208.6	443.3	2484.1	3151.4	4702.4
206.8	422.3	2501.2	3097.3	4663.6
208.3	418.7	2464.0	3020.5	4687.1
208.7	418.2	2312.1	2954.4	4653.8
209.2	418.2	2012.6	2913.3	4589.9
209.5	418.0	1672.8	2939.8	4627.6
208.2	414.4	1438.6	2904.7	4634.9
207.0	405.8	1324.3	2899.1	4626.1
202.8	410.1	1394.7	2925.6	4621.3
199.0	422.0	1557.0	2877.6	4537.4
196.2	434.2	1710.4	2921.7	4468.7
195.7	430.9	1765.0	2954.3	4539.2
196.0	404.4	1803.6	3008.2	4545.4
195.9	417.0	1849.5	3299.8	4397.1
193.5	672.4	2073.6	3660.6	4410.7
90.9	1187.5	2468.4	3612.2	4598.0
85.0	1154.0	2443.6	3484.9	4656.0
63.5	1037.5	2350.1	3451.0	4571.6
0.0	946.6	2162.6	3385.7	4495.8
0.0	890.4	2082.2	3206.2	4471.8
0.0	884.2	2020.5	3019.5	4382.1
65.2	646.8	1999.9	2990.0	4339.3
0.0	511.2	2069.6	2906.3	4483.2
0.0	501.3	2111.3	2905.5	4550.8
184.2	474.0	2088.6	2865.4	4425.7
97.1	501.7	1966.8	2859.1	4364.1
93.2	529.1	1533.0	2884.9	4270.3
184.8	495.6	1564.4	2873.8	4127.1
181.7	495.9	1845.7	2955.2	4014.9
176.2	519.8	1662.1	2875.8	4052.7
173.1	1436.9	2432.7	3449.5	4238.9
169.5	1475.0	2445.9	3444.4	4388.5
86.2	523.5	1951.5	2970.9	4286.0
261.1	602.8	1997.8	3042.2	4483.6
0.0	612.9	2023.5	2963.2	4556.7
177.4	821.6	1966.6	2980.7	4563.0
0.0	963.6	1880.2	3006.1	4511.8
148.4	859.9	1839.1	2875.5	4350.8
211.9	724.7	1779.7	2813.6	4414.2
211.1	730.6	1706.7	2808.3	4457.3
208.5	718.5	1638.1	2818.8	4372.5
204.5	702.9	1637.3	2842.5	4371.8
204.3	667.1	1667.1	2895.2	4469.7
204.8	632.6	1745.2	2947.3	4513.3
203.4	735.6	1851.4	3020.2	4410.5
199.2	794.9	1899.0	3111.6	4366.0
95.9	1055.0	2136.9	3345.9	4465.6
178.8	960.8	2145.4	3447.0	4411.3
181.8	1046.4	2181.2	3391.9	4309.8
113.2	1008.6	2187.5	3440.4	4349.9
0.0	1010.8	2155.4	3322.0	4466.2
0.0	969.2	2099.7	3243.1	4528.7
250.0	838.5	2093.4	3223.5	4535.1
0.0	862.6	2156.9	3402.4	4630.7
521.7	771.7	2297.0	3648.4	4537.6
0.0	1043.3	2615.6	3765.6	4308.2
197.1	1077.3	2607.1	3475.0	4174.7
78.0	813.4	2810.7	3442.8	4330.4
0.0	648.4	2761.9	3333.5	4320.0
181.8	526.0	2492.4	3302.8	4168.8
0.0	476.4	1990.2	2907.0	4063.3
206.4	490.2	2003.9	2810.8	3760.1
168.3	514.8	1996.8	2816.0	3795.6
167.1	528.0	1990.7	2860.8	3817.0
162.9	503.0	2050.0	3026.2	3811.4
161.1	489.2	2369.7	3178.4	4059.0
79.0	471.6	2266.9	3217.9	4201.8
77.0	416.9	2083.4	3143.5	4197.6
156.4	915.3	2149.1	3265.9	4275.6
0.0	749.9	2221.5	3222.3	4132.4
0.0	437.8	2305.7	3050.0	4272.9
0.0	508.6	2325.0	2984.8	4416.6
170.9	501.1	2385.7	3023.5	4422.8
170.9	454.6	2451.2	3049.1	4440.8
169.2	436.2	2484.5	3038.1	4298.2
168.2	411.2	2498.3	2997.6	4304.2
167.6	408.6	2553.8	2973.6	4295.9
167.6	414.2	2552.6	2933.2	4110.5
166.8	425.0	2514.4	2925.5	4163.4
166.2	475.0	2440.3	2925.0	4285.4
166.3	508.6	2351.3	2903.2	4366.2
167.0	502.3	2244.6	2861.7	4460.0
166.2	509.5	2136.8	2872.5	4564.3
164.8	512.3	2062.2	2908.0	4550.0
163.9	504.8	1983.8	2923.1	4502.7
163.5	480.5	1905.7	2925.7	4472.5
164.3	485.3	1870.8	2964.6	4393.8
161.5	480.6	2007.1	3478.8	4408.3
157.2	872.9	2351.9	3725.2	4714.7
156.2	1161.0	2528.7	3932.6	5031.9
80.5	1235.4	2467.2	3965.4	5122.3
444.4	952.9	2425.6	3839.2	4620.8
0.0	795.6	2280.4	3283.9	4292.0
0.0	804.9	1929.0	3050.5	4213.2
0.0	1057.6	1942.9	3021.5	4176.0
367.1	996.1	1911.9	2954.6	4118.7
238.3	840.8	1741.0	3015.6	4098.7
0.0	708.4	1644.3	3006.7	4165.7
0.0	492.4	1053.1	2758.3	4127.3
210.7	567.4	1050.7	2548.9	3848.8
175.5	643.4	1168.3	2393.0	3798.7
177.8	692.8	1243.0	2312.6	3802.4
175.7	720.9	1328.6	2296.3	3817.3
174.4	730.8	1428.9	2275.6	3889.3
174.2	725.1	1618.8	2338.8	3990.1
173.2	700.6	1740.5	2355.0	4047.7
168.1	668.4	1866.5	2523.9	4060.6
168.9	599.3	1968.8	2633.4	4140.7
171.5	529.0	2143.1	2726.2	4109.0
173.3	503.4	2135.4	2744.9	4196.9
174.3	484.4	2118.8	2734.9	4307.5
172.1	669.6	2149.5	2922.4	4190.0
173.4	719.6	2112.8	3048.8	4098.9
85.4	690.0	2267.4	3254.8	4376.4
74.7	685.4	2197.3	3252.2	4335.7
0.0	688.5	2106.6	3083.8	4166.8
0.0	994.2	2121.8	3145.9	4160.3
0.0	985.9	2100.0	3274.3	4216.6
0.0	945.5	2076.7	3233.4	4317.8
77.5	1126.4	2095.5	3139.7	4258.3
0.0	1258.8	2375.9	3373.6	4300.4
0.0	840.1	1841.6	3137.5	4143.8
0.0	946.7	1981.3	3104.2	3964.8
467.6	679.3	1941.8	3012.2	3854.6
0.0	492.6	1742.8	2683.9	3855.3
0.0	505.7	1635.8	2564.2	3946.2
154.5	463.9	1560.4	2625.7	4071.5
153.7	396.0	1615.5	2890.5	4209.6
74.9	394.1	1872.9	3040.2	4179.7
154.7	370.2	1937.4	3163.8	4099.7
162.2	406.9	2148.0	3283.7	4173.5
162.4	539.4	1791.7	3108.0	4229.0
164.1	548.9	1138.6	2514.1	4075.5
165.2	563.2	1107.5	2382.0	4086.5
169.0	574.0	1051.7	2330.5	4045.4
167.7	580.8	1009.4	2278.6	3949.9
163.2	565.2	982.9	2273.9	3944.5
169.3	553.7	951.1	2583.1	4008.5
171.0	560.8	1002.6	2314.9	3991.5
175.0	567.8	1083.8	2014.6	4110.7
174.4	566.3	1145.4	1912.5	4195.3
176.5	552.0	1248.8	1871.4	4162.1
178.0	541.4	1424.6	2151.5	4115.3
179.2	526.1	1589.7	2167.5	4051.3
180.3	546.4	1765.2	2276.7	3924.0
179.5	513.0	1815.7	2189.0	3762.6
180.5	653.6	1974.1	2783.2	3824.9
176.7	654.6	2353.4	3062.5	4080.8
156.6	652.0	2371.9	3239.4	3967.4
78.4	733.7	2546.8	3491.9	4130.9
0.0	815.0	2654.6	3729.5	4231.4
0.0	1116.6	2677.0	3814.4	4238.8
0.0	994.7	2659.9	3709.5	4276.7
67.3	1035.5	2644.3	3698.5	4374.8
409.1	1069.9	2523.3	3795.1	4376.2
0.0	730.6	2454.6	3829.8	4473.5
0.0	1138.8	2659.7	3787.4	4561.1
250.0	958.4	2651.9	3707.2	4566.2
0.0	1311.8	2555.4	3456.2	4463.9
0.0	1339.0	2402.1	3316.5	4251.1
0.0	1424.5	2358.7	3309.0	4273.0
0.0	1340.8	2354.4	3190.4	4247.0
0.0	692.1	2136.5	3126.3	4230.5
0.0	552.3	2043.3	3116.2	4294.9
254.3	533.4	2051.3	3001.5	4337.0
74.2	538.7	2105.3	2956.3	4328.0
0.0	553.4	2069.0	2882.6	4256.4
64.5	544.7	1993.7	2804.0	4190.5
64.4	533.8	1837.4	2851.7	4065.9
0.0	514.1	1722.3	2664.7	3910.4
79.1	455.0	1643.1	2601.1	3926.4
213.7	477.2	1854.5	2860.6	4037.2
83.9	517.1	1812.6	2891.3	4082.3
169.5	526.1	1758.1	2888.9	4089.7
162.1	519.4	1719.5	2842.1	4012.1
80.2	594.0	1711.6	2842.3	4085.3
79.5	694.5	1763.0	2924.2	4052.0
0.0	750.7	1826.1	2926.6	4054.4
0.0	733.3	1866.3	2854.8	4063.3
0.0	728.5	1893.6	2941.7	4127.9
