0.0	0.0	0.0	0.0	0.0
0.0	0.0	0.0	0.0	0.0
0.0	0.0	0.0	0.0	0.0
0.0	1064.6	2538.1	3232.8	4532.1
0.0	851.0	2239.1	3146.8	4189.0
0.0	885.5	2232.8	3285.6	4302.2
0.0	797.0	2330.5	3234.0	4112.3
0.0	890.7	2324.7	3227.4	4148.4
0.0	928.5	2123.0	3248.7	4272.3
0.0	810.2	2077.2	3190.8	4210.6
0.0	967.1	2070.1	3147.3	4122.0
545.7	893.4	1836.5	3066.6	4062.1
0.0	951.9	2033.0	3028.2	4206.3
0.0	983.5	2384.2	3154.1	4380.3
0.0	956.7	2425.1	3118.0	4396.0
0.0	946.9	2489.0	2997.1	4388.2
0.0	787.0	2469.4	3025.0	4350.9
206.5	621.7	2262.4	2899.8	4131.6
238.4	559.1	1120.3	2685.4	4012.1
225.2	598.3	1015.6	2745.2	4030.4
228.1	662.3	1002.0	2787.0	3990.4
228.9	689.5	1104.0	2801.1	3885.7
228.6	713.5	1231.1	2792.3	3891.4
230.3	726.8	1370.9	2757.8	3908.7
232.5	714.0	1568.0	2760.2	3922.8
236.8	698.3	1670.8	2686.9	4035.5
242.5	626.3	1823.8	2648.2	4058.8
250.5	517.0	1953.1	2600.9	3990.3
255.8	495.1	2137.6	2891.9	4071.7
254.4	459.4	2199.1	3111.4	4211.8
121.4	980.7	2252.8	3201.7	4279.2
0.0	916.0	2211.1	3220.8	4246.2
0.0	939.5	2136.9	3105.2	4164.8
0.0	992.1	2139.2	3139.4	4126.3
0.0	926.1	1979.8	3119.3	4149.6
0.0	1112.5	1977.6	2994.0	4178.1
0.0	853.5	1895.7	3019.8	4145.4
0.0	574.8	1874.9	2923.6	4076.7
0.0	525.6	1885.5	2910.2	4135.3
157.9	595.8	1885.2	2714.3	4057.9
314.5	626.2	1862.3	2695.4	3980.9
313.2	606.2	1861.2	2742.8	4004.1
310.8	561.7	1882.4	2771.3	3979.7
295.8	552.4	1884.2	2841.1	3976.7
279.4	552.6	1805.8	2888.2	4111.1
271.0	530.1	1732.7	2901.5	4164.9
258.3	511.0	1638.6	2839.9	4189.9
79.3	489.7	1604.4	2812.5	4160.2
233.0	584.5	2486.2	2880.6	4240.7
245.7	641.4	2507.6	2921.7	4331.0
255.8	657.6	2506.5	2955.4	4437.8
261.8	648.0	2383.0	2972.8	4449.8
261.4	631.5	2459.7	2998.6	4420.8
259.5	624.7	2485.8	3022.5	4394.1
255.0	597.8	2543.9	3016.8	4488.6
252.5	592.5	2521.6	2998.7	4414.2
250.5	569.5	2584.2	2965.8	4314.9
247.1	569.4	2551.4	2938.0	4299.7
244.9	567.2	2464.8	2882.7	4205.1
242.2	541.8	1896.8	2893.6	4120.6
238.0	529.4	1822.4	2988.1	4226.5
234.4	572.5	1880.0	3006.0	4293.9
232.4	591.1	1935.4	3003.7	4287.6
231.7	596.5	2039.0	2989.9	4257.7
231.2	596.0	2081.4	3008.1	4254.4
229.3	587.3	2121.1	3004.0	4227.8
229.5	575.6	2160.0	3002.2	4221.5
229.2	576.0	2208.7	2993.7	4197.2
228.1	576.0	2214.8	2969.6	4187.2
227.2	578.0	2203.2	3001.7	4196.0
226.2	590.4	2172.9	3026.8	4159.7
223.1	610.7	2125.7	2999.9	4157.8
219.2	624.4	2039.7	2935.8	4108.1
212.9	614.2	1896.1	2831.3	4004.2
207.2	590.9	1693.3	2708.4	3840.7
198.0	542.9	1580.1	2688.6	3803.0
96.1	483.8	1596.8	2702.9	3834.0
190.1	409.2	1503.6	2602.4	3839.1
191.4	430.2	1694.8	2726.0	3893.5
191.4	403.1	1673.3	2897.7	4046.2
191.7	408.0	1959.7	2904.1	4082.1
192.4	479.9	2229.9	3067.0	4149.4
195.1	663.0	2100.0	2955.5	4198.8
199.6	856.4	1930.1	2757.2	4233.5
100.1	814.5	2022.8	2737.7	4304.6
99.3	626.2	2084.1	2769.1	4288.8
255.1	734.9	2022.5	3093.0	4179.1
0.0	788.5	2275.8	3400.4	4086.2
0.0	583.3	1785.6	2903.4	4094.1
0.0	589.3	1724.1	2881.8	4042.2
209.3	640.4	1727.1	2883.0	3972.7
209.9	642.9	1673.9	2870.6	3925.9
211.1	647.6	1613.0	2852.9	3875.0
208.5	641.6	1583.7	2833.7	3890.8
207.9	644.4	1560.1	2775.9	3950.6
208.9	641.7	1467.9	2659.6	3859.8
210.7	640.2	1299.3	2584.3	3828.8
212.0	609.1	1234.6	2580.7	3949.9
213.3	436.5	1267.3	2598.6	4005.4
214.3	459.0	1296.8	2666.8	4191.0
222.3	478.5	1967.9	2766.2	4189.7
226.0	461.2	2471.1	2934.8	4417.2
218.3	472.2	2469.9	2961.1	4482.1
214.8	699.8	2290.6	2942.2	4398.4
107.7	707.8	2221.8	2904.6	4306.4
123.4	657.0	1961.4	2699.0	4194.9
130.2	666.6	1925.1	2901.6	4231.7
0.0	764.7	1994.2	3095.7	4352.7
0.0	659.9	2149.9	3184.4	4357.2
0.0	730.3	2263.7	3132.3	4338.5
545.5	712.6	2107.8	3020.6	4281.6
69.8	637.3	2142.0	3064.5	4304.2
0.0	795.0	2155.3	3043.8	4213.0
190.5	887.6	2146.7	2942.1	4045.4
0.0	504.9	1984.5	2824.5	3894.1
242.6	506.5	1791.5	2662.5	3679.1
232.7	475.7	1642.9	2544.9	3851.8
220.7	458.6	1852.2	2559.3	4285.2
71.9	434.9	1554.7	2556.8	4513.1
214.0	421.5	1447.4	2537.7	4623.2
210.1	418.0	2281.2	2662.0	4732.7
207.7	421.5	1982.6	2707.3	4760.7
205.7	409.9	1928.9	2699.8	4740.5
204.7	386.9	2073.9	2694.4	4794.5
200.7	526.0	1170.3	2670.6	4218.7
214.3	658.1	1171.4	2720.4	3737.0
198.6	691.1	1221.8	2884.4	3963.5
194.2	715.4	1251.0	2940.3	4218.4
195.0	725.8	1256.9	2943.8	4244.5
195.4	732.1	1256.3	2927.1	4298.5
194.9	737.7	1251.0	2947.3	4343.0
195.2	755.4	1244.5	2965.1	4521.3
195.6	756.0	1252.7	2937.8	4332.7
195.7	756.7	1234.2	2938.9	4338.8
196.0	750.3	1229.0	2977.2	4570.6
196.2	762.4	1241.7	2941.7	4384.3
196.0	755.8	1232.9	2884.1	4116.0
194.2	770.9	1212.9	2853.6	3935.9
195.6	747.2	1230.9	2855.4	3854.4
197.2	743.2	1286.6	2835.4	4088.0
201.3	717.1	1261.6	2885.2	4136.5
200.4	782.3	1787.9	3014.8	4163.2
199.8	655.7	1976.0	3134.8	4218.5
183.2	1026.5	2224.9	3308.3	4191.0
341.7	1116.2	2232.3	3225.2	4129.0
0.0	1160.7	2216.2	3144.7	4149.2
0.0	1122.6	2160.6	3271.3	4314.1
0.0	1140.5	2255.3	3366.5	4381.5
0.0	1235.4	2177.5	3189.7	4292.4
0.0	1055.9	1988.3	3069.7	4178.7
0.0	952.7	2034.0	3008.8	4156.2
545.5	688.9	1770.6	2857.5	4163.6
0.0	667.0	1235.5	2822.1	4226.3
202.6	680.7	1247.7	2821.4	4142.6
201.4	697.0	1276.1	2847.1	4248.2
196.4	701.9	1319.2	2894.6	4297.9
193.4	695.5	1415.3	2870.1	4258.5
191.5	673.8	1442.7	2777.5	4286.8
189.9	614.7	1433.7	2717.7	4279.5
190.6	564.4	2394.5	2917.4	4329.1
190.1	500.5	2501.8	2949.3	4270.9
192.4	431.5	2553.9	2951.8	4106.7
197.8	412.0	2485.4	2931.0	4269.6
197.9	372.9	2395.0	2951.8	4452.7
192.7	683.1	2462.7	3241.7	4454.4
188.6	703.2	2397.1	3481.8	4433.3
63.5	729.7	2221.0	3367.2	4426.1
71.3	761.1	2184.9	3314.7	4387.5
248.7	926.1	2314.4	3451.2	4328.5
432.1	1195.8	2402.6	3529.2	4394.8
424.9	1411.6	2537.0	3685.2	4598.5
64.4	1168.5	2266.9	3650.8	4583.9
441.6	1036.2	2327.8	3500.6	4484.1
0.0	689.4	2261.7	3400.5	4443.6
0.0	806.5	2098.7	3356.3	4447.9
315.8	783.2	1931.6	3197.1	4233.2
0.0	599.2	1667.2	3113.7	4247.4
257.9	603.2	1515.3	3072.4	4291.4
214.3	623.9	1407.6	3072.8	4221.4
207.5	627.9	1382.0	3051.4	4224.9
201.5	627.1	1329.3	3030.2	4038.7
198.9	618.0	1273.5	2949.2	3894.8
196.9	598.6	1244.3	2770.7	3888.1
196.3	563.9	1174.9	2759.5	4349.4
195.3	424.8	1205.1	2701.9	4669.2
96.9	386.3	1215.3	2676.7	4578.9
197.2	567.5	2325.7	2994.2	4765.0
197.6	615.8	2421.9	3048.5	4840.6
197.2	641.6	2398.8	2991.6	4890.9
196.5	658.0	2356.2	2995.4	4905.5
195.0	650.9	2444.0	3178.8	4843.8
194.2	661.9	2478.4	3318.6	4673.9
198.9	585.0	1009.1	2956.4	4203.0
191.4	595.4	1048.3	3060.1	4333.0
188.3	615.4	1128.1	3033.1	4196.4
187.7	642.3	1212.6	2956.6	3964.0
187.6	653.8	1273.9	2948.1	3811.3
186.8	666.4	1353.4	2971.8	3843.4
185.3	668.6	1443.6	2961.1	3950.7
185.1	633.9	1491.2	2961.4	4022.5
184.9	587.3	1597.9	2929.2	4058.7
181.8	577.0	2348.1	2908.7	4172.5
179.2	636.6	2347.0	2893.6	4311.4
184.7	624.9	1926.3	2762.2	4230.2
185.8	610.6	1528.6	2761.9	4206.1
185.8	586.0	1594.1	2898.7	4261.7
188.0	592.4	1644.4	2951.0	4234.9
185.2	624.7	1715.6	2957.7	4144.6
185.4	648.7	1766.4	2963.5	4107.7
186.0	665.4	1799.2	2961.4	4052.3
186.2	671.7	1787.6	2970.8	4121.2
185.2	693.4	1763.3	2985.6	4151.8
184.0	700.5	1721.5	3006.5	4085.7
181.8	698.5	1676.2	3003.0	4109.7
178.4	701.9	1598.0	3014.1	4104.7
176.4	693.2	1523.7	3040.4	4099.0
173.5	688.7	1411.7	3048.6	4107.7
169.7	683.0	1332.6	3087.9	4147.4
171.3	670.1	1293.5	3108.8	4186.6
171.0	662.2	1261.3	3162.2	4204.5
173.9	630.1	1194.8	3220.3	4217.1
175.4	625.5	1181.6	3218.5	4238.5
179.1	618.4	1159.5	3179.0	4293.7
183.3	726.8	1671.0	3125.6	4220.0
186.2	910.2	2212.8	3175.8	4211.9
174.2	890.1	2150.6	3228.2	4299.7
550.7	1070.2	2261.4	3456.0	4391.1
0.0	1160.0	2393.5	3511.3	4388.9
82.9	1143.2	2381.6	3509.6	4386.7
500.0	1126.0	2500.7	3711.7	4538.0
0.0	1124.4	2516.7	3707.1	4482.7
196.7	1114.9	2547.0	3696.2	4500.3
0.0	1204.8	2481.1	3611.8	4462.7
545.5	1305.1	2510.7	3706.0	4516.1
0.0	1129.0	2560.8	3777.0	4442.0
0.0	1127.6	2547.0	3754.9	4463.2
96.0	1231.3	2582.2	3761.7	4619.1
0.0	1119.5	2585.7	3810.4	4749.5
428.6	797.0	2519.2	3707.5	4612.1
500.0	725.8	2408.1	3553.6	4446.5
0.0	751.5	2376.8	3316.6	4367.0
0.0	1013.0	2175.0	3191.3	4301.5
0.0	1302.3	2331.8	3535.8	4315.3
0.0	1279.0	2252.0	3476.3	4309.0
0.0	1166.9	2079.6	3003.4	4302.3
0.0	1090.0	1910.9	2981.3	4228.0
0.0	1043.3	2232.0	3090.8	4325.9
64.6	948.9	2324.6	2974.8	4403.9
0.0	1004.9	2073.6	3028.2	4355.9
113.4	1013.4	2356.8	3166.3	4401.6
112.6	948.3	2413.8	3195.6	4282.6
0.0	953.6	2395.1	3140.0	4208.1
0.0	825.5	2409.4	3095.3	4218.7
0.0	798.1	2356.3	3036.4	4180.1
0.0	818.1	2182.5	3010.0	4181.4
