0.0	0.0	0.0	0.0	0.0
0.0	0.0	0.0	0.0	0.0
0.0	0.0	0.0	0.0	0.0
0.0	795.1	1829.5	2726.9	4028.4
0.0	838.2	1883.1	2911.8	4019.6
0.0	862.8	1858.5	2945.4	4011.2
279.3	784.5	1817.1	2962.3	3986.7
209.2	873.5	1841.5	3040.2	4059.3
160.1	861.6	1868.3	3109.3	4097.6
0.0	779.9	2053.5	3168.7	4135.7
0.0	847.1	2096.6	3219.4	4329.5
0.0	858.0	2161.5	3183.2	4251.0
0.0	941.3	2365.4	3210.4	4239.5
0.0	1041.4	2335.0	3290.1	4303.6
0.0	617.2	2217.1	3209.1	4139.9
0.0	750.6	2175.1	3013.7	4088.7
0.0	838.9	2141.0	2988.1	4123.4
0.0	794.6	2163.4	2981.4	4207.0
0.0	779.1	2194.5	2993.1	4230.7
0.0	806.0	2221.7	2972.2	4177.3
0.0	797.7	2174.8	2971.1	4181.9
0.0	495.6	2076.6	2963.0	4239.6
255.3	489.2	2005.9	2873.4	4303.0
243.2	469.2	1968.3	2845.5	4305.2
236.4	452.5	1874.6	2819.3	4326.0
230.6	457.3	1828.4	2800.7	4322.8
229.3	446.0	1802.3	2843.9	4311.8
226.2	441.3	1811.7	2992.7	4330.1
220.3	516.0	2131.8	3202.2	4452.2
105.4	1093.4	2321.7	3473.4	4503.9
68.6	948.2	2207.0	3421.3	4517.0
0.0	856.9	2300.4	3534.4	4452.0
0.0	1096.6	2421.2	3650.6	4454.6
63.5	1161.0	2481.9	3325.6	4495.1
0.0	1078.9	2424.7	3436.4	4834.5
0.0	1112.5	2446.0	3584.9	4676.1
0.0	1020.8	2468.8	3646.0	4536.3
0.0	1076.4	2406.5	3705.6	4441.6
0.0	1001.5	2199.7	3286.7	4090.9
279.1	1374.4	2429.0	3515.5	4347.8
0.0	1423.3	2571.1	3664.7	4409.4
128.6	1296.3	2551.4	3513.5	4293.6
70.7	1136.1	2437.6	3348.1	4218.0
0.0	867.7	2193.3	3221.3	4212.0
0.0	529.1	1969.5	2870.2	4142.6
0.0	509.0	1961.5	2794.8	3993.4
256.7	496.5	2023.5	2859.3	4025.6
245.9	490.7	2104.7	2883.5	4076.1
241.6	491.2	2157.4	2869.1	4057.2
238.7	509.5	2213.7	2868.4	4150.0
238.2	505.7	2354.2	2853.9	4199.0
240.8	503.7	2429.5	2798.2	4254.1
241.3	490.7	2460.5	2823.0	4272.7
243.7	509.1	2479.9	2851.3	4323.5
246.3	522.2	2495.4	2811.3	4317.9
247.6	544.4	2479.7	2781.6	4149.3
247.8	555.2	2513.6	2791.3	4175.7
247.6	570.4	2375.3	2673.2	4072.9
246.5	578.3	2096.8	2635.3	4143.8
241.9	527.6	1941.1	2530.4	4130.8
116.2	479.9	1875.8	2357.8	4051.7
240.8	496.5	1863.7	2235.7	3972.6
247.2	497.5	1840.9	2201.2	3969.9
245.1	503.7	1846.6	2197.5	3820.5
243.2	505.6	1870.6	2286.7	3832.3
244.1	506.6	1982.7	3039.1	4112.5
242.5	489.6	1831.3	2948.3	3970.7
247.4	490.5	1799.2	2852.9	3984.9
248.0	473.6	2400.6	3041.4	3923.8
241.5	532.6	2578.8	3356.3	4061.0
226.7	1221.0	2669.1	3707.3	4318.6
72.9	969.7	2663.3	3732.3	4414.2
0.0	1115.7	2719.2	3832.5	4515.2
0.0	1084.7	2781.6	3864.0	4767.8
134.6	788.8	2641.5	3887.3	4824.4
0.0	1146.7	2512.4	3844.8	4639.3
0.0	1306.5	2467.3	3731.7	4450.3
203.4	1035.2	2434.3	3526.5	4187.0
93.1	1093.0	2456.6	3482.8	4237.7
80.9	1046.2	2596.0	3426.3	4285.2
80.7	1240.0	2667.0	3459.7	4325.5
95.5	1391.2	2604.3	3547.8	4375.2
472.8	1324.7	2552.7	3446.5	4193.5
485.0	812.6	2391.0	3004.8	4050.2
67.3	667.1	1580.5	2751.2	4158.6
311.6	670.7	1291.5	2736.1	4113.0
216.1	685.2	1317.2	2791.4	4202.7
214.7	687.9	1309.6	2845.2	4303.1
210.2	676.4	1296.8	2902.0	4350.7
206.4	673.0	1263.8	2912.1	4172.3
204.2	659.0	1212.7	2843.9	4001.6
203.5	630.2	1140.4	2780.7	4028.2
203.7	609.7	1088.4	2709.3	4317.4
203.3	431.2	1128.1	2700.2	4445.8
196.7	411.6	1065.9	2710.5	4525.3
207.2	410.5	1159.8	2726.0	4573.9
207.2	391.0	2324.5	2839.8	4617.9
206.7	395.9	2498.9	2834.6	4596.9
205.2	397.0	2136.2	2761.1	4588.0
202.9	461.2	1811.0	2751.9	4391.7
198.4	621.9	1809.8	2889.0	4207.9
199.4	585.3	1017.6	3015.7	4277.2
197.9	605.5	1023.5	3090.7	4420.4
198.5	589.8	1037.3	3143.2	4381.8
197.5	553.1	1044.9	3138.8	4295.7
195.8	470.3	1044.7	3143.7	4250.9
192.8	430.0	1068.6	3149.5	4156.2
190.5	462.4	1064.5	3127.6	4356.9
188.4	584.7	1737.1	3067.1	4265.3
186.4	491.0	1857.9	3017.5	4143.8
90.9	602.6	1573.2	3079.8	4182.2
0.0	524.0	1390.1	3092.6	4099.9
191.6	475.6	1505.3	3043.1	4027.3
193.1	439.7	1669.5	2974.9	4107.4
193.3	409.3	1836.8	2817.0	3867.6
196.4	422.7	1923.1	3011.7	3926.5
190.5	1049.9	2021.1	3325.3	4154.2
0.0	1017.9	2233.1	3327.3	4222.8
0.0	1023.2	2147.9	3134.7	4263.5
0.0	1121.1	2330.4	3231.1	4252.2
0.0	938.2	1587.3	2889.9	3937.2
0.0	989.2	1647.6	2769.3	4030.9
0.0	1055.5	1703.7	2916.0	4065.8
553.2	1195.2	1965.1	3251.8	4153.8
141.6	1225.6	1802.2	3052.1	4188.0
70.7	1288.4	2054.3	3254.3	4371.7
271.2	968.9	1978.3	3384.1	4533.3
272.2	937.8	1898.1	3405.7	4789.7
0.0	752.3	1846.0	3206.7	4604.0
207.5	691.2	1574.1	2199.1	3699.3
196.0	708.1	1497.8	2225.5	3814.1
183.8	720.6	1398.1	2287.0	4190.7
172.0	751.1	1315.3	2349.9	4206.7
166.9	770.8	1308.7	2456.7	4295.1
165.0	767.9	1372.0	2548.2	4511.5
164.8	746.2	1384.3	2599.3	4523.1
167.8	730.1	1370.5	2717.7	4319.1
176.1	717.4	1440.0	2799.9	4264.6
186.6	703.1	1570.5	2840.4	4209.8
187.9	777.9	1681.3	2953.1	4187.2
188.7	960.5	1970.0	3197.0	4197.0
92.4	999.5	2071.4	3321.9	4336.9
85.6	980.6	2140.1	3324.2	4420.6
0.0	824.4	2204.3	3701.2	4799.7
190.3	1191.3	2401.0	3878.6	4864.3
179.1	1086.0	2539.2	3730.3	4801.0
0.0	1023.5	2390.9	3597.2	4550.9
0.0	1242.7	2523.7	3770.3	4496.5
0.0	1123.8	2454.2	3777.6	4639.0
545.5	1001.6	2083.1	3407.4	4429.5
67.8	1056.4	2040.1	3328.2	4354.0
571.4	1170.6	2069.0	3303.2	4227.0
288.0	916.9	2038.3	3240.1	4138.0
207.8	850.6	2045.6	3086.3	4117.5
0.0	490.8	1868.6	2933.7	4081.6
0.0	515.0	1497.3	2904.7	4072.0
181.8	518.1	1470.5	2876.3	4018.4
189.4	497.8	1637.6	2850.8	3908.5
189.9	444.0	1909.0	2941.7	4055.1
91.1	402.0	1970.1	3080.7	4283.0
182.3	397.0	2102.8	3181.5	4364.4
180.6	410.3	2112.2	3205.1	4198.6
184.6	589.1	2182.1	3197.9	4147.6
183.6	887.9	2198.6	3091.9	4178.5
182.3	531.3	1822.9	2821.6	4033.5
0.0	552.1	1787.7	2748.9	3941.5
0.0	559.3	1862.1	2787.2	3963.3
171.0	573.4	1924.8	2809.9	4048.4
173.5	576.3	1962.7	2829.2	4062.0
172.2	592.3	1975.3	2857.0	4052.8
172.2	632.2	2013.1	2902.0	4081.8
172.1	650.3	2036.2	2925.7	4074.4
171.2	646.4	2035.0	2936.0	4083.8
171.8	646.2	1998.3	2944.1	4083.1
171.3	651.2	1954.6	2933.9	4097.3
170.6	660.8	1909.2	2936.1	4104.6
169.6	660.7	1863.3	2965.5	4157.6
169.0	665.4	1843.5	2981.5	4163.2
167.0	640.0	1806.0	2954.5	4128.4
166.8	610.3	1783.0	2857.6	4124.2
166.3	539.8	2229.7	2804.1	4231.9
163.3	543.1	2420.9	2838.7	4334.2
169.4	553.5	2277.1	2805.1	4217.4
170.0	555.5	2114.6	2796.7	4102.3
169.1	523.0	2311.3	2800.2	4121.1
168.2	534.3	2118.1	2819.8	4138.1
166.5	514.9	2157.6	3042.5	4272.1
0.0	422.8	2282.7	3653.5	4873.5
0.0	425.5	2072.5	3355.8	4716.5
187.5	474.3	1824.2	2855.4	4214.3
177.3	514.8	1817.2	2826.0	4108.7
168.3	477.8	1813.8	2836.1	4126.1
163.1	490.3	1817.6	2831.7	4119.6
160.6	448.5	1786.8	2897.7	4068.7
159.7	453.7	1749.6	2976.6	4073.7
159.6	377.7	1877.8	3055.2	4089.5
77.2	346.5	2076.2	3200.0	4174.4
81.2	389.3	2151.2	3241.2	4264.3
173.4	1083.2	2253.0	3188.2	4390.5
0.0	200.0	2115.5	3114.8	4198.4
0.0	1033.0	2250.4	3308.4	4171.0
0.0	762.1	2310.6	3423.6	4152.6
184.6	904.0	2635.4	3584.8	4272.8
187.5	543.1	2114.6	3336.0	4059.7
0.0	474.8	1937.4	2919.9	3900.6
0.0	459.5	1877.9	2851.4	3857.4
156.1	451.6	1848.1	2821.0	3807.8
143.7	453.7	1803.0	2839.3	3842.9
141.1	462.6	1788.9	2856.2	4035.2
144.3	475.1	1746.5	2863.0	4119.9
148.3	467.9	1729.4	2879.6	4154.7
159.0	454.4	1714.0	2906.7	4194.1
86.0	468.5	1681.3	2909.1	4164.7
81.8	472.3	1735.1	2937.4	4189.8
185.5	743.9	1938.6	3157.1	4391.4
182.1	895.6	2594.6	3600.1	4589.5
88.5	911.6	2498.2	3695.1	4573.7
545.5	961.9	2369.1	3689.4	4531.5
500.0	1238.1	2530.5	3561.1	4636.3
127.7	1267.0	2741.0	3697.2	4807.5
133.3	1150.3	2864.5	3828.3	4761.1
500.0	1051.8	2891.1	3778.5	4747.0
500.0	945.0	2808.9	3797.5	4759.8
545.5	1298.0	2810.1	3876.9	4670.6
0.0	1265.7	2791.8	3808.2	4664.8
0.0	1194.4	2738.6	3775.2	4932.2
0.0	737.0	2173.0	3553.4	4924.1
0.0	1000.5	2133.3	3486.0	4510.7
0.0	1081.2	2101.4	3283.8	4273.9
133.3	915.8	1607.8	2870.3	4128.4
118.8	902.9	1586.8	2925.2	4223.0
0.0	932.4	1701.0	2911.8	4238.4
0.0	923.1	1721.8	2909.9	4362.6
78.9	1018.3	1625.6	2912.7	4274.7
0.0	1010.8	1669.9	2850.8	4135.7
0.0	953.3	1715.4	2807.0	4168.7
0.0	1045.9	1694.3	3084.9	4233.7
67.3	1147.5	1727.8	3158.8	4210.6
0.0	983.8	1857.8	3099.8	4175.4
94.8	920.9	2117.1	3155.5	4167.1
0.0	1088.6	2235.6	3275.5	4245.2
183.5	1100.1	2205.6	3120.9	4187.9
0.0	1082.9	2261.0	3172.1	4181.2
191.6	1061.8	2178.3	3169.6	4117.0
135.2	923.5	1682.0	2852.3	4053.6
0.0	897.8	1626.6	2923.1	4254.4
0.0	879.9	1769.0	2942.2	4174.7
0.0	1107.9	2175.2	3124.9	4130.4
0.0	1084.1	2194.0	3199.3	4168.7
0.0	983.5	1790.3	3046.0	4212.8
0.0	935.1	2051.3	3127.0	4189.3
0.0	934.7	2150.9	3124.9	4105.9
0.0	919.2	1929.9	3036.0	4157.4
0.0	955.9	1915.7	2871.1	4140.0
135.4	1016.1	2179.4	3148.2	4218.8
0.0	1019.1	2325.2	3363.6	4223.8
0.0	1076.9	2334.8	3341.9	4155.4
