0.0	0.0	0.0	0.0	0.0
0.0	0.0	0.0	0.0	0.0
0.0	0.0	0.0	0.0	0.0
0.0	802.7	2000.2	3122.5	4011.7
0.0	782.8	1934.6	3123.9	3954.0
0.0	859.4	1896.7	3135.7	3930.7
0.0	835.1	1903.6	3130.7	3961.2
0.0	865.5	1928.5	3122.7	3943.9
0.0	740.4	1884.9	3094.0	3959.2
0.0	742.4	1842.7	3090.6	4021.9
0.0	777.7	1848.5	3053.0	4050.6
0.0	843.6	1879.6	3014.6	4051.3
0.0	838.1	1859.9	3047.0	4115.3
0.0	1001.2	1854.3	3085.2	4239.2
0.0	943.2	1865.7	3142.7	4213.5
0.0	820.5	2010.7	3222.8	4221.8
0.0	1069.2	2305.8	3276.2	4295.5
0.0	1083.1	2302.7	3312.3	4328.1
0.0	847.5	2032.7	3196.7	4286.9
0.0	937.8	1925.1	3060.8	4224.3
0.0	965.8	1824.4	3009.1	4160.4
0.0	823.7	1815.2	2997.8	4214.8
0.0	783.9	1845.8	3061.2	4229.2
169.2	835.5	2257.3	3206.4	4288.0
0.0	872.6	2257.5	3214.8	4327.1
0.0	932.7	2248.2	3275.1	4223.8
574.1	1075.6	2356.0	3362.9	4211.7
290.5	1136.7	2402.5	3520.8	4360.3
0.0	1229.2	2460.4	3576.8	4387.3
126.3	1147.3	2585.7	3574.4	4446.1
0.0	1246.5	2518.2	3488.1	4417.9
0.0	1500.0	2540.4	3380.0	4474.0
123.7	1434.4	2493.4	3419.7	4413.2
0.0	1045.1	2232.1	3313.7	4340.0
0.0	855.4	2038.4	3236.4	4246.0
0.0	564.1	1935.9	3150.6	4191.1
0.0	623.7	1847.2	3072.1	4166.7
249.3	692.8	1836.5	3108.8	4132.0
234.4	700.7	1811.2	3116.9	4057.2
228.9	717.1	1788.8	3111.1	4056.2
224.8	736.8	1756.5	3082.1	3997.3
224.8	737.2	1685.8	3019.2	3944.8
221.6	733.8	1617.3	2949.2	3902.5
220.0	731.8	1532.2	2900.7	3829.0
218.7	721.6	1479.2	2936.0	3794.9
218.9	712.9	1422.0	3002.7	3763.6
219.0	699.4	1392.9	2996.3	3731.4
219.7	681.9	1350.6	2973.1	3628.6
221.5	658.2	1310.2	2927.6	3609.0
220.5	669.9	1304.3	2821.8	3629.0
217.1	557.2	1310.1	2833.5	3577.8
210.6	458.8	1309.3	2862.6	3674.0
205.2	470.5	2293.8	3146.3	4022.5
199.2	589.4	2187.8	3262.7	4214.7
201.3	682.7	2254.7	3295.0	4211.9
206.9	495.9	2276.6	3250.4	4141.2
210.6	514.1	2226.8	3163.4	4073.9
212.1	514.9	1780.5	2930.1	3873.2
209.8	654.7	1619.3	2898.0	3797.0
226.2	677.3	1633.1	2939.3	3831.8
224.8	691.4	1677.4	2997.3	3888.1
222.2	713.9	1731.2	3027.2	3946.9
221.3	720.9	1779.8	3038.5	3994.1
220.7	714.4	1811.5	3046.6	4000.2
219.6	693.1	1849.6	3019.6	4003.1
221.6	671.9	1909.9	3030.2	4023.5
223.3	664.0	1962.7	3065.1	4044.4
225.1	667.3	2023.9	3056.3	4085.3
226.6	584.4	2066.3	3060.5	4085.5
228.1	546.1	2106.3	3104.9	4120.7
229.6	507.6	2142.3	3153.3	4184.6
232.8	474.3	2271.6	3107.5	4141.7
238.0	457.9	2333.1	3152.6	4156.2
233.6	449.8	2358.5	3217.7	4280.0
230.2	477.9	2393.5	3203.0	4279.6
222.6	613.5	2344.4	3301.3	4344.0
109.1	845.5	2395.2	3451.2	4476.6
71.0	1130.9	2697.9	3755.9	4528.7
71.9	1264.4	2916.9	4077.5	4840.0
545.5	1344.4	2842.5	4022.8	4709.3
176.5	1035.2	2652.0	3844.5	4476.6
315.8	1376.8	2822.4	3900.4	4661.0
326.5	1200.6	2883.9	3902.2	4766.2
0.0	942.6	2751.9	3753.6	4616.6
0.0	821.4	2251.0	3339.8	4289.1
375.0	713.2	2135.7	3217.6	4326.4
235.3	1029.5	2322.1	3328.7	4289.6
500.0	963.7	2196.7	3234.1	4214.5
226.4	553.2	1922.9	3184.9	4164.5
295.5	556.9	1951.9	3162.7	4097.3
276.6	569.8	1938.4	3188.9	4062.2
273.1	580.9	1913.8	3219.0	4074.3
273.1	606.6	1849.3	3203.2	4076.0
271.6	599.7	1832.3	3216.1	4076.5
272.7	598.3	1873.9	3229.2	4092.2
271.4	594.9	1900.8	3253.3	3994.7
274.2	544.1	2068.3	3283.8	4041.8
270.7	513.9	2179.9	3251.8	4099.7
267.7	428.4	2173.0	3141.7	4089.5
272.2	379.4	2183.3	3023.3	4114.8
272.7	417.0	2500.3	3643.4	4215.9
271.8	410.9	2487.0	3818.2	4229.1
268.1	339.6	2338.8	3825.9	4239.1
263.2	521.8	2160.7	3403.9	4117.4
259.9	525.0	1975.0	3433.6	4313.4
260.5	524.3	1968.8	3549.8	4506.7
253.5	515.8	2111.4	3619.1	4608.3
248.2	503.2	2124.8	3657.0	4656.0
242.3	490.7	1573.7	2240.4	3704.3
241.3	517.3	1713.6	2311.4	3680.3
242.3	533.6	1860.0	2504.1	3673.3
242.6	523.6	1956.2	2683.0	3709.2
244.5	505.1	2118.7	2807.3	3773.8
246.9	491.8	2238.5	2964.0	3875.5
251.2	505.1	2321.5	3045.4	4029.4
251.6	557.8	2425.5	3077.5	4113.2
251.9	476.1	2525.0	3103.9	4173.4
248.0	486.3	2645.3	3172.0	4347.3
121.0	1502.0	2741.2	3145.9	4390.2
74.5	1198.3	2586.2	3148.9	4445.5
72.9	1110.0	2447.2	3127.6	4436.1
76.7	1428.5	2608.8	3131.7	4312.3
0.0	1417.4	2569.2	3074.6	4196.3
0.0	1086.4	2460.5	3093.1	4275.8
0.0	1003.8	2410.2	3187.8	4369.2
428.9	1020.6	2342.6	3162.7	4168.7
142.7	817.7	2178.7	3076.9	4079.0
144.8	616.3	2133.1	3016.6	4063.2
270.9	555.0	2096.4	3096.2	4078.7
280.7	603.1	1974.9	3105.4	4020.4
273.6	560.0	1789.2	3058.1	3949.0
266.9	607.6	1870.5	3012.2	3978.4
258.9	515.3	2038.4	3537.8	4152.3
257.7	506.5	2150.8	2961.3	4125.6
262.3	462.4	2301.3	3490.5	4211.2
260.4	328.3	2188.5	3825.2	4334.7
129.8	260.5	2004.7	3492.4	4278.5
254.5	883.9	2048.8	3288.5	4288.8
244.7	911.4	2211.9	3370.8	4317.8
120.2	892.5	2200.4	3311.3	4259.9
242.7	899.5	2249.4	3203.1	4283.2
228.5	875.2	2241.4	3250.2	4234.1
69.2	856.7	2052.6	3214.2	4177.8
69.9	1011.6	2289.6	3236.5	4210.5
69.8	1110.8	2449.3	3369.8	4322.3
70.2	1090.8	2252.2	3374.4	4371.3
0.0	1188.3	2200.8	3206.9	4374.2
0.0	1179.6	2220.9	3226.1	4294.9
0.0	1030.3	2305.2	3307.8	4236.5
0.0	852.0	2342.7	3241.6	4226.8
130.8	526.8	1951.1	3059.8	4147.3
280.6	492.3	1806.4	3005.1	4231.2
232.6	491.9	1812.2	3048.3	4309.4
224.9	494.3	1854.6	3037.2	4291.4
220.6	500.6	1869.1	3014.0	4182.7
215.9	516.5	1855.0	3017.7	4161.7
212.8	537.8	1844.5	3021.1	4134.0
210.2	560.5	1830.9	3038.5	4123.8
207.3	609.2	1808.8	3004.8	4113.3
203.4	615.5	1802.4	2973.5	3945.9
200.5	555.1	1773.5	2943.0	3868.2
197.1	528.7	1744.8	3029.0	3801.7
193.4	474.2	2677.7	3323.3	3992.2
94.9	761.7	2712.8	3355.6	4058.0
63.5	634.0	2547.0	3253.4	4054.1
189.6	468.2	2429.9	3143.7	4005.5
199.5	526.8	2170.1	2986.4	3930.9
196.3	538.4	1856.3	2887.8	4110.4
197.6	536.5	1780.4	2854.1	3988.1
199.4	579.3	1747.3	2642.7	3971.1
193.9	577.2	1744.8	2548.3	4097.0
187.8	569.1	1741.2	2618.9	4110.5
187.0	572.6	1742.0	2944.7	4225.0
184.3	585.5	1732.7	3055.4	4292.7
186.0	586.1	1716.6	3019.5	4330.9
188.2	555.1	1709.2	3181.5	4337.1
190.4	505.7	1749.7	3118.2	4292.7
193.0	474.5	1783.8	3088.3	4282.4
193.9	457.4	1779.4	3171.4	4277.7
203.9	445.9	1784.6	3101.2	4203.5
202.0	425.7	1831.0	2906.2	4226.4
203.2	488.6	1832.1	2926.9	4242.0
202.4	227.4	1821.7	3079.5	4197.5
205.2	215.7	2107.0	3114.5	4264.4
71.1	219.3	2180.3	3124.1	4363.7
204.8	490.6	2082.1	3110.0	4273.0
207.1	715.7	2180.5	3193.3	4277.9
103.1	726.4	2157.5	3062.1	4154.2
0.0	684.7	2211.6	3365.3	4073.4
0.0	745.0	2400.0	3536.4	4105.0
142.5	806.9	2600.4	3631.1	4178.5
0.0	669.8	1916.5	3042.8	4225.4
0.0	637.9	1830.9	3007.0	4405.5
87.1	1039.9	1921.2	2976.3	4347.3
0.0	723.8	1923.3	2991.0	4355.6
71.1	733.4	1895.9	3046.4	4404.2
64.7	824.6	1871.6	3091.7	4239.4
316.3	791.1	1871.4	3076.3	4054.0
0.0	930.5	1866.4	3097.6	4000.0
100.1	817.1	1842.2	3056.5	4063.0
0.0	841.3	1857.8	3075.4	3970.8
296.8	823.2	1848.4	3082.2	3957.3
0.0	725.3	1803.1	3074.4	3972.7
0.0	768.1	1782.2	3044.2	4005.2
0.0	755.9	1820.7	3112.1	4056.3
