0.0	0.0	0.0	0.0	0.0
0.0	0.0	0.0	0.0	0.0
0.0	0.0	0.0	0.0	0.0
0.0	828.0	2156.7	3093.3	4235.2
0.0	776.4	2102.8	3089.2	4145.1
0.0	729.3	2137.8	3215.5	4268.9
0.0	945.5	2304.3	3164.5	4260.5
0.0	928.9	2295.9	3187.6	4181.1
0.0	1002.0	2254.2	3248.4	4225.6
0.0	1156.2	2433.4	3296.2	4264.1
119.2	1126.5	2360.4	3216.2	4331.2
0.0	1209.4	2321.7	3335.6	4300.8
0.0	1120.7	2460.5	3470.1	4306.2
0.0	1059.6	2482.1	3473.5	4298.7
0.0	1070.6	2419.7	3428.0	4327.1
0.0	738.5	2287.7	3525.2	4392.1
0.0	643.6	2249.5	3479.5	4418.9
0.0	714.6	2188.2	3324.3	4461.3
0.0	836.4	2346.0	3334.0	4631.9
0.0	777.7	2442.5	3310.7	4588.7
0.0	659.5	2372.0	3209.7	4277.4
0.0	625.0	2367.9	3151.6	4160.4
0.0	730.2	2404.8	3114.2	4214.8
0.0	637.5	2516.8	3112.9	4154.9
271.8	492.9	2589.6	3109.5	4102.4
253.2	482.7	2624.1	3179.9	4104.8
241.1	474.2	2638.5	3164.4	4103.0
239.7	495.4	2627.4	3257.6	4082.8
238.5	487.4	2609.8	3359.3	4117.5
239.0	492.8	2606.2	3385.1	4200.5
238.0	398.6	2588.3	3425.2	4212.2
113.5	497.9	2527.5	3391.2	4204.4
72.5	684.2	2442.2	3407.1	4383.7
222.3	695.1	2367.3	3506.8	4364.1
75.9	1028.8	2438.0	3598.0	4255.3
524.0	1094.8	2812.7	3578.9	4332.5
527.0	1086.5	2828.9	3475.5	4401.1
0.0	806.3	2531.1	3335.8	4249.4
0.0	995.0	2592.1	3267.9	4195.4
0.0	908.2	2482.7	3271.4	4168.7
162.2	476.0	2393.9	3229.4	4144.2
0.0	523.9	2389.0	3145.6	4078.1
288.7	524.3	2439.9	3120.3	4074.5
270.5	511.7	2526.4	3065.4	4092.0
257.7	505.4	2602.3	3048.9	4113.9
255.5	504.4	2610.4	2918.3	4150.6
253.3	496.0	2486.9	2740.5	4179.0
248.0	478.0	1146.0	2491.6	4151.2
246.5	470.6	2431.3	3631.6	4300.6
246.2	481.2	2399.8	2965.8	4299.9
244.2	481.7	2361.8	2833.9	4249.5
243.4	478.5	2437.7	3015.5	4351.5
239.0	476.2	2431.5	2780.6	4350.0
233.7	468.9	2400.5	2726.3	4284.8
228.8	457.5	2409.5	2719.3	4293.7
220.4	441.3	2353.8	2603.1	4329.7
214.6	467.7	2068.0	2629.7	4414.5
214.7	525.1	2038.2	2612.0	4387.7
244.7	604.8	1948.1	2591.8	4413.6
233.5	702.4	1894.4	2590.9	4513.2
224.4	754.0	1823.1	2564.0	4428.5
214.3	794.2	1781.0	2542.2	4299.0
208.1	808.2	1732.4	2555.6	4200.6
203.6	826.6	1675.5	2613.2	4190.5
198.2	834.5	1630.0	2642.5	4202.4
194.1	840.0	1594.2	2663.3	4191.0
191.3	839.8	1569.0	2687.2	4163.0
191.3	846.9	1553.2	2698.2	4150.8
191.3	845.8	1544.0	2733.1	4203.0
192.6	850.1	1543.8	2749.4	4225.7
192.7	847.2	1545.9	2750.1	4200.7
192.3	838.7	1551.8	2774.1	4120.1
192.5	829.7	1575.2	2743.0	4119.0
193.5	821.5	1615.5	2743.9	4184.0
194.8	809.3	1664.3	2756.3	4223.3
195.7	786.6	1762.0	2762.4	4228.5
197.0	779.7	1804.9	2793.0	4243.8
198.7	738.2	1829.3	2814.4	4295.2
199.4	660.9	1834.0	2806.6	4525.8
199.9	549.9	1792.5	2806.2	4705.1
200.0	495.1	1775.8	2893.9	4550.9
98.3	520.2	2094.5	3443.7	4395.1
64.4	902.9	2281.1	3624.1	4439.1
195.0	1114.3	2589.4	3770.6	4761.8
97.9	1212.4	2798.3	4035.0	4817.9
84.5	1121.7	2816.3	4078.2	4710.5
0.0	970.1	2799.0	3979.5	4607.3
0.0	918.0	2772.0	3837.7	4441.4
209.9	1251.8	2753.2	3668.2	4366.6
205.9	843.8	1849.4	2746.9	4110.1
0.0	567.5	1792.2	2625.9	4149.2
241.9	586.5	1630.7	2438.0	4177.1
208.3	628.9	1599.7	2372.1	4066.3
192.7	617.8	1590.6	2305.6	3991.3
187.8	603.1	1585.7	2275.2	4064.0
185.7	612.7	1567.2	2268.4	4056.9
183.5	592.0	1582.2	2246.7	4115.5
181.7	615.8	1601.8	2259.0	4181.1
178.3	615.2	1630.7	2276.8	4195.8
176.7	599.2	1653.9	2311.9	4269.1
176.3	591.3	1690.9	2351.1	4340.7
174.7	582.2	1681.7	2344.2	4388.0
171.6	554.5	1625.5	2414.1	4519.0
169.0	517.4	1685.1	2459.2	4319.6
172.6	521.8	2279.5	2501.3	4272.3
170.6	530.3	2291.3	2563.5	4281.3
167.9	506.9	2355.7	2592.1	4405.2
171.8	479.6	2511.4	2830.3	4363.3
161.9	590.5	2495.5	3462.5	4336.2
154.8	775.8	2370.9	3534.3	4461.7
76.6	527.9	2324.8	3473.1	4405.0
0.0	526.9	2428.5	3472.2	4351.1
0.0	596.9	2468.4	3478.1	4283.2
529.9	926.4	1359.5	3118.1	4219.2
305.6	805.6	1181.0	3212.6	4260.8
567.8	1083.3	1950.9	3339.9	4178.5
190.0	992.6	1968.5	3430.4	4190.4
0.0	1098.4	1955.3	3466.5	4281.5
391.2	1150.1	1964.0	3455.6	4276.3
0.0	1178.7	1847.2	3314.7	4175.1
0.0	1300.5	1839.2	3225.4	4221.3
96.0	1054.3	1488.4	2976.2	4185.4
77.6	1121.5	1768.0	2919.6	4130.1
116.4	478.0	1576.3	2897.2	4127.9
225.5	477.7	1512.7	2799.1	4098.6
195.7	493.7	1515.0	2763.7	4069.5
189.6	486.3	1517.9	2787.4	4088.9
187.7	479.4	1531.2	2750.7	4067.1
190.3	464.9	1590.5	2700.6	4041.4
190.6	470.8	1701.3	2698.0	4036.7
191.7	457.8	1743.2	2700.1	4031.0
190.5	465.5	1761.8	2722.8	3958.5
191.2	518.8	1726.6	2755.3	3886.1
191.0	530.7	1725.3	2734.9	4004.4
184.7	608.2	1831.0	2732.5	4117.5
183.2	573.0	2159.8	2934.3	3993.6
177.2	439.9	1993.4	3051.8	3715.3
188.0	438.4	1899.7	2903.6	3745.0
201.3	457.3	1933.5	2769.8	3844.1
195.3	461.1	1949.3	2761.9	3881.7
195.7	467.5	1953.1	2761.2	3836.8
195.4	472.8	1948.3	2745.7	3715.7
195.0	496.2	1924.1	2782.6	3635.7
193.7	500.0	1887.2	2832.4	4016.8
188.6	569.4	2289.5	2916.4	4167.4
91.0	405.3	2255.9	3160.6	4270.9
89.9	390.2	2206.5	3306.9	4318.5
185.6	669.0	2092.1	3248.0	4295.7
182.0	935.1	2324.4	3175.9	4317.9
0.0	1096.6	2420.0	3254.1	4127.2
0.0	1084.1	2422.3	3394.7	4225.7
89.4	1043.8	2449.9	3630.4	4420.8
174.0	1123.0	2325.0	3291.8	4215.5
175.4	388.2	2217.9	3114.5	4071.7
187.9	437.1	1285.3	2588.8	3903.6
212.4	449.6	1357.4	2555.9	3977.4
161.4	467.4	1529.2	2587.8	3998.9
154.3	474.1	1704.7	2632.3	3937.9
152.6	478.7	1811.9	2686.2	3986.3
153.6	481.2	1849.4	2748.9	4067.2
154.8	467.9	1878.8	2782.2	4134.2
155.2	849.2	2006.5	3073.6	4339.4
157.2	676.5	2070.2	3287.2	4428.9
151.2	588.5	2143.8	3270.5	4450.1
119.7	545.1	2244.2	3233.9	4469.8
0.0	696.0	2295.6	3208.8	4364.8
168.7	801.4	2155.6	3191.4	4333.5
514.0	880.8	2114.9	3360.2	4435.9
251.6	822.9	2150.5	3306.0	4323.7
0.0	798.7	2274.9	3128.0	4218.2
0.0	427.7	2326.9	3025.7	4210.5
0.0	435.6	2326.5	3089.2	4270.9
0.0	455.7	2276.3	3233.6	4165.5
0.0	976.8	2237.5	3122.3	4124.8
0.0	396.4	2499.3	3107.1	4204.3
0.0	398.4	2544.6	3146.3	4213.0
256.8	421.9	2553.6	3236.5	4274.3
271.7	412.0	2528.8	3071.5	4203.0
212.4	404.4	2552.5	3069.7	4183.6
182.2	401.1	2579.5	3104.6	4183.5
183.0	393.7	2573.8	3071.6	4123.7
181.1	387.0	2554.9	3061.2	4135.6
182.0	395.7	2569.9	3144.7	4183.1
183.3	389.2	2578.9	3166.3	4192.2
186.1	410.6	2554.0	3152.9	4194.6
186.2	546.4	2505.1	3153.2	4267.6
181.2	636.5	2341.4	3638.9	4461.4
89.3	584.8	2328.7	3406.9	4370.8
90.1	587.6	2343.3	3188.5	4303.8
82.8	599.1	2341.9	3456.2	4097.7
0.0	620.9	2455.4	3294.0	3887.9
0.0	684.1	2751.2	3231.8	4139.3
0.0	597.0	2631.7	3079.0	4239.0
260.9	1178.0	2484.4	3038.2	4125.2
260.9	1037.8	2257.3	3031.4	4181.3
275.3	1125.9	2036.0	2988.3	4232.2
180.7	841.0	1764.9	2846.5	4061.7
0.0	1332.0	1829.8	3049.2	4104.4
278.0	1348.5	1990.8	3073.6	4144.7
115.8	1315.6	2034.5	3214.7	4182.0
176.9	1154.9	2163.7	3147.5	4210.3
257.0	1249.5	2308.5	3134.5	4188.8
0.0	799.7	1891.0	3042.8	4169.0
211.3	474.9	1419.3	2855.9	4150.4
0.0	515.7	1418.7	2408.5	4119.7
0.0	530.8	1417.0	1815.5	4122.4
163.8	634.2	1516.7	1881.1	4134.8
160.8	705.8	1532.9	1966.2	4122.0
156.3	727.0	1673.7	2124.9	4070.9
155.3	734.4	1535.9	2087.8	4031.4
156.0	738.1	1653.0	2087.1	4085.3
156.5	738.1	1692.3	2122.5	4221.4
156.7	697.9	1741.7	2229.2	4291.3
156.7	618.0	1744.1	2591.1	4393.3
156.2	696.4	1770.7	3242.3	4374.3
163.4	1209.9	2232.7	3491.1	4276.5
75.5	1200.6	2419.0	3495.0	4218.2
0.0	1095.5	2451.7	3464.5	4272.7
0.0	1155.4	2439.0	3354.2	4323.0
0.0	1348.6	2345.8	3236.2	4263.8
487.1	1346.1	1443.2	3081.5	4438.1
0.0	1423.0	1563.7	3152.5	4624.4
0.0	652.8	1609.2	3113.8	4485.4
293.8	347.0	1687.9	2997.3	4434.8
0.0	501.6	1685.2	2927.2	4403.8
232.2	508.0	1589.5	2564.6	4343.3
78.6	515.5	1529.6	2122.3	4337.9
77.6	513.1	1563.5	2020.9	4374.2
76.0	505.4	1568.0	1990.0	4305.5
71.2	490.2	1586.4	2003.4	4277.5
68.8	491.3	1671.6	1999.4	4303.9
68.2	474.6	1812.4	2404.7	4244.0
75.2	465.0	1774.7	2321.5	4133.1
66.3	458.9	1854.3	2856.2	4104.2
66.1	533.1	1962.9	3024.7	4095.3
76.6	654.4	2101.5	3130.4	4174.8
169.9	694.7	2124.5	3206.7	4119.1
163.4	1276.1	2360.9	3374.2	4243.5
150.9	398.5	2230.5	3175.8	4156.2
73.2	1051.1	2267.8	3125.6	4054.1
0.0	769.6	2080.1	2838.7	3693.2
403.0	889.8	1926.7	2666.2	3901.2
64.7	870.1	1909.3	2944.0	4222.1
0.0	699.3	1843.3	2738.6	4303.8
0.0	686.7	1869.5	2504.7	4354.0
0.0	773.4	1982.6	2690.4	4354.3
86.5	849.8	1865.7	2871.8	4335.2
0.0	840.3	1780.2	2968.5	4292.4
130.8	849.8	1815.5	3169.6	4292.6
150.6	897.3	1972.2	3333.5	4295.2
151.2	925.5	1860.4	3252.1	4302.4
0.0	954.3	1966.5	3238.2	4361.5
0.0	1009.4	2181.9	3279.3	4327.8
0.0	831.5	2196.3	3237.5	4227.4
0.0	804.8	2233.3	3252.4	4298.8
0.0	927.0	2162.1	3230.1	4355.1
0.0	924.7	2081.5	3225.4	4239.7
109.1	993.5	2309.1	3245.3	4248.7
0.0	998.2	2297.7	3193.0	4257.1
0.0	938.2	2280.6	3201.6	4275.1
