0.0	0.0	0.0	0.0	0.0
0.0	0.0	0.0	0.0	0.0
0.0	0.0	0.0	0.0	0.0
0.0	959.1	2261.1	3153.2	4222.0
0.0	874.3	2119.3	3117.6	4168.9
0.0	848.3	2155.8	3215.0	4206.3
169.7	866.0	2201.4	3246.4	4205.8
120.1	868.4	2159.1	3187.1	4201.9
141.2	885.2	2187.6	3109.6	4264.8
176.6	1041.2	2271.1	3170.5	4284.5
0.0	1121.8	2345.4	3298.7	4203.5
0.0	935.8	2349.3	3248.8	4214.1
0.0	912.8	2041.9	3027.8	4254.9
0.0	938.6	2019.0	2945.7	4238.7
0.0	868.2	1998.6	2894.6	4075.1
0.0	959.4	2070.4	2882.0	4062.9
0.0	1005.9	2059.8	2924.2	4140.0
218.2	856.8	2034.0	2960.9	4225.1
242.5	646.0	2009.5	2928.5	4214.6
241.7	740.6	2035.2	2935.7	4104.1
235.5	733.0	2036.5	2951.2	4090.4
100.9	730.3	2023.6	2910.4	4136.0
211.0	744.3	2031.0	2870.1	4152.0
210.5	759.8	2004.2	2868.7	4244.7
207.5	750.1	1944.7	2906.8	4317.2
197.9	727.9	1913.5	2921.5	4312.3
183.1	698.0	1873.3	2948.7	4328.0
83.7	680.3	1800.8	2963.3	4375.6
146.1	651.3	1709.2	2977.0	4376.3
114.5	619.6	1660.8	2970.5	4355.4
238.5	571.0	2170.8	3044.8	4228.9
66.1	974.5	2234.0	3124.5	4229.3
0.0	1069.5	2364.9	3176.6	4226.8
285.7	342.4	2070.0	3261.4	4165.7
136.0	535.8	2074.6	3510.1	4299.9
417.1	1067.8	2145.6	3379.1	4333.0
396.8	716.9	1869.7	3305.2	4305.8
86.8	537.7	1220.4	3733.1	4282.9
247.0	459.6	1095.8	3822.6	4331.0
232.8	456.9	1138.9	3896.3	4404.0
228.8	457.7	1282.7	3788.2	4259.9
230.1	472.4	1207.1	3688.6	4188.9
226.1	446.5	1147.7	3430.7	4093.5
225.2	483.6	1448.4	3038.2	4010.9
109.5	477.7	1660.3	3016.2	3993.1
227.8	483.3	1865.0	3025.5	3999.7
237.1	492.7	2101.4	3020.9	4026.0
246.4	508.9	2285.4	3031.8	3982.1
254.5	516.1	2382.9	3063.8	3983.2
255.7	523.1	2502.0	3093.6	3994.5
258.6	526.3	2567.5	3122.1	4017.3
259.2	506.0	2614.6	3133.4	4056.8
258.2	534.7	2630.4	3146.0	4071.8
260.5	539.7	2677.7	3178.4	4125.2
262.2	563.7	2695.7	3186.4	4110.2
265.8	641.7	2694.8	3164.2	4041.7
264.6	673.1	2709.8	3091.8	4056.2
265.0	693.9	2685.0	3032.9	4152.3
267.5	429.5	2674.6	3087.3	4246.2
264.7	465.5	2699.1	3110.5	4276.8
262.0	489.8	2618.0	3198.7	4244.2
267.9	681.3	2460.5	3136.1	4305.7
264.5	1034.8	2395.4	3254.5	4342.0
83.5	981.6	2377.3	3326.0	4353.5
78.4	899.6	2306.9	3289.1	4338.2
521.7	898.8	2302.7	3341.1	4343.3
571.4	974.9	2296.3	3350.8	4355.2
584.8	1040.2	2396.4	3368.1	4489.0
521.7	960.4	2507.8	3478.9	4682.5
0.0	892.4	2397.8	3482.1	4522.6
0.0	996.7	2467.8	3665.6	4528.1
0.0	990.9	2392.8	3632.5	4446.6
0.0	990.0	2281.7	3356.4	4290.5
0.0	1125.1	2475.9	3351.7	4269.0
0.0	1148.4	2457.5	3278.1	4271.4
0.0	1037.7	2348.3	3239.3	4251.4
0.0	895.3	2136.9	3267.6	4207.2
0.0	1000.5	2774.0	3860.4	4372.9
0.0	968.3	2694.3	3933.7	4621.7
83.4	910.9	2548.8	3514.4	4533.6
545.5	804.0	1956.8	3052.5	4224.0
545.5	841.1	1937.7	3052.0	4192.3
0.0	824.7	1962.3	3068.2	4177.8
0.0	1165.8	2434.1	3333.7	4286.1
0.0	1169.9	2269.7	3309.0	4314.0
0.0	1206.1	2250.8	3184.8	4268.5
0.0	1094.4	2174.2	3225.7	4279.1
0.0	1030.4	2160.5	3150.9	4335.1
0.0	1239.3	2265.2	3111.5	4279.4
0.0	1125.7	2188.2	3196.0	4231.7
0.0	1005.1	2204.4	3245.0	4211.1
0.0	888.1	2247.7	3161.9	4359.9
0.0	787.0	2123.9	3119.9	4354.9
0.0	1039.4	2122.1	3183.4	4337.8
229.4	944.9	2082.2	3170.4	4283.9
224.2	877.2	2016.3	3112.6	4204.1
233.8	547.2	1386.9	2920.3	4047.1
246.2	514.6	1362.1	2910.7	3991.5
213.9	546.6	1331.8	2894.1	3893.5
206.4	527.3	1272.2	2868.4	3801.1
204.8	509.1	1286.0	2854.9	3723.9
204.0	527.8	1389.0	2845.6	3688.0
204.1	547.5	1279.5	2868.5	3707.2
204.5	527.3	1149.9	2862.2	3718.2
204.4	509.6	1383.9	2863.8	3802.7
203.4	492.1	1611.2	2870.9	3709.1
202.0	500.7	1516.4	2913.5	3611.6
200.7	485.8	1370.0	2865.0	3569.8
201.4	453.3	1009.1	2878.6	3487.2
202.3	442.1	927.6	2808.9	3407.6
203.5	430.5	1075.3	2726.6	3379.6
207.6	430.9	1278.0	2702.3	3385.3
211.0	453.3	1410.4	2671.5	3429.1
211.1	472.2	1771.1	2651.5	3637.2
211.9	485.5	1913.5	2660.0	3805.9
212.8	479.1	2018.3	2700.5	3906.1
214.7	514.9	2066.3	2772.1	3965.1
216.0	565.0	1997.6	2815.7	4077.6
217.6	588.9	1912.1	2898.4	4199.1
217.5	647.0	1809.3	3002.0	4236.0
219.1	679.6	1601.0	3098.8	4243.8
220.5	678.0	1481.1	3146.5	4272.7
222.1	677.4	1385.6	3196.4	4272.9
222.4	665.2	1288.4	3230.2	4233.1
221.8	648.4	1213.1	3277.5	4241.4
223.9	592.9	1146.3	3300.9	4288.4
225.6	546.3	1134.7	3269.6	4301.2
225.7	465.3	1591.7	3306.2	4306.7
223.6	466.7	1997.6	3363.4	4292.0
228.5	463.5	1992.4	3284.3	4271.7
227.8	483.6	2146.7	3216.3	4267.6
231.7	1211.9	2360.1	3327.8	4284.0
231.4	1205.9	2346.4	3450.0	4379.3
74.4	1080.0	2348.8	3441.3	4468.1
73.9	1005.3	2098.3	3337.1	4431.2
574.4	842.1	2038.9	3308.5	4243.0
0.0	942.1	2232.1	3313.0	4290.0
153.8	1203.2	2209.8	3231.3	4398.8
214.4	1050.9	2122.9	3256.6	4390.1
0.0	1045.4	2291.9	3308.4	4261.6
0.0	1161.3	2315.3	3262.9	4307.6
0.0	1204.9	2306.9	3203.3	4290.3
0.0	1120.2	2320.4	3159.4	4351.3
0.0	726.5	745.1	2731.4	4186.1
0.0	641.0	1753.9	3023.2	4361.5
0.0	618.2	1715.2	2967.6	4336.3
0.0	612.3	1712.3	2919.1	4231.8
215.2	635.0	1707.1	2925.5	4184.9
204.3	673.0	1735.5	2915.9	4188.0
199.4	711.7	1723.9	2948.2	4181.9
195.6	726.8	1704.3	2947.8	4131.0
194.2	718.3	1689.1	2890.7	4149.9
194.1	720.5	1695.5	2863.3	4098.2
193.6	720.8	1712.0	2852.5	4054.6
191.2	704.0	1715.4	2862.0	4072.9
190.3	683.9	1746.8	2806.9	4080.8
189.2	627.9	1845.9	2738.7	4066.7
189.4	557.6	1934.5	2669.1	4054.5
188.1	507.8	2024.1	2584.3	4122.9
186.8	435.5	2085.4	2551.1	4130.7
181.5	357.9	2229.5	2647.5	4058.7
89.5	367.0	2348.2	3162.3	4198.7
90.7	390.2	2355.2	3207.0	4293.4
198.2	384.9	2498.0	2919.5	4230.6
98.3	419.1	2532.0	2945.9	4160.3
210.9	452.4	2470.0	3050.4	4125.6
205.5	473.5	2480.7	3088.6	4140.3
228.3	461.1	2384.3	3174.7	4116.6
218.5	427.9	2358.0	3024.8	4100.2
189.5	460.8	2345.7	3016.9	4100.5
189.8	569.9	2377.1	3007.3	4092.0
187.6	629.9	2398.6	2994.2	4079.9
187.5	642.2	2403.1	3022.9	4068.1
186.6	626.0	2374.5	2998.8	4083.0
185.5	628.6	2350.1	3021.5	4097.9
183.6	634.5	2338.2	3030.3	4108.2
181.2	637.5	2327.3	3044.4	4101.2
180.4	658.3	2285.4	3050.1	4109.0
177.0	657.9	2240.3	3093.7	4155.3
175.8	675.6	2167.2	3094.1	4171.1
174.7	677.5	2067.6	3072.9	4157.7
173.9	700.8	2019.8	3072.1	4199.6
172.9	711.6	1983.1	3060.2	4223.6
170.8	697.2	1936.5	3098.5	4204.1
170.0	732.0	1898.8	3150.6	4226.7
172.2	697.0	1884.7	3182.4	4293.8
174.2	703.3	1876.7	3199.1	4342.9
175.2	669.6	1880.0	3186.3	4333.4
175.7	644.3	1860.8	3145.9	4347.4
177.8	616.1	1799.6	3094.5	4361.3
180.4	350.1	1766.5	3052.8	4343.9
179.2	350.8	1627.9	2980.1	4386.9
181.5	394.2	1663.5	2978.0	4416.2
186.4	445.6	1575.3	2945.4	4422.7
189.4	444.6	1417.5	2965.5	4407.5
193.7	455.5	1410.9	2981.6	4397.2
196.6	481.6	1596.1	2982.3	4389.6
197.6	462.4	1865.5	3003.2	4410.1
196.3	387.2	1810.2	3047.3	4381.2
200.4	375.6	1808.0	3013.0	4320.1
203.4	331.2	1864.4	2958.3	4260.2
199.6	323.4	1869.3	3001.9	4212.9
203.2	769.2	2033.5	3095.9	4262.3
205.5	890.4	1812.4	3183.3	4230.5
68.6	947.9	1780.8	3213.1	4150.1
68.7	918.5	1802.6	3223.2	4163.3
109.9	926.5	1768.1	3229.6	4144.9
0.0	975.0	1766.1	3192.1	4135.8
0.0	890.6	1678.1	3187.0	4155.1
85.3	755.9	1530.1	3141.3	4117.4
0.0	779.5	1510.7	3209.9	4182.3
85.9	923.5	1451.7	3064.2	4240.8
320.6	1072.5	1698.6	3001.4	4121.0
80.2	1024.8	1623.0	3106.7	4153.6
