0.0	0.0	0.0	0.0	0.0
0.0	0.0	0.0	0.0	0.0
0.0	0.0	0.0	0.0	0.0
0.0	1054.7	1832.2	2939.8	3979.5
0.0	1086.8	1806.2	2870.9	3964.4
262.8	1043.1	1436.1	2857.6	4041.5
310.1	1015.2	1534.0	2923.5	4073.2
0.0	966.3	1902.1	3122.3	4087.4
87.8	959.9	2333.6	3381.0	4189.8
157.5	999.8	2336.6	3367.5	4352.5
320.4	1025.1	2208.4	3248.0	4337.5
0.0	1233.7	2289.5	3312.3	4311.6
246.5	825.5	2139.9	3247.8	4221.0
0.0	807.2	2142.8	3244.3	4231.8
0.0	755.1	2143.5	3161.1	4221.9
0.0	515.7	2080.2	3087.6	4222.0
0.0	493.0	2300.0	3242.4	4254.3
257.0	545.5	2277.1	3226.8	4318.6
268.3	526.4	2655.8	3379.1	4360.7
244.9	532.4	1888.0	2998.9	4382.2
244.4	552.8	2625.8	3457.9	4348.3
249.5	564.1	2662.5	3611.6	4298.9
257.7	630.8	2621.2	3613.7	4193.3
271.9	567.3	1184.8	2623.7	3997.4
275.6	577.3	1336.8	2540.7	3970.8
283.9	594.1	1625.6	2511.5	3954.9
290.1	609.6	1848.6	2484.1	3972.1
300.6	605.1	2071.1	2528.0	4072.9
310.3	589.1	2264.8	2609.5	4118.8
321.5	549.5	2336.2	2714.1	4139.2
333.7	341.9	2371.8	2759.6	4176.7
346.1	364.5	2476.4	2840.3	4302.7
354.0	368.0	2538.5	2804.3	4285.9
181.0	377.4	2391.9	2714.9	4324.4
73.1	388.3	2257.4	2792.3	4346.4
388.8	396.9	2281.3	2774.9	4357.0
395.9	398.7	2404.7	2773.9	4251.8
397.8	396.5	2386.1	2751.7	4265.6
396.4	389.2	2337.7	2687.1	4363.6
389.3	382.1	2307.1	2646.7	4289.0
385.3	367.1	2228.1	2536.9	4050.7
374.2	349.3	1990.7	2456.3	4130.9
353.9	321.0	1769.3	2402.1	4226.6
324.7	297.7	1534.4	2415.9	4110.9
296.1	296.4	1776.5	2477.5	3982.0
284.1	672.7	1942.9	2622.5	3981.0
276.4	723.5	2029.7	2778.4	4131.9
260.2	756.7	2026.8	2876.2	4233.3
250.2	741.5	2024.0	2895.0	4273.5
238.6	710.9	2013.3	2885.2	4270.3
230.0	675.1	1985.2	2885.9	4284.7
219.6	659.7	1985.6	2880.5	4291.7
206.7	664.4	1953.4	2869.3	4346.5
199.0	664.0	1911.3	2863.6	4371.6
190.3	638.0	1902.0	2838.2	4178.4
181.8	551.5	1847.4	2752.1	4059.1
175.4	357.9	1682.0	2722.0	4058.0
84.6	375.0	1722.6	2691.9	4040.3
168.3	376.8	1700.9	2685.1	4078.5
165.6	359.9	1688.0	2694.0	4035.7
163.8	353.5	1626.9	2690.6	3993.5
164.4	383.6	1636.1	2711.0	4008.9
83.0	389.4	1627.7	2730.5	4032.0
257.3	378.2	1623.2	2724.8	4085.9
269.0	394.1	1608.1	2716.3	4100.4
247.2	368.6	1647.6	2717.6	4116.0
65.4	402.5	2299.2	3113.4	4141.7
220.3	426.0	2024.9	3176.1	4110.7
105.4	1306.1	2200.8	3184.2	4154.7
105.9	1250.8	2134.6	3224.0	4202.2
0.0	999.4	2093.5	3187.4	4247.4
0.0	1086.3	2181.8	3389.6	4141.1
0.0	964.8	2139.2	3354.8	4152.1
0.0	891.5	2112.1	3205.2	4227.2
0.0	1066.2	2143.7	3209.2	4244.6
0.0	1235.6	2262.8	3239.8	4279.6
0.0	1187.1	2193.9	3283.0	4175.0
0.0	1050.7	2173.1	3335.0	4197.4
0.0	1089.4	2220.9	3272.8	4217.7
0.0	991.2	2249.3	3260.6	4232.4
0.0	921.6	2137.1	3244.6	4283.7
0.0	891.8	1990.9	3069.7	4221.8
0.0	769.3	1966.2	2990.8	4179.1
0.0	707.6	1975.1	3016.9	4218.2
0.0	1217.7	2351.6	3316.2	4371.4
0.0	1066.7	2350.6	3330.6	4395.2
0.0	998.7	2208.4	3299.8	4299.8
0.0	1090.7	2094.8	3356.8	4334.6
0.0	990.2	2221.4	3355.4	4298.0
0.0	1118.8	2306.1	3344.6	4242.0
0.0	1222.0	2284.3	3281.5	4297.4
0.0	1217.6	2240.4	3278.2	4315.4
0.0	1048.0	2161.0	3182.4	4152.0
63.5	1007.0	2143.2	3073.8	4134.8
0.0	1043.5	2186.2	3236.2	4212.0
0.0	1124.2	2264.8	3341.8	4243.9
0.0	1320.0	2356.5	3332.6	4232.9
0.0	1295.5	2319.3	3256.2	4292.0
121.8	1248.4	2317.2	3340.5	4349.6
0.0	1153.1	2187.9	3280.4	4327.9
0.0	995.7	2122.5	3318.1	4424.6
0.0	802.4	1865.7	3093.8	4265.5
0.0	776.4	1937.5	2946.1	4197.5
0.0	802.5	2038.1	2984.5	4248.5
0.0	788.6	2086.8	3154.6	4328.9
0.0	1335.5	2369.7	3274.7	4443.2
374.9	1050.0	2303.7	3266.0	4486.7
0.0	1103.4	2387.7	3327.2	4553.6
571.4	1127.3	2393.4	3368.7	4471.3
571.4	1094.3	2309.2	3288.8	4478.4
0.0	1001.3	2203.0	3232.0	4473.4
0.0	1131.4	2284.5	3314.6	4494.1
0.0	907.2	2468.1	3427.5	4544.2
307.7	941.4	2556.8	3441.8	4493.0
0.0	1155.1	2625.2	3519.5	4492.6
79.0	1014.4	2582.2	3601.8	4557.2
78.4	1179.7	2582.6	3603.9	4577.4
0.0	1014.5	2315.1	3424.4	4437.0
0.0	928.1	2229.1	3174.9	4290.0
0.0	950.4	2219.6	3137.2	4210.3
0.0	1131.3	2370.4	3323.2	4423.3
0.0	753.1	2164.3	3088.0	4362.1
0.0	474.4	2109.3	2865.1	4367.9
308.3	472.7	2153.6	2879.0	4381.0
226.2	504.0	2215.7	2912.7	4337.1
230.6	564.2	2258.7	2952.0	4351.0
227.6	597.2	2289.6	2967.7	4347.4
227.8	589.6	2334.1	3010.0	4341.1
233.0	605.5	2347.8	3030.5	4324.8
234.4	583.3	2385.6	2974.9	4328.7
238.6	492.5	2412.1	2961.1	4312.8
243.8	505.9	2436.7	3014.3	4309.2
247.2	499.1	2457.5	3063.7	4337.7
251.4	503.2	2479.0	3030.1	4338.3
253.7	504.5	2478.8	2931.1	4243.9
254.1	498.6	2504.7	2874.8	4215.9
247.5	492.4	2575.4	3020.2	4166.3
240.0	302.5	2544.9	3139.1	4190.5
75.3	465.6	2171.9	2936.5	4172.7
75.0	707.1	2068.5	3075.4	4262.7
0.0	798.7	2134.4	3170.8	4305.6
0.0	1388.3	2451.9	3317.3	4374.2
0.0	1151.2	2408.4	3299.8	4292.2
0.0	1212.7	2410.4	3321.0	4268.0
0.0	1129.9	2224.2	3143.4	4240.9
0.0	792.1	2162.4	3043.2	4105.1
0.0	1146.6	2424.0	3353.2	4193.7
0.0	1104.9	2628.5	3316.3	4136.4
525.5	1033.6	2551.0	3189.1	4201.9
0.0	991.9	2473.0	3247.8	4263.4
0.0	1004.3	2526.2	3215.8	4191.0
0.0	826.3	2463.8	3105.9	3950.3
311.5	598.0	2411.3	3148.1	4065.7
310.3	803.3	2383.6	3049.6	3814.7
299.1	614.1	2438.4	3323.3	4200.0
290.3	537.4	2456.5	3271.5	4324.6
285.2	580.2	2089.4	2593.1	4243.5
285.5	580.5	2223.5	2604.2	4279.2
286.8	563.9	2308.9	2652.8	4348.1
289.1	568.2	2317.1	2704.6	4365.4
289.4	567.3	2323.6	2787.2	4372.4
293.2	589.0	2305.1	2813.3	4341.3
297.3	599.3	2252.7	2714.3	4277.6
300.2	612.4	2251.5	2698.1	4239.0
301.0	604.6	2244.5	2689.0	4201.8
298.1	592.9	2220.2	2650.0	4173.1
292.8	580.5	2104.6	2548.5	4141.6
289.5	576.6	2042.4	2491.3	4112.3
286.7	566.6	2017.3	2415.4	4093.2
281.1	563.8	1981.0	2393.6	4067.9
273.6	547.7	1994.7	2373.0	4067.0
264.5	523.8	1986.5	2334.5	4071.0
255.0	510.1	1949.9	2310.5	4057.9
245.7	473.3	1960.1	2329.8	4034.9
239.9	492.7	2001.8	2340.5	4040.6
232.2	469.3	2044.4	2407.9	4074.4
227.5	463.8	2105.6	2364.0	4081.3
221.9	444.2	2183.0	2596.9	4042.0
207.5	496.6	2231.5	2891.1	4059.1
190.7	862.4	2236.4	2892.2	4036.6
185.1	742.4	2219.2	2996.4	4012.5
181.6	459.3	2334.6	3081.6	4124.5
180.9	395.6	2302.7	3053.7	4148.5
190.4	412.2	2265.0	3122.8	4208.0
201.3	419.6	2264.0	3106.8	4245.2
203.5	414.1	2272.1	3075.9	4246.4
197.8	405.0	2293.0	3072.4	4254.6
193.8	395.1	2301.3	3030.1	4245.9
192.2	386.4	2300.8	2949.2	4245.4
191.7	380.2	2295.3	2851.7	4235.0
191.2	378.6	2282.6	2736.9	4191.0
190.4	379.0	2243.5	2454.3	4163.8
191.4	387.5	2018.0	2365.5	4143.9
193.7	405.6	1749.2	2495.3	4116.9
196.1	393.9	2062.8	3149.3	4184.6
92.7	365.5	2008.6	3093.3	4227.5
63.5	1008.8	2291.5	3133.2	4286.6
0.0	999.1	2292.7	3251.3	4334.0
0.0	1070.9	2297.7	3362.7	4340.1
0.0	1106.0	2276.8	3355.7	4254.3
0.0	1022.0	2226.0	3193.3	4134.9
0.0	918.3	2254.1	3156.2	4223.7
0.0	893.1	2049.6	3107.6	4206.4
0.0	767.5	1552.6	2919.1	4006.6
0.0	879.7	1557.4	2836.7	3937.0
0.0	785.3	1525.3	2795.3	3936.0
0.0	1080.1	1736.7	2833.7	4004.1
563.6	1042.5	1774.1	2775.7	3952.5
70.7	861.3	1472.2	2079.0	3552.0
0.0	571.6	1396.1	1918.9	3417.9
228.3	610.3	1414.0	1927.1	3396.0
209.5	591.5	1499.2	1984.3	3401.2
196.6	585.1	1565.2	2084.3	3365.9
189.9	586.0	1690.9	2199.2	3383.9
182.1	607.8	1795.6	2386.5	3487.6
179.2	656.3	1842.1	2520.1	3673.6
176.8	671.5	1884.4	2671.6	3860.0
175.4	668.9	1956.0	2779.6	3975.8
171.7	668.4	2027.2	2838.8	4071.2
170.8	661.8	2072.9	2841.6	4133.9
166.3	646.8	2092.1	2845.8	4093.6
164.6	641.2	2110.8	2862.3	4071.2
166.4	621.9	2116.6	2837.1	4083.9
165.6	611.5	2135.0	2854.7	4112.9
167.3	583.5	2178.3	2885.6	4156.1
168.2	549.2	2196.6	2906.6	4178.3
170.8	540.8	2202.4	2896.0	4174.4
170.6	533.5	2223.3	2896.0	4167.4
175.4	537.7	2245.2	2907.4	4171.1
176.4	540.1	2244.2	2940.5	4209.3
181.6	550.1	2240.3	2957.4	4205.5
182.5	566.1	2244.5	2935.9	4224.9
186.3	584.8	2244.6	2966.6	4253.6
192.8	564.2	2236.1	2946.3	4295.3
200.7	463.8	2228.1	2895.4	4295.6
209.2	443.1	2164.1	2804.8	4226.1
219.3	477.2	2047.0	2849.6	4262.7
218.2	262.2	2066.9	3107.4	4256.2
74.5	264.1	1988.4	3241.7	4326.9
251.0	1014.5	2030.5	3186.2	4372.6
264.7	1198.8	2360.5	3274.0	4267.5
70.3	279.8	2114.1	3161.2	4123.4
0.0	619.7	1946.6	2962.9	4171.3
0.0	676.2	1990.2	2828.4	4254.8
505.2	855.5	1958.4	2826.1	4124.6
301.5	721.3	1920.9	2814.8	4095.7
0.0	981.7	1922.8	2843.8	4131.8
270.2	900.4	1917.6	2838.1	4162.1
0.0	900.1	2016.2	2816.3	4074.0
0.0	944.5	2074.1	2799.3	4052.5
0.0	900.8	2056.7	2821.6	4077.5
0.0	929.1	1916.3	2940.8	4059.0
91.6	974.7	1973.7	2878.2	4076.8
