0.0	0.0	0.0	0.0	0.0
0.0	0.0	0.0	0.0	0.0
0.0	0.0	0.0	0.0	0.0
0.0	788.7	1953.1	2732.5	4018.0
0.0	689.4	1969.6	2811.6	4007.9
0.0	731.9	2074.9	2913.0	4059.0
0.0	819.9	2168.8	2895.0	4096.3
0.0	920.1	2054.1	2869.4	4117.0
0.0	902.9	2286.5	3262.4	4236.9
0.0	829.8	2172.5	3149.6	4258.5
0.0	949.1	2023.1	3075.5	4268.4
0.0	1113.0	2155.4	3138.4	4238.2
0.0	1059.0	2215.7	3193.0	4114.5
0.0	1007.3	2254.9	3310.2	4219.8
0.0	1157.5	2507.7	3387.0	4404.4
0.0	1267.1	2486.1	3280.7	4497.7
0.0	1223.2	2375.3	3305.4	4435.8
0.0	541.0	2074.7	2662.0	4005.8
0.0	394.9	2010.5	2610.7	4002.8
329.7	515.3	1873.2	2567.8	3987.5
285.2	773.3	1967.3	2783.2	4032.1
250.5	795.1	2254.6	3293.5	4236.8
115.9	706.1	2173.4	3262.5	4269.9
221.7	640.5	2167.0	3253.4	4271.1
224.0	686.2	1989.7	3265.1	4339.2
236.8	641.8	1902.2	3027.1	4233.1
246.2	712.2	1950.4	3044.3	4166.2
252.2	888.9	1879.1	3022.5	4152.5
253.5	956.4	1778.0	2908.3	4149.6
253.3	617.9	1642.4	2840.5	4193.8
255.3	584.5	1568.5	2826.8	4120.6
256.0	575.0	1564.3	2819.9	4067.8
253.6	570.8	1671.4	2887.5	4063.0
249.4	746.8	2071.7	3209.1	4329.5
235.1	920.5	2406.0	3491.7	4461.4
75.0	975.6	2257.9	3291.3	4373.6
74.2	1029.4	2172.2	3126.8	4143.2
155.9	1225.7	2329.1	3365.0	4351.3
0.0	1162.7	2373.8	3432.5	4369.1
0.0	1193.2	2351.9	3345.0	4227.9
327.7	1365.8	2458.1	3340.6	4235.3
0.0	1358.3	2451.2	3186.4	4192.4
166.6	1435.2	2616.1	3411.6	4277.9
0.0	1419.7	2455.6	3485.2	4349.7
0.0	1056.7	2210.7	3344.6	4273.6
0.0	655.4	2402.5	3417.5	4204.9
0.0	557.2	1013.6	2837.6	3777.0
278.6	612.9	1016.5	2775.5	3871.8
258.4	647.5	1029.5	2670.8	3698.6
252.3	751.9	1141.6	2647.1	3498.2
244.9	720.6	1214.0	2600.8	3547.8
241.2	727.5	1216.2	2549.7	3591.2
240.1	698.3	1220.9	2451.4	3600.6
241.2	709.4	1240.4	2302.9	3627.3
244.4	720.9	1285.3	2209.4	3662.1
248.1	671.1	1373.8	2128.7	3637.9
251.5	737.3	1462.3	2091.9	3563.6
253.7	697.8	1460.6	2008.8	3571.9
254.1	636.4	1374.9	1911.2	3592.1
255.2	617.9	1311.8	1858.7	3589.8
255.8	644.2	1465.5	3589.2	3654.5
254.3	586.7	1559.0	3481.7	3878.1
252.5	590.1	1669.5	3303.4	3876.4
253.8	555.8	1674.6	3287.9	3907.3
252.6	506.8	1677.4	3280.9	3949.0
249.0	496.7	1461.4	3304.9	4059.7
247.5	503.4	1487.5	3095.9	4096.3
247.3	520.6	1769.5	3089.8	4091.9
244.1	520.6	1720.2	3048.2	4024.9
242.4	496.8	1728.7	3277.8	4085.9
239.2	510.8	2582.8	3654.8	4439.3
229.6	663.6	2788.8	3839.2	4448.7
220.1	712.3	2779.6	3903.9	4479.3
71.8	969.9	2817.6	3909.1	4466.8
218.2	842.0	2761.0	3693.6	4254.5
106.2	870.1	2598.7	3435.6	4166.4
226.4	1391.4	2326.1	3062.3	4108.3
218.2	1267.7	2107.1	2930.8	4127.9
240.0	771.3	1842.1	2873.7	4070.1
247.5	542.3	1713.8	2883.0	4044.9
231.0	456.6	1096.3	2776.7	4018.2
217.1	457.8	1069.2	2788.1	4093.8
213.1	448.4	1073.1	2825.2	4177.8
213.8	446.4	1086.2	2464.4	4136.3
214.9	451.8	1103.2	1695.6	4113.8
218.3	533.4	1154.3	1712.3	4105.1
219.7	630.8	1409.1	1977.3	3860.2
220.5	643.6	1549.9	2168.4	3689.3
220.6	666.2	1600.5	2334.5	3649.9
221.0	719.2	1746.1	2597.2	3673.2
222.4	676.1	1796.9	2698.2	3758.3
221.0	694.7	1815.5	2792.0	3820.7
221.5	663.3	1806.9	2975.0	3805.9
222.1	695.3	1825.5	3069.3	3886.3
222.4	683.5	1793.1	3093.7	4017.3
223.5	654.9	1771.0	3110.3	4084.7
225.5	564.9	1786.0	3114.3	4171.4
226.9	538.3	1825.2	3064.0	4191.4
226.2	458.7	2000.8	3077.5	4244.3
225.3	400.3	2086.3	3258.6	4235.8
227.2	708.0	2162.4	3290.4	4252.3
110.6	706.8	2193.4	3319.3	4215.9
74.4	693.0	2115.0	2871.6	4158.2
88.0	521.8	2284.6	3246.5	4440.2
0.0	910.8	2757.8	3913.3	4942.6
0.0	895.0	2798.1	4000.9	4935.1
70.8	677.9	2742.1	4019.3	4932.2
70.6	439.9	2723.5	4011.2	4781.6
0.0	461.3	1796.0	2969.8	4134.7
245.7	450.8	1741.5	2871.9	4080.8
224.6	427.7	1723.0	2878.8	4090.1
217.4	411.0	1706.7	2857.1	4074.6
209.6	395.8	1694.2	2807.9	4060.9
202.2	365.3	1700.1	2796.3	4102.5
96.6	404.8	1664.4	2804.0	4082.3
183.7	398.4	1656.5	2824.8	4134.3
180.3	388.9	1756.3	3005.0	4140.0
178.3	388.5	1551.3	2827.7	4063.0
175.1	375.1	1555.5	2701.5	4088.0
176.2	455.6	1648.4	2799.0	4207.0
0.0	511.0	1619.5	2856.3	4123.1
185.5	567.6	1555.6	2772.8	3873.0
182.9	542.1	1497.4	2581.3	3828.5
186.4	529.0	1367.5	2286.6	3845.6
188.4	482.7	1273.3	2007.0	3877.8
187.3	688.4	1354.9	2764.9	3930.4
186.7	739.0	1255.7	2725.9	4003.3
184.2	794.1	1248.0	2651.5	4074.2
181.7	607.8	1212.6	2807.0	4075.0
179.1	652.2	1254.0	3126.7	4094.6
182.0	692.9	1302.6	3449.5	4140.0
191.6	681.5	1250.2	3512.7	4169.6
198.3	685.7	1233.5	3539.5	4201.4
201.8	718.3	1291.3	3395.8	4196.7
203.9	751.9	1625.9	2557.3	4236.6
204.9	647.9	1709.9	3477.2	4465.3
204.4	671.5	1723.0	3400.2	4478.7
202.8	666.3	1725.0	3226.7	4306.6
200.7	634.4	1742.2	2854.9	3799.3
197.6	637.3	1747.4	2795.4	3736.9
189.0	665.8	1761.1	2813.0	3788.4
164.8	693.7	1754.7	2821.4	3782.9
79.4	654.8	1732.4	2772.6	3837.6
146.3	600.5	1660.7	2885.7	4138.5
91.6	594.9	1616.5	3158.7	4231.8
166.6	497.6	1594.2	3422.3	4323.5
0.0	482.7	1492.0	3441.5	4385.6
73.6	491.2	1838.8	3333.5	4225.0
73.6	462.6	1521.4	2905.8	4005.7
0.0	454.0	1446.8	2927.2	4093.0
127.3	527.4	1584.6	3047.1	4125.0
239.0	662.7	1576.7	3095.0	3841.0
223.6	693.0	1559.7	3054.4	3805.2
217.9	667.1	1591.2	3068.0	3928.3
229.4	640.5	1590.9	3081.6	4164.4
227.7	632.0	1662.9	3123.9	4243.9
227.2	1087.8	2059.6	3309.2	4281.7
216.7	1230.7	2410.4	3761.9	4843.7
104.0	1226.4	2395.6	3668.0	4939.5
75.9	1213.3	2432.8	3864.6	4826.4
428.6	1198.6	2758.2	4075.8	4638.0
400.0	1092.1	2779.8	3794.5	4341.2
0.0	1421.1	2722.7	3592.9	4319.6
0.0	1391.3	2568.2	3444.4	4284.1
0.0	1361.4	2483.3	3401.1	4271.5
0.0	845.3	2275.3	3379.6	4094.2
0.0	808.8	2151.5	3152.6	4006.7
0.0	767.5	2266.7	3049.1	4028.7
0.0	421.0	2433.9	3191.0	4013.7
236.3	408.5	2362.2	2809.0	3770.7
204.1	407.7	2267.0	2906.3	3872.3
201.9	408.2	2229.8	2853.3	4078.1
202.1	412.4	2110.8	2619.6	4083.4
201.0	425.5	2153.8	3004.5	4139.0
194.4	389.1	2183.8	3159.9	4261.0
63.5	1017.0	2167.4	3153.4	4297.9
207.5	1130.4	2154.3	3258.2	4346.5
87.5	1167.3	2233.2	3291.9	4290.9
0.0	1120.1	2301.9	3301.4	4254.1
0.0	1140.7	2224.4	3336.2	4356.8
0.0	1052.2	2192.6	3329.3	4337.5
0.0	575.5	1968.6	3222.0	4106.6
0.0	599.1	2131.9	3271.3	4469.0
99.3	727.3	2148.4	3297.3	4452.2
0.0	739.8	1965.7	2699.8	3963.0
233.6	614.5	1966.3	2635.3	3872.5
228.0	611.3	2027.4	2670.4	3950.6
218.4	646.5	1958.6	2749.9	3978.4
209.2	669.9	1890.2	2674.4	3833.2
196.6	678.6	1881.7	2644.1	3795.9
185.8	700.3	1886.9	2650.3	3795.6
180.0	706.4	1903.1	2678.3	3775.1
179.2	708.8	1906.9	2689.7	3771.8
176.3	725.3	1887.8	2668.3	3852.0
177.7	715.7	1898.4	2668.7	3947.3
192.4	715.3	1922.5	2674.7	3975.8
209.6	715.7	1935.9	2678.6	3941.0
214.0	713.7	1971.9	2752.7	3934.4
217.0	701.4	1975.2	2773.1	4066.1
216.4	683.0	1994.0	2754.3	3957.0
219.0	699.3	2030.4	2808.3	3852.7
222.2	679.0	2035.1	2877.3	3862.1
112.9	649.1	2099.6	2914.7	3881.7
114.4	632.5	2153.3	2937.2	3886.8
112.4	552.9	2211.5	2938.2	3835.4
115.7	499.6	2238.0	2937.6	3839.9
115.7	496.1	2238.4	2903.9	3793.6
117.2	500.8	2316.3	2927.6	3805.7
117.9	503.3	2346.8	2930.8	3848.1
118.3	499.5	2326.3	2894.8	3904.8
119.2	503.0	2276.4	2872.8	3947.1
122.0	479.6	2117.2	3112.3	4029.3
121.2	319.8	1983.0	3355.8	4339.5
74.4	309.6	1932.3	3202.5	4280.5
216.7	1007.4	2215.4	3206.2	4292.4
209.0	742.0	2059.2	2970.0	4126.2
0.0	709.4	2083.8	2792.8	4025.8
0.0	586.8	2148.1	2736.1	4027.7
228.2	793.6	2200.6	2791.4	3895.0
228.7	793.2	2208.7	2767.7	3842.3
215.0	770.7	2251.8	2895.1	4434.2
207.9	737.7	2178.9	2958.1	4650.1
202.2	748.1	2186.9	3040.4	4502.8
65.2	805.9	2184.3	3124.9	4681.5
0.0	771.3	2077.2	3044.1	4362.8
74.5	800.2	2083.9	3135.5	4393.0
82.2	821.8	2041.7	3344.3	4642.8
0.0	709.9	1959.1	3226.8	4384.5
0.0	708.1	1886.7	3191.7	4248.9
0.0	785.1	1867.8	3219.1	4324.4
0.0	757.2	1911.6	3254.9	4281.0
75.5	665.3	2005.6	3202.6	4280.7
0.0	744.8	1912.0	3284.3	4544.2
144.5	745.3	1859.7	3308.9	4560.1
128.7	696.1	1882.7	3248.7	4435.3
0.0	688.3	1814.2	3221.2	4220.9
