0.0	0.0	0.0	0.0	0.0
0.0	0.0	0.0	0.0	0.0
0.0	0.0	0.0	0.0	0.0
0.0	865.9	2163.0	3010.5	4096.9
0.0	873.2	2166.8	3025.5	4126.3
0.0	1100.3	2236.8	3071.2	4184.4
0.0	1178.2	2313.5	3101.9	4268.8
0.0	1071.8	2343.6	3164.8	4248.7
0.0	992.7	2418.3	3361.0	4363.6
0.0	967.3	2430.8	3429.1	4461.9
0.0	1006.3	2319.8	3283.9	4291.3
0.0	1088.8	2274.7	3313.4	4292.6
0.0	917.1	2401.6	3180.9	4248.8
0.0	874.4	2479.6	3006.6	4254.1
0.0	841.3	2439.6	2984.3	4293.8
0.0	864.8	2378.6	2956.4	4244.3
148.2	983.5	2381.2	3015.0	4265.7
0.0	432.6	2357.4	3087.6	4300.9
261.5	480.8	2497.9	3138.2	4208.9
250.4	525.6	2592.7	3193.9	4212.9
244.3	482.3	2665.8	3217.7	4224.9
246.9	511.3	2681.7	3197.1	4244.7
251.6	506.8	2656.7	3169.6	4282.3
254.4	525.7	2609.7	3157.7	4325.9
255.2	532.9	2565.9	3146.6	4357.2
257.5	525.7	2503.5	3129.8	4380.2
259.2	574.0	2366.0	3105.6	4403.8
261.3	586.3	2276.1	3068.8	4377.6
258.7	728.0	2187.9	3018.8	4367.1
251.1	608.1	2096.4	2959.9	4337.6
245.3	663.2	2007.8	2929.1	4337.9
245.9	621.3	1989.6	2932.9	4367.1
244.7	591.0	2085.7	2913.3	4283.0
250.8	522.0	2121.8	2870.2	4399.1
261.4	558.3	2117.5	2846.1	4363.0
267.1	537.4	2096.3	2759.1	4208.0
264.7	509.4	2045.2	2639.6	4102.5
262.9	523.0	1986.8	2558.8	3949.2
261.5	525.3	1883.9	2405.5	3867.7
261.2	526.0	1853.1	2364.7	3905.6
259.2	517.9	1912.0	2340.1	3898.4
258.0	521.8	1973.7	2367.8	3913.6
257.0	520.9	2015.7	2415.4	3952.5
255.2	539.3	2018.3	2492.1	3976.3
251.3	562.5	2041.3	2537.9	4021.2
249.6	571.8	2127.8	2589.7	3995.9
249.3	555.3	2213.7	2616.4	4087.5
248.2	513.7	2254.4	2621.5	4264.0
245.6	472.5	2325.5	2668.6	4345.1
243.9	514.3	2279.8	2632.4	4149.6
226.1	1369.3	2447.8	3141.2	4228.1
63.5	1148.8	2318.8	3337.8	4318.9
65.2	1012.3	2348.9	3349.0	4360.6
0.0	881.5	1902.2	2983.4	4120.9
0.0	1347.1	1791.2	3091.5	4265.5
0.0	1197.8	2291.1	3338.4	4383.4
0.0	1082.1	2278.0	3291.0	4237.9
0.0	1035.9	2324.3	3091.6	4203.5
0.0	784.8	2205.8	2830.7	4345.5
0.0	425.8	1926.7	2689.7	4506.3
240.1	441.3	2240.0	2853.2	4390.9
229.6	443.4	2112.1	2863.2	4419.8
227.1	446.2	1845.7	2885.5	4350.0
223.7	558.8	1868.9	2920.0	3969.9
229.3	719.5	1822.7	2985.1	3913.5
225.6	762.8	1738.4	2960.4	4015.6
226.4	795.2	1633.3	2851.5	4013.5
226.2	822.7	1572.5	2834.3	4029.5
225.5	839.6	1551.5	2780.6	4020.5
225.1	850.6	1518.5	2777.0	3996.3
225.2	853.0	1479.8	2864.2	3979.6
225.1	854.1	1467.2	2911.0	3984.7
226.7	869.5	1428.3	2957.4	3972.7
227.9	871.4	1386.2	2993.9	3959.2
229.3	851.0	1381.0	3017.0	3963.6
230.3	850.9	1379.7	3057.3	3974.7
231.3	836.1	1330.1	3127.5	3975.0
232.1	807.1	1272.9	3213.7	3976.9
232.4	792.0	1210.0	3262.9	3902.6
232.0	771.7	1171.5	3269.0	3936.4
232.6	731.0	1168.0	3315.8	3934.9
233.7	669.0	1195.5	3340.7	3949.7
235.8	638.4	1211.8	3359.7	4145.4
239.1	608.6	1228.0	3380.9	4226.1
241.2	673.8	1300.3	3373.8	4257.8
244.8	724.7	1518.9	3279.9	4291.7
245.5	724.4	1633.4	3168.5	4327.7
249.3	708.9	1768.3	3098.6	4306.1
247.6	634.9	1974.3	3061.4	4345.6
252.3	557.0	2063.7	3073.7	4393.6
251.1	499.7	2020.4	3046.1	4242.2
254.0	493.4	1889.1	2973.2	4050.3
250.9	336.5	1926.2	2953.7	4060.1
77.1	396.8	2184.8	3124.0	4223.0
77.7	1378.3	2480.4	3426.5	4232.0
251.7	1320.4	2726.6	3569.6	4114.3
0.0	1302.8	2791.6	3690.7	4174.0
0.0	1503.0	2865.1	3741.0	4311.0
0.0	1621.4	2911.5	3704.7	4326.6
0.0	1759.7	2959.8	3721.4	4317.3
0.0	1196.8	2837.2	3710.3	4289.3
0.0	1453.7	2814.6	3730.0	4267.0
214.3	1613.7	2885.9	3775.5	4397.8
64.2	1355.5	2881.8	3767.5	4553.4
0.0	1416.1	2958.9	3818.4	4709.1
106.8	1259.0	2571.8	3783.8	4715.7
0.0	1113.2	2403.7	3429.9	4640.0
193.5	1276.0	2479.4	3384.4	4585.7
0.0	1129.6	2292.7	3393.7	4472.0
94.5	1063.0	2147.4	3496.0	4373.4
0.0	1027.2	2273.8	3453.6	4234.7
0.0	1002.4	2154.0	3270.0	4215.6
0.0	1101.4	2179.2	3362.4	4292.7
0.0	930.5	2259.9	3367.1	4312.8
0.0	558.1	2165.8	3074.0	4345.9
0.0	490.4	2205.1	2910.7	4372.8
249.4	495.3	2278.2	2807.5	4290.4
247.4	465.9	2288.2	2886.2	4367.3
240.1	444.3	2170.2	2984.6	4278.9
73.9	459.3	2126.6	3002.8	4244.7
111.6	1123.4	2407.0	3073.3	4249.7
78.8	1115.6	2346.0	3222.5	4242.5
0.0	1163.4	2382.6	3231.4	4296.1
0.0	1198.3	2380.0	3226.1	4340.0
0.0	1232.0	2300.7	3324.3	4327.2
0.0	1198.7	2190.3	3150.4	4300.5
0.0	1264.2	2630.9	3211.0	4255.6
0.0	1106.1	2847.3	3194.9	4208.5
380.5	967.4	2736.2	3346.5	4344.6
370.6	870.4	2632.6	3383.6	4306.3
259.5	419.8	2532.7	3138.2	4039.2
215.3	424.3	2443.4	2999.8	4019.0
204.8	459.2	2369.8	2884.4	4048.2
200.8	569.6	2281.0	2803.7	4074.6
196.3	584.0	2191.4	2750.3	4058.2
190.1	592.8	2108.1	2698.9	4016.5
185.3	621.1	2029.1	2690.4	4051.4
182.9	653.6	1950.8	2693.3	4062.4
179.4	684.1	1878.7	2721.0	3985.1
177.6	693.8	1826.6	2695.7	3944.7
175.4	688.8	1778.9	2700.7	3908.5
172.7	693.9	1718.2	2710.4	3904.4
168.3	725.1	1625.8	2745.9	3891.5
162.9	796.8	1658.4	2878.7	4021.1
168.4	948.9	2143.6	3121.2	4251.2
178.0	985.9	2221.8	3205.5	4231.3
67.8	1057.7	2263.8	3392.6	4283.8
133.5	810.2	2255.0	3502.1	4303.6
218.2	998.7	2519.0	3507.5	4250.7
0.0	1223.3	2675.5	3383.5	4309.4
208.4	1215.4	2397.2	3356.9	4406.9
0.0	1124.4	2305.4	3442.6	4298.5
0.0	1033.5	2327.2	3390.2	4242.9
0.0	1134.1	2562.6	3446.1	4351.1
0.0	1067.5	2613.7	3423.6	4331.1
76.3	1094.6	2390.2	3342.3	4259.0
72.0	1167.9	2373.4	3316.6	4200.0
0.0	1201.1	2281.5	3173.5	4198.5
0.0	1079.0	2329.4	3320.1	4334.9
0.0	980.1	2271.7	3287.7	4307.7
0.0	1310.3	2284.1	3165.6	4265.1
0.0	788.6	2159.2	3437.9	4347.2
0.0	884.1	2319.1	3662.6	4402.3
200.7	707.8	2488.0	3671.4	4358.9
81.5	718.3	2402.9	3376.7	4201.5
285.7	555.3	2271.9	3108.7	4156.9
413.8	763.3	2064.4	3048.4	4117.2
100.8	696.8	2038.9	3055.2	4038.1
110.3	617.6	2131.5	3057.5	3929.6
0.0	653.7	2124.8	3033.9	3999.3
0.0	749.5	1969.1	3056.0	4068.0
150.9	725.7	1900.2	3170.4	3942.0
161.2	711.5	1897.3	3118.8	4016.1
0.0	728.7	2038.2	2983.5	4301.3
296.3	860.3	2310.2	3157.1	4275.0
0.0	929.9	2433.1	3226.7	4263.2
0.0	1123.4	2456.2	3252.0	4258.1
