0.0	0.0	0.0	0.0	0.0
0.0	0.0	0.0	0.0	0.0
0.0	0.0	0.0	0.0	0.0
0.0	871.3	1945.1	3017.3	4236.8
0.0	1194.8	2135.2	3082.2	4197.0
0.0	1315.7	2426.4	3351.9	4349.8
0.0	1291.9	2386.0	3237.0	4431.9
0.0	1294.8	2393.9	3141.2	4349.9
0.0	1269.2	2399.9	3259.9	4274.1
0.0	1103.8	2298.1	3255.9	4299.8
0.0	990.9	2197.9	3200.8	4269.6
0.0	890.2	2301.4	3280.7	4327.4
0.0	835.9	2292.9	3373.9	4307.5
0.0	798.1	2216.8	3388.0	4346.3
0.0	1061.4	2297.1	3378.3	4416.0
0.0	1111.7	2272.7	3441.7	4398.5
0.0	200.0	2116.2	3157.9	4478.9
0.0	884.7	2094.0	3042.1	4344.5
0.0	575.4	2047.3	3040.8	4208.9
298.9	585.2	2049.4	3114.1	4166.3
264.9	623.8	2111.0	2974.6	4117.7
124.7	640.9	2171.3	2825.2	4068.8
126.8	636.6	2245.8	2852.3	4041.6
128.2	597.8	2310.6	2864.7	4059.1
130.5	551.5	2365.8	2961.3	4066.2
134.2	563.0	2405.4	3046.5	4217.4
136.7	553.9	2406.3	3070.4	4233.1
139.3	565.4	2374.5	3011.2	4109.2
285.7	647.2	2199.4	2843.2	3942.0
291.7	385.3	1695.4	2591.3	3828.7
288.0	295.7	1548.7	2581.9	3889.7
73.8	312.6	1549.0	2593.3	3907.2
306.0	313.1	1554.0	2629.7	4111.6
307.2	310.9	1549.1	2647.8	4140.6
305.7	305.8	1526.0	2654.0	4036.0
301.5	306.6	1539.8	2641.1	3939.4
296.1	299.7	1483.8	2588.7	3938.6
293.0	574.4	1790.3	2645.3	3946.4
295.2	587.3	2066.8	2795.6	3950.1
284.8	624.0	2222.8	2850.6	3998.0
273.2	637.0	2312.7	2901.4	4019.9
261.4	612.3	2349.0	2933.9	4011.5
253.3	610.0	2371.6	2918.2	4004.5
245.5	576.1	2394.9	2900.0	4064.1
242.6	550.3	2478.2	2954.5	4100.8
239.2	525.2	2550.3	2969.3	4163.7
234.2	475.8	2568.6	2936.2	4275.5
230.7	476.1	2608.6	2893.5	4343.1
227.4	509.0	2496.9	2826.7	4318.2
221.4	310.1	2302.1	3115.3	4333.7
69.9	890.1	2284.3	3230.1	4354.8
85.6	1171.6	2257.6	3227.8	4312.3
67.2	559.7	2221.0	3058.0	4275.5
0.0	931.9	2012.6	2865.2	4259.6
0.0	575.1	2043.0	2778.7	4246.7
0.0	597.6	1969.6	2709.7	4196.2
228.4	659.0	1918.4	2672.3	4089.5
221.4	665.9	1856.7	2699.5	4063.4
215.6	668.6	1823.6	2729.7	4087.0
215.5	671.7	1802.5	2751.2	4187.5
215.3	638.6	1774.7	2748.8	4301.0
216.8	570.2	1794.4	2848.4	4411.3
219.5	531.0	1798.7	2895.5	4417.8
221.6	945.0	2325.7	3641.0	4397.8
227.1	970.3	2425.0	3658.2	4413.1
73.2	956.5	2415.6	3559.6	4422.7
300.0	1058.9	2381.5	3503.9	4546.6
0.0	839.8	2172.3	3493.4	4578.1
190.5	889.6	2090.7	3574.9	4470.6
171.8	1354.4	2038.2	3419.6	4465.8
0.0	1245.9	1481.5	3152.2	4425.0
136.3	1524.8	1880.5	3280.9	4344.0
0.0	1238.6	2325.3	3421.8	4325.5
0.0	1246.0	2359.1	3341.2	4326.6
0.0	1146.6	2247.3	3354.2	4287.7
0.0	939.7	1973.3	3104.5	4104.5
0.0	636.9	1943.1	2933.5	3982.3
0.0	589.2	1961.5	2651.9	3985.6
0.0	596.9	1886.8	2607.2	4023.6
229.3	508.1	1827.9	2883.3	3957.4
244.8	449.5	1894.3	2840.0	3910.4
228.1	440.4	1951.7	2774.6	4062.4
221.2	468.7	2237.3	2745.2	4068.5
215.7	465.0	2315.8	2742.7	4027.3
210.8	440.2	2100.4	2761.9	4093.0
208.9	376.0	1866.4	2850.2	4269.1
206.5	395.1	2121.0	3114.0	4353.8
211.2	905.3	2383.9	3428.2	4338.8
217.7	1062.9	2377.5	3534.6	4237.5
0.0	1085.3	2171.1	3341.0	4166.6
0.0	1142.7	2182.7	3293.3	4227.6
129.0	1102.2	2293.6	3324.7	4300.7
349.0	1160.5	2323.9	3305.8	4326.1
415.5	821.3	2136.9	3212.8	4250.3
209.0	797.6	2236.9	3283.2	4266.1
216.2	1000.3	2367.3	3300.1	4320.4
108.9	983.2	2161.2	3176.7	4281.2
0.0	663.8	2073.8	3226.6	4157.9
0.0	628.5	2263.7	3426.7	4105.7
0.0	585.6	2306.7	3504.7	4092.0
234.9	607.5	2321.5	3480.5	4075.5
232.3	675.0	2339.8	3563.2	4088.6
232.4	762.8	2374.9	3571.0	4101.8
236.3	867.6	2211.9	3595.7	4101.3
240.8	947.2	2051.2	3588.7	4119.9
245.6	1023.2	1964.2	3619.2	4102.5
248.9	950.6	1821.8	3481.7	4068.5
253.0	885.0	1654.4	3511.8	4060.0
256.9	828.2	1700.6	3718.7	3891.2
256.1	761.3	1706.4	3451.6	4081.6
256.5	465.6	1866.6	3673.2	4190.6
252.9	646.3	1843.2	3653.4	4213.6
249.1	627.6	1882.2	3530.0	4154.8
244.2	490.9	1937.4	3150.0	4160.6
236.4	471.0	1911.1	2826.5	4141.9
227.0	437.4	1955.6	3075.8	4125.1
219.7	425.6	2060.0	2891.5	4049.6
212.2	450.1	1559.2	2539.0	3955.1
214.2	521.6	1502.5	2656.0	3913.9
213.3	557.2	1583.1	2766.4	3961.0
218.6	616.2	1581.6	2845.5	3947.5
216.2	588.6	1619.9	2861.4	4009.7
217.7	574.4	1696.2	2858.8	4114.2
205.4	586.7	2618.3	3655.9	4423.8
206.8	855.8	2776.9	3821.8	4531.3
105.1	984.9	2750.8	3846.1	4595.0
71.8	1257.3	2711.0	3864.7	4576.6
82.4	1047.6	2659.8	3888.8	4524.0
0.0	899.7	2587.9	3822.3	4583.6
280.4	1064.7	2584.9	3821.2	4607.0
306.3	908.3	2618.6	3839.7	4478.3
282.0	937.4	2665.0	3795.5	4336.5
461.5	1001.9	2732.6	3870.1	4400.9
129.0	1167.8	2694.4	3855.3	4505.2
164.4	1237.5	2668.2	3713.8	4463.7
0.0	717.2	2432.8	3726.4	4501.3
0.0	640.6	2490.4	3706.3	4543.5
0.0	753.3	2497.2	3751.1	4429.7
227.1	736.5	2674.5	3856.9	4345.7
220.1	718.2	2721.2	3824.1	4167.6
220.0	672.2	2674.0	3761.5	4282.5
218.5	667.4	2740.3	3690.1	4297.2
220.5	669.8	2797.3	3725.4	4248.1
223.9	507.6	2739.6	3740.0	4033.8
225.9	497.6	1155.1	2785.1	3955.4
230.1	555.1	1204.1	2802.1	3937.1
231.5	573.5	1254.8	2835.4	3904.4
237.5	574.2	1320.5	2786.2	3925.9
242.3	536.3	1375.7	2788.9	4012.3
248.8	552.2	1420.1	2772.2	3992.0
274.6	500.2	1438.5	2725.3	3951.2
141.7	452.4	1448.0	3150.2	4070.1
89.0	528.2	2368.6	3204.7	4180.9
65.7	558.4	2440.4	3015.0	4260.6
252.4	588.3	2477.5	3001.0	4273.5
72.9	526.3	2487.3	2936.6	4300.8
244.2	544.7	2434.6	2725.9	4142.5
244.7	420.7	2334.5	2583.8	4024.1
248.1	417.5	2037.5	2632.0	4057.4
119.1	271.0	2404.8	3119.7	4213.0
115.0	247.7	2362.0	3268.8	4547.4
116.9	1398.4	2393.9	3390.9	4520.1
74.4	1394.5	1946.8	3260.6	4120.5
476.3	595.2	1738.3	2973.1	4074.7
445.1	479.6	1752.7	2795.9	3978.4
0.0	487.9	1681.7	2611.7	3792.4
214.9	521.3	1645.3	2610.8	3757.4
204.1	547.2	1641.7	2633.1	3718.9
207.9	552.4	1643.3	2622.0	3737.2
244.9	572.5	1680.8	2603.0	3653.8
98.4	560.0	1716.0	2642.1	3751.7
88.0	561.2	1745.2	2667.8	3726.4
74.8	552.6	1792.0	2687.6	3673.5
65.7	549.7	1833.1	2726.4	3665.2
65.4	525.4	1839.5	2759.6	3738.5
0.0	501.0	1831.7	2871.8	3973.5
86.7	240.7	1971.8	3023.4	3956.0
271.9	260.5	2019.6	3029.1	3962.9
233.9	240.4	2083.6	3017.9	4188.4
227.7	255.9	2053.4	3051.1	4245.4
232.7	502.5	2325.4	3003.8	4255.6
232.6	979.3	2331.9	2922.2	4259.0
232.7	702.4	2308.9	2976.4	4258.6
74.7	778.0	2338.8	3171.1	4423.7
0.0	765.9	2223.0	3215.4	4515.7
0.0	718.6	2279.0	3095.4	4435.6
0.0	711.7	2306.0	3021.3	4362.6
0.0	796.8	2202.2	3048.4	4323.1
145.2	839.6	2193.4	3087.5	4439.1
126.8	862.4	2243.8	3108.8	4474.9
100.9	863.5	2209.8	3069.1	4435.3
0.0	802.9	2090.1	3110.8	4465.2
0.0	767.2	2119.2	3167.4	4408.4
75.0	884.4	2144.1	3149.1	4420.6
0.0	974.6	2169.4	3120.2	4553.4
0.0	703.9	2218.5	3123.0	4430.9
82.7	948.8	2203.7	3133.0	4377.8
0.0	955.5	2118.6	3207.9	4331.7
