0.0	0.0	0.0	0.0	0.0
0.0	0.0	0.0	0.0	0.0
0.0	0.0	0.0	0.0	0.0
0.0	992.2	1944.3	3262.8	4266.7
0.0	963.6	1911.7	3320.4	4268.5
0.0	921.9	1846.3	3257.5	4117.2
0.0	809.5	1815.4	3196.3	4088.4
0.0	905.1	1771.5	3123.9	4030.5
0.0	975.0	1808.0	3100.4	4160.8
0.0	1012.4	1944.5	3198.6	4254.9
0.0	1060.4	2313.6	3332.6	4275.8
0.0	1075.2	2344.3	3252.4	4238.9
0.0	899.1	2230.2	3189.2	4357.1
0.0	879.9	2161.1	3137.5	4504.6
0.0	849.7	2231.1	3189.9	4481.9
0.0	924.7	2402.2	3364.9	4610.1
0.0	640.4	2281.7	3261.0	4548.8
0.0	515.2	1273.1	2693.5	4204.8
278.7	514.3	1242.6	2555.8	4118.2
258.9	507.3	1424.7	2581.0	4128.2
252.7	504.3	1617.5	2739.1	4279.1
250.2	489.2	1804.6	2877.4	4505.2
247.8	491.0	1910.8	3150.6	4477.8
241.5	504.4	2215.6	3422.3	4411.2
118.2	785.9	2329.2	3605.0	4500.1
66.0	860.9	2366.7	3620.4	4569.8
66.1	666.8	2210.9	3217.6	4435.1
0.0	744.4	1947.4	3035.5	4198.0
0.0	575.0	1965.7	2965.2	4216.6
0.0	521.3	1930.3	2824.9	4371.2
284.2	520.5	1831.7	2814.4	4279.5
265.2	514.0	1789.0	2783.8	4257.4
258.9	508.0	1761.2	2746.7	4250.6
254.8	497.7	1721.4	2711.6	4224.4
250.3	494.4	1693.6	2694.5	4263.1
246.8	484.4	1663.4	2653.4	4420.2
242.8	475.7	1686.0	2667.5	4538.3
239.5	457.7	1838.7	2851.9	4465.8
226.0	738.1	2173.4	3337.6	4626.0
220.0	1414.2	2446.1	3655.0	4729.6
105.8	1457.5	2202.1	3433.9	4542.4
66.9	1427.9	2172.3	3258.6	4377.4
300.0	1211.4	1991.2	3115.3	4435.3
125.0	1396.3	1844.6	3036.9	4358.2
0.0	1470.0	2072.9	3329.4	4812.9
0.0	1496.9	2131.3	3305.1	4862.3
0.0	1501.5	2003.2	3297.3	4515.0
0.0	1431.2	2038.1	3141.3	4403.6
0.0	1328.1	1765.8	2921.2	4342.1
0.0	1193.4	1712.1	3027.2	4254.5
0.0	1117.2	1695.3	3014.2	4228.6
0.0	849.1	1341.2	2926.4	4155.2
521.3	961.8	1721.3	3104.8	4099.7
537.6	779.8	1689.7	3063.0	4217.6
0.0	540.7	1319.3	2898.6	4403.5
279.5	541.7	1301.9	2895.9	4331.5
265.1	573.1	1335.8	2854.1	4222.6
262.4	624.6	1361.2	2889.1	4133.7
259.0	655.8	1372.7	2947.9	4162.8
257.4	704.4	1410.0	2930.6	4152.4
257.2	695.1	1466.3	2903.1	4133.3
257.6	683.2	1494.1	2855.3	4124.8
256.1	650.5	1493.6	2861.4	4172.9
259.0	630.3	1468.0	2833.1	4182.4
260.6	570.7	1454.5	2793.3	4190.6
260.4	516.5	1393.6	2792.8	4125.0
259.5	503.1	1305.8	2786.2	4050.2
256.8	518.6	1258.1	2807.7	4078.2
254.3	457.1	1224.1	2756.0	4059.9
81.7	457.1	1212.2	2788.4	4150.9
239.5	394.3	1191.4	2899.8	4164.4
236.4	350.9	1219.7	2892.7	4160.6
236.3	241.4	1765.4	2931.7	4156.2
79.0	316.1	2254.2	3206.9	4159.6
234.5	1094.1	2427.3	3401.0	4277.1
237.9	1078.3	2283.4	3360.8	4215.4
0.0	1277.4	2312.2	3421.1	4272.6
0.0	1246.9	2425.0	3442.5	4331.9
266.7	1188.9	2443.0	3520.3	4306.6
0.0	866.8	2211.9	3275.5	4208.1
325.4	1047.4	2266.9	3293.2	4286.6
567.9	1156.9	2225.7	3449.5	4330.0
0.0	603.2	1469.4	2977.3	4131.2
288.8	559.2	1374.8	2708.2	4101.2
278.8	563.2	1423.5	2665.1	4108.8
279.8	570.9	1465.4	2637.8	4150.7
279.0	562.8	1526.5	2637.4	4125.3
275.7	569.3	1581.8	2658.7	4081.1
272.3	590.6	1618.6	2658.8	4050.1
271.3	592.7	1645.7	2651.9	4032.0
268.9	595.4	1692.0	2653.6	4050.8
266.4	601.9	1770.1	2643.9	4086.9
262.1	621.8	1816.6	2654.7	4117.0
254.3	655.0	1844.8	2693.4	4177.9
239.0	610.9	1922.2	2781.2	4187.4
217.2	571.1	1994.8	2695.7	4111.1
190.2	548.2	2014.0	2718.4	4049.9
149.8	493.2	2054.0	2788.6	4040.8
75.3	489.9	2172.0	2846.0	4162.6
242.3	496.1	2253.4	2861.5	4333.6
251.0	478.9	2329.8	2939.1	4385.4
238.5	468.5	2423.0	2908.3	4350.8
227.4	454.4	2503.6	2989.4	4431.7
224.5	462.2	2493.5	2957.1	4463.9
223.5	432.4	2473.8	2980.8	4461.8
226.2	465.0	2442.2	2990.9	4372.1
230.8	474.0	2428.9	2900.4	4308.1
237.2	477.2	2463.0	2893.2	4229.1
237.1	467.9	2482.7	2951.9	4064.9
232.8	477.9	2351.6	2815.4	3956.2
230.3	469.8	2126.5	3086.7	4025.1
227.2	438.1	1976.2	2719.6	4327.9
224.2	457.6	2161.1	2748.0	4360.0
223.8	456.4	2162.0	2756.5	4334.8
225.1	451.5	2168.4	2791.2	4342.2
224.1	508.0	2224.0	2836.2	4374.8
224.2	442.9	2113.6	2843.7	4329.4
222.1	535.5	2058.3	2869.7	4240.5
224.1	661.1	1832.6	2892.3	4149.6
232.0	648.3	1302.0	2805.6	3922.3
221.6	673.7	1435.7	2873.4	3881.1
219.8	692.2	1545.7	2974.7	3881.9
217.8	680.2	1600.2	3064.2	3906.9
217.3	692.0	1685.2	3076.0	3932.0
216.3	672.5	1728.7	2968.5	3918.0
216.0	680.4	1780.3	3067.5	3962.2
215.7	672.1	1823.8	3125.0	4027.1
215.9	689.5	1804.4	2787.8	3973.5
215.3	667.7	1720.7	2553.4	3967.9
215.8	622.8	1649.3	2505.4	4003.0
113.6	587.0	1521.6	2495.7	4085.9
135.4	550.0	1281.8	2607.1	4217.2
95.4	527.4	1121.7	2875.1	4317.9
279.2	515.2	2024.2	3536.2	4373.3
139.7	543.7	2412.7	3771.1	4439.9
136.2	600.6	2456.8	3692.0	4449.0
352.5	554.2	2404.1	3617.5	4342.3
89.0	584.4	2433.7	3677.7	4404.9
92.9	615.9	2488.2	3787.5	4485.9
365.0	607.3	2471.6	3886.2	4410.8
425.0	719.3	2577.3	3926.5	4347.1
430.3	508.7	999.0	2690.5	4286.5
108.5	574.8	1094.2	2665.4	4330.4
216.6	566.1	1203.1	2840.0	4274.2
223.2	604.7	1270.5	3051.8	4320.2
225.9	638.8	1272.7	3085.8	4288.3
226.2	629.5	1272.6	3015.8	4256.4
228.6	640.4	1277.9	2852.1	4151.5
229.8	699.9	1270.9	2772.4	4027.0
230.7	632.2	1266.7	2730.8	3960.3
231.4	608.0	1235.5	2738.8	3983.6
232.0	579.8	1185.8	2780.7	3984.2
232.1	532.3	1115.9	2760.6	3973.1
230.4	454.9	1034.4	2665.7	3957.2
227.0	761.8	1881.7	2707.5	4100.0
223.3	722.6	2425.6	2951.2	4325.7
73.0	524.7	2233.2	2687.9	4123.1
212.6	407.1	2275.3	2971.5	4151.7
212.6	405.2	2208.3	3009.5	4188.6
212.8	491.3	1953.5	2866.8	4103.1
217.2	449.3	1864.4	2649.7	4042.9
216.5	453.7	2128.1	2668.0	4145.5
227.7	454.8	2255.8	2794.3	4201.0
227.7	449.2	2361.1	3625.9	4199.6
223.7	450.1	2436.7	3562.8	4278.1
223.7	443.9	2444.7	3621.4	4339.0
223.8	445.8	2426.9	3577.7	4288.2
221.6	433.2	2414.8	2564.5	4280.0
219.2	420.8	2277.0	2552.5	4326.2
106.9	402.8	2191.7	3107.4	4261.1
67.1	482.7	2006.5	3071.5	4215.2
209.0	345.1	1991.7	3098.9	4224.3
215.4	983.4	2027.4	3248.4	4141.7
216.5	1114.2	1685.0	3136.6	3689.0
298.3	1008.4	1547.7	2955.0	3531.0
299.4	651.6	1418.0	3029.1	3531.7
0.0	460.6	1387.7	2669.9	3491.7
235.0	446.2	1414.0	2342.1	3588.6
220.2	458.8	1407.5	2241.6	3559.2
220.3	483.6	1486.7	2174.0	3591.0
216.7	529.5	1547.2	2186.9	3780.9
218.7	539.7	1593.8	2198.0	3870.5
220.3	576.3	1720.5	2210.4	3926.4
221.4	575.0	1817.1	2234.7	3970.8
223.5	588.6	1895.7	2258.1	4024.4
224.0	578.1	1954.2	2313.0	4047.1
224.5	584.9	1979.6	2366.1	4040.9
225.5	566.1	2014.2	2567.8	4043.7
225.7	556.0	2052.2	2637.7	4083.5
226.3	539.9	2058.4	2712.4	4105.5
226.7	505.5	2084.2	2609.6	4080.2
227.8	477.4	2096.2	2559.7	4056.7
227.1	462.7	2094.7	2501.2	4087.4
223.6	468.3	2055.1	2476.0	4084.3
216.3	497.5	1988.6	2456.1	4129.5
109.1	490.7	1951.6	2439.3	4081.9
73.2	469.7	1628.4	2424.8	4048.2
111.1	476.9	1579.2	2437.1	4121.5
75.0	733.6	1678.5	2602.1	4179.3
270.7	893.8	2103.6	3042.5	4228.2
232.6	1119.6	2238.5	3213.4	4245.4
76.1	1183.1	2334.5	3280.4	4336.4
211.2	1060.7	2308.5	3315.5	4459.0
0.0	1128.8	2216.5	3420.7	4367.5
132.8	1155.0	2243.4	3353.2	4207.9
244.9	1140.2	2270.0	3303.4	4260.0
266.7	1142.2	2173.6	3212.4	4296.2
554.9	1142.6	2126.6	3145.1	4266.1
131.3	980.1	1938.2	3080.7	4081.2
0.0	933.4	2178.0	3322.0	4095.6
235.1	586.8	1046.8	2899.3	4062.6
285.8	599.2	991.2	2793.6	4099.9
111.6	610.2	963.4	2859.2	4056.3
111.2	628.9	987.1	2888.4	4034.4
109.8	627.9	1001.6	2905.4	4039.9
105.8	608.8	985.4	2940.7	4030.1
103.9	625.5	1026.4	2955.3	4077.6
106.1	631.4	1031.6	2935.6	4073.8
106.6	626.2	1066.6	2968.5	4050.9
105.6	636.0	1028.8	2994.1	4026.7
104.8	618.5	999.3	2979.4	4003.8
106.7	592.3	1007.3	2942.8	4000.7
107.2	635.1	1093.8	3024.3	4002.7
111.6	845.4	1508.7	3116.1	4088.4
112.7	867.1	1761.3	3360.8	4221.7
219.9	900.3	1927.4	3425.5	4213.4
106.0	953.3	1944.4	3518.6	4271.3
69.9	952.0	1784.7	3699.9	4434.3
110.7	998.8	1745.3	3700.3	4454.1
0.0	1013.9	1693.6	3626.8	4585.8
0.0	1003.6	1769.9	3652.3	4523.2
0.0	969.1	1927.3	3426.2	4333.9
556.9	997.0	1740.2	3410.6	4248.7
582.9	1038.1	1911.7	3441.0	4300.9
0.0	1028.9	1986.6	3384.6	4405.5
0.0	994.1	1936.0	3302.2	4381.6
0.0	1006.5	1959.2	3412.1	4325.4
0.0	1016.6	2182.1	3351.8	4321.2
0.0	977.6	2246.5	3319.5	4347.6
0.0	978.9	2242.6	3323.0	4310.5
