0.0	0.0	0.0	0.0	0.0
0.0	0.0	0.0	0.0	0.0
0.0	0.0	0.0	0.0	0.0
0.0	899.3	1981.0	3277.4	4623.0
0.0	922.8	1969.7	3207.3	4351.8
0.0	1017.3	2206.3	3162.4	4244.6
0.0	982.0	2185.3	3125.5	4161.6
0.0	880.6	2110.8	3080.1	4225.3
0.0	1104.6	2240.0	3276.6	4306.1
0.0	938.8	2134.0	3259.2	4254.4
0.0	882.7	2039.7	3192.3	4139.7
0.0	939.0	1987.1	3141.7	4211.5
0.0	1167.2	2121.3	3327.7	4315.2
375.0	1088.2	2183.4	3446.8	4220.2
0.0	1199.4	2250.1	3395.0	4204.2
73.2	1145.4	2132.5	3234.8	4223.8
208.5	882.3	1997.1	3237.1	4119.2
202.5	549.4	1447.4	2274.0	3696.1
234.6	594.4	1459.7	2299.8	3562.2
209.9	654.0	1524.5	2707.8	3635.5
208.7	677.5	1616.3	2790.4	3689.2
212.6	706.2	1625.2	2740.3	3616.1
213.0	721.2	1583.1	2582.7	3529.5
216.0	748.6	1503.1	2434.9	3492.8
218.0	760.7	1465.9	2455.0	3568.3
220.7	770.5	1359.2	2495.4	3583.4
225.0	768.0	1355.3	2452.8	3566.0
227.6	749.5	1624.0	2464.7	3594.2
227.8	727.8	1727.3	2701.3	3715.1
225.8	682.3	1692.7	2901.6	3971.1
110.2	946.6	1817.5	2983.5	4136.2
112.4	1035.4	2155.5	3124.4	4178.9
0.0	1281.4	2153.6	3229.6	4229.9
0.0	1272.5	2179.4	3369.2	4349.3
0.0	1080.9	2128.0	3339.7	4301.7
199.9	1045.3	2149.2	3224.2	4216.4
294.5	996.5	2049.3	3103.5	4252.2
0.0	969.0	2062.0	3185.4	4279.9
270.7	938.4	2183.0	3175.3	4286.9
0.0	965.6	2195.1	3114.4	4298.7
0.0	1055.9	2302.7	3295.1	4437.3
0.0	1139.7	2354.3	3444.2	4712.7
0.0	525.2	1977.6	3374.0	4484.8
0.0	1069.2	2177.5	3660.2	4572.5
0.0	1074.7	2230.8	3770.9	4455.6
121.3	1025.8	2180.6	3427.5	4371.0
93.9	999.2	2211.8	3216.4	4354.6
79.8	916.3	2051.2	3269.1	4347.1
340.5	830.2	2078.7	3304.9	4268.4
101.9	667.5	1911.5	3337.3	4038.8
0.0	590.0	1273.0	3208.6	3924.8
264.1	612.2	1209.6	3103.5	3968.2
243.2	655.1	1238.6	3065.3	3899.6
231.0	690.7	1236.5	3013.1	3796.6
224.8	721.7	1260.9	2966.6	3785.7
220.4	736.2	1270.3	2945.6	3758.2
214.2	752.9	1276.7	2890.9	3724.8
207.9	768.9	1284.0	2852.9	3732.2
205.5	782.1	1297.1	2815.9	3687.7
203.8	771.5	1314.7	2803.9	3687.2
202.6	771.8	1383.7	2798.0	3712.4
201.2	779.3	1465.4	2795.5	3701.2
201.6	787.4	1545.0	2770.6	3738.5
202.3	787.9	1536.6	2719.5	3771.5
203.5	778.8	1563.3	2677.0	3833.5
205.4	738.0	1583.0	2667.5	3900.2
208.1	701.1	1557.2	2577.8	3869.5
206.7	656.9	1558.4	2639.4	3831.9
203.9	626.2	1606.3	2876.9	3880.5
199.1	601.0	1716.2	2842.1	3788.5
198.5	565.8	1751.2	3259.1	3906.6
194.2	523.3	1497.0	3398.4	4146.7
102.5	515.9	1517.4	3360.1	4242.5
79.2	482.9	1541.0	3295.1	4119.5
188.8	459.1	1578.8	3286.3	4078.6
86.8	445.4	1734.6	3333.9	4144.0
85.0	505.7	1836.5	3417.7	4220.7
78.2	515.1	1872.3	3459.8	4192.3
221.6	519.8	1563.4	3150.7	4129.4
201.6	521.7	1586.9	3189.6	4139.9
187.5	584.8	1506.6	3277.3	4084.3
187.1	541.5	1338.8	2012.5	3696.7
184.8	568.8	1430.7	2047.5	3795.3
187.2	582.4	1526.3	2096.3	3753.8
188.9	620.8	1617.7	2227.4	3664.5
189.6	679.4	1808.7	2599.3	3720.5
188.2	709.9	1885.1	2862.4	3830.5
186.6	733.1	1878.6	2920.1	3844.0
184.9	728.9	1915.4	2886.4	3787.5
183.8	723.4	1970.9	2919.9	3782.0
181.1	726.9	1986.3	2924.1	3781.4
181.6	738.3	2006.6	2966.3	3819.5
183.4	730.9	2001.2	2986.8	3861.3
185.9	756.4	1987.9	3057.0	3862.1
188.2	749.3	1975.5	3066.1	3880.3
189.1	772.3	1941.3	3024.4	3884.3
189.8	764.7	1922.0	3069.3	3898.2
189.2	769.1	1892.7	3047.3	3926.9
190.7	772.4	1792.6	2961.1	3999.1
192.5	752.4	1815.0	2985.2	3982.3
193.8	727.8	1860.8	2893.4	3950.5
191.6	811.6	2016.7	2949.6	4112.7
190.0	945.8	2160.1	3392.8	4238.7
93.7	1344.6	2317.3	3660.6	4450.5
82.5	1392.5	2365.3	3710.7	4565.3
0.0	1123.0	2472.9	3668.1	4610.2
0.0	1410.0	2737.7	3670.0	4701.2
0.0	1075.9	2722.4	3551.7	4585.5
0.0	1137.9	2698.8	3566.4	4635.0
0.0	1046.6	2551.5	3441.8	4679.9
571.4	1112.4	2574.9	3487.5	4707.3
133.3	1033.2	2491.4	3457.5	4795.2
244.9	883.5	2355.8	3495.8	4764.8
233.4	1371.1	2558.1	3547.4	4437.1
240.4	971.2	2151.9	3185.7	4028.7
0.0	904.8	2084.7	2980.2	3944.3
222.7	880.9	1980.1	2868.6	3908.3
0.0	942.3	1997.5	2854.4	3937.5
0.0	981.4	2016.0	2929.0	3986.1
0.0	900.7	2012.4	2973.0	4004.2
201.0	447.8	1969.3	2889.8	3946.7
228.8	460.5	1964.7	2746.9	3933.5
206.1	480.1	1947.3	2740.6	3912.8
198.4	541.2	1948.1	2751.7	3888.2
195.8	547.2	1947.3	2746.1	3910.5
193.5	549.1	1880.0	2713.9	3877.5
190.4	532.5	1806.5	2693.0	3879.8
188.7	509.9	1800.1	2707.8	3918.1
186.9	500.6	1869.3	2783.0	4010.5
185.3	576.0	1901.8	2920.9	4097.6
183.1	1102.1	2089.8	3373.9	4310.1
89.0	1103.6	2125.5	3381.5	4295.8
78.6	1231.4	2360.7	3520.8	4398.7
70.6	1193.7	2403.5	3598.8	4480.1
0.0	930.3	2529.7	3583.9	4400.0
244.9	1143.5	2460.0	3608.7	4534.8
91.1	1055.1	2248.5	3490.4	4530.6
92.9	982.4	2339.3	3368.4	4364.0
428.6	1022.2	2407.7	3397.4	4344.2
0.0	1526.4	2626.4	3651.9	4566.3
120.0	861.1	2375.1	3504.9	4470.6
104.3	929.1	2372.3	3494.8	4363.7
69.4	935.2	2262.3	3364.3	4306.9
172.2	978.2	2278.1	3293.8	4185.5
0.0	1556.9	2592.7	3470.8	4215.3
231.7	1560.4	2501.5	3424.6	4244.9
77.6	1542.1	2433.5	3490.5	4427.0
0.0	1532.8	2371.9	3468.5	4415.0
0.0	453.4	1640.4	2714.3	3793.9
0.0	501.2	1747.8	2547.7	3702.4
197.0	575.7	1799.8	2576.6	3755.2
192.6	570.8	1834.8	2644.7	3818.1
187.2	554.4	1822.6	2701.8	3811.9
183.9	548.6	1797.7	2680.9	3826.8
178.8	560.0	1747.8	2684.0	3883.6
173.9	562.2	1705.7	2686.3	3879.1
166.6	561.3	1697.6	2680.1	3872.1
164.1	572.2	1674.5	2707.5	3868.1
159.4	571.8	1632.2	2694.5	3917.3
157.1	578.7	1595.0	2681.5	3921.2
156.5	569.5	1586.1	2721.3	3919.0
157.6	565.3	1565.9	2760.6	3930.4
161.8	554.4	1591.9	2748.5	3943.8
182.1	578.1	1684.0	2730.0	4029.5
83.8	695.5	1725.8	2758.9	3972.3
189.3	706.0	1715.5	2920.5	3925.5
176.6	761.9	1933.1	3473.5	4188.5
85.0	824.9	2035.1	3503.1	4553.6
83.8	943.9	2114.9	3355.5	4519.4
86.9	950.7	2133.6	3428.1	4465.2
0.0	926.7	2012.6	3315.2	4367.3
452.7	1108.9	2068.1	3345.5	4362.6
455.0	1273.0	2253.4	3309.0	4333.9
98.4	1238.7	2409.4	3379.6	4372.4
0.0	1286.3	2531.3	3494.0	4551.9
0.0	1370.5	2562.8	3515.5	4616.5
285.9	1314.1	2403.2	3369.7	4464.7
0.0	866.0	2254.1	3323.6	4380.7
260.9	1217.4	2353.5	3432.5	4396.6
146.1	1406.0	2243.9	3436.0	4428.0
146.7	1334.2	2340.3	3473.1	4424.5
146.3	1436.4	2549.3	3539.3	4401.6
0.0	868.5	1851.3	3160.0	4328.1
571.4	1171.3	2145.0	3311.5	4330.5
0.0	1195.9	2280.9	3437.5	4359.0
260.9	1260.7	2337.6	3404.9	4314.4
0.0	859.8	1852.7	3240.0	4213.3
0.0	731.5	1769.8	2975.7	4162.6
0.0	843.8	1701.1	2747.3	3999.2
266.5	893.0	1697.8	2756.1	3953.6
88.5	885.2	1742.7	2820.6	4032.8
0.0	939.5	1778.5	2882.2	4065.6
0.0	962.3	1759.9	2930.5	3989.9
0.0	915.9	1753.9	3104.3	4027.9
0.0	909.7	1774.4	3123.4	4035.8
0.0	938.1	1770.9	2755.3	3901.1
0.0	993.5	1825.6	2970.3	4010.0
0.0	1000.3	1791.6	2927.8	3954.0
0.0	842.1	1691.4	2836.4	3922.4
0.0	765.2	1635.1	2853.5	4038.2
0.0	771.2	1643.4	2889.2	3934.6
0.0	851.1	1790.6	3026.6	4019.9
0.0	826.1	1845.6	3046.8	4141.9
0.0	819.3	1727.8	2998.9	4213.7
0.0	808.2	1639.6	2963.2	4135.9
0.0	687.0	1661.6	2943.7	4007.0
0.0	1039.1	1939.1	3184.9	4214.5
0.0	933.5	2267.2	3260.2	4465.7
0.0	822.4	2176.1	3245.0	4408.2
0.0	985.1	2181.6	3277.0	4305.8
0.0	1030.9	2204.4	3293.7	4309.7
0.0	1043.8	2232.4	3268.7	4244.7
0.0	844.3	2097.1	3141.0	4122.7
0.0	826.5	2199.2	3232.2	4174.0
0.0	1008.0	2048.4	3255.8	4242.0
0.0	916.8	1931.9	3271.6	4200.1
0.0	855.3	2101.1	3241.6	4258.0
0.0	1044.6	2382.5	3260.9	4273.4
0.0	1205.5	2300.6	3225.7	4188.8
0.0	1080.3	2237.3	3246.2	4169.7
0.0	975.6	2212.1	3377.8	4186.9
0.0	895.7	2142.7	3275.6	4204.8
0.0	874.0	2194.0	3096.4	4223.9
0.0	1289.1	2231.3	3190.4	4274.7
0.0	1170.5	2131.5	3161.9	4273.1
0.0	816.7	2288.4	3258.1	4274.9
0.0	1059.2	2421.4	3393.4	4382.0
0.0	989.2	2156.4	3233.2	4263.5
0.0	947.9	2157.8	3148.2	4175.0
0.0	1203.9	2329.1	3289.2	4300.2
0.0	1042.5	2288.4	3321.4	4309.6
0.0	936.3	2259.0	3297.8	4325.6
0.0	974.1	2256.0	3303.3	4290.5
0.0	1018.7	2136.0	3091.6	4242.1
0.0	1011.4	2307.9	3248.1	4252.4
0.0	1038.2	2272.5	3224.2	4210.7
0.0	1029.7	2212.8	3147.3	4260.7
0.0	1063.6	2211.9	3223.5	4368.7
0.0	1185.4	2367.8	3292.8	4406.3
0.0	1034.9	2398.5	3271.8	4341.5
0.0	968.0	2116.3	3237.6	4242.0
0.0	1082.8	2063.0	3239.4	4276.8
0.0	1211.8	2235.0	3303.3	4311.7
0.0	1207.4	2453.0	3435.8	4440.8
0.0	1077.9	2200.0	3318.9	4304.0
0.0	1354.9	2257.3	3350.1	4285.6
0.0	1286.7	2142.3	3243.9	4297.0
0.0	991.5	2129.1	3131.5	4224.8
260.8	1048.1	2233.4	3201.8	4248.8
91.8	1089.5	2216.2	3249.6	4277.8
163.2	987.5	2133.6	3329.1	4205.0
259.5	992.2	2250.0	3194.7	4209.5
0.0	863.3	2199.2	3097.7	4276.0
