0.0	0.0	0.0	0.0	0.0
0.0	0.0	0.0	0.0	0.0
0.0	0.0	0.0	0.0	0.0
0.0	1056.3	2082.3	3183.1	4470.5
0.0	1021.8	2114.3	3134.3	4215.9
0.0	999.1	2053.4	3237.7	4248.9
0.0	1009.8	2051.8	3229.8	4368.5
0.0	989.0	2188.7	3274.2	4277.3
0.0	1002.9	2081.6	3185.2	4135.9
0.0	941.3	1938.0	3071.1	4105.1
0.0	898.9	2205.1	3206.8	4242.1
0.0	902.5	2156.4	3157.1	4296.2
0.0	1220.7	2316.6	3155.0	4374.3
0.0	1199.0	2232.3	3234.0	4320.7
0.0	989.3	2226.5	3340.3	4418.6
0.0	1023.1	2337.4	3405.7	4391.1
0.0	1172.3	2365.7	3405.9	4344.3
0.0	1018.2	2468.3	3215.2	4281.7
0.0	907.1	2334.8	3084.8	4429.8
0.0	703.5	2224.7	3157.5	4517.3
0.0	669.9	2234.6	3106.5	4485.2
0.0	710.0	2264.8	3140.2	4311.3
426.7	659.6	2265.7	3193.4	4296.1
200.2	709.3	2311.7	3068.3	4481.4
0.0	709.4	2308.9	3044.7	4643.6
0.0	713.4	2366.3	3075.0	4638.6
251.4	726.2	2360.3	3091.3	4586.5
220.2	740.0	2386.6	3117.8	4579.0
217.1	736.6	2432.0	3145.5	4736.6
214.3	719.6	2332.2	3150.7	4762.2
212.6	705.6	2291.1	3093.6	4695.5
211.0	658.8	2144.4	3051.9	4661.6
207.6	617.5	2185.4	3102.5	4699.6
66.8	675.1	2245.4	3182.2	4710.5
211.7	725.5	2284.8	3124.2	4735.6
215.3	720.3	2336.3	3023.9	4547.2
219.5	727.3	2362.1	3165.1	4554.3
224.2	740.9	2337.8	3173.9	4429.9
230.7	750.3	2358.7	3136.3	4407.7
242.5	763.8	2379.8	3051.1	4397.9
264.0	734.3	2371.2	3077.8	4485.0
269.7	702.0	2323.9	3104.9	4512.7
278.1	664.0	2257.9	3074.2	4645.9
282.1	648.7	2132.7	2850.5	4683.0
141.1	649.5	2203.4	2858.7	4737.1
298.1	654.5	2511.4	3132.7	4635.0
304.7	655.5	2722.3	3290.8	4404.4
308.0	662.2	2774.1	3387.2	4443.6
310.4	669.0	2774.4	3411.2	4408.1
309.6	654.7	2738.1	3275.9	4301.1
305.9	653.2	2657.2	3108.1	4276.4
297.5	667.9	2484.0	3026.5	4266.3
286.5	674.0	2304.9	2898.7	4369.7
273.8	657.1	1996.5	2687.0	4251.5
253.9	762.6	1810.1	2530.6	4166.2
234.1	609.8	1691.7	2461.9	4131.8
221.8	575.8	1604.7	2427.4	4087.8
208.2	552.6	1588.3	2307.3	4141.6
195.7	572.4	1584.5	2231.6	4179.0
185.2	588.2	1554.9	2176.9	4120.0
177.2	586.9	1654.0	2242.9	4181.0
172.7	586.0	1687.5	2199.6	4180.1
168.5	601.2	1877.5	2212.7	4140.2
166.3	615.2	1920.8	2316.4	4152.2
164.6	621.9	1996.8	2526.2	4185.9
164.2	627.9	2107.3	2666.0	4216.1
163.9	609.0	2214.7	2735.5	4193.2
164.2	600.4	2309.1	2760.6	4252.4
163.4	585.1	2397.0	2857.1	4314.7
162.7	555.3	2426.5	2966.8	4326.4
161.9	535.2	2474.6	3002.2	4346.3
162.9	511.1	2706.0	2717.9	4312.0
168.1	510.9	2560.1	3065.7	4511.0
169.7	525.7	2605.0	3054.7	4551.4
172.2	539.2	2609.4	3028.5	4485.7
178.0	534.7	2591.0	3040.5	4481.7
180.5	497.9	2575.2	3051.7	4456.1
178.0	470.8	2580.9	3070.8	4568.9
87.2	480.3	2571.1	3061.0	4603.8
0.0	484.1	2536.0	3026.9	4568.9
0.0	477.2	2479.9	3087.7	4567.3
144.1	481.8	2549.1	3459.9	4718.8
0.0	483.7	2491.8	3205.9	4752.9
0.0	376.2	2438.6	3008.3	4580.8
0.0	532.8	2400.4	3073.8	4353.5
189.2	546.1	2410.9	3051.4	4281.1
189.2	536.6	2403.7	3015.4	4279.6
190.7	517.9	2380.7	3049.0	4366.2
187.9	473.2	2369.4	3059.6	4463.0
176.4	437.5	2350.4	3099.1	4433.2
121.5	414.9	2335.6	3141.4	4271.5
120.0	406.8	2268.2	3162.5	4226.5
0.0	408.3	2004.4	3302.2	4233.1
0.0	494.2	2209.2	3013.1	4060.2
0.0	437.6	2316.2	2991.3	3939.5
0.0	434.1	2448.5	3210.2	3866.3
185.7	1382.4	2781.1	3606.2	4187.0
89.6	1283.8	2690.7	3571.8	4327.0
86.7	1084.4	2614.2	3567.9	4306.3
0.0	1260.4	2572.2	3532.7	4226.4
0.0	1285.9	2687.1	3575.5	4215.2
131.9	952.5	2693.8	3604.0	4315.6
0.0	811.0	2549.3	3630.3	4259.5
0.0	785.4	2573.8	3544.0	4141.1
0.0	703.7	2339.3	3060.5	3916.7
0.0	529.5	2109.0	2668.2	3886.8
0.0	560.5	1966.9	2590.3	3949.3
230.3	617.2	1886.3	2585.6	3889.6
222.9	639.2	1815.8	2596.8	3916.7
220.9	644.7	1759.7	2704.4	3953.7
219.2	631.3	1747.6	2785.6	4141.2
217.0	603.4	1752.3	2802.3	4243.0
215.2	568.8	1773.8	2793.5	4279.6
212.9	496.8	1751.5	2866.8	4412.7
210.8	452.7	1749.3	2959.2	4498.6
208.2	453.6	1886.7	3148.7	4529.8
204.1	504.8	2163.4	3309.0	4647.9
196.7	521.5	2105.5	3247.7	4587.1
196.1	471.2	1980.0	3112.2	4615.6
201.3	447.9	1706.8	2929.6	4617.2
200.1	487.7	1656.2	2911.2	4519.5
199.7	508.2	1623.4	2923.2	4537.9
199.3	514.2	1618.7	2866.8	4555.2
198.1	497.3	1644.4	2823.4	4578.0
196.9	508.5	1694.5	2873.7	4630.6
195.7	468.5	1882.7	3035.1	4557.5
193.9	599.1	2092.4	3167.8	4584.8
190.7	1067.2	2288.7	3384.8	4459.4
186.2	1051.6	2250.5	3401.8	4419.4
81.1	1067.3	2250.6	3442.5	4590.5
0.0	784.6	2176.7	3340.6	4544.9
0.0	744.2	2072.5	3288.5	4440.1
0.0	729.4	2110.7	3201.3	4619.1
0.0	812.7	2288.0	3029.5	4719.2
244.7	829.6	2037.5	2999.9	4564.9
222.8	870.1	2030.2	2998.6	4536.7
88.4	883.0	2017.0	2953.7	4404.2
211.9	863.7	1926.7	2881.6	4369.7
218.8	859.3	1817.0	2695.5	4392.4
203.1	861.8	1772.1	2701.0	4388.9
195.7	855.5	1695.2	2657.4	4341.0
192.5	848.7	1633.2	2642.8	4368.3
189.9	795.1	1537.4	2628.8	4345.8
187.8	730.5	1483.2	2645.6	4301.3
186.6	676.5	1410.4	2644.4	4249.8
185.3	640.1	1296.6	2638.3	4222.8
184.3	603.4	1291.4	2678.7	4366.0
183.1	581.9	1321.9	2665.2	4535.5
183.0	563.7	1441.8	2627.9	4429.5
182.4	561.8	1636.7	2605.7	4401.6
182.8	591.5	1853.8	2644.7	4301.4
182.9	618.8	1993.3	2738.5	4281.3
183.3	604.3	2018.2	2787.1	4264.3
181.7	615.0	2033.1	2761.1	4225.9
181.3	604.0	1972.3	2752.1	4141.0
180.3	596.2	1891.9	2670.6	4283.5
179.4	536.4	1971.3	2634.1	4614.4
88.7	474.5	2060.3	2673.2	4749.0
177.9	456.4	1862.6	2686.9	4782.8
176.8	820.4	2147.4	2757.2	4768.6
174.9	884.1	2170.9	2798.2	4737.6
172.2	561.4	1945.9	2851.9	4439.8
170.4	590.0	1926.8	2934.0	4110.8
169.1	594.5	2089.9	2846.9	4328.1
166.7	566.4	2126.2	2919.1	4617.1
163.0	526.1	2088.0	2980.6	4717.4
160.6	524.4	2174.9	3011.8	4451.3
158.1	476.7	2342.4	3075.4	4349.3
139.4	802.2	2249.7	3214.4	4299.9
87.3	860.6	2289.0	3162.5	4258.5
0.0	903.5	2255.5	3151.4	4205.2
0.0	565.2	2089.0	3200.4	4265.2
0.0	978.5	2343.1	3492.0	4671.9
516.8	929.2	2704.5	3847.2	4620.8
245.5	803.7	2681.5	3855.3	4499.2
0.0	764.8	2609.4	3356.2	4355.1
0.0	573.1	2271.4	3013.1	4258.0
0.0	595.9	2246.0	2988.9	4253.0
172.8	567.6	2213.8	2786.9	4220.9
176.9	601.3	2132.0	2586.4	4262.0
163.3	539.2	1962.9	2392.1	4366.8
237.9	461.0	1880.3	2305.5	4368.1
223.1	451.8	1790.3	2284.8	4262.7
218.7	483.0	1766.0	2177.5	4262.4
220.8	496.4	1760.7	2120.3	4297.9
222.9	508.5	1744.6	2072.9	4177.9
223.1	522.9	1714.2	2024.6	4101.6
224.1	529.5	1696.3	1987.9	4089.4
225.8	532.8	1684.5	1975.6	4123.6
229.0	529.7	1698.5	1970.6	4130.7
230.3	533.4	1747.3	2025.8	4147.5
232.8	536.5	1801.1	2066.7	4124.7
231.0	531.9	1840.1	2108.2	4101.1
228.6	529.6	1890.7	2276.8	4063.9
226.6	517.5	1984.7	2358.3	4056.0
222.4	527.5	2019.4	2412.0	4089.0
214.9	537.9	2050.9	2529.0	4103.0
205.5	570.3	2030.2	2617.0	4134.5
195.6	564.8	1980.3	2678.7	4251.4
188.4	578.9	1884.9	2749.9	4253.6
180.2	602.4	1749.2	2786.3	4240.3
174.6	633.2	1613.9	2877.6	4213.9
169.0	644.9	1465.1	2878.3	4180.6
164.6	666.4	1349.9	2875.0	4092.0
160.3	645.6	1270.1	2880.3	4060.8
159.3	622.1	1231.3	2948.1	4054.0
157.6	576.5	1138.7	2970.3	4011.2
157.4	512.8	1069.1	2938.3	4009.7
155.7	489.6	1047.3	2891.5	3970.6
152.5	477.9	1060.0	2872.3	4004.7
148.3	467.8	1107.7	2870.3	4210.2
146.6	471.5	1177.4	2822.2	4246.3
145.3	460.0	1378.5	2778.8	4171.6
145.8	439.7	1671.0	2695.2	4110.1
148.2	448.5	1988.6	2680.2	4109.8
146.9	432.7	2316.1	2709.6	4107.0
144.5	438.4	2418.9	2784.3	4188.5
144.5	438.3	2498.8	2903.2	4264.1
144.5	442.0	2535.4	3014.2	4288.4
145.3	455.0	2497.9	2962.0	4296.7
144.8	479.4	2433.1	2870.0	4270.3
146.7	524.0	2369.6	2807.6	4223.4
149.5	579.0	2313.4	2809.4	4179.6
148.8	657.6	2144.6	2725.7	4164.6
148.5	705.0	1940.3	2671.2	4205.8
149.8	780.5	1906.8	2636.7	4150.0
148.7	782.9	1669.4	2620.3	4018.0
146.8	835.7	1500.8	2439.0	3984.2
146.6	878.6	1522.6	2372.4	4079.6
147.3	870.5	1460.5	2442.3	4098.4
148.1	907.2	1466.4	2466.5	4094.8
146.1	840.6	1382.1	2312.6	4055.6
144.7	823.3	1413.0	2229.7	4079.4
145.4	806.4	1454.6	2232.9	4118.3
144.8	801.2	1454.7	2194.2	4137.1
143.2	784.2	1465.7	2158.9	4187.5
138.4	759.5	1456.2	2109.1	4225.5
141.7	768.3	1503.9	2098.4	4134.3
72.9	772.0	1545.5	2077.8	4085.7
73.8	745.7	1613.4	2133.6	4099.4
76.1	758.0	1678.6	2137.9	4268.4
75.0	717.9	1684.6	2145.4	4620.3
77.5	721.2	1647.6	2180.8	4359.2
78.7	740.4	1665.3	2351.8	4276.1
165.3	741.2	1694.7	2443.0	4293.8
160.6	955.4	1781.9	2537.5	4094.1
164.5	885.2	1733.6	2695.1	4154.8
78.6	839.0	1806.1	2810.3	4270.4
77.0	872.5	1893.9	2934.3	4367.3
110.6	896.9	1781.4	2757.7	4170.9
0.0	775.0	1722.4	2761.7	4022.8
297.9	823.3	1986.6	3157.8	4199.8
0.0	858.6	2140.7	3272.4	4224.6
0.0	843.1	2228.1	3220.8	4358.2
0.0	877.7	2105.8	3193.6	4279.0
0.0	825.9	2145.1	3138.2	4219.2
0.0	830.2	2109.9	3251.8	4213.6
81.8	812.0	2062.3	3245.1	4155.2
