0.0	0.0	0.0	0.0	0.0
0.0	0.0	0.0	0.0	0.0
0.0	0.0	0.0	0.0	0.0
0.0	827.0	1892.8	3270.2	4517.7
0.0	840.5	1700.4	2989.0	4038.9
0.0	793.3	1764.8	3146.1	4110.2
0.0	765.8	2161.9	3405.7	4453.1
0.0	1043.5	2176.3	3265.7	4356.6
0.0	917.5	2062.8	3203.0	4221.3
0.0	953.7	2195.0	3265.9	4155.8
0.0	1303.5	2339.4	3261.2	4275.9
70.7	890.7	2289.2	3276.5	4248.3
0.0	1003.6	2257.2	3271.8	4257.2
0.0	1059.7	2270.7	3235.1	4307.1
0.0	1380.6	2273.5	3304.1	4289.4
0.0	1051.6	2312.7	3276.1	4270.0
0.0	1074.2	2374.5	3338.0	4357.7
0.0	1138.3	2248.2	3358.4	4278.3
0.0	768.8	1790.0	3029.6	4085.5
0.0	455.2	1376.9	2296.4	3990.7
111.4	474.0	1372.2	2122.5	3991.4
112.0	467.2	1499.6	2128.0	4024.4
234.5	472.4	1626.8	2131.2	4086.8
235.8	474.9	1708.5	2192.4	4028.6
237.0	477.4	1935.7	2393.4	3967.0
238.4	482.0	2083.5	2554.3	3955.7
242.1	489.3	2163.6	2649.6	3984.3
243.7	489.5	2289.2	2723.4	4027.2
242.5	487.4	2434.1	2768.2	4190.8
243.3	495.6	2452.9	2852.2	4321.7
243.5	487.3	2443.9	2790.2	4272.5
242.7	485.5	1954.7	2711.3	4160.6
242.2	474.5	1720.0	2812.5	4208.6
244.1	476.5	1559.7	2926.2	4193.8
242.4	447.8	1408.7	2742.4	4151.4
238.9	449.3	1138.6	2697.0	4123.9
239.7	439.4	1131.5	2652.6	4226.2
241.5	462.0	1641.4	2841.8	4132.0
239.0	482.6	1987.3	2857.6	4112.4
238.9	472.0	2199.4	2926.0	4095.9
235.3	465.9	2389.0	2962.8	4158.4
234.1	462.1	2496.0	2989.3	4311.2
232.8	460.8	2515.8	3021.5	4336.8
229.7	459.4	2426.0	2982.4	4323.2
232.3	451.1	2042.5	2979.4	4197.4
231.1	432.9	1786.1	3036.4	4116.3
221.2	375.8	1758.2	3143.9	4199.6
210.1	339.7	1767.8	3114.7	4148.0
202.3	398.6	1809.2	3157.8	4063.3
192.7	882.6	2022.1	3062.8	4148.9
186.7	647.9	1844.9	2951.4	4199.3
242.1	489.8	1893.1	2879.0	4255.8
206.1	503.9	1859.8	2847.9	4271.5
197.5	510.9	1775.4	2859.6	4224.7
189.7	512.5	1670.2	2842.9	4195.6
192.4	572.3	1671.2	2861.3	4133.1
190.2	1229.5	2242.6	3308.0	4281.6
191.5	1473.6	2360.4	3342.7	4343.4
0.0	1311.2	2248.5	3183.5	4356.2
0.0	1210.2	2404.6	3349.8	4423.5
0.0	1148.5	2336.5	3393.4	4386.3
84.3	1108.8	2257.0	3248.1	4267.6
224.8	1228.5	2270.2	3254.5	4241.4
0.0	1161.6	2157.7	3141.7	4232.6
0.0	1037.6	2084.4	3068.8	4119.3
517.0	957.6	1935.5	2803.3	3980.1
0.0	994.1	1742.8	2588.0	4099.4
0.0	768.8	1594.4	2544.4	4050.1
221.7	776.2	1584.7	2555.1	4029.5
203.6	802.0	1649.0	2541.1	4004.6
198.2	809.2	1643.4	2499.0	3983.0
195.3	809.6	1633.7	2487.7	4008.1
192.6	779.2	1642.9	2465.2	3988.7
190.4	772.4	1686.7	2434.7	3974.9
189.0	761.5	1710.2	2374.8	4067.9
187.2	752.1	1740.3	2290.4	4171.8
186.1	732.3	1729.5	2151.3	4103.6
185.0	716.7	1690.4	2022.9	4159.2
184.8	686.0	1677.9	1962.7	4221.3
185.6	676.6	1686.6	2009.9	4317.1
184.7	618.7	1677.0	2138.3	4268.9
187.5	570.8	1583.0	2392.2	4272.2
186.7	590.0	1517.6	2953.3	4309.7
188.1	1172.4	1799.9	3170.1	4306.8
65.8	1312.2	2233.7	3266.9	4281.8
81.0	1337.6	2315.0	3258.1	4266.5
0.0	1199.7	2078.7	3380.0	4301.7
0.0	1196.9	1809.4	3317.1	4281.3
323.9	1019.6	1497.3	3079.8	4145.7
0.0	1065.0	1601.2	3073.0	4108.2
443.8	729.9	1647.1	2617.7	4015.6
0.0	692.9	1667.5	2505.5	4227.4
0.0	666.3	1782.8	2471.4	4557.1
214.7	676.7	1811.4	2247.4	4568.7
187.3	692.6	1849.6	2348.7	4587.3
177.3	707.4	1900.3	2417.6	4421.7
170.2	709.3	1888.5	2414.7	4431.7
84.9	701.3	1901.1	2442.4	4532.1
90.9	703.5	1915.0	2454.3	4438.4
73.7	715.4	1885.8	2452.1	4386.0
200.6	686.3	1879.3	2428.2	4426.4
76.9	695.4	1858.9	2460.6	4583.2
186.3	638.1	1852.2	2467.7	4550.1
78.6	594.7	1848.4	2466.6	4419.4
157.2	543.1	1863.8	2838.8	4229.5
161.0	1211.0	1837.2	3239.3	4251.9
153.5	1401.2	2074.7	3332.4	4325.4
73.6	1396.7	2236.6	3354.9	4310.8
63.5	1520.5	2311.0	3480.3	4306.6
0.0	1532.7	2182.9	3527.6	4310.1
0.0	869.7	1861.1	3510.9	4298.8
0.0	852.5	1880.2	3408.3	4164.1
74.7	733.5	1855.2	3075.1	4075.6
0.0	647.0	1780.9	3019.8	4124.9
0.0	489.8	1814.5	2733.1	4205.2
194.1	547.9	1848.2	3091.4	4191.8
193.4	765.3	1865.3	3095.3	4175.2
70.6	473.6	1848.4	2871.9	4240.1
0.0	474.8	1877.7	2887.5	4227.4
0.0	462.1	1916.7	2876.0	4202.3
0.0	475.4	1877.6	2883.4	4237.1
241.8	491.2	1955.0	3005.3	4142.1
187.4	641.8	2117.3	2818.0	3963.9
190.2	1260.6	2429.2	3343.0	4184.1
189.0	1384.5	2534.9	3501.4	4205.8
175.5	1462.9	2521.7	3661.4	4572.0
0.0	1335.5	2695.8	3900.3	4712.4
0.0	1096.9	2658.6	3857.7	4786.6
0.0	1308.2	2741.3	3697.8	4841.5
260.9	1355.8	2777.5	3569.5	4956.2
0.0	1354.0	2741.0	3625.2	4735.1
0.0	1373.8	2662.6	3592.7	4586.7
0.0	1335.6	2664.4	3566.0	4551.8
0.0	1252.5	2595.6	3552.8	4466.8
0.0	1304.4	2555.1	3617.3	4491.0
571.4	912.7	2544.9	3462.9	4364.1
0.0	1142.7	2594.7	3431.5	4474.4
0.0	1221.9	2644.4	3490.2	4673.7
158.3	1316.1	2544.3	3558.3	4560.1
0.0	1281.8	2637.9	3590.3	4439.8
0.0	1108.8	2499.2	3518.3	4242.3
0.0	1000.9	2193.0	2994.1	4132.4
0.0	897.7	1915.7	3112.3	4077.6
0.0	752.3	1967.7	3173.4	4027.7
174.1	694.8	1897.6	3094.0	4099.3
297.9	629.4	1766.7	3072.5	4181.0
107.0	1000.1	1981.6	3093.4	4204.8
571.4	932.4	2039.3	3132.4	4275.8
0.0	811.2	2047.7	3200.3	4272.0
0.0	942.2	2074.6	3185.8	4170.1
103.7	1008.1	2034.7	3162.5	4226.1
