0.0	0.0	0.0	0.0	0.0
0.0	0.0	0.0	0.0	0.0
0.0	0.0	0.0	0.0	0.0
0.0	620.5	2112.1	3455.4	4575.2
422.6	755.5	2127.4	3295.9	4336.9
0.0	830.3	2258.5	3332.7	4275.0
0.0	1024.7	2290.0	3287.0	4250.7
0.0	1333.9	2387.9	3442.8	4331.4
0.0	1298.1	2393.7	3342.5	4246.7
0.0	937.0	2272.8	3146.0	4224.1
0.0	1001.0	2221.6	3159.9	4156.6
0.0	787.9	2123.5	3198.6	4137.0
290.2	595.0	2126.7	3173.6	4231.7
145.1	673.8	2179.4	3118.5	4174.4
435.6	573.5	2153.8	3203.7	4108.7
0.0	595.6	2317.0	3188.2	4068.1
0.0	657.6	2480.2	3127.3	4176.7
0.0	608.8	2528.5	3075.9	4193.7
104.4	491.4	2664.4	3185.6	4146.4
0.0	519.5	2700.6	3212.8	4078.5
0.0	446.6	2739.0	3177.2	4039.8
238.3	452.6	2732.1	3151.4	4033.9
224.3	453.6	2694.1	3120.2	4031.4
226.3	455.0	2597.5	3041.7	3956.1
223.3	450.8	2389.3	2949.4	3894.1
226.1	439.5	2090.8	2966.9	3775.2
221.0	413.0	2481.3	3118.1	4134.3
214.0	428.7	2403.7	3097.6	4267.4
210.8	433.2	2008.0	3056.0	4300.9
216.1	442.0	1616.0	3005.4	4283.8
218.5	435.7	1643.2	2988.2	4264.9
219.5	426.9	1625.1	2997.3	4292.8
216.6	447.1	1756.3	3080.4	4330.2
215.4	453.9	1918.3	3099.4	4449.5
219.2	449.9	2016.2	3093.9	4463.4
223.1	449.1	2043.4	3112.2	4481.9
222.8	460.2	2033.9	3127.2	4486.5
224.5	460.0	2071.7	3105.1	4447.2
225.6	461.2	2102.9	3074.7	4395.1
227.2	469.3	2101.8	3048.5	4390.6
229.8	473.0	2101.2	3032.4	4416.0
232.7	482.2	2082.1	3069.3	4398.3
237.0	485.7	2077.6	3092.2	4347.8
241.3	488.9	1958.3	3028.1	4357.6
241.7	474.4	1779.2	2967.2	4299.0
243.5	460.1	1555.4	2945.0	4218.7
235.3	436.3	1740.0	2935.8	4134.4
228.8	541.0	1809.7	2916.5	3791.3
224.0	364.4	1822.6	2889.8	3842.0
223.6	384.7	1889.4	2903.2	4068.5
222.4	235.1	2235.7	3103.2	4116.6
75.1	1727.3	2618.1	3525.5	4201.6
225.7	724.4	2271.6	3568.1	4226.6
74.2	634.2	2051.9	3492.4	4387.0
0.0	504.0	1961.6	3115.1	4275.6
262.5	499.4	1953.7	3035.0	4057.5
246.7	489.6	1934.3	3032.3	3922.9
246.7	477.2	1906.1	3021.9	3660.2
238.5	466.8	1879.5	2928.4	3239.3
236.0	513.1	1846.5	2905.8	3569.1
232.6	566.6	1860.9	2940.9	3891.1
227.1	428.6	2018.9	2950.0	4256.7
226.3	446.0	1922.1	2889.4	4160.0
223.6	419.5	1803.4	2527.2	3986.0
222.7	435.5	1925.2	2627.2	3989.6
218.2	448.6	1893.3	2512.9	3963.1
213.6	423.3	1301.6	2350.6	3932.9
207.6	446.3	1921.7	2964.1	4269.0
201.1	1048.8	2040.5	3153.6	4335.5
192.0	1094.0	2009.9	3053.6	4268.2
204.0	431.5	1264.0	2625.2	3956.7
208.1	422.7	1262.7	2238.1	4029.6
207.0	422.8	1284.3	2055.1	4078.0
206.4	420.6	1379.7	2033.2	4077.6
205.6	421.7	1469.2	2094.4	4063.1
205.9	424.6	1564.8	2098.1	4074.0
204.9	424.7	1660.7	2108.8	4042.8
205.3	414.5	1797.7	2232.0	4051.7
205.3	419.0	1928.7	2373.3	4121.3
204.9	412.6	2057.3	2506.7	4118.0
205.2	407.5	2153.4	2661.5	4104.9
204.5	404.6	2441.4	2977.8	4141.8
204.3	404.5	2517.4	3099.1	4238.4
203.5	406.4	2538.9	3108.5	4308.6
203.6	408.4	2612.7	3111.1	4323.9
203.5	409.7	2632.7	3093.0	4363.5
203.8	409.3	2638.4	3070.5	4371.8
203.9	410.0	2588.3	3016.9	4421.8
204.6	414.6	2466.7	2979.2	4382.5
205.8	417.0	2328.1	2939.2	4355.9
210.9	409.5	2114.9	2965.0	4336.3
208.3	367.0	1877.1	3083.0	4212.4
99.3	389.0	1935.8	3159.3	4140.5
63.5	975.7	2242.1	3133.8	4082.0
194.1	1037.2	2262.3	3312.8	4232.0
67.6	1154.0	2361.4	3410.5	4465.3
72.6	821.0	2300.7	3262.6	4434.1
214.3	1042.1	2232.0	3168.7	4276.8
0.0	1180.5	2322.4	3287.1	4251.4
109.7	1229.5	2173.7	3359.5	4258.3
0.0	1007.0	2157.3	3301.6	4325.7
251.6	1129.0	2224.0	3345.6	4314.0
278.9	1283.6	2274.4	3383.6	4247.4
107.2	1258.5	2246.5	3394.0	4322.5
361.1	1183.1	2146.4	3287.1	4244.8
0.0	1239.4	2096.7	3098.0	4259.6
110.0	1263.0	2182.8	3164.6	4212.9
326.7	797.8	1974.0	3113.7	4190.4
162.6	699.5	1919.3	3121.8	4211.8
0.0	477.9	1406.6	2421.1	4085.9
217.8	508.9	1524.5	2439.4	4128.0
201.5	628.4	1668.3	2633.6	4086.2
196.1	625.2	1752.8	2683.2	4155.7
193.1	491.0	1797.2	2721.9	4288.1
190.7	472.2	1728.0	2743.3	4330.8
188.0	458.1	1748.5	2734.8	4318.4
182.1	424.3	1794.9	2837.0	4224.8
85.1	351.2	1659.0	2782.2	4204.9
170.7	435.3	1659.5	2742.2	4283.0
184.5	531.0	1635.5	2719.3	4174.3
184.6	547.3	1603.3	2698.2	4057.2
180.9	515.0	1545.2	2646.0	4043.3
176.5	426.2	1563.8	2527.0	4109.7
179.2	528.6	1706.2	2568.8	4173.4
181.5	557.8	1728.3	2621.9	4217.9
180.4	515.6	1618.0	2581.2	4130.7
177.5	529.1	1650.9	2568.9	4165.9
176.5	532.3	1706.6	2626.1	4145.2
179.4	638.2	1678.1	2815.7	4004.9
181.3	688.2	1482.6	2861.2	3916.6
180.5	710.0	1555.1	2818.5	4024.2
178.7	706.4	1597.9	2785.1	4031.5
178.1	692.3	1605.6	2781.0	4042.7
176.6	705.3	1609.1	2718.8	4056.0
176.2	694.0	1632.3	2721.8	4076.1
175.6	678.6	1682.8	2709.4	4102.3
174.4	677.0	1742.7	2730.5	4124.4
175.2	698.6	1772.1	2717.1	4134.2
175.3	675.5	1839.7	2772.0	4118.5
174.6	687.7	1911.6	2853.6	4091.2
174.4	694.4	1953.8	2908.4	4203.3
176.3	690.3	1987.1	3000.5	4306.1
178.9	666.9	1978.7	3028.2	4336.9
179.1	608.1	1875.2	3007.9	4309.1
179.2	582.2	1868.8	2973.3	4265.7
180.5	571.8	2040.3	3060.2	4315.9
180.4	552.8	2281.7	3050.7	4347.6
178.3	549.4	2504.9	3080.9	4223.9
175.4	547.4	2621.2	3104.7	4172.1
174.5	551.9	2736.9	3084.4	4171.0
176.0	569.5	2728.2	3018.3	4178.5
175.5	621.4	2210.5	2923.3	4111.3
174.4	615.7	1893.4	2804.6	4082.0
171.8	616.5	1891.3	2857.4	4186.9
171.8	622.2	1941.0	2873.7	4155.9
171.9	592.6	1980.4	3201.9	4076.4
173.2	568.9	1936.4	3251.8	4171.2
175.6	569.1	2026.6	3212.6	4283.7
179.8	859.5	2147.7	3370.7	4310.0
182.6	827.0	2063.1	3387.5	4238.3
90.1	801.9	2127.0	3183.6	4175.3
87.3	684.9	2217.9	2957.6	4310.4
0.0	752.2	2177.1	2939.7	4274.6
545.5	806.3	2158.0	2872.0	4135.2
0.0	699.4	2127.9	2821.2	4148.2
0.0	628.0	2003.9	2765.1	4179.9
201.2	658.6	1910.0	2767.8	4229.4
199.6	706.6	1849.6	2748.8	4186.3
188.8	690.4	1776.6	2712.1	4127.8
181.9	676.4	1711.8	2682.5	4120.3
173.1	668.2	1668.6	2719.6	4123.2
170.4	664.2	1611.9	2756.3	3986.0
168.3	637.4	1563.1	2777.5	3954.4
169.0	596.7	1541.3	2873.9	4055.6
169.1	516.9	1684.8	3098.2	4102.8
171.1	457.7	1865.3	3179.3	4250.3
174.6	690.9	1888.9	3305.3	4298.5
175.9	791.1	2019.5	3273.6	4216.0
170.9	899.9	2114.9	3228.9	4172.8
82.7	995.8	2097.7	3285.2	4310.5
137.4	909.4	2013.2	3196.4	4170.0
284.7	803.5	1913.1	3047.6	4113.7
320.4	797.3	1871.7	2934.3	4029.2
0.0	662.2	1795.4	3047.6	4177.4
0.0	597.9	1831.8	3006.7	4335.8
198.6	558.5	1821.5	3047.4	4252.9
88.2	524.5	1830.9	3045.6	4219.4
87.7	501.6	1864.5	3180.7	4264.1
79.8	508.3	1794.4	3221.2	4250.0
180.5	744.7	1927.4	3252.7	4113.9
194.5	575.4	1971.8	3148.8	4101.1
231.8	551.9	2047.4	3074.8	4201.8
242.9	564.8	2206.8	3059.5	4255.1
243.7	565.4	2311.3	3101.9	4313.1
239.4	556.8	2400.3	3110.7	4314.0
83.4	540.7	2526.3	3153.5	4199.6
229.8	509.9	2606.9	3194.4	4287.2
76.4	484.2	2624.3	3234.4	4312.6
82.3	478.4	2626.4	3114.5	4313.5
84.0	513.0	2628.8	3097.0	4297.9
85.0	518.5	2689.4	3179.0	4297.7
176.8	574.6	2658.3	3121.5	4200.2
179.5	699.1	2532.2	2954.5	4270.4
185.2	771.2	2501.0	2950.4	4217.4
183.5	752.7	2487.1	2945.9	4194.0
182.3	778.0	2430.6	2985.4	4182.8
193.8	825.5	2403.6	3049.6	4165.8
97.9	911.7	2333.4	3007.3	4164.0
