0.0	0.0	0.0	0.0	0.0
0.0	0.0	0.0	0.0	0.0
0.0	0.0	0.0	0.0	0.0
0.0	1040.0	2091.7	3234.2	3982.1
0.0	992.5	2056.8	3148.7	3864.7
370.8	1082.1	2041.4	3092.7	3869.3
109.5	1166.4	1988.1	3016.4	3967.1
0.0	942.4	1877.5	3096.4	4170.6
0.0	1030.8	1844.5	3240.1	4272.3
0.0	1059.9	2009.4	3181.1	4220.4
0.0	1003.3	2184.3	3102.9	4200.3
0.0	641.3	2127.6	3175.4	4195.7
0.0	1012.4	2172.3	3295.8	4214.3
0.0	1011.3	2249.2	3269.2	4251.4
0.0	1053.4	2203.0	3254.6	4369.3
0.0	1130.1	2329.2	3294.6	4297.2
0.0	1234.9	2307.3	3229.6	4292.6
0.0	894.0	2191.5	3320.6	4367.9
0.0	549.4	1586.0	3025.9	4061.8
0.0	573.6	1349.1	2915.5	3948.5
239.3	653.7	1368.7	2842.4	3978.7
202.7	722.4	1420.3	2841.4	3997.9
201.4	749.2	1413.5	2859.9	3982.4
200.0	743.5	1408.2	2892.3	4003.2
194.3	709.0	1380.8	2921.7	4099.1
184.4	639.1	1247.5	2934.3	4124.8
171.6	589.0	1111.1	2942.1	4124.5
75.8	480.2	953.1	2969.3	4140.0
117.7	726.7	1774.8	3016.1	4156.4
375.8	729.3	2338.8	3143.3	4148.1
370.7	680.2	2285.2	3335.1	4299.8
0.0	548.1	2216.3	3359.7	4250.9
299.3	578.2	2114.1	3204.3	4177.6
75.3	438.6	766.7	3023.8	4213.9
321.3	443.4	1065.9	3179.8	4218.8
179.7	485.0	1180.3	3132.9	4155.9
188.0	575.7	1294.9	3087.1	4135.4
189.9	540.4	860.6	3099.6	4149.4
196.1	565.1	851.5	3086.4	4183.7
204.1	612.9	877.4	3102.3	4242.6
209.6	676.7	1016.2	3032.6	4295.2
213.9	677.3	1087.6	2871.5	4281.5
215.9	707.1	1114.9	2886.1	4249.9
218.4	765.2	1198.4	2912.3	4205.0
219.0	816.2	1302.3	2947.3	4214.7
218.8	849.7	1365.5	2868.2	4205.2
220.4	863.5	1439.8	2829.9	4046.0
222.6	890.1	1507.4	2825.3	4023.3
223.4	911.4	1572.5	2796.8	4105.2
224.3	912.3	1667.7	2788.1	4181.2
225.5	900.0	1751.2	2708.0	4033.2
225.8	883.1	1875.7	2782.9	4096.8
227.4	838.7	2020.9	2900.5	4170.2
228.8	765.0	2129.6	2863.2	4134.3
231.4	718.0	2172.7	2962.6	4182.5
235.0	702.8	2234.3	3028.4	4205.8
239.2	664.2	2264.7	3101.8	4136.5
239.8	580.8	2313.7	3073.5	4045.9
240.6	495.9	2131.2	2997.4	3991.9
242.8	507.3	1911.6	2990.9	4070.5
240.4	586.3	1881.8	3171.9	4176.8
75.2	1175.6	2263.3	3311.2	4323.6
71.3	1133.0	2304.3	3302.6	4314.4
70.4	1059.7	2324.8	3329.2	4274.3
0.0	1223.0	2398.6	3361.6	4331.9
0.0	1243.7	2317.9	3334.8	4372.7
0.0	1069.9	2120.6	3176.5	4369.4
0.0	654.3	2063.4	3042.0	4258.6
0.0	673.6	2153.1	2998.6	4175.1
0.0	944.6	2241.3	3237.0	4281.1
0.0	970.1	2325.9	3221.6	4251.8
65.2	996.0	2423.3	3208.1	4229.6
0.0	960.7	2464.0	3246.4	4249.0
241.8	654.1	2476.3	3193.8	4242.6
247.6	669.2	2464.7	3113.0	4176.7
256.0	660.6	2452.2	3139.2	4203.2
249.8	656.1	2399.7	3128.8	4206.3
234.4	647.3	2374.6	3050.5	4231.9
221.7	633.4	2392.7	3041.3	4300.4
213.9	633.3	2423.8	2996.0	4316.7
212.6	607.9	2471.8	3006.8	4349.4
212.0	604.3	2516.2	3031.8	4311.6
212.0	532.5	2548.3	3066.8	4217.0
212.5	546.5	2577.2	3072.5	4247.6
213.5	513.4	2580.6	3059.8	4226.2
215.0	490.1	2604.7	3077.5	4187.8
217.0	477.9	2622.5	3089.0	4213.1
217.9	472.8	2615.6	3115.1	4156.7
221.4	481.2	2579.1	3140.1	4120.6
224.6	559.2	2497.5	3157.5	4118.5
215.0	753.1	2337.6	2999.7	4073.7
206.2	872.0	2169.0	2995.3	3989.4
197.8	884.3	2061.5	2917.5	3956.5
192.6	910.1	2047.8	2913.8	3979.4
182.5	968.4	2006.5	2940.6	4028.6
182.5	954.5	1969.0	2846.4	3955.1
184.2	909.1	1929.4	2746.0	3886.0
196.6	697.5	1901.2	2684.4	3831.3
216.3	797.7	1840.7	2548.3	3854.6
230.9	755.6	1772.9	2414.0	3831.7
241.9	731.2	1672.7	2295.8	3822.9
238.0	723.7	1659.0	2247.7	3761.6
234.6	722.4	1645.1	2244.8	3722.6
234.3	710.2	1634.2	2217.5	3717.6
231.9	697.6	1625.2	2210.4	3715.4
231.5	695.8	1638.8	2183.5	3740.0
231.2	693.0	1640.6	2158.9	3732.6
229.4	693.2	1673.4	2194.1	3783.3
229.5	671.4	1672.6	2120.7	3738.4
230.3	644.9	1656.0	2103.7	3710.1
230.5	611.6	1642.3	2197.1	3780.4
229.9	539.8	1606.1	2357.1	3753.0
229.7	482.6	1517.8	2314.1	3708.4
229.9	454.2	1457.8	2390.6	3705.2
229.0	365.2	1466.3	2597.6	3763.0
222.4	376.1	1533.3	2662.0	3839.7
70.5	407.6	1578.2	2708.4	3841.6
206.6	401.6	1620.2	3006.4	4017.4
199.3	382.6	1693.0	2990.2	4152.7
95.9	575.5	1952.8	3063.3	4151.8
89.6	525.7	2002.5	3046.6	4041.1
0.0	541.4	2010.4	3039.8	4053.3
203.6	600.3	2017.7	3008.4	4077.3
192.9	561.4	2036.4	2980.4	4148.4
184.7	560.8	2048.2	3019.9	4177.2
177.0	575.1	2030.9	3044.1	4219.4
172.1	626.7	1972.5	3065.5	4248.5
167.6	649.1	1914.2	3050.2	4230.6
165.0	654.2	1814.6	3042.4	4236.5
162.7	646.0	1724.2	3053.8	4225.1
160.4	659.5	1632.4	3035.1	4165.2
160.4	671.5	1541.8	3005.2	4190.5
157.3	668.5	1441.0	3053.8	4208.4
155.9	663.3	1372.1	3119.2	4234.2
154.2	656.5	1329.2	3146.3	4285.4
152.4	648.7	1241.8	3172.1	4288.2
152.6	631.9	1200.3	3191.6	4307.4
151.6	631.1	1197.3	3202.8	4304.7
151.4	605.6	1159.4	3236.5	4361.3
149.5	595.4	1129.2	3261.1	4397.4
149.1	584.2	1078.6	3282.8	4533.4
150.1	590.1	1066.4	3279.9	4566.2
151.0	589.0	1073.7	3288.1	4487.7
151.7	594.6	1087.0	3316.6	4421.5
152.9	569.5	1113.3	3294.3	4373.1
153.5	615.9	1139.8	3317.0	4375.9
155.0	581.4	1156.8	3341.3	4373.2
157.0	578.6	1224.6	3296.6	4388.6
158.8	573.7	1257.8	3135.2	4339.2
156.7	564.0	1280.2	3186.2	4326.4
154.6	583.3	1501.7	3283.8	4268.8
152.1	1133.5	2253.9	3371.1	4332.6
146.4	992.5	2457.4	3382.8	4533.6
71.4	1012.2	2513.6	3548.7	4534.6
67.0	1214.8	2446.4	3561.6	4476.3
0.0	1156.2	2355.8	3510.3	4633.8
0.0	1071.1	2384.5	3522.2	4810.9
0.0	985.2	2229.8	3244.2	4510.2
0.0	877.8	2095.9	3198.7	4437.1
0.0	939.3	2194.8	3419.0	4599.7
571.4	776.9	2219.6	3305.0	4620.8
578.7	821.8	2203.2	3334.3	4517.5
255.3	923.3	2317.0	3364.1	4548.7
564.7	1090.1	2315.4	3409.5	4623.0
520.7	1001.3	2397.3	3516.3	4647.8
188.6	1013.4	2367.5	3390.1	4611.4
200.0	914.6	2226.0	3270.8	4462.6
0.0	741.4	2129.7	3099.5	4332.1
285.1	921.6	2107.5	3053.5	4440.1
266.7	1012.5	2093.3	3099.4	4449.3
123.6	895.0	2021.2	2984.5	4317.4
163.3	891.5	2062.6	2995.8	4306.3
0.0	1010.3	1981.9	3057.7	4297.9
67.4	944.6	1921.9	3137.7	4205.2
0.0	614.4	2043.4	3076.2	4183.4
0.0	629.1	2109.5	3079.6	4316.5
221.8	694.7	2085.7	3183.6	4312.0
363.2	1161.9	2100.0	3155.3	4299.0
0.0	1256.2	2268.8	3180.6	4226.0
0.0	1081.3	2286.7	3233.4	4173.8
0.0	1091.9	2277.7	3300.3	4199.2
