0.0	0.0	0.0	0.0	0.0
0.0	0.0	0.0	0.0	0.0
0.0	0.0	0.0	0.0	0.0
0.0	940.1	1968.6	2853.2	4046.8
0.0	928.1	1894.6	2857.0	3994.6
372.1	941.2	1860.2	2952.6	4095.7
0.0	776.9	1889.6	2882.0	4205.7
0.0	825.2	2085.0	3081.0	4208.5
0.0	1046.5	2256.8	3242.0	4281.6
0.0	980.3	2115.9	3179.8	4178.9
63.5	1065.7	2077.7	3225.2	4268.0
0.0	813.4	2079.2	3177.6	4188.5
0.0	1067.8	2507.9	2890.1	4047.9
0.0	1011.5	2538.9	2832.9	4113.0
0.0	713.1	2324.5	2794.4	4152.3
0.0	619.7	2412.0	2810.7	4036.9
0.0	564.0	2441.5	2846.6	4086.5
0.0	330.1	2120.9	2772.7	4081.6
296.1	346.6	1741.0	2679.1	3712.1
261.1	445.2	2026.8	2690.6	3660.2
239.7	535.1	1544.3	2606.0	3052.4
234.0	559.5	1428.4	2595.2	3388.3
237.4	551.9	1986.2	2677.6	3929.2
244.8	593.0	2150.2	2838.6	4010.4
236.9	614.8	2246.8	2939.5	4068.2
238.3	639.2	2305.6	2978.0	4087.5
240.5	651.4	2325.9	3015.4	4099.4
240.8	623.9	2356.3	3029.2	4090.9
244.9	614.6	2366.7	3012.6	4082.3
248.3	568.5	2389.4	2968.1	4059.0
250.8	541.6	2362.7	2881.5	4075.9
254.4	526.8	2301.9	2819.6	4055.9
260.3	544.1	2093.9	2634.3	4027.7
269.5	586.2	1741.5	2625.5	3983.2
277.9	421.7	1570.7	2685.5	3916.4
84.3	392.4	1260.4	2714.5	3913.7
245.6	492.2	1236.7	2674.4	3886.5
242.9	410.0	1241.3	2667.8	4023.8
245.7	404.3	1372.1	2673.3	3972.1
261.5	403.9	2132.5	2694.4	4054.0
308.6	413.4	2352.0	2792.6	4134.6
317.0	425.6	2463.4	2941.3	4184.8
321.1	433.6	2457.6	3033.4	4210.0
324.9	419.4	2401.0	3022.1	4259.2
330.1	426.2	2317.6	2962.2	4277.1
329.2	426.4	2208.5	2904.3	4239.8
323.8	446.8	2082.5	2830.1	4237.6
308.3	315.4	1949.2	2846.4	4205.3
72.9	314.7	1911.3	2918.1	4200.2
0.0	693.5	2455.3	3303.6	4336.0
0.0	728.4	2423.0	3354.7	4379.9
68.5	913.1	2229.7	3172.0	4371.7
0.0	672.2	1928.6	3058.1	4364.5
395.4	674.3	1838.2	3056.8	4426.9
344.9	683.3	1724.3	3079.2	4452.5
329.4	723.4	1603.1	3104.8	4492.6
325.7	759.8	1511.4	3152.1	4581.6
316.8	754.7	1313.1	3196.9	4637.5
310.3	732.3	1221.7	3237.2	4655.6
307.7	721.7	1210.2	3263.4	4554.9
304.5	711.4	1217.2	3316.6	4707.4
302.9	710.5	1221.3	3360.1	4744.8
306.4	708.6	1239.6	3349.9	4452.4
312.9	695.7	1295.4	3295.1	4394.5
308.8	912.8	2304.6	3069.1	4428.5
291.1	1196.7	2463.3	3176.1	4271.1
73.3	1269.9	2446.1	3404.0	4375.2
63.5	1084.7	2412.8	3457.3	4376.7
184.6	1207.4	2421.4	3503.4	4303.3
536.9	1349.1	2500.6	3589.6	4324.2
0.0	1162.0	2325.7	3298.3	4230.7
0.0	1079.6	2263.4	3234.2	4270.9
0.0	1031.6	2279.6	3338.0	4412.0
0.0	917.3	2307.8	3425.7	4506.0
0.0	765.9	2364.8	3485.1	4631.4
0.0	564.4	2255.1	3420.3	4456.6
0.0	1061.0	2238.0	3359.0	4296.5
85.7	1078.2	2240.7	3301.8	4309.3
0.0	1033.7	2154.4	3216.9	4295.0
0.0	1079.0	2242.4	3355.5	4455.8
0.0	668.5	1981.6	3152.4	4535.1
0.0	674.7	1903.1	3056.2	4193.7
325.2	733.1	1878.5	3002.8	4109.2
317.8	854.5	1845.8	2959.0	4261.4
306.6	910.9	1837.6	2926.0	4284.6
305.3	932.6	1837.3	2884.3	4230.4
308.5	945.9	1808.1	2878.9	4222.0
310.9	957.0	1777.7	2879.0	4259.7
314.0	942.6	1723.3	2908.1	4177.3
319.2	965.8	1711.3	2894.0	4155.8
326.0	974.2	1794.5	2900.1	4189.4
332.3	924.7	1737.6	2884.1	4219.2
337.8	809.1	1662.2	2828.0	4103.5
335.4	733.8	1748.8	2923.5	4163.7
312.1	545.9	1896.7	3165.0	4193.6
74.1	559.6	2059.6	3127.2	4138.0
65.9	724.0	2227.0	3091.3	4195.1
121.3	666.4	2045.5	2955.6	4168.4
0.0	627.6	1746.1	2744.6	4087.3
392.4	616.8	1766.6	2762.4	4114.2
316.2	604.3	1859.3	2799.4	4143.3
277.4	636.4	1935.5	2854.4	4134.4
249.8	601.9	2006.9	2920.4	4130.1
220.7	569.3	2048.7	2990.3	4175.9
0.0	547.4	2028.4	3060.2	4182.4
148.5	511.0	1951.5	3067.1	4043.1
143.0	468.8	1944.8	3020.4	4097.9
92.3	488.1	1908.0	2989.3	4053.7
193.5	438.8	2012.2	3046.1	4346.0
304.6	445.2	2360.6	3056.8	4553.0
294.1	471.3	2331.5	3027.7	4443.7
210.3	440.7	2519.7	3052.7	4544.0
221.5	570.4	2563.9	3101.1	4440.5
224.6	610.7	2197.9	3062.8	4344.4
225.1	726.1	2007.4	3137.6	4383.2
222.1	764.7	2035.8	3183.2	4368.0
218.2	805.6	2029.1	3128.8	4306.0
214.5	855.4	1964.4	3042.8	4267.2
210.2	889.5	1879.6	2989.8	4236.9
205.4	902.3	1823.2	2980.8	4198.6
203.3	891.6	1733.6	2915.4	4173.4
203.8	889.4	1614.3	2797.5	4142.8
202.8	893.8	1580.9	2807.2	4136.7
199.8	883.4	1560.3	2742.8	4111.3
199.6	854.1	1446.5	2692.6	4123.9
200.0	812.5	1355.2	2696.2	4089.5
201.6	789.3	1313.8	2689.2	4070.9
200.7	788.7	1285.5	2684.2	4112.2
199.6	783.9	1200.3	2730.3	4190.3
199.0	721.7	1065.2	2774.4	4205.5
197.8	688.4	1058.4	2744.5	4082.1
197.0	672.5	1034.4	2761.3	4037.7
194.8	677.0	1489.5	2814.5	3985.2
194.9	609.6	2043.9	2853.1	3952.2
196.5	604.1	2418.6	2946.5	4116.8
197.6	602.9	2243.1	2933.9	4097.5
201.8	549.1	1855.3	2825.7	3942.1
209.4	474.1	1766.1	2888.7	4016.0
213.3	436.7	1826.8	2933.1	4198.6
214.2	438.9	1546.9	2905.0	4130.4
214.2	460.2	1657.5	2911.1	4063.9
222.7	538.8	1935.9	2988.7	4103.0
231.7	674.4	2112.0	3016.4	4204.5
234.4	281.7	2381.1	3106.0	4184.3
113.7	351.7	2195.6	3122.7	4181.9
74.0	415.1	2029.4	3196.9	4135.0
110.0	870.3	2155.1	3239.4	4123.3
75.5	1084.0	2246.3	3185.3	4166.6
77.8	1017.3	2302.6	3296.9	4368.6
0.0	951.4	2336.3	3310.0	4351.4
0.0	1088.1	2197.2	3286.9	4286.5
0.0	1113.0	2156.4	3261.0	4211.4
0.0	1022.1	2224.8	3386.0	4147.7
0.0	803.4	2254.0	3412.6	4101.3
0.0	781.1	2436.3	3445.4	4099.8
0.0	597.1	2519.4	3190.2	4100.7
0.0	705.7	2691.8	3162.3	4173.6
246.5	818.6	2716.5	3469.5	4321.5
232.9	891.5	2679.7	3499.5	4305.5
236.4	878.4	1856.7	2720.7	3870.7
240.1	793.7	1231.9	2690.7	3775.6
247.9	786.9	1296.7	2675.5	3846.0
251.5	778.1	1449.3	2712.3	3954.0
257.6	777.4	1605.9	2725.2	4079.1
260.2	749.8	1651.6	2721.9	4255.9
267.3	693.1	1662.9	2860.6	4105.0
267.8	593.8	1558.4	2823.5	3219.6
269.6	685.0	1573.1	2855.5	3150.6
279.6	502.6	1612.0	2846.0	3227.8
282.0	354.8	1586.8	2877.3	3905.1
142.6	305.4	1987.1	3021.1	4136.3
95.2	1227.7	2300.7	3492.2	4486.3
65.8	1227.0	2300.9	3444.0	4435.8
0.0	1216.5	2439.9	3359.9	4366.0
0.0	1228.3	2500.8	3296.5	4293.7
0.0	844.3	2284.0	3261.3	4325.0
0.0	923.6	2355.4	3349.3	4657.7
0.0	1029.0	2494.1	3256.1	4700.6
0.0	909.6	2612.0	3218.3	4615.4
0.0	903.6	2590.4	3131.2	4628.5
176.5	1063.6	2691.7	3231.7	4622.8
0.0	1211.9	2503.0	3288.5	4354.7
0.0	1213.3	2429.7	3312.1	4246.6
571.4	1141.1	2316.9	3467.6	4354.9
325.5	1208.8	2070.3	3279.2	4272.1
0.0	1226.2	2176.3	3244.5	4146.3
465.9	1217.8	2333.7	3416.0	4211.7
469.5	1146.6	2294.6	3338.8	4187.5
279.0	1156.4	2141.7	3177.5	4193.8
0.0	1080.3	2059.5	3156.2	4140.5
545.5	966.4	1751.5	3099.0	4151.9
371.5	579.3	1128.1	1692.4	4522.9
295.4	576.4	1141.0	1667.1	4703.5
283.6	586.8	1135.9	1644.6	4618.2
275.5	601.4	1178.2	1619.8	4618.4
271.6	621.8	1225.5	1625.0	4669.5
265.5	655.0	1275.4	1691.6	4478.1
259.9	665.7	1260.5	1739.8	4417.0
254.7	722.9	1254.7	1766.2	4448.2
249.6	695.3	1257.7	1839.5	4460.9
242.6	746.5	1270.0	1929.9	4433.8
236.0	762.2	1260.0	2049.2	4228.6
228.6	765.9	1251.1	2171.5	4083.9
222.2	784.6	1258.5	2326.0	4073.7
217.8	797.3	1252.5	2405.3	4068.8
214.8	806.5	1265.8	2467.2	4042.5
212.9	794.1	1266.1	2540.5	4102.8
210.9	796.3	1247.4	2568.9	4078.4
208.5	798.0	1236.8	2627.0	4054.1
206.7	800.8	1238.1	2660.2	4131.0
203.7	798.5	1242.7	2697.7	4173.6
202.1	801.2	1256.1	2737.1	4204.2
201.0	803.0	1256.4	2759.2	4158.3
200.3	799.7	1250.2	2762.8	4145.9
198.4	795.9	1240.2	2768.0	4198.5
196.0	788.6	1232.3	2797.3	4229.3
194.0	780.6	1238.4	2800.9	4199.8
192.7	772.6	1230.0	2787.3	4131.4
189.9	761.2	1207.5	2785.7	4099.5
190.1	757.5	1173.2	2739.1	4139.8
190.7	773.0	1170.5	2656.3	4158.1
192.1	805.1	1173.5	2599.2	4143.4
194.4	830.9	1188.5	2684.0	4159.3
200.9	829.3	1233.2	2746.1	4167.9
205.4	864.6	1519.1	2674.1	4213.7
218.5	794.1	2203.5	2912.1	4239.1
223.3	699.3	2028.6	3013.7	4255.2
72.2	872.2	2152.1	3061.3	4303.2
73.3	1083.9	2368.8	3144.0	4371.6
108.1	1143.0	2374.0	3167.4	4341.8
311.2	1160.3	2319.5	3216.8	4369.7
312.6	1295.8	2313.1	3302.4	4398.4
76.0	1250.5	2438.0	3293.9	4385.6
322.7	1153.1	2467.0	3290.7	4368.3
301.5	1339.3	2429.3	3168.3	4376.0
370.9	1368.4	2397.0	3107.5	4386.5
0.0	1387.5	2481.1	3130.0	4429.0
0.0	1329.3	2499.3	3231.0	4458.4
0.0	1229.1	2382.0	3180.0	4478.9
0.0	1225.6	2411.2	3088.3	4494.5
0.0	1035.5	2369.6	3099.3	4440.5
349.4	1052.2	2037.1	3169.9	4480.5
379.1	1063.9	1893.9	3024.6	4423.7
0.0	1151.9	2353.2	3135.1	4395.8
