0.0	0.0	0.0	0.0	0.0
0.0	0.0	0.0	0.0	0.0
0.0	0.0	0.0	0.0	0.0
0.0	1098.4	2186.5	3348.1	4439.3
0.0	1061.4	2313.6	3263.6	4264.1
0.0	1007.6	2386.5	3236.7	4323.4
0.0	1021.0	2313.8	3251.2	4286.8
0.0	1152.0	2142.1	3285.9	4317.0
0.0	1113.7	2151.5	3261.2	4312.8
0.0	1212.6	2370.6	3332.8	4156.3
0.0	1116.2	2156.3	3174.3	4121.0
0.0	966.0	2009.8	2976.9	4140.7
0.0	968.7	2028.7	3037.9	4159.0
0.0	1004.6	1930.4	2993.7	4218.6
0.0	1009.5	2045.8	3063.2	4161.8
0.0	1073.6	2190.1	3060.4	4146.0
0.0	1129.4	2207.2	2949.3	4191.5
0.0	1144.5	2252.0	3032.2	4329.3
0.0	1172.3	2254.8	3118.2	4336.5
0.0	1246.9	2307.9	3148.2	4315.8
0.0	1402.8	2459.8	3262.0	4397.6
431.7	1717.2	2411.1	3266.9	4317.1
0.0	1734.4	2439.4	3339.2	4268.5
110.6	816.1	2445.1	3388.8	4242.3
0.0	927.7	2482.9	3203.9	4152.4
63.8	855.2	2359.8	3107.5	4246.4
0.0	688.6	2288.3	3165.8	4269.7
173.6	868.3	2325.3	3171.3	4188.2
244.9	619.6	2420.5	3105.6	4122.7
81.4	611.6	2380.0	3127.0	4123.4
0.0	735.7	2425.1	3192.2	4211.2
280.5	824.0	2499.1	3069.3	4149.5
129.0	848.8	2468.9	2956.0	4084.5
170.9	680.2	2270.0	2874.8	4072.8
475.3	707.0	2361.2	2957.7	4048.1
0.0	817.2	2324.7	3057.3	4138.8
0.0	784.8	2258.7	3134.8	4297.4
0.0	879.2	2257.0	3346.8	4305.3
0.0	977.0	2218.7	3315.9	4291.2
0.0	996.4	2366.2	3287.3	4315.9
0.0	948.0	2420.2	3166.6	4269.9
0.0	674.0	2660.0	3301.2	4246.3
0.0	605.6	2706.5	3262.5	4247.7
429.1	634.9	2752.4	3298.0	4233.1
212.2	902.8	2689.6	3424.1	4221.4
474.0	896.1	2682.6	3456.0	4357.9
209.2	492.2	2778.8	3536.0	4389.1
0.0	438.2	2708.8	3416.0	4229.8
224.6	420.3	2652.5	3387.4	4216.0
212.1	409.1	2633.1	3303.8	4194.7
206.9	409.0	2626.1	3198.6	4205.7
205.0	408.0	2351.4	2796.1	4077.7
203.2	384.3	2079.7	2930.6	4108.2
198.1	384.9	2065.8	2782.8	4294.2
196.0	384.7	1577.2	2597.2	4305.6
196.2	383.2	1413.1	2663.9	4270.1
192.6	390.6	1340.2	2741.2	4260.0
192.5	454.9	1471.9	2827.5	4064.3
204.1	689.0	1502.7	2859.0	3831.9
191.3	752.0	1534.4	2959.3	3875.3
189.3	808.7	1554.8	3111.0	3835.9
188.9	844.7	1545.9	3081.3	3839.4
189.2	855.2	1570.8	3085.6	3863.2
190.9	847.6	1633.9	3051.6	3893.5
191.9	876.1	1745.7	3001.3	3905.9
193.9	873.2	1869.4	3058.6	3978.1
195.4	719.7	2032.7	3097.0	4033.8
196.0	700.8	2169.4	3121.4	4099.1
200.6	637.5	2273.5	3141.0	4237.0
203.6	570.5	2457.9	3130.6	4254.3
205.9	411.1	2625.0	3185.3	4203.5
206.2	396.2	2596.4	3177.6	4190.5
204.6	391.7	2569.4	3133.3	4203.7
199.7	389.1	2546.5	3084.3	4287.2
100.5	347.3	2212.5	3095.2	4296.1
71.8	1168.0	2367.3	3188.9	4190.8
78.9	1281.8	2481.7	3278.5	4294.2
75.7	1253.9	2312.0	3296.2	4413.8
0.0	1202.8	2203.6	3277.7	4308.9
0.0	1126.7	2203.5	3410.0	4371.7
0.0	888.6	2340.4	3455.0	4338.4
286.6	1021.1	2433.7	3504.3	4480.8
0.0	1122.8	2368.0	3440.2	4615.5
0.0	917.6	2327.8	3360.8	4497.6
131.1	899.0	2259.1	3488.3	4308.5
574.6	980.4	2326.4	3364.0	4287.2
182.7	1016.9	2313.1	3299.5	4412.1
272.8	1100.1	2418.7	3351.5	4525.2
0.0	1025.1	2367.8	3331.3	4509.5
230.8	991.9	2384.4	3369.6	4505.0
68.2	1011.7	2359.2	3490.0	4476.1
571.4	1218.5	2624.9	3581.9	4397.3
108.1	506.3	2487.2	3282.2	4299.6
0.0	524.9	1982.8	3033.9	4325.1
243.9	577.6	1951.7	2919.9	4331.2
230.8	653.1	1970.2	2956.8	4310.3
222.8	669.5	1998.0	2911.1	4303.7
212.3	675.8	2083.3	2916.8	4233.1
207.7	692.0	2109.4	2963.0	4220.4
204.0	690.7	2109.9	2946.5	4198.5
198.7	693.3	2128.3	2890.7	4143.7
197.5	686.0	2172.2	2947.2	4143.3
195.8	683.1	2206.5	2947.0	4125.8
194.5	677.1	2263.9	2947.2	4113.2
192.3	662.9	2322.5	3035.1	4148.0
191.8	645.7	2351.5	3076.6	4105.4
190.8	623.2	2330.3	3007.5	4122.2
189.3	604.0	2377.8	3055.2	4131.0
188.1	586.5	2445.9	3078.0	4172.3
187.2	562.2	2450.1	3099.6	4232.1
187.1	562.8	2451.4	3042.2	4272.5
188.9	548.9	2458.5	3023.3	4270.7
189.1	540.0	2448.0	2985.9	4241.3
189.5	552.5	2395.4	2932.9	4158.9
186.7	531.6	2333.7	2906.9	4093.3
182.2	510.0	2243.7	2845.1	4075.8
171.1	513.2	2075.3	2802.5	4008.3
0.0	544.9	2077.8	2804.8	4016.5
124.9	578.7	1706.9	2630.9	3897.8
95.7	605.0	1613.4	2577.9	3875.0
98.4	607.7	1535.9	2523.0	3873.1
0.0	607.0	1512.3	2435.4	3881.8
0.0	597.8	1525.0	2325.8	3861.9
174.8	590.7	1558.1	2227.7	3896.1
174.6	558.9	1543.6	2218.0	3851.2
178.6	538.7	1641.0	2250.4	3833.3
180.2	513.9	1760.4	2486.0	3850.2
179.0	516.7	1858.3	2657.7	3879.7
177.8	499.6	1916.3	2715.4	3936.9
178.9	429.8	2324.4	2686.7	3915.4
89.1	374.1	2490.4	2872.4	3941.2
89.8	349.2	2415.4	2941.8	3964.1
169.6	338.2	2517.2	3031.9	3935.0
81.6	336.8	2487.7	3111.1	3973.4
75.4	332.4	2140.4	3222.0	4116.8
81.6	1193.8	2335.9	3376.5	4141.0
167.4	736.2	2401.3	3496.6	4300.2
0.0	679.8	2292.3	3238.2	4238.0
217.2	424.0	2080.7	2830.7	4200.3
207.3	397.2	2037.9	2735.7	4163.9
186.2	400.2	1973.5	2685.8	4173.6
184.7	396.9	1919.7	2685.5	4132.5
184.5	379.3	1836.2	2879.9	4136.7
186.0	379.4	1881.8	2766.9	4216.5
189.5	379.8	1929.5	2724.4	4258.6
193.2	390.0	1752.6	2707.7	4265.6
195.5	394.9	1743.0	2760.3	4327.2
197.2	397.3	1868.2	2795.8	4429.7
195.1	408.0	1886.9	3030.6	4443.5
189.9	783.1	2021.8	3284.6	4557.8
180.7	875.7	2060.9	3201.8	4450.4
88.5	915.4	2158.9	3186.2	4382.1
0.0	972.2	2186.2	3298.8	4466.2
139.5	928.3	2239.4	3274.3	4407.9
0.0	875.6	2278.0	3330.0	4446.5
272.7	806.0	2224.2	3288.5	4414.1
196.7	802.3	2253.9	3202.4	4326.7
571.4	893.7	2254.7	3192.3	4282.3
0.0	1059.1	2274.2	3270.1	4343.4
160.0	1045.5	2220.1	3198.6	4479.4
0.0	863.9	1981.9	2983.0	4347.9
190.2	716.8	1706.4	3003.1	4332.9
268.3	764.3	1552.9	2964.6	4316.5
197.4	770.5	1549.0	3000.0	4271.4
190.5	771.7	1541.4	2937.2	4251.1
183.7	790.1	1471.8	2896.3	4229.8
179.9	782.1	1420.1	2816.9	4088.1
176.9	638.9	1313.8	2779.3	4081.2
174.6	418.9	1283.8	2715.6	4221.6
86.1	396.2	1299.8	2802.8	4263.3
182.8	391.2	1322.4	2908.2	4183.0
182.5	386.8	1786.4	2944.2	4248.5
182.0	378.9	1883.1	2983.3	4164.1
179.6	391.8	2076.1	3084.6	4113.3
176.3	861.0	2194.8	3357.2	4121.0
172.6	914.8	2247.9	3538.0	4270.5
87.2	914.7	2327.4	3434.3	4311.1
0.0	904.8	2131.6	3166.7	4206.8
0.0	813.1	1918.4	3042.8	4250.4
0.0	771.3	1945.2	3066.3	4266.2
0.0	516.5	1959.2	3005.1	4280.0
0.0	531.6	2085.5	3015.3	4257.0
0.0	517.5	2247.9	2923.3	4278.3
179.1	488.4	2382.5	2825.0	4330.1
177.4	477.6	2407.6	2806.9	4390.2
173.9	462.3	2353.8	2695.4	4369.8
175.5	419.5	2258.7	2873.5	4321.5
178.1	401.3	2148.8	2998.8	4243.8
180.1	410.9	1991.0	2867.3	4045.6
180.9	420.9	1467.3	2803.2	4075.1
177.5	1004.1	2120.1	3471.9	4198.4
173.8	852.7	2194.4	3196.7	4140.5
156.4	1151.2	2268.7	3205.2	4207.9
0.0	1075.2	2433.4	3295.3	4349.4
457.2	1155.6	2443.9	3304.7	4307.8
371.9	1211.6	2451.6	3435.1	4466.8
0.0	1236.3	2483.1	3340.4	4414.9
0.0	1271.0	2332.8	3152.3	4215.5
99.5	1624.1	2399.3	3305.0	4186.2
205.3	1529.3	2302.6	3283.3	4269.7
212.3	1428.3	2250.3	3206.2	4273.2
0.0	1040.8	2041.7	3093.9	4190.3
0.0	985.1	2109.8	3263.0	4192.4
0.0	539.1	2418.9	3638.0	4241.7
0.0	502.4	1011.7	3461.2	4104.4
194.1	545.4	1202.5	3442.9	4074.7
188.8	531.2	1167.6	3038.2	4010.4
190.1	639.7	2831.3	3936.2	4004.9
188.1	493.6	965.3	3734.7	4052.8
185.8	512.4	957.3	3647.8	4077.3
186.9	554.1	1041.3	3285.7	4157.5
186.3	617.1	1324.6	3267.2	4132.4
185.1	558.2	1312.7	3074.4	4050.3
182.1	527.2	1078.7	3061.8	4011.4
178.6	518.8	1050.8	3092.6	4086.0
172.8	507.3	1072.8	3120.3	4169.5
169.1	493.8	1183.2	3165.9	4146.1
166.0	475.1	1303.6	3223.5	4182.6
159.7	464.4	1154.0	3216.1	4233.5
156.7	457.2	1156.3	3147.7	4200.5
151.8	459.3	1194.5	3111.3	4141.6
150.3	489.5	1234.9	3086.7	4183.3
147.2	526.0	1319.4	3016.1	4167.6
146.2	521.9	1390.7	2971.9	4102.1
143.1	544.7	1478.4	2975.3	4199.1
142.9	525.8	1571.3	3029.9	4220.4
136.8	527.4	1618.5	2926.2	4088.5
134.3	517.3	1671.3	2886.7	4025.1
128.5	510.2	1685.6	3084.6	4075.8
143.5	502.0	1712.4	3089.7	4073.6
86.1	492.8	1768.9	2950.3	4050.2
63.5	546.8	1845.5	2920.4	4167.7
63.5	748.5	1946.0	2956.2	4115.1
104.8	801.8	2408.1	3183.3	4177.8
63.7	828.5	2524.2	3501.0	4330.9
189.2	732.4	2776.4	3700.2	4404.8
92.5	971.9	2896.2	3831.1	4426.2
0.0	1166.3	2831.7	3811.3	4412.0
0.0	920.7	2720.9	3755.3	4396.7
0.0	792.4	2760.7	3635.7	4364.6
0.0	778.8	2708.0	3678.3	4287.5
0.0	723.2	2707.6	3634.3	4328.0
0.0	765.4	2704.7	3581.5	4311.3
0.0	738.2	2681.7	3614.7	4291.8
0.0	966.5	2722.0	3246.7	4243.7
146.3	817.6	2801.4	3338.1	4187.5
0.0	1144.7	2730.8	2949.5	4214.5
272.6	872.0	1938.7	2880.2	4198.9
296.3	1173.7	2592.7	3244.6	4307.0
112.5	1084.6	2245.0	2972.2	4024.8
80.1	1088.8	1894.3	2886.3	3940.6
0.0	777.4	1781.0	2887.2	3996.9
0.0	789.1	1814.5	2946.7	4111.6
0.0	809.8	1856.2	3052.6	4283.6
0.0	903.1	2152.9	3229.7	4292.8
0.0	874.8	2383.9	3232.5	4191.8
0.0	771.9	2150.9	3177.2	4242.1
95.2	841.6	2117.0	3274.6	4256.4
104.6	1233.6	2157.1	3232.2	4094.6
0.0	923.4	2073.4	3280.6	4244.2
