0.0	0.0	0.0	0.0	0.0
0.0	0.0	0.0	0.0	0.0
0.0	0.0	0.0	0.0	0.0
0.0	976.7	2027.3	3085.6	3930.4
0.0	920.6	2002.3	3055.5	3908.8
0.0	931.5	1946.5	3076.9	3965.8
134.4	986.2	1978.8	3116.6	4061.4
0.0	967.0	1976.6	3004.9	4050.5
0.0	932.1	1961.1	3036.9	4133.7
146.6	1172.9	2132.6	3175.5	4226.5
148.2	807.9	2231.2	3190.4	4343.6
0.0	977.9	2318.6	3203.3	4359.3
0.0	1014.8	2151.4	3269.0	4171.6
0.0	956.3	1916.2	2845.9	4023.0
0.0	956.9	1862.6	2778.5	4099.4
0.0	931.1	1867.6	2751.1	4000.4
137.7	957.6	1795.1	2613.1	3832.4
0.0	760.6	1766.1	2505.5	3898.1
249.0	739.1	1794.4	2433.8	3975.0
209.6	674.7	1739.3	2339.7	3968.9
98.3	655.2	1648.6	2200.4	3973.2
200.3	633.7	1586.5	2188.7	3978.9
196.1	617.1	1533.7	2119.8	3918.3
197.1	601.6	1490.0	2099.6	3906.0
199.5	594.8	1426.8	2065.7	3953.8
198.2	595.8	1398.1	2021.3	4013.2
198.9	593.2	1375.9	1993.2	3998.2
197.2	589.6	1294.4	1996.0	3954.0
196.9	593.6	1336.7	2014.0	4015.6
199.2	610.2	1417.8	2038.8	4072.9
202.3	623.7	1472.3	2086.3	3994.8
205.2	638.0	1558.0	2140.2	3840.3
207.8	657.8	1669.5	2255.0	3816.5
210.2	695.1	1726.0	2457.5	3873.3
211.9	715.6	1803.8	2644.9	3919.6
212.6	747.6	1831.2	2752.5	3985.2
213.3	761.2	1868.4	2817.5	3997.2
214.6	769.5	1894.1	2822.9	4021.3
215.4	768.4	1903.4	2841.5	4038.5
218.2	755.8	1906.8	2912.0	4053.7
222.7	728.9	1897.6	2907.8	4016.0
225.8	695.3	1842.6	2847.0	3956.1
229.0	642.7	1743.6	2759.2	3849.1
231.9	550.0	1607.3	2702.1	3809.0
227.0	457.0	1663.1	2694.1	3848.4
71.0	510.4	1687.5	2695.4	3874.5
227.5	568.9	1700.6	2682.0	3893.3
247.6	601.6	1764.2	2731.1	3926.6
245.7	606.0	1864.7	2770.0	3969.1
245.0	593.9	1886.6	2772.4	4010.4
239.9	561.5	1871.7	2768.8	4016.1
117.0	535.2	1814.4	2734.6	4009.9
112.9	509.3	1730.2	2689.6	4026.9
197.2	444.2	1584.2	2646.4	3945.6
72.2	399.7	1517.3	2637.1	3935.8
287.8	1125.3	2182.9	3303.3	4174.5
65.9	885.8	2173.6	3292.7	4229.5
0.0	1009.4	2236.6	3266.4	4240.8
0.0	1053.0	2311.2	3175.7	4258.4
0.0	868.8	2114.9	3072.0	4308.0
0.0	952.6	2052.2	3117.0	4250.2
0.0	709.5	1934.6	3045.3	4099.5
0.0	639.5	1871.4	3119.3	4130.4
0.0	577.1	1769.2	3066.9	4226.6
0.0	625.5	1709.7	2924.2	4277.5
0.0	1017.1	1778.1	2922.3	4268.7
216.6	964.3	1691.7	2926.0	4229.7
231.6	765.6	1638.6	2899.8	4079.5
231.3	754.5	1650.7	2916.5	4043.2
228.1	762.2	1664.5	2895.9	4091.8
223.8	729.1	1654.2	2914.1	4106.3
218.2	720.2	1705.3	2960.0	4212.7
213.7	683.5	1751.4	2958.7	4307.7
211.2	638.1	1784.8	2958.2	4275.0
208.6	619.0	1844.6	2981.8	4206.9
205.3	618.0	1849.8	3004.2	4271.1
206.6	588.6	1846.4	2955.3	4512.6
203.3	441.2	1896.4	2823.6	4636.1
207.4	397.2	1873.1	2917.1	4570.1
209.4	1022.4	2141.4	3027.0	4174.6
205.5	1045.7	2243.1	3374.5	4083.6
98.6	1059.1	2578.5	3531.5	4069.0
63.5	1094.3	2716.5	3595.5	4137.0
0.0	717.1	2597.0	3343.0	4117.7
0.0	659.8	2327.1	3110.7	4140.6
160.0	747.1	2192.2	3099.2	4203.4
0.0	1296.3	2192.9	3154.1	4162.6
126.2	1268.2	2119.5	3182.6	4085.6
0.0	1254.3	1999.3	3078.2	4105.2
0.0	616.7	1932.9	2886.9	4032.1
110.5	670.5	1642.3	2747.6	3969.3
101.7	431.1	1645.9	2581.0	3927.6
0.0	426.9	1678.0	2230.9	4148.6
215.5	403.0	1882.3	2294.9	4334.9
203.4	395.4	2067.6	2431.3	4221.5
199.2	391.0	2166.0	2470.8	4099.1
197.2	383.9	2247.2	2647.5	4046.3
196.5	381.5	2253.1	2677.8	4033.5
192.6	368.7	2166.6	2712.0	4077.7
187.4	364.4	1972.0	2927.3	4088.7
90.1	428.9	1929.6	2955.9	4101.4
86.6	363.6	1868.4	3106.2	4227.7
166.8	359.2	1980.4	3209.5	4343.8
172.6	999.1	2253.0	3256.1	4332.8
174.6	1180.5	2126.0	3205.8	4366.5
83.4	933.6	2181.5	3174.0	4383.8
0.0	805.0	2030.9	3040.5	4280.0
0.0	515.6	1983.9	2955.9	4227.9
0.0	534.7	1949.9	2930.9	4187.5
209.8	631.4	1877.2	2872.9	4168.2
204.2	637.8	1842.6	2777.3	4240.4
204.2	654.9	1819.2	2823.1	4235.3
204.7	686.3	1783.1	2827.6	4227.3
204.1	710.5	1686.6	2722.2	4143.6
205.2	709.8	1651.1	2646.6	4195.1
206.6	699.7	1593.8	2752.5	4172.9
208.0	665.7	1477.8	2808.0	4070.1
209.1	625.0	1335.1	2860.5	4022.4
208.1	604.3	1207.2	2865.7	4078.4
205.7	552.7	1152.2	2909.8	4126.7
200.2	532.3	2018.2	3137.6	4107.9
63.9	535.6	1963.0	3212.2	4116.4
186.1	479.3	1897.0	3149.9	4167.7
183.8	529.2	1815.7	3145.7	4248.2
186.8	492.3	973.1	3244.6	4186.1
188.4	527.1	967.6	3249.3	3967.6
192.5	530.9	953.4	3230.6	3967.8
189.0	527.7	968.5	3218.4	4045.2
191.0	550.5	1013.7	3204.6	4066.9
189.3	547.9	1049.9	3191.6	4076.3
188.3	569.9	1105.1	3163.5	4070.0
187.0	669.0	2309.8	3207.4	4106.8
185.8	677.4	2228.0	3133.3	4187.1
88.7	1327.0	2636.3	3495.5	3903.8
79.9	1063.1	2630.0	3601.5	3930.4
0.0	1131.9	1933.1	3248.9	4198.2
0.0	517.6	1836.7	3212.0	4362.9
0.0	622.4	1915.8	3146.4	4424.1
0.0	738.9	1987.1	3119.9	4439.2
155.5	910.7	2020.2	3097.2	4477.7
93.4	873.4	2093.3	3102.8	4560.7
89.4	839.4	2129.1	3029.2	4491.5
0.0	794.9	2211.5	3064.8	4281.7
183.4	571.3	2146.9	3053.6	4181.3
201.3	569.3	2136.0	3048.3	4124.1
185.4	574.5	2111.8	3036.7	4082.6
178.1	581.3	2071.8	3023.7	3989.3
176.2	577.9	2002.4	3006.7	4010.4
173.7	566.9	1940.8	3024.6	3944.9
170.3	610.2	1810.7	3067.6	3878.6
171.9	649.3	1685.1	2997.3	3953.5
172.6	618.8	1593.0	2955.9	4074.3
172.6	603.1	1577.6	2856.6	3976.6
172.6	513.3	1649.4	2581.5	3938.3
172.4	470.0	1695.7	2711.0	4038.5
173.1	403.9	1660.7	2800.1	4069.3
171.4	405.4	1678.5	2749.2	4032.4
174.2	401.6	1736.7	2755.7	3974.2
175.5	377.6	1717.5	2885.2	4061.6
175.7	343.6	1685.0	2900.6	4198.3
175.9	930.6	1752.2	2776.0	4250.1
174.3	1064.5	1784.7	2893.8	4282.1
160.1	1027.0	1886.7	3117.2	4347.3
79.2	954.6	2025.4	3035.4	4262.5
157.9	905.9	1893.9	2999.5	4255.5
108.1	1010.5	1833.4	3103.4	4265.1
0.0	816.2	1791.0	2990.0	4246.8
80.8	808.6	1850.1	3170.8	4318.0
