0.0	0.0	0.0	0.0	0.0
0.0	0.0	0.0	0.0	0.0
0.0	0.0	0.0	0.0	0.0
0.0	768.5	2313.3	3198.3	4435.0
0.0	1212.2	2328.7	3246.3	4286.1
0.0	1063.0	2321.6	3217.5	4287.3
0.0	1102.2	2381.8	3275.6	4279.6
0.0	1048.6	2272.3	3308.7	4347.4
0.0	1174.5	2326.0	3387.0	4425.4
0.0	1158.7	2225.3	3263.8	4292.3
0.0	1038.8	2286.8	3293.2	4314.5
0.0	915.2	2203.4	3221.9	4189.7
0.0	978.9	2253.4	3070.8	4159.2
0.0	1064.2	2378.4	3039.0	4223.6
0.0	765.6	2312.6	3042.5	4269.3
0.0	936.5	2366.9	3227.6	4292.9
0.0	957.1	2319.7	3222.0	4161.4
0.0	660.2	2230.0	3039.9	4192.3
284.6	661.5	1916.1	2936.6	4153.6
276.7	634.9	1118.7	2844.9	4217.1
247.9	622.9	1105.9	2713.2	4260.8
234.9	616.4	1128.2	2635.0	4275.8
241.4	609.5	1249.3	2728.4	4338.6
78.8	639.3	1331.9	2821.8	4323.1
126.9	667.8	1428.1	2886.1	4276.5
125.7	704.5	1536.7	2890.0	4306.7
121.1	714.9	1618.7	2897.5	4327.6
220.0	722.3	1699.7	2911.4	4308.4
120.4	743.7	1741.8	2983.7	4324.9
0.0	731.0	1751.9	3027.4	4359.8
120.3	733.4	1757.6	2982.5	4381.8
118.3	754.8	1765.4	2943.7	4409.0
117.7	767.1	1760.2	2977.9	4369.0
117.6	796.1	1736.2	3002.5	4372.2
119.7	794.1	1704.9	2982.9	4448.2
121.4	822.1	1631.6	3019.5	4455.5
122.1	811.1	1579.3	3024.1	4436.7
122.9	816.8	1531.4	3069.3	4414.1
124.5	816.1	1483.0	3086.6	4340.6
125.3	812.7	1445.4	3100.9	4373.2
125.0	815.4	1393.1	3122.4	4444.9
124.3	785.8	1374.9	3147.6	4433.4
125.1	775.6	1356.1	3153.3	4410.5
124.7	788.0	1316.9	3184.3	4446.5
122.9	770.6	1289.0	3174.6	4433.6
123.1	755.2	1307.5	3160.5	4432.5
256.1	765.6	1319.3	3206.9	4488.6
259.5	758.6	1339.5	3224.7	4517.3
268.6	725.0	1323.0	3216.6	4526.6
272.3	701.6	1312.1	3214.3	4563.4
272.5	647.1	1332.2	3160.8	4531.1
273.8	583.1	1336.7	3085.5	4443.7
270.7	383.7	1338.2	3074.8	4352.8
263.0	267.7	1347.4	3079.5	4158.0
88.7	261.7	1450.0	3044.3	4207.1
261.6	260.2	1607.9	3048.0	4213.9
259.4	258.7	1610.2	3034.0	4098.2
256.2	263.1	1537.1	3077.4	4145.6
252.8	279.5	1588.8	3096.1	4379.6
246.5	537.6	1728.1	3073.5	4442.6
249.6	569.6	1772.3	3092.4	4446.7
242.6	623.2	1857.2	3121.9	4484.0
237.3	678.8	1952.8	3157.6	4538.7
231.2	703.1	2034.7	3177.4	4499.5
230.3	708.7	2104.9	3209.7	4453.4
228.2	725.3	2151.7	3247.2	4440.4
228.0	738.2	2164.7	3310.1	4426.0
227.8	752.4	2199.3	3346.8	4425.2
229.1	764.9	2224.4	3317.2	4497.7
232.0	776.8	2253.8	3345.9	4438.4
232.7	783.9	2254.5	3398.8	4389.2
233.9	796.6	2261.6	3388.4	4394.8
236.7	789.8	2253.7	3395.2	4332.4
238.3	781.4	2256.4	3394.5	4292.1
239.8	757.6	2220.9	3402.7	4334.6
242.7	728.4	2159.8	3347.0	4359.7
244.5	708.6	2071.1	3209.7	4357.7
239.1	246.9	2109.9	3155.8	4203.3
246.1	247.9	2331.9	3235.3	4360.0
247.1	252.6	2392.8	3196.2	4449.0
249.6	254.5	2379.9	3107.9	4452.9
251.6	272.7	2328.0	3249.2	4207.6
252.3	317.2	2448.7	3327.0	4100.5
260.8	473.5	2600.9	3244.0	4167.2
267.1	439.8	2584.4	3167.5	4189.2
268.4	449.2	2579.0	3095.3	4186.0
269.5	404.5	2541.3	3053.5	4196.4
272.0	455.9	2467.5	3057.5	4188.3
269.3	501.1	2443.0	3010.1	4145.6
268.6	491.9	2407.6	2987.7	4157.4
266.8	521.7	2346.8	2943.0	4208.2
264.7	537.2	2297.0	2893.2	4252.4
267.8	533.8	2170.2	2775.3	4244.0
270.8	529.8	2150.4	2735.0	4264.3
267.1	525.5	2108.4	2736.8	4285.8
265.1	529.6	2044.6	2752.0	4292.7
265.4	529.0	1951.5	2754.3	4333.1
265.0	531.2	1811.4	2738.6	4328.6
266.4	537.8	1611.3	2681.1	4332.6
269.7	540.9	1383.8	2537.2	4327.2
270.0	532.9	1204.5	2490.4	4261.0
266.3	391.7	1501.9	2530.5	4185.0
258.0	260.0	1735.6	2556.5	4173.9
84.5	265.4	2374.5	2694.8	4202.5
245.3	245.6	2230.2	2726.7	4230.6
241.5	294.8	2332.2	3000.7	4286.9
237.9	291.1	2270.6	2790.0	4191.2
235.7	301.9	2074.5	2648.0	4150.6
234.5	529.9	2076.4	2841.7	4156.7
240.8	532.5	1183.4	2484.7	3795.4
248.9	555.8	1244.2	2249.8	3420.5
252.0	576.5	1273.0	2156.0	3334.9
254.7	620.8	1308.8	2129.4	3327.1
256.4	658.0	1361.0	2127.0	3286.9
256.2	725.5	1379.4	2136.1	3316.8
257.7	781.9	1382.2	2337.3	3396.1
261.7	794.3	1360.0	2545.2	3516.4
262.6	808.0	1361.8	2629.0	3776.0
266.4	841.7	1379.7	2678.5	4298.3
269.8	858.5	1393.5	2759.2	4436.3
273.2	872.6	1412.1	2740.3	4445.2
278.8	891.0	1451.7	2721.5	4433.4
286.1	872.8	1460.8	2797.4	4406.9
294.0	881.0	1467.3	2845.7	4441.3
301.1	894.1	1481.6	2880.8	4418.0
306.4	888.9	1517.1	2908.7	4379.0
310.9	926.3	1580.0	2997.2	4432.4
314.9	910.7	1600.0	3029.7	4432.3
320.8	902.0	1622.6	3049.2	4443.0
321.5	878.7	1713.3	3104.5	4491.4
320.9	850.3	1801.0	3063.3	4561.1
317.4	796.6	1830.8	3062.5	4550.6
310.8	469.3	1828.5	3054.2	4330.9
304.4	403.2	1853.6	3046.2	4124.9
299.8	622.2	1995.6	3103.7	4108.1
302.4	635.9	2067.0	3171.1	4318.2
282.5	664.3	2182.6	3242.9	4554.5
254.2	676.2	2267.4	3264.6	4541.4
232.3	670.4	2286.0	3279.4	4496.5
216.2	640.9	2309.2	3265.8	4402.0
77.4	619.6	2320.5	3277.7	4246.4
0.0	614.4	2331.0	3297.3	4395.6
88.9	630.9	2347.6	3262.0	4499.2
89.0	631.1	2332.1	3231.9	4448.4
75.1	586.7	2336.2	3252.3	4361.4
88.7	655.2	2284.8	3280.2	4375.3
0.0	615.4	2221.8	3219.7	4407.4
0.0	643.3	2189.3	3194.4	4396.8
124.0	680.7	2153.6	3199.2	4312.9
0.0	724.4	2125.5	3227.5	4273.4
0.0	1034.0	2206.3	3393.0	4237.5
0.0	1129.6	2220.9	3402.1	4268.9
0.0	988.9	2235.3	3238.4	4254.5
0.0	1033.9	2270.5	3203.3	4184.1
0.0	1290.1	2300.9	3450.2	4441.3
0.0	1132.9	2259.0	3362.0	4471.0
0.0	1138.8	2320.5	3250.8	4290.3
0.0	1067.0	2356.2	3309.2	4209.9
0.0	1079.1	2392.1	3327.6	4269.7
0.0	1150.1	2291.0	3276.1	4282.5
0.0	1003.3	2204.5	3243.6	4246.8
0.0	930.3	2202.1	3165.7	4219.3
0.0	982.1	2203.0	3214.6	4239.2
0.0	1096.5	2234.6	3200.8	4247.2
0.0	1194.5	2275.0	3351.9	4387.3
0.0	1125.4	2270.1	3252.3	4346.7
