0.0	0.0	0.0	0.0	0.0
0.0	0.0	0.0	0.0	0.0
0.0	0.0	0.0	0.0	0.0
0.0	861.3	2022.4	3224.6	4343.2
0.0	992.1	2148.0	3214.2	4260.5
0.0	1184.2	2446.8	3410.1	4434.1
0.0	985.3	2201.6	3241.2	4354.4
0.0	920.4	2030.1	3180.5	4235.6
0.0	823.9	2090.9	3196.6	4125.4
0.0	879.3	2168.2	3212.6	4163.8
0.0	886.8	2203.2	3363.1	4311.5
0.0	801.3	2246.9	3405.6	4290.6
0.0	859.0	2157.5	3245.9	4215.0
0.0	905.7	2247.6	3234.3	4238.3
0.0	836.6	2260.3	3348.9	4493.9
0.0	872.2	2127.0	3310.3	4391.3
0.0	940.0	2198.4	3324.4	4308.8
0.0	1428.9	2311.9	3144.5	4252.7
115.9	1409.2	2351.4	3022.2	4244.3
0.0	1140.2	2265.6	3066.4	4287.3
0.0	760.9	2031.6	3071.5	4255.5
0.0	262.4	2310.4	3102.0	4302.5
269.0	274.6	2144.5	3003.7	4231.4
280.6	261.3	2059.9	2886.2	4219.4
257.7	284.0	2208.2	2878.5	4268.4
251.5	585.7	2105.5	2965.4	4306.1
250.0	720.3	2043.8	3047.8	4349.0
261.7	716.3	2048.6	3059.4	4318.8
261.1	724.0	2036.1	3067.4	4232.8
263.1	716.3	1918.5	2951.2	4056.2
262.3	712.6	1849.0	2794.8	4096.7
264.7	697.5	1836.4	2783.7	4205.2
268.0	652.8	1713.8	2773.0	4205.8
266.9	591.4	1562.7	2795.5	4191.4
265.0	550.9	1457.4	2783.8	4090.3
264.1	487.6	1341.9	2754.3	4043.6
255.8	328.6	1507.3	3062.5	4237.6
81.4	257.3	1654.9	3271.4	4293.9
81.9	249.6	1267.3	3142.4	4169.0
233.0	325.2	1271.2	3034.1	4109.5
237.8	486.0	1342.9	2804.3	4108.3
248.6	522.8	1320.9	2782.2	4020.6
250.5	623.4	1454.4	2786.7	4055.6
246.4	679.0	1541.7	2762.8	4121.6
241.7	716.5	1587.5	2785.2	4131.8
238.2	722.7	1619.3	2766.5	4183.0
232.8	731.2	1723.4	2752.6	4170.2
231.3	731.7	1816.5	2788.0	4291.2
229.9	715.9	1888.4	2810.3	4222.7
229.0	685.2	2008.6	2862.5	3886.2
228.7	628.3	2046.2	2939.8	3729.4
226.5	432.7	2036.7	2983.0	3681.7
224.6	451.8	2091.0	3008.3	3669.5
220.4	474.6	2274.4	3035.6	3879.4
226.1	484.1	2329.7	3045.2	3980.3
226.7	468.4	2338.9	3037.1	4050.0
227.7	459.9	2361.7	3025.8	4192.6
226.4	456.1	2424.1	3015.3	4266.2
228.8	456.1	2437.9	2994.5	4246.8
228.0	460.5	2437.5	2971.4	4254.8
231.0	467.4	2426.4	2938.9	4246.6
230.3	494.7	2378.5	2864.0	4263.8
231.7	542.8	2332.2	2819.4	4275.5
237.0	602.2	2223.3	2831.1	4259.8
236.4	667.6	2093.6	2868.4	4292.3
238.6	718.8	2058.0	2888.5	4289.1
240.8	721.4	1890.6	2864.5	4289.2
242.9	744.1	1775.1	3017.1	4318.3
245.6	746.2	1693.7	3096.6	4270.7
245.2	743.4	1630.3	3150.8	4236.2
250.1	733.5	1536.1	3216.0	4240.3
248.0	712.3	1500.9	3253.1	4273.5
253.1	696.2	1537.8	3272.3	4219.4
250.2	658.1	1630.4	3286.0	4310.2
253.6	748.8	1564.3	3301.4	4425.8
248.4	854.8	1789.3	3321.1	4416.1
239.5	837.3	2034.1	3302.8	4356.4
115.1	767.4	2100.1	3299.8	4356.9
0.0	1100.6	2313.5	3438.3	4425.5
0.0	1067.2	2355.4	3471.4	4552.5
0.0	1065.6	2236.9	3418.6	4544.1
86.3	1019.3	2223.7	3371.8	4544.2
87.2	1241.5	2341.6	3343.9	4613.5
333.3	1200.2	2363.2	3393.1	4473.8
88.9	1018.4	2300.7	3540.4	4452.7
0.0	931.1	2342.2	3711.6	4451.6
0.0	1024.2	2345.0	3489.6	4336.0
0.0	952.2	2043.2	3134.2	4319.9
0.0	1031.9	2283.5	3313.7	4260.3
0.0	1096.4	2438.4	3481.8	4361.2
0.0	701.1	2241.3	3355.5	4397.8
0.0	462.3	2149.2	3145.5	4284.0
79.6	458.0	2203.9	3083.6	4367.8
255.2	441.2	2242.1	3102.8	4477.3
225.7	433.6	2294.0	3100.0	4396.7
214.9	432.8	2303.5	3091.6	4399.7
212.6	428.5	2290.2	3067.7	4420.8
211.4	417.4	2301.0	3080.8	4424.6
209.6	418.3	2304.3	3072.3	4444.7
208.4	410.6	2308.9	3067.7	4419.8
207.7	402.5	2268.4	3068.5	4447.6
206.6	377.0	2234.3	3179.0	4436.2
202.2	368.9	2239.0	3373.8	4400.4
64.8	393.1	2301.3	3251.4	4399.1
195.2	413.5	2399.1	3098.1	4414.0
205.4	424.4	2425.6	3144.8	4355.9
211.0	427.5	2460.2	3211.4	4332.3
213.0	432.5	2524.6	3209.2	4300.9
215.1	430.9	2542.4	3257.3	4307.8
217.5	433.5	2551.8	3308.1	4314.4
216.9	446.1	2580.1	3349.1	4256.0
220.6	439.2	2586.8	3325.0	4231.7
221.3	453.0	2598.0	3281.4	4236.5
222.9	443.1	2589.2	3227.8	4241.1
226.1	443.0	2575.4	3177.4	4278.2
223.7	448.3	2530.1	3064.1	4324.2
224.6	446.7	2442.0	2989.3	4351.1
222.2	443.0	2337.4	2917.2	4364.0
221.5	429.5	2189.6	2874.0	4296.1
217.7	427.1	2053.1	2804.8	4284.9
212.7	407.0	2007.0	2858.8	4267.7
206.9	412.2	2001.2	3136.1	4296.9
204.8	413.5	1902.7	3029.0	4294.2
205.3	417.9	1850.2	2730.3	4298.9
206.4	456.3	1872.8	2696.2	4324.3
204.7	555.8	1932.3	2696.5	4329.7
202.9	580.7	1948.4	2703.1	4277.5
199.1	593.2	1899.1	2730.7	4299.5
198.2	606.0	1905.4	2793.6	4283.4
196.4	601.2	1861.1	2569.0	4133.2
194.0	591.0	1801.8	2447.3	4081.6
194.0	599.7	1786.5	2858.4	4126.2
195.5	594.3	1758.3	2406.3	4154.4
195.0	586.5	1744.9	2187.4	4127.6
200.5	588.1	1838.1	2427.0	4146.9
201.8	637.7	1823.7	2354.0	4182.5
201.4	746.1	1785.8	2336.5	4263.7
204.8	871.5	1709.0	2432.7	4181.6
202.7	884.3	1711.5	2820.5	4172.0
203.7	796.1	1708.0	3108.6	4245.3
207.8	854.8	1742.8	2855.6	4205.0
211.0	1036.1	2102.5	3027.3	4314.8
103.6	1041.3	2149.1	3221.0	4375.7
65.9	1010.6	2144.4	3271.7	4219.2
63.5	1027.4	2177.0	3404.0	4294.6
