0.0	0.0	0.0	0.0	0.0
0.0	0.0	0.0	0.0	0.0
0.0	0.0	0.0	0.0	0.0
0.0	665.5	2403.0	3324.8	4448.1
0.0	1105.3	2471.6	3348.3	4494.5
0.0	1059.4	2517.0	3313.4	4413.8
0.0	1083.6	2375.3	3319.4	4386.7
0.0	1093.5	2218.5	3355.3	4367.9
0.0	1233.7	2258.0	3391.6	4317.0
0.0	1274.4	2415.2	3438.0	4289.6
0.0	1276.8	2402.8	3425.1	4270.4
0.0	1109.1	2233.0	3336.9	4339.5
0.0	995.9	2203.3	3378.5	4375.5
0.0	1032.5	2331.2	3443.4	4297.9
0.0	961.3	2302.6	3257.1	4274.7
0.0	1170.8	2311.0	3187.9	4304.2
0.0	320.0	2103.5	3102.5	4213.8
0.0	1000.4	2339.8	3272.6	4338.7
0.0	925.9	2310.8	3112.7	4288.5
0.0	615.9	2569.6	3450.2	4331.8
0.0	530.3	1090.2	2627.4	3797.4
215.5	532.9	1112.9	2635.5	3879.2
215.2	609.3	1094.5	2632.8	3890.0
209.4	615.6	1031.9	2683.0	3840.7
205.5	626.6	1026.3	2712.1	3824.1
204.6	585.2	1020.6	2725.1	3840.1
203.3	537.6	1027.5	2673.7	3830.5
202.2	523.0	1054.1	2659.4	3711.3
207.2	489.3	1099.2	2694.7	3790.7
214.8	442.0	1153.1	2747.2	4107.4
219.6	480.3	1518.8	2829.3	4062.1
216.4	1284.3	2396.4	3461.9	4352.5
210.9	1234.2	2432.2	3374.1	4351.9
204.5	1235.6	2403.0	3359.9	4308.9
67.3	1235.2	2351.2	3452.8	4524.7
173.0	1318.4	2360.2	3383.0	4619.2
0.0	1363.0	2142.8	3366.4	4667.3
103.5	1233.8	1435.1	3114.5	4639.4
0.0	1392.3	2455.7	3430.9	4644.1
0.0	1352.6	2295.8	3244.1	4418.2
0.0	1049.1	2192.2	3103.9	4269.2
0.0	1325.3	2389.8	3292.0	4551.0
0.0	793.7	1322.2	3057.4	4576.9
0.0	827.5	1354.1	2924.9	4360.7
0.0	730.1	1377.9	2902.9	4309.1
213.0	1214.3	2180.5	3466.2	4280.7
151.6	1168.3	2218.8	3628.0	4200.3
205.1	1137.9	2275.5	3587.4	4309.0
0.0	1071.4	2359.5	3648.5	4429.1
235.8	614.6	1306.9	2568.9	3948.6
236.7	623.6	1277.8	2452.3	3767.9
224.9	644.9	1240.4	2367.7	3735.3
219.6	645.5	1190.5	2359.1	3677.7
216.0	637.8	1208.0	2330.7	3667.2
212.4	637.9	1269.8	2230.7	3687.0
209.6	632.0	1254.3	2171.0	3655.0
208.7	627.0	1270.2	2137.1	3664.5
208.1	626.6	1386.9	2162.2	3758.7
207.8	629.9	1431.9	2164.1	3817.9
209.4	629.3	1448.6	2296.4	3844.5
210.3	623.3	1477.7	3210.8	3936.5
209.5	604.1	1479.5	3215.5	4081.6
210.2	549.6	1606.0	2945.7	4193.1
205.0	435.0	1676.9	2918.3	4307.6
201.8	573.8	2584.9	3611.1	4445.3
195.1	1082.6	2533.3	3654.9	4459.7
181.7	1075.3	2552.4	3651.3	4339.3
182.3	1072.2	2545.1	3442.3	4223.5
185.6	1122.5	2517.9	3369.1	4288.2
181.8	1248.4	2434.2	3335.3	4212.0
179.6	1095.9	2369.1	3295.9	4250.5
177.5	373.0	1310.0	3117.5	4145.2
176.8	425.1	1217.8	3247.6	4163.7
177.1	474.2	1237.7	2991.3	4097.6
178.2	545.3	1274.9	3008.5	4004.0
178.7	546.7	1352.2	3027.5	3967.2
177.1	556.9	1513.3	3022.2	4078.5
177.0	551.0	2024.3	2974.6	4123.0
176.3	531.5	2023.6	3387.7	4213.8
169.8	1002.2	2211.0	3431.9	4340.9
166.8	1136.8	2574.4	3675.3	4443.9
168.6	1162.2	2592.3	3799.5	4502.5
82.4	794.3	2566.2	3811.7	4563.1
434.1	1028.6	2621.9	3937.2	4691.4
345.5	1195.7	2628.6	3866.8	4724.8
0.0	783.4	2640.3	3874.1	4782.2
0.0	1128.0	2482.9	3942.3	4837.2
133.3	1271.0	2762.2	3934.1	4976.0
102.6	1081.9	2446.5	3797.0	4884.1
300.0	1084.8	2243.0	3316.1	4426.3
87.0	853.4	2122.3	3067.8	4281.6
75.5	860.7	2312.6	3228.5	4209.8
0.0	1070.4	2422.3	3499.4	4331.0
0.0	742.9	2351.5	3418.2	4298.8
0.0	577.6	1137.3	2933.4	3890.2
0.0	641.5	1160.7	2919.2	3677.5
187.7	689.1	1245.6	2865.3	3686.8
184.9	700.7	1397.6	2805.9	3720.6
183.3	683.8	1516.6	2758.8	3725.2
179.5	686.8	1607.3	2758.3	3746.6
179.7	647.2	1652.2	2760.5	3755.2
179.1	627.7	1681.6	2762.0	3744.7
177.7	594.3	1682.1	2782.7	3787.7
177.1	578.1	1642.2	2758.0	3868.1
175.1	547.7	1567.9	2724.0	3889.5
171.2	504.9	1471.8	2707.2	3911.9
84.1	452.2	1431.1	2866.3	4087.0
103.5	409.6	2200.4	3365.7	4263.4
122.5	1290.8	2590.6	3647.5	4370.2
64.3	1170.3	2499.1	3606.0	4313.2
0.0	1523.3	2425.2	3633.4	4358.8
0.0	481.2	1773.1	2759.4	4157.9
0.0	476.3	1844.0	2630.0	3973.5
0.0	472.9	2006.2	2594.0	3762.1
97.6	399.5	2130.8	2660.9	3736.4
191.4	399.2	2187.3	2700.1	3720.2
188.1	376.0	2230.7	2722.3	3653.5
184.2	370.2	2240.3	2692.0	3722.6
181.7	418.5	2087.1	2808.1	3968.5
180.6	354.5	1935.8	3112.8	4117.7
85.0	349.6	1806.4	3080.6	4121.1
164.2	344.0	1984.9	3155.6	4171.7
160.2	1067.8	2295.5	3237.3	4209.5
79.0	1071.5	2120.7	2961.3	4187.9
0.0	570.3	1974.2	2832.8	3898.0
0.0	477.0	1987.5	2681.9	3722.6
0.0	467.8	1982.4	2614.8	3795.2
0.0	522.0	1982.7	2658.6	3872.2
172.6	527.8	1974.8	2693.6	3826.4
169.1	559.5	1951.5	2719.3	3790.0
167.7	639.3	1920.2	2714.8	3805.7
166.5	684.6	1894.0	2771.0	3799.6
165.7	712.1	1842.1	2818.0	3794.6
165.3	730.2	1797.9	2837.0	3881.8
165.4	776.9	1785.9	2881.5	3909.9
166.5	805.7	1755.6	2900.6	3875.3
162.9	827.0	1709.4	2926.8	3928.5
164.4	829.4	1676.4	2958.9	3884.3
161.9	786.1	1629.1	2966.0	3852.5
162.7	707.1	1579.5	2932.3	3811.3
163.1	610.3	1487.4	2844.2	3821.0
160.6	483.5	1654.9	2877.3	3903.9
159.2	449.1	1834.8	2856.1	3984.1
159.2	416.4	1556.1	2731.2	3987.4
158.7	418.8	1640.7	2682.3	3925.0
158.0	399.3	1547.7	2574.3	3807.7
158.2	441.6	1509.4	2573.9	3673.1
77.7	495.1	1507.2	2646.1	3480.2
154.8	542.2	1570.3	2903.6	3524.1
149.6	589.7	1632.0	2872.1	3612.4
149.0	645.9	1705.6	2796.7	3832.6
150.0	620.9	1739.9	2747.5	3665.7
149.1	610.4	1796.8	2821.5	3981.6
149.7	568.5	1830.7	2833.3	4165.3
148.9	510.7	1837.6	2865.4	4050.9
152.0	463.6	1852.6	2791.9	3861.0
153.1	463.1	1868.0	2827.9	3763.5
157.1	483.6	1948.4	2927.6	3847.9
149.2	558.4	2164.2	3161.0	4023.7
151.4	1325.8	2496.1	3313.7	4196.4
153.0	1293.3	2586.9	3385.8	4202.5
160.0	780.0	2629.8	3440.5	4024.0
74.6	1394.0	2727.2	3466.5	4022.6
119.4	1438.7	2775.6	3412.7	4118.6
203.7	1703.0	2783.7	3444.7	4174.3
333.3	1509.7	2749.7	3455.4	4119.4
0.0	1185.6	2674.4	3453.5	4054.8
0.0	1027.7	2715.7	3569.8	4052.1
0.0	971.6	2794.2	3605.2	4057.7
226.4	1292.3	2803.5	3585.1	4069.8
111.5	1604.0	2915.9	3597.6	4075.6
70.9	515.1	2813.7	3540.1	4110.6
0.0	1832.9	2705.2	3527.4	4095.4
524.9	1733.0	2675.4	3448.4	4113.1
262.7	1536.6	2713.2	3415.0	4196.2
275.7	1289.8	2758.2	3386.3	4203.0
0.0	1177.3	2772.0	3493.7	4299.2
79.7	695.0	2651.0	3433.0	4234.2
118.9	750.6	2315.8	3126.8	4007.2
430.5	909.9	2507.1	3381.6	4115.1
257.8	837.9	2328.6	3248.0	4105.5
249.7	800.2	1807.3	2874.3	3967.2
149.6	837.2	1803.4	2955.7	4041.6
0.0	865.9	1773.0	2970.3	4062.8
112.7	896.7	1773.9	2962.9	4082.8
0.0	890.6	1837.1	2986.6	4082.8
0.0	834.9	1793.4	2982.6	4157.2
0.0	864.1	1805.0	2961.3	4123.7
0.0	882.8	1740.7	2990.7	4030.3
0.0	857.0	1732.7	3083.1	4159.5
0.0	818.6	1873.2	3178.0	4269.5
0.0	820.2	1946.7	3170.2	4263.1
0.0	794.3	2005.9	3166.4	4265.9
0.0	789.6	2054.6	3191.1	4287.0
0.0	791.1	1984.1	3256.2	4353.5
0.0	801.2	2109.3	3203.2	4301.1
0.0	893.5	2210.1	3213.6	4316.2
0.0	953.4	2304.7	3273.0	4379.6
0.0	780.6	2215.4	3211.3	4381.0
0.0	1078.1	2369.6	3289.9	4342.0
0.0	1088.0	2105.3	3250.5	4268.5
0.0	1128.8	2174.9	3194.2	4275.2
0.0	1047.7	2373.6	3294.6	4241.8
0.0	899.5	2233.4	3281.9	4209.4
0.0	1030.5	2085.6	3242.1	4260.4
0.0	999.0	2095.0	3150.3	4270.3
