0.0	0.0	0.0	0.0	0.0
0.0	0.0	0.0	0.0	0.0
0.0	0.0	0.0	0.0	0.0
0.0	769.1	2199.1	3260.3	4329.3
0.0	761.6	2099.2	3176.6	4141.5
0.0	955.7	2221.8	3286.8	4234.9
0.0	1161.2	2417.3	3333.6	4431.7
0.0	1198.5	2341.0	3285.4	4421.7
0.0	1317.2	2421.5	3320.9	4339.4
0.0	1289.8	2537.7	3394.6	4437.0
0.0	1067.4	2475.3	3125.3	4444.9
0.0	1053.7	2552.2	3184.6	4491.4
0.0	1000.9	2574.8	3472.4	4494.4
0.0	987.5	2606.9	3428.7	4542.7
0.0	1203.2	2665.0	3417.4	4514.1
0.0	1134.1	2524.1	3397.1	4473.5
0.0	1067.3	2253.0	3331.4	4444.6
0.0	898.4	2024.8	2999.1	4185.6
0.0	606.7	1601.5	2697.7	4076.2
0.0	549.4	1673.6	2660.7	4064.0
184.8	613.0	1740.5	2590.4	4058.3
192.0	570.8	1721.0	2481.6	4067.0
190.8	533.0	1639.4	2478.1	4101.5
186.1	407.9	1621.6	2688.1	4074.6
88.4	355.7	2217.5	3182.1	4110.8
89.6	372.3	2101.5	3208.1	4284.3
86.9	474.0	2050.6	3072.4	4333.8
0.0	1116.0	2233.1	3262.9	4248.3
0.0	1059.1	2169.2	3332.6	4337.5
0.0	849.6	2187.5	3266.9	4376.8
0.0	1496.9	2035.5	3185.7	4042.6
0.0	1460.2	1669.8	3253.3	4124.4
0.0	489.0	1694.4	3232.1	4168.1
0.0	468.3	1578.1	2159.4	4020.6
202.2	496.6	1560.6	2079.2	3959.0
195.5	547.9	1554.5	1992.1	3945.5
199.5	591.4	1521.1	1957.2	3915.4
200.7	605.7	1466.5	1891.3	3903.5
201.1	616.3	1421.7	1851.4	3899.3
201.3	613.4	1414.1	1834.4	3879.7
203.0	610.3	1408.6	1836.7	3858.1
203.4	593.6	1393.0	1846.6	3862.9
205.2	614.5	1380.3	1858.3	3803.1
206.7	636.5	1382.8	1875.2	3771.7
207.9	654.1	1398.1	1908.4	3789.7
209.5	662.3	1392.3	1958.5	3789.7
211.0	667.2	1343.8	2037.0	3766.7
212.9	683.7	1315.8	2162.7	3723.2
215.8	707.3	1304.8	2323.9	3676.0
218.4	710.0	1282.0	2474.3	3613.1
219.5	714.7	1261.0	2668.9	3546.9
219.9	713.9	1197.0	2866.0	3447.4
221.8	719.4	1149.7	2978.5	3508.4
223.2	718.1	1142.7	3121.6	3634.1
225.3	711.1	1161.5	3232.7	3810.1
228.0	786.1	2213.7	3335.4	3963.6
228.3	710.2	2494.0	3357.2	4128.0
227.4	465.7	2516.0	3303.4	4246.0
226.4	459.5	2489.8	3389.0	4281.3
230.5	451.2	2472.1	3374.8	4280.7
227.9	452.1	2464.3	3132.0	4231.8
227.2	449.1	2389.0	2961.2	4203.9
224.0	444.5	1375.0	2799.1	4193.5
222.9	443.9	1346.0	2805.5	4201.3
221.8	446.9	1386.8	2903.2	4120.3
221.0	545.1	1445.9	3230.5	3975.8
224.1	714.9	1502.7	3215.6	3974.8
215.3	728.0	1503.0	3230.4	3952.7
211.5	777.3	1469.2	3286.1	3904.0
209.4	781.8	1450.0	3232.0	3838.3
207.7	766.1	1436.7	3200.8	3807.3
206.2	770.8	1433.0	3150.5	3808.2
204.8	793.6	1424.8	3153.8	3816.0
204.0	801.5	1424.9	3117.7	3831.2
203.2	804.7	1423.8	3105.4	3825.9
201.7	812.1	1445.3	3076.2	3836.0
201.7	813.7	1492.1	3060.3	3875.7
202.4	819.5	1555.8	3054.6	3931.2
202.2	807.5	1603.4	3038.3	3962.1
201.5	784.2	1648.7	3023.8	3967.9
201.0	754.8	1671.9	3019.2	3938.6
200.5	756.2	1694.5	3072.1	3937.1
199.1	638.9	1765.2	3046.4	4042.9
204.4	409.6	1748.1	2956.6	4075.2
63.5	992.7	2118.6	3108.8	4170.4
190.8	554.5	1982.1	3140.7	4262.4
218.1	520.9	1892.2	3060.0	4211.9
209.3	531.7	1923.8	3092.0	4202.9
206.2	499.3	1932.7	3131.8	4115.1
208.7	416.2	1920.9	3093.4	4060.8
208.8	427.7	1877.1	3039.9	3968.4
205.9	438.9	1880.3	2996.5	4000.5
201.1	391.9	1938.8	3019.4	4132.0
94.8	401.3	2026.6	3156.5	4211.4
63.5	475.7	2239.0	3427.2	4296.2
196.1	1134.3	2313.4	3398.5	4345.3
0.0	622.7	1852.4	3153.4	4155.5
0.0	672.7	1754.7	2873.0	4018.3
136.8	733.4	1700.3	2850.0	4004.2
107.3	766.3	1662.7	2868.7	3978.8
66.9	799.2	1636.2	2885.4	3948.2
0.0	804.2	1607.3	2894.2	3938.4
111.0	814.8	1613.6	2962.1	3895.5
0.0	802.5	1609.2	3004.5	3858.9
89.7	815.5	1640.1	3039.8	3902.9
193.1	771.9	1670.1	3058.4	3935.2
190.2	688.2	1891.1	2952.4	4096.7
193.1	507.6	2482.8	2938.2	4262.5
193.1	463.5	2321.0	2785.0	4307.2
200.0	454.2	2318.0	2758.4	4313.0
201.0	428.9	2247.5	2786.9	4300.8
201.3	405.9	2483.9	2919.2	4412.9
198.8	488.8	2480.8	2996.9	4444.7
189.5	566.0	2267.7	2950.1	4161.9
90.2	452.1	2111.9	2859.0	3861.0
189.1	468.8	1895.4	2901.6	3656.7
186.7	461.2	1857.5	2614.4	3314.4
186.5	484.6	1843.8	2483.0	3331.2
184.9	501.9	1841.5	2407.5	3277.6
183.9	453.3	1895.3	2404.0	3231.6
182.3	435.8	1886.0	2500.8	3197.6
181.6	429.6	1984.9	2651.7	3400.9
182.9	482.8	2594.2	3333.8	4073.2
185.2	881.5	2722.6	3556.6	4110.8
179.9	1405.7	2893.7	3743.0	4236.5
83.9	648.1	2967.4	3895.1	4444.7
63.5	1161.4	2929.0	3945.9	4668.9
0.0	1029.4	2790.4	4067.7	4855.2
244.9	1115.1	2698.4	4108.0	5065.2
480.0	829.0	2419.3	4092.8	5097.1
0.0	587.0	2349.8	3962.9	5080.1
0.0	1117.0	2571.1	3879.2	4994.0
545.5	1217.7	2665.9	3856.7	4843.4
176.5	1258.2	2688.5	3808.2	4766.1
545.5	1085.9	2335.8	3530.5	4684.4
0.0	1158.1	2208.5	3396.0	4578.3
0.0	1122.7	2375.7	3576.7	4483.9
0.0	439.5	2163.0	3380.1	4489.0
0.0	860.6	2126.2	3397.5	4482.3
0.0	446.7	2228.1	3406.7	4398.9
70.1	536.4	2290.5	3056.3	4205.6
222.5	557.2	2343.1	2913.5	4099.0
194.3	579.4	2387.2	2894.7	4064.5
186.9	573.6	2394.0	2936.5	4053.4
184.6	575.9	2365.6	2949.5	4059.7
183.8	604.9	2320.1	2946.5	4043.2
184.1	617.2	2265.4	2933.5	4046.4
185.0	628.5	2218.0	2944.2	4029.5
184.0	623.0	2186.1	2925.1	4019.0
182.6	609.8	2119.7	2916.8	4030.3
182.0	569.4	2045.4	2851.3	4078.1
182.1	522.1	1862.8	2666.6	4143.2
180.4	500.2	1890.8	2661.1	4167.7
184.9	474.0	1771.9	2691.2	4176.0
181.8	472.6	1728.2	2698.7	4226.7
180.2	508.1	2162.4	2750.1	4231.2
178.2	539.2	2192.3	2941.1	4112.0
176.2	474.6	2266.1	2858.6	4053.9
188.0	480.7	2390.6	2895.3	4059.8
180.2	485.4	2452.0	2949.6	4075.0
177.9	488.7	2509.5	3009.2	4072.8
177.9	482.0	2575.3	3018.9	4126.5
176.4	515.0	2601.4	3012.0	4127.1
172.0	509.6	2559.5	2999.5	4106.3
169.8	512.0	2388.5	2872.5	4107.9
168.6	501.2	2059.0	2643.2	4124.8
165.4	516.3	2170.9	2734.8	4173.0
163.7	514.6	2492.1	2807.3	4222.5
164.5	513.8	2425.1	2812.5	4201.7
161.6	505.5	2241.6	2834.9	4175.5
161.0	514.6	2453.0	2906.7	4205.6
161.0	496.6	2348.1	2913.0	4211.2
160.5	490.2	1298.2	2684.9	4142.2
161.4	494.3	1278.8	2755.1	4136.7
159.9	485.9	1154.7	2851.6	4149.2
159.5	502.1	1177.0	2732.3	4091.8
159.9	520.1	1301.9	2688.6	4000.8
162.9	534.2	1416.8	2874.2	3899.9
80.4	596.5	1542.0	3160.4	3953.9
151.4	627.0	1699.7	3209.2	3979.5
149.7	653.1	1780.0	3206.5	3945.3
155.8	640.2	1919.2	3110.4	3963.8
157.8	620.6	2045.7	3044.2	3967.1
154.5	561.9	2152.5	2982.4	3962.5
152.8	494.2	2246.7	2958.0	3980.1
153.5	496.6	2334.2	2933.7	3954.9
154.0	492.8	2370.4	2910.7	3967.8
155.1	486.7	2446.7	2919.6	3987.7
155.9	483.8	2503.0	2980.3	4023.9
158.5	709.6	2555.3	2994.8	4056.3
164.8	968.6	2622.5	3043.2	4173.7
163.1	857.9	2622.1	3147.1	4280.0
146.9	955.5	2652.8	3313.1	4260.6
71.8	990.8	2657.5	3314.7	4228.1
71.6	979.9	2555.5	3430.7	4269.0
0.0	968.8	2572.5	3446.0	4282.9
0.0	1078.5	2416.7	3242.1	4218.0
0.0	1050.1	2314.8	3212.4	4215.5
0.0	1029.6	2289.0	3266.7	4461.2
0.0	1006.3	2375.6	3249.1	4391.6
