0.0	0.0	0.0	0.0	0.0
0.0	0.0	0.0	0.0	0.0
0.0	0.0	0.0	0.0	0.0
0.0	994.1	2273.4	3275.3	4363.8
0.0	1054.2	2161.2	3170.8	4179.8
0.0	801.6	2089.6	3226.1	4265.6
0.0	754.6	2010.1	3141.3	4283.4
0.0	937.3	2024.0	3148.9	4265.6
0.0	1128.3	2251.6	3287.0	4348.1
0.0	1024.7	2302.8	3273.3	4398.7
0.0	1023.0	2144.2	3263.6	4315.5
0.0	920.1	2169.8	3179.9	4229.2
0.0	898.6	2332.5	3276.6	4260.6
0.0	785.5	2170.4	3298.6	4344.8
0.0	784.7	2141.8	3219.7	4263.1
0.0	909.4	2270.3	3288.7	4208.4
0.0	913.7	2233.2	3142.4	4301.9
0.0	1009.0	2224.5	2911.7	4227.4
0.0	1006.7	2121.7	2969.0	4136.5
0.0	811.5	2193.7	3198.7	4272.4
0.0	808.7	2138.7	3165.9	4255.0
0.0	837.6	2119.6	3092.3	4238.1
0.0	313.9	2144.2	3100.8	4310.8
203.9	389.2	2158.0	2979.2	4371.2
218.3	506.1	2065.0	2924.1	4361.4
208.3	537.9	1947.9	2976.8	4352.5
201.7	505.0	1876.8	2963.4	4313.9
203.4	511.7	1786.6	3013.8	4233.1
208.6	608.0	1755.3	2975.1	3944.3
207.8	645.0	1696.1	2733.7	3839.1
199.2	661.0	1605.7	2585.9	3728.7
196.2	679.5	1552.2	2491.1	3686.0
196.0	695.5	1512.1	2380.9	3650.4
198.9	706.5	1456.1	2284.1	3600.8
201.3	715.0	1425.3	2200.4	3609.7
202.9	714.5	1430.2	2085.6	3666.8
204.0	699.3	1425.4	2015.8	3700.7
207.9	681.5	1419.3	1959.4	3703.2
209.6	659.7	1401.5	1914.4	3700.8
212.2	650.7	1376.9	1907.0	3698.4
212.6	643.2	1335.1	1901.2	3738.6
211.9	635.3	1256.3	1898.9	3781.2
210.7	639.8	1123.4	1904.4	3796.2
209.7	628.2	1042.2	1904.3	3782.5
210.1	583.1	1002.0	1922.9	3799.4
209.2	522.0	912.8	2089.7	3802.6
206.0	525.9	895.3	2141.0	3803.5
207.6	539.4	886.8	2106.8	3665.4
207.6	546.7	909.4	2110.2	3631.7
210.6	508.9	869.6	2090.4	3659.6
212.0	514.1	881.8	2016.5	3586.3
213.8	522.2	930.8	1941.1	3546.4
215.7	594.5	1065.9	1892.9	3641.0
216.4	621.8	1193.2	1798.4	3649.3
218.1	627.9	1299.7	1738.6	3725.7
218.7	630.1	1330.1	1721.7	3746.0
219.8	654.8	1347.3	1742.4	3734.3
220.8	655.8	1397.8	1793.8	3708.3
221.9	638.2	1507.0	1851.3	3651.9
224.6	616.5	1687.4	1970.2	3691.7
229.2	594.2	1868.5	2138.2	3753.0
235.3	520.4	1995.9	2507.9	3801.0
239.0	465.5	2155.5	2696.4	3852.3
236.8	492.2	2209.3	2938.5	3918.6
229.9	482.5	2447.9	3048.7	3971.2
224.3	478.7	2401.7	3140.2	4034.7
216.5	698.9	2360.3	3223.7	4159.7
208.5	726.1	2489.0	3212.3	4243.0
205.4	701.7	2514.2	3264.0	4322.7
201.9	419.9	2463.8	3198.1	4301.3
204.6	440.5	2454.5	3213.4	4155.1
213.9	435.6	2405.1	3247.3	4304.0
217.7	452.5	2295.6	3186.5	4338.2
220.6	458.7	2193.9	3165.3	4316.4
223.6	493.7	2225.9	3165.7	4326.3
226.1	494.4	2153.5	3117.3	4309.3
221.8	505.0	2038.6	3130.3	4325.8
211.6	505.6	1974.5	3107.0	4373.8
200.2	492.7	1909.9	3060.3	4375.9
192.1	496.9	1905.9	3054.8	4334.3
190.1	478.1	1906.0	3077.0	4327.2
190.8	476.9	1972.8	3094.2	4391.9
191.6	1041.1	2387.7	3448.3	4384.8
186.6	1034.7	2454.8	3415.1	4339.5
93.8	1066.8	2445.5	3429.3	4454.1
134.8	814.8	2201.1	3428.8	4519.1
0.0	1093.0	2292.7	3356.8	4452.4
218.2	1139.4	2343.7	3417.3	4381.3
0.0	575.3	2197.3	3581.4	4437.7
428.6	922.0	2293.4	3768.4	4373.6
0.0	668.1	2261.3	3594.6	4201.3
218.2	420.2	1948.7	3063.4	4070.3
214.1	439.3	1728.6	2603.1	3902.4
207.9	476.5	1703.1	2621.0	3878.0
207.5	447.0	1675.8	2774.6	3872.2
205.8	416.6	1769.1	3155.4	3890.3
203.1	510.3	1885.7	2951.9	3848.5
206.3	619.2	2130.6	3058.9	3881.2
201.3	636.9	2256.7	3072.5	3967.9
199.2	645.2	2320.5	3093.8	4099.7
198.5	653.0	2339.5	3067.9	4122.8
195.3	666.6	2347.8	3063.1	4056.6
193.9	666.5	2374.7	3086.2	4068.6
194.2	675.3	2388.3	3092.5	4041.0
197.3	682.6	2393.8	3167.0	4134.3
201.2	687.6	2378.4	3154.7	4143.0
207.6	694.6	2315.1	3192.9	4103.4
211.8	702.4	2246.5	3217.6	4147.9
213.1	720.4	2161.7	3187.6	4127.7
214.6	725.2	2053.5	3153.7	4123.7
215.9	732.1	1946.2	3089.6	4058.1
217.8	717.8	1832.6	3044.8	3995.3
221.5	679.0	1755.0	3027.6	4094.8
222.2	563.9	1691.7	2942.7	4181.5
73.1	649.7	1804.4	2904.7	4175.3
232.9	734.8	1887.8	2738.5	3902.6
236.1	703.0	1888.7	2482.4	3583.0
237.7	711.9	1889.8	2336.9	3612.3
240.1	702.4	1859.3	2276.8	3645.4
237.8	670.2	1846.7	2234.6	3695.8
239.2	663.1	1850.6	2229.2	3708.5
238.1	621.1	1837.6	2231.7	3679.9
236.4	591.5	1872.4	2275.6	3668.4
234.4	543.7	1888.1	2401.0	3789.4
235.0	509.6	1954.7	2777.1	3923.9
242.0	481.6	1955.6	2831.3	3851.2
245.3	476.0	2461.1	3225.8	4072.4
242.4	469.9	2653.9	3592.7	4372.6
229.4	635.0	2650.0	3809.7	4535.0
215.4	759.8	2680.7	3907.8	4584.2
70.2	941.9	2660.6	3952.8	4562.9
64.9	1095.9	2840.2	4039.6	4947.5
0.0	651.8	2839.7	4069.6	5130.2
0.0	1123.0	2637.6	3915.1	4698.0
0.0	1184.6	2613.7	3855.4	4425.0
0.0	1221.8	2532.5	3756.7	4280.4
0.0	1392.1	2446.6	3625.5	4252.4
136.8	1048.6	2112.4	3212.7	4225.9
0.0	1088.0	2133.7	3279.1	4230.7
0.0	1184.0	2224.0	3215.1	4252.2
0.0	1155.7	2080.8	3085.9	4110.5
0.0	1227.7	2051.1	3147.4	4176.4
0.0	1067.0	2095.0	3283.8	4177.2
0.0	703.7	1331.9	2181.1	3624.9
0.0	745.6	1358.3	2069.3	3396.4
179.0	791.6	1425.8	2082.8	3353.6
175.3	801.5	1497.4	2102.3	3369.1
172.5	797.6	1516.3	2094.8	3408.3
174.1	778.5	1523.5	2073.0	3467.2
173.7	761.6	1543.6	2078.0	3512.7
174.4	733.2	1596.0	2058.8	3544.3
176.9	704.2	1620.6	2070.1	3548.2
178.2	680.2	1560.0	2073.9	3559.4
178.4	613.3	1457.5	2057.1	3623.1
178.6	569.6	1316.9	2315.4	3859.3
175.6	361.5	1354.1	2558.0	3949.8
88.1	363.1	1388.5	2367.4	3927.3
171.6	349.0	1457.2	2438.7	3864.6
173.4	351.4	1482.0	2641.1	3881.2
170.7	361.1	1527.4	2627.1	3901.8
169.5	346.9	1496.2	2567.2	3948.1
167.6	353.9	1507.6	2837.9	4104.7
165.7	348.6	1487.1	3084.2	4115.5
164.6	381.7	1632.7	2996.9	3967.1
174.9	632.8	2002.2	2695.5	3856.5
207.7	651.9	2116.0	2719.9	3851.5
182.5	648.2	2204.8	2784.3	3852.4
181.6	642.2	2213.6	2822.6	3854.6
183.7	636.3	2194.8	2773.5	3839.1
186.6	633.9	2158.1	2684.4	3755.1
190.3	638.6	2100.1	2584.5	3718.9
192.4	649.2	2037.8	2452.0	3711.8
195.1	670.3	1942.4	2311.6	3656.9
193.5	703.2	1826.7	2182.5	3589.0
186.3	701.5	1754.6	2110.0	3610.4
179.3	695.1	1721.4	2065.1	3622.3
174.4	677.9	1696.1	2046.1	3626.8
170.9	678.7	1677.7	2040.3	3591.6
168.2	686.8	1669.9	2046.0	3608.2
164.5	686.7	1679.6	2100.7	3601.9
157.4	703.8	1712.8	2192.0	3557.7
155.3	726.3	1746.1	2269.5	3554.6
154.8	747.9	1775.3	2375.7	3550.5
153.3	748.3	1843.5	2484.7	3568.1
152.8	759.0	1910.1	2582.8	3623.4
149.4	774.6	1940.1	2630.0	3649.6
74.5	798.9	1971.2	2640.3	3643.1
136.7	793.0	1978.8	2668.4	3663.6
0.0	762.5	1964.9	2658.2	3657.2
0.0	758.5	1976.2	2710.8	3669.0
85.8	817.8	2012.3	2800.3	3754.0
0.0	671.4	2076.9	2877.4	3920.3
67.5	875.9	2137.0	2975.9	4110.6
67.5	944.2	2128.1	3049.6	4230.0
113.2	859.9	2193.7	2978.4	4251.6
0.0	891.4	2315.3	3281.3	4264.1
92.1	1022.2	2370.1	3252.0	4282.9
0.0	930.0	2214.0	3190.1	4205.6
0.0	930.2	2155.2	3196.2	4242.4
0.0	844.4	2238.7	2842.4	4398.5
0.0	626.5	2300.0	2763.4	4497.0
0.0	978.6	2272.3	3017.4	4495.8
571.4	1008.9	2314.8	3107.8	4495.4
302.7	879.6	2295.8	2980.4	4347.7
0.0	764.6	2288.5	2982.4	4237.5
0.0	796.0	2308.8	3129.7	4350.6
0.0	793.9	2274.2	2987.2	4343.0
88.6	744.8	2329.9	2865.3	4332.2
0.0	875.7	2385.3	3083.5	4238.4
0.0	952.3	2322.5	3094.1	4298.2
128.9	720.1	2214.9	3062.5	4315.0
71.9	687.1	2218.3	3082.3	4230.7
72.3	673.5	2205.3	3045.6	4195.0
0.0	722.2	2210.1	2867.2	4193.9
144.3	841.3	2191.8	2837.5	4264.6
143.0	699.3	2210.3	2953.0	4246.6
71.4	736.6	2181.6	2937.1	4136.3
0.0	939.0	2186.6	2985.4	4128.1
0.0	986.3	2238.7	2977.6	4133.7
0.0	868.6	2197.0	2931.3	4164.1
0.0	862.7	2159.9	3016.4	4111.9
181.0	878.0	2129.3	3025.9	4031.6
191.7	676.8	2143.3	3086.2	4018.2
