0.0	0.0	0.0	0.0	0.0
0.0	0.0	0.0	0.0	0.0
0.0	0.0	0.0	0.0	0.0
0.0	914.2	2184.8	3356.4	4619.5
0.0	887.5	2279.0	3308.2	4261.7
0.0	1020.9	2159.6	3227.9	4214.1
0.0	1065.1	2193.6	3264.4	4306.0
0.0	1113.7	2237.5	3264.4	4332.7
0.0	1112.3	2218.7	3193.0	4256.3
0.0	968.9	2378.3	3162.9	4223.9
0.0	878.3	2352.4	3164.6	4167.2
217.0	842.7	2186.0	3265.3	4138.8
206.5	874.7	2157.3	3206.7	4313.2
198.0	621.0	2184.7	3135.8	4331.7
187.0	735.6	2265.5	3203.0	4319.3
182.5	565.3	2181.3	3192.4	4363.9
181.2	946.6	2139.4	3355.5	4363.6
91.9	1092.2	2183.6	3262.6	4352.5
0.0	1007.4	2148.7	3158.4	4360.5
0.0	627.6	1863.5	2958.2	4204.2
0.0	647.8	1790.4	2889.2	4043.5
196.3	725.4	1722.7	2904.9	4004.5
187.5	752.8	1638.1	2928.8	4005.2
186.0	768.6	1593.3	2994.5	4004.3
187.0	773.0	1521.2	3044.1	3957.8
188.1	769.0	1473.6	3109.8	3974.7
187.4	782.7	1416.1	3175.3	3971.8
190.0	775.1	1349.3	3216.5	3952.2
189.9	772.5	1300.9	3245.6	3922.8
192.5	768.4	1232.6	3218.8	3912.9
194.5	767.5	1190.8	3248.7	3826.6
196.8	785.9	1227.0	3343.1	3775.7
197.9	817.3	1786.0	3352.2	3886.8
196.4	822.4	2134.4	3421.1	3990.1
194.8	808.3	1853.6	3422.2	3989.4
187.7	740.7	1726.5	3437.7	3994.4
177.2	724.1	2240.9	3440.1	4017.8
164.7	765.2	2435.1	3465.3	4065.1
120.4	738.2	2407.7	3461.5	4245.4
145.5	654.0	2272.3	3360.6	4360.6
63.5	704.8	2162.5	3325.8	4271.3
0.0	727.8	2022.9	3206.6	4164.8
0.0	844.3	2139.2	3291.2	4385.6
0.0	1078.9	2268.6	3290.2	4301.5
0.0	1008.1	2179.3	3180.2	4274.8
482.5	1043.0	2243.8	3344.9	4342.1
466.2	240.5	1992.7	3347.6	4292.2
0.0	544.9	2146.7	3445.0	4389.4
0.0	591.9	2179.5	3468.6	4377.2
284.2	625.4	2328.4	3639.6	4319.2
278.9	625.5	2650.6	3810.4	4419.6
248.1	689.4	2723.9	3747.9	4365.2
252.3	718.5	2996.7	3835.8	4421.9
222.7	739.2	2965.6	3833.5	4444.6
193.0	775.1	2671.9	3657.3	4347.8
192.7	508.0	1132.8	3014.1	4092.2
197.4	482.2	1213.9	2907.4	4044.1
194.6	512.5	1392.6	2871.7	4108.8
194.8	497.0	1465.6	2830.3	4125.6
194.4	516.8	1578.0	2801.8	4155.5
193.8	493.5	1669.1	2801.6	4132.1
192.8	467.3	1643.7	2768.2	4100.5
192.3	448.7	1662.5	2742.8	4132.9
191.7	457.5	1669.5	2716.3	4157.8
191.3	462.5	1670.2	2706.5	4160.7
190.7	456.1	1694.5	2687.0	4234.8
191.1	448.2	1713.3	2670.2	4218.5
189.8	452.5	1727.0	2654.5	4185.4
189.6	452.7	1725.0	2663.5	4204.6
189.7	448.1	1719.9	2692.2	4184.1
190.4	439.7	1773.8	2723.2	4186.5
190.7	436.1	1837.2	2746.2	4199.3
189.8	434.0	1841.6	2752.3	4181.9
188.8	436.0	1840.0	2763.3	4194.0
188.8	430.0	1787.7	2757.6	4198.3
190.3	432.4	1765.5	2848.3	4224.4
190.7	442.2	1741.2	2875.6	4246.3
190.2	450.3	1713.3	2900.6	4353.2
190.7	425.2	1712.4	2912.4	4404.9
190.2	397.3	1717.4	2952.9	4386.0
189.9	405.3	1774.2	2933.2	4509.7
188.4	710.4	2003.5	3176.5	4618.4
187.3	886.9	2465.5	3653.2	4770.5
83.9	1023.8	2307.3	3403.3	4616.6
85.1	1097.9	2168.1	3259.5	4387.8
80.0	1106.2	2077.1	3295.8	4318.9
80.0	1278.0	2308.7	3426.7	4360.4
0.0	786.8	2192.6	3167.4	4357.1
0.0	1057.1	2207.3	3146.2	4353.1
0.0	950.6	2079.3	3229.3	4218.7
0.0	939.0	2133.6	3390.6	4256.8
0.0	873.4	2243.8	3342.3	4335.5
0.0	709.9	2135.2	3268.0	4281.3
0.0	662.6	1927.9	3227.4	4217.2
0.0	461.1	1774.1	3054.3	4214.4
0.0	453.3	1646.1	2930.5	4162.9
0.0	446.6	1689.4	2890.5	4077.5
146.4	442.6	1704.2	2870.1	4125.9
145.8	452.3	1669.0	2963.2	4165.6
146.6	292.6	1805.1	3173.3	4188.6
69.5	305.6	2060.7	3245.1	4166.4
66.8	1077.8	2192.1	3177.0	4176.5
294.0	1207.2	2256.5	3221.8	4308.1
63.5	1484.9	2143.2	3307.3	4194.6
0.0	1453.9	2106.8	3393.7	3918.5
0.0	1064.0	2611.1	3653.5	4003.9
411.2	1371.7	2790.8	3655.9	4232.7
119.9	1464.6	2772.8	3637.6	4341.5
0.0	908.2	2710.8	3641.4	4347.0
0.0	852.2	2432.8	3719.9	4218.7
0.0	1460.7	2644.3	3417.6	4037.7
312.9	582.9	2132.1	2974.4	4035.4
0.0	597.3	2089.8	3030.2	4218.7
122.4	624.5	1982.3	2908.9	4268.3
0.0	657.8	1851.9	2809.7	4105.4
0.0	676.4	1776.7	2844.1	3971.6
171.5	691.9	1735.7	2921.5	3879.5
167.2	690.0	1731.3	2827.4	3882.2
162.0	694.2	1730.1	2622.7	3843.5
160.0	684.0	1723.5	2520.3	3827.5
159.9	677.5	1670.7	2433.1	3882.8
160.3	634.1	1654.4	2460.0	4003.2
157.9	632.2	1658.6	2451.6	4156.0
77.7	557.3	1648.5	2483.2	4144.6
78.2	515.1	1759.8	2872.3	4157.7
123.5	733.0	2016.8	3012.8	4254.2
65.7	943.1	2176.8	3061.5	4309.0
0.0	1071.9	2184.6	3221.5	4317.6
0.0	1055.0	2085.4	3266.5	4387.2
0.0	1036.9	2199.6	3222.5	4323.0
0.0	1171.6	2281.0	3248.9	4279.0
0.0	402.9	2090.9	3207.2	4261.7
280.7	963.6	2123.7	3223.9	4252.1
275.2	1091.7	2259.3	3327.9	4397.2
83.2	1289.1	2299.2	3328.5	4312.8
0.0	1263.2	2307.6	3255.4	4376.7
0.0	1250.9	2341.5	3272.7	4327.0
0.0	1144.2	2315.8	3330.0	4224.2
0.0	787.7	2234.9	3324.6	4317.1
0.0	791.0	2117.6	3174.8	4341.5
0.0	546.1	2444.0	3118.9	4215.2
0.0	599.5	2684.0	3229.8	4316.4
0.0	686.9	2767.3	3380.1	4479.2
102.9	527.9	2845.8	3442.8	4479.6
0.0	595.7	2697.6	3400.5	4531.6
0.0	1044.3	2568.6	3324.7	4610.8
0.0	1078.3	2497.5	3309.4	4527.9
86.3	569.9	2536.3	3283.0	4462.2
83.7	474.6	2487.9	3271.8	4390.2
0.0	435.5	2391.7	3201.0	4197.9
155.1	411.4	2414.8	3213.8	4187.9
0.0	408.5	2452.4	3196.8	4115.2
135.4	398.8	2484.7	3168.5	4104.7
127.6	416.9	2508.8	3212.0	4234.6
136.3	422.8	2529.4	3244.9	4200.8
140.7	427.2	2547.3	3287.1	4198.0
142.3	423.7	2575.7	3308.4	4291.4
140.4	411.2	2615.3	3261.4	4296.7
138.0	426.4	2563.5	3158.7	4225.0
136.3	408.8	2592.9	3333.3	4327.9
68.8	447.0	2586.3	3112.9	4287.5
204.6	477.3	2597.6	3055.5	4185.3
103.9	473.5	2646.5	3119.8	4146.3
107.6	496.5	2678.7	3112.6	4113.2
122.4	407.7	2708.6	3188.9	4107.0
158.3	413.9	2687.1	2935.3	4029.6
152.7	732.8	2664.9	3035.4	4066.5
139.2	788.5	2689.2	3055.4	4127.7
133.5	818.8	2733.1	3056.7	4117.1
124.8	998.5	2555.9	3027.2	4108.3
118.7	935.2	2511.6	3023.8	4093.2
0.0	846.0	2561.9	3118.9	4137.8
0.0	703.4	2589.4	3080.7	4236.0
0.0	775.2	2508.2	3150.7	4266.6
404.4	729.1	2416.3	3141.0	4300.8
0.0	749.5	2438.7	3061.5	4240.0
