0.0	0.0	0.0	0.0	0.0
0.0	0.0	0.0	0.0	0.0
0.0	0.0	0.0	0.0	0.0
0.0	1145.8	2228.6	3284.8	4499.8
0.0	1032.7	2195.3	3238.8	4286.7
0.0	914.4	2223.2	3157.6	4279.3
0.0	1051.6	2384.2	3208.7	4356.8
0.0	1293.8	2378.9	3188.4	4404.6
0.0	1260.8	2332.1	3286.8	4296.3
0.0	1053.5	2238.6	3298.6	4165.7
0.0	1055.2	2204.0	3363.0	4269.8
0.0	1117.8	2218.7	3441.3	4411.8
0.0	1125.1	2295.9	3395.3	4317.6
0.0	1185.9	2414.8	3254.8	4349.0
0.0	719.0	2178.0	3225.7	4312.6
0.0	576.0	2024.7	3239.8	4213.1
0.0	951.3	1972.0	3091.1	4164.4
289.4	628.1	1953.7	2771.2	4061.5
0.0	599.8	1941.4	2715.5	4018.3
0.0	631.7	1965.8	2746.2	4081.3
223.0	614.8	2001.6	2782.9	4147.0
227.0	557.4	1964.0	2790.0	4148.3
229.2	508.2	1869.1	2750.0	4102.8
231.6	500.3	1937.1	2760.2	4081.0
239.6	488.7	2091.5	2827.8	4028.0
237.0	498.3	2154.4	2827.8	3964.6
236.2	494.7	2132.3	2762.4	3891.6
237.1	513.5	2042.6	2578.9	3807.6
239.0	550.9	1390.3	2470.0	3805.4
240.5	635.0	1229.7	2451.5	3836.7
248.4	600.4	1205.1	2431.6	3852.8
239.2	648.8	1201.0	2427.2	3873.4
237.7	534.6	1350.2	2452.1	3895.8
249.9	550.0	1575.0	2475.3	3871.7
263.8	582.7	1634.4	2508.4	3943.8
267.2	629.1	1715.3	2545.5	3788.1
266.0	603.2	1820.9	2643.1	3877.7
263.3	568.5	1783.4	2648.3	3978.8
259.7	565.2	1781.9	2674.0	3970.3
255.7	535.4	1927.6	2685.7	4130.8
261.5	524.7	2082.7	2665.0	4064.3
261.9	511.1	2194.8	2665.5	4001.1
260.9	505.4	2325.2	2657.0	4070.0
257.0	578.0	2406.2	2637.1	4159.3
251.8	478.9	2441.5	2611.8	4202.1
122.8	477.4	2449.4	2593.0	4232.5
77.6	495.2	2432.0	3053.1	4293.6
74.2	408.7	2288.9	3133.9	4210.8
113.5	921.0	2274.0	3193.9	4200.8
75.5	983.0	2392.5	3260.5	4231.6
0.0	1264.3	2483.9	3029.4	4229.3
0.0	539.1	2474.1	2913.8	4251.8
0.0	612.3	2547.8	3018.0	4238.5
0.0	578.5	2666.1	3322.3	4446.9
141.2	884.7	2566.7	3344.7	4392.3
84.0	952.1	2512.2	3289.2	4287.0
0.0	727.4	2445.7	3231.4	4157.7
123.9	794.2	2364.2	3019.4	4130.5
63.5	573.9	2067.9	2510.6	3987.1
0.0	563.2	2007.8	2388.8	3854.2
265.8	579.3	1987.5	3726.5	4429.9
252.1	607.3	1905.8	3709.8	4468.2
242.1	683.6	1874.3	3717.3	4372.9
234.7	739.8	1865.9	3660.2	4410.0
234.5	733.9	1828.7	3479.6	4424.8
236.0	670.7	1747.9	3126.3	4303.1
236.3	708.1	1689.5	3080.8	4114.0
237.4	669.5	1681.5	2405.8	3826.3
239.0	731.1	1680.5	2212.3	3718.4
239.0	764.9	1696.6	2190.8	3463.6
239.4	750.3	1710.9	2194.7	3395.9
239.7	719.4	1837.9	2294.0	3471.2
241.5	721.1	1952.1	2531.6	3743.5
244.1	672.6	1979.8	2605.7	3997.5
244.6	658.8	2016.5	2693.9	4036.3
245.7	635.9	2077.0	2714.5	3922.9
246.3	607.1	2133.1	2716.4	3963.1
247.2	594.8	2176.8	2719.8	3970.3
246.8	564.2	2221.3	2722.6	4093.8
248.7	549.4	2245.2	2703.9	4219.9
246.9	515.3	2240.6	2701.8	4234.5
249.3	545.7	2225.7	2714.4	4242.0
248.2	557.9	2196.7	2751.6	4269.6
246.4	576.6	2199.5	2794.6	4269.5
252.7	545.3	2169.1	2800.5	4232.7
252.0	520.0	2092.5	2815.2	4078.8
250.4	554.7	1994.7	2791.0	3963.9
249.1	615.6	1957.4	2774.6	3833.5
248.7	627.9	1914.7	2743.8	3788.0
246.6	644.7	1858.2	2762.9	3999.1
245.6	614.5	1759.9	2794.0	4025.4
244.0	562.3	1743.5	2768.9	3958.6
246.0	543.9	1851.7	2764.7	3952.6
248.9	562.1	2014.0	2770.4	3936.8
248.5	579.1	2119.1	2821.9	3849.9
247.0	544.1	2216.0	2870.9	3822.0
247.9	518.6	2274.1	2871.9	3839.4
250.2	521.3	2294.4	2821.6	3881.5
254.6	518.4	2263.6	2803.6	3953.2
256.0	521.1	2143.4	2769.6	4021.0
256.6	509.8	1959.7	2843.9	4129.4
248.9	531.1	2019.5	3321.6	4386.0
79.1	820.0	2156.1	3404.2	4475.8
230.5	699.4	2071.5	3583.7	4595.0
194.4	720.0	2239.7	3576.2	4571.8
0.0	859.9	2388.4	3413.4	4383.5
0.0	561.8	2027.1	3203.4	4291.7
0.0	584.9	1753.0	2852.8	4255.0
0.0	640.2	1812.0	2732.1	4128.0
0.0	613.2	1874.3	2731.1	4028.0
271.6	633.5	1905.5	2713.5	3986.6
260.4	640.8	1953.6	2736.0	3938.7
256.3	629.5	1999.2	2774.3	3895.9
254.0	599.1	1988.0	2817.7	3857.4
253.4	565.4	1882.0	2839.4	3860.3
251.1	673.2	1696.9	2819.4	3856.7
251.3	722.9	1690.0	2871.0	3889.1
255.2	689.9	1641.3	2959.9	3930.6
254.7	630.5	1531.4	2944.5	3937.8
253.9	596.2	1499.7	2881.9	3926.6
252.5	593.6	1564.5	2890.2	3852.1
253.3	590.5	1719.1	2920.1	3781.7
249.4	616.0	1796.6	2876.0	3793.5
243.3	697.6	1791.0	2827.9	3765.6
235.1	624.7	1730.1	2777.7	3594.7
222.6	631.3	1630.2	2740.3	3591.9
105.5	608.9	1508.8	2745.6	3793.3
82.7	605.3	1392.3	2775.8	4153.0
82.8	550.8	1318.3	2926.9	4086.6
0.0	375.7	1125.7	2787.7	4016.4
0.0	581.4	1200.3	2917.0	4069.4
312.2	795.0	1345.0	2927.5	4044.9
324.3	747.7	1338.5	2919.5	4083.5
102.1	766.4	1481.0	2903.6	4138.8
100.7	787.2	1475.1	2800.2	4141.0
205.2	855.1	1628.8	2842.2	4095.8
208.2	863.7	1678.1	2935.0	4029.5
209.0	758.7	1304.5	3073.9	3929.9
215.7	719.1	1185.6	2769.2	3382.9
212.0	703.5	1200.1	2604.0	3436.2
211.4	813.9	1369.2	2542.8	3505.8
212.4	815.9	1491.6	2540.7	3506.2
213.9	788.6	1547.6	2494.8	3538.7
214.4	747.9	1638.7	2471.8	3635.9
214.4	689.9	1717.4	2548.7	3700.8
215.5	672.7	1779.2	2591.8	3727.1
217.5	685.9	1819.0	2662.7	3781.0
219.3	659.0	1819.7	2649.7	3868.6
220.9	649.6	1754.9	2622.0	3993.5
214.4	604.0	1699.6	2574.1	4020.9
199.9	411.5	1535.1	2642.3	4026.4
98.0	487.1	1664.2	2884.0	4098.0
173.1	666.1	1748.8	2658.2	4031.3
341.7	710.7	1676.8	2589.7	4036.6
0.0	1022.7	1742.3	2616.7	3976.6
222.2	1113.5	1708.5	2567.5	3917.4
222.2	1109.0	1703.6	2646.3	3963.4
102.6	946.9	1652.9	2709.1	3895.5
224.6	1009.6	1664.3	2687.8	3898.8
225.9	1088.5	1703.7	2697.2	3903.7
228.8	1052.7	1704.9	2641.8	3915.8
222.9	878.9	1714.6	2628.0	3885.2
223.9	845.3	1629.7	2654.7	3884.1
233.0	969.5	1632.2	2574.3	3927.2
235.0	876.2	1600.4	2528.2	3859.1
233.2	808.6	1632.1	2502.0	3824.4
226.5	758.9	1703.9	2506.1	3819.7
222.1	756.7	1761.8	2550.9	3824.8
220.6	755.4	1775.4	2596.7	3818.1
219.8	740.9	1770.5	2612.5	3862.7
220.5	721.5	1777.7	2590.7	3898.0
221.3	712.6	1762.7	2588.5	3897.3
221.9	698.0	1753.3	2538.9	3888.3
221.4	671.3	1727.9	2420.3	3880.9
220.5	626.9	1694.2	2427.0	3823.3
216.0	647.5	1667.7	2240.0	3307.9
218.8	653.2	1610.3	2121.4	3369.3
213.7	667.2	1503.4	2040.3	3362.0
209.4	636.5	1418.5	1928.7	3430.2
205.4	607.1	1363.2	1838.6	3471.1
201.5	587.1	1336.8	1777.8	3512.9
197.7	576.3	1319.6	1742.1	3534.8
194.8	571.5	1282.7	1725.7	3493.6
192.6	568.2	1259.5	1703.7	3444.9
192.0	565.1	1208.1	1669.6	3450.1
191.2	580.9	1152.4	1618.9	3441.8
191.4	581.0	1162.0	1604.1	3489.8
192.0	611.1	1211.1	1677.4	3532.4
193.2	635.3	1229.6	1749.0	3495.1
193.6	611.1	1190.1	1798.7	3449.5
195.0	618.1	1197.6	1841.1	3441.4
196.4	668.6	1247.4	1947.7	3526.7
198.0	750.6	1369.2	2113.8	3747.4
199.0	775.9	1401.1	2262.1	3910.6
198.7	795.5	1424.9	2319.5	3855.7
199.0	799.1	1494.6	2305.9	3855.2
199.9	793.9	1568.5	2340.1	3873.2
200.3	777.8	1628.8	2373.8	3604.5
200.9	747.8	1679.3	2376.0	3534.4
202.0	705.7	1746.6	2388.3	3509.9
203.3	652.9	1798.2	2418.8	3491.1
204.3	629.8	1790.3	2423.0	3521.5
207.0	609.0	1738.6	2394.1	3589.8
213.1	558.5	1691.8	2447.3	3659.8
218.2	546.3	1663.9	2593.2	3774.2
216.3	913.1	1771.6	2837.7	3896.4
208.1	1227.8	2197.0	3201.0	4222.6
69.5	1292.4	2316.3	3266.3	4242.7
0.0	1076.0	2157.4	3164.7	4186.6
0.0	1020.3	2223.1	3210.7	4194.1
0.0	983.3	2316.1	3294.8	4339.4
190.6	1034.2	2238.6	3355.0	4367.4
119.3	985.4	1930.9	3182.4	4119.4
137.7	889.7	1965.9	3152.6	4150.5
142.0	794.5	1958.0	2975.5	4146.6
241.0	693.7	1197.0	2627.9	3907.3
292.0	697.9	1162.1	2584.0	3756.5
241.0	686.8	1137.1	2572.3	3761.8
231.9	685.3	1150.6	2562.1	3755.5
229.0	678.0	1118.0	2578.9	3698.3
228.1	679.0	1051.3	2508.2	3694.7
229.1	670.5	1011.2	2393.1	3778.3
230.9	660.6	1160.2	2391.9	3933.8
232.6	608.3	1114.1	2390.3	3929.5
234.3	575.8	1060.3	2482.3	3908.2
236.8	581.3	1514.4	2744.5	4050.1
235.7	483.3	1733.3	2847.1	4060.7
114.5	459.1	1624.7	2680.8	4021.6
221.8	936.6	1736.6	2871.4	3999.1
216.4	965.4	1784.3	2931.8	4027.0
104.8	934.6	1711.6	3115.5	4036.2
68.9	865.0	1675.5	3167.7	4010.3
63.5	827.0	1601.8	3123.4	4092.3
0.0	823.7	1646.1	3075.3	4127.0
0.0	848.6	1736.7	3172.1	4026.8
474.8	1079.8	1868.5	3235.6	4067.4
344.7	979.5	2153.3	3309.0	4160.7
0.0	922.3	2077.7	3321.6	4175.0
251.8	711.8	1784.0	3239.2	4106.3
262.7	726.0	1714.7	3046.5	4060.8
450.5	727.9	1790.6	3164.8	4093.4
0.0	829.4	1984.9	3303.8	4193.8
310.0	1000.1	1911.7	3382.7	4218.5
0.0	992.5	1918.5	3305.7	4149.6
213.7	908.5	2038.2	3282.6	4216.8
0.0	669.8	1972.1	3285.2	4211.7
0.0	904.7	1970.6	3435.0	4135.0
0.0	920.4	1989.1	3353.0	4043.0
0.0	658.6	2068.2	3351.3	4146.7
0.0	587.8	1921.6	3072.3	4165.6
0.0	560.3	1972.3	3116.1	4190.2
