0.0	0.0	0.0	0.0	0.0
0.0	0.0	0.0	0.0	0.0
0.0	0.0	0.0	0.0	0.0
0.0	1274.6	2368.8	3210.4	4371.7
0.0	1044.9	2386.2	3304.5	4302.8
0.0	1206.0	2377.4	3300.1	4388.3
0.0	1105.4	2420.4	3172.2	4236.7
0.0	926.9	2334.2	3186.7	4130.0
0.0	1170.3	2237.6	3177.7	4198.5
0.0	1160.5	2281.8	3207.8	4252.9
0.0	1045.0	2268.0	3254.0	4208.1
0.0	1052.9	2232.1	3302.5	4307.4
115.3	1000.4	2293.1	3327.8	4305.7
0.0	1086.7	2260.4	3394.4	4302.8
0.0	1102.6	2199.0	3378.2	4312.7
0.0	848.6	2122.2	3226.4	4228.8
0.0	889.6	2219.6	3292.6	4218.4
0.0	839.1	1180.8	3264.3	4108.6
205.8	846.4	1185.5	3292.6	4074.1
0.0	960.9	1361.7	3378.1	4085.7
0.0	927.4	1464.2	3398.1	4100.3
249.6	845.6	1299.3	3363.4	4084.2
226.1	830.2	1282.4	3387.1	4041.8
217.2	832.0	1278.3	3469.2	4041.0
214.5	845.0	1290.0	3499.9	4084.0
213.5	842.5	1299.5	3457.7	4058.6
214.8	831.7	1313.6	3450.4	4019.8
217.3	833.5	1289.2	3503.4	4062.3
222.9	836.0	1297.0	3497.1	4135.0
224.8	851.2	1286.9	3477.8	4194.8
227.9	900.1	1278.8	3504.3	4169.0
232.3	900.3	1269.7	3546.0	4161.2
236.0	925.6	1300.4	3610.9	4137.7
239.4	1038.5	1159.4	3642.0	4307.2
244.3	867.7	1194.2	3624.1	4470.4
247.8	776.3	1019.5	3576.7	4533.9
253.4	734.1	1040.4	3644.4	4527.1
258.0	720.0	1049.2	3626.9	4350.5
262.4	710.4	1057.7	3508.3	4198.4
266.1	703.2	1081.5	3621.5	4160.9
264.5	708.1	1201.3	3612.7	4174.2
267.4	720.2	1317.7	3556.9	4268.0
265.5	759.8	1326.1	3608.8	4288.0
247.2	810.3	1388.9	3542.9	4000.4
114.6	849.3	1445.2	3548.8	4028.8
89.1	896.4	1488.5	3516.8	4185.9
571.4	865.5	1534.6	3273.5	4289.1
67.8	909.3	1578.5	3159.7	4094.3
0.0	883.9	1626.0	3106.6	3845.0
0.0	819.0	1668.4	2936.6	3795.2
240.2	796.5	1749.6	2820.7	3809.5
235.0	815.9	1735.8	2685.9	3812.4
228.3	810.5	1712.1	2569.9	3790.6
218.1	790.1	1752.0	2500.0	3870.6
209.2	767.1	1672.7	2456.8	3879.2
204.6	776.3	1652.4	2430.9	3851.7
202.4	759.3	1607.4	2363.7	3884.0
200.6	731.5	1594.3	2265.0	3913.8
199.5	718.0	1543.6	2284.9	3921.0
198.0	684.9	1380.9	2345.0	3917.7
196.8	614.1	1189.1	2399.6	3963.5
195.7	575.8	1099.9	2488.7	3967.9
194.0	570.7	1102.9	2602.3	3973.2
193.2	720.1	1946.0	2834.2	4046.9
188.1	791.9	1846.4	2922.4	4038.4
185.6	483.5	1767.2	3072.2	4161.4
92.7	366.4	2042.0	3183.4	4320.1
92.6	376.1	2140.1	3327.7	4343.7
87.5	388.3	2345.3	3425.9	4496.3
189.3	393.9	2236.0	3223.4	4630.3
204.1	603.3	2013.5	3085.7	4424.6
210.8	490.6	1002.5	2874.9	3738.9
209.7	509.6	1082.4	2836.9	3705.1
207.2	578.5	1263.7	2798.8	3719.2
205.7	600.0	1492.0	2732.0	3695.9
204.5	620.5	1613.3	2739.6	3708.8
204.1	635.1	1698.6	2750.9	3708.7
204.4	689.6	1792.1	2806.9	3736.0
204.8	733.7	1805.0	2847.1	3816.0
205.7	750.6	1742.3	2995.2	3991.4
207.3	767.4	1665.5	3132.2	4160.9
209.1	796.6	1551.7	3250.9	4259.4
211.1	777.3	1389.5	3300.8	4240.4
212.9	749.2	1301.3	3339.0	4248.0
214.8	732.2	1283.6	3315.7	4297.4
216.2	730.5	1224.0	3294.2	4253.6
216.1	687.9	1146.7	3318.0	4239.3
216.4	674.0	1147.4	3311.2	4282.9
215.9	645.5	1167.7	3268.5	4186.6
215.7	634.5	1274.5	3182.9	3992.0
215.1	610.8	1412.0	2918.8	3707.3
214.3	553.9	1506.7	2597.9	3696.1
213.4	490.6	1494.4	2421.0	3842.2
213.5	458.0	1490.1	2476.8	4024.2
212.5	464.4	1488.9	2483.9	3945.9
211.3	480.0	1435.5	2284.6	3873.0
209.5	484.2	1486.7	2530.1	4019.5
206.8	473.7	1468.2	2592.6	3929.7
204.2	452.5	1405.4	2086.3	3789.1
203.3	440.7	1446.7	1952.6	3723.0
201.7	472.9	1536.7	2022.5	3721.8
200.2	540.5	1647.6	2112.2	3721.8
198.7	588.7	1754.9	2274.7	3722.4
197.3	574.6	1903.9	2459.7	3775.1
196.8	578.8	1953.7	2608.6	3862.7
195.7	594.6	1961.6	2753.6	3871.0
195.4	618.5	1979.8	2911.9	3880.5
194.7	640.6	2024.5	3016.7	3895.1
194.9	637.7	2077.9	3086.1	3960.7
195.4	640.3	2049.7	3176.7	4038.4
193.4	645.5	2065.3	3217.0	4089.9
187.3	636.6	2090.0	3223.5	4125.9
175.9	611.2	2068.4	3229.9	4246.5
212.4	552.1	2029.3	3197.1	4257.5
72.3	527.3	1977.8	3195.4	4286.9
65.7	492.4	1919.7	3189.9	4469.2
66.2	493.9	1915.5	3154.0	4382.9
221.1	482.3	1980.4	3178.1	4323.7
228.9	497.2	2023.9	3006.3	4370.5
201.0	484.0	1917.0	3020.0	4352.5
209.1	472.0	1943.8	3160.7	4300.1
212.2	451.6	2002.7	3202.0	4302.8
214.0	470.6	1935.5	3169.2	4298.1
215.7	483.2	1941.8	3112.7	4304.9
215.7	459.8	1911.2	3145.6	4354.2
215.6	460.2	1874.3	3163.0	4364.2
216.8	470.0	1901.6	3080.4	4355.3
217.0	452.5	1799.7	2916.5	4484.0
217.2	467.0	1773.1	2954.4	4497.6
217.9	475.8	1824.8	3128.7	4467.0
215.4	455.0	1868.8	3084.8	4529.9
213.6	460.2	1769.8	2897.5	4475.0
205.9	563.5	1820.9	3078.4	4295.3
198.0	587.2	1980.3	3203.9	4219.6
214.1	759.6	2049.3	3172.2	4125.6
107.6	918.9	2130.3	3149.6	3935.9
280.2	671.6	2152.3	3049.3	3960.9
265.9	700.0	2194.6	3014.8	3951.7
265.1	716.5	2210.6	3023.4	3832.8
196.4	715.0	2261.6	3019.1	3896.3
112.8	669.3	2273.4	3012.9	3931.8
234.1	680.0	2311.0	3028.1	3901.3
219.6	685.1	2302.7	3002.1	3880.4
212.2	685.8	2264.4	3035.7	3865.0
205.1	738.0	2212.3	3066.5	3917.2
200.0	782.5	2143.6	3109.3	4007.9
197.1	785.8	2112.8	3115.8	4034.8
195.5	811.1	2061.4	3173.3	4099.9
195.2	883.5	2002.0	3181.8	4292.8
195.3	834.7	1911.6	3173.2	4252.1
195.4	655.2	1794.9	3173.8	4173.3
196.4	541.4	1820.1	3042.1	4405.3
192.0	543.3	1907.3	2987.6	4452.4
63.5	565.7	1917.8	3013.9	4434.8
191.0	565.7	2024.4	3106.0	4416.4
190.5	578.3	1945.0	3109.5	4365.8
191.0	668.0	1976.2	3115.9	4009.9
213.1	620.9	1901.2	2897.1	3738.0
204.7	624.5	1934.3	2737.6	3776.9
198.5	665.4	1927.1	2691.7	3837.4
193.9	711.6	1908.4	2637.4	3833.9
192.1	711.6	1888.3	2549.7	3815.1
189.2	700.6	1865.7	2429.7	3796.3
187.9	705.8	1840.8	2375.9	3786.0
186.6	695.2	1821.8	2353.6	3824.4
184.1	683.4	1788.8	2315.5	3852.2
182.9	668.7	1740.1	2230.2	3891.9
180.8	661.0	1671.0	2221.2	3906.5
180.9	673.4	1580.4	2190.7	3906.2
179.5	670.3	1537.3	2187.5	3938.7
178.6	680.6	1493.7	2283.5	3921.5
171.6	685.0	1439.2	2371.5	3940.8
234.9	697.4	1387.7	2483.2	3851.3
92.5	690.1	1306.2	2603.5	3800.5
63.5	669.5	1221.7	2713.8	3728.5
277.7	663.2	1189.2	2840.3	3723.2
273.3	678.8	1125.1	2929.4	3735.4
0.0	680.5	1100.1	2958.4	3721.5
95.6	634.6	1074.0	3019.6	3726.2
191.7	579.6	997.7	3066.8	3732.5
193.3	577.8	992.3	3066.8	3678.6
193.0	568.7	974.1	3059.5	3553.4
191.7	560.9	977.2	3060.2	3562.0
191.1	548.5	979.8	3034.9	3598.8
190.2	541.6	970.9	3002.6	3753.4
191.6	538.8	1083.5	3036.2	4001.2
191.6	1014.4	2262.3	3341.7	4270.3
190.7	951.1	2251.3	3266.2	4249.3
95.4	794.8	2332.0	3230.1	4262.4
63.5	933.4	2375.3	3213.5	4266.8
256.8	691.9	2216.7	3219.5	4313.9
333.3	1018.4	2215.4	3177.4	4247.5
0.0	1062.9	2274.1	3208.2	4175.6
0.0	1175.7	2302.7	3398.9	4285.4
142.3	809.8	1736.9	2822.1	4010.5
0.0	549.8	1446.4	2093.8	3945.8
209.5	523.5	1439.0	1977.3	3903.8
195.7	523.0	1430.6	1979.8	3940.3
188.2	504.3	1426.1	2041.5	3993.1
182.2	511.9	1409.8	2058.8	3969.8
178.2	517.8	1384.8	1972.5	3907.8
173.8	518.3	1386.3	2082.5	3989.1
174.2	504.2	1442.8	2408.0	4019.6
174.3	520.6	1432.1	2742.9	4071.9
172.7	519.9	1439.2	2748.5	4113.4
171.8	532.4	1489.0	2601.4	4134.4
172.9	519.4	1440.6	2264.9	3988.2
172.3	504.3	1470.4	2000.9	3861.2
174.4	512.4	1600.0	2064.1	3850.0
174.1	541.4	1693.3	2215.6	3738.9
175.4	561.3	1793.3	2288.4	3666.5
172.0	609.3	1891.6	2402.0	3729.7
169.6	626.5	1939.1	2583.4	3797.5
168.8	634.2	1980.7	2685.6	3809.2
166.0	628.7	2037.1	2778.0	3821.9
162.1	625.7	2044.3	2893.1	3955.0
161.3	632.4	2038.2	2995.5	3936.0
159.2	642.8	2023.8	3127.0	4005.4
151.4	624.3	2071.2	3153.5	4122.6
90.5	624.7	2036.1	3158.1	4216.0
91.5	773.9	2020.1	3152.0	4280.5
67.1	720.2	2033.4	3214.8	4312.1
0.0	775.6	2079.3	3194.6	4207.2
0.0	527.1	1974.7	3085.8	4208.5
0.0	478.2	1947.2	3151.1	4305.5
207.4	514.3	1940.3	3174.4	4396.0
233.3	537.9	1882.7	3168.3	4400.0
201.9	532.2	1849.7	3186.6	4284.8
93.0	517.3	1895.8	3249.6	4418.6
182.7	494.8	1808.7	3152.6	4378.5
178.6	515.4	1819.4	3104.1	4272.1
177.2	480.7	1843.5	3009.1	4140.5
176.3	475.1	1742.7	3079.3	4180.1
176.5	475.9	1821.0	3185.7	4219.0
179.2	479.5	1886.1	3217.8	4277.3
182.0	621.3	2007.7	3254.8	4328.7
188.8	386.1	2037.3	3164.5	4326.2
194.6	380.0	2026.4	3203.1	4343.0
199.7	474.0	2176.9	3261.5	4396.9
199.4	521.5	2239.5	3282.4	4498.0
203.9	550.2	2083.4	3258.5	4442.0
203.9	644.6	1947.0	3354.2	4346.4
67.7	686.5	1724.2	3282.6	4233.6
0.0	759.6	1684.9	3252.5	4098.8
248.0	812.1	1699.7	3263.8	4067.6
0.0	843.2	1699.8	3261.9	4057.2
0.0	747.3	1713.7	3257.2	4082.3
101.4	867.8	1730.6	3311.1	4136.9
102.9	711.9	1746.4	3231.1	4107.3
0.0	681.5	1738.6	3200.0	4195.4
248.8	727.5	1678.5	3239.7	4387.4
75.3	764.5	1771.4	3209.8	4316.4
201.7	778.8	1818.5	3214.8	4312.0
