0.0	0.0	0.0	0.0	0.0
0.0	0.0	0.0	0.0	0.0
0.0	0.0	0.0	0.0	0.0
0.0	800.5	1749.3	3140.8	4189.7
356.5	1089.0	1871.4	3050.2	3994.8
0.0	1119.6	1962.5	3062.6	4108.5
0.0	1135.9	2068.8	3254.7	4295.7
0.0	1096.9	2102.1	3245.6	4304.6
140.6	1054.8	2088.9	3217.7	4263.3
0.0	1021.7	2111.6	3314.3	4290.8
0.0	982.0	2229.1	3242.0	4311.8
0.0	1015.2	2222.1	3160.8	4174.5
0.0	1052.6	2177.5	3167.9	4126.1
0.0	895.0	2101.3	3206.4	4308.0
0.0	1007.1	2117.9	3308.0	4345.5
0.0	1052.8	2137.2	3293.5	4396.0
0.0	1065.2	2340.9	3285.8	4276.0
0.0	574.1	2169.2	3136.2	4210.6
0.0	897.9	2155.8	3124.8	4342.7
0.0	941.5	2316.6	3224.2	4423.6
0.0	914.2	2168.9	3229.5	4283.4
0.0	435.7	2176.2	3304.6	4236.5
232.9	412.4	2272.8	3316.4	4229.1
0.0	429.5	1360.0	2879.5	4023.9
216.4	448.3	1455.2	2897.9	4073.5
206.8	503.7	1612.6	2860.1	4180.4
202.2	512.5	1451.1	2798.2	4077.9
199.3	517.9	1242.4	2855.6	4058.2
200.0	435.3	832.6	2930.3	3985.3
207.0	446.7	916.9	3019.8	3934.6
220.8	471.3	1104.9	2904.4	3934.8
222.1	519.1	1255.1	2836.4	4021.6
219.8	585.2	1479.6	2825.6	4055.8
219.4	661.1	1598.3	2840.9	4059.3
220.8	683.8	1694.0	2933.0	4115.0
225.3	676.2	1789.8	2943.7	4061.2
231.0	693.6	1846.0	2896.5	4065.4
234.9	709.0	1839.8	2925.9	4079.6
238.4	702.2	1815.5	2956.0	4091.4
240.8	722.1	1779.5	2981.9	4118.6
244.4	732.9	1752.5	3012.1	4161.9
244.2	748.3	1721.9	3004.6	4149.0
245.6	754.6	1656.6	3002.9	4137.6
243.9	764.8	1611.6	3028.7	4153.5
239.6	779.2	1561.7	3045.0	4141.9
232.2	793.0	1505.5	3000.0	4111.2
220.1	787.6	1459.5	2958.1	4094.2
210.0	763.1	1354.6	2939.3	4089.8
203.1	731.4	1188.7	2963.7	4056.1
197.7	698.9	1121.4	3008.9	4069.6
194.0	629.3	1057.4	2993.6	4027.9
192.1	567.8	974.4	3033.5	4002.8
190.7	547.0	929.7	3037.3	4066.2
188.3	549.4	937.0	3102.5	4162.9
186.5	548.3	948.6	3146.7	4138.5
189.9	528.0	926.6	3132.0	4209.8
195.7	559.0	981.4	3000.2	4241.4
201.5	766.6	2629.3	3349.4	4324.3
204.6	757.9	2564.3	3372.9	4464.3
205.0	697.3	2517.1	3396.7	4327.1
204.8	705.5	2500.4	3398.3	3891.7
204.1	606.9	2469.4	3431.9	4243.3
202.4	602.6	2431.4	3441.9	4479.6
202.5	380.6	2391.6	3409.6	4563.8
203.9	359.8	1945.5	3307.4	4270.2
202.1	389.6	2207.1	3305.2	4424.4
199.7	396.7	2553.4	3329.2	4431.4
198.1	414.9	2578.8	3249.7	4362.3
197.0	458.4	2247.4	2915.7	4310.1
192.5	406.4	2335.1	2942.7	4430.5
189.2	459.7	1907.5	2931.0	4335.4
192.1	667.1	1819.0	3069.2	4303.9
191.1	705.1	1885.1	3085.5	4182.3
191.4	737.0	1927.2	3056.6	4082.8
194.9	749.0	1930.4	3001.7	4030.3
197.7	764.1	1920.6	2996.4	4058.7
200.6	776.5	1901.5	3011.4	4117.9
203.3	796.3	1884.6	3036.5	4067.9
205.1	816.6	1874.6	3024.3	4023.0
207.3	831.3	1793.8	2944.0	3944.1
208.9	827.2	1658.3	2842.3	3967.0
211.0	828.7	1593.4	2927.0	3955.0
212.5	816.6	1482.1	2946.7	3903.3
215.5	789.0	1336.1	2965.6	3910.3
216.6	743.3	1263.1	2984.8	3960.8
217.3	693.1	1109.9	2847.1	4053.2
217.6	633.4	1035.0	2831.6	4120.7
217.9	503.9	892.2	2922.5	4149.6
218.1	453.2	869.7	2944.9	4181.4
216.4	450.6	867.0	2946.0	4236.1
215.2	431.6	864.0	2927.6	4271.7
213.1	424.1	962.5	2871.9	4282.7
211.5	432.3	1163.9	2891.8	4272.1
213.9	423.6	1433.8	2816.2	4249.4
216.0	422.9	1854.5	2752.8	4201.4
212.1	414.0	2239.4	2764.5	4149.9
207.6	413.9	2463.7	2840.9	4137.4
204.0	415.3	2535.7	2939.0	4133.2
200.7	418.9	2602.7	3017.8	4126.0
198.3	428.8	2580.0	3077.0	4113.2
196.3	435.9	2590.9	3117.1	4122.2
196.2	430.2	2586.1	3112.0	4082.6
199.2	444.6	2471.5	3020.7	4056.1
205.5	444.1	2516.0	3010.4	4106.8
212.6	766.6	2490.8	3072.4	4136.6
207.3	782.9	2497.1	3087.4	4158.8
202.8	752.8	2446.4	3053.3	4194.9
205.3	664.8	2298.0	2980.1	4147.2
210.6	632.9	2201.4	2924.6	4130.4
221.0	672.3	2192.4	2850.9	4085.2
213.6	686.6	2114.5	2765.0	4074.2
201.0	703.3	2060.8	2778.6	4087.2
192.0	723.8	2005.7	2787.8	4084.6
188.3	733.6	1984.3	2767.9	4053.2
186.9	749.3	1909.2	2762.8	4032.4
186.6	755.1	1838.7	2740.9	3997.2
187.6	763.3	1801.2	2716.2	3968.6
187.4	764.0	1756.0	2684.0	3979.0
187.2	745.7	1727.6	2700.8	3937.4
186.0	721.5	1702.1	2666.7	3897.1
186.6	690.8	1573.2	2654.9	3833.9
186.4	553.3	1519.1	2648.1	3864.4
179.7	713.5	1920.7	2974.9	4062.5
87.0	1350.2	2334.6	3348.1	4227.2
87.5	969.5	2255.8	3148.5	4241.6
91.0	1235.6	2268.5	3200.6	4247.1
72.7	1404.9	2322.1	3208.7	4179.2
0.0	675.2	2156.2	2993.5	4243.9
0.0	1178.3	2328.4	3318.8	4299.0
154.1	1122.0	2343.7	3277.6	4299.7
70.8	1057.4	2351.2	3262.3	4283.0
0.0	1108.2	2325.1	3277.0	4296.9
0.0	1199.1	2289.3	3223.1	4354.5
0.0	891.4	2217.7	3222.7	4200.2
0.0	785.6	2543.5	3352.0	4346.5
260.9	859.8	2479.1	3230.2	4428.8
162.2	876.0	2329.1	3228.4	4325.7
0.0	799.1	2239.3	3148.9	4212.7
115.6	708.8	2178.5	3053.7	4179.5
153.8	665.2	2236.4	2969.4	4045.5
141.2	387.7	2254.4	2926.5	4061.2
0.0	411.8	2241.7	2905.5	4071.2
280.3	410.2	2188.0	2869.8	4051.7
271.2	412.4	2091.4	2857.6	4071.2
270.1	412.8	1996.1	2890.7	4077.5
271.2	397.2	1915.6	2872.6	4062.5
269.3	391.8	1836.4	2856.3	4046.1
272.1	361.2	1615.8	2867.7	4011.0
269.9	359.0	1498.9	2866.3	3981.4
264.2	322.7	1740.8	2968.4	4029.2
124.9	250.3	1744.3	2903.1	4128.3
80.3	231.7	1773.4	2805.3	4162.6
227.8	238.7	1801.8	2895.9	4155.3
218.8	242.6	1538.3	2981.6	4106.3
213.1	292.4	1635.0	3001.5	4210.7
209.6	353.4	1900.3	3027.8	4233.5
202.8	452.3	1969.0	2894.6	4101.3
221.1	432.7	2064.6	2845.5	4122.3
204.1	448.4	2142.6	2907.2	4132.3
196.2	553.3	2198.9	2918.4	4128.0
185.9	512.1	2231.2	2941.3	4155.9
174.6	494.9	2317.0	2905.5	4175.0
165.8	475.4	2449.5	2836.2	4274.2
161.4	416.2	2510.6	2746.1	4585.5
157.8	305.4	2550.7	2781.5	4511.5
74.9	298.1	2455.0	2819.8	4209.2
73.1	298.5	2270.9	2859.9	4164.2
74.0	293.3	2316.2	3015.4	4212.5
73.4	275.2	2259.0	2985.7	4192.5
0.0	891.2	2043.1	2955.7	4279.7
237.9	873.5	2018.9	2970.2	4358.1
0.0	705.1	2078.9	2986.5	4059.2
0.0	896.8	2170.4	3199.4	4297.7
0.0	924.0	2111.8	3233.2	4389.5
0.0	861.4	2035.2	3112.5	4309.0
0.0	856.9	2107.2	3178.3	4281.8
0.0	976.2	2256.6	3357.7	4368.9
241.7	926.0	2148.0	3228.3	4384.5
66.9	1049.8	2053.5	3268.1	4295.8
68.9	990.6	2186.6	3188.8	4267.9
98.3	885.0	2185.3	3127.8	4326.7
0.0	661.4	2200.0	3008.7	4362.1
0.0	429.5	2241.9	2976.4	4342.0
239.7	387.9	2314.6	2994.1	4284.5
191.1	373.2	2383.6	3014.9	4213.7
186.5	365.7	2404.4	3041.5	4123.1
181.4	375.5	2388.7	2986.4	4103.7
177.7	410.3	2388.8	2958.1	4125.6
173.0	430.5	2363.7	2916.3	4079.3
168.8	479.4	2312.3	2864.0	3919.1
166.3	499.4	2242.9	2848.2	3904.7
164.5	494.3	2217.7	2834.1	3919.2
162.5	496.7	2165.5	2808.6	4024.7
164.7	503.0	2103.4	2829.3	4093.0
166.2	501.5	2078.8	2827.4	4153.8
165.9	497.0	2045.3	2831.2	4170.4
166.2	488.2	1976.2	2807.0	4104.3
163.5	489.1	1922.4	2791.4	3936.1
160.9	503.3	1857.6	2853.8	3918.2
158.1	582.6	1954.6	2966.1	3864.0
67.3	777.9	1964.7	2793.8	3551.6
0.0	497.9	1846.6	2606.6	3652.5
0.0	495.7	1859.4	2407.6	3814.8
0.0	509.8	1814.4	2305.2	3908.4
158.3	522.2	1754.2	2231.7	3988.4
153.0	497.3	1715.4	2176.0	3991.2
149.2	503.9	1685.6	2132.6	4029.2
148.3	474.6	1663.1	2081.0	3991.7
147.7	478.9	1657.6	2053.8	3956.0
144.1	461.9	1689.1	2011.6	3991.9
143.2	469.2	1723.2	2025.3	3979.5
144.6	443.9	1787.5	2063.0	3942.2
148.4	448.0	1852.3	2155.8	3802.2
153.7	473.7	1887.7	2259.1	3724.7
157.5	493.4	2030.7	2766.7	3792.6
155.0	926.2	2467.4	3016.7	4006.7
152.4	901.8	2739.1	3346.3	4124.2
85.9	881.6	2869.9	3533.5	4219.2
76.4	869.0	2929.8	3669.4	4323.6
0.0	1119.0	2992.9	3846.3	4179.9
0.0	1183.9	2986.5	3833.2	4154.0
173.2	1597.1	3013.7	3775.9	4370.6
151.9	1411.7	2888.3	3670.4	4313.9
521.7	1364.7	2919.6	3640.3	4162.1
147.3	1612.3	2856.8	3665.7	4096.6
269.0	1435.2	2719.0	3447.4	4065.3
283.7	1426.0	2619.8	3331.4	3852.9
101.3	897.9	1713.7	2957.2	3604.0
0.0	924.5	1791.0	2929.7	3746.9
0.0	963.6	1782.3	2913.8	3829.2
118.0	1054.8	1737.8	2981.1	3834.4
114.9	959.3	1732.5	2946.5	3794.1
0.0	998.6	2037.2	2894.0	3987.8
262.4	909.0	2229.6	3015.6	4003.2
76.8	904.1	2224.9	3151.1	4006.0
0.0	992.1	2192.2	3179.1	4044.2
292.5	1038.2	2209.5	3204.4	4152.4
