0.0	0.0	0.0	0.0	0.0
0.0	0.0	0.0	0.0	0.0
0.0	0.0	0.0	0.0	0.0
0.0	872.2	1871.6	3114.9	4192.6
0.0	822.7	1894.8	3128.3	4154.8
279.4	824.4	1876.1	3106.3	4193.4
76.3	911.2	1886.2	3035.6	4162.0
0.0	884.7	1941.6	3128.0	4198.8
0.0	690.8	1948.7	3327.6	4313.4
0.0	956.7	2264.3	3393.5	4250.7
0.0	941.4	2188.7	3347.0	4184.4
0.0	895.7	1955.8	3202.7	4234.8
0.0	889.6	1901.0	2777.3	4120.2
0.0	969.8	2088.5	2757.2	4196.8
243.5	1101.2	2222.8	2991.7	4324.8
240.0	1076.0	2129.1	2983.6	4375.5
246.4	211.1	2040.8	2877.2	4528.6
0.0	291.7	2060.3	2967.3	4617.3
230.8	360.8	2054.3	2968.4	4638.0
215.6	417.1	2175.2	2953.5	4676.0
208.5	426.5	2074.0	2940.7	4568.7
200.2	458.3	1998.1	3033.9	4488.8
206.8	483.3	1975.0	3080.1	4040.8
215.6	534.4	1964.6	2996.2	3919.2
215.0	588.8	1919.2	2975.5	4038.2
217.4	625.8	1835.6	2946.9	4019.4
217.8	655.7	1746.7	2824.4	3933.6
217.6	673.4	1677.7	2795.6	3917.3
219.6	660.5	1566.5	2723.4	3841.5
221.5	659.6	1528.4	2698.8	3811.5
222.9	603.6	1434.8	2722.4	3828.7
226.2	598.1	1297.5	2687.1	3846.2
230.0	508.3	1192.5	2627.2	3815.6
231.2	484.6	1256.5	2652.9	3791.4
234.8	562.6	1973.9	2812.5	3893.3
236.1	522.7	1957.5	2922.2	4114.2
228.9	722.4	1997.3	3004.2	4323.1
236.5	817.7	2081.1	2994.2	4356.6
232.5	1031.5	2082.3	2993.5	4344.9
229.8	990.2	2210.9	2990.7	4377.3
230.2	969.3	2250.3	2963.9	4294.3
227.0	965.4	2269.6	2954.9	4271.0
227.3	922.2	2259.5	2914.8	4221.5
221.2	654.2	2239.9	2814.3	3966.8
227.7	624.0	2338.1	3022.2	3878.8
223.8	662.0	2084.2	2841.0	3836.7
220.1	636.9	1091.3	2533.0	3795.1
217.9	640.3	1073.9	2486.4	3793.4
217.3	665.3	1093.3	2444.6	3769.4
214.8	669.9	1143.2	2392.0	3720.3
214.9	673.8	1226.5	2324.2	3682.4
213.9	679.5	1270.5	2265.1	3691.8
213.3	675.1	1281.6	2172.5	3754.9
212.0	645.4	1293.2	2114.4	3815.2
210.6	639.4	1329.9	2094.1	3802.2
210.7	604.1	1351.5	2079.5	3868.0
210.9	514.0	1365.4	2169.5	3928.5
212.1	419.5	1558.7	2896.9	4007.8
69.3	721.8	2251.2	3257.4	4231.6
69.7	704.8	2162.5	3198.3	4266.0
85.1	847.0	2099.7	3197.0	4183.3
0.0	980.6	2229.6	3236.1	4068.5
0.0	1037.3	2248.3	3285.0	4163.6
0.0	1413.7	2091.4	3231.5	4245.1
0.0	1266.4	1894.4	2940.2	4153.2
0.0	984.3	1936.7	2713.2	4209.7
447.9	1072.9	2027.1	3055.1	4409.2
512.5	943.6	2035.1	3132.2	4434.7
0.0	934.1	1979.1	2904.1	4388.5
93.5	797.6	2042.6	2624.1	4379.2
215.1	517.9	2143.8	2645.9	4463.3
230.1	480.8	2032.6	2709.1	4208.1
224.2	431.4	2008.9	2730.0	3993.3
220.2	403.6	1912.6	2755.1	4074.1
213.9	365.4	1827.9	2759.4	4207.6
66.3	360.1	1814.8	2740.9	4199.7
63.5	368.6	1871.2	2812.3	4190.0
0.0	399.5	2059.3	2846.1	4428.4
0.0	407.4	2214.8	2842.9	4501.4
198.1	415.2	2318.1	2926.6	4517.4
204.9	408.4	2394.1	2980.0	4414.9
204.8	404.2	2448.4	3011.7	4379.7
205.3	399.8	2476.6	3032.5	4376.5
204.1	396.8	2507.2	3049.1	4384.7
202.0	395.4	2516.6	3057.5	4382.3
200.3	392.0	2544.4	3042.6	4389.1
199.7	386.7	2543.6	3001.2	4410.3
196.6	388.7	2492.3	2921.9	4414.3
196.2	391.4	2341.1	2847.3	4418.9
195.8	439.7	2197.5	2775.9	4333.7
190.5	421.3	2198.2	2885.2	4262.9
91.0	412.6	2107.5	3094.7	4204.4
176.2	410.1	2020.2	3199.0	4218.9
170.5	317.2	2137.6	3267.3	4198.9
174.1	330.6	2193.8	3152.2	4253.6
199.3	842.5	2271.3	3133.0	4405.2
219.6	946.8	2284.3	3085.2	4597.2
0.0	652.0	2172.8	3048.8	4459.7
0.0	473.4	2214.2	3011.9	4393.9
206.5	469.5	2206.1	3020.9	4413.9
202.3	514.7	2196.9	3028.9	4373.0
199.7	579.3	2170.6	3036.5	4390.9
197.7	604.2	2166.9	3021.1	4415.4
197.2	597.6	2155.7	2998.4	4368.2
198.9	556.8	2154.1	2932.5	4283.1
200.9	740.9	2075.2	2936.5	4173.0
193.4	776.2	2137.4	3087.8	4102.7
197.9	768.3	2109.9	3227.2	4213.2
0.0	858.5	2134.6	3216.1	4258.0
0.0	1076.8	2148.4	3257.2	4220.3
0.0	1000.3	2210.2	3109.6	4263.8
0.0	902.7	2256.2	3144.0	4247.5
0.0	932.8	2329.0	3365.5	4354.9
0.0	925.9	2227.7	3280.9	4324.4
0.0	621.2	1999.5	3163.1	4285.4
451.2	818.8	2283.7	3194.7	4232.8
455.3	913.5	2142.8	3070.2	4080.8
0.0	1107.1	2003.9	3061.3	4133.7
0.0	564.4	1860.0	2823.0	4208.2
0.0	631.1	1945.5	2802.8	4146.6
205.1	637.3	1977.1	2846.1	4199.4
201.5	644.2	1979.6	2891.5	4295.4
200.3	658.3	1986.6	2973.2	4361.2
200.6	663.6	1985.4	3050.8	4334.9
201.3	662.7	1984.5	3078.7	4259.8
202.3	654.4	1995.4	3089.5	4382.7
203.6	645.4	2003.3	3098.3	4211.2
204.4	631.5	1994.1	3101.7	4193.2
206.5	587.9	1968.4	3087.1	4357.6
206.6	437.7	1975.2	3005.5	4362.1
207.3	424.7	2083.2	2959.8	4527.2
210.4	428.4	2041.1	2920.2	4554.5
211.7	435.3	1973.9	2907.4	4495.4
210.7	439.7	1961.4	2889.1	4512.9
211.4	440.1	1975.3	2868.1	4567.6
209.2	440.8	1949.5	2867.2	4524.2
206.6	442.2	1966.7	2929.7	4465.1
206.0	439.6	1999.6	2985.9	4547.0
205.1	435.7	2032.9	2981.3	4459.6
206.7	470.5	2031.8	2936.2	4422.6
208.0	464.2	1966.3	2854.2	4507.7
207.7	443.8	1823.9	2682.1	4230.3
206.5	414.6	1686.6	2498.8	4140.8
102.4	422.8	1610.3	2507.4	4202.4
207.4	424.4	1607.9	2559.9	4271.5
206.5	415.8	1623.3	2595.7	4195.2
204.0	404.7	1640.2	2693.2	4232.9
201.6	394.2	1886.8	2771.7	4275.3
198.2	445.6	2274.9	2964.3	4425.6
195.6	531.5	2086.1	2985.6	4343.4
196.0	432.5	2151.5	3116.1	4301.5
199.6	676.0	2344.1	3406.4	4451.1
66.5	831.0	2311.6	3334.6	4435.0
65.3	926.5	2468.7	3411.8	4351.1
66.8	1017.7	2521.8	3553.8	4359.2
497.4	1169.1	2335.8	3486.1	4320.3
453.9	1315.7	2394.1	3517.6	4338.5
373.9	1196.9	2372.1	3393.1	4304.3
185.4	1019.6	2140.5	3238.4	4412.5
188.4	741.5	1989.6	2960.6	4392.4
425.2	711.6	1779.9	2864.8	4497.4
0.0	645.3	1772.7	2834.1	4490.7
212.0	671.4	1759.7	2826.7	4470.2
206.2	684.6	1694.8	2833.4	4445.2
202.8	716.9	1651.2	2805.4	4420.2
199.7	741.0	1607.7	2814.4	4378.3
197.5	751.1	1522.5	2773.4	4265.9
195.5	736.6	1418.7	2677.0	4189.4
194.9	700.3	1320.6	2720.4	4109.4
193.0	686.3	1248.9	2714.1	4068.1
190.8	823.4	1938.6	2975.5	4128.2
192.2	798.4	2196.3	3230.9	4330.9
93.2	1267.1	2407.5	3306.8	4264.6
64.0	626.6	2198.9	3001.9	4085.9
0.0	581.9	2207.3	2928.4	4028.5
326.3	654.6	2323.3	3191.4	4186.1
309.5	984.9	2386.9	3459.5	4383.1
87.5	885.1	2299.1	3341.8	4274.0
0.0	1332.7	2269.5	3414.3	4285.8
0.0	1150.6	2107.0	3147.9	4253.3
85.4	686.2	1753.7	2772.6	4223.4
0.0	487.6	1876.0	2631.4	4313.4
206.3	400.4	2072.8	2606.5	4499.3
197.5	396.5	2243.1	2604.5	4601.3
191.6	357.1	2430.2	3025.1	4458.7
91.7	342.5	2484.4	3360.5	4327.0
87.3	406.8	2455.0	3223.3	4206.2
182.8	890.3	2331.3	3256.0	4277.5
199.1	1009.1	2227.4	3280.2	4282.6
95.2	1026.7	2151.9	3061.3	4334.5
0.0	787.7	2531.1	3045.4	4335.6
401.4	506.9	2515.4	3145.9	4298.1
0.0	518.6	2398.0	3097.0	4317.1
219.9	575.6	2303.1	3054.8	4263.3
200.6	625.3	2190.3	3052.1	4217.5
193.7	644.8	2087.4	3060.7	4202.2
190.5	658.4	1989.9	3061.7	4200.2
190.4	662.3	1898.8	3060.0	4239.6
189.9	662.2	1833.2	3030.9	4236.3
188.6	644.5	1747.5	3008.9	4285.0
187.2	619.6	1669.5	2965.1	4399.9
185.7	605.5	1631.1	2903.0	4456.7
185.2	501.1	1641.6	2883.0	4525.6
183.4	465.1	1787.6	2901.8	4585.0
186.5	537.2	1845.4	2895.0	4474.9
182.7	693.2	2095.7	2951.8	4342.1
187.9	764.4	2180.1	3203.7	4359.7
95.0	1167.0	2397.0	3432.5	4313.9
94.9	1172.0	2371.6	3377.8	4274.7
0.0	1167.1	2495.9	3349.9	4289.7
368.7	1168.1	2436.6	3266.5	4222.4
387.1	1229.9	2358.8	3281.2	4313.2
0.0	1176.1	2404.7	3353.3	4346.2
486.3	1183.5	2502.9	3369.3	4235.9
97.6	1217.9	2338.1	3359.1	4269.1
0.0	884.4	2299.1	3242.3	4237.5
98.2	940.2	2351.7	3270.5	4330.1
100.8	962.1	2266.6	3390.8	4386.9
0.0	825.9	2322.5	3425.0	4312.3
412.9	1000.2	2356.6	3422.7	4276.4
69.9	1187.6	2383.9	3399.0	4319.4
0.0	718.2	2147.7	3297.8	4314.4
0.0	693.6	1819.5	2889.0	4316.1
0.0	636.8	1842.1	2852.6	4436.1
0.0	672.3	1877.1	2919.1	4425.8
172.7	656.7	1889.8	2959.9	4433.3
170.7	684.6	1903.7	2989.5	4610.0
168.8	710.1	1920.2	3005.0	4490.2
162.9	707.0	1910.3	2999.0	4314.1
162.1	731.9	1881.0	2982.1	4237.4
159.9	748.2	1851.0	2989.3	4251.6
159.6	739.1	1794.4	2989.6	4311.3
159.7	732.8	1711.0	2944.3	4333.2
159.1	684.1	1621.8	2653.3	4036.2
159.2	673.2	1466.5	2476.9	4047.6
160.3	659.8	1471.1	2348.8	4216.1
161.3	626.4	1706.7	2510.8	4420.7
162.6	683.4	1808.5	2708.7	4435.7
161.3	563.2	1826.2	2768.2	4404.9
163.0	470.5	1767.5	2780.6	4395.1
168.8	525.4	1888.4	2774.6	4296.2
166.8	539.1	1949.1	2909.7	4272.6
167.6	514.2	1803.1	3030.6	4216.0
176.8	1339.1	2062.3	3080.8	4155.9
179.6	1543.6	2032.1	3034.5	4250.2
170.4	1346.5	1894.7	3041.3	4335.5
163.5	1055.8	1888.5	3040.1	4346.5
167.7	988.3	1880.6	2902.6	4372.4
86.8	1470.8	2146.9	3135.9	4487.9
90.3	1516.0	2214.3	3138.5	4416.3
0.0	1292.6	2011.7	3110.7	4522.0
0.0	1617.1	1992.2	3017.9	4378.4
