0.0	0.0	0.0	0.0	0.0
0.0	0.0	0.0	0.0	0.0
0.0	0.0	0.0	0.0	0.0
0.0	967.0	2106.2	3397.3	4397.0
0.0	925.5	2082.9	3257.8	4150.5
0.0	831.2	2036.5	3142.3	4105.4
243.2	1089.6	1975.9	3144.0	4202.9
0.0	1047.4	1954.3	3140.4	4264.2
0.0	854.5	1880.5	3121.2	4196.8
109.8	711.8	1885.6	3202.0	4165.0
0.0	894.8	2142.1	3175.9	4305.3
293.2	870.6	2123.9	3129.5	4294.3
0.0	1151.5	2364.5	3326.1	4314.3
0.0	1061.1	2153.6	3179.4	4283.0
124.1	1074.8	2166.7	3154.3	4267.1
122.9	1016.3	2350.3	3258.3	4361.6
0.0	932.6	2308.5	3216.5	4340.5
0.0	1283.3	2219.3	3233.5	4303.0
0.0	1154.2	2174.4	3295.9	4264.2
0.0	1009.8	2303.8	3297.1	4193.0
0.0	1036.8	2308.4	3131.9	4184.2
0.0	1036.9	2187.3	2884.6	4099.1
458.6	697.8	2268.2	2805.8	4114.5
0.0	706.4	2366.5	2791.4	4168.1
227.2	407.6	2430.2	2818.0	4184.1
0.0	485.3	2306.5	2762.3	4336.2
204.6	543.7	2136.7	2677.4	4193.1
197.3	527.5	995.7	2657.7	3973.6
0.0	421.9	1159.2	2578.0	3991.0
203.0	413.8	1477.8	2633.2	4032.0
205.5	413.3	1758.6	2695.5	4228.9
206.8	421.5	2034.9	2717.2	4223.2
209.1	426.2	2211.2	2719.8	4114.1
212.0	432.1	2342.2	2737.9	4088.2
216.5	438.2	2389.8	2796.5	4115.6
220.0	450.9	2410.2	2812.7	4179.3
225.0	456.8	2397.2	2785.9	4157.9
226.3	454.9	2289.3	2721.4	4033.6
229.6	459.5	2078.4	2699.0	3919.0
228.6	501.7	1814.4	2669.4	3857.6
230.1	510.9	1749.2	2679.2	3820.0
224.6	490.6	1838.8	2684.6	3791.1
222.2	396.4	2063.6	2699.0	3708.9
218.2	332.1	2350.0	2990.2	3906.4
219.8	227.1	2220.4	3010.0	4122.5
217.8	224.6	2281.9	2975.8	4188.3
213.5	327.4	2373.0	3085.2	4253.5
208.4	219.9	2257.6	3075.1	4287.6
104.9	239.6	2317.8	3061.8	4258.1
70.2	238.9	2375.6	3218.7	4199.2
236.8	1004.3	2399.8	3207.3	4240.4
0.0	784.3	1981.4	3083.7	4398.0
0.0	495.0	1974.6	3021.9	4347.4
227.1	521.0	1974.2	2995.8	4297.3
223.7	627.0	1933.0	2987.0	4439.8
219.1	651.9	1891.0	2978.0	4467.7
212.4	650.2	1866.7	3003.5	4453.9
209.8	644.4	1834.2	3046.8	4247.2
207.4	645.4	1762.4	3070.8	4133.0
208.2	649.0	1672.1	3096.0	4262.2
206.3	570.7	1648.4	3020.8	4368.0
204.7	421.8	1599.7	2972.8	4414.4
202.9	414.6	1599.3	2941.7	4364.3
206.7	414.6	1641.7	2845.3	4305.8
204.3	457.1	1574.0	2792.9	4208.4
203.5	670.7	1558.9	2921.0	4042.0
202.8	733.8	1641.8	2869.8	3745.4
202.5	798.1	1676.2	2751.8	3686.5
200.4	873.3	1675.5	2661.1	3655.5
199.4	882.4	1644.0	2539.5	3744.8
198.9	853.1	1599.1	2386.2	3910.5
198.5	825.7	1586.3	2282.8	3871.2
196.2	810.1	1567.6	2207.5	3809.5
194.1	805.1	1549.8	2157.2	3765.8
194.0	826.6	1556.7	2134.5	3743.1
196.0	759.0	1491.6	2087.7	3768.6
198.0	714.2	1453.0	2030.9	3821.1
201.9	638.8	1655.5	2104.3	3923.6
205.9	594.7	1953.2	2984.0	4273.1
201.3	358.4	1971.4	2823.9	4260.1
66.9	1299.0	2412.1	3206.2	4254.6
120.0	1267.9	2425.5	3275.2	4252.9
63.5	1294.9	2396.7	3200.8	4245.8
63.5	1283.7	2362.9	3062.3	4262.0
0.0	1227.5	2337.6	3209.8	4187.8
0.0	1249.0	2359.3	3218.6	4188.1
0.0	614.4	2234.0	3266.9	4195.6
0.0	832.7	2167.0	3152.6	4051.7
0.0	880.0	2181.9	2975.7	4004.4
0.0	930.3	2245.9	2729.8	3963.5
138.1	961.4	1849.9	2465.1	3943.2
0.0	927.3	1487.3	2506.4	3952.2
0.0	798.8	1281.6	2458.2	3977.7
229.1	793.5	1289.4	2443.9	3992.9
214.9	788.9	1313.1	2432.9	3999.7
205.0	810.6	1322.2	2389.0	4009.3
200.2	811.6	1318.7	2355.9	3988.3
195.9	806.6	1323.2	2359.3	3971.1
191.3	815.8	1337.9	2331.2	3925.8
187.1	818.2	1366.2	2266.6	3873.8
183.9	827.9	1443.5	2203.7	3828.6
181.5	814.5	1477.1	2147.4	3790.1
179.7	803.8	1514.2	2126.2	3766.0
178.1	786.9	1582.0	2113.3	3748.1
177.7	767.6	1597.1	2078.9	3736.9
177.3	744.1	1637.4	2078.5	3730.2
175.6	733.8	1673.1	2069.4	3717.8
174.3	707.3	1676.2	2097.8	3685.2
173.6	676.7	1707.8	2100.0	3675.8
170.9	631.8	1742.3	2101.7	3611.4
163.9	611.7	1758.7	2159.3	3564.0
100.0	567.6	1834.4	2298.0	3532.9
90.7	524.5	1965.9	2599.0	3618.3
73.8	517.5	2097.4	2765.4	4216.0
72.4	478.7	1982.1	2723.2	4276.6
0.0	436.4	1886.1	2796.8	4168.0
259.8	1119.2	2119.2	3154.3	4170.8
82.2	1106.6	2083.8	3024.7	4169.3
0.0	1235.4	2248.1	3072.0	4160.4
0.0	1206.7	2301.2	3311.0	4270.6
0.0	1002.9	2132.0	3259.6	4289.9
0.0	918.6	2278.2	3283.2	4221.8
0.0	998.5	2341.8	3238.2	4213.7
0.0	650.1	2322.6	3206.2	4335.3
0.0	728.9	2196.4	3207.7	4646.5
0.0	761.0	2256.3	3356.4	4546.8
413.8	931.8	2341.9	3096.3	4340.9
100.8	926.6	1999.2	2952.0	4165.0
169.0	888.6	2041.5	3047.1	4228.9
0.0	896.7	2166.3	3053.5	4311.6
293.2	903.7	1866.3	3035.3	4341.4
148.3	935.8	1835.8	3057.6	4331.8
83.8	989.1	1989.4	3100.4	4363.7
82.8	997.5	2129.2	3366.8	4768.1
100.6	908.4	2003.4	3337.8	4652.1
226.4	878.7	1961.9	3081.1	4137.9
141.2	905.6	1951.4	3157.7	4034.7
0.0	670.1	1892.4	3153.0	4034.8
187.5	781.3	1919.2	2948.3	3996.3
116.5	1126.5	1991.9	3006.2	4049.6
71.9	1053.7	1957.4	3125.7	4012.6
128.9	839.4	1592.1	3049.5	4064.1
0.0	866.6	1676.7	3033.9	4150.7
140.3	793.6	1822.5	3043.1	4250.1
142.6	854.7	1986.1	3113.9	4292.5
0.0	995.3	2215.4	3278.8	4290.6
