0.0	0.0	0.0	0.0	0.0
0.0	0.0	0.0	0.0	0.0
0.0	0.0	0.0	0.0	0.0
0.0	787.6	1722.6	2841.5	4218.3
0.0	827.9	1697.1	2858.0	4070.2
0.0	888.7	1784.6	2979.8	4145.4
0.0	753.6	1800.9	2961.3	4211.0
0.0	822.2	1846.1	3019.2	4225.1
0.0	886.8	2013.6	3120.2	4242.7
0.0	954.6	1862.3	3067.4	4175.3
0.0	1047.9	1979.8	3250.1	4333.4
0.0	1000.1	2047.7	3157.8	4287.3
0.0	971.2	1897.9	3068.1	4197.6
0.0	930.0	1977.9	3193.9	4331.9
0.0	929.9	2021.8	3208.2	4322.6
0.0	1106.7	2180.6	3172.4	4276.2
0.0	1049.5	2305.4	3338.9	4295.7
0.0	935.1	2345.2	3341.1	4209.0
0.0	860.5	2240.3	3202.0	4256.6
0.0	1252.6	2279.9	3281.9	4288.9
0.0	767.2	2157.9	3358.9	4284.6
0.0	743.2	2166.6	3068.4	4240.0
0.0	984.9	2501.4	3053.3	4236.4
0.0	1049.9	2363.4	2923.4	4180.9
0.0	1573.1	2449.2	3013.5	4241.7
0.0	462.5	2007.8	2921.7	4125.5
0.0	361.7	1939.9	2878.8	4070.5
196.5	364.4	1904.7	2917.4	4059.7
185.0	375.9	1792.5	2900.6	3967.6
192.7	788.2	1565.9	2792.7	3925.8
185.8	829.5	1525.3	2751.5	3878.0
181.7	835.7	1493.5	2633.6	3787.5
183.8	837.5	1447.4	2585.6	3806.4
183.7	835.0	1394.6	2634.7	3695.3
184.9	838.6	1381.1	2697.7	3588.1
186.5	818.1	1341.6	2816.8	3569.9
188.3	871.3	1364.0	2903.4	3593.2
191.2	901.9	1387.9	2917.1	3599.4
192.8	882.5	1379.3	2843.2	3575.2
193.5	863.2	1391.8	2768.7	3567.8
183.8	841.4	1350.6	2784.6	3532.9
316.3	806.2	1286.3	2804.5	3603.1
96.5	787.8	1289.0	2734.4	3625.9
74.1	739.1	1293.3	2698.5	3699.8
0.0	634.8	1038.0	2732.8	4050.6
0.0	592.9	1070.8	2770.3	4047.1
63.5	646.8	1383.0	2760.8	3881.0
128.9	725.1	2324.7	2865.6	3951.9
166.6	745.1	2434.9	3051.3	4169.1
178.7	710.9	2555.4	3224.9	4321.5
180.3	724.3	2614.6	3242.1	4239.1
179.8	692.8	1101.0	2808.8	3695.2
183.1	703.0	1148.4	2771.5	3741.5
184.3	740.6	1276.4	2742.3	3719.9
184.6	758.5	1374.3	2752.2	3725.9
182.9	786.0	1483.7	2736.1	3723.9
181.3	775.5	1544.3	2868.4	3866.2
180.7	359.5	1537.0	2910.4	4001.9
177.0	602.6	1460.3	2856.7	3986.8
184.3	725.5	1521.0	2860.3	3957.9
184.2	798.4	1578.4	2918.7	3862.8
183.1	818.3	1589.0	2767.0	3758.5
184.1	828.3	1573.6	2626.6	3757.3
186.1	840.1	1564.9	2616.2	3792.7
186.6	835.7	1510.7	2685.7	3826.3
188.9	878.3	1500.0	2688.0	3669.9
189.5	832.4	1461.0	2727.6	3595.9
192.0	858.4	1466.1	2751.4	3675.6
195.2	877.2	1516.5	2772.9	3678.1
196.0	867.8	1488.0	2753.1	3683.4
198.8	858.2	1469.5	2789.1	3679.3
201.6	848.7	1474.1	2815.2	3677.9
205.7	833.5	1456.9	2757.0	3643.0
209.2	802.6	1388.5	2706.9	3564.3
207.6	765.8	1256.2	2708.7	3554.6
206.8	739.3	1209.2	2727.7	3564.2
204.9	715.4	1107.4	2795.8	3516.2
202.0	681.4	1021.3	2817.7	3471.4
198.9	785.6	2650.9	3196.4	3922.2
192.9	647.6	1174.2	2889.3	3898.5
185.0	537.4	1079.9	2917.6	3937.0
184.3	509.4	1067.8	2848.2	3833.0
180.3	493.7	1112.8	2809.8	3834.7
177.5	515.0	1191.7	2764.7	3787.2
174.7	536.1	1314.4	2827.8	3799.3
169.1	531.4	1447.2	2845.4	3818.2
165.6	508.3	1497.8	2885.3	3893.2
161.9	485.7	1507.2	2905.4	3987.8
157.7	458.7	1550.0	2901.5	4076.8
155.4	468.5	1914.7	2987.0	4260.8
150.0	432.1	2308.4	3353.5	4419.0
74.5	1285.8	2683.3	3537.3	4450.2
158.6	1151.8	2711.4	3610.0	4492.1
157.4	1327.3	2540.1	3579.3	4666.2
160.2	950.3	2496.3	3499.2	4661.2
160.0	950.9	1909.9	2929.5	4182.2
166.7	546.2	1929.9	2813.6	4125.9
155.8	477.5	1885.8	2690.2	4045.9
154.1	465.9	1978.8	2614.6	4041.1
147.5	494.0	2153.2	2592.9	4198.4
146.5	452.9	2386.2	3067.8	4344.1
140.1	696.6	2395.0	3262.9	4243.0
71.1	718.6	2326.2	3339.2	4245.6
72.6	1001.6	2244.2	3200.8	4288.3
0.0	1049.4	2213.3	3242.5	4281.4
0.0	1052.9	2434.9	3210.9	4292.3
0.0	1124.3	2487.0	2999.8	4249.3
552.3	688.6	2617.1	3116.5	4280.3
506.3	661.4	2623.5	3240.9	4322.0
550.2	1203.1	2750.9	3269.8	4503.5
506.3	1239.2	2819.6	3372.2	4560.6
0.0	710.3	2520.5	3214.2	4364.0
397.7	752.8	2511.4	3258.0	4340.3
114.8	545.7	2565.8	3139.1	4196.3
0.0	524.4	2212.8	2814.8	3997.1
0.0	503.2	2190.2	2798.4	3931.9
158.1	502.5	2150.3	2799.1	3931.5
154.1	485.0	2113.1	2780.5	3918.7
150.5	495.5	2090.2	2740.9	3925.3
149.5	497.4	2082.6	2752.3	3919.8
149.8	496.1	2046.0	2740.2	3919.4
148.7	515.5	2024.1	2721.2	3910.1
147.1	534.0	1988.9	2734.7	3890.2
146.1	553.1	1952.2	2731.8	3907.5
146.0	558.9	1904.9	2709.7	3927.5
146.8	574.2	1876.7	2696.8	3890.9
145.9	571.9	1857.7	2745.8	3845.6
146.3	582.2	1827.5	2762.7	3863.2
145.4	603.3	1790.7	2758.2	3903.4
145.6	599.5	1762.9	2777.5	3834.3
146.5	602.4	1786.4	2754.7	3861.8
147.8	588.8	1776.4	2753.8	3863.5
149.2	574.5	1746.0	2742.3	3869.9
148.9	517.1	1710.6	2752.8	3917.7
150.2	468.9	1674.6	2774.2	3927.5
150.8	370.7	1707.3	2853.7	4005.7
152.0	344.2	2003.7	3081.3	4105.7
73.4	769.3	2275.4	3231.6	4152.6
83.0	1159.7	2318.7	3187.3	4165.0
0.0	812.2	2070.5	3024.9	4157.6
0.0	783.1	2211.7	3278.4	4194.6
0.0	643.4	1840.7	3191.5	4051.8
0.0	637.8	1768.1	2936.1	3968.5
96.8	788.4	1772.0	2822.8	3929.4
162.8	748.8	1759.3	2845.4	3909.4
153.1	788.2	1760.3	2911.0	3864.5
83.3	824.3	1802.9	2903.7	3883.6
137.9	815.2	1776.2	2840.4	3914.3
0.0	807.4	1658.3	2742.3	3875.7
148.3	847.8	1656.7	2796.3	3904.0
141.7	838.7	1642.5	2804.5	3928.0
94.6	864.6	1672.0	2670.8	3802.8
