0.0	0.0	0.0	0.0	0.0
0.0	0.0	0.0	0.0	0.0
0.0	0.0	0.0	0.0	0.0
0.0	1027.2	1816.4	3081.0	4185.6
0.0	1017.7	1857.3	3078.1	4084.3
0.0	766.8	1911.2	3062.8	4149.9
0.0	806.0	1900.6	3068.1	4123.1
0.0	900.9	1972.8	3056.6	4130.3
0.0	832.0	2052.8	3204.5	4388.2
0.0	975.2	2129.5	3223.7	4422.8
0.0	1004.0	2193.9	3217.8	4333.4
0.0	982.5	2232.2	3360.2	4257.7
0.0	959.2	2182.1	3330.7	4246.6
0.0	764.1	2086.8	3236.7	4229.1
0.0	719.9	2008.5	3221.5	4291.8
0.0	1083.6	2014.1	3127.8	4189.8
0.0	575.5	1997.0	3093.2	4125.4
0.0	592.9	1821.7	3038.6	4308.4
0.0	548.5	1769.1	2979.7	4414.9
0.0	518.5	1785.4	2860.0	4403.0
141.1	533.4	1766.4	2824.5	4357.4
172.6	482.1	1712.8	2783.6	4347.8
170.3	402.5	1656.9	2828.7	4332.4
166.3	441.8	1682.2	2994.0	4267.5
81.6	413.2	2034.8	3095.7	4297.3
157.2	482.9	2197.7	3262.1	4288.2
80.5	1450.1	2241.5	3353.3	4194.2
188.3	1163.5	1574.6	3144.4	4133.3
0.0	965.0	1595.6	3154.0	4193.6
0.0	612.0	1574.3	2888.2	4139.4
0.0	571.4	1520.1	2695.4	4036.1
185.4	655.2	1482.4	2647.9	3982.2
187.6	723.6	1372.2	2571.4	3954.6
187.4	746.4	1308.4	2531.3	4015.9
187.5	761.2	1290.9	2529.2	4054.1
187.6	765.9	1223.2	2546.0	4003.7
188.9	770.7	1151.5	2586.4	3984.6
191.0	770.4	1156.7	2611.8	3961.3
194.5	793.9	1166.8	2665.3	3900.3
197.1	783.3	1101.2	2696.5	3873.2
201.1	744.5	1099.8	2713.5	3857.3
207.1	732.4	1108.8	2730.0	3851.6
211.9	827.3	1742.7	2751.8	3874.1
213.1	969.2	2109.1	3102.9	4008.3
102.6	951.6	2222.9	3201.6	4174.4
68.2	1060.2	2261.0	3108.9	4190.6
70.5	954.5	2357.6	3167.3	4127.6
129.3	773.0	2244.9	3136.2	4191.0
0.0	844.2	2166.7	2957.7	4257.6
0.0	624.3	1864.8	2767.7	4082.2
0.0	581.5	1897.2	2755.6	3897.5
244.8	582.6	2066.0	2794.9	4025.7
236.2	574.1	2089.5	2772.5	4075.3
231.0	567.7	2117.0	2717.9	4271.1
226.4	587.0	2203.8	2736.2	4489.5
223.7	597.5	2084.3	2731.0	4521.5
227.1	576.4	2056.5	2757.7	4540.4
225.8	466.1	2241.2	2773.6	4585.5
223.0	419.3	2240.1	2733.4	4498.2
221.9	1048.5	2109.2	2955.6	4201.4
215.7	834.7	2230.2	3291.2	4151.1
106.0	879.1	2267.0	3354.0	4251.8
70.0	1022.3	2216.0	3282.5	4366.7
0.0	1013.4	2312.4	3372.1	4360.7
103.2	947.3	2112.8	3239.0	4271.3
0.0	855.5	2037.0	3160.6	4243.1
494.2	1165.5	2168.7	3128.0	4194.6
560.2	1150.3	1986.3	2885.8	4082.7
201.0	662.6	1287.2	2221.1	4063.2
255.3	661.5	1248.0	2181.1	4043.7
214.0	693.3	1250.1	2195.4	4028.7
204.8	733.9	1261.4	2179.7	4005.0
198.6	752.9	1261.9	2181.6	4000.3
195.1	763.7	1263.5	2196.3	3990.6
194.3	771.5	1272.5	2251.5	3991.9
193.6	775.2	1271.5	2313.0	3991.7
195.0	770.1	1259.4	2347.6	3984.7
194.4	757.5	1262.1	2415.9	4016.3
193.4	747.8	1268.2	2483.0	4027.7
192.7	731.4	1265.8	2536.9	4069.5
192.3	670.1	1240.1	2591.7	4115.1
192.4	587.6	1256.2	2650.5	4183.4
191.6	526.8	1270.0	2668.8	4183.0
187.1	496.8	1272.2	2714.8	4176.7
90.2	463.3	1309.3	2659.4	4231.0
174.8	540.7	1434.1	2680.1	4241.8
177.2	579.2	1484.2	2737.5	4228.1
185.2	568.0	1509.7	2693.6	4202.3
189.6	565.7	1563.9	2651.5	4133.8
187.5	578.9	1571.6	2629.8	4102.2
187.9	604.1	1595.8	2615.7	4120.0
187.2	605.7	1638.6	2650.5	4266.1
186.9	435.2	1663.0	2664.5	4218.0
186.4	417.7	1659.5	2651.6	4193.5
186.0	414.0	1675.0	2659.4	4203.5
187.1	401.8	1676.5	2761.7	4274.1
189.8	417.4	1658.6	2800.5	4222.9
192.2	403.9	1651.1	2688.1	4162.2
193.9	398.3	2070.6	3206.3	4148.2
195.5	485.3	2585.5	3737.2	4248.8
191.3	379.4	2657.0	3799.0	4243.6
185.4	1056.0	2673.9	3769.7	4163.3
182.1	1280.0	2645.0	3761.1	4093.9
181.8	935.9	2755.0	3598.3	3967.0
171.4	852.9	2575.7	3399.3	4001.9
173.9	1103.5	2474.5	3320.6	4115.5
173.9	958.1	2312.4	3116.2	4152.9
174.0	1620.5	2356.1	3237.9	4238.7
176.3	1582.4	2229.9	3249.8	4212.5
178.7	1578.4	2056.5	3233.0	4185.8
175.7	1559.9	2027.2	3231.6	4135.6
169.1	1341.0	2111.5	3088.5	4214.6
167.0	1412.7	2264.5	3062.2	4196.8
166.8	727.5	1892.9	2907.1	4062.9
165.9	514.3	1826.8	2895.0	4077.5
170.5	422.9	1769.4	2945.9	4122.6
174.3	549.9	1524.7	2551.7	3919.5
179.1	451.7	1085.1	2095.3	3598.6
180.1	425.4	1003.3	2094.3	3571.4
185.3	463.1	1007.5	2125.5	3625.4
185.8	631.2	2068.7	3282.0	3953.0
186.0	669.2	2152.0	3355.1	4053.9
186.0	674.9	2137.3	3461.5	3995.6
185.4	696.4	2366.0	3942.6	4051.0
186.7	717.0	2471.2	3887.5	4290.2
186.5	717.3	2562.9	3872.7	4248.2
187.2	736.7	2667.9	3811.7	4105.3
186.7	713.1	2709.4	3788.4	4142.8
187.7	718.5	2780.2	3784.7	4182.7
188.6	725.4	2846.5	3818.1	4236.2
191.6	682.1	2890.3	3782.9	4225.6
193.9	674.3	2836.0	3754.6	4165.5
195.4	603.6	2423.3	3110.8	4166.8
193.7	557.7	2288.0	3121.5	4216.3
186.8	445.4	1730.4	3048.8	4190.1
91.6	1121.3	2396.5	3463.5	4350.3
179.6	448.5	1474.4	3071.0	4200.1
181.8	464.0	1509.9	2951.2	4259.1
182.6	436.4	1583.1	2790.9	4311.9
186.2	459.8	1661.1	2767.1	4231.0
181.6	503.4	1730.0	2787.1	4153.4
177.1	528.8	1758.7	2807.6	4113.1
173.3	546.5	1776.2	2852.7	4184.1
170.7	451.4	1808.9	2786.5	4231.6
165.4	474.0	1829.7	2675.6	4249.7
170.4	467.5	1769.6	2711.2	4259.9
175.0	511.1	1911.3	2768.3	4325.6
178.9	608.7	1997.2	2775.9	4253.3
182.0	599.0	1953.0	2828.4	3972.6
181.0	717.9	1987.4	3029.3	3938.6
184.2	764.9	2027.7	3063.7	3928.8
177.1	685.8	2071.5	3007.7	3888.2
172.6	751.0	2096.8	3029.0	3911.8
175.0	614.8	2079.9	3052.1	4025.9
183.2	634.2	2083.9	3125.7	4073.5
193.9	587.2	2055.8	2970.7	4082.8
198.9	512.6	2008.2	2887.2	4151.6
200.8	471.9	1974.3	2836.3	4224.7
199.0	463.6	1949.8	2809.0	4246.3
196.9	419.7	1902.7	2827.4	4289.0
195.9	459.6	1918.8	3198.2	4338.2
192.2	613.5	2262.3	3686.2	4702.3
93.3	974.4	2549.2	3748.7	4808.0
88.9	1016.3	2509.9	3723.8	4773.8
153.8	1291.9	2473.7	3850.2	4893.1
0.0	1365.8	2484.9	3830.7	4847.1
292.7	956.7	2553.6	3950.7	4625.8
0.0	864.6	2507.5	3968.2	4362.5
0.0	1163.2	2394.7	3731.0	4281.7
0.0	1106.9	2484.2	3558.7	4208.1
0.0	1050.4	2515.3	3494.1	4173.2
0.0	1062.4	2565.7	3665.4	4226.5
0.0	929.9	2558.2	3736.5	4164.1
309.8	846.9	2392.5	3741.5	4140.8
0.0	671.1	1871.9	2641.8	3998.6
0.0	546.4	1876.7	2622.9	3992.0
0.0	575.1	1914.4	2652.4	3923.0
188.0	553.2	1997.2	2694.5	3905.8
183.6	549.2	2038.3	2730.9	3949.4
182.6	544.6	2067.2	2734.5	4006.3
179.3	559.4	2118.6	2760.8	4009.8
177.5	558.7	2134.4	2782.9	4039.9
177.4	533.5	2152.5	2781.5	4068.9
176.9	541.9	2165.7	2755.9	3997.6
175.7	530.7	2140.3	2712.8	4023.3
173.6	565.4	2079.9	2687.9	4038.4
173.2	544.6	1957.4	2444.2	3907.7
173.2	547.9	1804.5	2399.5	3850.5
171.4	542.8	1634.9	2314.9	3737.1
167.3	538.0	1529.2	2200.6	3688.6
162.2	465.3	1461.5	2153.0	3574.2
156.1	441.5	1398.9	2117.0	3688.0
153.9	476.6	1414.3	2096.9	3988.9
149.8	532.0	1360.3	1970.9	4070.6
151.3	524.4	1386.4	1985.6	4112.4
151.3	502.8	1365.0	1856.4	4305.9
152.6	492.4	1376.1	1867.2	4297.9
152.2	507.2	1386.9	1835.2	4292.4
153.4	548.7	1427.4	1908.5	4304.0
155.0	623.3	1383.1	1801.8	4279.1
154.6	693.1	1397.7	1748.0	4286.3
156.5	707.5	1433.5	1783.0	4260.3
156.8	652.5	1364.8	1833.1	4247.5
159.6	719.6	1609.5	2809.2	4229.1
161.3	786.3	1695.3	3111.4	4424.8
161.9	843.8	1702.0	3228.7	4378.9
166.3	1142.9	1706.8	3516.9	4382.9
163.7	1069.6	1690.8	3354.7	4462.9
155.7	999.1	1690.7	3046.6	4498.6
153.3	968.5	1713.6	3438.3	4594.7
77.8	1013.9	1777.0	3512.9	4627.7
169.5	970.8	1783.6	3217.5	4630.1
184.6	1055.3	1767.5	3153.3	4280.6
0.0	1059.7	1776.8	3284.5	4204.3
271.0	1040.4	1745.5	3232.9	4287.8
130.4	1020.4	1777.0	3258.8	4328.1
0.0	1010.8	1800.0	3212.1	4334.5
