0.0	0.0	0.0	0.0	0.0
0.0	0.0	0.0	0.0	0.0
0.0	0.0	0.0	0.0	0.0
0.0	762.8	1754.8	3311.8	4449.3
0.0	951.3	1957.9	3254.9	4158.1
0.0	925.6	1984.9	3147.0	4063.9
0.0	794.9	1902.7	3149.3	4074.9
0.0	648.6	1851.9	3022.0	4016.0
144.6	862.0	1882.9	3004.1	4197.0
0.0	905.3	2136.4	3199.4	4353.8
0.0	827.3	2054.6	3102.0	4314.8
0.0	1028.1	2143.4	3182.4	4254.5
0.0	1132.1	2420.5	3331.8	4266.9
0.0	768.6	2115.1	3219.0	4226.3
0.0	902.1	2157.4	3174.1	4282.7
0.0	899.9	2153.1	3097.7	4288.5
0.0	911.6	2223.9	3170.9	4341.8
0.0	1031.9	2277.6	3133.8	4256.4
0.0	1089.3	2181.2	3128.2	4191.1
0.0	779.1	1911.6	3198.8	4290.2
0.0	1033.5	1886.8	3224.4	4336.8
0.0	966.7	2023.6	3084.1	4328.9
0.0	1131.3	2007.3	2977.2	4327.9
195.2	844.4	1951.9	2857.3	4263.3
0.0	458.7	1936.4	2847.2	4369.4
0.0	437.0	1939.0	2857.2	4395.4
191.8	451.0	1946.4	2862.1	4399.6
224.8	475.9	1959.0	2857.1	4476.1
242.5	544.6	1978.6	2853.0	4475.1
261.1	597.7	1927.1	2884.9	4518.6
269.9	548.1	2055.8	3152.4	4500.8
267.6	979.0	2337.4	3474.9	4486.3
89.0	1177.1	2482.4	3727.3	4619.4
65.6	733.8	2331.7	3626.8	4716.5
63.9	1217.8	2503.4	3515.8	4688.4
0.0	1204.7	2691.6	3662.7	4870.3
0.0	1142.5	2798.2	3938.4	4962.4
444.4	1261.5	2751.2	3974.9	4528.1
0.0	1155.6	2436.0	3676.9	4178.2
0.0	1280.1	2420.1	3405.6	4252.7
0.0	1330.1	2431.2	3342.7	4248.5
0.0	982.9	2276.8	3270.9	4223.3
0.0	1013.7	2239.7	3208.8	4234.0
0.0	952.0	2111.3	3231.4	4261.4
0.0	1049.5	2185.7	3325.9	4336.2
0.0	1056.7	2222.7	3232.2	4367.3
0.0	1047.6	2062.5	3072.8	4277.0
0.0	567.0	1619.0	2994.6	4196.5
0.0	518.4	1309.7	1904.4	3784.8
212.4	512.2	1317.1	1896.1	3622.2
212.1	518.3	1352.2	1906.8	3548.3
214.1	534.6	1399.5	1909.1	3553.1
217.5	546.0	1447.6	1976.7	3582.3
221.5	546.7	1511.3	2076.6	3728.2
225.9	545.5	1576.3	2168.8	4017.1
233.0	512.4	1668.0	2324.8	4243.7
240.6	480.6	1723.9	2597.6	4254.7
242.2	510.6	1840.9	2727.0	4305.8
235.6	531.0	2502.3	3299.1	4347.6
117.2	1087.1	2537.3	3461.2	4404.4
77.5	1140.6	2531.7	3354.5	4344.1
71.4	1198.6	2597.7	3364.6	4376.2
82.1	1213.8	2565.3	3325.5	4352.1
0.0	1238.9	2437.2	3336.7	4379.4
545.5	1009.4	2269.2	3305.4	4352.4
0.0	1176.1	2147.4	3385.8	4347.8
0.0	1205.5	2215.1	3209.8	4378.4
0.0	1087.5	2153.7	3064.5	4409.6
0.0	941.1	2149.5	3140.0	4400.2
97.6	513.7	2209.2	3270.6	4501.0
0.0	520.7	1764.6	2758.6	4405.7
0.0	568.9	1071.0	2719.8	4119.8
190.3	615.4	1116.4	2864.2	3952.5
180.8	710.0	1236.1	2954.2	3950.7
176.1	767.4	1348.9	2978.1	3905.0
172.1	771.7	1492.6	2976.1	4040.0
170.5	762.3	1630.5	3003.0	4137.0
168.0	700.6	1757.8	2988.5	4032.2
166.3	593.8	1896.3	2939.7	4020.7
165.7	531.7	2023.8	2929.0	3973.3
166.7	521.9	2197.5	2904.3	4006.9
169.2	513.9	2218.4	2844.2	4072.5
172.8	548.1	2161.8	2773.5	4295.8
173.4	582.0	2163.8	2719.0	4521.6
175.6	571.6	2179.7	2725.9	4611.5
176.4	524.9	2111.9	2761.3	4679.2
172.9	561.6	2197.4	2842.8	4607.0
171.3	692.1	2269.4	3175.9	4498.3
168.9	756.1	2035.0	3082.1	4464.5
89.8	923.7	1863.4	3235.6	4329.3
489.8	1081.4	2103.9	3382.6	4330.3
458.4	938.1	2302.8	3305.4	4426.0
0.0	1173.0	2259.1	3327.0	4487.0
0.0	1152.7	2027.6	3446.9	4468.8
240.0	901.9	1993.1	3445.9	4375.4
0.0	1064.3	2143.4	3369.7	4259.6
0.0	1183.9	2236.5	3457.4	4302.9
0.0	1464.0	2408.7	3408.3	4415.9
0.0	1300.3	2469.8	3426.8	4562.2
134.8	1195.0	2548.1	3484.8	4652.8
333.3	1203.9	2565.5	3533.4	4583.6
0.0	959.6	2522.2	3600.1	4613.2
0.0	1325.3	2481.9	3569.4	4823.1
0.0	1046.9	2445.4	3565.8	4628.9
0.0	820.7	2362.8	3637.5	4591.7
0.0	736.8	2294.6	3615.6	4552.2
83.9	763.2	2191.7	3406.0	4359.6
0.0	406.6	2214.0	2733.1	4358.9
234.4	417.6	2267.4	2704.7	4284.2
212.2	425.2	2273.7	2702.7	4181.2
207.8	441.4	2271.1	2704.7	4109.8
205.6	445.0	2239.8	2679.2	4046.1
204.4	437.4	2191.8	2754.5	3969.4
203.9	432.9	2158.5	2927.2	4038.4
204.1	432.4	2178.1	2666.0	4181.7
202.2	421.9	2162.3	2473.8	4191.1
204.4	458.8	2187.6	2494.7	4234.3
206.5	510.7	1929.9	2492.2	4324.5
211.1	541.6	1808.9	2502.2	4385.4
214.5	557.2	1904.8	2513.9	4284.1
216.6	523.0	2095.2	3302.5	4468.5
213.5	564.6	2218.8	3687.5	4733.3
106.3	749.6	2249.9	3633.3	4814.6
71.2	1205.4	2267.3	3697.3	4868.1
71.4	1310.7	2517.0	3652.0	4776.5
0.0	1261.7	2796.1	3767.0	4862.2
500.0	1252.6	2668.2	3712.2	4871.8
83.9	1159.0	2654.7	3791.4	4777.7
0.0	1242.7	2686.4	3829.9	4714.0
0.0	1059.3	2667.3	3767.1	4576.6
0.0	1299.6	2454.4	3611.3	4432.7
0.0	1214.4	2645.0	3756.3	4336.5
0.0	1162.2	2804.4	3729.0	4272.9
0.0	632.6	2187.9	3358.8	4151.0
0.0	501.8	1899.5	2879.4	4070.5
237.1	422.3	1759.5	2660.7	3812.9
206.5	375.3	1769.4	2765.7	3867.6
93.2	424.2	1861.2	3036.6	4184.3
183.1	410.8	1713.4	2962.6	4187.5
180.2	731.9	1899.9	3010.0	4077.5
178.2	414.4	1943.8	2715.2	3784.2
192.3	398.7	2058.6	2583.1	3677.5
203.2	403.2	2219.9	2718.9	3877.6
203.3	406.6	2342.3	2773.4	3932.9
201.6	399.9	2398.2	2828.2	3930.6
200.2	402.3	2373.8	2841.2	3964.3
199.8	414.5	2346.0	2896.1	4033.6
199.3	423.2	2327.4	3343.5	4222.8
194.4	591.5	2231.3	3355.1	4351.4
91.4	761.3	2263.0	3377.0	4375.4
64.2	830.4	2146.4	3264.0	4289.3
0.0	969.0	2184.1	3372.1	4463.8
0.0	1269.5	2593.2	3700.5	4635.2
220.0	1451.7	2792.5	3854.5	4853.8
0.0	1040.6	2629.5	3794.6	4872.0
0.0	681.0	2237.9	3395.6	4410.2
0.0	683.7	2150.6	3127.6	4200.6
0.0	749.6	2109.2	2898.6	4141.4
0.0	557.0	2071.1	2744.9	4114.8
0.0	477.1	1990.3	2651.1	4048.3
234.0	463.2	1900.6	2572.8	3931.1
214.1	454.7	1778.8	2450.3	3810.6
206.2	472.1	1696.8	2443.5	3770.2
198.4	429.3	2002.1	2937.5	4062.9
92.7	285.0	2199.0	3190.9	4177.6
63.5	747.2	2107.2	3239.9	4277.2
105.0	784.1	2177.8	3287.5	4300.4
73.9	882.4	2048.2	3210.2	4232.6
0.0	809.7	2027.0	3108.8	4182.6
0.0	816.3	2128.9	3103.2	4011.0
0.0	704.1	1587.0	2615.7	3992.3
0.0	587.4	1475.1	2506.5	4034.7
191.6	561.3	1433.2	2488.5	4109.8
178.7	541.7	1358.0	2506.7	4192.3
170.7	515.8	1302.9	2790.7	4300.1
167.5	502.7	1342.1	3207.5	4333.8
79.3	678.1	2275.4	3322.7	4347.5
83.1	919.1	2338.8	3192.8	4288.0
0.0	1158.0	2359.6	3255.7	4262.3
0.0	986.6	1482.5	3075.0	4270.6
0.0	811.6	1240.5	2892.1	4294.6
178.2	725.5	1216.7	3059.3	4289.8
273.0	715.0	1285.0	2845.8	4145.3
288.7	669.4	1201.0	2503.8	4008.9
0.0	623.2	1092.9	2441.3	4037.1
0.0	645.5	1098.8	2492.3	4024.7
152.0	635.5	1045.0	2611.8	3885.7
154.1	718.8	1049.2	2769.4	3808.5
153.2	774.0	1129.9	2947.2	3763.0
153.4	768.6	1320.1	3063.8	3749.2
154.0	776.5	1952.2	3191.9	3781.3
154.0	766.6	1970.8	3284.5	3890.6
155.0	777.9	2089.7	3488.4	4021.6
153.1	790.9	2036.1	3555.6	4063.7
153.6	790.2	1976.2	3612.5	4205.6
155.8	776.1	1942.2	3639.1	4277.5
151.1	798.2	1862.8	3569.1	4173.8
146.4	787.0	1861.8	3454.5	4249.4
146.8	776.0	1840.5	3458.9	4318.3
72.8	771.0	1876.5	3477.1	4353.3
152.4	771.6	2010.8	3539.2	4316.7
160.3	774.8	1980.3	3577.6	4112.9
0.0	716.9	1916.3	3505.8	4170.5
