0.0	0.0	0.0	0.0	0.0
0.0	0.0	0.0	0.0	0.0
0.0	0.0	0.0	0.0	0.0
0.0	993.2	2001.6	3033.3	4252.8
0.0	918.8	2030.8	3050.6	4184.6
485.5	890.4	2162.5	3118.7	4241.5
118.3	883.6	2269.8	3293.6	4265.8
0.0	842.1	2163.4	3227.1	4247.6
0.0	911.2	2046.4	3234.7	4200.8
0.0	597.3	2023.0	3155.8	4297.4
0.0	753.4	2183.3	3164.1	4348.2
0.0	824.4	2201.6	3252.2	4355.5
0.0	977.0	2212.9	3303.8	4263.9
0.0	940.1	2012.8	3270.5	4206.6
0.0	998.9	2034.1	3265.8	4232.7
0.0	1086.3	2241.6	3202.3	4206.4
0.0	559.9	2098.3	3158.9	4123.7
0.0	813.4	1994.1	3291.9	4113.3
0.0	754.2	1910.1	3025.8	4062.8
0.0	846.8	1796.7	2986.4	4038.8
0.0	975.1	1758.2	2931.6	4000.2
0.0	1023.5	1753.6	2786.0	3951.5
0.0	815.4	1654.7	2708.1	3846.5
0.0	786.1	1397.7	2502.8	3837.3
244.9	769.9	1287.1	2510.5	3788.8
232.8	762.6	1313.3	2481.1	3787.7
226.7	774.1	1315.8	2494.9	3756.9
223.6	790.3	1308.2	2531.1	3553.9
219.8	797.5	1293.4	2549.9	3484.7
220.3	798.0	1299.2	2542.6	3493.4
220.3	791.7	1288.0	2547.2	3523.0
219.1	779.4	1269.4	2531.1	3676.9
220.5	775.7	1245.9	2552.6	3862.2
218.9	764.3	1213.0	2566.7	3957.0
220.3	756.5	1219.5	2562.0	4004.8
222.3	683.0	1175.4	2772.0	4027.4
226.2	668.3	1224.8	2895.9	4044.0
227.9	636.1	1634.3	3028.4	4168.0
226.6	813.6	2280.9	3385.5	4284.4
112.9	1072.0	2554.6	3746.1	4406.4
73.7	1312.1	2548.9	3838.8	4557.4
88.9	1143.9	2446.3	3800.3	4843.2
68.2	1155.2	2581.2	3704.7	4912.1
0.0	1211.7	2612.7	3705.6	4852.4
78.4	1400.2	2716.2	3778.7	4905.1
0.0	1245.8	2577.0	3687.6	4657.3
0.0	1005.7	2462.0	3414.9	4400.1
0.0	770.2	2108.5	3027.6	4256.3
0.0	493.1	1585.2	2924.8	4096.5
0.0	487.2	1541.8	2904.1	4063.9
117.2	470.0	1575.2	2894.0	4061.6
228.3	456.0	1582.7	2876.3	4055.1
226.0	444.0	1582.4	2851.8	4072.2
226.2	404.0	1573.1	2819.1	4082.0
227.6	475.7	1621.2	2802.6	4072.2
70.9	482.4	1865.6	2855.3	4116.6
207.3	510.5	2128.2	3138.9	4241.7
206.5	503.9	2036.7	3309.6	4261.6
204.7	535.6	2101.9	3189.5	4254.6
204.6	738.2	2104.5	3146.8	4183.4
200.5	499.9	1634.6	2834.8	4102.3
218.0	576.9	1641.0	2791.8	4012.6
215.2	659.9	1630.6	2812.1	3941.6
211.4	697.9	1594.9	2793.4	3887.9
211.6	747.4	1526.7	2688.4	3786.1
210.7	770.7	1475.3	2614.9	3772.4
210.1	787.1	1465.7	2598.4	3741.9
209.1	784.4	1457.7	2615.7	3675.0
208.5	788.6	1466.5	2628.5	3672.0
209.4	788.4	1459.3	2621.7	3705.1
209.8	793.7	1474.5	2615.5	3730.4
209.8	805.8	1457.9	2626.1	3721.8
210.0	797.9	1424.7	2587.4	3735.1
210.7	790.8	1403.0	2605.7	3722.1
210.0	799.3	1403.5	2620.4	3727.0
209.1	793.5	1366.6	2631.7	3730.0
209.4	789.5	1346.7	2605.6	3692.0
208.8	787.7	1351.6	2580.0	3656.8
208.5	782.4	1316.8	2605.7	3628.2
210.1	783.3	1336.4	2599.1	3618.6
210.0	779.2	1357.7	2566.2	3584.7
211.5	756.9	1393.8	2530.8	3618.5
211.1	771.5	1441.4	2529.6	3692.9
210.5	748.7	1493.1	2546.8	3662.3
210.4	743.9	1544.2	2576.6	3711.1
208.6	740.7	1607.4	2599.2	3738.6
206.7	728.4	1647.1	2584.5	3711.9
204.7	711.1	1659.2	2573.5	3729.2
203.2	694.8	1675.7	2545.1	3709.0
202.7	671.4	1690.9	2541.1	3766.1
202.3	637.8	1702.5	2558.8	3886.7
200.8	607.3	1708.2	2596.4	4006.0
198.9	653.9	1711.0	2613.0	4046.7
196.3	673.1	1669.0	2590.9	4053.8
194.3	628.4	1486.1	2625.5	4087.1
193.1	604.7	1403.3	2641.0	4020.7
196.9	562.1	1336.7	2642.3	3990.9
198.3	504.6	1184.3	2600.8	3999.5
197.8	483.6	1149.2	2596.9	4045.6
198.6	457.3	1266.0	2618.9	4104.0
200.0	524.1	2521.5	2850.3	4190.2
201.8	593.3	2442.2	3081.6	4256.3
206.4	955.2	2202.6	3212.2	4238.4
73.7	910.1	2258.5	3466.3	4566.0
0.0	960.7	2497.1	3678.8	4661.3
0.0	866.6	2539.4	3501.1	4401.3
135.9	868.7	1806.3	2762.5	4013.0
0.0	865.7	1751.3	2758.3	4053.3
78.9	944.7	1797.8	2821.0	4043.0
0.0	591.8	1538.4	2815.3	4090.6
237.8	539.4	1268.2	2791.1	4007.0
212.4	612.1	1214.0	2750.1	3843.6
204.1	638.5	1175.0	2825.2	3885.3
199.7	613.0	1121.4	2743.6	3884.4
197.0	601.2	1012.5	2647.5	3884.2
196.2	589.6	960.4	2576.6	3889.2
195.6	590.4	992.8	2580.1	3888.6
195.6	678.4	1553.1	2592.9	3937.2
196.6	673.9	1581.9	2600.2	3926.9
195.9	668.7	2266.0	3624.9	3974.3
194.6	672.5	2192.3	3658.7	3936.3
192.2	619.3	1114.7	2470.3	3812.7
192.3	588.4	1219.2	2436.6	3799.6
191.5	562.3	1280.4	2419.8	3810.2
190.4	562.5	1320.7	2434.4	3802.2
187.4	566.8	1348.8	2439.1	3833.2
186.0	548.5	1409.4	2449.3	3830.9
184.0	509.5	1541.4	2447.8	3823.5
91.8	498.0	2390.5	3277.7	4151.5
67.9	705.1	2361.9	2717.6	4186.8
69.0	574.2	1671.4	2557.4	4016.4
215.7	592.6	1611.5	2526.6	3843.3
205.6	621.9	1630.0	2610.6	3791.7
191.0	629.6	1715.6	2748.2	3876.8
190.1	663.5	1803.6	2787.4	3923.5
189.2	661.8	1865.3	2791.4	3966.0
189.0	639.6	1924.8	2783.3	4021.0
191.3	627.3	1968.8	2790.5	3964.5
191.3	590.7	2007.2	2775.7	3927.2
191.9	608.4	2043.4	2744.5	4054.8
192.4	606.7	2083.1	2720.1	3911.7
192.4	604.2	2108.5	2720.1	3779.8
193.5	627.1	2131.2	2698.7	3812.7
194.7	573.9	2132.4	2690.8	3842.2
194.9	471.1	2119.6	2722.8	3863.8
195.4	410.6	2101.5	2747.8	3900.5
198.1	403.6	2087.9	2756.5	3961.9
202.6	413.6	2433.0	3665.3	4436.7
202.0	468.3	2475.5	3787.8	4637.2
203.8	1184.0	2601.2	3853.9	4837.5
203.4	1206.9	2641.4	3871.1	4825.2
76.9	863.4	2486.0	3911.8	4825.8
0.0	1069.3	2487.0	3841.0	4849.6
571.4	1233.7	2729.6	3922.1	4893.6
481.6	998.4	2720.1	3938.8	4879.6
218.2	864.0	2678.6	3890.6	4726.3
0.0	1082.5	2694.7	3846.7	4722.9
0.0	1189.6	2688.1	3857.6	4716.2
0.0	669.3	2635.1	3710.1	4725.7
0.0	444.0	1577.5	2720.3	3785.8
0.0	482.2	1479.8	2757.4	3630.6
196.5	427.6	1847.3	3143.1	4202.2
96.3	346.0	1864.7	3034.8	4107.0
65.4	1096.7	2240.9	3113.4	4175.5
215.1	1107.0	2334.0	3253.8	4272.4
73.1	1097.2	2241.5	3290.0	4366.3
0.0	1143.7	2089.2	3290.0	4381.4
0.0	1066.3	2198.6	3265.5	4335.7
0.0	1152.9	2119.8	3257.7	4367.8
0.0	939.5	2088.4	3114.5	4029.9
347.7	741.4	1842.7	2417.1	3621.7
0.0	777.0	1839.7	2472.2	3697.4
0.0	460.9	1704.6	2425.4	3643.6
212.8	468.5	1729.7	2359.3	3545.3
200.8	475.3	1774.8	2391.0	3503.2
196.2	491.5	1781.5	2421.8	3522.9
192.4	486.2	1816.9	2429.7	3552.0
190.9	472.9	1866.0	2440.8	3570.1
191.9	462.8	1874.6	2417.8	3576.6
190.3	458.8	1895.0	2410.1	3578.2
190.1	462.0	1913.1	2366.0	3589.4
189.1	450.8	1900.8	2279.8	3595.9
189.8	436.3	1890.4	2255.3	3612.4
190.0	432.5	1902.8	2252.0	3612.2
190.0	436.1	1900.2	2291.0	3682.4
190.0	438.3	1880.6	2348.7	3749.6
190.4	450.5	1881.3	3248.2	4086.0
189.8	463.9	1872.7	3199.4	4029.9
189.5	480.9	1796.0	2075.5	3595.8
188.7	542.4	1722.3	2074.6	3550.5
188.8	572.5	1659.7	2036.7	3587.1
187.7	582.7	1624.0	2029.6	3653.1
187.8	566.9	1587.5	1983.7	3639.7
187.7	539.6	1591.1	1945.7	3729.2
188.3	493.2	1596.6	1979.7	3654.4
188.0	472.7	1611.3	2039.4	3646.1
189.5	468.5	1664.0	2791.0	4090.1
188.7	466.6	1684.2	2721.4	3953.8
189.8	462.9	1766.5	2897.9	3909.2
190.1	439.1	1766.3	2888.1	3820.6
193.4	402.7	1765.6	2656.1	3694.1
196.3	402.8	1942.6	2587.6	3725.6
200.3	413.4	2022.8	2652.1	3894.9
201.8	1556.8	2287.3	3123.5	4093.5
204.2	1597.3	2399.1	3226.9	4160.9
99.6	1165.4	2596.2	3286.7	4197.9
244.8	1420.5	2822.2	3435.8	4171.3
230.3	817.6	2779.4	3630.1	4319.5
120.0	652.6	2782.2	3879.1	4477.4
0.0	518.1	2710.6	3877.9	4692.5
0.0	1391.9	2709.9	3947.5	4918.8
96.8	1327.7	2766.7	3803.9	4816.5
0.0	1522.8	2804.3	3855.9	4730.5
0.0	605.6	2442.8	3780.6	4704.3
0.0	588.9	2462.4	3714.0	4767.6
0.0	1357.2	2531.9	3672.7	4821.2
93.8	1395.4	2489.5	3607.0	4711.7
177.0	1273.9	2119.6	3467.0	4533.6
0.0	716.2	1519.6	2932.7	4060.9
88.4	755.2	1442.7	2891.1	4092.3
92.2	1256.7	2334.6	3204.6	4253.6
225.8	1073.7	2213.2	3125.3	4277.3
0.0	1080.8	2081.2	3226.2	4319.6
144.7	1060.2	2254.5	3232.0	4360.2
242.4	1086.5	2418.8	3142.1	4297.9
0.0	1037.4	2336.9	3103.6	4124.0
0.0	970.0	2200.2	3310.0	4142.0
