0.0	0.0	0.0	0.0	0.0
0.0	0.0	0.0	0.0	0.0
0.0	0.0	0.0	0.0	0.0
0.0	869.4	2273.4	3329.2	4410.7
0.0	952.4	2302.4	3223.4	4256.9
0.0	1063.5	2319.4	3177.4	4217.6
0.0	922.3	2187.6	3139.2	4166.5
0.0	972.9	2150.7	3166.3	4215.8
0.0	1021.3	2212.8	3174.1	4200.0
0.0	910.6	2301.4	3313.6	4281.9
0.0	877.4	2118.9	3347.2	4279.6
0.0	872.7	2063.0	3225.8	4198.0
0.0	971.3	2218.9	3256.9	4253.7
0.0	860.4	2177.5	3269.8	4349.2
0.0	696.1	2140.1	3269.3	4390.5
0.0	790.2	2212.5	3242.8	4313.0
0.0	737.1	2309.6	3186.1	4331.8
148.4	738.8	2381.2	3197.8	4388.8
0.0	697.7	2359.4	3261.1	4436.1
0.0	668.0	2297.7	3250.7	4420.9
103.4	607.6	2283.8	3183.0	4434.6
0.0	492.6	2256.6	3105.6	4369.3
257.0	467.5	2123.7	2993.9	4281.4
237.0	445.6	2050.4	2915.0	4212.8
226.7	433.9	1976.7	2852.8	4054.3
221.0	436.1	1955.9	2895.8	3965.4
207.1	435.8	1968.1	3010.4	4126.7
199.3	467.5	2061.8	3204.9	4237.7
189.7	445.4	2088.9	3265.0	4249.9
188.1	432.3	2147.9	3341.4	4254.5
186.2	641.0	2253.7	3224.4	4260.8
189.7	479.1	2123.0	3204.2	4293.2
190.5	508.3	2005.5	3241.0	4237.6
190.5	565.5	2027.0	3135.7	4134.8
185.3	486.7	2071.8	3172.6	4184.5
192.1	802.4	1934.3	3115.8	4210.6
190.7	660.1	1882.8	3109.8	4281.0
192.9	839.7	2041.9	3178.9	4302.5
196.7	801.8	1925.5	3121.1	4203.9
201.9	526.7	1081.2	2829.4	4024.4
209.2	518.0	1009.1	2807.6	3892.5
213.9	537.2	1008.8	2838.1	3924.3
217.6	632.1	1101.4	2868.2	3897.9
219.0	637.1	1079.8	2843.2	3887.4
217.8	666.3	1084.1	2848.1	3914.3
218.5	680.1	1098.4	2802.7	3912.2
217.2	667.5	1191.6	2686.5	3910.4
215.6	649.3	1312.9	2618.7	3948.3
215.2	646.1	1428.8	2565.4	3969.1
215.9	642.7	1572.0	2455.4	4007.6
216.6	649.9	1723.9	2402.3	4003.4
217.2	627.8	1845.0	2420.0	4003.6
217.2	563.9	2073.0	2469.0	4020.7
218.3	508.5	2207.8	3010.6	4103.0
219.4	481.7	2241.6	3051.7	4243.1
221.8	494.0	2278.7	3008.6	4379.7
242.0	501.9	2277.2	3047.9	4370.8
245.4	827.0	2204.0	3283.7	4270.8
236.4	892.3	2200.0	3378.9	4280.7
78.9	1114.6	2191.2	3358.7	4361.6
193.5	1274.3	2267.1	3279.6	4376.3
176.5	1201.1	2334.3	3305.7	4317.5
112.1	1156.4	2373.4	3277.8	4185.4
240.0	1080.0	2231.4	3234.1	4245.8
0.0	1085.3	2183.0	3322.1	4383.5
0.0	1143.9	2422.8	3348.0	4246.0
0.0	1084.3	2392.5	3355.9	4213.7
184.9	1039.8	2356.2	3366.5	4268.0
90.2	1026.2	2351.6	3471.4	4286.5
545.5	973.7	2248.8	3321.2	4195.3
0.0	486.9	2199.2	3015.5	4176.7
289.8	466.6	2305.8	3005.8	4232.1
223.9	461.8	2392.2	3064.8	4251.0
222.8	511.4	2500.5	3175.1	4197.8
214.3	617.9	2578.5	3258.7	4167.7
210.7	684.5	2631.7	3292.9	4235.8
204.4	694.6	2650.4	3283.5	4255.9
203.9	706.9	2622.0	3209.3	4195.7
201.7	719.5	2558.0	3195.2	4095.8
199.1	712.4	2518.2	3149.0	4069.1
197.2	758.6	2365.7	2901.6	4311.0
193.6	786.5	2279.1	2815.3	4477.2
191.4	804.3	2447.1	2824.4	4422.4
187.7	613.2	1009.8	2743.6	4355.3
188.7	784.9	2499.4	2852.3	4566.3
187.8	752.0	2104.4	2823.8	4337.0
188.5	717.0	2194.9	2937.0	4475.6
196.2	707.6	2189.0	3190.1	4194.0
87.0	598.2	2226.0	3235.0	4036.3
0.0	864.0	2130.2	3120.5	4313.3
0.0	988.8	2080.2	3075.2	4265.9
173.9	970.1	2091.3	3094.3	4200.1
89.6	994.3	2080.3	3174.2	4286.9
0.0	1102.4	2097.1	3205.3	4317.6
0.0	968.6	2172.7	3146.0	4237.7
0.0	833.6	2132.2	3160.7	4217.7
0.0	1106.9	2150.2	3233.6	4238.2
530.4	1103.0	2195.6	3203.5	4294.4
85.9	1210.9	2290.0	3304.7	4279.2
0.0	1077.0	2347.2	3430.9	4288.7
0.0	1111.7	2386.2	3452.2	4311.8
0.0	1175.3	2496.9	3365.0	4281.3
120.9	1179.6	2552.1	3391.4	4243.9
0.0	1130.2	2423.4	3479.7	4285.9
0.0	1069.9	2214.1	3265.2	4223.7
0.0	557.3	1973.4	2960.4	4123.6
0.0	568.4	2002.0	2978.3	4104.7
196.8	590.5	2055.3	3057.3	4174.6
208.8	591.6	2086.0	3035.7	4127.3
204.9	601.7	2102.2	2965.1	4084.8
206.1	619.1	2129.5	2902.1	4071.2
205.8	610.9	2212.4	2782.9	4049.6
207.7	527.2	2274.4	2677.8	4287.4
209.7	458.1	2329.8	2628.2	4282.4
215.4	878.1	2330.4	2737.4	4135.5
211.8	768.1	2247.4	3050.4	4163.7
78.1	1041.5	2184.7	3233.2	4327.1
169.8	707.1	2269.3	3282.5	4414.1
0.0	745.5	2369.5	3127.8	4415.8
261.1	703.1	2327.3	3131.5	4364.3
266.9	777.1	2339.0	2924.6	4258.6
0.0	775.5	2388.8	2943.1	4417.7
300.8	761.6	2420.0	3022.1	4566.2
0.0	551.8	2285.0	3010.1	4417.4
224.7	604.6	2219.7	2968.6	4201.2
209.3	609.6	2156.7	2987.8	4083.5
206.0	573.0	2127.0	2931.9	4004.6
191.1	580.9	2093.4	2838.4	3935.8
182.5	706.2	2290.1	2817.2	4158.5
178.3	768.1	2104.3	2749.3	4404.9
180.1	691.3	1463.6	2729.2	4429.8
179.6	683.1	1636.2	2744.5	4369.3
176.8	662.7	1625.4	2710.7	4271.7
179.3	685.2	2064.1	2908.0	4429.6
182.1	731.0	2235.0	3074.3	4519.8
175.3	745.8	2245.7	2958.2	4447.4
83.9	742.1	2195.1	3009.7	4436.7
250.1	656.6	2179.8	3031.6	4361.9
236.5	710.6	2302.6	3086.8	4206.0
262.5	1376.2	1836.7	2958.6	4048.5
0.0	1398.0	1984.1	2953.8	4001.2
0.0	746.3	1763.1	2792.3	3910.4
0.0	724.7	1768.6	2864.8	4209.8
571.4	777.8	1813.0	2809.6	4321.1
0.0	1229.1	1853.5	2941.3	4378.2
458.5	1221.6	1849.0	2863.9	4363.8
125.1	1270.4	1833.8	2840.1	4327.5
144.7	1101.1	1798.6	2677.2	4500.2
0.0	617.7	1594.4	1986.7	4462.7
227.0	608.0	1564.2	1854.8	4309.4
220.0	634.3	1513.4	1796.3	4163.9
215.9	624.8	1506.3	1794.9	4078.0
205.4	615.3	1548.3	1800.7	4151.8
201.7	608.0	1569.1	1806.2	4229.4
201.2	607.3	1530.2	1795.4	4134.8
198.7	629.0	1465.6	1785.3	4146.8
201.1	615.7	1363.6	1813.1	4162.3
200.4	644.5	1612.7	2860.9	4235.8
191.5	369.4	2102.8	3013.0	4246.0
102.8	547.6	2340.9	3293.8	4295.0
70.9	867.5	2394.4	3394.5	4328.7
75.3	1207.7	2269.9	3218.2	4236.5
98.5	985.9	2180.7	3148.7	4246.4
0.0	1162.9	2405.1	3255.3	4362.9
0.0	1139.2	2385.8	3168.3	4258.8
0.0	955.4	2232.1	3137.8	4235.1
0.0	532.7	2032.6	2823.5	4276.4
0.0	494.5	1737.5	2788.7	4183.5
0.0	527.1	1681.2	2799.1	4252.0
175.5	566.6	1715.8	2793.6	4290.1
183.1	592.8	1758.8	2812.8	4287.1
184.0	609.2	2083.4	3007.1	4307.0
179.0	688.9	2327.0	3290.8	4296.7
84.0	786.6	2305.4	3432.3	4361.9
84.5	954.8	2296.0	3441.8	4362.8
574.1	1079.5	2325.9	3393.9	4328.7
571.4	1220.6	2386.7	3495.3	4501.4
444.4	1223.8	2386.9	3548.0	4483.7
205.9	858.0	2339.4	3487.2	4469.4
307.7	1104.4	2210.9	3362.2	4429.3
0.0	1063.7	2179.7	3280.0	4351.7
0.0	998.9	2213.6	3341.1	4567.4
0.0	1135.0	2483.6	3273.9	4633.0
0.0	902.7	2538.2	3305.3	4365.9
100.0	841.3	2516.7	3482.7	4066.6
72.7	991.5	2274.1	3591.2	4096.3
104.3	850.1	2121.8	3554.6	4152.0
0.0	425.0	2195.0	3358.1	4262.7
203.8	476.4	2234.6	3720.9	4147.8
0.0	461.5	1869.2	3641.2	4126.6
143.2	497.5	1072.5	3150.6	4143.4
149.1	539.7	1187.3	3108.4	4180.5
144.6	596.9	1339.8	3086.3	4144.2
152.2	606.4	1473.6	3065.5	4116.5
151.4	600.1	1580.6	3061.4	4062.3
150.5	607.4	1664.7	3026.5	4167.9
149.1	599.3	1696.2	2971.7	4167.4
149.7	607.9	1729.0	2936.0	4164.1
150.5	602.8	1728.9	2912.8	4203.3
151.7	605.4	1716.3	2874.8	4198.4
153.8	585.5	1746.4	2883.3	4206.9
153.3	559.9	1773.1	2849.4	4236.7
154.2	540.1	1760.5	2826.4	4242.7
158.7	545.1	1828.9	2847.3	4204.3
157.7	721.8	1898.1	3013.0	4224.2
76.9	970.3	2008.3	3190.3	4270.7
160.8	1010.5	2171.1	3267.3	4486.1
75.0	943.5	2171.1	3388.9	4501.6
142.9	1049.3	2300.4	3379.3	4473.2
184.6	980.7	2187.1	3248.6	4281.9
169.0	1451.0	2238.3	3343.6	4469.1
210.5	1342.7	2274.1	3357.5	4527.8
139.5	1173.6	2268.8	3394.0	4413.5
0.0	1187.9	2309.5	3314.0	4534.4
333.3	1256.7	2291.5	3434.1	4475.7
0.0	1255.1	2346.6	3610.0	4450.1
571.4	1103.0	2409.3	3537.1	4529.9
133.3	988.1	2423.2	3658.8	4560.5
203.4	1043.6	2473.8	3513.0	4434.4
118.8	1039.8	2328.6	3423.4	4427.1
0.0	930.2	2248.6	3129.7	4285.1
0.0	898.3	2256.2	3092.8	4184.4
0.0	1029.0	2087.5	3127.3	4171.0
0.0	884.7	1905.1	3002.3	4214.4
582.1	979.5	1845.1	3016.4	4200.2
67.5	1039.2	1807.1	2999.4	4178.0
342.9	1008.1	1925.3	2978.4	4112.4
0.0	772.1	1879.8	2921.7	4192.6
0.0	755.7	1770.5	2884.4	4281.3
321.3	770.0	1732.0	2943.8	4272.5
105.2	818.7	1725.9	3067.4	4227.2
0.0	841.5	1767.7	3190.4	4266.0
233.2	839.6	1837.2	3243.3	4340.1
0.0	844.4	1999.2	3289.0	4465.7
0.0	928.6	2128.7	3324.9	4537.5
0.0	986.3	2215.5	3293.0	4424.8
0.0	987.9	2331.4	3287.9	4366.3
0.0	946.2	2262.1	3315.5	4388.1
