0.0	0.0	0.0	0.0	0.0
0.0	0.0	0.0	0.0	0.0
0.0	0.0	0.0	0.0	0.0
0.0	916.8	2375.0	3332.2	4374.8
0.0	912.1	2205.2	3287.1	4248.4
0.0	1038.8	2141.0	3228.4	4100.9
0.0	1154.8	2193.6	3290.4	4144.1
0.0	1099.1	2222.9	3256.5	4304.6
0.0	739.2	2178.1	3202.4	4298.4
0.0	1010.1	2306.3	3241.9	4234.6
0.0	1073.9	2324.9	3358.3	4235.7
0.0	952.4	2209.9	3359.1	4279.7
0.0	943.6	2163.6	3164.2	4233.8
0.0	987.4	2339.3	3162.7	4287.9
0.0	972.1	2531.3	3307.8	4299.5
0.0	978.8	2523.4	3112.7	4284.3
0.0	1038.9	2426.4	3030.8	4333.8
0.0	482.0	2449.3	3084.5	4312.2
0.0	488.7	2494.7	3147.3	4278.2
248.4	508.4	2516.9	3236.7	4281.8
78.9	553.5	2574.5	3294.1	4335.1
101.0	471.4	2603.4	3304.2	4330.5
218.1	445.2	2515.3	3218.3	4233.2
217.3	442.4	2510.6	3170.1	4185.4
218.8	446.4	2472.2	3086.7	4205.2
219.9	444.6	2408.6	3000.6	4231.1
222.5	448.4	2321.2	2854.5	4235.2
223.7	454.4	2163.5	2741.7	4309.6
214.7	674.3	1957.4	2579.5	4250.2
195.3	663.9	1854.6	2548.1	4178.2
93.0	706.9	1890.0	2574.9	4193.8
91.1	513.4	2058.2	2839.5	4257.4
0.0	437.1	2058.5	2872.9	4180.2
204.0	463.7	2012.4	2831.9	4135.5
208.0	474.2	1963.5	2650.2	4107.0
213.5	472.8	1933.3	2452.9	4078.9
214.2	463.8	1890.2	2282.5	4093.1
212.2	449.6	1827.5	2182.8	4170.9
210.1	452.4	1713.2	2085.5	4191.4
208.3	429.5	1583.9	2083.1	4093.3
208.2	410.1	1479.1	2097.3	4059.7
208.1	579.3	1511.6	2494.8	4035.3
201.2	401.9	1203.4	2505.0	3997.7
197.0	397.3	1824.3	2970.7	4211.1
186.7	364.3	2062.6	3094.2	4155.6
175.2	329.9	2118.6	3190.3	4142.0
88.5	367.0	2088.4	3296.1	4271.9
189.4	1344.7	2418.9	3130.4	4151.4
92.9	581.5	1919.6	2657.1	3987.0
0.0	585.7	1827.6	2472.0	4068.9
0.0	619.5	1849.9	2569.0	4175.5
200.7	638.7	1916.2	2712.4	4210.6
202.8	678.3	1952.8	2790.2	4197.9
200.9	727.9	1944.4	2776.2	4165.1
198.7	767.5	1925.8	2796.9	4244.6
198.7	780.3	1916.8	2826.8	4237.4
199.4	781.0	1927.8	2863.9	4228.1
200.8	777.9	1908.2	2908.2	4239.9
202.2	747.0	1847.9	2936.0	4159.2
203.6	678.1	1822.0	2904.4	4059.4
205.5	625.4	1786.4	2822.3	3839.4
206.5	475.2	1756.1	2774.1	3678.8
100.5	532.5	1828.7	2821.0	3718.7
201.1	600.5	1894.3	2796.4	3702.4
206.7	680.9	1874.6	2677.7	3702.7
211.5	633.9	1857.4	2428.4	3834.2
216.2	620.9	1818.8	2306.6	3937.0
216.5	641.1	1828.7	2208.8	3980.1
218.1	660.0	1812.2	2131.2	3958.1
217.7	670.0	1791.3	2091.9	3958.5
217.2	690.9	1792.4	2075.7	3922.2
216.7	688.0	1844.7	2084.0	3814.4
215.8	689.2	1884.1	2133.4	3602.0
214.2	691.5	1926.9	2527.8	4007.1
212.4	757.5	1977.5	2581.7	4478.4
208.4	795.8	1831.5	2615.9	4503.2
207.9	534.3	1123.3	2680.0	4477.0
206.3	774.4	1376.0	2678.4	4468.8
205.4	777.4	1399.2	2673.0	4449.2
202.0	775.0	1436.2	2663.8	4390.8
201.8	731.4	1800.8	2737.4	3979.5
202.4	604.0	1750.4	2214.4	3834.5
198.4	599.8	1645.2	2156.1	3949.6
196.6	625.0	1540.5	2119.9	4036.7
193.7	636.4	1460.4	2087.1	4101.2
190.8	640.8	1386.2	2055.5	4142.7
189.6	653.6	1325.3	2020.6	4140.8
187.9	659.4	1267.1	1959.7	4161.0
187.4	660.9	1217.9	1921.8	4216.2
186.2	647.7	1162.6	1872.6	4246.1
184.8	631.8	1105.3	1842.7	4221.7
185.4	613.9	1095.7	1830.6	4189.1
184.4	591.8	1052.8	1802.7	4135.2
184.2	670.4	1736.4	3566.1	4371.2
182.7	631.6	1742.2	2928.0	4245.9
182.2	624.1	1820.5	2978.3	4054.7
181.6	656.6	1858.9	3101.2	4158.0
179.6	601.2	1793.7	3049.4	4207.4
178.0	578.0	1844.4	3148.3	4208.6
177.8	593.9	1786.5	3050.0	4149.1
176.8	665.5	1834.6	3028.2	4133.5
177.4	662.0	1723.2	2917.5	4078.8
177.5	645.2	1685.8	2759.2	4015.1
179.0	656.6	1809.8	2573.3	3924.1
184.0	735.1	2104.0	3301.8	4109.2
187.2	712.0	2075.2	3532.8	4157.9
188.7	607.1	961.3	2213.2	3855.6
189.4	589.3	974.4	2160.7	3833.7
190.0	581.4	1003.9	2112.9	3869.1
190.0	576.3	1060.7	2075.6	3860.9
190.2	566.0	1110.4	2063.1	3875.8
189.4	569.8	1165.1	2032.2	4002.6
189.4	564.5	1241.5	1978.7	4174.9
187.6	550.6	1297.3	1900.9	4152.3
185.2	545.5	1327.6	1827.0	4255.7
182.0	542.3	1401.5	1785.1	4280.2
180.3	539.7	1427.2	1759.8	4216.3
175.9	534.4	1445.8	1745.1	4182.2
173.6	522.7	1480.7	1746.6	4244.9
171.7	522.1	1508.8	1741.3	4236.8
170.8	507.2	1523.2	1718.2	4199.3
167.2	506.2	1536.9	1722.3	4089.5
165.7	487.0	1560.3	1738.3	3985.6
164.2	479.1	1587.2	1760.0	3985.9
161.5	483.8	1627.0	1840.6	4043.9
160.1	496.2	1645.6	1912.7	4051.2
161.1	527.4	1684.4	1977.5	3997.0
168.7	537.3	1835.5	2179.8	4081.0
171.2	542.0	2014.5	2765.3	4111.2
86.5	1717.5	2400.9	3467.1	4180.0
175.0	1560.2	2301.3	3774.7	4372.6
84.0	1596.3	2538.7	3826.4	4629.2
167.0	1274.6	2626.9	3922.9	4889.4
315.8	1231.8	2679.8	3826.5	4817.7
203.4	1457.7	2724.7	3792.2	4707.6
0.0	1392.0	2687.8	3745.8	4660.7
127.7	1283.4	2644.9	3681.6	4463.5
333.3	1248.1	2604.3	3553.8	4387.5
0.0	1415.2	2520.4	3450.5	4451.7
277.5	1369.1	2514.6	3478.9	4392.5
272.7	1306.2	2385.4	3420.5	4425.6
272.7	1205.5	2495.4	3380.2	4457.0
0.0	1081.9	2675.1	3544.8	4628.5
168.5	1075.3	2621.0	3525.8	4669.3
272.7	1138.6	2590.9	3646.2	4649.6
127.7	1233.3	2462.9	3761.0	4708.2
0.0	1159.9	2545.1	3728.1	4620.5
240.0	1447.8	2618.0	3760.1	4471.6
0.0	1138.4	2734.5	3640.2	4382.4
272.7	1045.4	2635.8	3353.8	4369.8
0.0	905.2	2451.7	3220.6	4372.7
103.4	1027.0	2116.2	3005.3	4197.6
169.0	1320.2	1977.1	2977.2	4195.2
0.0	1268.4	2043.8	3078.7	4376.0
185.5	844.3	1785.4	2886.9	4423.0
204.4	874.5	1817.9	2846.4	4487.6
0.0	811.9	1832.7	2814.0	4437.5
0.0	824.5	1784.2	2850.0	4299.6
226.4	851.3	1819.8	2867.1	4174.2
0.0	879.8	1806.2	2829.4	4250.3
0.0	978.1	1821.4	2748.0	4432.2
0.0	1004.5	2093.9	2846.2	4707.4
0.0	954.9	2371.4	3163.5	4747.2
0.0	877.6	2110.6	2891.6	4676.3
0.0	915.8	2012.8	2851.0	4601.1
0.0	915.5	1945.6	2961.7	4504.3
0.0	943.0	2159.1	3040.3	4556.8
201.6	954.8	2200.1	3006.3	4592.3
0.0	922.1	2228.6	3059.8	4546.0
