0.0	0.0	0.0	0.0	0.0
0.0	0.0	0.0	0.0	0.0
0.0	0.0	0.0	0.0	0.0
0.0	956.6	2087.5	2936.4	4190.6
0.0	925.5	2119.4	3040.1	4207.0
0.0	873.3	2197.2	3121.9	4258.8
0.0	847.2	2235.6	3057.0	4234.9
0.0	808.8	2311.4	3125.9	4360.5
0.0	835.4	2290.8	3252.0	4430.8
0.0	904.3	2265.7	3215.0	4348.8
0.0	1031.2	2389.2	3196.5	4317.7
0.0	986.8	2352.8	3232.4	4334.4
0.0	920.1	2278.4	3169.8	4256.8
0.0	935.1	2175.6	3158.1	4284.4
0.0	1011.5	2237.9	3218.3	4378.6
0.0	955.5	2334.1	3278.0	4595.5
0.0	779.3	2212.3	3302.7	4705.4
0.0	680.3	2124.3	3295.8	4779.1
217.9	378.2	2135.7	3336.0	4598.2
200.2	392.8	2112.7	3387.7	4298.7
194.0	623.5	2192.3	3443.3	4312.8
178.7	838.5	2328.8	3403.8	4285.3
168.1	831.4	2280.9	3456.9	4357.6
163.6	482.0	2269.5	3447.3	4416.4
165.5	428.5	2078.8	3448.0	4446.9
173.1	453.7	1973.9	3350.2	4595.2
176.7	577.3	1984.1	3345.0	4701.8
179.5	588.3	2033.0	3327.9	4794.4
182.2	623.3	2066.6	3295.1	4647.4
186.0	571.5	1995.0	3242.0	4598.1
184.5	508.3	1882.8	3180.0	4562.9
177.8	495.8	1885.3	3161.5	4577.8
83.4	485.6	1989.6	3171.8	4539.6
173.3	570.3	2073.5	3190.4	4581.3
180.1	604.5	2114.8	3185.1	4556.2
183.1	631.7	2150.5	3201.0	4566.5
183.0	669.0	2171.9	3205.3	4471.7
181.6	674.1	2172.1	3202.3	4507.4
180.9	664.3	2123.9	3195.4	4608.5
180.8	578.6	2016.1	3161.5	4582.9
180.4	556.1	1945.4	3135.5	4558.3
176.6	593.9	1963.8	3148.0	4491.0
176.2	587.2	2074.1	3159.0	4490.1
179.3	577.3	2202.4	3180.1	4463.5
181.7	566.2	2308.7	3180.6	4458.2
183.0	571.4	2418.7	3199.1	4448.0
184.0	595.1	2478.7	3213.0	4454.9
184.4	610.6	2455.0	3209.9	4442.1
186.9	535.6	2359.7	3190.6	4475.6
190.3	535.1	2242.6	3111.0	4414.4
192.7	458.8	2082.3	3071.1	4365.8
189.5	479.8	2022.2	3095.5	4373.0
83.8	1148.9	2247.9	3251.0	4249.2
88.9	600.0	2141.8	3175.7	4270.5
241.5	781.0	2215.8	3147.9	4349.2
0.0	628.3	2298.1	3242.5	4329.3
0.0	672.8	2021.5	3099.5	4298.0
0.0	592.0	2051.8	3062.1	4366.9
211.9	598.2	2173.9	3061.3	4373.4
206.6	568.0	2292.0	3022.1	4354.4
203.5	492.5	2363.2	2893.6	4330.0
203.0	485.3	2351.4	2830.5	4410.0
201.4	540.3	2266.7	2903.6	4569.6
204.1	592.9	2277.5	3055.4	4411.9
208.2	620.1	2237.5	3227.0	4302.7
209.6	618.1	1949.1	3210.7	3989.6
209.0	629.0	1673.2	3174.6	4141.8
210.1	672.1	1526.2	3267.2	4198.2
207.2	747.7	1524.9	3301.4	4253.8
204.4	791.3	1644.7	3333.2	4321.9
201.2	806.2	1740.4	3279.4	4343.2
198.5	816.2	1782.3	3188.1	4397.2
197.6	809.5	1841.0	3105.3	4423.3
194.2	771.2	1883.1	3024.0	4386.2
189.3	712.6	1949.2	2957.2	4414.4
181.7	628.0	2027.1	2863.6	4433.7
86.0	584.2	2083.0	2814.8	4600.7
125.0	566.5	2214.1	3023.2	4479.6
87.3	547.7	2155.0	3040.9	4278.2
0.0	472.8	2171.6	2862.8	4291.5
0.0	1179.6	2210.1	3113.2	4252.3
0.0	1057.7	2048.2	3086.3	4134.9
536.4	864.5	2094.9	2908.4	4183.2
0.0	670.3	2139.7	3006.1	4162.1
237.8	797.7	2161.5	2975.2	4202.4
167.6	739.8	2088.4	2884.9	4320.4
186.5	593.4	2012.5	2825.4	4411.0
185.5	587.8	1962.8	2784.5	4458.9
189.8	574.3	1971.5	2763.8	4476.5
193.1	564.2	1999.8	2708.7	4569.6
189.5	490.8	2042.8	2691.7	4694.5
184.8	411.7	2069.0	2734.7	4817.3
178.5	426.5	2166.3	2822.2	4552.6
82.3	873.4	2216.9	3084.5	4312.8
86.1	862.1	2170.7	3312.2	4290.0
0.0	894.9	2038.3	3246.7	4366.4
0.0	1041.3	2002.5	3128.9	4276.9
0.0	1219.1	2234.3	3146.9	4265.0
0.0	1102.6	2210.0	3179.8	4324.4
0.0	972.9	2167.7	3190.5	4285.0
0.0	1139.9	2182.4	3331.1	4223.4
0.0	1037.6	2188.6	3330.6	4303.0
0.0	942.4	2034.4	3226.3	4406.1
0.0	525.8	1957.4	2996.4	4531.5
199.4	595.6	1961.9	2968.2	4470.9
198.3	598.5	1948.8	2938.1	4374.3
195.7	592.3	1933.5	2868.6	4342.8
194.9	605.6	1883.5	2783.8	4295.5
194.3	629.9	1779.9	2744.5	4286.4
193.9	638.1	1725.9	2696.2	4273.0
194.3	638.5	1691.1	2669.2	4232.0
195.9	622.4	1591.1	2581.6	4154.3
197.1	592.8	1476.8	2519.2	4095.6
197.3	605.0	1349.1	2448.7	4046.9
195.9	627.8	1280.1	2406.1	4014.6
192.3	513.2	1227.3	2348.0	4003.7
190.4	526.9	1232.9	2302.6	3991.5
190.7	511.7	1261.2	2290.6	4018.6
189.8	515.8	1294.2	2199.1	4046.2
191.6	567.1	1343.9	2146.0	4064.6
193.8	604.0	1450.5	2150.5	4130.4
196.8	605.2	1527.0	2134.4	4181.2
197.7	601.8	1584.7	2131.6	4230.6
196.8	598.9	1580.6	2093.5	4336.5
194.8	602.7	1575.6	2078.6	4372.6
191.5	618.6	1592.6	2116.4	4210.4
188.7	632.3	1605.6	2196.0	4127.9
187.4	644.1	1592.0	2240.3	4111.8
184.3	654.1	1596.0	2290.8	4109.2
182.5	659.8	1608.6	2395.6	4108.4
182.1	664.8	1592.3	2458.1	4123.8
183.0	649.1	1554.4	2507.3	4160.7
184.4	642.9	1539.4	2572.2	4211.5
186.0	611.4	1522.6	2618.4	4265.8
188.4	591.2	1490.2	2659.5	4315.4
192.3	580.2	1437.1	2705.3	4349.4
196.4	538.2	1374.5	2727.9	4343.2
194.8	502.3	1297.2	2733.0	4298.5
88.2	468.5	1240.0	2786.2	4235.4
300.0	409.6	1747.8	2942.6	4173.4
85.3	792.3	2274.2	3202.4	4238.9
0.0	1083.0	2353.5	3470.2	4396.8
0.0	846.7	2302.1	3374.0	4370.9
0.0	443.0	2263.5	3169.3	4267.0
0.0	514.5	2465.6	3468.2	4531.9
397.3	422.0	2365.5	3535.0	4671.6
379.7	447.5	1928.1	2929.2	4201.6
207.6	492.7	2084.4	2952.8	4092.2
245.5	520.6	2248.2	3024.4	4174.7
253.4	511.5	2333.5	3064.9	4258.2
259.5	510.3	2363.0	3051.8	4279.2
261.2	544.8	2349.9	3048.4	4308.6
267.1	574.0	2242.1	3038.5	4346.4
270.5	586.9	2132.5	3054.5	4346.2
271.9	616.5	1983.6	3064.1	4374.9
277.1	657.3	1771.6	3103.0	4421.3
281.8	689.3	1681.5	3139.9	4421.1
285.2	705.3	1609.1	3138.9	4389.1
287.5	707.7	1422.4	3146.9	4320.0
287.6	721.8	1352.2	3171.2	4291.2
294.5	679.3	1211.0	3036.8	4266.2
303.0	653.9	1229.6	2984.1	4198.2
310.6	538.6	1216.1	3100.5	4219.3
151.8	1098.8	1613.5	3112.3	4365.3
298.9	1081.5	1733.9	3064.7	4326.2
93.3	1022.6	2023.1	3299.0	4318.3
0.0	1000.1	1964.0	3272.3	4448.6
0.0	977.7	1897.3	3359.4	4394.2
0.0	1004.9	1924.4	3403.4	4125.6
0.0	947.9	2061.8	3329.6	4333.4
0.0	887.6	1957.9	3182.2	4240.1
0.0	811.0	1890.9	3119.7	4200.4
0.0	964.5	2031.2	3188.8	4230.0
0.0	1018.5	2112.7	3159.0	4214.6
0.0	1076.7	2258.2	3330.9	4394.7
0.0	1043.7	2271.8	3299.2	4359.9
