0.0	0.0	0.0	0.0	0.0
0.0	0.0	0.0	0.0	0.0
0.0	0.0	0.0	0.0	0.0
0.0	1143.8	2347.2	3261.8	4305.2
0.0	1065.6	2111.1	3178.0	4227.1
0.0	871.7	2153.1	3089.7	4167.6
0.0	1042.3	2317.0	3238.4	4274.1
0.0	1070.8	2227.7	3289.8	4282.6
0.0	953.5	2030.5	3231.2	4248.1
0.0	964.6	1977.6	3278.4	4173.7
0.0	1053.8	2201.6	3253.8	4163.0
0.0	1032.2	2221.5	3157.8	4247.5
0.0	903.4	2170.7	3188.4	4214.8
0.0	868.9	2146.4	3304.2	4248.4
0.0	928.2	2126.6	3308.2	4356.3
0.0	646.4	2027.7	3220.6	4339.6
0.0	447.5	2174.1	3261.7	4445.4
277.3	521.9	2055.2	3235.0	4410.4
280.1	445.3	1273.9	3168.3	4434.3
271.2	439.3	1194.1	3143.2	4475.9
81.7	448.9	1269.3	3140.8	4468.7
112.4	452.9	1418.6	3129.2	4469.4
217.2	650.7	1308.2	3143.1	4508.9
228.3	739.7	1253.2	3156.2	4461.8
219.6	802.5	1416.8	3139.8	4387.7
213.7	799.3	1538.6	3097.6	4307.3
213.3	790.4	1642.5	3054.6	4259.8
212.5	782.2	1789.0	3078.9	4249.6
210.9	743.0	1898.0	3052.0	4244.0
208.5	677.8	2006.5	3036.2	4194.5
207.8	635.7	2154.4	3003.4	4227.8
209.5	601.7	2220.1	3010.1	4322.5
212.9	485.4	2387.3	2938.7	4349.0
214.5	420.1	2532.5	2884.9	4393.4
215.7	430.8	2593.2	2939.3	4471.1
213.1	595.7	2649.4	3145.6	4405.3
72.1	1227.7	2614.5	3332.2	4372.6
85.4	1098.2	2677.4	3323.2	4448.3
0.0	878.7	2889.3	3396.9	4404.1
0.0	967.9	2897.8	3333.6	4482.3
0.0	908.3	2793.2	3275.7	4493.7
0.0	833.2	2595.4	3289.0	4380.8
166.7	758.3	2466.4	3168.5	4322.5
0.0	847.4	2399.4	2985.8	4265.3
68.6	503.2	2307.3	2916.0	4176.0
0.0	461.6	2165.9	2900.8	4221.4
236.6	438.1	2062.4	2804.8	4250.5
218.4	434.0	1926.4	2788.6	4217.2
211.0	459.4	1820.4	2844.7	4209.5
207.1	459.6	1771.4	2872.5	4344.8
203.4	443.5	1710.0	2885.0	4470.5
200.1	404.8	1641.5	2880.8	4366.4
198.2	397.7	1661.9	2922.9	4279.0
197.0	457.3	2218.1	3257.3	4495.6
204.7	1168.5	2656.8	3780.8	4778.2
221.5	1305.4	2705.3	3805.1	4880.4
75.9	1266.0	2713.3	3596.1	4592.9
0.0	1211.1	2664.3	3734.0	4568.5
411.3	1225.3	2429.7	3594.5	4495.5
0.0	1159.5	2332.9	3647.7	4426.4
0.0	1223.0	2362.7	3523.7	4390.8
0.0	1321.4	2241.0	3455.2	4302.6
0.0	1407.5	2212.1	3611.5	4256.8
0.0	1403.6	2382.6	3689.8	4396.5
0.0	1278.7	2212.8	3628.6	4474.3
0.0	912.2	1386.9	2900.2	4206.7
0.0	883.1	1338.4	2894.7	4203.9
0.0	611.2	1181.0	2953.3	4386.6
0.0	572.4	1052.0	2958.1	4330.8
0.0	569.7	1041.6	3034.9	4319.3
209.7	571.4	1005.4	3090.9	4304.1
207.0	587.4	1005.6	3124.7	4273.1
203.2	614.7	1081.6	3142.7	4254.6
201.3	664.8	1159.1	3157.3	4314.3
200.8	739.7	1197.2	3143.0	4294.6
198.8	766.7	1202.6	3149.9	4282.4
199.1	788.7	1203.4	3132.7	4247.5
199.2	799.4	1211.3	3132.0	4239.6
196.5	810.2	1201.6	3116.1	4234.9
195.6	816.3	1207.6	3089.9	4222.4
196.6	820.0	1206.1	3102.3	4207.3
197.5	814.0	1221.3	3092.8	4183.0
199.1	798.2	1239.6	3058.2	4221.1
202.0	795.6	1274.8	3040.5	4204.0
205.6	805.8	1346.1	2991.5	4180.4
210.0	808.8	1405.9	2968.9	4194.7
218.3	792.7	1399.5	2997.6	4224.3
226.9	709.2	1580.3	3020.4	4218.3
232.6	851.1	2204.8	3156.8	4407.7
235.0	847.5	2607.8	3693.0	4524.6
112.8	895.2	2599.1	3655.3	4549.8
69.4	1349.3	2635.9	3565.7	4578.5
0.0	1163.7	2529.7	3572.2	4607.6
0.0	887.0	2409.0	3695.0	4640.7
0.0	807.0	2410.2	3763.1	4740.2
0.0	783.8	2224.4	3527.4	4588.8
0.0	710.4	2146.6	3245.2	4362.5
461.5	662.4	2210.5	2904.3	4229.9
500.0	410.4	2307.3	2803.9	4213.5
282.8	470.1	2338.6	2828.8	4133.0
257.2	490.5	2340.4	2757.1	4100.5
236.6	480.7	2190.1	2685.8	4031.5
234.9	451.0	1437.2	2712.0	3982.4
233.7	441.6	1548.6	2800.9	4002.2
108.4	371.5	1527.6	2802.0	4070.4
216.8	334.4	1300.1	2855.9	4002.4
226.8	1081.9	2191.3	3177.5	4227.0
218.4	1050.7	2239.1	3250.6	4299.6
73.1	1114.1	2260.6	3344.4	4246.6
0.0	828.7	2048.3	3219.4	4080.2
0.0	566.0	1723.3	3071.6	4036.5
0.0	543.4	1108.4	3019.2	4223.6
0.0	494.5	1122.7	3070.2	4271.1
205.0	510.0	1077.9	3036.2	4239.8
206.4	568.8	1136.4	3013.5	4216.8
205.1	610.9	1202.0	3018.2	4235.9
202.7	646.2	1225.3	3009.7	4190.8
203.1	710.7	1282.7	3001.1	4214.7
203.3	774.1	1435.0	2992.5	4212.9
203.1	799.8	1548.3	2966.4	4185.6
201.8	811.4	1633.2	2927.9	4161.5
201.4	817.0	1701.9	2867.7	4095.8
200.1	819.9	1751.7	2849.0	4077.7
200.0	818.2	1792.4	2919.5	4160.6
200.5	808.1	1814.5	2841.2	4111.8
199.9	796.1	1830.7	2823.1	4167.5
200.0	781.3	1886.2	2814.7	4115.4
201.7	747.2	1967.1	2762.1	4152.9
204.0	659.0	2083.6	2717.3	4116.5
206.4	646.9	2240.5	2689.3	4090.6
211.9	767.0	2244.9	2695.5	4181.2
220.3	1104.6	2246.8	3101.8	4307.3
76.5	1194.6	2298.1	3426.6	4450.2
0.0	1245.2	2330.4	3351.9	4395.1
0.0	942.0	2324.7	3013.2	4301.9
0.0	583.8	2566.0	2973.1	4324.3
0.0	603.5	2554.0	3105.0	4345.0
241.0	798.6	2567.4	3184.1	4243.2
0.0	816.3	2536.6	3088.7	4125.5
137.6	796.9	2453.2	3028.7	4151.5
0.0	776.8	2468.2	3175.7	4212.4
96.5	781.8	2454.1	3141.8	4170.1
0.0	822.1	2441.1	3074.6	4166.3
0.0	867.9	2418.8	3008.7	4165.3
71.9	858.4	2375.7	2930.9	4108.8
344.5	844.5	2469.5	2985.0	4047.7
0.0	536.3	2349.2	2910.3	4055.5
239.7	516.3	2365.0	2839.0	4070.3
222.1	538.5	2346.1	2798.9	4104.4
209.9	563.1	2308.8	2843.1	4076.2
203.6	572.8	2293.0	2809.0	4036.7
200.2	565.9	2298.8	2763.9	4074.0
196.5	565.4	2284.4	2759.5	4035.9
194.1	563.5	2260.2	2771.7	4013.8
191.9	562.4	2257.5	2743.1	3999.5
189.6	559.7	2239.1	2645.8	3980.1
186.8	565.3	2240.2	2584.7	4008.5
183.8	570.1	2167.0	2560.7	4154.3
180.0	581.7	2062.8	2465.7	4130.8
178.2	609.9	2025.3	2378.1	4101.7
279.1	631.3	2024.5	2292.9	4131.5
77.3	630.6	1914.7	2263.2	4000.3
273.1	635.5	1847.9	2273.7	4051.2
66.9	644.4	1851.9	2248.3	4207.9
266.9	673.4	1838.1	2348.8	4146.0
0.0	615.0	1813.0	2202.1	4004.0
277.9	615.3	1799.7	2116.6	4108.6
66.1	615.1	1745.3	2050.7	4051.9
266.1	606.9	1720.2	2021.8	4003.5
270.2	597.5	1715.1	2021.4	4077.9
264.7	624.3	1742.1	2215.9	4144.7
267.9	611.2	1679.4	2251.4	4119.2
98.5	623.6	1724.8	2073.1	3982.4
220.9	633.9	1765.7	1982.6	3968.0
214.2	793.9	1824.9	2228.8	4022.0
205.0	775.8	1779.1	2239.1	4072.6
204.9	764.1	1751.3	2325.3	4021.2
203.6	878.1	1755.4	2404.0	3924.6
213.3	990.3	1770.9	2395.3	3838.5
229.0	901.3	1784.5	2482.5	3944.6
100.8	931.1	1791.5	2765.5	3868.6
500.0	1042.7	1807.8	3048.3	3970.3
0.0	842.4	1742.3	2962.2	3855.5
230.8	1149.4	1783.1	2973.2	3899.5
244.9	993.5	1773.1	3065.1	4077.5
342.9	1040.4	1776.5	3085.0	4173.1
0.0	1078.6	1917.2	3124.1	4304.1
0.0	1158.9	1929.8	3045.6	4253.9
0.0	953.9	1838.7	3069.0	4101.6
