0.0	0.0	0.0	0.0	0.0
0.0	0.0	0.0	0.0	0.0
0.0	0.0	0.0	0.0	0.0
0.0	1144.1	2100.0	3507.2	4434.3
0.0	1155.4	2238.8	3458.7	4337.2
0.0	1225.2	2403.0	3228.3	4385.6
0.0	1176.1	2209.4	3146.2	4269.6
0.0	914.1	2081.4	3046.4	4305.2
0.0	943.2	2156.6	3297.0	4355.9
0.0	1068.1	2216.4	3282.6	4314.4
0.0	1266.1	2419.3	3253.0	4261.8
0.0	756.3	2169.0	3126.7	4150.4
0.0	935.8	2110.9	3136.9	4294.3
0.0	1068.4	2139.1	3126.5	4264.7
0.0	932.1	2039.7	3048.3	4187.1
0.0	945.9	2207.3	3267.3	4206.7
0.0	885.4	2126.6	3234.2	4291.3
0.0	1071.5	2025.4	3036.0	4315.2
0.0	933.2	2041.1	2931.8	4323.7
0.0	706.4	2022.1	2969.4	4360.8
0.0	745.6	2030.5	3018.4	4287.3
74.9	1037.0	1999.8	2860.7	4325.6
74.6	965.6	1919.6	2668.4	4377.4
126.3	928.0	1871.3	2638.2	4221.0
206.9	940.3	1883.9	2645.2	4134.9
0.0	751.9	1804.0	2684.1	4214.6
269.0	765.9	1780.5	2700.2	4268.5
257.2	748.7	1764.6	2765.8	4288.3
252.2	760.1	1786.8	2787.2	4304.0
252.2	728.1	1829.3	2795.3	4345.9
251.5	743.2	1838.2	2892.3	4382.0
250.7	717.9	1761.5	2954.3	4452.3
250.8	720.0	1757.2	2919.4	4190.6
250.2	630.8	1704.2	2943.1	3885.8
247.6	497.4	1698.1	2892.0	3827.0
81.0	537.1	1682.1	2913.0	3880.5
252.0	692.8	1692.0	2948.3	3990.3
250.7	744.8	1703.2	2891.7	4032.0
248.7	804.9	1637.7	2866.0	4087.1
246.6	824.5	1553.1	2875.8	4085.1
243.8	833.7	1422.3	2819.7	4121.3
241.2	833.5	1378.5	2861.6	4078.3
238.4	831.7	1374.0	2850.7	4090.2
236.1	838.7	1326.0	2876.3	4080.5
235.2	826.2	1337.0	2894.1	4110.1
234.6	822.8	1356.0	2912.1	4144.6
232.7	834.1	1361.9	2918.4	4167.9
233.5	849.4	1407.7	2871.5	4142.7
235.9	838.8	1641.9	2883.5	4146.0
234.6	817.6	1910.1	3235.2	4240.4
237.5	1067.2	2152.9	3263.8	4231.9
69.3	1239.7	2223.2	3212.4	4210.2
0.0	1575.0	2219.6	3149.0	4142.3
109.0	1404.6	2212.9	3240.4	4314.8
539.7	1261.1	2212.7	3235.5	4204.9
571.4	1354.7	2068.0	3162.5	4168.1
0.0	674.8	1735.4	2774.4	4019.9
0.0	634.0	1820.7	2710.3	3977.2
165.7	639.8	1949.9	2773.0	4012.0
213.9	640.0	2019.6	2793.5	4051.2
215.1	649.4	2036.2	2785.6	4065.6
221.5	614.0	2041.9	2803.4	4014.4
226.7	596.4	2061.4	2869.2	4025.1
230.4	609.2	1942.5	2674.1	3959.5
231.4	607.9	1859.6	2572.1	3844.9
234.1	585.6	1763.2	2273.8	3816.1
235.4	524.3	1578.9	2025.7	3825.8
237.8	482.0	1557.4	2537.3	3913.1
238.3	469.8	1812.6	2937.7	4146.8
79.3	1368.8	2363.7	3172.6	4228.9
244.8	1302.3	2249.5	3197.1	4280.8
79.0	1178.1	2249.6	3103.4	4171.1
78.7	524.8	1604.2	2875.8	4099.2
315.9	534.4	1606.7	2124.8	3973.4
273.1	530.0	1650.8	2092.7	3874.7
267.6	538.0	1788.7	2127.4	3810.6
269.6	529.1	1876.8	2305.5	3785.8
266.5	535.9	1943.6	2348.3	3858.2
266.9	541.7	2063.3	2442.0	3926.6
266.3	533.2	2010.6	2391.9	3814.9
262.6	508.7	1814.2	2396.9	3702.8
260.1	476.9	1719.1	2728.3	3868.8
255.6	351.5	1571.9	3010.7	4156.0
79.5	269.2	1526.7	2978.1	4139.9
118.6	247.6	1707.0	3050.0	4052.5
233.5	314.9	1936.0	3066.8	4104.7
235.1	307.4	2161.7	3119.4	4199.0
230.5	350.0	2055.4	3053.6	4194.9
230.6	999.2	2142.4	2943.2	4088.8
223.2	450.1	2013.0	3014.4	4075.6
0.0	486.4	1974.3	2792.3	4034.1
248.0	480.3	1975.5	2735.0	4052.0
240.2	471.8	2001.8	2746.4	4093.5
232.5	458.9	2028.1	2762.0	4101.5
228.8	491.3	1908.5	2785.8	4075.3
227.0	539.6	1799.6	2809.3	4041.8
226.8	589.4	1759.8	2837.8	4052.2
225.6	627.2	1652.6	2873.2	4009.6
222.3	645.7	1502.6	2924.7	4015.3
219.1	638.3	1414.6	2929.8	4078.9
216.6	640.0	1329.1	2985.9	4146.1
213.2	629.4	1223.4	3037.6	4148.4
211.4	585.2	1109.4	3094.0	4106.4
209.9	551.6	1065.6	3118.8	4118.4
210.0	474.3	1052.5	3141.8	4134.1
209.0	432.4	1055.3	3144.6	4123.1
208.4	415.6	1087.7	3127.8	4114.4
209.4	412.8	1156.9	3079.8	4094.2
209.2	407.4	1267.2	3027.0	4054.5
209.7	408.8	1323.9	3011.5	4128.0
204.2	436.6	1480.1	2986.4	4224.1
198.4	528.7	1665.8	3010.2	4068.0
209.1	585.2	1757.5	3038.5	3929.4
210.6	590.3	1895.0	3019.7	3889.9
210.6	584.4	2034.1	3005.1	3926.3
212.0	558.8	2130.1	2982.3	3949.6
213.1	473.3	2201.6	2951.6	3899.2
211.8	432.1	2322.5	2921.8	3951.3
211.0	420.9	2366.0	2826.6	4020.0
210.4	419.9	2326.0	2780.1	4044.8
210.4	421.9	2300.9	2746.8	4089.5
210.9	438.5	1976.7	2507.9	4162.9
208.4	456.3	1999.1	2537.7	4141.7
202.7	469.2	1770.7	2544.2	4100.1
192.9	470.8	2269.6	2656.5	4089.3
191.4	622.0	2373.9	2763.2	4032.6
70.7	599.4	2428.8	2802.4	4052.7
283.0	555.9	2363.0	2882.0	4021.3
0.0	590.9	2246.1	2878.2	4046.2
0.0	700.6	2179.0	2872.3	4053.4
69.6	697.2	2088.1	2870.4	4074.2
209.4	733.8	2036.1	2884.5	4184.0
0.0	753.8	1948.5	2888.4	4253.6
95.4	749.2	1868.4	2885.4	4305.9
194.8	709.3	1812.0	2849.8	4357.9
192.9	639.1	1750.3	2873.2	4371.1
192.3	577.0	1648.9	2901.8	4306.3
190.5	445.7	1768.7	3060.1	4148.0
173.3	1223.4	2259.7	3196.0	4174.5
63.5	1218.0	2416.0	3411.8	4351.4
0.0	1120.1	2204.8	3166.9	4230.8
0.0	1071.8	2245.5	3142.3	4133.0
0.0	1100.8	2260.3	3224.6	4186.0
0.0	825.5	2000.5	3075.8	4241.3
470.9	772.4	1884.1	3103.7	4227.4
444.8	461.3	1761.3	2923.7	4272.2
0.0	453.6	1749.7	2843.9	4417.2
196.9	486.8	1804.8	2891.6	4284.5
190.8	575.3	1891.7	3075.4	4229.1
193.8	928.1	2268.2	3268.7	4336.4
193.5	1065.4	2522.9	3649.6	4492.2
93.5	912.3	2611.6	3669.9	4625.3
0.0	935.6	2420.7	3532.7	4518.3
127.7	1037.0	2505.9	3580.2	4650.4
130.4	985.1	2640.7	3692.1	4638.6
481.5	1114.6	2583.9	3763.8	4529.0
461.5	1117.6	2553.8	3710.1	4494.7
81.6	1056.5	2467.5	3610.9	4549.5
0.0	981.2	2382.8	3509.9	4512.1
114.3	796.5	2154.7	3324.3	4379.7
0.0	687.1	2021.1	2899.9	4266.4
0.0	554.3	1770.6	2845.9	4413.7
252.2	600.7	1747.3	2834.6	4487.8
207.7	627.7	1783.2	2830.3	4477.8
201.1	631.5	1785.4	2829.1	4410.8
199.3	647.2	1790.4	2817.2	4306.3
200.3	647.9	1740.9	2771.0	4287.7
201.2	626.9	1615.5	2767.0	4242.1
202.2	507.5	1534.7	2719.7	4187.6
201.0	395.2	1462.6	2903.3	4270.9
98.5	411.8	1709.6	3126.2	4337.1
65.8	512.1	1850.4	3097.7	4211.7
211.8	1384.1	2260.9	3233.4	4216.4
216.6	1164.8	1917.1	2969.8	4096.9
218.8	476.0	1760.7	2879.1	4047.3
232.6	488.6	1629.5	2931.7	4108.8
222.5	455.7	1649.9	2976.4	4212.9
219.6	423.2	1813.0	2895.4	4381.8
216.0	430.3	2000.4	2871.8	4437.4
215.0	428.6	2079.3	2882.4	4561.3
214.9	431.0	2105.0	2858.0	4305.5
215.5	448.2	2204.9	3039.9	4184.4
220.8	823.1	2251.5	3248.0	4242.3
230.1	962.0	2243.8	3267.1	4289.7
0.0	1047.5	2268.8	3218.8	4348.7
0.0	966.5	2192.9	3182.4	4165.1
0.0	989.7	2149.2	3119.4	4188.6
67.4	1018.5	2256.4	3096.4	4208.2
210.8	1073.6	2158.9	3084.4	4129.3
571.4	1003.9	2256.2	3124.9	4201.8
157.9	924.3	2109.2	3088.7	4125.9
158.2	1055.2	2141.3	3178.4	4160.3
382.6	1128.5	2042.1	3146.6	4283.6
0.0	1145.3	1953.6	3112.4	4297.7
0.0	478.9	1928.4	3105.4	4272.6
0.0	436.5	1786.8	3066.7	4209.8
231.0	407.6	1071.3	3038.2	4255.9
212.1	402.6	1037.4	3004.4	4285.9
196.9	487.1	1083.3	2988.7	4249.9
195.4	581.5	1107.6	2963.3	4280.7
191.1	594.4	1111.6	2953.2	4228.6
184.7	574.6	1102.2	2935.0	4048.3
183.9	585.2	1081.8	2882.6	3920.9
182.6	559.9	1048.9	2770.3	3827.6
178.9	562.2	1025.8	2738.1	3906.7
172.7	561.2	1018.1	2789.9	3940.2
165.7	573.4	1051.7	2797.7	3981.9
178.7	666.2	2200.3	3255.9	4144.8
70.4	573.0	981.1	2744.0	3793.6
103.3	581.2	988.1	2654.3	3811.4
99.2	566.3	1002.4	2593.3	3912.3
148.3	581.4	1054.1	2622.8	3980.4
0.0	777.0	2064.2	3262.5	4283.9
251.7	816.0	2014.6	3253.9	4177.5
0.0	636.6	1153.2	2188.2	3869.2
270.8	845.0	1890.7	3203.5	4216.2
275.5	860.7	1821.7	3083.8	4167.6
0.0	672.4	1487.1	2875.1	4286.2
275.8	715.0	1491.5	2381.0	4197.3
66.6	609.0	1421.9	1827.3	4047.0
0.0	805.8	1584.7	2953.3	4297.5
65.8	675.4	1562.7	2058.9	4162.3
252.8	657.6	1676.2	2230.7	4102.1
227.6	941.7	1714.5	2217.4	4076.6
217.4	1139.4	1786.0	2527.9	4103.7
209.3	1082.6	1750.5	2686.3	4020.7
206.5	1033.0	1668.7	2665.2	4219.7
70.0	1098.6	1704.0	3037.4	4314.7
221.0	931.3	1749.1	3041.8	4135.4
0.0	981.2	1711.5	3163.5	4320.9
0.0	1091.7	1772.5	3212.9	4453.1
0.0	1056.1	1783.9	3097.7	4295.3
0.0	923.5	1777.5	2938.6	4161.7
0.0	959.5	1792.7	3028.9	4206.4
