0.0	0.0	0.0	0.0	0.0
0.0	0.0	0.0	0.0	0.0
0.0	0.0	0.0	0.0	0.0
0.0	740.3	1742.3	2405.8	3325.0
0.0	986.2	1729.4	2465.4	3317.8
0.0	695.2	1718.5	2551.9	3350.7
0.0	836.0	1727.9	2559.7	3445.4
0.0	841.1	1710.3	2572.3	3423.9
100.0	717.0	1650.9	2506.1	3390.3
0.0	727.0	1485.8	2431.0	3356.0
0.0	700.1	1580.6	2477.5	3425.9
0.0	576.4	1654.2	2654.4	3467.7
0.0	585.6	1672.8	2692.0	3552.2
0.0	921.6	1728.4	2670.6	3477.0
0.0	931.8	1678.5	2536.6	3424.3
0.0	835.0	1608.2	2506.1	3390.0
0.0	771.7	1625.2	2521.5	3392.4
0.0	748.4	1713.4	2519.1	3481.7
0.0	734.7	1806.6	2549.9	3419.7
0.0	702.6	1799.1	2533.7	3350.7
172.0	636.9	1699.7	2546.2	3408.8
84.8	460.3	1714.2	2549.0	3522.7
0.0	452.1	1721.5	2549.9	3510.8
0.0	444.5	1721.1	2520.9	3527.7
87.8	431.3	1707.0	2505.8	3511.6
88.6	425.9	1685.5	2484.0	3510.8
88.6	437.4	1676.1	2479.5	3521.7
87.9	422.8	1672.8	2478.3	3522.2
87.2	390.4	1666.4	2519.2	3531.8
85.1	445.0	1667.7	2574.2	3545.9
81.6	707.3	1874.2	2657.2	3629.7
75.5	830.4	1803.2	2677.5	3630.8
75.5	951.5	1880.0	2712.0	3645.5
0.0	803.7	1905.2	2713.9	3661.1
111.1	917.5	1893.2	2751.0	3674.8
333.3	886.4	1798.6	2701.2	3634.6
0.0	892.3	1735.0	2655.1	3644.7
173.9	734.6	1781.4	2626.2	3654.5
0.0	645.3	1774.2	2616.3	3605.2
0.0	519.7	1691.7	2531.4	3534.8
0.0	525.3	1617.1	2472.9	3502.1
97.8	528.2	1620.9	2483.4	3500.4
97.3	530.8	1622.6	2466.9	3470.1
95.4	530.8	1625.9	2446.0	3445.5
94.0	512.5	1646.1	2433.1	3399.6
93.9	496.9	1656.2	2437.2	3441.9
94.2	462.2	1646.5	2469.4	3400.6
93.5	453.9	1626.8	2481.0	3445.2
92.3	443.5	1553.3	2474.4	3482.6
90.7	330.8	1575.1	2401.6	3449.6
83.3	309.1	1611.0	2332.0	3334.3
86.6	371.6	1606.7	2377.5	3193.8
81.8	939.3	1753.1	2650.8	3288.5
80.5	818.5	1932.5	2658.4	3381.4
76.9	1015.1	1994.2	2711.3	3446.2
0.0	728.3	1809.8	2723.4	3474.5
444.4	1022.6	1959.1	2660.0	3512.0
500.0	1036.8	2094.4	2688.1	3499.3
0.0	967.4	1781.2	2691.6	3393.7
400.0	1107.2	1868.1	2663.9	3436.8
375.0	1092.9	1795.6	2625.0	3430.1
375.0	888.1	1603.4	2570.4	3478.2
0.0	838.1	1667.7	2575.2	3533.6
134.8	871.5	1909.8	2690.8	3508.5
0.0	824.1	1860.1	2740.8	3532.2
300.0	756.6	1675.2	2667.5	3504.9
300.0	723.1	1698.4	2538.5	3465.2
75.5	668.7	1474.4	2462.8	3467.4
0.0	515.8	1009.7	2421.2	3545.6
0.0	563.3	1014.8	2430.5	3521.2
0.0	597.9	1098.5	2442.5	3506.3
87.9	628.9	1170.0	2400.5	3472.8
86.9	656.1	1175.3	2404.2	3461.0
85.1	644.9	1171.9	2401.6	3488.6
83.7	648.0	1192.5	2360.9	3450.5
83.2	644.6	1214.6	2286.8	3300.1
83.3	638.7	1209.4	2261.2	3299.8
82.4	611.8	1259.5	2277.3	3215.3
82.1	573.3	1254.1	2261.5	3132.2
82.4	531.7	1228.2	2195.3	3107.4
79.9	560.7	1550.2	2274.4	3231.5
79.3	625.4	1749.9	2617.6	3433.5
68.6	734.1	1705.3	2597.2	3458.8
0.0	791.4	1678.8	2457.5	3329.3
0.0	810.5	1748.4	2595.1	3373.0
0.0	656.8	1706.5	2644.8	3465.5
0.0	831.5	1769.1	2589.0	3452.2
0.0	873.5	1789.6	2564.1	3370.0
0.0	924.0	1640.2	2499.4	3303.4
0.0	990.4	1760.2	2523.1	3345.1
0.0	682.0	1678.9	2535.9	3382.4
0.0	801.9	1836.3	2664.4	3439.4
0.0	1018.1	1851.6	2697.2	3469.7
0.0	956.1	1755.8	2585.7	3468.8
0.0	595.0	1686.3	2392.3	3342.5
0.0	547.2	1396.2	2142.5	3157.8
0.0	563.3	1358.8	2209.3	3080.2
0.0	585.8	1399.3	2297.1	3100.2
91.5	599.8	1393.5	2322.1	3207.8
82.2	616.1	1418.8	2322.0	3306.4
84.0	627.7	1411.8	2299.7	3348.8
85.0	637.2	1407.0	2299.5	3388.2
84.8	642.7	1408.5	2291.1	3363.1
85.2	654.6	1425.1	2296.0	3344.8
85.5	687.4	1448.5	2302.3	3343.3
84.9	677.7	1438.0	2319.1	3344.1
84.3	665.7	1423.5	2323.3	3366.1
83.5	658.7	1434.7	2306.5	3404.7
81.8	658.4	1459.3	2256.8	3338.8
81.8	680.6	1486.5	2220.0	3277.0
81.1	654.4	1419.7	2169.7	3239.7
80.9	609.8	1482.3	2168.4	3238.3
80.3	585.0	1565.2	2012.0	3157.2
79.3	606.9	1598.2	2042.5	3119.0
79.3	963.1	1692.2	2012.8	3213.6
74.9	1149.3	1890.6	2794.0	3465.3
99.2	684.8	1774.3	2477.5	3473.9
0.0	745.5	1666.0	2660.1	3495.6
0.0	788.8	1642.7	2707.1	3422.8
0.0	802.8	1599.1	2568.2	3374.1
0.0	750.0	1908.4	2272.3	3277.3
0.0	665.1	2058.7	2383.7	3256.7
160.0	768.8	2031.1	2706.1	3579.7
157.9	810.6	2079.8	2604.4	3481.3
0.0	494.5	1998.4	2488.7	3353.1
0.0	687.8	1863.3	2487.6	3404.2
0.0	605.4	1890.6	2548.3	3470.9
0.0	570.3	1854.7	2541.8	3409.1
0.0	611.2	1817.0	2414.3	3455.6
0.0	550.0	1814.7	2498.9	3479.4
0.0	652.6	1806.0	2507.7	3457.2
104.3	585.2	1769.8	2357.7	3355.4
240.0	555.3	1629.4	2225.3	3384.8
179.6	838.4	1750.1	2291.3	3435.6
0.0	856.7	1720.4	2296.2	3370.1
0.0	766.4	1654.5	2312.8	3363.6
0.0	709.5	1681.5	2300.1	3348.8
0.0	698.4	1614.9	2336.8	3219.9
0.0	929.0	1594.2	2397.0	3349.0
82.2	729.5	1632.2	2373.0	3362.5
272.7	737.4	1714.5	2431.2	3421.6
