0.0	0.0	0.0	0.0	0.0
0.0	0.0	0.0	0.0	0.0
0.0	0.0	0.0	0.0	0.0
0.0	625.1	1720.4	2643.8	3455.7
0.0	802.3	1729.4	2625.6	3409.7
0.0	847.9	1843.8	2665.0	3441.3
0.0	947.3	1928.3	2662.4	3391.1
0.0	596.7	1651.4	2655.3	3383.2
0.0	579.6	1615.7	2612.1	3451.2
0.0	928.7	1839.6	2661.3	3537.3
0.0	878.1	1710.8	2654.8	3487.8
0.0	780.7	1821.1	2638.3	3569.4
0.0	829.7	1932.7	2743.0	3651.0
0.0	749.1	1843.4	2660.5	3552.0
0.0	680.7	1810.9	2597.8	3485.9
0.0	655.9	1632.6	2627.1	3513.4
0.0	999.2	1791.4	2709.2	3625.8
0.0	704.3	1511.4	2748.2	3593.2
0.0	635.2	1566.9	2706.4	3511.1
0.0	497.4	1606.6	2635.6	3401.5
0.0	436.0	1593.7	2683.9	3269.4
0.0	455.8	1560.2	2601.3	3198.3
134.5	478.4	1553.7	2451.6	3093.7
132.5	481.2	1452.4	2309.2	3011.7
129.5	482.3	1359.6	2172.1	3064.6
128.3	515.1	1248.2	2122.2	3128.8
127.2	506.3	1163.2	2124.7	3115.0
126.4	472.2	1080.9	2134.3	3118.5
124.8	442.9	1000.9	2180.3	3157.6
123.9	485.7	968.7	2212.6	3066.4
123.7	475.0	976.8	2245.4	3039.9
123.1	459.9	984.9	2165.4	3031.7
122.8	492.9	1021.1	2111.9	3083.5
122.2	498.1	1087.6	2047.7	3162.7
120.8	504.1	1101.5	1999.4	3206.9
120.0	515.8	1101.8	1896.4	3084.8
119.2	519.6	1149.7	1819.1	3071.1
117.8	535.1	1169.5	1781.6	3071.3
116.4	538.0	1161.9	1746.3	3050.8
115.3	532.0	1166.9	1741.2	3033.8
115.0	555.5	1183.0	1748.2	2983.7
114.8	560.8	1178.8	1762.4	2998.2
115.3	567.5	1197.5	1797.9	3026.5
116.0	574.5	1195.3	1833.3	3014.5
116.6	583.3	1208.5	1903.2	2975.0
115.4	600.3	1216.9	1940.2	2967.5
115.1	617.9	1234.3	2031.9	2968.9
115.3	636.6	1230.3	2164.1	2972.1
115.6	649.5	1185.1	2250.6	2963.0
116.8	653.2	1193.6	2359.9	2979.0
119.4	646.1	1225.3	2487.0	3121.8
124.1	634.1	1221.3	2560.1	3125.6
128.8	637.9	1206.6	2616.2	3110.3
133.5	626.3	1229.6	2700.2	3170.2
142.0	593.8	1234.7	2788.6	3246.6
146.3	556.4	1250.8	2788.7	3310.7
154.2	469.9	1230.5	2759.9	3303.2
157.5	470.2	1296.1	2750.6	3209.6
156.6	463.7	1350.3	2790.5	3278.6
156.5	464.5	1340.0	2764.9	3371.9
157.4	455.0	1327.8	2769.9	3364.4
161.9	493.2	1330.6	2811.2	3369.7
168.2	532.3	1363.0	2693.6	3208.4
170.2	510.4	1379.8	2575.8	3153.5
169.6	488.2	1387.7	2443.0	3191.3
166.1	472.0	1407.0	2339.2	3216.7
161.5	470.8	1432.5	2294.8	3215.4
153.9	513.2	1636.0	2488.0	3369.8
143.7	863.7	1737.4	2519.5	3426.5
136.5	905.7	1874.2	2626.9	3567.0
123.7	1048.9	1921.4	2682.5	3573.2
118.8	912.7	1819.8	2528.6	3415.5
0.0	1035.7	1892.3	2612.3	3360.8
0.0	1137.3	1881.4	2689.8	3421.0
0.0	951.9	1654.5	2481.5	3477.0
0.0	1063.8	1792.7	2756.2	3431.4
0.0	1076.3	1861.1	2742.3	3420.2
0.0	928.2	1745.9	2524.2	3369.9
0.0	803.5	1600.8	2501.6	3289.6
0.0	603.4	1135.8	2288.7	3229.7
0.0	629.7	1098.3	2212.0	3197.5
165.4	636.8	1081.4	2206.3	3192.0
157.7	665.9	1085.7	2208.8	3152.7
153.5	668.9	1092.1	2173.9	3118.7
150.3	683.0	1141.1	2156.5	3092.2
146.3	674.7	1157.5	2108.6	3055.1
143.9	693.7	1192.6	2080.0	3089.8
143.1	692.2	1204.3	2022.9	3050.7
142.3	701.4	1224.3	1988.9	3054.7
142.2	675.1	1212.7	2021.6	3036.4
142.3	660.5	1205.1	2028.0	3018.2
142.5	677.1	1202.2	2004.7	3000.2
143.2	602.6	1131.1	2006.0	2983.8
143.1	641.3	1164.7	2007.2	3005.2
138.3	586.5	1350.8	1990.9	3030.7
135.0	478.0	1364.7	1994.5	3013.1
130.7	608.9	1388.2	2092.7	3025.6
129.0	652.2	1341.4	2170.0	3025.6
125.0	693.1	1285.0	2369.4	2997.1
122.4	720.7	1237.9	2404.3	3023.3
125.0	777.5	1276.6	2594.6	3108.5
125.5	762.7	1250.7	2654.3	3122.3
125.9	760.0	1264.7	2651.2	3154.3
126.5	738.4	1233.0	2591.6	3129.0
124.3	807.4	1222.2	2623.0	3139.9
119.6	760.5	1211.1	2671.7	3186.1
116.3	715.7	1207.6	2680.9	3210.7
113.5	681.1	1205.4	2701.3	3179.9
110.9	675.8	1194.2	2694.0	3175.8
110.2	670.1	1200.1	2691.7	3201.0
109.6	643.9	1223.8	2643.3	3167.5
110.1	608.3	1239.9	2642.7	3143.2
110.2	546.1	1266.2	2678.9	3137.3
109.3	499.9	1298.4	2765.8	3213.5
109.3	451.0	1318.6	2769.0	3252.0
105.7	468.8	1358.8	2763.3	3315.3
104.3	472.8	1660.6	2813.9	3371.3
106.2	432.4	1403.5	2837.2	3356.4
0.0	380.6	1429.9	2860.3	3387.1
111.1	386.6	1412.2	2829.0	3331.5
108.1	464.8	1429.5	2852.7	3302.5
110.1	456.0	1445.4	2849.8	3274.7
110.1	413.3	1434.7	2823.8	3224.8
109.6	445.0	1410.0	2830.7	3267.1
109.6	444.7	1420.6	2832.6	3195.5
108.4	484.1	1410.5	2820.4	3251.9
107.2	485.5	1424.2	2854.4	3404.5
107.1	464.5	1436.5	2824.9	3231.0
107.1	428.4	1420.5	2849.0	3295.8
106.2	430.6	1463.6	2870.8	3401.1
104.3	500.7	1458.5	2852.2	3343.7
102.6	540.2	1514.4	2956.3	3422.4
100.8	588.9	1550.3	2913.3	3408.0
99.2	526.6	1543.9	2833.7	3279.8
106.2	465.1	1392.9	2589.1	3229.3
106.2	479.3	1387.8	2418.2	3552.6
106.2	427.7	1356.0	2401.7	3512.9
108.1	410.6	1444.2	2382.3	3296.5
107.1	268.0	1431.4	2430.7	3272.6
110.0	265.7	983.4	2487.0	3266.4
110.2	288.1	1745.2	2743.9	3140.2
110.7	462.3	1844.8	2746.3	3153.5
114.2	449.3	1857.5	2661.0	3039.7
113.2	470.2	1855.0	2570.1	3057.8
114.1	466.5	1828.8	2487.6	3037.5
114.8	482.9	1817.2	2418.0	3022.2
115.1	501.8	1776.7	2296.0	3000.9
115.8	523.3	1696.2	2096.9	3001.9
117.5	523.8	1620.2	2019.9	2974.2
119.5	528.8	1550.2	1988.9	2996.1
120.6	524.6	1495.2	1943.5	3126.1
121.0	513.2	1408.8	1826.4	3157.6
120.6	485.7	1269.4	1805.9	3125.0
121.2	459.3	1147.6	1902.5	3174.9
119.6	237.4	1218.5	2118.3	3191.8
116.5	236.9	1229.0	2166.6	3239.5
115.7	243.5	1194.4	2212.1	3245.2
114.5	253.6	1145.1	2196.8	3190.7
113.0	269.5	1215.4	2278.4	3227.5
0.0	522.4	1249.9	2364.0	3231.0
0.0	573.0	1235.4	2407.7	3143.9
117.4	637.5	1244.0	2474.9	3104.2
112.9	669.6	1252.3	2508.9	3153.2
111.6	683.4	1228.5	2527.3	3188.5
110.5	695.6	1237.8	2564.2	3234.7
108.7	699.4	1251.0	2582.9	3203.1
107.3	691.6	1257.4	2590.2	3197.0
104.9	696.8	1254.7	2597.9	3223.3
103.5	722.6	1268.2	2602.2	3213.9
101.8	737.5	1320.2	2593.6	3278.4
100.8	719.8	1358.4	2593.7	3287.7
100.2	727.5	1399.9	2556.6	3291.2
99.5	728.6	1412.5	2534.6	3277.3
98.3	702.5	1453.4	2549.9	3264.2
97.3	663.2	1508.0	2558.3	3234.0
95.3	629.8	1569.0	2574.4	3267.5
93.9	622.2	1601.6	2586.9	3359.2
92.5	597.8	1662.5	2589.5	3330.7
90.2	571.2	1694.5	2652.8	3264.8
88.8	587.9	1714.1	2665.0	3279.4
90.3	576.5	1764.6	2644.3	3268.4
90.9	558.6	1765.4	2660.2	3281.5
95.2	606.6	1758.5	2654.5	3276.4
91.6	814.2	1813.3	2622.9	3153.1
81.6	822.7	1796.5	2630.0	3143.0
88.2	661.0	1754.3	2590.9	3183.8
249.2	654.2	1737.8	2521.2	3345.3
244.9	730.5	1694.0	2548.4	3384.1
0.0	738.3	1657.7	2555.5	3260.6
120.0	718.4	1784.0	2646.5	3479.2
0.0	801.4	1795.6	2603.7	3437.1
0.0	834.0	1879.0	2675.8	3435.9
0.0	837.2	1970.3	2735.5	3492.3
0.0	803.0	1909.6	2623.9	3616.2
0.0	1177.9	1776.3	2666.4	3574.3
