0.0	0.0	0.0	0.0	0.0
0.0	0.0	0.0	0.0	0.0
0.0	0.0	0.0	0.0	0.0
0.0	964.5	1702.6	2568.6	3255.7
0.0	1002.4	1708.5	2612.5	3296.3
0.0	1044.4	1676.3	2629.6	3261.4
0.0	922.3	1580.6	2581.5	3271.8
0.0	866.0	1638.6	2595.6	3312.0
0.0	820.9	1586.0	2504.5	3295.5
0.0	629.9	1459.5	2418.9	3309.2
0.0	661.6	1581.2	2419.4	3341.0
0.0	794.9	1684.7	2576.7	3390.9
0.0	842.2	1777.4	2646.7	3391.5
0.0	756.0	1764.1	2575.1	3349.7
0.0	895.0	1776.0	2691.1	3428.5
0.0	910.7	1759.6	2631.3	3443.9
0.0	719.6	1604.0	2558.6	3323.7
0.0	820.5	1897.9	2866.8	3333.2
547.1	1323.2	2176.8	2852.1	3510.4
0.0	729.6	1888.8	2738.2	3506.0
0.0	670.5	1826.3	2768.2	3454.4
0.0	429.9	1794.4	2742.2	3369.2
0.0	422.3	1785.5	2716.6	3344.4
159.9	450.0	1682.6	2735.2	3360.7
145.9	459.0	1622.1	2750.9	3398.4
137.5	543.1	1643.5	2775.7	3481.3
125.9	779.1	1762.4	2803.4	3600.4
115.4	803.6	1791.4	2894.8	3603.0
0.0	892.8	1828.6	2892.4	3563.3
0.0	998.4	1798.6	2771.8	3487.0
0.0	828.7	1850.1	2845.0	3579.2
0.0	837.9	1923.5	3001.4	3653.6
69.4	923.6	1784.6	2924.8	3594.5
137.9	738.6	1766.7	2875.3	3573.8
85.7	880.8	2025.3	2915.9	3625.0
103.4	953.9	2076.2	2873.1	3555.6
0.0	625.9	2082.3	2824.5	3517.3
0.0	433.6	2028.3	2726.7	3461.7
0.0	452.9	954.1	2524.8	3244.2
144.6	449.2	902.9	2573.1	3034.4
141.3	432.0	908.3	2615.9	2941.8
138.9	412.9	900.8	2606.8	2785.3
136.7	414.1	912.3	2606.8	2769.7
135.1	547.0	1004.0	2643.0	3046.0
138.0	625.2	1076.8	2674.0	3054.7
136.1	656.5	1101.5	2706.6	3156.7
134.4	667.2	1126.1	2704.8	3224.1
134.5	686.5	1130.2	2716.0	3225.1
135.7	694.8	1139.8	2714.1	3209.6
136.8	684.5	1158.3	2690.8	3210.0
137.9	698.9	1146.6	2668.1	3192.4
138.2	688.1	1162.9	2675.7	3241.3
141.8	715.3	1161.7	2682.7	3234.3
144.3	696.9	1167.2	2699.3	3260.5
146.7	667.0	1186.2	2706.8	3288.3
147.8	662.9	1201.5	2725.4	3317.7
151.3	625.8	1254.0	2666.1	3346.1
154.5	596.7	1298.0	2531.1	3346.6
158.0	581.3	1384.7	2541.6	3358.9
160.2	591.7	1468.3	2569.9	3279.1
160.0	577.2	1568.1	2473.0	2992.5
160.2	585.0	1612.9	2504.7	3220.3
160.6	576.9	1623.0	2597.6	3369.9
160.1	593.7	1583.4	2627.3	3377.2
160.9	602.2	1563.7	2653.1	3310.7
160.2	608.2	1529.1	2674.1	3202.8
157.1	601.3	1469.7	2642.8	3154.6
154.8	535.4	1345.5	2523.3	2995.5
148.1	483.1	1377.7	2439.8	3013.2
150.7	467.5	1371.1	2514.8	2937.7
149.5	572.1	1381.2	2639.3	2993.5
150.0	586.8	1421.0	2666.7	3190.9
146.4	607.5	1430.9	2641.1	3239.9
143.4	608.9	1403.4	2599.9	3275.2
142.9	615.5	1414.0	2643.8	3317.2
143.1	623.2	1386.7	2638.5	3301.9
143.7	625.8	1330.2	2644.9	3313.6
145.8	634.8	1285.0	2625.6	3326.6
147.9	633.7	1267.6	2573.2	3331.8
149.3	650.9	1233.2	2584.4	3275.9
150.6	657.8	1219.1	2603.1	3295.6
148.5	693.2	1249.0	2596.6	3302.0
145.9	792.3	1656.3	2692.8	3479.0
140.1	1072.8	1873.0	2760.7	3517.9
134.8	1020.4	1745.2	2675.9	3484.9
0.0	1031.8	1678.6	2550.2	3449.4
230.8	1129.6	1927.7	2659.1	3529.5
71.4	1061.9	1854.5	2700.0	3487.1
0.0	1069.1	1921.8	2774.0	3368.8
0.0	1230.2	1994.4	2833.2	3397.9
461.5	979.4	1805.1	2538.0	3319.0
0.0	1029.9	1802.9	2386.1	3356.9
122.4	1119.6	1716.2	2257.7	3277.1
461.5	1138.3	1758.4	2246.0	3284.8
0.0	754.8	1682.2	2555.9	3368.7
0.0	954.5	1688.1	2674.2	3445.1
0.0	956.9	1763.9	2606.7	3406.0
0.0	830.5	1835.2	2671.7	3460.6
0.0	779.6	1812.2	2752.6	3532.9
0.0	725.5	1809.2	2675.0	3514.0
0.0	919.9	1848.7	2663.8	3345.5
0.0	658.6	1825.1	2638.3	3214.7
0.0	620.5	1836.5	2722.0	3372.9
0.0	794.0	1849.0	2588.2	3408.8
500.0	809.6	1839.0	2591.8	3368.3
0.0	623.4	1811.5	2519.2	3321.3
0.0	698.8	1716.8	2490.4	3308.4
121.2	533.0	1542.3	2418.5	3265.2
0.0	471.4	1447.0	2336.7	3282.2
0.0	475.7	1266.1	2295.7	3235.3
120.8	236.3	1181.3	2322.5	3182.5
116.3	253.3	1120.6	2286.1	3297.4
113.6	238.8	1137.9	2257.8	3270.2
113.2	253.8	1254.8	2288.0	3145.5
112.1	255.2	1345.2	2321.7	3203.1
112.1	396.5	1510.4	2324.0	3136.3
224.2	506.3	1552.7	2375.7	3067.8
112.1	538.0	1593.3	2472.9	3092.6
113.7	561.7	1716.7	2526.6	3166.2
113.2	555.7	1751.4	2574.9	3230.5
113.8	552.8	1790.7	2572.2	3305.3
116.3	533.6	1870.7	2591.0	3338.4
120.1	517.0	1946.3	2596.1	3342.6
122.4	487.2	2047.2	2609.4	3350.7
123.6	472.3	2118.2	2608.6	3406.6
123.9	434.0	2148.7	2521.7	3461.5
121.5	454.4	1611.2	2351.3	3520.7
110.8	588.3	1514.2	2331.9	3483.6
69.8	677.9	1904.5	2783.3	3358.6
71.9	561.6	1638.0	2751.3	3264.6
0.0	682.8	1532.8	2433.1	3286.8
0.0	643.4	1672.4	2630.0	3358.5
0.0	731.0	2008.3	2960.9	3371.3
0.0	745.6	1806.8	2988.8	3313.4
0.0	734.6	1888.1	2875.0	3435.4
142.9	903.3	2125.5	2885.3	3549.1
91.6	637.3	1995.8	2848.2	3412.3
0.0	393.9	2072.8	2751.1	3311.2
0.0	337.6	2096.4	2529.4	3301.6
126.8	349.4	2085.9	2388.1	3331.5
123.0	373.3	1989.7	2289.0	3328.5
120.1	367.3	1872.8	2298.1	3307.0
115.4	390.8	1723.1	2363.0	3310.9
107.1	1310.2	1795.5	2475.5	3437.1
99.2	1364.6	1885.4	2590.0	3538.6
91.6	1302.9	1805.9	2576.2	3443.2
0.0	1227.4	1862.5	2585.7	3402.0
0.0	985.8	1872.3	2617.1	3367.4
0.0	897.7	1753.2	2647.6	3433.0
0.0	902.7	1709.0	2578.1	3505.2
444.4	846.5	1625.7	2493.3	3372.0
0.0	856.7	1717.4	2408.2	3342.9
0.0	563.9	1756.7	2382.8	3341.0
0.0	415.3	1751.4	2379.7	3192.9
0.0	445.0	1752.2	2386.5	3162.0
127.1	476.3	1737.1	2426.8	3164.8
124.0	482.7	1724.7	2442.8	3191.7
122.2	484.2	1672.8	2451.3	3181.7
121.7	489.0	1600.0	2460.8	3161.2
119.4	501.8	1520.2	2468.2	3127.3
118.3	520.9	1382.9	2481.8	3092.5
117.4	534.0	1300.1	2464.0	3219.5
116.1	544.6	1242.5	2510.4	3172.3
115.8	545.5	1175.5	2576.0	3176.7
115.3	556.9	1110.3	2620.0	3146.9
115.0	563.8	1034.4	2655.6	3067.5
113.7	542.9	976.0	2627.2	3085.2
114.2	535.9	940.5	2669.9	3144.0
113.5	550.0	906.4	2760.4	3075.6
112.9	554.1	887.1	2755.5	3070.9
112.5	586.1	875.5	2783.3	3129.4
112.7	558.0	853.8	2789.3	3187.2
112.3	531.0	893.9	2554.5	3212.1
112.1	672.9	1118.8	2563.6	3256.5
109.8	846.5	1034.7	2560.8	3302.2
108.8	743.1	1793.1	2729.2	3402.1
110.7	717.4	1658.4	2707.9	3458.6
108.4	731.1	1588.5	2551.1	3610.6
92.8	913.9	1532.6	2473.8	3651.4
97.0	677.6	1567.5	2443.3	3612.3
79.5	690.3	1639.0	2388.5	3681.8
480.0	767.7	1749.5	2459.6	3508.7
0.0	953.8	1739.2	2666.9	3428.4
0.0	865.8	1636.1	2632.1	3437.7
0.0	790.4	1445.0	2660.9	3384.7
444.4	697.9	1319.7	2756.0	3247.2
413.8	597.0	1138.6	2713.8	3125.5
0.0	491.3	908.9	2661.2	3039.6
133.6	486.4	904.9	2650.9	3104.4
121.4	491.8	903.3	2556.7	3055.3
117.6	514.6	936.6	2493.8	2985.9
114.4	546.1	991.3	2433.1	2970.9
111.8	545.6	1047.5	2353.0	3000.6
109.6	558.9	1103.0	2278.2	3046.6
108.3	559.4	1147.8	2143.2	2952.7
106.7	561.7	1174.1	2086.7	3042.5
106.6	558.7	1209.5	1856.9	3047.5
106.7	554.1	1219.0	1742.0	3031.0
105.7	543.3	1243.9	1681.5	3037.6
102.3	545.0	1241.9	1633.9	3051.6
98.2	545.4	1269.7	1559.9	2974.6
95.3	528.2	1275.3	1555.9	2988.4
84.5	557.4	1290.0	1656.1	3241.9
90.9	503.9	1306.8	2400.4	3353.8
100.8	508.5	1357.2	2398.0	3175.7
99.2	450.7	1401.1	2332.9	3155.9
96.0	464.7	1415.3	2291.0	3165.4
93.0	530.2	1450.7	2441.7	3211.9
88.2	561.9	1429.3	2747.4	3383.0
106.2	665.6	1396.0	2806.1	3317.0
100.0	812.8	1457.4	2621.4	3229.0
0.0	679.5	1507.3	2285.5	3231.1
96.8	668.3	1543.4	2476.8	3399.1
219.9	702.6	1547.4	2622.5	3386.3
89.6	735.7	1542.8	2397.9	3237.4
0.0	733.3	1551.7	2363.0	3384.3
0.0	862.3	1646.4	2536.8	3704.7
0.0	867.3	1652.7	2501.8	3763.4
103.4	779.4	1442.5	2448.8	3748.2
521.7	743.5	1438.8	2395.5	3736.7
480.0	784.9	1708.3	2493.5	3686.9
480.0	757.1	1674.9	2501.1	3591.6
0.0	837.7	1785.7	2559.7	3523.5
0.0	753.6	1730.8	2658.2	3373.8
545.5	725.3	1684.5	2662.4	3310.9
0.0	686.8	1574.6	2637.4	3191.0
0.0	671.8	1586.9	2594.7	3170.4
0.0	703.1	1618.1	2589.5	3298.2
0.0	712.6	1590.0	2677.7	3283.9
78.9	653.8	1580.7	2630.5	3282.3
78.9	559.2	1524.2	2536.6	3402.1
210.5	634.6	1427.0	2510.3	3386.5
0.0	660.0	1440.9	2492.7	3346.6
0.0	751.5	1691.0	2519.9	3381.6
0.0	677.8	1663.8	2524.3	3334.8
