0.0	0.0	0.0	0.0	0.0
0.0	0.0	0.0	0.0	0.0
0.0	0.0	0.0	0.0	0.0
0.0	590.8	1919.3	2621.0	3382.2
0.0	627.7	1882.8	2577.2	3366.3
0.0	613.2	1860.2	2489.3	3400.7
0.0	768.6	1820.4	2460.3	3466.1
0.0	840.8	1775.9	2474.0	3381.3
0.0	666.0	1658.1	2481.2	3191.4
206.9	654.9	1712.4	2439.9	3179.5
122.4	608.6	1853.5	2605.0	3395.6
0.0	626.5	1899.3	2638.0	3384.1
0.0	550.2	1657.9	2607.6	3263.7
352.9	466.3	1521.6	2535.7	3242.8
0.0	789.2	1707.4	2592.1	3266.7
0.0	809.4	1867.9	2799.2	3424.3
0.0	850.9	1897.6	2741.0	3484.9
0.0	882.2	1809.5	2739.9	3449.9
0.0	723.0	1850.6	2806.9	3439.3
0.0	589.0	1792.6	2871.4	3402.4
0.0	881.4	1992.6	2930.5	3496.7
0.0	864.3	2120.3	2938.2	3522.0
0.0	687.6	1890.3	2884.7	3339.0
0.0	536.3	1925.6	2821.0	3277.6
0.0	341.4	2239.6	2986.9	3462.3
172.2	332.7	2279.9	2981.0	3497.9
166.1	334.2	2304.8	2956.5	3494.9
168.7	345.8	2312.7	2858.1	3464.7
170.1	356.7	2339.0	2725.5	3418.4
169.5	347.1	2306.4	2586.8	3423.6
171.8	338.8	2032.6	2435.8	3381.0
172.4	350.9	1771.3	2369.6	3308.7
172.1	341.4	1525.5	2350.1	3261.9
170.3	361.0	1783.0	2388.7	3306.7
167.6	370.5	1053.5	2361.4	3264.8
164.2	358.0	1060.9	2340.1	3243.0
161.5	381.5	1070.0	2335.4	3241.2
157.3	420.6	1185.8	2308.1	3248.1
155.2	475.5	1763.2	2464.2	3296.5
158.9	491.0	1891.4	2589.3	3394.0
153.6	490.7	1970.1	2679.5	3425.7
152.8	502.8	1996.6	2733.9	3462.5
152.6	507.6	2006.7	2756.0	3471.1
152.5	501.0	2047.3	2741.6	3473.6
152.1	490.1	2084.6	2790.4	3519.9
152.2	463.4	2115.0	2811.5	3497.3
150.3	454.5	2147.9	2793.0	3457.6
149.5	438.4	2204.2	2807.4	3502.8
148.1	458.8	2241.0	2854.9	3530.3
147.2	419.2	2280.9	2823.3	3529.3
143.8	455.3	2306.6	2749.4	3525.6
140.3	410.2	2327.7	2731.6	3524.4
136.2	523.8	2325.2	2596.0	3549.8
131.5	469.5	2337.9	2658.8	3548.9
125.4	640.0	2348.3	2651.9	3481.9
122.1	484.4	2321.5	2600.7	3480.6
120.3	416.4	2332.7	2601.3	3515.3
116.8	342.5	2307.6	2741.4	3515.2
117.6	340.2	2308.3	2836.6	3487.3
116.5	348.6	2247.5	2826.9	3495.5
118.8	391.2	2202.6	2767.9	3474.0
124.8	398.7	2098.0	2735.2	3440.1
128.4	400.1	2018.4	2745.8	3429.5
125.4	423.4	1916.8	2631.4	3448.5
125.1	452.5	1781.4	2578.6	3445.7
123.6	409.6	1600.0	2579.9	3462.8
276.4	368.1	1588.8	2588.3	3450.6
73.2	412.3	1677.6	2595.3	3523.8
0.0	438.7	1681.5	2562.6	3461.5
121.0	463.2	1675.1	2583.9	3434.3
122.5	463.5	1682.0	2625.4	3480.2
121.2	459.7	1683.9	2650.1	3515.3
117.7	459.1	1681.4	2673.8	3550.3
116.9	453.0	1629.8	2648.8	3500.8
114.9	464.9	1561.3	2648.9	3565.3
111.0	520.4	1701.4	2602.9	3547.3
101.8	560.0	1745.7	2631.4	3441.0
97.3	742.5	1750.7	2665.8	3428.1
0.0	777.9	1567.8	2563.7	3419.2
0.0	769.9	1624.4	2525.6	3376.1
0.0	887.9	1731.6	2616.1	3578.6
0.0	923.5	1776.9	2709.8	3548.6
0.0	809.1	1716.5	2750.7	3680.9
179.1	786.9	1725.1	2684.4	3671.2
148.1	808.5	1745.4	2599.3	3566.0
90.9	808.1	1719.6	2563.3	3444.5
0.0	760.3	1716.9	2556.7	3531.5
0.0	716.8	1677.8	2527.3	3582.8
141.3	700.0	1687.2	2495.8	3539.4
130.8	705.3	1637.8	2472.6	3488.9
130.8	686.7	1596.6	2452.9	3483.9
131.1	677.1	1577.4	2411.1	3401.2
128.1	683.6	1599.2	2381.4	3343.3
126.1	668.0	1628.5	2351.1	3325.3
125.1	660.1	1670.5	2307.4	3367.2
124.7	608.4	1729.0	2221.6	3336.5
126.1	558.3	1784.6	2146.8	3304.8
125.2	498.0	1832.6	2056.5	3241.6
122.3	485.0	1870.3	2038.3	3225.8
109.0	495.3	1898.6	2076.3	3309.3
69.8	438.0	1886.2	2332.0	3403.4
179.1	1090.9	1809.0	2415.2	3328.9
0.0	903.2	1679.3	2136.2	3286.3
0.0	740.9	1533.9	2372.0	3407.8
93.0	977.4	1741.4	2727.4	4255.2
0.0	1319.2	1817.0	2925.7	4592.3
500.0	1415.4	2172.5	3208.0	4903.1
0.0	1142.3	2045.8	2979.9	4412.9
0.0	1057.1	2095.2	3212.1	3947.9
0.0	897.1	2083.3	3149.2	3754.1
0.0	600.1	2089.7	3055.5	3596.4
352.9	1356.9	2141.7	2924.9	3413.9
125.0	1369.7	2034.7	2850.2	3450.3
0.0	865.0	1665.1	2366.2	3205.1
400.0	1086.9	1492.6	2425.0	3260.2
0.0	408.9	1380.1	2260.7	3291.3
0.0	368.6	1420.4	1884.5	3188.2
0.0	360.6	1508.6	1911.0	3273.8
117.2	354.9	1693.5	2016.7	3309.4
113.4	357.3	1863.7	2086.6	3367.4
111.0	334.4	1954.6	2209.3	3352.5
108.8	312.9	2005.0	2396.7	3341.9
107.5	310.1	2014.1	2529.9	3406.6
107.2	319.7	2015.6	2576.7	3382.2
106.5	312.2	2021.1	2506.4	3357.9
105.8	320.8	1994.3	2368.2	3352.5
103.5	346.0	1801.1	2300.6	3294.1
105.3	714.0	1677.7	2477.1	3334.1
98.4	727.4	1726.2	2590.8	3457.0
68.6	821.5	1705.1	2588.8	3373.4
0.0	709.6	1745.9	2487.3	3352.5
333.3	1113.6	1906.7	2684.0	3402.6
0.0	1138.7	1836.3	2691.4	3343.3
0.0	1101.9	1758.2	2669.9	3381.9
0.0	883.7	1816.3	2722.7	3360.8
0.0	954.9	1816.4	2747.6	3360.9
0.0	1066.9	1793.0	2565.7	3385.2
0.0	626.4	1500.5	2480.3	3227.2
0.0	563.1	1441.0	2449.8	3210.2
0.0	585.7	1469.8	2478.8	3291.9
104.5	583.3	1494.1	2547.7	3329.7
105.3	585.2	1482.5	2592.7	3343.3
103.9	573.0	1449.2	2603.7	3384.6
103.1	570.0	1451.2	2627.9	3370.6
101.9	564.5	1446.8	2657.3	3389.1
102.6	544.3	1430.5	2616.5	3459.4
102.8	514.1	1328.4	2570.1	3376.1
102.0	401.2	1254.4	2596.9	3227.0
100.5	394.8	1158.0	2570.6	3141.0
100.4	395.3	1256.4	2609.7	3060.9
100.7	381.5	1475.3	2646.1	3176.7
99.4	386.6	1476.1	2594.0	3003.7
99.4	402.9	1409.6	2562.1	2906.3
99.0	396.8	1478.1	2441.9	2910.6
98.2	379.6	782.2	2408.5	2979.5
96.3	525.3	1467.4	2465.9	3203.6
95.8	379.6	1540.6	2428.1	3140.5
98.3	655.4	1865.5	2625.1	3468.3
96.1	634.9	1657.5	2541.2	3500.8
96.1	679.6	1616.6	2535.1	3429.3
100.7	670.5	1625.1	2644.3	3467.8
0.0	583.5	1600.4	2645.2	3479.5
0.0	667.2	1564.5	2666.5	3393.7
0.0	634.9	1547.4	2667.7	3401.4
121.4	803.6	1560.0	2690.8	3406.0
116.6	743.2	1565.7	2704.9	3403.3
106.5	770.1	1579.9	2659.2	3391.5
106.6	590.0	1574.3	2629.2	3344.2
106.6	602.3	1531.9	2621.9	3282.4
109.1	624.1	1500.4	2594.5	3261.8
112.8	682.7	1488.4	2594.1	3266.2
0.0	670.4	1480.1	2455.2	3205.3
0.0	642.7	1484.8	2500.2	3232.3
0.0	712.5	1605.5	2672.7	3371.7
0.0	723.0	1698.7	2517.6	3284.5
0.0	828.2	1887.5	2637.3	3431.2
0.0	762.6	1651.9	2623.8	3433.1
0.0	687.6	1615.9	2514.4	3342.8
0.0	738.5	1599.8	2450.3	3361.4
0.0	709.3	1690.1	2556.9	3312.7
0.0	706.1	1715.2	2648.4	3411.5
0.0	747.8	1559.7	2693.6	3481.9
0.0	652.3	1521.1	2635.0	3461.6
0.0	694.1	1609.4	2575.6	3400.4
0.0	833.3	1669.5	2718.8	3530.4
