0.0	0.0	0.0	0.0	0.0
0.0	0.0	0.0	0.0	0.0
0.0	0.0	0.0	0.0	0.0
0.0	568.5	1420.1	2338.6	3681.3
0.0	750.6	1605.2	2462.3	3448.0
0.0	809.7	1762.1	2731.5	3523.5
0.0	813.5	1650.7	2585.8	3447.8
0.0	873.2	1639.9	2504.7	3427.9
0.0	821.7	1687.9	2521.7	3405.1
0.0	781.1	1687.0	2570.5	3300.3
0.0	753.6	1800.8	2640.4	3369.4
0.0	812.7	1853.8	2666.5	3422.9
0.0	756.2	1913.2	2589.7	3470.0
0.0	950.6	1763.8	2610.4	3470.1
0.0	714.4	1492.7	2591.1	3400.7
0.0	725.2	1479.4	2570.4	3396.0
0.0	819.6	1556.4	2526.6	3537.6
0.0	869.2	1572.2	2632.8	3690.8
0.0	760.4	1489.1	2337.3	3616.6
521.7	744.7	1429.0	2393.4	3513.8
0.0	813.6	1246.2	2378.1	3415.6
0.0	870.8	1389.1	2352.0	3413.2
0.0	582.1	1091.7	2378.1	3432.6
0.0	771.6	1009.0	2375.3	3443.2
0.0	653.3	1010.6	2407.3	3422.2
0.0	610.3	960.9	2452.1	3413.2
143.5	573.3	918.4	2468.0	3393.7
129.8	547.3	908.8	2497.9	3356.5
131.1	549.0	914.0	2536.5	3363.2
131.3	540.5	892.2	2558.4	3319.6
132.1	549.2	925.2	2561.4	3290.0
131.8	567.3	835.4	2572.1	3297.7
132.4	521.1	846.2	2551.9	3302.0
133.8	525.6	909.9	2527.1	3284.8
137.9	463.0	893.1	2472.2	3273.8
141.1	454.8	985.8	2305.8	3320.5
139.9	427.5	1052.5	2189.6	3361.8
139.7	412.5	1105.4	2039.0	3370.7
139.5	400.4	1211.3	1973.1	3424.5
136.9	389.3	1345.7	1914.7	3641.4
132.4	376.5	1522.6	1939.1	3688.9
136.7	386.5	1663.5	1964.9	3648.2
139.2	403.8	1738.3	1988.6	3593.7
138.9	351.0	1745.1	1996.2	3583.6
135.3	393.6	1734.4	1974.6	3542.2
133.0	393.1	1715.6	1982.6	3542.2
130.9	432.4	1691.6	1984.5	3337.3
129.7	396.4	1620.1	1897.0	3235.1
129.0	391.0	1537.9	1906.6	3278.2
126.3	390.3	1404.5	1863.3	3288.3
126.6	394.7	1263.0	1836.1	3288.4
126.4	405.7	1124.4	1818.3	3344.3
126.2	416.6	1026.7	1824.0	3394.9
125.3	411.2	939.3	1858.5	3372.4
124.0	405.1	865.5	1947.4	3410.0
123.6	388.4	805.6	2070.9	3437.9
122.1	380.5	762.9	2158.1	3469.2
121.4	371.6	772.9	2206.9	3468.9
120.1	356.6	774.7	2247.0	3450.4
120.5	378.8	813.2	2215.8	3446.7
122.2	377.8	888.2	2159.5	3409.5
125.4	386.1	972.8	2118.8	3407.0
126.9	387.8	1110.0	2056.4	3385.7
128.9	395.2	1262.7	2036.8	3348.1
129.0	384.5	1408.7	1990.3	3342.5
129.0	381.4	1547.7	1976.3	3281.8
129.1	374.3	1650.9	2004.7	3271.0
126.4	371.9	1685.9	2119.7	3224.8
120.4	383.3	1709.9	2314.4	3343.6
115.3	435.5	1901.3	2646.9	3311.0
111.1	722.8	1974.8	2919.2	3358.4
104.3	581.6	1982.3	2848.0	3357.2
0.0	502.3	2067.4	2721.3	3348.5
333.3	1306.2	2110.5	2921.3	3352.2
77.4	1233.0	2083.0	2814.5	3258.8
0.0	1037.1	1928.0	2659.7	3309.3
0.0	1031.2	1819.8	2671.3	3329.0
0.0	958.4	1680.3	2397.0	3278.4
0.0	618.2	1438.5	2267.5	3155.7
0.0	733.8	1436.3	2234.8	3194.4
96.8	883.2	1471.1	2478.1	3353.5
80.5	942.3	1639.8	2537.5	3389.3
85.1	900.8	1621.7	2488.6	3357.8
0.0	455.5	1354.5	2305.6	3323.2
0.0	471.9	1030.5	2242.8	3291.0
0.0	406.1	906.5	2318.7	3241.6
125.0	414.5	903.6	2360.8	3251.1
129.9	419.1	913.2	2360.6	3264.9
126.3	418.2	952.0	2401.6	3317.2
125.0	430.3	962.5	2377.3	3358.9
118.5	421.5	1051.0	2379.0	3376.2
111.1	605.3	1701.9	2629.4	3549.5
94.4	954.2	1687.5	2725.0	3651.6
82.2	993.4	1628.7	2720.2	3534.7
0.0	882.2	1742.5	2789.2	3626.1
0.0	708.0	1785.5	2808.9	3741.4
0.0	807.6	1774.2	2654.9	3706.0
0.0	865.7	1749.9	2676.3	3795.7
571.4	570.7	1733.5	2760.6	3898.4
428.6	571.2	1724.2	2454.4	3625.7
0.0	474.1	1639.3	2277.2	3589.6
0.0	471.2	1206.7	2197.2	3597.9
0.0	473.1	1243.8	2144.1	3621.5
131.7	534.1	1361.1	2157.2	3620.1
132.1	573.4	1431.1	2181.5	3596.6
131.6	521.9	1490.0	2213.8	3620.0
130.1	555.8	1567.9	2225.5	3585.4
130.5	571.7	1621.6	2164.3	3551.9
129.6	522.3	1688.3	2090.9	3585.5
127.8	513.0	1745.4	2075.4	3565.3
126.0	469.3	1814.6	2087.8	3532.9
122.3	449.9	1883.7	2155.6	3608.1
118.8	471.5	1943.2	2273.7	3613.1
111.1	829.3	2031.2	2533.2	3600.4
97.4	858.8	2071.0	2650.9	3545.9
86.3	879.3	2007.3	2681.6	3483.3
91.6	970.7	2028.9	2664.6	3478.0
0.0	931.7	2000.1	2653.5	3531.0
0.0	882.6	1979.7	2724.9	3596.9
387.1	883.0	1952.9	2516.3	3517.2
0.0	465.5	1870.7	2415.6	3568.7
0.0	424.5	1852.3	2295.9	3539.1
140.7	385.1	1861.4	2169.0	3521.6
125.6	385.7	1860.8	2094.3	3551.2
123.5	385.9	1834.3	2078.5	3581.2
120.5	388.2	1782.3	2082.5	3580.7
119.5	402.0	1641.2	2091.7	3611.6
114.1	404.4	1491.6	2124.7	3636.6
114.3	396.4	1396.5	2130.5	3610.5
113.0	376.2	1668.3	2227.6	3485.6
113.9	382.1	1684.1	2254.7	3498.0
112.0	410.2	1654.9	2224.6	3567.9
113.6	411.7	1015.0	2189.0	3523.1
117.2	409.8	831.1	2166.5	3456.2
119.3	426.8	882.0	2146.0	3486.9
121.3	461.7	926.8	2125.0	3446.1
121.6	473.3	928.2	2149.7	3371.7
122.0	513.7	883.2	2175.9	3335.4
122.4	504.8	854.9	2221.3	3379.0
123.7	489.7	839.5	2323.0	3429.6
121.5	487.8	786.5	2330.3	3469.0
121.2	476.5	729.5	2330.6	3495.4
120.4	467.1	725.2	2260.3	3474.2
117.6	456.2	752.4	2266.2	3500.6
116.5	442.5	800.8	2223.4	3453.0
112.1	441.7	867.2	2276.5	3408.7
100.8	679.3	1227.8	2257.1	3514.5
198.0	504.7	1557.7	2213.7	3565.4
93.9	438.7	1832.6	2226.2	3490.0
83.3	419.5	1732.9	2191.7	3422.5
83.9	926.1	1643.9	2274.1	3431.5
63.5	854.3	1772.6	2363.0	3336.2
0.0	794.7	1865.8	2592.9	3238.2
480.0	856.7	1967.3	2892.0	3406.7
333.3	598.3	2039.5	2927.8	3347.9
0.0	581.1	2082.9	2767.0	3253.5
0.0	628.7	2154.9	2657.6	3345.6
0.0	652.0	1830.3	2381.3	3297.7
0.0	700.4	1730.3	2324.8	3215.7
285.7	718.4	1670.8	2272.7	3258.2
0.0	449.9	1657.7	2218.8	3234.8
140.9	473.9	1639.7	2122.9	3130.1
123.5	496.1	1646.6	2115.3	3119.1
124.6	484.8	1680.3	2106.5	3247.4
125.7	501.6	1704.9	2094.6	3304.7
123.2	495.3	1717.1	2072.5	3309.5
122.2	494.7	1737.9	2100.7	3329.5
120.3	468.7	1768.9	2092.1	3373.8
119.7	467.6	1792.8	2067.8	3455.7
118.1	452.0	1840.5	2091.4	3482.7
116.6	437.1	1878.9	2089.1	3567.9
114.3	421.9	1919.1	2095.1	3593.5
114.1	421.4	1962.0	2151.1	3602.5
113.1	412.3	1958.3	2134.8	3683.1
112.8	416.8	1910.8	2091.8	3633.7
111.8	405.1	1894.1	2078.2	3421.5
112.3	404.9	1829.8	2106.2	3245.3
111.8	396.6	1750.6	2120.2	3254.5
111.3	394.7	1644.4	2099.8	3338.6
109.5	413.5	1761.6	2125.5	3374.5
106.7	438.9	1906.4	2293.0	3329.5
102.3	437.0	1975.0	2893.5	3198.3
87.0	1526.0	2183.3	2948.3	3457.6
153.8	875.0	1973.6	2837.8	3272.0
0.0	843.0	2005.7	2767.0	3157.6
0.0	594.0	1941.7	2700.1	3297.3
0.0	571.9	2001.4	2804.4	3444.6
0.0	666.1	1916.3	2674.1	3556.4
0.0	673.8	1705.2	2632.8	3618.4
0.0	631.0	1807.2	2600.4	3663.8
285.7	527.8	1576.3	2564.5	3578.4
285.7	848.4	1653.7	2502.0	3568.4
125.0	299.4	1415.2	2462.9	3531.2
0.0	361.8	1316.9	2377.2	3482.1
113.2	449.6	1330.0	2368.5	3542.5
108.1	492.5	1393.7	2404.4	3609.0
110.1	413.7	1411.7	2474.0	3539.8
107.1	435.4	1372.2	2432.7	3481.7
115.4	459.7	1389.4	2375.2	3554.9
116.5	478.9	1424.8	2338.7	3566.6
117.3	479.9	1462.5	2259.8	3544.2
116.9	488.0	1504.2	2209.9	3515.3
114.7	491.9	1550.3	2211.3	3419.6
112.3	490.8	1580.0	2202.7	3253.5
111.9	477.5	1628.1	2163.4	3107.5
110.3	471.6	1646.5	2194.3	3160.2
109.4	472.1	1640.6	2184.6	3196.0
107.8	456.7	1663.8	2132.2	3279.7
106.7	456.0	1677.4	2138.6	3327.3
105.8	452.8	1690.0	2156.0	3341.7
105.0	451.9	1681.1	2160.7	3455.0
103.5	459.3	1657.4	2194.3	3471.8
102.3	469.2	1659.6	2205.9	3507.7
101.6	475.7	1644.7	2158.4	3522.1
101.4	494.9	1612.9	2155.3	3571.6
97.7	500.0	1570.6	2139.8	3554.0
95.9	512.1	1529.0	2123.6	3545.9
88.2	515.7	1523.1	2092.5	3529.3
98.4	509.4	1506.9	2101.3	3591.8
63.5	503.0	1490.6	2129.3	3571.0
67.0	505.4	1454.7	2139.4	3448.0
67.0	476.8	1411.4	2127.3	3471.6
0.0	433.6	1413.5	2213.5	3487.3
63.9	424.6	1416.3	2213.1	3369.5
99.3	449.1	1492.4	2146.2	3350.1
118.8	820.5	1752.7	2605.3	3446.2
0.0	707.7	1742.8	2726.5	3478.1
0.0	894.6	1783.2	2685.3	3587.3
0.0	876.5	2013.8	2564.9	3680.3
211.9	689.2	2053.8	2749.1	3761.6
222.2	690.0	2010.3	2654.8	3719.8
0.0	820.5	1719.5	2242.2	3601.1
0.0	717.8	1611.9	2171.3	3570.0
300.0	742.7	1770.1	2131.2	3531.9
160.3	744.7	1727.5	2168.6	3567.4
151.9	714.5	1613.7	2199.6	3585.0
0.0	829.0	1712.1	2227.6	3525.0
0.0	739.5	1744.1	2217.3	3535.8
112.9	700.2	1663.2	2194.5	3484.1
0.0	881.7	1620.2	2204.7	3332.6
84.5	846.9	1608.8	2242.4	3235.6
84.5	845.3	1643.4	2311.3	3354.9
0.0	712.4	1598.7	2363.0	3434.0
449.0	830.4	1772.8	2527.4	3512.2
123.0	706.6	1785.2	2356.4	3417.7
218.2	729.6	1666.2	2289.3	3408.3
260.9	806.1	1887.7	2397.9	3397.5
235.6	756.2	1775.6	2378.0	3510.6
315.8	624.5	1749.8	2352.8	3492.5
0.0	748.6	1824.8	2264.6	3423.8
0.0	752.8	1464.9	2221.3	3298.3
0.0	813.9	1582.8	2342.0	3270.5
0.0	903.3	1812.0	2381.5	3399.7
0.0	765.9	1604.5	2250.7	3451.4
0.0	779.0	1635.6	2220.6	3346.2
