0.0	0.0	0.0	0.0	0.0
0.0	0.0	0.0	0.0	0.0
0.0	0.0	0.0	0.0	0.0
0.0	713.4	1851.9	2699.0	3547.1
0.0	725.3	1808.2	2640.9	3471.4
279.1	728.2	1604.2	2537.3	3468.2
266.7	727.4	1600.1	2527.8	3455.0
112.1	764.8	1597.0	2503.0	3366.1
333.3	755.7	1552.5	2502.0	3398.7
0.0	750.6	1564.8	2498.7	3575.7
0.0	760.8	1524.8	2437.1	3477.7
0.0	776.5	1458.9	2385.0	3370.5
0.0	745.4	1499.7	2523.7	3470.5
0.0	747.9	1771.3	2645.7	3596.5
0.0	741.1	1594.2	2526.4	3644.2
0.0	702.8	1532.5	2665.8	3721.2
0.0	696.0	1551.2	2667.0	3779.2
0.0	655.3	1337.0	2682.6	3624.9
0.0	519.1	1299.8	2691.9	3575.7
0.0	479.7	1255.4	2682.1	3591.2
96.8	485.9	1361.6	2670.3	3585.2
99.1	698.2	1518.9	2748.2	3761.8
108.1	918.1	1562.4	2769.7	3754.4
0.0	752.9	1716.4	2814.5	3734.4
0.0	754.1	1771.7	2820.3	3789.2
164.4	817.5	1718.7	2772.9	3833.9
266.7	862.3	1832.8	2760.9	3795.7
162.2	770.1	1696.2	2816.4	3878.5
375.0	837.4	1710.2	2771.8	3845.6
375.0	800.3	1697.1	2693.4	3714.2
0.0	552.5	1615.6	2649.8	3655.9
0.0	580.3	1676.8	2650.3	3627.6
161.9	581.5	1725.8	2641.1	3611.4
171.9	581.8	1793.9	2623.7	3584.8
173.5	587.0	1874.7	2604.0	3604.3
178.6	560.9	1946.8	2482.2	3611.0
182.0	563.8	1951.6	2370.8	3633.3
184.3	582.9	1862.4	2408.7	3626.5
184.4	540.9	1008.9	2434.1	3300.0
184.8	519.7	1000.5	2431.5	3087.5
186.6	504.0	943.3	2452.8	2829.0
184.6	468.8	905.3	2442.9	2734.5
180.6	403.0	871.2	2424.4	2850.7
171.4	379.5	893.3	2424.0	3125.6
160.3	521.2	1282.1	2390.8	3258.8
150.7	504.4	1210.3	2360.1	3345.3
141.2	499.4	1100.2	2381.7	3346.2
132.2	507.0	1031.5	2367.6	3346.7
125.0	499.2	950.9	2345.9	3306.3
118.7	497.6	942.5	2380.7	3340.2
111.1	476.8	943.0	2354.8	3377.6
107.1	466.8	957.7	2302.4	3429.2
106.1	653.4	967.5	2209.3	3522.7
104.0	828.1	1022.1	2264.1	3535.8
99.8	419.9	1134.9	2391.4	3487.6
98.1	566.8	1668.3	2631.0	3457.4
88.9	840.0	1776.5	2724.7	3466.2
123.7	887.6	1814.1	2722.2	3442.1
0.0	931.4	1739.8	2494.0	3290.6
0.0	972.2	1975.7	2382.5	3322.2
0.0	947.0	2255.8	2507.0	3385.3
0.0	805.9	2142.7	2642.2	3476.4
0.0	870.2	2114.8	2720.0	3494.2
0.0	801.0	1949.0	2744.9	3506.0
363.6	738.3	1930.2	2704.1	3508.1
226.4	738.8	1932.6	2633.2	3435.8
0.0	609.7	1947.1	2576.4	3428.6
0.0	523.2	1866.7	2569.5	3446.7
0.0	511.1	1848.6	2533.5	3464.7
166.5	514.6	1805.9	2478.9	3462.2
164.5	523.4	1773.4	2516.7	3495.6
167.6	517.7	1736.9	2541.7	3492.5
170.2	526.1	1698.7	2535.2	3431.5
170.9	533.5	1656.5	2430.6	3399.8
171.4	532.6	1659.6	2379.4	3472.4
170.4	523.8	1760.3	2347.7	3531.9
167.2	508.3	1819.8	2284.8	3566.6
162.1	512.2	1833.3	2259.3	3556.4
152.6	493.5	1835.2	2657.5	3507.2
79.5	911.0	1874.8	2668.9	3475.1
74.5	959.9	1813.3	2573.7	3457.5
0.0	709.9	1765.7	2574.9	3431.0
0.0	715.9	1721.1	2614.1	3475.4
0.0	765.0	1793.5	2690.9	3441.5
0.0	659.4	1862.8	2703.6	3486.1
0.0	705.9	1657.5	2533.7	3394.8
0.0	850.1	1710.6	2517.6	3298.5
0.0	288.4	1609.8	2455.4	3247.9
0.0	296.7	1133.8	2318.1	3241.6
0.0	301.1	1077.9	2226.8	3239.1
122.4	239.3	1059.4	2175.7	3138.9
118.8	522.9	1120.5	2124.5	3080.5
241.4	545.4	1406.5	2113.5	3198.6
241.6	535.6	1556.0	2181.6	3256.8
116.4	552.4	1660.1	2288.9	3324.2
113.5	553.2	1727.3	2290.1	3328.7
112.4	539.0	1744.3	2292.7	3355.4
111.6	542.5	1774.7	2336.3	3337.7
110.6	531.7	1777.2	2386.7	3248.0
109.7	500.7	1713.3	2388.0	3163.0
108.0	460.1	1644.2	2388.5	3174.2
106.9	459.7	1605.7	2406.8	3156.6
105.3	458.5	1590.2	2391.6	3293.3
105.2	463.0	1540.9	2398.4	3415.9
104.2	442.0	1538.5	2411.8	3464.9
100.8	434.6	1541.2	2408.2	3613.6
97.3	413.1	1573.0	2487.3	3603.2
97.4	354.1	1560.6	2552.8	3591.8
94.1	367.5	1506.1	2618.7	3669.7
86.3	384.0	1434.7	2705.7	3780.7
102.6	845.5	1914.2	2948.2	3840.4
222.2	787.9	1851.8	3117.2	3847.3
0.0	827.9	1814.5	3129.3	3871.4
0.0	882.4	2115.0	3138.7	3747.4
333.3	818.7	2020.3	2953.6	3522.7
333.3	659.1	2154.8	2867.4	3484.5
315.8	755.7	2075.1	2516.4	3331.3
0.0	786.1	1808.1	2587.0	3343.8
0.0	827.3	1778.0	2633.3	3521.4
91.6	858.9	1822.9	2670.7	3525.8
0.0	882.6	1842.3	2660.2	3522.6
0.0	734.6	1648.5	2659.3	3413.8
461.5	872.6	1623.2	2655.6	3334.0
0.0	1080.0	1617.6	2615.8	3352.9
0.0	434.9	1378.8	2009.1	3332.3
0.0	447.2	1252.2	1602.1	3489.9
138.5	448.5	1327.0	1646.6	3503.6
137.6	502.1	1429.9	1714.0	3459.3
135.1	543.7	1511.9	1878.5	3452.8
133.7	554.4	1605.5	1982.6	3486.5
131.4	571.0	1716.9	2120.6	3481.0
129.9	558.2	1841.6	2172.7	3507.1
128.3	541.7	1905.1	2186.1	3665.9
125.4	427.2	983.5	2051.3	3539.0
121.2	416.6	992.4	2165.5	3362.0
123.8	358.9	981.7	2263.8	3511.9
122.9	399.0	969.1	2181.4	3585.5
121.3	355.5	977.5	2085.7	3494.2
119.7	439.6	1359.7	2060.5	3513.9
241.5	485.1	1773.9	2115.3	3568.7
119.8	508.1	1632.5	2152.6	3435.9
117.8	517.2	1475.9	2196.0	3329.7
118.0	545.8	1349.9	2264.2	3345.9
119.0	542.4	1216.9	2310.4	3347.0
120.3	535.3	1117.0	2381.8	3365.7
120.9	532.7	1029.2	2434.5	3324.9
121.6	519.8	977.2	2507.7	3307.2
122.8	514.7	927.2	2650.3	3304.8
124.7	511.3	892.6	2688.3	3266.0
127.4	509.7	889.7	2684.4	3256.7
129.0	497.3	871.9	2744.8	3295.0
130.3	474.5	840.0	2720.9	3305.6
131.7	464.3	814.3	2697.7	3303.0
130.2	472.6	808.0	2529.8	3243.8
127.5	614.4	1679.7	2588.3	3294.5
124.8	517.0	1644.6	2609.8	3360.5
97.1	909.8	1745.7	2812.8	3500.6
63.5	916.5	1701.8	2635.6	3397.5
0.0	762.7	1619.1	2459.4	3382.2
0.0	777.6	1590.7	2442.0	3330.6
461.5	793.6	1539.2	2375.8	3184.5
461.5	654.4	1392.8	2296.9	3183.0
109.1	562.9	1353.5	2314.7	3286.8
0.0	519.5	1441.1	2353.1	3411.7
107.0	521.1	1380.4	2415.4	3399.3
97.1	495.4	1273.4	2476.8	3350.0
92.5	433.6	1171.3	2500.8	3336.9
87.1	437.1	1074.2	2495.0	3289.2
85.1	463.2	1096.4	2505.1	3323.2
87.1	298.5	1163.8	2507.9	3346.1
85.7	331.1	1235.2	2499.4	3389.6
0.0	296.8	1166.3	2529.2	3334.1
214.3	420.2	1050.6	2534.6	3303.2
0.0	507.2	1058.7	2508.3	3326.9
0.0	751.9	1217.0	2490.0	3313.2
77.9	240.7	1042.0	2508.0	3243.0
75.8	254.1	1020.7	2464.3	3309.4
104.3	388.9	1306.3	2484.8	3329.7
193.5	741.8	1384.6	2552.2	3330.1
69.4	875.9	1692.6	2582.7	3321.4
93.0	926.7	1736.7	2567.1	3301.3
90.2	887.4	1691.6	2511.4	3408.4
70.6	914.6	1864.4	2496.8	3436.4
240.0	681.7	1434.7	2540.6	3257.7
266.7	1000.3	1743.0	2561.1	3476.2
206.9	864.3	1701.2	2489.4	3383.7
0.0	866.5	1620.9	2427.3	3380.4
0.0	798.2	1506.0	2424.1	3356.6
461.5	797.4	1831.8	2505.5	3329.8
0.0	747.6	1707.0	2464.1	3300.9
0.0	817.4	1627.5	2475.2	3437.4
142.9	771.7	1640.1	2537.2	3450.8
70.2	723.4	1630.0	2499.4	3485.1
262.6	724.9	1670.0	2540.7	3541.1
0.0	642.4	1678.6	2587.5	3578.5
0.0	812.9	1788.4	2570.3	3522.5
0.0	934.3	2176.8	2742.8	3470.5
0.0	990.9	2461.1	3043.3	3491.3
315.8	1075.5	2504.6	3075.5	3503.3
0.0	981.7	2493.9	2859.6	3562.0
0.0	765.2	2278.7	2808.0	3523.6
196.7	740.4	2315.2	2774.0	3452.5
151.9	792.7	2321.3	2686.4	3457.1
0.0	782.1	2393.2	2704.9	3473.2
0.0	784.1	2441.5	2850.1	3526.1
226.4	816.0	2405.9	2783.7	3558.6
0.0	597.6	2170.8	2602.7	3553.7
480.0	774.5	2087.2	2513.1	3535.8
0.0	554.5	1600.6	2261.1	3462.3
0.0	455.9	1534.6	2241.2	3358.1
132.8	526.4	1502.2	2197.8	3324.8
131.8	516.1	1442.8	2170.6	3397.3
130.6	545.4	1409.5	2175.7	3418.4
128.3	560.0	1353.8	2253.6	3366.6
127.3	572.7	1322.9	2252.3	3403.3
125.4	562.5	1338.1	2240.6	3487.0
124.6	548.4	1374.4	2239.0	3535.0
123.2	528.6	1417.8	2227.2	3295.9
122.6	496.8	1439.7	2255.5	3027.5
121.6	481.8	1433.7	2226.7	2824.9
114.0	439.3	1461.9	2176.5	2706.1
105.3	436.1	1499.6	2060.2	2816.2
112.1	413.5	1463.3	1916.0	2901.0
110.1	399.9	1427.9	1740.6	2956.7
108.1	410.6	1396.0	1683.4	3007.1
106.4	442.2	1391.8	1676.7	3052.6
104.0	463.7	1408.8	1679.4	3168.6
100.9	484.5	1414.3	1664.3	3216.5
98.4	507.2	1445.5	1693.0	3265.7
95.2	517.4	1518.9	1755.6	3290.4
93.8	530.7	1545.7	1813.2	3288.6
91.6	553.2	1557.7	1937.9	3246.2
89.4	530.6	1618.8	2178.6	3133.7
89.6	538.3	1623.3	2347.2	3076.7
87.0	556.2	1591.2	2451.9	3017.6
85.0	492.3	1556.2	2482.0	3071.7
84.8	497.7	1575.0	2448.6	3283.3
85.6	391.8	1140.9	2454.5	3201.0
84.2	315.5	1064.3	2492.1	3229.5
83.3	234.2	1111.1	2495.6	3399.9
83.3	248.9	1086.0	2523.9	3272.8
0.0	755.5	1424.2	2539.5	3114.4
83.3	711.8	1380.8	2557.0	3174.2
83.3	505.2	1214.7	2534.1	3161.1
82.8	416.4	1207.6	2458.6	3153.4
84.5	272.3	1344.0	2494.6	3088.9
