0.0	0.0	0.0	0.0	0.0
0.0	0.0	0.0	0.0	0.0
0.0	0.0	0.0	0.0	0.0
0.0	808.4	1677.0	2343.0	3263.9
0.0	747.6	1648.8	2332.3	3330.3
255.3	756.0	1620.1	2229.2	3379.6
255.3	786.1	1619.4	2221.4	3285.0
0.0	761.5	1572.8	2192.7	3275.5
0.0	757.8	1407.6	2184.2	3294.4
0.0	806.1	1507.6	2374.1	3363.6
0.0	917.2	1566.9	2514.6	3473.3
0.0	931.4	1774.6	2584.0	3465.0
0.0	853.2	1720.6	2621.5	3471.3
0.0	832.9	1649.1	2516.2	3414.4
0.0	794.8	1641.8	2530.4	3362.4
0.0	630.7	1605.1	2502.9	3408.6
0.0	649.2	1439.0	2450.5	3400.2
0.0	488.7	866.2	2373.7	3272.2
0.0	451.6	883.8	2312.1	3149.8
0.0	459.3	945.7	2423.2	3131.9
157.4	450.1	1068.3	2456.9	3148.8
155.4	470.3	1237.2	2428.3	3183.0
154.2	445.7	1458.5	2379.8	3224.3
150.9	447.6	1686.6	2359.7	3255.0
150.4	452.9	1937.0	2380.1	3239.5
148.0	395.4	2037.7	2518.0	3273.1
144.9	310.4	2121.3	2777.0	3269.1
142.5	305.9	2136.9	2963.3	3336.1
141.4	302.9	2121.4	3006.4	3287.0
142.1	298.1	2120.3	2989.3	3271.2
141.6	305.4	2122.8	2943.1	3310.1
142.5	298.4	2118.6	2785.9	3314.0
142.1	318.9	2117.7	2658.6	3350.6
140.8	481.3	2064.2	2484.6	3307.6
140.1	408.8	2026.2	2448.6	3349.6
139.4	424.1	1951.1	2425.6	3391.0
138.0	424.9	1830.8	2456.1	3436.3
135.3	547.7	1805.7	2442.9	3472.2
330.8	394.8	1816.3	2691.2	3561.7
64.2	976.9	1774.6	2792.1	3625.0
77.9	1117.2	1876.9	2746.9	3540.3
0.0	1049.7	1931.5	2924.1	3498.6
0.0	744.0	1729.9	2955.9	3507.3
0.0	724.4	1884.4	2591.8	3561.8
352.9	831.2	1894.2	2522.6	3602.0
363.6	696.8	1809.2	2450.0	3518.0
0.0	547.7	1735.0	2398.2	3432.9
160.4	566.4	1622.8	2416.0	3342.7
159.7	609.3	1506.1	2367.1	3263.5
152.3	613.1	1390.3	2423.5	3291.7
153.4	610.4	1284.9	2495.0	3355.4
153.8	604.0	1209.3	2494.1	3366.8
154.3	604.5	1145.5	2346.9	3296.7
153.7	602.1	1058.8	2237.9	3304.1
153.7	608.3	1004.2	2251.8	3290.8
153.8	569.0	941.5	2323.9	3123.7
153.8	534.3	944.2	2317.6	2898.9
153.8	324.9	960.5	2278.6	2695.4
155.8	341.6	1049.6	2226.4	2700.5
153.8	342.8	1086.0	2184.4	2882.5
155.8	413.5	1147.7	2168.5	3088.7
155.8	491.1	1669.6	2166.7	3224.5
157.3	470.2	1873.3	2264.2	3289.0
154.5	466.9	1980.3	2330.7	3365.3
151.1	478.3	1994.5	2341.3	3370.9
150.6	469.1	1990.3	2284.7	3415.5
148.3	468.0	1873.1	2093.0	3429.6
146.3	466.7	1653.7	2129.7	3485.3
142.9	453.2	1388.2	2181.3	3454.2
138.5	493.5	1101.4	2166.9	3331.6
131.0	540.8	1054.7	2213.6	3289.9
130.2	617.3	1195.3	2220.0	3296.6
132.7	496.0	888.2	2126.5	3248.6
135.6	475.7	850.5	2205.7	3229.6
142.9	464.0	767.8	2215.5	3131.3
143.1	464.3	753.6	2312.2	3112.8
146.4	528.7	799.5	2384.6	3088.7
147.9	576.0	849.5	2406.1	3097.2
145.9	602.2	901.9	2428.3	3112.7
144.8	630.3	947.3	2420.9	3125.3
145.2	700.9	1008.7	2403.9	3177.6
145.6	683.7	1029.7	2417.2	3187.7
146.2	734.5	1044.2	2412.6	3279.9
147.5	707.8	1057.7	2397.0	3214.7
148.6	719.1	1071.1	2437.1	3203.3
149.1	716.4	1114.9	2414.0	3128.2
150.5	728.4	1128.5	2403.9	3158.3
152.3	727.5	1151.0	2448.1	3285.6
154.8	771.0	1180.5	2418.7	3254.5
157.3	758.4	1223.8	2382.8	3246.7
159.0	763.1	1301.0	2373.1	3300.9
161.0	758.6	1391.8	2336.6	3303.8
163.9	717.7	1480.2	2269.5	3221.8
167.1	678.8	1544.0	2215.5	3159.2
170.2	671.6	1592.6	2235.1	3150.3
176.9	642.8	1683.4	2253.9	3192.8
180.3	650.1	1804.0	2259.3	3209.2
185.0	610.8	1822.9	2193.5	3677.0
186.3	639.5	1830.4	2169.9	3557.9
190.4	891.8	1799.2	2181.6	3241.5
95.8	867.7	1808.7	2155.3	3352.6
63.5	834.4	1707.6	2049.0	3358.6
89.6	819.6	1508.8	2156.9	3318.1
0.0	925.6	1482.6	2186.5	3164.6
0.0	979.9	1414.8	2335.3	3274.3
82.8	687.2	1249.3	2369.6	3319.9
0.0	821.3	1482.7	2341.3	3267.6
0.0	761.3	1713.3	2399.4	3327.7
63.8	798.8	1652.0	2393.1	3303.5
0.0	860.5	1715.5	2428.4	3312.7
0.0	772.9	1790.0	2576.1	3416.0
