0.0	0.0	0.0	0.0	0.0
0.0	0.0	0.0	0.0	0.0
0.0	0.0	0.0	0.0	0.0
0.0	1081.7	1687.8	2567.1	3317.7
0.0	1023.0	1635.4	2507.8	3301.9
0.0	1009.1	1615.0	2484.4	3345.0
0.0	995.3	1670.8	2610.2	3405.5
0.0	966.6	1549.2	2604.3	3369.7
0.0	1004.3	1515.3	2541.5	3333.6
0.0	957.2	1607.5	2591.2	3354.4
0.0	971.2	1672.5	2561.9	3382.9
0.0	1107.2	1802.3	2566.0	3417.7
0.0	997.8	1635.4	2548.6	3394.3
0.0	963.5	1668.4	2538.6	3391.2
0.0	982.3	1765.0	2545.2	3391.0
0.0	1017.1	1667.4	2435.8	3235.2
0.0	515.5	1501.6	2342.3	3238.1
0.0	341.0	1491.9	2280.3	3334.0
0.0	497.4	1324.4	2179.3	3259.1
104.9	668.4	1180.5	2148.9	3272.7
0.0	733.5	1236.9	2155.7	3395.1
101.2	752.1	1314.8	2181.6	3466.7
101.0	758.7	1404.2	2213.8	3460.6
100.7	744.5	1492.9	2198.9	3483.6
100.7	713.0	1559.4	2207.5	3549.1
100.2	670.8	1629.2	2260.3	3635.7
99.9	613.6	1667.4	2394.1	3689.2
100.9	534.0	1645.3	2471.9	3711.7
99.2	448.0	1558.6	2421.2	3731.2
90.2	333.1	1594.7	2375.7	3698.3
86.7	236.2	1637.0	2397.4	3734.1
98.7	251.6	1644.9	2411.9	3729.0
98.3	234.5	1645.6	2460.0	3687.1
97.5	262.9	1671.0	2468.5	3633.7
96.8	332.8	351.4	2097.2	3411.7
93.0	452.9	1728.2	2562.3	3637.9
0.0	463.3	1845.8	2566.9	3674.5
0.0	471.3	1840.0	2568.5	3696.8
110.6	512.6	1844.2	2554.1	3653.7
110.0	538.8	1820.6	2512.4	3633.0
110.3	554.0	1796.9	2506.5	3610.1
110.5	573.3	1809.7	2501.0	3581.8
114.4	587.2	1787.3	2486.9	3587.6
117.6	586.7	1771.3	2448.9	3556.3
124.3	595.0	1774.6	2441.4	3594.9
135.5	600.8	1751.7	2467.0	3573.9
139.0	590.9	1752.3	2452.7	3574.4
142.3	589.4	1755.0	2467.0	3573.2
147.2	589.0	1728.0	2449.8	3573.4
150.2	609.8	1744.5	2455.4	3586.4
154.3	602.2	1722.2	2477.2	3591.7
157.5	605.6	1730.8	2491.7	3599.6
159.2	574.5	1719.5	2498.9	3576.9
159.3	547.9	1684.5	2491.6	3568.4
158.1	492.4	1633.3	2460.0	3581.3
153.8	389.6	1578.6	2451.7	3616.6
148.7	290.9	1569.8	2436.3	3661.5
67.4	257.3	1583.3	2421.2	3553.0
126.5	276.9	1571.1	2437.2	3518.9
123.1	233.2	1583.5	2440.3	3515.9
115.1	248.6	1613.0	2498.7	3506.4
108.8	227.6	1666.7	2496.0	3584.8
105.2	245.8	1683.9	2506.3	3615.6
102.6	245.9	1714.6	2523.6	3597.6
100.2	357.4	1676.8	2498.8	3709.3
98.4	509.8	1729.4	2544.2	3650.8
0.0	404.0	1835.4	2589.5	3688.1
0.0	423.8	1836.9	2555.7	3722.2
104.1	427.4	1835.0	2518.6	3630.5
104.0	440.4	1841.7	2484.2	3644.3
103.2	450.8	1856.3	2525.4	3675.1
102.4	458.7	1838.1	2554.7	3650.9
100.7	468.5	1820.4	2568.9	3673.6
100.0	467.1	1804.4	2496.8	3716.6
99.2	461.3	1779.4	2498.4	3579.0
99.2	567.9	1711.4	2530.8	3383.6
393.5	256.0	1618.3	2431.5	3500.0
89.6	304.0	1674.0	2493.9	3552.8
0.0	482.5	1784.4	2587.1	3527.1
0.0	449.3	1785.9	2528.4	3574.0
118.0	452.7	1792.6	2537.0	3585.0
115.0	466.8	1797.9	2533.4	3616.4
117.3	471.3	1800.5	2541.6	3636.9
119.6	482.9	1803.1	2552.4	3638.2
123.3	469.9	1795.1	2533.4	3667.0
127.1	469.5	1785.2	2543.5	3684.7
125.8	437.3	1748.9	2526.4	3736.3
124.7	361.9	1663.4	2566.7	3621.5
75.9	604.0	1445.5	2449.0	3335.2
255.3	696.0	1433.1	2466.3	3384.8
63.5	717.0	1662.2	2581.8	3417.0
90.9	871.5	1777.7	2657.7	3437.2
0.0	1082.6	1880.9	2651.1	3487.0
0.0	988.1	1858.6	2582.0	3446.4
0.0	501.1	1528.4	2430.9	3247.8
0.0	640.0	1695.0	2410.5	2914.1
0.0	382.2	1626.6	2360.6	2704.0
0.0	391.3	1570.1	2266.0	2520.2
0.0	381.5	1673.8	2346.9	2688.4
103.8	392.0	1640.6	2395.1	2987.6
98.4	394.3	1522.6	2393.6	3019.5
98.4	402.4	1609.3	2443.0	3407.7
95.5	415.5	1749.4	2407.6	3274.0
94.5	411.0	1745.7	2415.8	3274.3
93.3	418.8	1688.0	2396.9	3176.4
93.8	448.6	1721.9	2310.4	3257.3
95.4	423.4	1645.5	2306.6	3259.8
99.2	475.3	1721.1	2419.5	3368.4
96.0	530.5	1970.3	2582.5	3436.1
95.0	489.7	2159.8	2695.2	3456.1
92.9	785.7	2303.3	2817.0	3539.8
95.8	759.3	2316.9	2828.2	3321.0
96.8	365.0	2222.7	2816.4	3391.3
98.4	424.9	2228.7	2786.2	3557.5
105.3	475.5	2237.1	2804.4	3606.9
110.1	412.6	2172.6	2827.8	3583.6
120.6	404.6	2145.1	2718.2	3633.4
127.5	393.0	2141.4	2651.2	3630.1
129.3	405.8	2070.6	2532.5	3641.5
130.5	407.9	1957.2	2465.6	3638.7
130.8	411.6	1729.5	2425.4	3436.2
131.0	379.1	1571.5	2441.5	3086.9
129.3	330.7	1479.8	2461.9	3298.9
63.8	507.6	1457.6	2435.2	3339.7
132.7	483.6	1399.8	2421.4	3476.3
133.0	413.6	1385.3	2397.5	3573.9
131.9	403.1	1414.6	2407.5	3578.1
131.0	419.4	1403.8	2389.3	3597.6
129.2	393.8	1412.2	2390.5	3578.6
123.7	400.4	1570.3	2444.7	3621.2
122.4	429.5	1638.2	2441.7	3661.4
118.8	468.9	1669.6	2435.7	3626.1
116.5	470.9	1690.1	2381.0	3580.6
113.2	473.8	1671.7	2340.8	3545.1
112.2	474.4	1658.6	2316.3	3549.5
110.3	467.3	1649.5	2295.3	3569.2
110.1	463.2	1639.5	2244.7	3628.8
109.0	453.4	1607.4	2213.7	3526.7
108.6	408.7	1538.5	2180.8	3476.6
107.0	402.3	1487.3	2191.9	3397.4
106.3	423.2	1504.3	2312.1	3406.1
105.4	442.7	1688.2	2520.4	3430.9
101.7	687.7	1712.7	2580.1	3400.8
100.0	1091.6	1770.8	2570.5	3435.7
101.7	1007.1	1811.2	2451.0	3367.4
111.1	923.4	1738.4	2513.5	3369.5
110.1	732.6	1567.7	2532.3	3398.4
0.0	710.0	1576.1	2557.2	3475.5
461.5	607.6	1265.8	2485.3	3414.6
0.0	596.0	1310.9	2420.7	3305.6
0.0	820.9	1838.2	2590.2	3505.7
0.0	862.6	1878.0	2600.4	3629.6
0.0	846.4	1740.3	2460.9	3538.1
0.0	584.0	1667.1	2388.1	3482.1
0.0	672.2	1611.5	2317.2	3449.8
144.6	421.1	1538.5	2271.9	3391.3
0.0	410.4	1455.3	2149.8	3356.4
0.0	438.1	1361.2	2111.6	3306.7
107.9	430.7	1343.2	2121.6	3297.9
106.0	421.1	1331.8	2133.3	3341.8
104.1	425.5	1328.8	2114.5	3431.8
101.8	420.4	1334.1	2092.3	3555.1
101.8	406.6	1350.8	2083.3	3498.7
102.5	396.7	1379.1	2065.9	3480.3
102.7	400.1	1387.3	2007.8	3556.2
101.6	369.7	1388.2	2005.6	3420.4
100.2	304.2	1395.4	2117.4	3201.8
101.3	335.9	1538.8	2150.1	3265.9
98.4	354.1	1637.9	2311.6	3347.2
100.6	338.0	1711.5	2438.0	3437.7
99.6	307.1	1585.8	2394.4	3403.1
98.4	617.7	1380.9	2270.3	3473.3
0.0	745.7	1373.2	1974.7	3672.1
0.0	711.1	1421.8	2013.1	3479.1
0.0	393.8	1377.0	1771.5	3415.7
0.0	409.1	1334.9	1666.3	3436.8
105.1	430.0	1332.2	1639.9	3441.3
108.0	428.5	1334.4	1622.3	3430.0
108.2	439.7	1350.9	1620.0	3429.1
107.7	456.2	1374.8	1618.9	3415.3
108.1	474.8	1410.7	1705.3	3392.7
108.2	475.9	1438.2	1813.9	3410.5
109.3	492.6	1483.4	1888.0	3404.9
109.1	486.1	1542.4	1961.1	3416.8
109.5	489.0	1588.0	2021.7	3467.3
110.0	488.7	1618.8	2037.9	3468.2
111.0	471.7	1635.3	2138.2	3505.4
111.7	465.4	1685.1	2186.1	3534.1
112.3	449.3	1775.3	2250.4	3577.3
113.3	440.9	1815.6	2312.8	3565.9
113.0	418.9	1793.8	2293.5	3562.0
113.3	422.3	1613.7	2234.6	3511.0
113.0	294.3	1458.1	2207.9	3498.8
107.0	327.5	1435.2	2210.0	3430.4
110.4	422.2	1548.2	2298.9	3380.2
0.0	425.0	1778.1	2344.5	3547.1
0.0	457.9	1775.8	2362.0	3553.1
108.2	480.6	1756.7	2346.9	3528.4
121.7	482.2	1750.2	2315.5	3511.7
120.0	483.9	1736.2	2308.4	3494.7
121.5	494.1	1734.5	2326.1	3494.7
122.7	496.6	1736.5	2328.5	3525.2
126.6	484.2	1751.9	2324.1	3484.0
127.4	487.7	1752.5	2340.1	3401.2
128.1	487.4	1768.9	2356.8	3468.6
130.3	461.0	1793.2	2393.6	3550.9
132.4	448.6	1810.6	2411.4	3567.9
130.3	463.2	1820.9	2424.1	3578.7
128.5	449.2	1851.5	2421.8	3604.3
124.6	441.4	1894.7	2412.9	3627.3
119.0	434.2	1901.9	2427.5	3646.2
114.3	429.1	1941.4	2450.4	3681.0
108.8	406.8	1972.0	2458.6	3683.4
103.0	390.2	1963.7	2492.9	3686.6
98.8	381.6	1959.3	2507.3	3689.8
95.2	373.7	1978.5	2487.9	3700.7
90.9	348.4	1943.6	2450.4	3685.1
87.8	248.1	1793.2	2343.6	3576.0
85.1	295.8	1796.5	2372.4	3516.6
90.2	262.1	1783.8	2446.8	3319.5
82.8	303.0	1362.8	2432.5	3202.3
0.0	273.5	1301.0	2497.6	3293.1
83.3	989.9	1914.5	2674.5	3309.4
95.2	884.9	2125.3	2738.9	3331.7
0.0	603.5	2363.2	3191.1	3368.1
0.0	688.2	2321.1	3198.3	3383.8
272.7	668.7	2043.5	3016.2	3492.4
260.9	781.2	2081.5	2811.8	3383.2
78.9	627.9	1938.5	2551.6	3374.1
0.0	936.7	1971.3	2575.4	3402.3
0.0	702.1	1993.6	2515.3	3449.7
0.0	688.5	1923.0	2512.2	3417.6
0.0	881.4	1926.4	2508.0	3401.2
0.0	623.5	1811.1	2438.7	3367.5
0.0	721.4	1789.7	2446.1	3405.3
200.0	870.6	1809.7	2474.0	3407.1
0.0	741.4	1790.0	2421.9	3374.4
255.3	846.6	1819.7	2375.5	3390.7
107.1	822.6	1830.0	2354.4	3399.3
0.0	797.7	1746.0	2351.5	3361.2
203.4	785.4	1720.2	2214.2	3236.9
190.5	879.5	1700.9	2163.0	3251.8
63.5	728.6	1667.1	2120.2	3281.5
214.3	759.4	1574.5	2132.5	3162.7
0.0	826.6	1670.9	2308.1	3160.6
0.0	804.0	1621.6	2407.4	3189.7
0.0	892.4	1549.9	2211.0	3249.2
0.0	932.2	1605.7	2241.4	3243.7
