0.0	0.0	0.0	0.0	0.0
0.0	0.0	0.0	0.0	0.0
0.0	0.0	0.0	0.0	0.0
0.0	721.1	1532.1	2461.6	3276.7
0.0	857.4	1659.6	2556.0	3375.3
0.0	874.4	1755.8	2636.5	3422.9
0.0	921.4	1729.4	2663.5	3457.2
0.0	842.6	1697.6	2526.6	3508.1
0.0	838.1	1648.3	2598.2	3460.0
0.0	733.5	1530.6	2566.6	3532.7
0.0	728.6	1492.0	2527.6	3515.8
0.0	733.5	1719.5	2561.1	3406.3
0.0	682.8	1686.1	2467.9	3332.2
0.0	862.4	1538.5	2494.7	3279.3
0.0	860.4	1618.2	2593.3	3406.6
0.0	1034.5	1686.6	2668.6	3502.6
0.0	320.5	1735.9	2760.5	3574.3
0.0	772.7	1859.1	2708.3	3680.5
0.0	711.0	1863.1	2720.0	3618.2
0.0	738.2	1873.3	2706.6	3403.1
0.0	734.4	1857.4	2709.5	3384.8
0.0	794.2	1935.5	2624.8	3408.4
0.0	824.9	2059.9	2627.0	3414.3
63.8	783.4	2059.9	2625.3	3465.6
0.0	519.5	2074.4	2664.6	3466.5
0.0	429.1	2108.1	2730.2	3461.0
0.0	395.7	2152.6	2683.5	3470.3
102.4	368.2	2196.7	2584.0	3436.3
106.2	315.1	2242.3	2630.5	3486.3
108.3	305.0	2310.5	2613.7	3576.8
106.2	323.3	2317.7	2591.4	3634.4
103.7	315.0	2284.1	2520.5	3576.3
100.2	336.8	2147.4	2455.0	3429.0
97.5	307.5	1501.4	2390.5	3246.1
95.8	279.2	1442.9	2416.4	3350.4
96.0	272.5	1845.4	2448.5	3390.1
97.6	270.9	2088.5	2465.3	3378.1
98.2	690.2	2226.9	2634.1	3471.8
0.0	602.2	1870.3	2654.8	3233.0
0.0	492.4	2101.3	2664.7	3271.4
0.0	401.1	2174.8	2709.6	3536.7
121.4	427.1	2133.3	2713.6	3582.1
111.7	445.3	2086.5	2685.7	3604.5
106.8	457.3	2095.9	2714.4	3595.9
106.0	473.5	2098.0	2728.3	3597.4
106.9	478.4	2081.1	2731.8	3630.6
108.6	493.6	2087.0	2728.4	3623.3
110.9	474.0	2085.0	2711.3	3603.9
114.2	473.2	2121.6	2709.8	3616.1
117.6	487.0	2164.5	2708.0	3645.7
121.2	461.3	2167.8	2676.0	3600.6
124.9	405.5	2195.2	2628.1	3517.3
127.9	392.4	2218.4	2665.4	3513.1
130.3	402.0	2223.6	2690.5	3626.5
134.1	409.7	2205.1	2688.1	3570.9
135.2	418.0	2164.9	2702.2	3524.9
137.2	410.7	2119.2	2693.2	3375.6
137.0	431.4	2029.5	2657.4	3368.0
136.8	420.1	1956.9	2640.3	3476.4
137.9	483.4	1844.5	2622.6	3543.4
131.9	826.9	1754.4	2626.8	3393.7
122.4	924.4	1775.2	2772.0	3457.3
117.6	730.0	1794.0	2802.4	3560.3
63.9	669.5	1788.9	2730.3	3568.3
81.6	767.7	1693.3	2770.0	3481.3
63.5	641.0	1594.8	2595.8	3280.5
83.3	691.9	1576.7	2548.5	3435.4
0.0	817.7	1741.6	2779.9	3636.6
545.5	596.3	1621.3	2719.0	3654.4
0.0	475.0	1586.9	2609.6	3330.0
0.0	452.7	1529.4	2581.1	3369.9
156.0	439.2	1442.3	2546.7	3420.2
142.1	427.7	1260.9	2484.6	3394.0
140.9	400.2	1126.3	2413.8	3403.0
139.0	386.1	1043.7	2436.8	3366.3
137.3	395.1	930.5	2446.9	3304.2
134.8	390.9	814.8	2474.6	3261.2
133.5	432.0	931.1	2524.3	3284.7
132.6	460.3	957.2	2478.9	3312.1
133.1	483.0	1050.7	2459.0	3318.8
134.3	527.6	1180.0	2428.1	3298.4
134.5	540.5	1324.6	2406.6	3321.5
134.2	532.9	1489.6	2407.1	3378.8
135.0	533.7	1626.8	2436.4	3409.7
134.5	530.7	1732.6	2420.8	3529.1
134.1	514.1	1889.6	2491.4	3570.6
134.4	468.1	1929.8	2484.5	3579.7
134.6	424.1	1984.6	2540.2	3568.1
134.8	408.3	2015.2	2564.1	3546.7
137.6	376.5	2003.3	2483.5	3414.0
133.0	468.5	1925.3	2454.4	3374.6
133.9	647.5	1732.1	2556.7	3381.4
126.3	610.5	1512.2	2477.4	3341.8
0.0	570.4	1486.7	2436.5	3375.1
91.6	761.6	1655.5	2509.0	3496.7
88.2	823.7	1612.3	2422.2	3353.3
85.1	734.5	1612.9	2366.1	3361.2
64.9	733.3	1607.7	2402.0	3334.0
113.2	950.0	1749.5	2500.9	3324.7
107.1	927.4	1586.8	2175.9	3339.1
100.0	865.7	1478.1	2020.4	3296.2
100.8	567.9	1382.3	1966.9	3236.8
0.0	596.0	1388.8	1944.0	3207.8
103.6	613.3	1313.7	1987.3	3186.6
101.3	603.6	1227.5	2039.8	3164.7
95.4	578.8	1110.9	2085.1	3146.9
92.6	535.9	1047.3	2136.9	3128.1
91.6	522.5	1307.0	2253.2	3142.8
90.2	448.0	1392.8	2289.3	3245.4
89.6	386.8	1374.0	2411.4	3186.8
89.6	423.2	1362.2	2487.7	3114.7
87.6	751.0	1312.5	2497.0	3127.9
86.8	767.0	1230.5	2589.2	3135.1
85.2	704.8	1053.2	2588.6	3135.8
83.9	711.4	1136.2	2598.2	3171.5
83.9	745.6	1194.6	2595.4	3298.8
82.2	745.9	1284.6	2599.7	3314.4
82.2	722.9	1357.0	2590.4	3460.1
80.5	704.2	1403.9	2609.5	3542.6
79.6	703.8	1456.6	2626.6	3529.5
78.3	746.6	1470.2	2642.7	3479.1
77.2	745.7	1454.6	2615.9	3458.6
78.1	761.6	1564.2	2646.6	3633.3
84.4	822.3	1591.8	2625.0	3728.9
83.9	908.1	1589.8	2664.4	3694.8
0.0	895.7	1698.6	2748.4	3591.5
116.5	827.5	1725.0	2738.4	3556.2
0.0	746.1	1610.5	2714.6	3545.3
0.0	695.3	1579.4	2602.7	3601.4
0.0	709.1	1582.1	2609.9	3613.9
103.4	694.4	1575.9	2596.8	3575.8
0.0	715.7	1544.4	2578.7	3455.4
0.0	757.3	1557.4	2585.6	3448.4
0.0	707.5	1544.6	2591.5	3465.6
84.0	514.0	1533.7	2567.7	3621.2
82.3	543.5	1515.1	2602.9	3758.9
81.2	582.7	1504.4	2632.0	3666.7
78.0	561.0	1539.1	2629.0	3569.0
78.4	589.4	1482.9	2612.3	3587.1
0.0	510.6	1484.0	2558.4	3655.4
0.0	778.1	1550.6	2549.4	3473.0
250.0	750.3	1499.1	2510.6	3446.3
0.0	587.6	1457.9	2522.8	3399.2
82.2	546.8	1538.6	2560.4	3420.9
83.3	421.1	1502.3	2586.2	3327.1
82.8	413.5	1198.1	2482.8	3233.9
87.0	398.4	1112.9	2450.5	3244.1
91.6	395.1	1190.9	2394.6	3256.6
95.2	398.9	1304.2	2373.3	3282.8
96.9	388.6	1493.4	2361.3	3362.9
97.6	392.6	1730.7	2340.8	3422.7
99.0	402.6	1858.4	2353.2	3407.1
100.1	415.9	1952.3	2386.1	3429.6
101.7	420.7	2001.4	2424.2	3436.3
102.1	424.6	2001.8	2436.2	3385.4
102.5	421.3	1957.4	2430.5	3326.7
102.6	427.4	1867.4	2352.5	3316.9
101.8	456.6	1778.5	2350.2	3299.8
101.1	479.9	1632.6	2222.4	3261.8
101.1	474.5	1414.7	2142.8	3252.2
101.0	569.1	1275.6	2163.7	3244.1
98.5	817.5	1586.7	2652.4	3357.4
88.6	419.9	1545.4	2641.1	3423.9
84.1	931.2	1760.3	2696.6	3474.9
0.0	1077.2	1760.6	2712.8	3537.6
0.0	942.7	1757.4	2657.5	3505.5
0.0	858.0	1664.2	2642.1	3491.8
0.0	852.2	1796.7	2653.4	3571.7
0.0	991.6	1604.7	2530.9	3403.7
0.0	935.3	1569.5	2406.1	3307.0
0.0	632.7	1337.8	2154.1	3278.0
157.9	643.9	1282.8	2177.9	3275.6
0.0	601.8	1271.2	2110.1	3321.5
0.0	638.0	1306.8	2128.6	3368.9
0.0	602.5	1259.6	1838.5	3184.1
0.0	531.8	1278.8	1806.9	3312.9
0.0	554.3	1293.8	1865.3	3347.3
97.9	560.9	1285.0	1912.4	3325.8
93.7	567.5	1300.0	1986.3	3314.9
88.2	543.7	1275.4	2041.6	3275.7
85.1	551.9	1242.0	2079.3	3262.3
83.4	526.8	1232.6	2154.3	3245.0
76.9	505.3	1224.5	2195.7	3278.0
68.6	500.0	1228.2	2207.7	3271.4
68.5	470.6	1230.3	2208.5	3279.1
0.0	460.3	1251.2	2193.9	3278.9
63.5	439.9	1293.5	2197.7	3260.0
0.0	419.6	1333.9	2238.7	3239.4
235.3	398.6	1464.1	2293.2	3061.8
0.0	432.4	1555.8	2356.5	3139.9
0.0	610.1	1585.8	2432.0	3279.8
98.2	1023.5	1749.9	2534.8	3316.4
0.0	982.0	1857.6	2668.2	3527.6
0.0	1012.5	2014.4	2739.8	3501.2
0.0	771.7	1732.3	2657.1	3403.4
0.0	753.5	1654.5	2676.2	3345.9
0.0	821.7	2037.5	2750.4	3339.9
394.8	919.4	2159.9	2886.9	3437.0
103.4	979.1	2078.0	2985.6	3384.9
0.0	952.9	2022.9	2955.9	3388.3
0.0	936.8	2161.4	2964.0	3453.3
0.0	917.8	2197.7	2951.2	3361.1
0.0	656.8	2111.6	2889.6	3353.7
285.7	862.8	2048.5	2843.7	3422.7
131.9	625.8	2078.7	2919.5	3408.2
521.7	962.9	2105.4	2912.2	3390.8
292.7	702.3	1768.1	2708.3	3390.2
0.0	771.1	1747.4	2533.2	3358.6
0.0	781.3	1816.7	2629.9	3442.5
0.0	885.7	1852.5	2713.0	3435.7
0.0	715.5	1778.6	2554.9	3401.1
0.0	563.5	1692.3	2620.7	3649.4
0.0	530.5	1671.0	2713.8	3606.3
0.0	616.6	1642.1	2607.4	3556.9
0.0	631.3	1524.8	2557.1	3476.3
96.8	610.0	1515.9	2489.7	3426.0
0.0	655.5	1550.3	2447.6	3373.7
280.6	620.6	1500.2	2451.2	3413.4
88.1	786.8	1498.6	2423.7	3381.3
151.7	756.6	1541.8	2450.9	3363.1
236.6	738.5	1587.4	2415.4	3305.8
70.2	686.1	1536.3	2401.8	3333.6
0.0	558.2	1492.0	2448.5	3391.9
0.0	660.6	1449.6	2350.9	3368.1
206.9	824.2	1496.1	2390.1	3356.2
93.8	815.4	1468.9	2556.0	3430.3
0.0	918.9	1650.5	2650.4	3352.5
0.0	916.9	1752.1	2552.3	3339.8
0.0	941.7	1782.8	2669.6	3488.7
0.0	994.7	1818.0	2716.9	3529.2
0.0	943.0	1719.3	2536.8	3488.0
0.0	982.8	1731.9	2467.6	3524.0
