0.0	0.0	0.0	0.0	0.0
0.0	0.0	0.0	0.0	0.0
0.0	0.0	0.0	0.0	0.0
0.0	535.8	1720.3	2566.3	3418.5
0.0	958.3	1732.7	2637.7	3367.6
0.0	827.4	1747.7	2588.9	3441.8
0.0	841.8	1694.8	2602.2	3553.0
63.5	1052.9	1778.8	2563.8	3476.0
0.0	538.6	1837.3	2576.1	3384.6
0.0	1120.8	1800.4	2685.0	3408.0
0.0	868.7	1654.4	2547.7	3424.1
0.0	853.3	1863.0	2520.5	3396.8
0.0	850.8	1817.4	2480.1	3361.2
0.0	740.6	1667.2	2554.3	3465.9
0.0	789.2	1644.6	2584.5	3481.5
0.0	789.4	1680.5	2507.5	3464.3
0.0	689.5	1586.5	2425.1	3525.6
0.0	423.6	1593.6	2434.8	3683.7
0.0	411.4	1607.8	2477.7	3743.2
165.2	440.4	1615.9	2512.9	3702.6
165.7	442.0	1594.7	2546.4	3707.2
166.0	400.2	1615.1	2563.9	3731.8
167.2	463.0	1646.3	2588.1	3732.0
171.2	408.8	1637.8	2594.5	3657.7
173.9	456.9	1628.3	2614.7	3676.0
174.9	511.5	1612.5	2657.2	3682.9
175.0	567.4	1684.7	2750.8	3717.9
173.9	607.4	1757.5	2800.3	3734.4
164.4	920.5	1793.5	2828.9	3762.0
166.7	762.0	2360.1	3037.4	3743.5
400.0	842.2	2465.8	3239.4	3747.8
0.0	785.3	2020.7	2842.2	3776.5
0.0	956.4	2069.3	2873.4	3766.9
218.2	806.1	2076.9	2998.7	3735.3
69.8	965.3	2125.6	2999.5	3723.6
71.4	1287.6	2467.9	3005.8	3797.1
571.4	933.0	2487.6	3226.4	3750.8
0.0	791.1	2391.7	3002.8	3659.2
0.0	755.6	1929.1	2763.7	3593.7
0.0	680.3	1912.9	2694.0	3557.1
0.0	562.8	1892.8	2614.2	3464.8
0.0	600.7	1927.8	2567.2	3386.7
168.6	603.9	1945.3	2517.4	3392.1
162.9	624.5	1993.3	2533.9	3431.0
160.1	606.7	2025.3	2589.6	3428.8
157.9	593.2	2034.4	2611.3	3473.4
157.4	519.4	2018.7	2637.3	3551.0
156.0	531.6	2016.5	2632.4	3576.5
156.7	541.1	2019.7	2621.7	3624.5
156.1	558.8	2025.6	2651.2	3661.8
155.5	324.4	2054.3	2676.7	3616.1
154.7	359.3	2034.9	2707.2	3569.4
153.2	408.5	2015.4	2719.9	3483.1
153.6	334.2	1985.7	2689.5	3475.0
151.9	345.5	1933.5	2630.1	3499.8
150.0	346.2	1883.1	2618.3	3413.1
157.9	391.9	1802.4	2585.3	3396.6
151.9	376.4	1775.7	2585.9	3462.6
157.9	404.6	1758.6	2563.5	3465.3
160.0	408.2	1741.0	2558.2	3409.5
160.0	440.5	1683.5	2555.1	3397.1
160.0	487.3	1642.0	2630.8	3464.1
160.0	492.6	1610.8	2782.0	3541.2
153.8	496.8	1597.0	2892.8	3512.6
160.0	756.2	1676.4	3093.3	3619.7
146.3	797.3	1877.9	3058.9	3676.0
76.4	834.3	1714.1	2783.8	3581.7
72.7	484.9	1641.7	2706.1	3682.5
235.3	794.7	1565.8	2756.8	3753.3
0.0	701.4	1517.6	2701.9	3731.9
155.8	653.2	1501.9	2613.0	3660.8
0.0	416.0	1430.9	2553.1	3563.2
0.0	461.5	1416.1	2524.1	3521.9
147.5	480.5	1412.1	2496.9	3464.9
141.8	523.1	1396.4	2438.3	3401.0
138.1	550.5	1353.4	2389.6	3374.3
134.0	711.3	1426.2	2424.0	3430.5
128.8	935.8	1782.8	2555.1	3484.5
115.6	822.9	1709.7	2685.9	3554.8
111.1	1035.5	1827.5	2685.5	3464.5
0.0	850.5	1755.9	2486.7	3502.9
144.6	839.3	1703.0	2620.6	3500.5
0.0	750.1	1557.9	2636.1	3401.4
0.0	730.8	1516.9	2484.6	3421.7
0.0	907.2	1593.1	2472.7	3396.2
0.0	939.0	1618.6	2467.8	3383.5
166.7	804.7	1322.0	2507.8	3389.0
0.0	622.2	1027.0	2164.6	3135.2
0.0	676.6	903.5	2005.7	2987.7
166.7	607.0	936.1	1973.0	2981.2
155.8	626.4	970.4	1940.0	3008.6
153.8	625.5	1030.7	1908.5	3031.6
151.9	629.2	1065.2	1880.9	3052.8
151.9	623.6	1060.2	1876.2	3082.3
151.9	613.1	1045.0	1865.1	3133.1
150.0	512.4	943.6	1877.2	3161.2
149.5	528.0	896.2	1921.8	3188.7
148.1	516.7	969.0	1947.8	3205.8
148.1	515.5	1107.4	1995.5	3200.6
148.1	557.9	1368.4	2023.8	3196.1
148.9	577.6	1635.7	2107.1	3190.1
150.4	611.2	1665.5	2184.6	3207.6
149.9	589.0	1626.4	2257.1	3269.2
150.1	583.0	1593.1	2340.1	3355.2
149.0	573.1	1569.9	2410.7	3402.6
149.2	560.7	1559.3	2436.8	3451.7
148.0	574.9	1567.4	2460.3	3468.5
148.8	556.6	1552.5	2459.4	3407.2
148.9	573.6	1564.5	2468.6	3423.4
149.1	550.0	1545.0	2464.4	3428.7
149.1	568.2	1561.3	2468.3	3422.6
149.1	578.9	1564.0	2489.1	3430.6
149.8	511.5	1570.9	2527.6	3487.8
149.6	412.3	1562.2	2563.1	3393.6
149.3	745.5	1751.8	2676.2	3366.1
74.1	359.6	1612.5	2621.6	3466.4
71.9	782.3	1840.6	2810.4	3518.6
79.5	778.7	1766.6	2762.8	3510.8
0.0	723.5	1744.0	2688.5	3621.2
324.3	598.0	1737.1	2716.6	3697.1
0.0	633.9	1748.8	2652.1	3631.7
0.0	650.2	1772.7	2569.6	3542.6
88.9	699.9	1758.9	2460.9	3495.7
155.8	522.2	1728.5	2404.2	3422.4
176.5	400.0	1680.1	2318.5	3377.0
155.0	488.6	1645.5	2331.5	3378.5
142.8	512.9	1628.3	2334.1	3375.7
139.7	522.7	1594.1	2354.8	3363.8
137.0	543.1	1576.0	2388.3	3243.2
141.8	539.3	1531.4	2320.1	2834.1
141.3	525.9	1505.9	2335.5	2643.0
140.4	528.5	1536.8	2425.1	2741.0
136.4	541.2	1562.3	2400.7	2902.4
135.1	588.1	1579.2	2323.3	3040.6
132.1	594.4	1561.0	2280.7	2998.8
131.3	584.6	1517.0	2267.9	2894.4
130.6	596.8	1463.2	2212.9	2810.0
130.4	584.3	1427.5	2176.9	2758.3
129.3	583.8	1432.2	2134.8	2767.5
128.8	564.9	1406.3	2129.7	2905.2
128.7	544.8	1357.6	2104.3	3209.5
128.2	522.7	1276.9	2170.9	3438.2
126.0	423.3	1144.0	2222.0	3540.2
120.0	862.7	2081.9	2846.2	3658.5
121.2	749.3	1719.7	2464.4	3642.0
67.0	891.3	1509.8	2412.0	3574.2
545.5	976.8	1387.7	2334.5	3552.7
0.0	892.8	1066.5	2342.1	3534.3
196.7	871.1	1154.1	2299.2	3571.1
0.0	774.6	1057.3	2247.7	3543.7
521.7	861.0	1110.2	2389.8	3408.0
521.7	759.0	1026.1	2526.9	3288.6
521.7	800.2	1137.0	2720.9	3318.6
0.0	578.9	997.3	2530.3	3312.5
0.0	524.9	975.9	2255.2	3277.0
0.0	503.8	1036.0	2225.2	3231.6
144.9	521.5	1095.3	2178.0	3195.5
146.8	501.5	1168.0	2185.3	3184.2
147.5	538.7	1257.6	2192.7	3198.7
150.0	518.7	1344.7	2182.0	3220.8
147.3	534.7	1398.4	2177.7	3237.4
71.6	518.6	1469.1	2193.7	3272.1
141.8	509.0	1580.6	2215.4	3278.0
141.4	505.9	1619.7	2239.0	3300.4
141.0	468.4	1715.9	2291.4	3301.7
138.4	442.2	1804.8	2353.2	3301.4
143.6	428.9	1837.1	2399.8	3311.4
142.1	418.9	1852.6	2447.2	3326.4
141.5	416.0	1873.9	2497.9	3360.6
137.0	383.9	1900.2	2569.1	3360.7
133.9	392.4	1920.3	2592.7	3398.6
133.7	398.5	1934.5	2593.3	3407.1
133.1	381.3	1940.1	2592.4	3438.5
131.5	372.5	1908.1	2618.2	3452.0
128.5	343.6	1889.3	2646.8	3491.7
126.3	599.5	1929.5	2667.3	3515.5
123.7	710.1	1905.6	2711.6	3440.5
127.7	765.9	2007.1	2861.0	3396.3
142.9	792.7	1945.0	2718.3	3361.6
0.0	932.7	2143.9	3178.0	3314.2
0.0	818.5	2099.0	2840.2	3521.4
190.5	477.1	2229.6	2759.3	3461.0
0.0	554.8	1766.2	2530.9	3311.7
0.0	550.2	1793.1	2560.4	3330.2
130.4	651.1	1754.0	2521.3	3325.5
130.2	636.4	1712.1	2479.9	3333.4
131.6	847.0	1730.6	2370.6	3268.1
80.5	642.3	1654.9	2281.7	3191.1
124.8	587.6	1630.6	2350.9	3238.7
121.3	622.8	1699.2	2375.4	3281.9
122.4	580.6	1696.9	2282.7	3307.4
121.6	845.4	1637.9	2263.1	3275.1
127.1	830.8	1678.9	2351.9	3531.5
134.8	611.0	1811.6	2531.6	3634.6
130.8	630.5	1850.9	2645.9	3802.2
63.5	680.7	1833.4	2611.6	3748.7
126.3	779.2	1835.0	2630.5	3684.4
0.0	745.2	1791.9	2678.3	3618.0
0.0	865.4	1836.4	2643.4	3600.5
0.0	855.8	1843.0	2622.2	3556.1
151.9	767.3	1782.7	2686.6	3522.3
0.0	929.5	1855.1	2696.3	3477.2
0.0	961.9	1762.9	2736.2	3649.2
0.0	801.6	1676.6	2732.9	3540.9
0.0	612.5	1651.5	2652.5	3366.7
0.0	568.6	1602.7	2648.4	3387.2
