0.0	0.0	0.0	0.0	0.0
0.0	0.0	0.0	0.0	0.0
0.0	0.0	0.0	0.0	0.0
0.0	680.9	1662.8	2732.3	3674.4
0.0	710.9	1666.5	2526.0	3493.0
0.0	713.4	1695.6	2495.0	3578.5
0.0	675.9	1661.1	2551.8	3487.9
0.0	605.3	1591.6	2471.6	3420.2
0.0	684.5	1734.4	2488.4	3449.8
190.5	824.0	1818.7	2638.9	3553.4
0.0	798.2	1695.3	2452.6	3441.9
0.0	765.5	1674.9	2031.9	3191.5
0.0	741.8	1681.7	2152.5	3339.1
0.0	579.3	1607.1	2472.4	3360.7
366.7	717.9	1562.7	2470.3	3432.3
0.0	754.0	1557.0	2417.3	3489.4
63.5	586.3	1701.8	2433.6	3440.2
0.0	621.3	1638.2	2426.0	3403.9
0.0	632.8	1607.0	2450.6	3427.6
0.0	650.8	1595.1	2347.7	3443.9
294.1	667.7	1626.3	2401.5	3477.4
262.5	646.7	1691.0	2455.8	3527.6
207.5	624.8	1684.2	2433.6	3563.3
194.3	581.9	1670.3	2407.6	3621.6
136.6	582.2	1629.7	2433.3	3577.4
138.9	563.3	1580.2	2456.0	3589.8
137.8	534.2	1573.1	2460.9	3570.6
136.8	530.5	1560.1	2462.3	3592.6
136.2	474.6	1590.5	2491.4	3676.4
135.4	473.5	1619.5	2605.5	3654.7
130.4	623.0	1627.6	2799.6	3686.5
134.8	815.9	1837.8	2933.7	3785.8
104.3	637.1	1988.8	3025.3	3731.2
375.0	791.4	1887.8	3143.8	3738.8
0.0	768.5	1711.7	3019.7	3699.9
0.0	822.6	1989.8	3055.6	3737.4
139.5	797.7	1992.3	3018.0	3772.8
0.0	857.1	1858.0	3022.6	3696.8
333.3	808.3	1877.1	2921.3	3660.3
0.0	735.6	1781.5	2714.1	3694.3
0.0	779.6	1528.1	2580.4	3637.3
500.0	658.4	1414.5	2545.9	3622.8
0.0	509.7	1406.0	2502.5	3680.8
176.5	548.5	1398.0	2491.4	3664.9
172.4	544.7	1388.7	2529.6	3657.0
171.8	559.6	1389.6	2571.0	3665.3
171.6	568.1	1407.7	2562.3	3653.7
172.1	562.2	1471.0	2544.8	3660.6
172.2	555.1	1527.9	2552.8	3668.2
172.2	537.2	1580.6	2568.2	3622.1
173.6	511.7	1622.9	2573.6	3600.1
175.3	510.5	1663.8	2610.1	3582.5
176.3	437.8	1704.3	2659.3	3482.4
173.4	396.1	1716.9	2704.3	3360.0
166.7	365.0	1800.8	2822.0	3456.0
80.0	455.3	2002.4	2927.3	3608.8
76.4	1060.7	2193.1	3037.6	3655.0
153.8	403.8	2212.4	3010.8	3613.1
0.0	1060.5	2274.6	3088.1	3633.9
0.0	810.1	2056.7	2796.2	3638.6
0.0	698.0	1899.0	2758.1	3640.4
0.0	769.4	1843.9	2717.6	3579.1
0.0	683.7	1801.3	2695.0	3556.1
0.0	450.6	1820.6	2634.3	3555.5
0.0	401.3	1772.7	2566.6	3547.2
0.0	424.3	1739.8	2528.7	3449.9
139.8	398.5	1719.1	2492.2	3372.4
74.1	389.8	1688.4	2497.8	3334.5
165.3	424.7	1663.2	2509.1	3442.6
0.0	469.1	1658.2	2479.1	3477.3
114.5	471.6	1658.8	2479.8	3446.2
132.7	552.0	1644.3	2487.4	3490.4
0.0	555.7	1621.0	2457.7	3465.8
101.0	591.9	1594.2	2445.1	3511.5
178.9	589.7	1583.1	2415.6	3591.8
70.4	607.1	1583.7	2415.9	3527.1
118.5	625.7	1595.6	2399.3	3483.7
143.6	648.8	1624.7	2360.4	3419.8
135.9	657.5	1630.8	2344.2	3399.3
137.4	652.6	1648.4	2292.2	3375.5
139.4	632.8	1668.4	2164.9	3313.2
140.5	563.6	1710.2	2065.0	3398.0
141.2	512.9	1750.7	2040.0	3633.0
142.4	849.0	1790.1	2135.1	3761.7
140.8	528.7	1829.2	2193.1	3692.2
128.0	1046.1	1921.4	2619.6	3626.6
67.2	623.6	1805.5	2492.6	3425.8
0.0	587.7	1767.3	2701.1	3439.5
0.0	946.7	1766.8	3104.6	3779.8
0.0	577.0	1802.2	2844.2	3729.1
255.3	922.5	1806.0	2793.1	3636.4
144.6	901.9	1743.1	2907.9	3741.9
0.0	920.3	1700.5	2521.4	3549.1
0.0	510.8	1658.9	2396.8	3617.4
0.0	498.0	1643.9	2399.5	3681.8
145.7	501.5	1647.9	2411.5	3644.0
140.9	487.4	1636.7	2406.4	3694.6
133.2	499.2	1621.3	2415.8	3689.8
130.4	506.8	1566.6	2425.9	3698.4
127.5	516.1	1512.6	2432.8	3677.7
126.0	509.6	1491.2	2445.7	3596.0
126.3	513.8	1494.9	2475.0	3634.8
126.3	546.1	1532.8	2771.9	3668.0
123.7	545.5	1513.7	2621.4	3624.0
126.3	563.7	1483.4	2462.0	3595.6
0.0	665.1	1476.6	2434.4	3611.6
117.6	613.5	1497.3	2461.7	3650.6
129.0	526.9	1485.4	2438.5	3701.3
130.1	545.8	1477.2	2459.2	3709.5
129.5	479.3	1516.7	2417.1	3363.6
127.7	438.3	1453.2	2337.5	2587.9
133.3	435.1	1437.9	2282.9	2600.2
127.7	431.7	1453.9	2313.6	2642.1
127.7	479.3	1506.9	2439.7	2949.6
129.0	588.8	1569.4	2586.3	3403.4
133.7	609.0	1638.2	2579.2	3585.1
133.0	616.0	1699.5	2553.0	3564.6
134.6	616.3	1719.0	2573.2	3579.9
137.0	624.7	1737.0	2576.2	3487.0
139.0	617.2	1763.7	2596.4	3466.7
141.5	614.0	1800.6	2565.9	3435.3
145.5	614.6	1837.1	2547.3	3425.9
147.7	604.7	1883.2	2556.5	3419.4
150.3	577.7	1954.7	2517.8	3349.6
152.4	547.1	2002.0	2453.5	3432.4
152.8	528.2	2099.9	2415.4	3575.3
153.2	482.8	2066.9	2372.5	3678.0
150.4	423.5	1597.2	2378.0	3604.3
72.7	947.4	1828.6	2462.1	3440.0
67.7	1122.3	1786.3	2409.9	3488.8
71.5	1058.1	1735.2	2538.6	3471.5
76.4	1190.5	1842.1	2559.7	3428.0
0.0	1131.2	1766.5	2479.0	3441.6
0.0	859.9	1725.6	2449.4	3345.5
0.0	470.2	1573.6	2001.0	3211.0
0.0	425.3	1523.4	1779.7	3188.4
0.0	452.1	1456.1	1735.2	3168.3
136.5	449.5	1386.5	1733.1	3146.9
135.9	450.5	1335.5	1699.2	3116.5
130.6	619.9	1449.3	1967.1	3176.7
128.5	582.3	1513.7	2311.0	3222.2
124.4	733.1	1544.1	2312.1	3240.3
119.3	653.7	1498.2	2412.1	3206.5
114.3	801.1	1460.1	2483.3	3319.9
137.9	901.6	1572.4	2474.4	3334.4
0.0	1069.3	1677.0	2533.5	3339.2
0.0	926.4	1628.5	2483.1	3367.9
0.0	883.4	1522.0	2339.2	3284.3
0.0	1019.9	1631.5	2377.0	3245.3
0.0	948.0	1607.0	2394.7	3345.5
0.0	440.0	1192.7	1877.0	3293.4
0.0	494.0	1147.5	1823.1	3243.7
134.6	501.9	1166.5	1812.6	3189.1
129.8	499.6	1225.8	1833.5	3129.1
127.8	494.0	1295.6	1830.6	3096.7
126.1	492.2	1355.9	2033.5	3123.5
126.8	477.4	1376.7	2541.2	3286.0
127.8	447.0	1369.9	2564.7	3428.1
124.1	386.5	1294.3	2593.1	3579.7
125.3	377.2	1330.0	2583.8	3591.4
117.3	347.3	1405.8	2625.2	3491.2
118.8	360.1	1409.7	2590.5	3461.4
122.4	414.2	1369.6	2494.2	3343.7
123.2	461.0	1365.2	2435.9	3214.5
119.5	438.1	1321.3	2358.9	3258.5
114.3	287.0	1416.0	2458.8	3322.5
107.0	471.7	1552.0	2444.8	3418.1
127.7	478.9	1739.5	2591.7	3450.0
132.3	963.1	1923.6	2735.7	3512.5
0.0	930.3	1829.5	2622.0	3448.2
0.0	900.8	1762.6	2692.3	3348.9
0.0	733.7	1656.5	2620.5	3286.8
0.0	604.0	1510.4	2464.3	3292.3
0.0	492.4	1644.6	2359.9	3327.9
0.0	382.9	1854.1	2347.2	3333.6
148.4	392.6	1978.9	2425.7	3350.3
145.7	319.7	2041.6	2536.8	3389.4
142.9	304.9	2070.7	2580.3	3399.1
137.9	381.8	2072.4	2564.5	3398.3
139.5	369.7	2079.4	2546.0	3428.9
136.4	311.0	2071.3	2451.1	3417.2
134.8	437.4	1982.8	2338.8	3411.7
134.3	352.1	1591.9	2314.0	3392.6
131.8	349.8	1575.3	2420.6	3388.1
70.4	779.4	1610.7	2512.0	3365.9
120.0	799.1	1726.9	2468.9	3321.6
142.7	742.7	1657.9	2511.7	3406.5
0.0	810.8	1616.0	2486.9	3406.0
0.0	933.6	1540.6	2430.1	3336.7
0.0	734.6	1292.5	2298.1	3330.3
0.0	464.4	1022.5	2367.4	3316.4
0.0	437.1	937.5	2341.0	3261.1
122.9	463.1	922.6	2281.1	3215.9
121.4	514.1	941.4	2303.7	3226.5
118.7	591.6	907.9	2296.8	3239.2
124.5	662.5	884.2	2170.9	3189.7
123.2	713.1	1031.9	2100.3	3201.6
122.5	741.6	1435.1	2141.1	3221.3
119.8	799.5	1680.4	2711.8	3264.3
131.4	798.3	1888.8	2950.5	3412.1
65.9	798.8	1725.9	2828.3	3680.7
0.0	814.4	1746.8	2760.8	3646.1
0.0	798.8	1780.1	2677.2	3640.3
0.0	761.5	1796.6	2749.1	3702.4
83.3	766.0	1734.7	2691.6	3568.8
0.0	767.2	1713.2	2666.6	3570.7
461.5	782.5	1768.8	2702.5	3604.4
0.0	818.2	1764.2	2669.4	3653.8
0.0	796.2	1775.5	2758.4	3700.5
0.0	808.0	1832.1	2657.2	3640.0
0.0	826.1	1736.2	2584.7	3605.1
0.0	774.6	1760.6	2590.5	3630.3
0.0	770.9	1834.4	2647.9	3739.3
0.0	862.7	1766.4	2745.1	3675.4
100.8	827.6	1850.3	2804.1	3687.6
64.5	774.6	1762.9	2777.0	3571.8
