0.0	0.0	0.0	0.0	0.0
0.0	0.0	0.0	0.0	0.0
0.0	0.0	0.0	0.0	0.0
0.0	806.1	1624.3	2451.2	3466.3
0.0	800.1	1642.6	2371.4	3480.5
0.0	720.2	1623.0	2434.2	3527.0
0.0	743.2	1608.1	2421.6	3493.7
428.6	748.4	1681.8	2376.1	3472.8
0.0	690.5	1672.9	2412.2	3422.4
0.0	803.7	1632.7	2491.1	3498.3
157.9	756.9	1631.5	2517.0	3504.9
0.0	729.3	1633.5	2487.7	3385.7
0.0	881.4	1758.0	2459.6	3313.5
0.0	905.5	1727.2	2427.6	3350.2
0.0	776.8	1768.0	2495.4	3424.5
187.5	808.1	1958.7	2876.2	3596.9
0.0	790.4	1911.4	2807.7	3578.2
333.3	707.6	1812.6	2739.2	3557.2
461.5	863.3	2043.0	2759.6	3615.3
315.8	900.2	2008.0	2707.0	3451.2
0.0	872.5	1975.6	2638.4	3442.4
0.0	961.5	1991.9	2705.2	3539.0
0.0	777.4	1961.9	2659.2	3539.8
0.0	698.9	2042.8	2756.6	3439.1
0.0	716.9	2014.6	2673.4	3385.5
0.0	729.8	1963.9	2555.4	3478.3
342.9	721.9	2044.9	2634.0	3466.4
240.0	845.4	1916.2	2692.1	3431.2
0.0	326.6	1912.6	2758.0	3293.3
0.0	331.2	2020.9	2846.5	3243.8
168.5	312.6	2035.0	2834.3	3257.1
85.6	314.0	2042.1	2735.0	3246.6
84.2	328.1	2030.0	2568.7	3093.1
87.4	359.9	1975.6	2340.7	3205.6
87.8	384.6	1885.7	2258.4	3225.3
88.6	390.6	1728.0	2289.5	3200.2
185.6	393.5	1521.8	2311.4	3304.7
181.8	420.8	1328.9	2356.8	3299.1
182.4	429.8	1190.3	2417.0	3334.0
181.7	445.0	984.7	2407.9	2868.9
178.3	406.8	1015.5	2416.5	2738.6
173.9	379.5	1063.4	2392.1	2695.4
172.5	375.4	1053.0	2388.0	2656.6
164.4	381.7	1057.4	2374.6	2666.8
160.0	404.1	1089.6	2354.0	2711.8
151.4	431.2	1541.3	2334.2	3365.0
148.4	427.7	1802.5	2367.9	3493.6
141.8	429.2	1997.0	2474.2	3559.4
136.3	432.2	2089.0	2611.8	3512.8
134.6	448.8	2144.9	2679.7	3491.0
132.5	446.6	2200.2	2724.8	3545.3
131.8	435.4	2227.4	2711.7	3557.4
131.2	453.0	2239.4	2658.5	3599.6
129.4	446.7	2169.3	2610.8	3530.1
129.0	432.2	1043.0	2418.0	3269.5
127.7	430.0	1030.0	2360.3	3075.5
127.3	432.4	1031.7	2349.9	2850.0
126.0	436.2	1041.4	2346.2	2842.0
124.8	433.7	1052.6	2355.4	3114.1
122.5	420.3	1026.2	2446.2	3404.0
121.8	583.0	2057.0	2585.8	3610.7
117.9	786.3	2185.2	2631.6	3725.8
116.7	785.2	2125.5	2602.7	3733.1
117.9	790.2	2021.3	2654.0	3682.2
119.3	820.5	1896.7	2554.1	3596.4
120.7	748.5	1823.5	2428.6	3582.8
0.0	720.4	1713.5	2458.5	3565.2
149.8	718.6	1609.9	2428.5	3528.0
146.6	698.2	1510.7	2425.6	3489.2
149.1	701.3	1380.7	2473.4	3391.2
150.8	697.7	1271.3	2533.7	3393.2
154.5	697.6	1224.1	2692.4	3448.3
156.4	686.6	1165.0	2776.4	3452.0
158.4	674.9	1124.5	2839.1	3440.6
161.8	640.0	1110.0	2870.4	3425.9
165.8	614.9	1041.7	2894.8	3427.1
168.8	553.3	967.9	2905.2	3419.0
169.7	488.6	936.2	2910.0	3388.9
168.1	519.5	1639.0	2828.4	3219.7
162.0	676.1	1785.1	2712.1	3351.7
83.1	1042.3	1931.0	2692.1	3361.7
0.0	919.3	1876.0	2737.5	3445.2
0.0	883.6	1752.9	2701.8	3503.2
0.0	853.7	1652.4	2705.7	3469.7
0.0	839.0	1610.3	2842.2	3512.9
0.0	840.3	1624.6	2765.4	3554.2
413.8	805.9	1677.2	2846.3	3577.3
0.0	927.6	1792.0	2808.8	3641.3
141.2	775.2	1783.3	2911.5	3620.6
0.0	470.3	918.5	2906.3	3497.7
158.4	446.1	936.7	2935.4	3499.2
111.4	458.2	1017.0	2906.4	3516.3
123.5	460.8	1082.9	2850.8	3524.9
120.1	488.5	1147.2	2819.4	3509.7
118.5	488.6	1212.7	2782.9	3485.3
118.6	496.9	1270.2	2780.2	3519.0
117.7	485.1	1293.2	2792.1	3542.7
117.7	479.5	1294.9	2779.0	3562.4
115.6	457.7	1323.0	2756.5	3619.2
116.4	508.8	1473.8	2684.2	3602.0
114.2	579.8	1545.4	2739.7	3606.8
112.1	844.4	1586.5	2927.6	3675.8
214.3	1020.3	1973.9	3207.0	4109.3
87.0	891.9	2014.5	3112.8	4052.4
375.0	982.0	2076.7	3102.4	3927.6
0.0	966.8	1975.0	3031.1	3762.6
545.5	861.5	1806.3	2842.9	3615.9
324.3	783.6	1824.4	2835.1	3665.8
324.3	800.6	1840.0	2819.1	3745.9
0.0	595.3	1911.1	2688.7	3666.4
0.0	599.5	1994.6	2657.2	3699.1
0.0	547.8	2044.5	2661.0	3674.1
0.0	787.6	2003.7	2640.0	3574.6
66.7	350.8	2031.6	2636.5	3488.6
0.0	355.9	2096.1	2596.5	3453.6
147.3	350.2	2123.7	2572.2	3506.2
131.2	347.9	2084.9	2377.1	3537.2
129.8	434.3	1949.3	2260.3	3535.4
128.3	394.9	1796.9	2303.9	3581.3
125.8	379.9	1412.7	2332.5	3556.7
123.0	374.7	1178.6	2364.7	3436.2
122.0	368.8	1088.1	2391.0	3401.9
121.1	354.9	926.8	2298.8	3413.5
119.6	364.5	854.9	2331.8	3387.3
118.6	356.3	855.5	2308.9	3279.7
117.1	358.5	823.6	2336.9	3217.1
118.8	390.8	773.9	2418.7	3298.4
118.7	425.1	795.4	2495.1	3320.5
120.1	437.3	814.2	2540.1	3289.2
122.2	491.6	866.8	2628.9	3305.8
124.6	542.5	878.4	2653.2	3341.5
125.4	593.1	876.6	2683.3	3373.5
126.9	636.4	953.7	2717.2	3421.6
128.7	690.3	1044.6	2706.0	3476.8
129.3	708.8	1114.8	2657.6	3477.0
130.6	756.3	1185.1	2614.7	3395.2
131.3	775.7	1241.7	2561.2	3142.2
131.5	749.3	1352.6	2524.6	3208.0
131.6	739.1	1501.6	2490.3	3345.3
131.7	684.8	1595.8	2505.3	3480.8
133.2	627.2	1623.8	2514.4	3501.0
133.4	589.7	1651.0	2584.9	3399.4
132.5	497.0	1725.9	2785.3	3420.3
149.8	935.7	1850.3	2954.5	3616.4
75.0	967.6	1930.3	2884.5	3587.0
0.0	898.6	1812.7	2723.5	3518.1
0.0	908.5	1880.3	2883.3	3594.3
363.6	568.6	2093.0	2925.6	3560.8
0.0	988.1	2296.4	3009.4	3579.8
0.0	627.4	2358.0	3234.3	3583.3
0.0	587.8	2419.5	3272.6	3833.2
0.0	1005.1	2250.2	3142.3	3938.1
324.3	526.3	1819.8	2957.1	3836.3
266.7	864.3	1792.2	2822.0	3928.4
250.0	937.9	1771.7	2658.2	3528.3
0.0	825.1	1636.2	2558.6	3301.3
0.0	745.6	1645.2	2530.5	3341.2
235.3	533.1	1419.3	2578.4	3560.8
226.4	551.1	1423.5	2606.1	3605.0
0.0	509.5	1483.0	2608.3	3561.6
0.0	577.5	1533.7	2746.9	3596.9
117.3	578.7	1508.7	2668.0	3516.2
125.2	538.5	1442.9	2460.3	3485.0
120.5	497.8	1389.1	2428.5	3324.2
119.7	420.1	1341.6	2364.0	2995.5
118.1	392.7	1424.6	2361.0	3110.2
119.9	378.5	1413.7	2377.1	3325.2
118.4	346.2	1419.9	2411.5	3402.3
116.0	418.4	1560.8	2409.3	3420.4
114.5	483.5	1335.0	2416.7	3293.3
107.1	709.8	1537.6	2713.9	3507.4
0.0	1003.8	1711.8	2669.8	3455.7
0.0	776.6	1621.2	2547.0	3316.8
0.0	688.8	1626.1	2602.4	3469.1
0.0	794.7	1625.0	2455.0	3582.9
0.0	812.3	1690.1	2468.4	3480.6
272.7	781.1	1729.6	2496.8	3444.2
285.7	788.2	1740.7	2543.6	3388.7
0.0	801.3	1781.9	2581.9	3478.0
152.3	777.5	1784.0	2524.4	3459.5
74.5	798.7	1753.3	2481.1	3389.9
0.0	711.3	1731.7	2523.2	3220.4
0.0	681.7	1762.5	2568.6	3305.0
128.4	679.7	1736.8	2583.4	3410.6
126.1	659.9	1709.5	2563.9	3249.3
123.2	670.3	1717.7	2540.8	3218.5
121.9	675.7	1681.7	2572.8	3343.7
119.8	670.9	1647.3	2618.9	3464.5
119.8	663.4	1672.8	2588.3	3395.9
121.1	674.0	1617.6	2564.8	3413.1
122.0	682.1	1601.2	2596.3	3597.6
123.4	668.6	1575.0	2600.1	3536.2
125.0	663.8	1500.2	2659.1	3494.6
125.5	692.3	1456.1	2671.6	3599.9
126.0	702.8	1515.7	2650.8	3646.8
123.7	664.2	1511.4	2647.8	3528.2
125.0	769.5	2008.6	2790.8	3708.5
0.0	975.5	2264.9	3059.6	4473.8
153.8	912.2	1998.7	2924.8	3999.9
0.0	722.8	1854.5	2997.3	3861.3
0.0	748.6	1778.5	3091.7	3799.7
272.7	975.4	1874.8	3054.3	3741.1
0.0	754.6	1787.5	2911.0	3651.9
123.7	803.4	1689.3	2692.5	3609.3
130.4	844.2	1677.3	2627.6	3615.4
90.2	566.8	1716.3	2568.1	3630.9
0.0	543.8	1762.3	2613.5	3620.9
100.0	543.8	1762.3	2613.5	3620.9
0.0	601.4	1649.8	2578.0	3442.4
112.3	611.7	1568.3	2477.6	3386.0
110.7	496.3	1335.0	2358.9	3281.9
109.2	508.0	1287.7	2393.5	3250.2
107.1	382.6	1306.6	2528.1	3466.4
110.1	366.4	1272.0	2506.0	3491.5
109.1	352.1	1226.6	2475.4	3432.3
111.1	368.4	1225.2	2512.2	3409.9
109.1	390.1	1306.9	2493.7	3342.9
108.1	389.3	1199.2	2445.0	3495.9
110.8	392.3	1181.7	2415.1	3508.2
