0.0	0.0	0.0	0.0	0.0
0.0	0.0	0.0	0.0	0.0
0.0	0.0	0.0	0.0	0.0
0.0	884.3	1713.0	2473.4	3592.1
0.0	870.9	1731.6	2593.3	3412.5
0.0	721.4	1547.9	2595.6	3338.9
0.0	666.8	1507.9	2641.5	3430.6
0.0	859.7	1784.4	2749.9	3517.7
0.0	900.7	1726.7	2727.1	3355.0
0.0	990.6	1876.3	2670.7	3360.0
0.0	1051.2	1998.2	2775.6	3424.1
0.0	784.7	1556.8	2569.4	3333.4
0.0	814.5	1685.6	2540.2	3441.4
0.0	612.8	1611.5	2534.8	3484.5
63.5	442.3	1556.8	2466.2	3381.4
0.0	570.6	1567.8	2483.9	3305.0
150.0	296.0	1579.1	2465.6	3427.5
0.0	368.0	1343.3	2253.2	3243.5
164.4	348.7	1221.9	2207.8	3087.7
69.2	361.7	1274.5	2154.2	3125.4
135.4	449.2	1790.7	2338.1	3345.4
145.1	500.7	1899.0	2450.1	3449.0
146.7	496.5	1944.6	2591.1	3527.9
148.8	481.0	1963.4	2616.3	3491.0
152.7	471.4	1975.2	2568.6	3421.5
156.1	483.7	1945.6	2400.0	3194.0
158.9	464.0	1809.7	2155.0	3203.7
161.9	462.2	1085.3	2147.1	3225.1
163.6	787.0	956.2	2305.6	3357.4
79.8	304.2	984.8	2278.9	3441.0
164.9	534.0	985.8	2349.0	3470.2
168.6	534.8	968.8	2296.3	3471.3
165.6	359.6	1402.1	2282.2	3392.4
170.9	376.6	1684.8	2259.1	3364.2
168.4	385.1	1850.6	2313.7	3417.7
170.5	381.6	1910.6	2398.9	3448.2
167.0	464.5	1887.8	2470.5	3414.1
163.6	448.8	1849.0	2553.1	3528.8
157.2	453.8	1790.3	2561.2	3553.2
152.8	450.1	1720.0	2541.9	3642.8
148.0	473.8	1675.7	2517.1	3570.7
144.9	412.9	1681.2	2528.3	3695.0
141.2	442.1	1715.1	2507.4	3602.3
140.2	419.4	1770.1	2510.6	3687.5
139.9	432.8	1813.2	2544.4	3659.3
139.3	421.7	1830.5	2536.1	3563.8
139.0	433.2	1850.9	2524.3	3636.8
139.1	414.8	1806.7	2467.3	3505.7
139.1	435.5	1701.0	2399.2	3532.3
139.7	432.1	1525.4	2373.1	3537.1
139.6	420.0	1299.6	2456.8	3484.0
139.0	433.2	1127.6	2575.4	3424.2
136.5	419.5	961.9	2680.5	3383.4
134.2	439.1	858.7	2764.4	3298.1
130.0	425.6	772.4	2844.8	3343.5
127.6	464.9	765.9	2888.4	3368.4
127.4	503.0	834.4	2930.9	3366.1
128.4	491.1	905.5	2939.0	3395.4
127.8	445.5	934.4	2942.3	3519.9
127.2	509.0	1006.6	2912.1	3491.2
125.8	412.3	1115.9	2859.1	3509.4
123.5	423.0	1266.8	2840.0	3627.5
119.0	739.5	1625.9	2798.7	3741.3
126.3	896.3	1845.6	2804.1	3937.9
0.0	944.8	1833.3	2779.6	3954.0
0.0	802.5	1766.0	2797.7	3882.9
400.0	809.3	1923.2	2889.6	3749.4
0.0	699.3	1890.7	2867.9	3777.3
0.0	777.7	1879.1	2811.1	3805.1
0.0	534.0	1888.2	2809.3	3753.8
375.0	538.5	1893.9	2782.7	3792.8
226.4	558.8	1900.5	2723.5	3769.6
218.4	552.4	1876.7	2699.2	3755.5
0.0	479.9	1881.8	2675.6	3682.0
154.0	506.2	1908.0	2678.9	3655.7
138.5	529.0	1906.9	2675.7	3644.4
135.1	510.4	1927.9	2677.2	3614.3
136.1	557.6	1938.1	2668.2	3510.1
135.0	481.6	1962.7	2684.2	3552.6
135.0	466.2	2006.2	2663.8	3607.3
134.9	463.7	2036.4	2619.3	3487.8
134.7	435.1	2081.5	2580.1	3672.2
134.5	407.5	2162.7	2536.5	3772.7
134.6	392.0	2225.6	2583.8	3688.7
132.4	401.2	2220.7	2539.0	3476.8
126.9	919.2	1862.1	2518.5	3329.8
105.3	736.5	1744.1	2623.3	3407.7
64.9	696.9	1738.1	2583.9	3456.8
0.0	811.0	1990.6	2548.8	3553.1
500.0	818.7	2135.2	2576.6	3599.6
500.0	254.2	2011.9	2517.4	3441.3
0.0	463.9	1865.2	2475.3	3328.5
159.2	485.2	1895.7	2501.0	3528.6
139.7	510.8	1795.7	2440.2	3528.3
137.2	536.0	1698.9	2372.0	3553.0
135.5	580.4	1665.0	2365.8	3531.1
133.4	596.6	1630.3	2448.1	3513.0
130.1	605.7	1588.5	2473.7	3505.7
124.0	610.7	1535.8	2450.1	3500.5
119.1	635.1	1470.1	2500.0	3526.3
114.7	658.2	1470.9	2567.4	3559.7
111.4	658.8	1481.2	2573.0	3509.6
109.3	641.3	1494.3	2597.6	3528.6
109.7	643.5	1484.4	2639.7	3565.6
108.8	611.3	1448.6	2659.3	3511.9
110.4	626.4	1438.9	2667.3	3533.7
108.4	619.9	1456.6	2663.1	3593.3
110.3	552.7	1427.1	2617.6	3587.8
105.9	517.6	1420.0	2571.8	3607.3
112.8	657.8	1516.2	2447.8	3677.2
107.1	766.1	1915.0	2902.1	3875.9
117.0	884.5	1943.6	3062.5	3944.9
480.0	845.8	1918.3	2979.1	3701.2
0.0	679.7	1925.1	2893.0	3734.0
0.0	784.0	1934.5	3020.1	3819.8
173.9	895.5	2255.7	3217.0	4192.7
115.4	748.0	2292.1	3241.9	4292.3
461.5	728.1	1973.7	3136.6	4135.4
0.0	613.2	1961.2	3059.6	3775.3
428.6	907.3	2069.3	3097.8	3778.6
155.8	778.1	2033.0	3170.5	3954.6
0.0	722.5	2099.5	3160.3	3900.0
342.9	736.3	1886.7	3072.3	3759.0
0.0	626.8	1815.7	3176.7	3736.3
480.0	1001.1	2129.0	3133.5	3819.6
184.6	859.4	2014.0	3049.6	3812.8
210.5	914.9	2124.9	3100.9	3960.6
352.9	806.1	2109.2	3139.1	3979.7
0.0	920.9	2166.2	3097.2	3766.0
193.5	928.6	2138.7	3028.6	3697.8
0.0	993.6	1886.0	2863.9	3658.2
171.4	980.8	2009.5	2890.5	3717.7
81.6	913.7	2077.0	2854.7	3679.3
90.9	928.2	1862.6	2672.6	3672.4
226.4	883.7	1668.4	2618.5	3520.0
63.5	811.7	1466.1	2468.1	3408.5
0.0	837.5	1550.5	2453.4	3419.5
0.0	892.1	1739.6	2588.9	3352.3
0.0	880.9	1762.7	2689.1	3472.1
0.0	907.9	1689.4	2683.0	3444.5
0.0	780.5	1633.8	2516.9	3322.5
235.3	755.0	1620.3	2558.0	3438.5
0.0	802.8	1483.4	2483.3	3392.8
413.8	754.9	1495.0	2507.9	3289.9
