0.0	0.0	0.0	0.0	0.0
0.0	0.0	0.0	0.0	0.0
0.0	0.0	0.0	0.0	0.0
0.0	666.6	1803.1	2631.6	3495.2
0.0	633.7	1727.7	2571.6	3450.5
0.0	696.9	1646.8	2612.6	3437.0
0.0	823.9	1634.8	2614.9	3379.1
0.0	877.7	1695.9	2564.9	3480.6
0.0	727.5	1759.8	2725.6	3468.8
0.0	1055.2	1800.2	2779.6	3425.0
0.0	1050.3	1817.3	2728.1	3476.3
0.0	815.5	1705.6	2596.1	3376.4
0.0	793.5	1819.9	2538.7	3338.1
0.0	855.7	1853.1	2536.4	3371.8
0.0	819.3	1817.9	2546.0	3426.1
0.0	924.6	1973.6	2743.3	3550.7
0.0	270.6	1843.9	2689.0	3542.4
0.0	840.5	1786.6	2665.3	3596.5
0.0	457.7	1434.3	2532.4	3553.0
174.3	454.7	1440.9	2503.4	3603.1
158.9	491.8	1462.1	2492.5	3626.8
159.1	488.9	1498.0	2526.2	3577.1
160.1	484.2	1532.4	2545.4	3533.1
160.7	483.2	1586.5	2559.8	3542.4
160.8	490.1	1647.3	2555.0	3525.4
160.1	487.0	1714.9	2557.7	3498.9
159.7	485.6	1748.8	2537.2	3498.5
157.9	467.3	1787.8	2539.9	3477.3
158.3	460.8	1850.0	2529.3	3448.5
157.3	462.9	1862.8	2545.6	3426.8
155.8	493.7	1885.2	2568.9	3419.2
159.2	508.6	1876.3	2562.4	3459.4
160.2	508.9	1862.2	2575.2	3465.9
161.5	509.1	1883.7	2596.3	3469.6
161.6	484.6	1894.8	2597.0	3527.1
160.6	493.6	1869.6	2569.7	3460.3
158.8	529.3	1840.6	2562.4	3488.5
157.5	540.1	1798.3	2553.5	3459.8
154.3	541.6	1774.1	2530.4	3474.9
150.3	498.2	1747.8	2528.9	3575.0
148.8	476.5	1690.8	2521.1	3630.8
146.7	437.0	1631.9	2507.1	3610.5
146.5	423.6	1619.8	2471.2	3519.9
142.9	530.4	1547.1	2470.3	3452.3
140.0	293.1	1516.6	2514.6	3500.5
67.8	276.7	1666.0	2583.5	3389.0
137.6	280.6	1697.2	2530.6	3351.9
132.6	258.7	1586.9	2618.3	3379.3
130.6	229.2	1460.0	2494.3	3334.1
126.3	200.0	200.0	2346.9	3380.0
0.0	658.9	1785.9	2573.9	3485.0
0.0	723.8	1869.6	2583.9	3530.4
0.0	1194.7	2320.3	2847.0	3597.4
129.0	1055.2	2260.8	2787.5	3547.8
0.0	905.7	2003.4	2722.1	3521.5
0.0	674.9	1737.8	2601.8	3430.5
0.0	686.0	1715.7	2490.2	3439.0
428.6	455.5	1667.0	2501.2	3463.3
235.3	445.0	1616.0	2450.2	3336.6
164.4	465.3	1571.0	2391.2	3246.1
0.0	468.4	1568.6	2401.6	3242.1
157.0	480.2	1547.1	2395.4	3238.3
157.0	480.2	1528.9	2395.6	3242.5
158.4	479.0	1533.1	2386.7	3225.5
160.0	479.8	1510.3	2405.7	3239.6
160.2	476.8	1504.3	2406.3	3253.0
161.2	483.5	1503.5	2427.8	3272.8
162.1	483.9	1526.5	2424.1	3277.1
162.4	485.0	1523.8	2424.0	3304.4
163.8	447.0	1514.1	2431.2	3342.6
164.9	415.3	1503.3	2442.3	3404.2
166.7	387.0	1499.3	2463.8	3444.1
167.9	364.8	1498.6	2488.4	3595.8
168.1	365.9	1472.5	2485.9	3635.7
165.4	345.1	1443.8	2484.8	3579.4
164.0	339.9	1417.4	2580.8	3635.2
162.2	354.1	1362.5	2871.8	3686.1
162.2	344.8	1460.8	2831.3	3584.6
136.4	718.4	1552.3	2861.3	3784.0
75.5	762.7	1546.5	2854.3	3991.6
144.6	505.4	1373.7	2528.6	3741.0
164.4	404.7	1378.4	2530.0	3708.1
164.4	432.2	1397.3	2421.1	3764.8
164.4	422.9	1395.8	2205.9	3798.6
166.3	411.3	1378.5	2302.2	3795.2
166.2	552.4	1450.1	2424.6	3750.4
163.6	433.0	1418.2	2436.4	3090.3
162.2	398.6	1285.4	2389.0	2772.4
162.2	400.6	1325.3	2390.0	3054.1
160.0	384.0	1208.4	2403.4	3360.3
164.4	395.3	1211.3	2438.4	3325.2
157.9	377.5	1153.5	2422.4	3015.2
155.8	356.6	1058.8	2423.0	2905.6
153.8	298.5	1058.0	2400.6	3069.2
151.9	307.3	1039.4	2397.7	3059.2
151.9	293.6	1146.0	2381.0	3461.5
150.0	386.3	1365.9	2381.4	3601.0
151.9	445.1	1404.2	2388.3	3627.8
154.6	479.2	1417.6	2405.2	3624.2
150.8	436.6	1451.8	2423.1	3637.1
153.5	465.4	1481.4	2436.7	3620.0
154.4	451.2	1476.4	2443.6	3619.1
155.7	438.6	1435.2	2430.9	3626.4
158.0	435.7	1412.8	2405.4	3647.1
158.1	425.5	1408.7	2419.3	3641.9
158.0	468.5	1389.7	2426.9	3546.3
157.6	468.0	1458.2	2460.4	3477.1
153.8	649.2	1608.1	2596.8	3581.7
150.0	932.0	1888.2	2730.2	3648.2
80.0	949.3	1831.6	2815.7	3689.2
0.0	968.9	1962.7	2883.9	3851.1
0.0	1000.0	1967.4	2888.6	3965.5
0.0	879.7	1773.2	2666.6	3747.9
428.6	894.8	1979.8	2988.0	4149.0
571.4	861.8	1978.5	3053.0	4379.2
66.3	771.1	1975.3	2815.0	3683.6
0.0	880.4	1917.2	2843.7	3557.7
107.1	252.9	1361.5	2420.4	3178.0
0.0	335.2	1041.7	2380.9	2739.8
166.7	382.3	1043.0	2410.3	2728.8
151.9	375.5	1087.4	2466.3	2811.3
151.9	413.9	1097.7	2451.3	3318.7
155.8	584.9	1279.5	2361.8	3629.4
164.2	630.0	1308.8	2400.2	3463.4
156.7	639.3	1311.4	2414.2	3235.7
153.2	646.5	1301.1	2437.9	3128.0
152.9	656.4	1264.9	2450.4	3149.4
151.9	664.4	1259.9	2426.4	3067.6
152.0	664.8	1251.7	2372.1	2961.9
151.7	674.5	1271.1	2382.5	2971.9
151.9	659.3	1251.1	2320.1	2891.7
152.8	678.5	1322.4	2390.2	3085.9
153.6	667.7	1383.5	2349.2	3104.8
153.7	659.4	1420.7	2333.6	3175.1
154.8	647.8	1445.2	2325.9	3181.3
158.3	657.7	1477.4	2263.8	3190.2
161.4	656.5	1511.8	2251.8	3145.5
166.3	637.2	1520.8	2253.5	3136.8
169.0	608.2	1510.4	2255.6	3127.9
88.9	566.2	1513.6	2257.6	3086.9
74.9	543.4	1511.7	2229.1	3045.4
68.8	500.8	1491.5	2011.1	2996.5
231.7	446.4	1330.0	1845.6	3100.3
230.9	430.2	1456.8	2390.3	3311.3
223.4	808.2	1684.8	2531.1	3433.3
214.0	619.7	1834.4	2688.4	3482.8
74.3	627.2	1646.7	2646.3	3366.7
0.0	945.8	1665.8	2570.1	3361.0
203.4	969.5	1720.2	2580.3	3373.9
0.0	964.6	1759.7	2637.3	3443.2
0.0	856.2	1750.6	2625.2	3451.9
0.0	272.4	1593.5	2570.3	3403.8
0.0	773.5	1636.8	2485.6	3399.8
0.0	724.4	1492.3	2141.0	3090.3
0.0	599.9	1233.7	1746.9	2784.5
0.0	517.9	1138.6	1692.0	2769.5
157.9	554.3	1175.8	1689.0	2730.5
148.3	592.2	1179.1	1695.8	2735.2
147.5	558.8	1173.3	1681.4	2759.4
148.0	549.5	1160.4	1641.3	2723.3
149.1	494.0	1092.0	1642.3	2744.0
149.9	436.3	1040.9	1625.0	2848.8
149.7	407.1	1136.8	1817.4	3195.0
140.1	263.1	1473.6	2448.5	3430.2
67.7	280.3	1586.5	2533.2	3395.6
65.2	383.2	1751.8	2570.7	3341.5
65.2	900.4	1802.7	2673.7	3457.9
63.8	776.1	1715.0	2718.2	3500.2
0.0	789.3	1742.9	2698.5	3450.1
0.0	703.1	1411.6	2450.7	3304.1
0.0	739.9	1537.5	2416.5	3285.2
0.0	677.8	1648.5	2466.8	3333.7
0.0	595.3	1554.6	2323.5	3242.8
0.0	432.2	1298.8	1968.1	2673.7
142.6	461.0	1358.7	2105.6	2601.8
134.2	530.0	1428.4	2319.8	3130.6
129.5	497.7	1514.3	2446.4	3281.0
122.8	796.6	1866.2	2924.9	3587.7
118.7	796.5	1799.3	3005.3	3671.9
114.3	833.5	1829.4	2931.3	3560.3
0.0	995.0	1799.4	3019.6	3700.1
179.1	1082.2	1717.8	3048.9	3832.7
500.0	1087.1	1817.9	3065.2	3833.1
123.7	1039.5	1803.3	3036.2	3768.6
0.0	1030.7	1822.5	2841.1	3690.0
0.0	817.0	1887.2	2869.6	3744.2
0.0	852.2	1867.3	2852.6	3617.7
137.9	765.7	1703.3	2787.8	3492.9
300.0	828.8	1878.7	2716.6	3641.8
85.7	943.8	2174.2	2822.7	3671.6
63.8	739.5	1980.5	2704.0	3645.0
0.0	649.3	1694.4	2477.0	3667.2
521.7	540.5	1454.8	2403.6	3593.5
0.0	765.5	1374.5	2549.2	3556.2
164.4	514.4	1211.3	2536.4	3486.0
155.8	557.7	1187.9	2498.0	3410.2
152.2	625.3	1284.3	2501.0	3270.6
141.6	675.2	1497.7	2502.2	3317.9
136.1	658.7	1483.2	2486.4	3439.2
128.4	649.9	1442.8	2471.4	3478.7
129.3	696.0	1529.2	2455.4	3460.0
133.1	656.3	1580.5	2519.5	3439.9
122.2	608.6	1601.0	2341.4	3515.0
123.7	664.3	1664.1	2288.9	3572.1
127.7	697.9	1785.0	2429.5	3527.3
260.9	663.7	1770.5	2314.3	3480.2
0.0	675.3	1742.1	2240.9	3421.3
0.0	632.9	1796.7	2500.3	3629.5
0.0	589.1	1777.2	2360.6	3594.6
86.3	697.2	1741.6	2316.6	3407.0
0.0	687.2	1722.5	2407.0	3382.0
0.0	641.8	1690.5	2480.7	3403.6
