0.0	0.0	0.0	0.0	0.0
0.0	0.0	0.0	0.0	0.0
0.0	0.0	0.0	0.0	0.0
0.0	598.7	1658.3	2639.1	3483.6
0.0	1033.6	1833.1	2614.2	3560.2
0.0	986.6	1916.7	2617.8	3459.1
0.0	903.6	1695.0	2636.9	3412.6
0.0	1021.3	1673.3	2705.2	3424.7
0.0	906.6	1728.0	2702.0	3341.2
0.0	870.9	1724.8	2756.3	3324.0
0.0	826.3	1665.1	2610.6	3337.1
0.0	1043.8	1812.0	2634.0	3445.0
0.0	1157.1	1857.6	2611.3	3479.5
0.0	1068.1	1899.6	2507.1	3475.7
0.0	848.9	1745.3	2394.3	3389.8
0.0	329.8	1485.5	2338.6	3318.5
0.0	263.8	1100.4	2304.7	3218.7
187.5	312.4	1078.5	2311.1	3345.8
162.2	310.1	1114.9	2338.3	3346.4
155.8	331.0	1137.6	2307.0	3512.7
157.9	320.4	1218.6	2280.5	3553.2
157.9	346.2	1357.9	2346.9	3425.8
158.8	633.7	1370.8	2418.3	3318.5
168.6	673.8	1377.1	2433.7	3157.5
167.1	691.9	1356.0	2436.7	3012.5
171.5	709.2	1341.9	2413.1	3126.0
175.1	715.9	1326.6	2491.8	3307.2
180.5	726.7	1295.1	2581.6	3346.4
182.6	719.5	1286.1	2635.3	3372.6
184.6	724.7	1280.6	2646.5	3330.9
184.4	728.9	1285.4	2615.7	3406.2
182.4	736.1	1308.6	2634.8	3395.4
181.1	744.2	1345.8	2627.8	3330.2
178.8	751.1	1347.6	2603.6	3330.7
176.2	745.8	1352.7	2540.6	3306.8
172.6	749.2	1361.4	2405.1	3213.8
170.3	732.3	1393.2	2303.6	3253.1
167.4	737.1	1437.0	2315.1	3326.4
163.8	710.6	1500.6	2280.6	3222.9
160.7	686.2	1537.1	2251.2	3134.1
158.4	658.4	1559.8	2226.8	3162.3
157.1	628.7	1602.4	2214.1	3219.1
153.8	626.4	1641.0	2258.3	3265.4
151.4	622.1	1670.9	2296.0	3277.4
150.1	633.3	1691.6	2370.5	3355.1
155.8	573.3	1653.7	2398.1	3387.2
160.4	576.6	1696.2	2454.2	3556.7
160.0	942.0	1842.6	2591.7	3603.3
160.0	677.5	1832.8	2708.4	3555.7
571.4	885.1	1923.9	2775.4	3594.1
0.0	952.1	1938.1	2809.1	3558.8
118.8	979.7	1900.9	2749.4	3537.4
190.5	876.8	1778.3	2732.9	3573.9
571.4	747.4	1664.4	2799.8	3614.6
333.3	763.3	1735.2	2855.6	3561.7
125.0	759.7	1740.4	2842.6	3575.5
0.0	796.4	1581.7	2756.8	3614.1
571.4	857.5	1624.6	2633.6	3574.9
139.5	785.9	1657.9	2590.0	3506.3
82.8	772.4	1549.6	2560.9	3467.2
130.4	733.8	1509.2	2555.8	3420.9
375.0	881.3	1659.2	2582.1	3460.6
83.9	680.6	1643.5	2577.6	3518.7
137.9	622.8	1572.1	2526.3	3608.5
300.0	298.0	1471.4	2443.8	3620.9
0.0	360.0	1504.1	2436.8	3600.9
157.9	370.7	1528.6	2456.3	3588.8
156.3	372.8	1571.0	2474.3	3589.4
155.4	373.5	1634.9	2468.1	3580.1
155.2	368.4	1665.8	2497.1	3572.9
156.0	366.6	1689.2	2498.8	3546.0
156.9	367.0	1718.5	2515.4	3551.3
157.3	365.8	1733.3	2535.7	3544.0
157.7	360.2	1744.2	2550.4	3519.0
159.8	362.0	1765.1	2577.6	3467.9
161.3	353.6	1795.3	2591.1	3455.4
163.1	345.5	1809.6	2556.5	3427.0
164.4	350.7	1810.7	2479.7	3393.4
166.7	341.5	1760.6	2397.3	3378.8
168.7	339.3	1713.6	2351.8	3319.2
169.0	372.0	1667.0	2278.3	3205.1
171.4	373.8	1651.2	2162.4	3213.7
170.5	396.8	1616.3	2131.6	3235.8
169.0	375.2	1585.2	2156.5	3236.3
164.5	385.2	1539.8	2172.1	3229.9
162.9	385.5	1539.3	2212.8	3214.0
163.8	395.9	1530.5	2215.1	3195.0
164.9	393.6	1513.8	2203.5	3267.5
166.2	389.3	1504.8	2242.7	3303.0
166.7	371.6	1493.6	2317.0	3277.1
166.7	363.7	1476.8	2316.3	3314.4
164.4	319.2	1376.0	2252.1	3255.8
164.4	333.6	1091.2	2254.2	3055.4
164.4	321.7	1168.1	2303.3	3291.6
162.2	324.3	1345.2	2312.4	3584.5
160.0	358.3	1435.6	2349.9	3656.3
160.0	396.5	1460.5	2376.0	3631.5
158.1	462.3	1500.7	2384.8	3540.5
157.3	493.1	1513.2	2382.3	3442.3
157.8	657.4	1498.8	2374.2	3426.5
156.2	509.6	1508.0	2367.4	3396.2
156.0	634.9	1496.2	2358.3	3360.7
155.8	574.0	1468.9	2345.1	3344.2
154.7	581.8	1438.7	2335.9	3312.3
153.2	584.9	1439.7	2339.7	3278.6
151.5	647.7	1445.6	2309.2	3215.8
147.3	686.7	1434.9	2275.5	3224.9
141.4	742.0	1474.4	2346.4	3227.9
135.7	639.8	1478.2	2603.0	3511.7
118.8	857.0	1635.6	2691.6	3604.4
63.5	944.4	1750.6	2680.0	3489.2
66.3	793.9	1678.6	2586.6	3359.7
0.0	724.2	1655.9	2542.8	3390.6
0.0	696.7	1446.0	2449.3	3379.2
0.0	762.5	1499.7	2343.2	3301.9
64.5	717.7	1378.3	2305.6	3166.4
0.0	581.8	1295.7	2276.5	3067.3
163.7	544.3	1332.4	2254.0	3096.4
150.1	533.7	1363.4	2266.0	3177.1
146.3	506.6	1383.5	2321.2	3223.6
143.9	494.1	1391.7	2371.7	3273.0
139.3	458.0	1391.9	2390.1	3280.9
137.6	420.8	1399.0	2487.2	3330.7
134.6	613.6	1404.6	2487.2	3340.3
105.3	601.5	1569.6	2574.2	3326.2
63.5	806.3	1724.8	2649.9	3359.4
63.5	1014.9	1861.8	2784.2	3397.4
0.0	840.5	1812.4	2728.9	3425.8
0.0	757.3	1712.1	2408.5	3266.3
0.0	836.9	1907.2	2373.0	3159.4
0.0	835.3	1866.2	2428.4	3255.1
0.0	1150.4	1986.7	2496.4	3266.9
0.0	1109.1	2071.3	2575.9	3189.6
0.0	866.8	1967.8	2600.6	3178.9
0.0	928.1	1860.5	2508.4	3190.1
0.0	998.1	1813.1	2267.5	3129.1
0.0	557.5	1374.1	1932.8	2942.1
0.0	553.1	1191.1	1848.6	2705.9
159.3	603.9	1147.9	1922.7	2649.6
151.4	611.3	1146.5	1949.3	2776.0
150.1	637.9	1148.7	2032.8	2890.4
150.3	641.7	1174.3	2138.8	2940.8
150.3	666.8	1206.0	2236.0	2949.1
150.3	680.1	1201.0	2308.6	3075.8
150.6	694.1	1218.8	2351.8	3122.4
152.3	698.6	1235.7	2430.5	3161.3
153.9	703.0	1245.8	2469.9	3260.4
155.9	704.2	1240.0	2467.9	3280.8
159.3	707.1	1279.4	2483.5	3249.3
161.4	707.6	1274.7	2484.3	3230.0
161.2	708.3	1193.9	2451.6	3250.2
160.2	699.0	1132.9	2404.1	3283.9
160.0	754.8	1193.0	2351.6	3306.0
160.1	727.7	1172.8	2361.5	3235.2
162.2	637.9	1485.6	2436.8	3303.1
161.0	627.1	1647.4	2721.3	3538.8
0.0	826.3	1817.9	2802.5	3542.0
0.0	813.7	1854.3	2739.4	3438.7
67.8	992.2	2067.6	2767.4	3488.6
0.0	1115.5	2018.9	2739.5	3579.2
0.0	837.6	1616.1	2657.1	3404.1
0.0	629.0	1404.3	2449.5	3168.8
0.0	511.8	904.2	2373.6	3118.3
0.0	498.0	883.6	2381.9	3169.1
181.2	502.9	866.1	2388.3	3147.5
175.3	512.2	856.3	2377.7	3148.4
173.0	490.4	847.7	2342.8	3138.7
170.2	488.7	834.1	2319.0	3148.3
167.7	494.1	827.2	2250.0	3131.9
165.6	485.9	831.7	2160.9	3071.2
163.7	626.1	855.6	2117.8	3062.1
162.3	754.9	902.7	2212.2	3021.5
164.4	496.8	975.3	1993.4	2886.7
168.1	418.9	1055.6	1817.9	2831.2
167.0	345.9	1124.8	1774.0	3008.7
83.7	342.5	1287.7	1821.1	3197.6
167.5	326.8	1398.2	1876.3	3171.4
164.5	322.7	1501.0	2087.1	3363.3
160.3	310.5	1551.4	2321.3	3350.8
155.4	303.2	1558.4	2078.7	3152.5
154.0	598.2	1680.3	2250.6	3173.0
0.0	448.4	1543.0	1882.2	3092.0
155.8	459.6	1408.9	1930.3	3261.7
158.1	509.2	1392.0	1944.5	3314.2
158.8	550.7	1355.5	1964.5	3145.5
158.7	608.7	1344.2	1993.0	3052.7
155.8	628.9	1306.6	2025.0	3039.1
155.2	625.7	1258.8	2078.8	3024.0
153.5	617.1	1212.8	2114.2	3166.4
151.9	629.3	1204.7	2125.5	3241.1
150.3	623.0	1185.6	2134.3	3197.3
149.9	627.4	1181.3	2175.3	3360.6
148.5	619.4	1154.1	2221.8	3380.9
147.9	626.0	1151.9	2238.1	3463.6
146.6	621.6	1117.8	2228.4	3416.4
146.4	629.4	1129.3	2235.8	3483.9
146.0	624.7	1130.9	2238.6	3504.7
145.7	615.3	1130.8	2228.8	3314.1
144.7	605.8	1143.2	2230.4	2948.1
143.2	584.3	1155.9	2245.5	2932.1
141.2	555.0	1191.5	2234.6	2978.9
139.8	523.7	1202.1	2231.7	2938.2
138.0	385.1	1204.3	2231.1	3100.5
123.7	284.5	1232.8	2233.6	3293.1
66.9	410.8	1313.8	2243.8	3347.2
0.0	437.5	1372.9	2221.3	3365.0
138.9	480.9	1460.3	2260.4	3325.4
133.0	498.9	1535.7	2343.4	3372.0
134.1	473.6	1635.1	2438.3	3395.9
134.8	441.5	1711.6	2506.0	3415.7
137.8	410.1	1780.4	2527.7	3463.5
140.0	418.1	1842.8	2563.3	3475.4
141.2	434.3	1786.8	2567.1	3498.1
144.6	475.5	1883.4	2625.1	3531.6
144.6	489.8	1934.5	2582.1	3387.3
146.3	556.2	2129.7	2609.8	3437.8
131.9	614.8	2198.1	2693.2	3384.9
129.0	752.3	2243.0	2575.4	3431.1
85.1	680.0	2191.9	2641.4	3430.8
92.3	759.5	2185.4	2690.0	3513.9
0.0	634.2	2125.9	2659.3	3623.6
98.4	782.1	2108.3	2669.4	3500.9
146.3	787.2	2099.6	2606.4	3357.9
114.3	806.8	2101.1	2564.8	3380.0
0.0	734.0	2091.5	2602.6	3431.6
0.0	503.9	1960.9	2507.0	3199.6
0.0	845.2	1951.1	2574.5	3328.6
0.0	580.7	1932.8	2449.9	3358.7
0.0	634.2	1873.0	2313.8	3272.5
120.0	728.5	1788.0	2325.0	3386.4
342.9	777.3	1760.5	2354.3	3397.8
0.0	747.2	1782.2	2407.2	3481.1
0.0	669.6	1772.1	2420.5	3538.2
0.0	609.6	1740.3	2359.2	3543.4
107.1	538.7	1699.2	2438.1	3500.8
0.0	452.5	1659.1	2536.3	3447.2
342.9	809.1	1695.9	2496.1	3540.7
0.0	590.1	1661.6	2370.9	3423.2
0.0	596.8	1636.4	2393.1	3471.3
0.0	566.3	1635.2	2419.3	3419.9
352.9	487.9	1659.2	2381.0	3419.0
0.0	569.5	1649.5	2554.2	3437.8
