0.0	0.0	0.0	0.0	0.0
0.0	0.0	0.0	0.0	0.0
0.0	0.0	0.0	0.0	0.0
0.0	872.9	1624.8	2437.6	3445.9
0.0	768.1	1568.2	2429.5	3304.9
0.0	634.8	1590.8	2550.2	3298.5
0.0	679.1	1611.7	2679.5	3359.5
0.0	716.4	1558.5	2553.7	3424.3
0.0	677.0	1581.3	2539.6	3425.1
0.0	809.6	1743.2	2577.4	3335.6
0.0	680.0	1657.2	2590.0	3324.4
0.0	728.5	1668.7	2580.8	3519.5
0.0	856.9	1742.8	2651.9	3577.0
0.0	820.6	1636.2	2570.9	3345.5
0.0	794.4	1531.0	2527.5	3307.6
0.0	748.5	1448.7	2207.7	3259.4
0.0	475.9	1397.8	2169.8	3192.3
0.0	808.8	1441.7	2260.2	3279.4
206.9	740.8	1410.3	2394.8	3438.9
67.3	619.5	1329.3	2302.7	3426.2
428.6	383.2	1263.3	2284.4	3383.8
0.0	319.1	1221.1	2278.4	3455.7
0.0	337.1	1209.7	2291.9	3526.5
124.0	408.8	1179.0	2304.7	3572.9
126.8	365.3	1182.5	2296.3	3467.6
129.1	323.2	1219.5	2295.2	3379.0
129.9	368.8	1257.0	2313.8	3322.9
130.9	379.9	1349.5	2257.3	3236.2
132.3	450.5	1441.6	2167.0	2958.6
132.6	636.4	1515.6	2246.4	3218.5
127.7	241.9	1454.4	2332.3	3307.9
63.5	256.7	1519.1	2355.6	3256.7
120.0	249.2	1595.7	2441.9	3260.9
101.7	783.5	1736.0	2533.6	3308.6
0.0	732.9	1744.3	2507.0	3434.7
0.0	813.1	1690.5	2504.8	3538.9
0.0	1039.7	1592.5	2452.0	3363.2
0.0	640.7	1507.6	2366.9	3446.5
0.0	457.3	1274.8	2333.5	3487.3
0.0	452.3	1179.0	2296.6	3551.0
154.0	458.9	1114.2	2308.0	3561.2
150.1	468.4	1057.6	2284.5	3551.1
153.5	469.3	1020.8	2307.0	3550.1
155.3	463.9	967.5	2326.6	3541.7
156.8	472.7	943.1	2368.3	3514.4
160.0	458.1	930.3	2377.2	3500.4
157.9	474.5	915.2	2388.2	3504.4
157.9	526.3	929.8	2410.6	3512.6
158.4	515.3	942.3	2407.9	3528.7
158.6	547.8	980.6	2391.5	3565.9
159.6	461.3	1034.9	2385.1	3562.6
157.6	488.1	1112.4	2380.0	3394.5
155.1	388.4	1178.8	2395.8	3170.4
149.8	402.3	1299.8	2362.1	3030.0
146.0	346.7	1381.8	2346.8	3049.3
132.7	691.1	1500.4	2482.7	3126.5
70.0	789.8	1679.4	2495.7	3151.9
136.4	560.7	1810.7	2613.7	3177.3
131.9	424.2	1860.2	2576.8	3256.3
130.4	426.5	1872.5	2430.2	3337.8
133.3	423.1	1855.2	2381.6	3385.1
136.4	423.5	1849.3	2359.0	3456.7
137.7	445.0	1820.6	2327.5	3464.4
138.1	436.3	1796.0	2320.5	3414.8
137.5	437.7	1773.4	2319.4	3322.0
138.4	403.2	1725.0	2320.5	3198.0
139.7	427.4	1639.7	2347.6	2903.5
139.8	560.1	1581.8	2372.2	2991.6
135.4	437.8	1606.4	2372.0	3032.8
65.4	529.7	1614.1	2404.4	3039.6
137.0	438.6	1656.1	2450.3	3305.9
309.1	419.4	1654.7	2380.2	3286.4
138.2	423.2	1650.1	2351.9	3270.9
135.5	403.4	1658.8	2373.6	3412.6
134.6	395.9	1680.3	2365.6	3347.8
130.8	386.2	1685.2	2348.0	3247.1
129.6	362.5	1671.0	2379.4	3263.7
125.4	649.4	1653.3	2418.8	3222.5
319.2	237.1	1629.6	2474.9	3248.9
96.8	249.3	1632.0	2539.0	3241.7
114.0	245.8	1624.9	2522.0	3166.7
109.1	228.2	1614.2	2471.9	3311.8
106.8	207.1	1602.7	2467.7	3401.2
103.4	204.1	1570.0	2438.6	3394.5
98.5	851.6	1863.2	2512.6	3396.3
205.9	862.1	1737.5	2563.2	3309.1
0.0	390.4	1734.9	2473.9	3447.5
0.0	393.8	1708.8	2392.8	3486.8
124.9	375.2	1698.2	2392.7	3547.9
125.5	389.4	1706.6	2379.0	3494.2
127.7	421.6	1669.1	2353.0	3335.7
134.2	420.9	1617.2	2320.2	3305.6
141.6	457.6	1530.7	2299.1	3287.9
146.5	440.7	1395.0	2300.5	3405.4
155.0	493.2	1302.0	2325.7	3384.0
159.6	406.8	1226.8	2322.6	3380.3
165.2	401.6	1194.6	2338.0	3390.8
169.7	399.8	1212.0	2330.1	3397.5
178.4	412.5	1238.8	2336.6	3392.0
180.3	433.3	1262.0	2335.2	3372.6
179.8	486.4	1292.2	2302.2	3350.9
178.4	488.2	1370.2	2268.0	3341.4
171.9	479.9	1450.4	2276.9	3400.1
163.8	480.8	1494.4	2266.1	3471.8
151.6	497.4	1543.9	2271.5	3605.1
136.8	485.7	1583.8	2271.8	3618.8
0.0	480.8	1600.9	2282.6	3680.3
108.8	476.6	1638.9	2303.0	3825.3
84.5	446.5	1666.0	2331.1	3762.0
84.9	431.0	1668.0	2351.1	3123.3
83.3	362.4	1615.1	2385.9	3384.7
0.0	366.3	1612.2	2426.1	3342.3
260.9	782.6	1627.5	2580.8	3378.4
64.8	687.7	1679.8	2592.2	3401.2
0.0	741.1	1650.7	2587.3	3415.8
0.0	703.4	1737.3	2482.8	3482.2
235.3	701.7	1852.5	2610.4	3432.2
0.0	871.8	1811.4	2590.8	3459.7
0.0	1082.5	1778.5	2651.9	3566.5
0.0	1033.1	1850.9	2675.8	3635.8
0.0	867.7	1695.9	2646.6	3514.4
