0.0	0.0	0.0	0.0	0.0
0.0	0.0	0.0	0.0	0.0
0.0	0.0	0.0	0.0	0.0
0.0	888.1	1781.9	2555.2	3445.3
0.0	874.5	1702.3	2532.5	3484.2
0.0	866.8	1703.2	2483.5	3589.3
0.0	853.1	1793.9	2485.3	3534.9
0.0	723.6	1661.0	2510.3	3394.8
0.0	655.0	1751.6	2705.0	3506.1
0.0	831.2	1819.9	2658.1	3442.1
0.0	1157.7	1828.6	2666.1	3396.5
0.0	781.2	1805.9	2568.5	3413.5
0.0	679.1	1757.0	2523.2	3419.3
0.0	938.3	1785.6	2583.1	3375.9
0.0	922.9	1821.2	2699.7	3545.7
0.0	905.4	1767.2	2682.1	3527.5
0.0	797.6	1550.8	2654.0	3362.1
0.0	834.2	1610.6	2665.4	3389.8
0.0	840.4	1896.3	2796.7	3548.2
428.6	948.8	2121.8	2953.5	3519.9
400.0	1148.9	2333.0	3107.0	3589.0
375.0	755.5	2378.6	2973.3	3460.3
0.0	1485.3	2449.3	2888.7	3343.9
363.6	422.8	1998.6	2673.3	3320.6
0.0	436.9	1904.1	2529.3	3254.0
0.0	368.9	1970.8	2456.9	3229.3
130.7	387.1	1939.6	2323.5	3258.0
132.1	437.3	1921.3	2306.1	3281.2
133.1	505.2	1910.2	2289.2	3292.0
138.5	509.4	1894.6	2296.1	3307.8
135.8	521.9	1846.9	2338.7	3301.5
134.5	498.7	1839.5	2348.4	3287.6
133.4	539.4	1863.0	2358.7	3249.7
133.4	552.6	1874.2	2441.1	3156.4
135.9	512.7	1905.8	2586.5	3141.1
136.3	517.5	1831.5	2623.4	3534.0
134.7	294.5	1036.8	2430.6	3690.2
135.6	247.1	994.1	2430.0	3649.3
135.0	476.9	1602.8	2503.5	3826.4
270.2	308.7	1789.9	2583.8	3808.4
131.3	298.0	993.3	2579.1	3382.6
127.7	364.9	1884.8	2603.3	3159.3
124.0	450.9	1912.4	2465.6	3112.9
123.9	490.5	1854.3	2283.8	3165.6
115.6	543.5	1804.3	2184.3	3196.7
111.3	543.4	1739.4	2086.5	3244.8
106.1	526.2	1675.0	1985.0	3295.8
102.2	539.7	1634.1	1901.6	3275.2
97.9	524.9	1602.0	1816.0	3309.7
96.0	526.2	1533.7	1803.4	3320.8
93.2	526.4	1439.7	1869.0	3384.5
91.8	508.1	1231.9	1921.0	3401.2
96.0	494.6	1039.5	1964.2	3394.7
94.5	493.2	943.9	2021.5	3421.5
101.2	433.5	810.9	2086.8	3329.7
100.6	418.9	793.2	2136.1	3209.3
98.4	619.6	1364.5	2203.7	3281.2
95.9	293.4	780.8	2220.8	3172.7
100.4	644.7	929.5	2230.6	3187.8
98.8	516.1	803.5	2248.6	3226.9
104.1	496.7	858.0	2227.6	3215.7
106.3	503.1	938.9	2235.0	3201.6
105.5	523.3	1056.5	2226.1	3249.9
103.6	571.2	1154.7	2220.3	3306.9
106.2	597.6	1243.9	2221.4	3348.3
108.9	595.7	1311.4	2217.6	3376.9
109.8	619.4	1366.0	2215.5	3332.1
110.8	595.0	1391.2	2184.2	3243.3
111.3	572.6	1382.6	2163.4	3188.1
111.3	522.1	1358.4	2244.7	3239.2
107.5	326.5	1297.0	2321.3	3266.3
0.0	575.5	1398.5	2251.3	3083.3
118.7	629.2	1391.4	2177.3	3122.0
132.1	680.9	1391.1	2176.8	3159.4
116.9	699.2	1381.3	2124.8	3247.1
116.5	726.0	1356.5	2127.8	3305.4
116.2	709.6	1332.7	2278.2	3318.2
117.4	732.2	1333.4	2304.3	3319.0
118.1	720.8	1348.1	2340.0	3309.3
118.9	692.5	1344.1	2317.1	3244.6
118.2	691.4	1328.6	2338.6	3188.8
117.8	658.7	1308.0	2324.2	3003.8
117.6	941.6	1524.1	2584.0	3238.7
116.2	458.7	1203.1	2580.0	3193.0
118.8	374.6	1226.9	2396.7	2946.8
117.6	336.1	1301.5	2497.7	3232.6
117.6	540.5	1403.4	2457.4	3251.3
115.4	631.4	1438.0	1904.1	2654.8
115.4	624.8	1465.2	1882.4	2644.7
112.1	607.0	1464.9	1882.0	2721.7
113.2	608.1	1452.4	1814.6	2834.1
113.2	587.0	1439.7	1752.8	2891.9
114.3	574.5	1406.4	1728.6	2924.2
114.7	556.8	1415.5	1684.2	2958.8
117.4	527.2	1419.6	1657.3	2941.2
117.6	516.7	1446.3	1687.0	2903.7
121.6	496.6	1491.7	1704.4	2853.6
122.4	548.5	1584.7	1771.4	2858.7
124.7	654.8	1645.7	1952.2	3103.9
123.5	1126.6	1897.0	2490.2	3405.3
67.3	1145.3	1890.6	3087.0	3462.9
120.0	908.6	1850.6	3057.4	3568.0
0.0	1214.2	2194.1	3022.4	3628.0
0.0	406.2	2229.9	3138.8	3717.6
400.0	1081.6	2272.9	3187.5	3837.0
0.0	449.4	2072.7	2992.3	3853.8
0.0	483.2	1912.2	2822.4	3748.0
179.1	996.7	1931.3	2735.3	3886.2
260.9	990.0	1943.9	2786.1	3639.3
65.6	857.0	1819.0	2706.0	3492.0
64.2	803.6	1671.8	2776.1	3438.7
0.0	794.1	1551.7	2551.2	3388.8
266.7	605.3	1505.1	2384.1	3646.7
0.0	571.5	1445.7	2375.0	3727.0
0.0	563.6	1415.1	2338.3	3531.2
111.9	518.1	1394.8	2278.8	3294.6
110.0	281.5	1345.5	2261.4	3215.8
113.2	317.6	1296.9	2235.3	3218.5
114.3	325.3	1274.2	2239.4	3186.9
112.1	395.6	1245.2	2276.7	3172.1
115.4	384.0	1239.6	2299.8	3175.6
113.2	387.4	1187.0	2275.2	3178.9
113.2	577.0	1359.8	2236.6	3257.2
114.3	654.6	1494.5	2308.8	3377.1
112.3	685.7	1581.7	2377.4	3430.1
109.8	690.6	1602.8	2492.1	3445.0
112.4	708.6	1605.1	2475.8	3490.5
113.5	747.6	1608.3	2501.6	3502.3
115.2	734.8	1601.9	2469.8	3467.0
116.8	742.9	1597.8	2455.4	3461.9
117.9	751.1	1598.7	2395.3	3485.9
118.3	746.2	1613.1	2363.5	3470.4
118.8	760.2	1601.6	2292.9	3492.9
120.3	737.8	1586.4	2267.2	3463.4
122.1	729.9	1582.8	2285.0	3316.9
120.7	670.6	1538.0	2257.9	3164.6
119.7	638.7	1516.2	2229.6	3045.4
117.8	595.6	1489.7	2176.4	2827.7
117.6	621.2	1514.5	2056.8	2871.4
120.0	592.5	1522.2	1829.8	2989.3
114.4	557.3	1501.8	1766.9	3038.9
110.5	512.8	1428.1	1736.8	3089.5
107.8	498.1	1315.5	1782.3	3136.3
105.3	477.0	1178.3	1816.6	3209.5
102.4	465.6	1093.3	1854.1	3337.2
100.6	479.0	1050.7	1868.3	3334.8
97.9	444.7	1053.7	1880.4	3350.3
95.8	464.1	1120.5	1910.9	3387.9
95.3	476.2	1196.6	1914.0	3344.5
95.4	466.1	1304.5	1942.1	3288.5
97.6	473.3	1440.7	1960.2	3301.2
93.1	467.1	1556.6	2035.1	3340.4
91.7	480.1	1679.2	2158.2	3459.8
91.8	473.8	1778.2	2220.2	3464.9
101.0	500.5	1841.0	2323.1	3445.6
100.8	737.7	1869.0	2537.4	3503.8
101.7	825.3	1873.6	2673.5	3517.0
112.1	844.2	1974.6	2654.1	3532.1
81.1	878.7	1937.3	2767.4	3495.7
0.0	905.5	1923.3	2775.8	3582.2
0.0	690.0	1918.3	2652.6	3642.0
0.0	788.6	2054.7	2648.9	3620.5
0.0	914.4	2010.5	2736.9	3628.0
187.5	1051.6	2056.4	2804.8	3699.5
0.0	742.8	1965.0	2753.6	3622.2
413.8	697.6	1719.9	2662.1	3583.8
87.0	645.1	1769.2	2690.3	3518.4
0.0	324.2	1906.7	2702.8	3412.7
0.0	343.9	1916.2	2581.3	3421.8
112.1	365.6	1912.6	2454.5	3414.9
82.1	386.9	1901.0	2373.7	3353.6
119.6	412.3	1909.4	2261.3	3380.8
285.7	419.6	1894.5	2258.7	3398.1
0.0	428.8	1889.1	2269.9	3472.0
0.0	444.3	1773.4	2154.8	3444.6
0.0	432.8	1724.2	2100.8	3431.5
0.0	456.0	1670.7	2127.4	3522.5
63.5	434.0	1555.3	2102.7	3481.9
0.0	448.4	1476.1	2105.5	3462.3
279.1	471.8	1433.4	2111.0	3505.4
0.0	458.3	1415.3	2240.4	3527.1
0.0	467.2	1366.0	2467.4	3553.4
200.0	514.4	1280.8	2226.7	3564.1
0.0	505.2	1288.0	2147.2	3539.8
0.0	529.3	1314.4	2218.4	3520.7
97.3	754.8	1492.4	2300.8	3500.2
120.0	722.2	1527.1	2307.8	3474.9
112.1	736.5	1497.2	2277.6	3440.1
114.9	733.3	1547.7	2351.0	3424.7
121.2	779.2	1685.1	2406.6	3413.7
82.2	817.5	1519.3	2416.8	3401.0
0.0	771.2	1493.9	2383.7	3332.8
279.1	727.2	1510.9	2331.3	3319.2
