0.0	0.0	0.0	0.0	0.0
0.0	0.0	0.0	0.0	0.0
0.0	0.0	0.0	0.0	0.0
0.0	570.4	1830.3	2784.8	3688.2
0.0	604.2	1835.6	2644.1	3569.9
0.0	811.8	1745.8	2626.2	3439.8
0.0	830.5	1680.3	2706.6	3437.6
0.0	757.5	1766.2	2618.0	3521.8
0.0	677.8	1589.1	2653.5	3492.5
0.0	1030.3	1904.3	2777.6	3469.1
0.0	812.9	1786.0	2689.3	3397.3
0.0	812.0	1763.3	2714.8	3401.3
0.0	861.5	1757.2	2777.7	3451.9
0.0	912.2	1809.4	2728.3	3479.1
0.0	834.1	1788.1	2678.6	3410.0
0.0	741.2	1863.0	2600.2	3462.8
0.0	699.0	1491.3	2526.1	3346.2
0.0	931.0	1700.3	2403.6	3376.1
0.0	798.5	1693.5	2248.2	3540.5
101.7	740.3	1723.5	2314.3	3459.4
226.4	720.2	1587.8	2263.6	3564.3
0.0	755.5	1504.1	2194.0	3627.8
129.0	766.8	1444.0	2103.4	3505.5
0.0	770.5	1367.0	2075.2	3367.9
0.0	550.8	959.1	1970.7	3320.9
0.0	627.0	924.9	2059.3	2993.0
115.8	802.0	1017.6	2297.9	3016.2
118.9	711.9	958.3	2291.8	2859.0
119.0	955.5	1870.4	2480.8	3139.7
117.9	477.8	926.0	2205.9	3031.0
116.8	607.6	1043.9	2338.4	3002.9
116.5	689.3	1049.8	2372.9	3183.8
118.4	699.6	1061.4	2319.9	3209.9
115.8	697.2	1103.4	2304.5	3232.7
113.6	707.0	1131.9	2322.2	3131.9
113.2	711.2	1179.8	2268.1	3055.0
112.1	719.8	1221.5	2203.8	3014.1
111.4	708.7	1249.9	2167.6	3071.8
111.0	711.0	1299.0	2267.1	3254.2
111.4	705.6	1340.0	2295.9	3292.5
111.4	698.0	1350.4	2516.0	3298.9
112.0	676.3	1331.0	2491.3	3282.3
112.1	659.5	1203.8	2471.9	3264.6
112.1	673.3	1072.6	2519.6	2996.0
109.1	661.4	1019.4	2468.3	2806.0
230.8	421.7	962.8	2387.8	2796.7
113.2	427.5	958.4	2361.1	2786.4
112.1	710.1	1062.5	2408.8	2751.9
113.2	482.9	1007.8	2351.7	2743.1
113.2	524.6	991.2	2489.1	2900.9
113.2	583.1	1100.7	2459.2	3243.0
113.7	689.4	1309.9	2384.5	3319.1
116.0	678.4	1436.9	2359.5	3328.3
115.9	668.8	1518.4	2447.4	3383.6
117.7	649.0	1527.5	2469.6	3454.2
118.9	614.8	1519.1	2451.1	3505.7
118.6	585.1	1537.7	2432.2	3541.8
116.9	554.9	1527.8	2414.4	3577.3
114.2	385.4	1512.8	2447.3	3479.2
114.3	616.9	1488.9	2397.4	3260.8
119.8	712.1	1644.8	2416.8	3273.2
130.4	679.8	1623.1	2484.5	3492.2
255.8	666.6	1816.2	2662.1	3721.9
250.0	758.2	1972.3	3017.2	4001.0
0.0	852.2	2054.6	3037.0	3883.3
0.0	869.6	2108.8	3149.7	3791.6
400.0	897.5	2203.7	3156.7	3697.6
104.3	747.0	2221.9	3123.4	3574.9
0.0	1008.2	2260.7	2983.9	3424.5
187.5	1062.1	2170.8	2551.5	3348.2
0.0	776.0	1744.2	2395.5	3251.0
0.0	700.2	1707.1	2204.3	3182.5
0.0	722.0	1717.3	1902.0	3124.7
235.3	605.4	1518.1	1822.4	3120.8
0.0	555.9	1445.0	1691.6	3134.6
138.6	528.8	1435.7	1687.7	3222.9
127.1	505.1	1414.5	1703.0	3227.4
123.9	491.3	1405.2	1733.4	3244.3
123.4	481.1	1453.6	1804.3	3235.6
122.0	481.0	1538.2	1876.6	3271.1
121.3	479.0	1581.0	1984.9	3275.5
120.2	484.7	1689.3	2081.6	3313.2
119.6	470.5	1852.9	2140.5	3338.5
120.4	481.3	1968.4	2224.6	3339.2
119.5	466.1	2045.3	2306.8	3337.0
118.6	397.5	2081.6	2369.8	3275.8
117.6	348.3	2018.2	2412.0	3242.5
117.1	289.4	1756.4	2399.8	3297.7
115.3	256.6	1695.7	2396.0	3359.1
109.1	276.4	1705.5	2418.8	3364.3
110.0	280.9	1700.4	2506.7	3422.0
110.1	298.6	1743.0	2540.0	3398.0
109.4	439.6	1931.4	2606.5	3434.8
0.0	505.2	1969.4	2618.2	3392.1
124.8	512.5	1952.2	2626.8	3370.3
237.5	616.7	1914.6	2594.8	3334.7
113.8	665.0	1884.7	2572.4	3360.1
112.5	681.1	1834.2	2535.9	3376.2
112.2	685.9	1769.9	2525.1	3339.1
111.1	689.4	1702.6	2531.1	3336.5
110.5	695.8	1608.4	2460.9	3243.9
110.5	702.5	1536.7	2465.3	3346.9
109.8	697.8	1502.0	2387.7	3335.3
109.3	705.6	1491.0	2459.2	3332.5
109.0	692.0	1441.4	2412.1	3298.9
108.5	673.8	1352.0	2383.4	3196.9
108.3	648.9	1230.9	2381.6	3022.2
108.2	646.2	1139.8	2190.2	2750.2
104.3	454.8	1055.1	2070.4	2697.7
107.1	360.5	1059.9	2010.4	2731.4
110.1	385.4	1060.4	2039.8	2779.6
107.1	318.0	1053.9	2032.3	2891.7
106.2	308.7	1039.4	2025.5	2952.6
103.4	298.8	1015.5	2021.9	3050.6
103.4	361.3	1032.3	2099.7	3113.8
103.4	458.8	1245.7	2211.5	3160.2
230.8	494.8	1271.3	2182.4	3190.1
112.7	532.3	1318.6	2214.8	3204.2
109.0	527.9	1343.5	2166.2	3198.9
106.3	523.5	1339.4	2191.0	3173.4
103.0	811.1	1365.6	2347.5	3294.2
117.6	1037.1	1678.7	2622.1	3454.0
116.5	992.9	1774.5	2633.6	3426.2
0.0	934.3	1718.8	2722.1	3495.4
0.0	943.7	1676.8	2681.9	3494.1
0.0	926.2	1720.3	2560.7	3399.3
181.8	935.2	1786.5	2536.3	3491.9
400.0	882.7	1707.4	2570.3	3487.3
0.0	1049.4	1736.3	2461.0	3383.9
0.0	994.1	1772.6	2552.8	3410.9
0.0	781.9	1535.2	2416.9	3252.4
363.6	870.3	1397.1	2284.5	3204.2
0.0	638.6	1040.7	2057.2	3161.7
0.0	542.3	1016.4	1986.0	3096.0
0.0	546.8	1043.0	1909.8	3033.2
111.0	549.6	1103.1	1871.1	2967.9
111.2	525.7	1212.1	1902.8	3036.1
110.3	522.9	1293.1	2006.3	3146.9
109.0	529.5	1342.9	2335.3	3366.7
109.0	515.3	1414.4	2350.3	3547.5
108.6	491.6	1427.6	2401.2	3541.2
107.1	457.0	1422.9	2404.7	3510.7
104.9	454.4	1470.5	2392.4	3478.0
104.9	476.8	1501.1	2443.7	3519.2
105.0	529.4	1593.4	2463.7	3522.1
105.1	544.3	1652.2	2476.1	3465.6
104.4	536.7	1698.2	2483.0	3410.1
102.8	524.2	1728.8	2485.9	3443.2
103.0	528.9	1707.7	2470.6	3480.2
104.1	524.8	1658.5	2435.6	3451.9
104.4	527.1	1558.1	2389.1	3474.2
104.4	481.1	1415.9	2408.8	3464.2
103.7	474.4	1308.5	2447.8	3493.8
102.4	455.9	1258.5	2587.3	3324.6
104.0	434.0	1200.3	2782.6	3340.7
106.9	436.6	1171.5	2926.7	3444.8
106.7	462.4	1156.8	2845.1	3440.1
106.0	573.2	1172.3	2442.9	3430.9
106.4	649.9	1193.8	2384.0	3372.3
106.5	679.2	1217.1	2379.8	3353.5
104.2	721.4	1201.9	2362.1	3391.8
100.9	761.0	1192.6	2302.3	3425.8
98.7	763.0	1179.5	2245.8	3356.0
100.6	761.4	1184.3	2232.2	3331.0
99.1	750.6	1185.1	2176.6	3342.4
101.9	748.1	1208.1	2115.1	3340.4
102.7	771.0	1306.7	2086.0	3293.3
103.0	761.0	1438.5	2119.3	3206.4
103.0	809.3	1492.0	2142.2	3141.0
100.3	863.8	1480.0	2280.3	3268.3
85.5	844.3	1478.3	2369.8	3426.8
88.9	1047.3	1535.2	2576.6	3424.8
0.0	1121.6	1549.2	2647.7	3469.1
63.8	854.9	1680.8	2605.9	3498.0
0.0	832.1	1652.8	2633.0	3370.8
0.0	1187.3	1837.7	2667.3	3457.6
0.0	696.8	1529.8	2280.6	3626.2
0.0	713.3	1608.4	2289.2	3606.0
0.0	746.6	1658.4	2323.9	3538.5
0.0	598.9	1597.0	2266.9	3514.6
0.0	575.1	1574.3	2248.9	3480.4
142.6	611.7	1495.2	2247.9	3469.6
118.7	623.2	1457.1	2218.6	3424.6
111.1	598.8	1393.0	2176.2	3366.7
108.0	543.4	1297.7	2079.6	3327.5
96.8	487.0	1224.8	2063.4	3298.2
83.2	397.2	1444.4	2368.2	3343.7
131.9	362.0	1602.3	2624.6	3428.8
65.6	788.6	1745.3	2741.5	3502.1
0.0	901.1	1653.3	2642.0	3383.7
0.0	1026.7	1738.3	2670.2	3376.7
0.0	1001.8	1753.3	2679.2	3386.6
0.0	1103.4	1764.6	2565.6	3341.0
0.0	884.3	1711.3	2517.5	3372.1
0.0	754.0	1703.4	2626.2	3450.7
0.0	993.6	1786.0	2642.4	3426.7
121.2	999.1	1811.9	2679.4	3415.9
0.0	1037.1	1760.0	2578.9	3406.7
0.0	946.5	1631.8	2452.6	3325.3
173.9	926.5	1661.7	2517.0	3352.7
0.0	754.5	1168.6	2026.3	3235.3
0.0	546.2	950.0	1888.6	3221.4
0.0	520.9	997.0	1863.7	3144.6
109.6	523.0	1058.8	1860.8	3078.7
104.4	532.9	1129.7	1876.7	2957.6
102.3	510.8	1201.9	1891.3	2903.6
101.7	506.1	1364.2	2002.1	2941.7
101.6	508.4	1417.9	2203.3	3239.7
101.1	488.0	1436.5	2278.0	3621.8
101.7	458.0	1417.7	2297.8	3544.8
99.2	445.6	1402.9	2300.1	3464.8
95.2	367.6	1420.9	2334.0	3518.9
91.9	445.6	1457.1	2354.6	3520.0
93.8	463.3	1549.9	2345.4	3585.9
0.0	481.3	1651.9	2390.6	3558.4
99.3	499.7	1688.8	2437.6	3572.2
97.5	504.8	1730.2	2427.7	3519.5
94.1	481.0	1743.7	2425.6	3461.2
94.8	457.4	1755.4	2448.6	3289.4
94.6	484.3	1732.5	2412.9	3150.2
92.4	570.7	1709.9	2357.0	3223.4
94.2	282.7	1616.2	2334.0	3298.3
84.5	248.8	1665.6	2410.0	3351.3
102.6	268.8	1663.6	2566.8	3376.2
0.0	881.7	1723.4	2559.2	3368.1
0.0	784.0	1745.7	2512.3	3594.2
0.0	517.9	1803.8	2499.5	3469.5
0.0	493.3	1815.0	2462.6	3337.9
0.0	528.8	1847.3	2487.6	3371.5
0.0	554.1	1841.0	2519.1	3315.5
100.0	559.0	1866.2	2538.2	3319.3
97.6	543.2	1854.4	2532.6	3307.7
97.6	515.2	1847.5	2547.6	3422.9
93.8	553.0	1843.5	2503.6	3457.9
99.2	559.2	1870.4	2511.7	3444.3
99.7	564.7	1897.4	2537.3	3446.9
98.4	573.5	1890.7	2570.1	3475.9
100.0	590.4	1894.8	2562.5	3432.9
99.5	582.3	1947.7	2584.3	3431.6
97.6	554.8	1996.3	2611.0	3433.7
93.8	591.6	2022.7	2637.5	3527.3
94.5	645.2	2027.2	2631.6	3613.7
97.6	680.5	2014.3	2632.7	3596.6
240.0	683.9	1992.6	2631.7	3476.1
125.0	692.7	2046.7	2590.8	3399.1
63.8	713.9	2082.8	2607.3	3414.4
90.2	721.3	2064.3	2783.5	3562.0
117.6	727.2	2015.8	2705.1	3564.9
91.6	747.3	1867.9	2454.1	3477.2
122.4	821.4	1872.9	2290.4	3523.4
314.9	811.9	1912.1	2443.1	3399.4
333.3	786.5	1809.3	2169.4	3346.6
0.0	799.3	1824.8	2108.4	3307.8
0.0	826.5	1729.1	2300.6	3230.5
