0.0	0.0	0.0	0.0	0.0
0.0	0.0	0.0	0.0	0.0
0.0	0.0	0.0	0.0	0.0
0.0	886.8	1818.3	2352.2	3394.1
0.0	895.5	1815.4	2504.6	3433.5
0.0	892.6	1731.8	2568.9	3349.8
0.0	814.9	1815.7	2502.7	3305.3
0.0	880.4	1850.8	2637.0	3446.4
0.0	796.6	1769.2	2601.6	3570.9
0.0	731.2	1757.6	2701.1	3421.7
0.0	766.1	1798.4	2729.6	3421.4
0.0	812.1	1836.9	2590.4	3515.9
0.0	765.9	1749.2	2577.1	3485.1
0.0	774.0	1859.6	2642.9	3409.2
0.0	669.2	1869.3	2695.1	3456.5
0.0	673.0	1790.4	2766.2	3552.9
0.0	707.2	1819.6	2764.1	3579.9
0.0	467.8	1814.5	2632.2	3559.1
0.0	486.4	1830.0	2511.4	3605.0
110.5	482.8	1823.4	2392.5	3546.0
120.0	465.5	1767.4	2308.1	3553.5
121.2	453.3	1663.6	2179.9	3501.2
121.8	443.0	1483.9	2115.1	3481.7
119.2	449.3	1257.5	2125.6	3469.2
116.5	456.2	1113.6	2101.6	3546.4
113.0	471.8	1012.9	2095.8	3452.0
108.9	446.0	1020.9	2077.4	3329.2
104.3	443.8	1073.2	2063.6	3356.3
103.4	417.1	1149.5	2081.4	3431.2
102.6	429.1	1251.0	2060.4	3395.9
102.7	438.9	1410.4	2025.5	3424.6
105.5	429.5	1498.4	2117.5	3405.7
105.5	436.0	1593.0	2332.9	3424.6
104.7	437.8	1636.3	2600.0	3493.4
102.5	490.2	1631.2	2666.6	3620.5
98.4	613.5	1644.5	2699.8	3743.2
93.0	701.9	1693.3	2724.5	3798.2
88.2	894.3	1822.2	2725.8	3876.6
461.5	925.2	1836.6	2733.4	3933.0
279.1	853.9	1811.6	2754.3	4014.4
0.0	734.6	1845.6	2821.2	3935.0
400.0	1225.4	2046.7	2844.0	3751.8
116.5	616.3	1900.0	2811.2	3594.5
66.3	830.0	1725.6	2700.0	3499.4
65.6	771.5	1644.2	2502.2	3455.5
0.0	930.7	1754.3	2506.7	3357.1
0.0	1149.7	1908.4	2697.7	3319.4
0.0	910.0	1729.3	2682.6	3322.4
0.0	902.4	1774.9	2795.3	3602.6
0.0	772.7	1656.9	2809.4	3602.7
307.7	811.4	1550.5	2794.8	3493.6
0.0	761.2	1536.2	2776.4	3539.8
138.2	775.9	1502.6	2570.1	3293.0
120.5	749.2	1454.9	2620.2	3263.0
119.1	737.6	1455.7	2799.6	3479.7
117.3	747.2	1500.2	2749.9	3450.9
114.5	733.1	1509.4	2697.3	3415.3
114.3	738.0	1539.3	2734.1	3446.5
114.5	729.3	1561.7	2686.3	3350.0
116.5	718.4	1590.5	2688.6	3292.0
117.1	733.7	1597.8	2646.7	3251.8
118.1	698.0	1561.8	2485.0	3209.2
119.7	637.9	1493.8	2319.6	3164.5
121.5	563.2	1369.1	2028.9	3103.0
122.5	534.9	1257.3	1912.9	3013.4
122.4	544.4	1231.1	2313.0	2922.0
125.0	525.1	1211.0	2744.2	3239.3
121.2	485.1	1272.6	2735.4	3587.3
123.7	501.5	1389.6	2693.6	3470.0
123.4	444.0	1582.6	2641.6	3193.3
121.2	504.7	1696.6	2679.9	3217.6
120.1	535.5	1804.0	2658.9	3465.5
118.1	512.6	1874.9	2296.6	3506.8
116.0	494.8	1899.2	2082.2	3558.4
114.8	453.2	1874.6	2089.8	3594.0
111.1	325.1	1897.3	2102.3	3613.5
105.0	328.9	1823.5	2095.2	3663.3
98.6	348.3	1777.3	2080.5	3610.1
97.1	371.0	1732.2	2140.0	3527.9
99.2	389.9	1609.8	2156.4	3604.6
105.8	453.2	1472.1	2131.5	3627.6
108.2	442.4	1371.3	2165.1	3551.3
108.0	431.5	1252.4	2170.4	3459.0
107.3	434.5	1200.9	2153.6	3441.9
106.6	458.8	1196.2	2169.4	3446.0
106.1	485.7	1190.0	2206.4	3424.2
106.0	508.8	1188.0	2231.2	3441.0
106.3	585.5	1202.4	2258.2	3487.2
107.0	610.2	1218.3	2285.0	3490.4
107.9	623.9	1228.0	2300.9	3460.7
108.9	617.0	1207.6	2340.4	3468.5
109.1	623.7	1258.6	2349.9	3497.0
109.7	599.1	1299.6	2379.7	3513.8
110.7	576.6	1286.6	2400.7	3505.3
109.4	567.7	1257.5	2407.3	3521.1
107.9	553.0	1209.0	2394.3	3546.8
92.0	503.5	1124.0	2422.4	3571.4
114.5	485.7	1177.7	2400.9	3344.1
111.7	391.3	1698.2	2536.1	3327.6
266.7	939.8	1803.6	2568.0	3417.5
118.8	579.0	1566.3	2505.1	3465.5
480.0	296.8	1191.3	2579.7	3435.3
0.0	288.9	1063.0	2595.7	3504.4
0.0	353.8	1047.6	2612.6	3686.3
212.8	339.3	1043.8	2588.3	3722.3
105.3	647.1	1178.2	2503.8	3572.0
107.6	684.2	1237.3	2477.4	3487.7
101.5	699.1	1323.6	2545.9	3475.6
99.4	721.5	1447.5	2487.8	3495.3
97.6	660.4	1546.7	2426.5	3446.0
97.5	633.5	1598.8	2386.3	3339.9
97.5	624.4	1657.3	2372.2	3421.7
96.8	602.8	1705.7	2467.6	3282.2
96.0	537.6	1734.7	2751.1	3288.7
93.6	701.8	1723.6	2801.5	3591.4
90.7	750.8	1694.6	2753.9	3679.4
87.6	934.2	1905.9	2767.4	3733.6
0.0	838.4	1848.4	2779.3	3749.2
0.0	916.8	1829.9	2834.4	3856.0
0.0	854.6	1826.0	2883.2	3934.0
0.0	1005.4	1868.9	2891.3	3981.7
157.9	950.2	1812.6	2868.3	3931.5
0.0	774.0	1747.5	2908.9	3921.9
0.0	779.6	1842.6	2817.8	3860.9
173.9	895.0	1642.4	2737.8	3854.5
214.3	524.1	1451.7	2695.2	3769.3
0.0	525.5	1400.4	2699.4	3757.8
123.1	585.4	1415.5	2731.0	3761.7
110.6	599.2	1393.5	2731.3	3684.0
109.9	622.2	1365.2	2701.5	3627.9
108.8	608.0	1318.3	2619.1	3620.3
107.6	624.9	1291.1	2640.9	3653.3
106.6	639.2	1223.0	2636.9	3665.6
102.9	649.9	1174.3	2592.9	3543.9
98.4	629.0	1157.0	2609.4	3365.9
94.4	628.1	1111.6	2639.8	3348.0
89.4	622.6	1067.1	2647.8	3369.9
84.7	615.7	1034.7	2661.3	3370.9
81.6	604.6	1016.9	2670.9	3382.1
81.7	629.9	1074.1	2636.6	3422.9
82.3	664.9	1185.0	2545.3	3359.4
77.1	933.5	1700.1	2550.4	3431.8
92.3	1039.8	1809.5	2627.8	3498.8
77.4	1039.3	1553.8	2552.8	3425.9
0.0	905.1	1406.6	2570.1	3424.2
0.0	988.8	1677.5	2703.6	3540.7
0.0	927.8	1708.7	2682.0	3589.0
0.0	911.5	1735.1	2716.6	3605.7
0.0	956.9	1699.8	2749.5	3602.2
0.0	853.9	1642.3	2780.8	3567.0
0.0	855.7	1667.4	2761.5	3548.0
0.0	938.8	1654.6	2734.5	3561.5
0.0	855.5	1528.4	2657.3	3604.3
0.0	893.1	1585.0	2626.1	3489.9
113.2	946.3	1633.3	2654.5	3412.5
342.9	872.0	1673.4	2714.2	3496.0
0.0	836.8	1630.6	2748.6	3542.2
0.0	1118.4	1717.8	2795.0	3537.1
0.0	1051.4	1698.9	2696.2	3514.9
0.0	946.6	1668.4	2652.9	3491.0
115.4	1046.8	1828.0	2689.8	3542.6
260.9	862.0	1537.0	2574.7	3450.0
428.6	819.3	1640.6	2587.3	3401.1
136.4	832.2	1592.4	2558.6	3372.3
0.0	950.6	1790.3	2582.4	3339.5
133.3	892.5	1794.9	2513.8	3417.9
0.0	813.1	1811.0	2443.7	3519.5
480.0	743.7	1654.1	2559.3	3526.7
0.0	770.5	1503.5	2733.4	3532.6
0.0	735.2	1556.8	2655.9	3458.9
0.0	690.7	1602.1	2547.1	3421.8
0.0	716.5	1670.7	2659.7	3372.2
