0.0	0.0	0.0	0.0	0.0
0.0	0.0	0.0	0.0	0.0
0.0	0.0	0.0	0.0	0.0
0.0	885.0	1696.9	2509.6	3385.1
0.0	884.6	1680.5	2591.8	3312.0
0.0	1038.8	1822.4	2759.5	3437.2
0.0	847.8	1682.4	2523.7	3455.0
0.0	834.2	1743.3	2544.9	3336.3
0.0	890.2	1689.9	2564.4	3364.5
0.0	893.5	1643.8	2514.1	3425.3
0.0	832.4	1566.5	2463.9	3288.1
0.0	824.2	1517.2	2607.5	3350.8
387.1	802.9	1514.0	2541.0	3427.9
100.0	809.4	1533.2	2468.8	3415.6
0.0	875.3	1567.0	2280.9	3385.2
0.0	970.3	1649.2	2466.0	3383.0
272.7	811.7	1548.5	2456.9	3408.4
0.0	499.4	1389.0	2506.3	3320.8
0.0	543.1	1267.6	2506.3	3231.6
315.8	552.7	1308.9	2505.2	3360.5
0.0	647.4	1267.5	2487.3	3565.5
260.9	701.3	1188.9	2540.8	3660.2
0.0	709.5	1192.4	2509.1	3659.1
0.0	847.7	1413.0	2740.5	3762.1
144.6	512.7	1130.6	2774.6	3899.8
0.0	418.3	1014.1	2733.2	3834.3
134.9	436.2	1006.3	2741.9	3963.4
119.4	439.5	1012.9	2917.8	3956.8
117.6	449.8	1009.2	3039.5	3915.1
117.6	455.0	1016.5	3036.7	3945.7
117.8	451.2	1050.3	3036.3	3924.4
118.9	413.8	1086.5	3101.2	3914.3
119.2	398.7	1113.1	2510.0	3813.3
119.7	582.6	1270.1	2208.2	3706.2
125.0	603.4	1442.0	2275.4	3741.1
120.0	690.1	1552.9	2327.9	3757.4
122.3	664.3	1602.0	2377.1	3679.2
122.6	645.1	1626.4	2403.2	3874.8
122.4	631.8	1655.4	2428.7	3765.5
125.0	603.0	1667.5	2442.7	3698.2
126.3	576.6	1646.9	2480.8	3838.6
127.6	573.4	1607.3	2482.9	3951.2
128.0	581.5	1617.6	2494.9	3932.2
129.2	604.4	1595.0	2508.4	3863.5
126.3	662.0	1536.8	2555.0	3631.8
126.3	694.1	1583.3	2773.1	3752.3
127.7	1067.4	1938.9	2857.0	3773.8
0.0	901.2	1933.6	2829.3	3806.1
0.0	707.0	1962.0	2916.0	3752.8
0.0	1115.2	2050.2	3000.1	3713.2
315.8	1085.7	2094.6	3094.2	3837.2
0.0	954.5	2021.6	3132.1	3804.7
266.7	1099.6	2040.7	3084.2	3805.9
0.0	878.3	1998.0	3040.9	3774.0
0.0	914.7	1916.1	3068.1	3734.6
300.0	997.6	2108.6	3119.6	3714.5
0.0	1156.1	2162.2	2980.8	3601.5
127.7	944.4	1855.8	2864.6	3434.6
0.0	495.4	1829.3	2848.2	3444.9
153.8	755.8	1787.9	2703.3	3415.4
70.0	741.4	1733.0	2626.3	3503.9
0.0	960.0	1785.4	2636.8	3451.6
0.0	974.4	1814.2	2589.5	3333.4
0.0	866.9	1815.1	2521.9	3372.5
0.0	753.7	1751.0	2608.8	3473.8
0.0	732.0	1626.0	2558.5	3384.0
0.0	796.8	1632.5	2483.3	3313.1
0.0	866.5	1728.3	2478.4	3361.6
0.0	799.6	1400.2	2002.1	3344.0
184.6	200.0	1182.9	1866.1	3434.1
545.5	651.3	1152.1	1569.2	3502.4
0.0	630.7	1131.7	1483.9	3706.7
135.6	560.3	1099.7	1477.8	3785.7
132.0	535.1	1096.7	1457.5	3706.8
127.6	497.8	1133.3	1441.5	3657.1
125.0	492.1	1142.5	1440.9	3587.4
125.0	481.1	1167.2	1451.5	3616.4
123.7	487.8	1220.0	1459.6	3689.3
123.7	477.2	1246.0	1481.8	3688.9
122.2	489.0	1325.5	1546.9	3630.3
120.9	527.9	1425.5	1616.0	3392.7
119.2	522.5	1532.4	1784.3	3336.2
118.1	541.0	1750.8	2417.0	3333.6
114.3	1069.8	1892.4	2674.0	3345.1
112.1	1250.2	2334.4	3021.0	3357.2
375.0	1095.4	2285.9	3119.4	3509.3
0.0	586.6	2239.9	3125.1	3532.4
0.0	521.5	2216.4	3139.0	3591.2
0.0	705.9	2143.9	3092.0	3633.2
162.2	599.4	2300.0	3286.6	3609.5
130.4	1065.0	2341.8	3380.3	3643.7
0.0	440.1	2242.4	3276.6	3640.6
0.0	912.8	2130.1	3123.4	3595.5
500.0	654.9	2062.4	2985.4	3578.8
80.5	643.4	1347.6	2788.6	3523.0
0.0	586.7	1306.6	2505.0	3649.3
128.8	561.8	1344.7	2417.1	3612.6
130.0	539.3	1303.3	2167.7	3120.5
126.5	469.1	1551.6	2178.4	2741.6
123.5	265.3	1556.9	2234.8	2678.3
0.0	257.6	1179.9	2202.2	2768.7
0.0	233.7	1140.8	2132.0	2799.2
235.3	238.6	1121.2	2134.2	2827.9
235.3	486.5	1086.3	2140.3	3036.2
239.3	522.2	933.2	2226.9	3155.7
118.8	583.8	889.2	2208.1	3283.9
115.4	581.5	853.2	2219.2	3396.7
113.6	559.5	808.8	2230.5	3438.5
112.6	553.4	799.5	2324.3	3502.6
112.3	541.5	803.8	2324.1	3515.7
112.0	452.7	716.3	2288.2	3591.1
113.1	461.6	731.1	2389.5	3740.8
114.1	469.6	791.5	2469.6	3715.3
112.9	638.9	2210.5	3078.1	3687.6
110.6	686.6	2246.5	3242.5	3806.1
102.1	982.1	2382.2	3257.2	3791.8
0.0	834.8	2286.2	3202.4	3749.7
0.0	1018.1	2248.4	3080.5	3759.2
0.0	863.0	2199.1	3082.0	3768.1
0.0	763.3	2005.9	3265.6	3829.3
307.7	865.1	2228.3	3209.2	3824.4
0.0	1143.1	2354.5	3223.2	3739.3
129.0	808.4	2195.9	3000.3	3701.8
0.0	955.2	2099.1	2983.8	3690.1
0.0	927.8	2096.5	2936.3	3681.2
136.4	526.1	1613.0	2514.6	3735.7
0.0	512.0	1595.4	2446.7	3686.4
127.7	503.8	1635.0	2431.9	3700.6
125.0	532.9	1635.0	2431.5	3700.1
123.7	546.8	1618.0	2435.4	3670.1
122.4	573.1	1571.9	2429.3	3683.2
121.2	643.3	1503.4	2389.3	3634.1
119.7	647.0	1393.1	2398.9	3607.4
116.9	645.5	1260.4	2463.2	3605.1
116.5	640.6	1155.6	2512.5	3640.9
114.3	617.1	1002.5	2491.8	3768.5
113.2	609.2	947.0	2418.9	3732.0
110.1	610.2	918.5	2475.5	3745.6
112.1	534.2	877.3	2598.4	3775.5
112.1	485.6	852.5	2461.8	3759.5
113.2	461.2	842.9	2360.2	3691.8
113.2	457.5	871.1	2700.7	3638.0
108.8	542.0	2109.6	3163.4	3697.9
100.0	985.3	2117.4	3267.6	3797.2
99.2	893.6	2177.9	3070.4	3826.3
0.0	916.7	2197.8	2980.2	3779.7
352.9	873.4	2151.3	2931.3	3652.0
0.0	931.4	2311.7	2844.6	3459.3
76.9	981.3	2012.2	2739.3	3334.8
0.0	860.4	1813.4	2318.8	3281.8
244.9	805.6	1961.7	2327.0	3370.4
240.0	507.3	1211.8	2407.2	3238.6
99.2	384.5	1332.6	2281.7	3263.9
0.0	372.0	1319.1	2051.9	3048.8
230.8	411.8	1357.8	2028.5	2873.2
230.8	524.6	1456.2	2258.8	2907.7
103.4	539.9	1533.9	2434.7	3076.6
98.9	544.2	1590.6	2493.7	2984.3
96.8	503.3	1628.5	2540.9	2938.7
96.8	413.8	1629.9	2547.5	2942.7
96.0	416.9	1644.9	2554.5	2972.9
210.5	428.6	1653.0	2615.9	3035.0
210.6	398.5	1719.3	2667.6	3197.0
100.3	461.0	1863.4	2709.5	3247.2
100.8	915.9	2177.6	2861.7	3414.8
98.4	920.5	2118.6	2812.0	3419.7
0.0	1437.9	2320.6	2838.5	3468.6
0.0	527.4	2212.7	2862.8	3491.0
0.0	1403.1	2355.8	2943.6	3465.6
0.0	514.0	2217.7	2811.9	3436.1
0.0	788.8	2212.8	2720.3	3456.3
150.0	941.5	2178.4	2668.4	3342.5
146.3	828.4	2071.2	2616.2	3303.9
200.0	728.1	1998.3	2553.3	3264.7
0.0	712.0	1836.7	2495.7	3154.8
171.4	520.4	1837.0	2469.8	3077.4
0.0	450.4	1833.6	2455.9	3061.3
0.0	440.3	1835.8	2413.2	3033.2
116.5	455.2	1805.4	2372.5	2995.9
105.3	475.7	1773.7	2368.8	3036.8
102.6	510.8	1748.6	2370.3	3187.9
101.7	537.8	1678.5	2324.9	3180.1
98.4	581.9	1613.5	2308.0	3348.3
96.8	598.9	1533.0	2296.2	3486.8
96.8	582.3	1473.7	2286.9	3548.7
92.8	572.3	1420.0	2291.2	3653.3
93.0	507.1	1298.9	2268.9	3535.6
0.0	481.1	1270.5	2264.7	3442.2
235.3	394.2	1349.1	2369.2	3350.8
66.7	459.6	1672.8	2596.4	3349.6
181.8	236.6	1673.5	2616.2	3421.8
218.2	604.8	1478.8	2559.8	3439.9
230.8	776.2	1558.0	2463.5	3362.5
129.0	673.6	1676.8	2517.5	3467.3
0.0	713.7	1748.5	2520.3	3513.3
0.0	909.0	1871.9	2644.8	3572.0
0.0	943.7	1850.8	2599.9	3416.7
0.0	996.6	1869.4	2381.0	3255.7
196.7	763.2	1615.2	2402.2	3280.0
244.9	767.5	1596.0	2304.5	3356.0
0.0	835.3	1739.5	2330.4	3310.9
127.7	652.8	1808.8	2350.4	3363.0
0.0	755.2	1922.5	2545.0	3417.7
324.3	781.0	1754.5	2509.2	3396.5
0.0	939.9	1718.7	2516.2	3375.4
0.0	700.0	1326.2	2408.4	3404.3
0.0	767.2	1584.5	2404.9	3379.1
130.4	1172.6	2005.1	2651.2	3522.6
0.0	1139.7	1942.2	2706.4	3465.8
75.9	982.7	1866.5	2723.2	3462.4
0.0	815.5	1798.1	2637.6	3503.0
0.0	701.3	1812.5	2560.4	3498.4
0.0	691.7	1963.9	2572.6	3479.7
0.0	691.0	1679.4	2558.8	3459.6
0.0	1196.6	1866.3	2630.9	3542.1
0.0	766.8	1982.5	2672.3	3532.6
0.0	911.2	2023.0	2685.7	3569.9
0.0	686.6	1811.4	2519.8	3500.4
0.0	596.2	1696.5	2542.9	3479.8
113.2	581.9	1489.4	2388.2	3312.9
521.7	708.1	1610.8	2460.8	3345.6
171.4	812.4	1761.5	2633.8	3371.9
0.0	589.1	1787.6	2610.7	3420.5
0.0	479.5	1645.6	2540.3	3457.3
0.0	618.1	1654.7	2518.1	3309.4
400.0	611.1	1706.3	2557.3	3330.2
64.2	680.0	1761.3	2541.1	3497.5
0.0	679.8	1806.4	2609.5	3543.0
0.0	825.0	1840.7	2669.6	3494.7
0.0	674.0	1773.0	2649.9	3467.2
0.0	748.4	1625.0	2619.5	3455.6
0.0	968.7	1902.0	2772.4	3476.0
0.0	747.8	1849.6	2745.8	3420.0
0.0	892.8	1809.5	2563.1	3341.9
0.0	987.1	1790.8	2603.9	3384.2
0.0	926.9	1839.8	2524.9	3399.2
0.0	708.5	1665.0	2505.0	3239.0
0.0	438.4	1559.5	2547.3	3359.2
333.3	845.2	1583.7	2612.2	3385.6
352.9	965.1	1847.7	2728.3	3380.6
0.0	814.5	1808.6	2688.2	3365.1
0.0	793.6	1744.7	2624.3	3460.4
0.0	900.5	1873.5	2617.4	3506.5
0.0	829.6	1810.0	2648.5	3511.7
0.0	779.6	1676.2	2674.6	3410.3
0.0	876.8	1699.6	2600.4	3400.0
0.0	737.1	1728.8	2592.8	3429.2
0.0	814.2	1761.3	2676.1	3476.4
