0.0	0.0	0.0	0.0	0.0
0.0	0.0	0.0	0.0	0.0
0.0	0.0	0.0	0.0	0.0
0.0	849.8	1633.8	2519.8	3457.8
0.0	937.3	1791.7	2752.2	3533.7
0.0	972.6	1871.2	2800.1	3540.9
0.0	886.6	1757.5	2788.4	3534.3
0.0	574.3	1674.6	2712.7	3589.4
0.0	762.5	1905.4	2556.6	3455.6
0.0	716.5	1793.5	2479.5	3368.8
0.0	712.9	1705.6	2516.2	3397.6
0.0	773.9	1634.2	2383.9	3376.8
0.0	849.3	1880.1	2634.6	3464.2
0.0	1041.5	1983.2	2790.8	3549.4
0.0	961.2	1826.9	2647.1	3486.0
0.0	950.8	1859.4	2669.4	3450.7
0.0	927.0	1644.0	2601.7	3453.3
0.0	889.5	1625.3	2558.7	3585.0
444.4	782.1	1669.4	2546.6	3507.6
0.0	769.3	1790.9	2559.6	3528.5
0.0	607.5	1799.1	2565.0	3559.5
0.0	636.8	1761.1	2504.9	3517.2
0.0	649.5	1752.8	2447.4	3505.1
0.0	554.7	1707.2	2384.3	3425.5
171.5	562.7	1707.1	2406.0	3414.5
149.4	552.2	1736.8	2401.6	3371.7
149.4	530.1	1733.5	2402.7	3398.9
150.5	514.0	1752.8	2446.1	3591.2
150.2	482.4	1747.8	2459.1	3547.8
149.8	463.3	1712.0	2465.2	3404.8
144.6	439.5	1010.3	2374.4	2823.5
141.2	450.4	1016.8	2367.1	2777.8
150.0	434.4	995.5	2044.9	2690.1
146.3	416.3	1514.5	2410.3	3287.3
145.4	455.0	1761.6	2676.6	3445.4
144.3	443.7	1875.1	2671.9	3335.0
142.2	438.4	1926.3	2591.2	3331.5
142.0	427.2	1928.7	2508.6	3314.5
142.6	432.1	1918.7	2379.1	3338.9
142.6	430.0	1854.1	2181.9	3331.8
142.2	426.6	1781.6	2088.0	3313.2
142.3	432.2	1708.7	2031.8	3291.0
142.1	417.6	1668.1	1948.7	3292.8
142.2	422.4	1624.1	1903.8	3288.0
141.6	430.5	1598.0	1901.5	3267.1
142.2	436.1	1577.0	1937.0	3284.4
143.4	427.5	1545.2	1983.3	3266.4
143.4	413.7	1542.5	2070.5	3254.8
141.6	407.2	1570.5	2216.6	3295.0
140.3	409.5	1557.3	2321.1	3354.9
137.1	413.2	1553.5	2391.4	3508.5
132.3	420.4	1597.3	2628.2	3578.0
129.0	455.7	1787.5	2963.9	4081.0
120.0	923.2	2106.9	3139.3	4382.2
110.1	947.7	2154.6	3090.7	4473.4
0.0	727.2	1726.5	2906.0	4293.6
0.0	599.5	1702.7	2530.5	3535.8
0.0	521.4	1643.6	2393.1	3480.3
162.2	425.3	1659.1	2047.3	3480.4
134.8	365.7	1724.6	1962.2	3423.8
121.2	392.1	1733.5	1938.4	3487.8
113.2	390.1	1735.1	2091.4	3446.6
102.3	260.7	1753.6	2425.8	3324.9
99.2	275.2	1673.8	2255.0	3220.7
101.7	365.2	1667.4	2084.9	3326.0
0.0	420.1	1601.8	1950.0	3414.0
0.0	422.3	1547.2	2026.9	3400.2
0.0	461.2	1449.2	2102.5	3346.4
111.9	476.7	1401.3	2086.7	3290.9
111.0	488.8	1360.5	2101.4	3271.3
111.0	497.1	1326.7	2162.5	3263.1
109.9	504.3	1326.7	2135.1	3175.9
110.0	499.6	1333.2	2155.4	3170.2
111.1	500.2	1339.7	2145.2	3166.9
111.3	495.5	1360.3	2170.8	3288.0
112.0	492.3	1392.2	2211.4	3343.3
111.5	479.2	1418.8	2250.6	3372.6
111.5	461.5	1434.5	2249.8	3396.9
111.4	449.1	1417.8	2239.9	3408.9
111.2	447.9	1377.3	2198.7	3417.4
109.7	455.3	1439.0	2250.3	3462.3
111.8	458.4	1479.4	2285.4	3432.6
110.3	474.6	1524.7	2286.3	3371.4
114.6	481.9	1581.3	2292.8	3389.9
113.1	479.9	1649.8	2336.1	3392.5
111.4	467.7	1698.2	2332.7	3319.8
111.2	450.3	1732.1	2314.7	3360.1
110.2	434.9	1714.7	2224.4	3303.9
108.9	418.2	1623.5	2139.5	3331.2
108.2	427.5	1357.6	2061.5	3268.4
108.1	373.9	1146.3	2036.7	3248.7
104.0	217.7	1124.3	2170.5	3292.2
98.4	228.1	1318.3	2417.3	3349.4
102.6	217.6	1288.5	2393.8	3397.8
104.3	219.7	1342.2	2476.3	3443.8
100.0	232.1	1215.9	2462.5	3359.5
96.8	255.8	1116.8	2384.2	3284.9
99.2	546.9	1298.3	2387.5	3493.5
0.0	393.3	1167.2	2450.9	3515.3
0.0	360.7	1099.8	2384.1	3244.9
117.6	350.2	1067.7	2353.5	3252.1
115.4	352.7	1051.4	2352.8	3215.9
115.6	374.6	1063.6	2344.4	3225.3
118.6	388.8	1061.6	2346.1	3300.8
119.2	396.6	1059.1	2330.6	3264.3
121.7	408.6	1048.2	2349.2	3396.5
120.0	436.9	1038.9	2385.2	3444.9
118.9	474.8	1045.6	2404.7	3274.8
118.4	476.5	1052.6	2391.0	3189.1
117.5	473.1	1066.8	2359.1	3131.9
115.5	492.8	1088.8	2328.1	3049.6
115.0	532.6	1104.8	2280.5	3063.8
112.3	561.2	1124.5	2265.6	3135.5
111.9	581.6	1115.6	2268.5	3200.3
111.5	605.5	1135.2	2286.7	3260.2
111.1	620.4	1144.9	2291.9	3303.0
111.3	623.8	1156.1	2278.5	3296.8
111.4	603.9	1158.2	2280.3	3306.9
114.3	577.4	1137.8	2260.2	3312.4
114.0	544.4	1152.8	2235.2	3318.3
112.1	503.9	1167.3	2216.7	3283.4
107.1	482.8	1139.5	2251.3	3177.2
137.9	893.5	1475.5	2620.2	3459.6
123.7	876.7	1642.7	2630.8	3461.7
86.3	873.6	1785.8	2651.2	3360.2
0.0	931.1	1841.2	2650.8	3507.6
0.0	926.8	1851.3	2692.6	3542.9
0.0	828.7	1697.6	2823.2	3571.9
0.0	855.6	1659.6	2703.2	3651.7
0.0	880.7	1933.4	2788.4	4334.7
136.4	951.6	1961.8	2938.1	4629.4
0.0	814.2	1724.5	2766.0	4083.5
226.4	701.1	1602.2	2647.5	3619.6
545.5	684.7	1582.1	2643.8	3523.1
333.3	625.8	1480.2	2536.4	3556.5
123.7	523.5	1260.9	2279.9	3583.1
0.0	562.3	1163.8	2250.1	3530.2
0.0	587.4	1142.7	2199.2	3426.8
116.4	546.4	1112.7	2179.9	3296.6
116.0	485.4	1087.2	2114.7	3226.1
114.6	473.3	1066.7	2123.1	3202.1
113.5	467.3	1063.2	2115.0	3226.4
113.0	483.4	1057.7	2133.1	3199.8
112.1	513.4	1048.1	2108.3	3127.8
112.9	543.6	1044.9	2138.3	3127.2
110.7	570.4	1074.6	2257.5	3146.4
110.1	568.5	1071.9	2267.3	3194.5
108.9	584.9	1077.5	2185.6	3198.9
108.7	572.8	1082.2	2197.5	3164.5
108.1	543.1	1056.9	2211.2	3173.1
107.9	517.3	1042.0	2179.3	3186.8
107.3	518.0	1052.6	2155.6	3188.1
106.3	517.8	1052.8	2092.7	3113.8
105.9	517.5	1058.6	2077.3	3088.5
104.0	523.2	1073.9	2074.1	3102.2
104.2	510.7	1058.4	2003.6	3078.5
104.8	542.4	1034.9	1925.9	3042.7
104.3	535.4	995.0	1878.6	3094.3
107.2	562.8	1067.4	1862.3	3118.8
107.3	588.2	1107.7	1814.7	3151.2
105.4	602.3	1082.8	1803.0	3135.0
104.4	627.2	1104.2	1784.3	3109.4
103.7	622.9	1138.0	1769.1	3143.7
104.1	591.3	1164.0	1783.8	3159.8
103.4	575.6	1259.8	1816.5	3154.7
103.2	557.3	1326.5	1844.7	3129.1
102.7	522.0	1395.6	1920.9	3092.8
103.0	490.4	1477.4	1999.0	3156.1
102.7	444.0	1603.2	2496.6	3358.2
102.3	406.9	1582.5	2535.2	3434.6
103.2	321.5	1519.2	2559.0	3336.6
98.3	239.8	1529.0	2610.6	3427.2
90.9	274.2	1600.4	2488.1	3386.2
94.5	322.9	1524.0	2494.7	3420.4
0.0	641.0	1581.8	2471.2	3443.0
0.0	371.0	1624.4	2464.4	3408.9
0.0	388.7	1642.2	2466.0	3432.0
0.0	430.1	1650.0	2447.8	3395.4
108.2	439.2	1636.9	2435.5	3383.4
107.2	441.3	1613.1	2441.0	3365.4
106.5	442.2	1621.0	2468.5	3371.2
106.3	432.1	1629.7	2504.4	3404.8
106.0	442.6	1578.1	2551.0	3577.2
104.3	381.9	1583.1	2588.2	3714.4
100.8	226.9	1692.2	2573.9	3740.6
86.5	867.1	1543.7	2540.4	3592.0
86.3	1017.7	1763.5	2695.5	3562.7
0.0	985.5	2044.0	2872.1	3625.3
0.0	925.9	1982.2	2920.1	3520.8
0.0	1022.0	2294.2	2936.3	3465.3
0.0	873.8	2367.2	2916.0	3476.8
0.0	1036.0	2352.4	2920.4	3438.8
0.0	742.2	2339.2	2608.8	3440.0
0.0	716.6	1872.0	2449.0	3463.1
0.0	769.3	1797.1	2437.5	3409.7
67.0	495.6	1614.9	2388.6	3422.5
0.0	407.5	1596.4	2355.3	3472.2
0.0	398.0	1571.1	2352.6	3485.1
112.1	394.9	1549.2	2332.6	3451.9
123.7	395.9	1541.7	2336.1	3527.3
0.0	378.7	1516.6	2347.5	3562.9
120.0	377.0	1529.7	2370.3	3574.0
85.1	572.0	1576.9	2371.1	3594.8
83.9	240.6	1516.5	2359.3	3594.4
545.5	317.6	1462.9	2383.2	3623.3
0.0	422.1	1411.5	2358.1	3594.0
104.3	422.9	1466.6	2366.8	3475.1
106.2	821.5	1582.3	2609.6	3890.2
95.2	919.3	1964.6	3088.9	4768.7
96.8	975.5	1947.0	3102.1	4691.9
500.0	989.8	1921.0	3158.8	4739.8
0.0	1038.2	2046.5	3146.0	4980.3
0.0	845.9	2031.8	3149.4	4854.3
0.0	856.6	1964.3	3242.8	4995.9
285.7	798.1	1933.8	3332.4	5060.3
571.4	1075.2	1944.0	3287.9	4759.5
200.0	1062.3	1951.9	2867.2	4765.9
151.9	933.0	1926.9	2739.5	4724.2
0.0	731.1	2083.7	2918.2	4629.5
0.0	845.1	1883.8	2889.0	3973.1
0.0	893.3	1930.7	3017.9	4058.6
0.0	909.3	1681.3	2799.1	4025.1
0.0	811.8	1587.9	2723.3	3853.5
0.0	778.3	1699.4	2570.9	3705.8
500.0	835.1	1658.0	2471.5	3671.0
82.8	826.6	1547.2	2445.1	3630.4
0.0	878.8	1555.2	2410.2	3468.4
235.3	784.6	1682.4	2287.1	3193.8
79.5	989.5	1840.3	2242.2	3304.7
0.0	1005.3	2004.0	2436.0	3519.2
226.4	450.3	1797.3	2411.9	3425.4
0.0	757.6	1614.8	2414.2	3340.7
0.0	801.4	1787.8	2587.5	3475.9
0.0	660.6	1871.3	2572.6	3533.4
240.0	827.7	1884.6	2577.8	3445.3
