0.0	0.0	0.0	0.0	0.0
0.0	0.0	0.0	0.0	0.0
0.0	0.0	0.0	0.0	0.0
0.0	776.2	1398.7	2416.3	3538.0
0.0	775.5	1381.8	2448.0	3489.3
272.7	768.8	1400.5	2445.8	3451.7
235.3	721.6	1427.5	2429.0	3336.2
0.0	618.8	1347.8	2524.9	3394.8
0.0	848.8	1649.9	2572.0	3469.8
0.0	694.0	1542.6	2560.2	3427.9
0.0	623.3	1732.6	2623.8	3423.2
0.0	602.0	1708.3	2570.8	3439.0
0.0	728.7	1445.3	2532.1	3333.5
0.0	818.1	1450.8	2622.4	3332.4
0.0	930.9	1811.0	2638.0	3385.7
0.0	805.4	1742.4	2607.5	3404.5
0.0	708.8	1607.8	2563.5	3353.5
0.0	706.4	1377.1	2431.5	3335.3
0.0	642.7	1195.1	2431.5	3280.5
0.0	623.0	1051.2	2451.3	3290.9
126.2	652.4	1065.2	2442.0	3292.1
118.5	654.1	1165.0	2453.7	3259.4
117.2	699.3	1233.6	2366.4	3286.8
112.8	683.1	1406.3	2423.2	3334.4
111.8	691.2	1447.2	2501.3	3332.3
109.9	642.3	1480.1	2435.3	3263.0
107.8	904.2	1822.6	2688.0	3314.7
162.3	889.3	1688.5	2749.6	3490.4
0.0	692.9	1523.2	2512.9	3578.8
0.0	717.2	1503.7	2572.3	3513.8
0.0	761.7	1509.5	2541.7	3491.7
102.6	794.3	1527.2	2456.0	3468.9
0.0	766.6	1592.3	2671.4	3461.7
307.7	777.5	1479.7	2585.6	3438.1
0.0	850.4	1461.9	2398.2	3408.4
0.0	931.9	1430.9	2359.2	3497.9
0.0	863.7	1394.2	2393.9	3552.1
0.0	821.6	1297.8	2426.3	3501.8
143.0	794.9	1231.4	2417.9	3444.8
120.7	798.5	1231.4	2431.6	3365.7
124.3	795.8	1227.3	2446.3	3342.5
126.2	803.2	1189.3	2435.0	3295.9
126.0	768.4	1143.8	2468.1	3318.4
126.2	765.3	1124.1	2493.0	3383.4
128.4	715.0	1109.1	2532.7	3397.5
128.1	721.6	1095.4	2564.4	3392.8
131.1	712.4	1080.0	2588.3	3373.4
127.4	674.1	1039.8	2623.4	3442.7
134.2	657.0	1015.8	2664.2	3548.5
134.4	690.4	1024.9	2682.1	3594.3
136.2	622.9	1060.3	2715.6	3611.9
136.2	627.3	1051.8	2757.7	3642.8
136.6	585.8	1044.4	2801.2	3687.0
136.4	576.3	1057.2	2834.4	3675.6
135.8	512.5	1009.5	2814.3	3565.5
132.7	408.7	1061.4	2806.8	3481.8
130.1	420.5	1570.8	2787.6	3587.0
130.4	434.8	993.9	2706.1	3540.0
131.0	363.9	1021.7	2658.0	3535.9
129.5	424.2	1031.6	2667.4	3490.3
129.3	381.5	1084.3	2726.4	3388.0
130.4	516.5	1194.3	2715.3	3306.3
138.1	523.8	1246.5	2714.7	3286.9
136.5	517.7	1273.0	2687.9	3253.4
136.2	485.6	1310.4	2684.2	3276.1
136.3	483.0	1329.5	2702.9	3284.7
135.7	477.5	1311.5	2688.4	3262.8
134.9	464.9	1280.4	2663.0	3260.1
133.4	623.9	1334.8	2617.9	3412.4
130.8	579.4	1738.6	2775.7	3298.5
0.0	578.5	1901.4	2960.4	3043.0
0.0	372.1	1047.9	2695.1	3288.0
130.4	415.4	995.6	2734.0	3238.9
131.6	404.5	951.4	2759.5	3073.3
131.1	374.3	887.3	2783.4	3129.4
129.7	361.2	845.7	2796.1	3321.4
128.9	359.6	839.2	2821.3	3476.0
127.6	373.8	827.1	2856.1	3714.9
126.4	358.9	796.2	2861.2	3752.6
124.6	390.7	792.9	2869.3	3827.1
122.9	365.0	796.1	2867.3	3841.3
121.5	376.2	789.1	2869.2	3794.6
120.2	353.0	786.4	2874.5	3789.8
119.4	361.9	798.8	2856.2	3829.2
120.0	386.1	816.3	2831.0	3833.8
120.1	361.2	804.6	2788.4	3777.4
120.3	381.8	873.0	2754.8	3747.4
120.2	354.2	913.3	2774.1	3772.5
121.1	544.0	1046.3	2794.2	3429.6
124.0	581.5	1094.7	2800.0	3247.8
124.3	599.0	1105.8	2820.8	3382.5
123.8	601.9	1110.8	2805.2	3375.4
124.6	606.7	1125.6	2783.2	3297.0
125.1	624.5	1127.6	2780.6	3336.9
125.2	627.2	1148.8	2754.9	3232.7
124.9	630.0	1164.5	2747.4	3186.7
123.7	636.8	1181.3	2731.1	3328.2
123.4	674.7	1190.4	2739.9	3394.5
121.5	704.8	1185.2	2739.3	3423.4
121.2	707.8	1163.4	2707.4	3271.3
116.9	690.1	1144.2	2700.7	3248.7
114.6	676.9	1127.8	2687.2	3299.2
112.1	636.6	1122.6	2667.1	3179.0
109.2	629.2	1126.2	2640.7	3106.5
107.1	604.7	1113.1	2605.1	3068.1
104.0	590.1	1078.7	2563.8	3062.6
100.2	549.0	1062.0	2551.6	3073.7
96.8	522.9	1045.9	2526.3	3037.0
96.1	440.6	1042.7	2501.6	3023.6
95.6	498.4	1048.8	2484.9	3041.8
95.1	609.9	1131.1	2425.4	3157.9
95.5	593.1	1230.5	2459.9	3300.3
96.3	759.6	1490.5	2558.6	3424.1
116.5	737.7	1469.5	2602.9	3412.4
111.1	828.8	1518.2	2649.0	3218.2
0.0	834.9	1587.8	2528.4	3216.0
0.0	979.5	1673.7	2596.2	3429.5
0.0	949.8	1653.8	2579.8	3426.6
0.0	651.8	1587.4	2554.4	3299.5
0.0	661.5	1423.2	2496.6	3311.8
0.0	639.2	1350.7	2431.4	3239.4
0.0	656.1	1390.5	2482.4	3203.6
160.0	684.0	1416.5	2492.1	3130.7
250.0	774.6	1407.1	2482.8	3128.7
69.6	671.8	1371.0	2495.0	3271.8
76.5	668.2	1343.1	2434.2	3295.0
199.2	685.1	1350.1	2403.7	3291.8
127.7	583.8	1277.5	2422.3	3285.4
0.0	714.4	1277.1	2425.6	3343.6
0.0	798.6	1265.7	2363.2	3347.3
0.0	810.9	1260.2	2349.6	3320.3
80.5	657.8	1211.2	2403.3	3355.6
0.0	796.0	1325.0	2439.5	3377.8
0.0	844.5	1457.0	2468.4	3385.3
176.5	703.1	1520.2	2468.5	3487.8
114.3	784.2	1524.1	2501.1	3511.3
0.0	515.1	1251.1	2488.9	3313.8
0.0	381.2	838.5	2430.9	3262.5
0.0	382.0	1075.9	2405.8	3145.8
0.0	384.6	1276.1	2301.1	3142.4
0.0	393.6	1793.6	2326.4	3201.8
107.0	426.8	1987.6	2408.8	3217.9
102.9	313.0	2047.7	2472.7	3255.6
100.8	304.9	2090.4	2500.5	3299.0
99.2	293.2	2106.9	2474.7	3327.4
96.7	357.0	1841.2	2360.4	3331.6
95.2	465.3	1205.1	2360.3	3336.9
91.7	1036.1	1695.4	2484.1	3396.9
81.1	1006.9	1573.6	2480.3	3261.6
333.3	996.1	1534.3	2527.8	3281.3
84.5	795.2	1475.6	2641.7	3254.2
0.0	894.4	1982.3	2797.6	3439.3
0.0	888.8	2049.9	2820.9	3479.6
315.8	466.6	1719.8	2676.7	3376.2
0.0	458.5	1963.0	2656.7	3375.7
0.0	468.0	1964.1	2583.9	3307.9
0.0	335.2	1969.9	2515.6	3266.1
0.0	385.8	1955.7	2452.1	3315.8
109.6	435.3	1873.3	2439.9	3305.2
105.5	447.8	1811.2	2391.6	3284.3
106.7	442.3	1758.1	2388.1	3258.7
108.3	463.2	1694.5	2398.6	3279.4
108.3	485.3	1644.6	2375.2	3244.7
109.7	500.0	1587.2	2355.7	3205.6
110.4	496.6	1551.3	2335.9	3167.7
111.0	544.5	1492.7	2312.2	3187.0
108.7	799.5	1531.2	2390.6	3197.7
107.7	760.6	1607.0	2543.9	3377.2
107.1	803.5	1597.7	2550.0	3495.5
116.5	947.5	1605.6	2612.9	3501.5
107.1	918.4	1744.2	2762.4	3510.5
0.0	755.8	1725.9	2554.4	3474.8
0.0	665.8	1530.2	2488.7	3561.3
0.0	783.2	1689.2	2417.8	3463.4
108.1	614.1	1765.6	2392.9	3381.2
0.0	647.8	1765.0	2388.6	3317.9
0.0	685.8	1781.5	2400.4	3340.9
0.0	480.8	1770.9	2398.3	3384.1
0.0	474.7	1742.8	2407.3	3360.0
118.2	511.6	1735.8	2412.9	3303.7
102.1	577.0	1680.5	2414.1	3376.2
98.9	612.8	1650.4	2402.0	3377.3
96.0	629.9	1576.9	2395.4	3298.4
92.2	661.5	1512.3	2378.1	3239.8
89.6	673.1	1464.7	2347.7	3148.9
88.2	521.8	1328.3	2293.8	3117.0
88.2	442.7	1271.4	2355.9	3273.8
84.5	300.0	1341.9	2397.8	3478.2
90.6	310.1	1354.8	2353.9	3510.3
88.2	309.5	1323.1	2327.5	3305.8
89.6	378.9	1393.9	2325.7	3246.3
103.4	656.3	1500.2	2391.9	3267.3
99.2	886.4	1458.3	2529.8	3227.5
102.6	726.2	1353.6	2541.2	3222.9
0.0	732.0	1303.9	2540.7	3274.0
0.0	749.4	1390.6	2596.9	3315.0
230.8	758.0	1370.4	2522.7	3418.7
0.0	782.1	1324.3	2572.2	3466.7
400.0	766.6	1329.3	2509.3	3562.1
0.0	772.3	1354.5	2446.4	3526.3
230.8	791.3	1415.6	2466.6	3449.6
229.5	826.0	1443.4	2631.8	3509.3
0.0	849.5	1616.8	2678.8	3501.3
