0.0	0.0	0.0	0.0	0.0
0.0	0.0	0.0	0.0	0.0
0.0	0.0	0.0	0.0	0.0
0.0	748.0	1474.2	2603.8	3449.9
0.0	784.9	1531.4	2553.9	3401.7
0.0	871.6	1654.5	2631.5	3467.2
0.0	631.1	1568.7	2560.3	3367.9
0.0	708.7	1600.0	2595.4	3453.3
0.0	964.1	1671.3	2613.4	3425.3
0.0	828.1	1501.2	2420.0	3346.8
0.0	721.6	1477.5	2459.3	3360.2
120.0	791.1	1493.9	2631.6	3379.6
0.0	739.3	1561.8	2532.4	3362.4
0.0	810.4	1682.8	2577.4	3309.4
0.0	899.1	1783.9	2718.0	3344.2
0.0	708.6	1774.1	2626.7	3414.0
0.0	1061.3	1854.5	2625.0	3423.1
0.0	1005.9	1760.4	2641.4	3404.9
0.0	802.0	1626.4	2533.9	3416.4
91.6	827.2	1760.7	2482.3	3446.5
70.6	855.6	1552.7	2457.5	3348.5
0.0	857.5	1449.4	2428.8	3380.0
0.0	613.0	1618.9	2493.6	3485.1
0.0	635.9	1694.3	2519.1	3452.7
0.0	542.9	1654.3	2372.3	3322.8
0.0	511.2	1593.2	2278.7	3162.5
0.0	480.9	1565.7	2044.2	3082.0
111.0	464.9	1562.9	1865.4	3060.6
111.1	461.9	1561.7	1831.3	2993.8
107.8	438.9	1576.1	1785.1	2993.7
105.9	441.5	1598.2	1785.6	2967.1
103.3	414.0	1606.9	1828.5	2942.2
101.4	420.3	1616.3	2463.5	3050.0
99.4	447.8	1802.3	2628.8	3514.4
95.4	804.5	2222.4	3096.4	3693.6
91.6	903.6	2381.8	3039.2	3702.6
85.7	990.4	2253.1	3059.1	3718.6
75.5	1108.7	1997.2	3044.6	3637.1
82.2	1187.2	1925.0	2691.4	3477.0
0.0	774.0	1563.9	2450.8	3366.6
0.0	707.0	1501.5	2402.3	3335.9
0.0	344.7	1137.0	2308.5	2904.9
0.0	343.7	1130.0	2322.0	2799.6
113.2	322.6	1176.3	2349.2	3237.8
109.1	364.4	1315.8	2276.1	3471.9
108.1	553.9	1346.1	2239.5	3426.2
112.2	592.8	1308.0	2211.8	3363.1
110.6	608.9	1254.0	2149.9	3336.8
111.0	632.2	1202.5	2142.5	3300.0
112.7	624.5	1168.5	2166.0	3269.5
113.5	604.7	1159.7	2144.1	3264.3
115.3	566.5	1186.9	2129.1	3265.6
116.7	479.5	1249.0	2087.9	3247.7
116.3	465.4	1310.0	2148.1	3170.0
115.5	416.9	1434.3	2291.2	3107.4
114.2	334.7	1493.8	2527.4	3195.5
110.8	601.7	1529.1	2463.0	3167.4
92.3	596.6	1618.1	2493.7	3305.3
93.8	1136.7	1871.5	2534.7	3263.7
169.0	820.3	1900.0	2623.7	3345.0
0.0	988.2	2247.1	2705.6	3514.9
0.0	681.6	2236.7	2706.8	3467.3
230.8	377.1	2106.5	2743.0	3398.4
148.1	1276.8	2188.3	2746.6	3409.1
79.5	941.0	2101.8	2576.9	3392.2
0.0	908.6	1736.9	2506.5	3323.3
0.0	751.9	1733.5	2441.5	3325.8
100.8	752.4	1770.9	2456.5	3356.5
0.0	634.4	1718.4	2429.4	3271.2
0.0	623.3	1719.7	2211.8	3223.6
134.7	638.4	1713.9	2253.0	3375.7
120.9	630.3	1726.9	2290.3	3431.8
119.5	636.5	1768.0	2358.4	3301.3
119.1	637.1	1759.0	2141.2	2948.3
118.0	653.9	1737.1	2064.1	2919.0
118.2	630.2	1720.6	2115.8	3218.5
117.8	616.2	1696.7	2092.3	3382.9
117.5	605.4	1668.5	2050.0	3402.6
116.9	629.8	1619.9	2075.8	3437.4
116.6	625.0	1586.6	2057.7	3334.8
115.5	630.0	1571.9	2104.8	3423.4
114.5	628.6	1537.9	2184.2	3520.0
113.4	461.2	1449.4	2252.9	3555.7
111.1	436.5	1411.0	2279.4	3611.0
105.2	359.7	1500.9	2379.1	3580.1
97.6	829.0	1772.9	2623.4	3683.6
101.7	798.3	1816.0	2703.9	3873.1
342.9	895.8	1774.4	2668.8	3838.6
0.0	899.6	1946.4	2737.3	3721.6
139.5	955.6	2017.2	2854.7	3658.4
0.0	969.2	1912.4	2788.7	3605.4
521.7	812.9	1764.5	2679.4	3601.4
0.0	861.1	1770.9	2543.1	3531.4
0.0	729.1	1793.5	2462.9	3516.1
90.2	339.8	1355.2	2409.4	3337.6
0.0	371.7	1135.6	2360.4	2758.1
0.0	354.9	1120.2	2212.1	2511.6
108.4	338.0	1179.0	2197.6	2528.7
106.3	322.3	1317.7	2350.2	2762.5
105.3	601.6	1489.9	2336.6	3346.3
107.0	739.5	1527.4	2349.0	3489.3
106.9	746.2	1469.2	2378.2	3286.2
99.9	714.9	1402.7	2119.6	3155.9
99.1	734.5	1377.8	2168.9	3143.6
99.1	774.2	1335.0	2254.5	3219.2
99.2	802.5	1319.3	2274.7	3257.8
97.7	809.2	1281.9	2185.5	3239.2
98.2	791.0	1250.0	2188.6	3152.5
98.4	777.0	1252.9	2128.9	3086.1
97.6	802.0	1252.8	2119.8	3033.7
97.6	782.8	1218.2	2177.2	3149.1
96.8	777.4	1170.0	2220.3	3397.5
97.6	761.1	1159.0	2153.5	3086.8
96.8	734.2	1152.3	2150.6	3060.3
97.6	689.0	1157.1	2172.4	3040.2
97.6	653.0	1134.9	2175.4	2987.8
99.2	606.9	1140.2	2191.2	3010.1
98.4	582.7	1162.6	2192.8	3120.0
94.5	511.7	1127.9	2199.6	3076.2
92.3	530.2	1080.0	2243.5	3037.3
90.2	503.3	1053.1	2284.1	3086.1
93.8	436.5	1016.0	2255.7	3145.2
100.8	461.3	997.7	2273.2	3349.6
104.3	576.1	979.2	2308.3	3496.9
110.1	597.9	975.0	2287.8	3554.2
0.0	589.6	1034.8	2308.7	3534.4
184.6	770.2	1573.1	2441.0	3589.0
65.2	794.2	1175.5	2348.0	3586.6
0.0	760.9	1061.7	2313.8	3572.5
400.0	726.0	1067.8	2301.1	3589.1
0.0	764.6	1054.5	2318.6	3654.5
0.0	735.5	1025.8	2293.3	3604.6
111.1	726.2	1027.2	2266.5	3506.0
109.1	719.2	1079.8	2363.1	3586.9
105.3	709.2	1091.3	2523.0	3602.5
106.3	698.3	1062.0	2526.8	3609.1
105.1	709.5	1044.5	2514.4	3586.7
100.8	725.4	1035.7	2522.1	3473.4
103.4	634.2	999.2	2556.0	3379.6
103.4	606.9	976.3	2572.6	3386.6
101.7	516.4	980.0	2597.1	3402.9
101.7	470.9	933.4	2623.0	3484.4
103.4	471.8	1022.8	2616.2	3538.2
99.2	560.0	1115.3	2537.0	3485.5
101.7	591.9	1076.1	2427.2	3433.2
102.6	606.8	1106.4	2409.0	3445.4
98.4	665.2	1135.9	2386.1	3413.2
91.6	675.1	1147.2	2403.2	3357.8
92.3	684.5	1098.5	2366.1	3289.7
94.5	658.4	1111.4	2329.8	3346.1
96.0	619.6	1153.0	2364.8	3451.8
98.4	614.8	1174.5	2329.0	3369.6
99.2	611.1	1234.1	2302.1	3157.7
100.0	576.1	1280.4	2312.4	3215.1
96.8	584.1	1322.9	2335.5	3370.6
95.2	561.8	1337.0	2358.6	3436.5
93.8	663.0	1502.7	2620.9	3614.7
90.2	772.2	1553.2	2689.6	3759.7
80.0	821.1	1636.7	2868.1	3762.8
571.4	1305.8	2178.6	3202.6	3749.7
214.3	1337.6	2168.9	3248.2	3821.8
0.0	1262.5	1989.0	2743.8	3846.8
0.0	628.0	1552.5	2504.9	3842.8
0.0	1036.2	1576.3	2654.1	3804.8
0.0	1279.1	1757.6	2705.4	3727.1
122.4	857.3	1827.5	2626.6	3561.5
0.0	840.6	1791.7	2684.4	3555.6
0.0	720.8	1780.1	2694.3	3502.3
0.0	777.3	1915.9	2614.6	3445.0
63.5	890.8	1956.8	2518.8	3458.8
400.0	396.7	1964.9	2432.0	3365.1
0.0	431.9	1952.9	2388.7	3317.3
0.0	430.2	1947.2	2331.6	3344.0
113.3	433.2	1937.5	2270.5	3336.5
104.4	424.6	1915.9	2302.7	3337.5
106.8	413.8	1885.7	2369.0	3294.1
104.8	413.3	1817.9	2316.3	3337.8
103.1	459.8	1793.2	2293.3	3407.4
99.4	407.7	1856.8	2308.8	3414.7
98.8	411.0	1912.2	2373.6	3405.0
99.8	466.3	1970.0	2429.5	3407.9
99.6	594.0	1986.4	2449.0	3376.2
99.2	740.2	1934.0	2481.3	3359.0
97.7	649.9	1902.8	2428.2	3315.0
96.9	589.8	1818.9	2285.2	3394.1
96.9	540.5	1608.3	2205.8	3261.3
93.4	512.5	1498.3	2252.3	3224.4
92.6	532.8	1564.5	2134.5	3283.8
95.2	601.5	1469.1	2018.0	3320.1
94.9	657.7	1316.6	2035.3	3320.2
93.3	627.3	1178.1	2087.8	3418.2
92.5	712.8	1100.6	2148.7	3441.0
91.4	649.5	1012.5	2145.7	3401.3
91.8	606.1	955.4	2140.9	3440.1
92.1	568.0	935.9	2121.3	3429.3
91.6	562.3	923.2	2118.2	3249.2
91.6	560.0	836.7	2127.4	3114.0
91.6	596.8	926.5	2149.5	3196.7
92.3	612.2	923.8	2169.7	3262.7
90.9	593.6	875.8	2149.1	3155.6
92.5	646.4	892.5	2135.8	3133.3
93.0	626.4	962.2	2094.4	3112.2
96.0	664.3	1048.1	2110.9	3094.1
93.8	622.1	1156.1	2129.5	3092.9
93.8	635.5	1283.7	2120.9	3133.6
93.8	620.8	1370.7	2147.2	3125.7
94.5	630.1	1463.5	2179.5	3165.8
93.8	628.4	1540.2	2219.5	3179.5
93.8	634.4	1601.1	2238.7	3192.0
93.8	642.5	1653.8	2274.4	3243.9
92.9	608.7	1698.8	2285.7	3283.6
92.9	601.3	1725.0	2251.2	3211.3
91.7	597.8	1773.5	2267.5	3192.6
90.3	543.1	1829.3	2318.2	3195.2
88.8	534.6	1844.3	2318.0	3225.9
88.0	526.8	1823.7	2269.3	3192.4
87.0	517.7	1844.1	2234.5	3199.5
85.1	556.8	1901.6	2316.9	3288.7
84.9	611.6	1939.3	2408.7	3255.3
82.3	750.9	1919.0	2383.4	3339.8
82.2	755.4	1884.3	2336.7	3353.9
79.5	833.6	1910.2	2382.2	3316.6
70.8	812.9	1902.2	2425.5	3415.4
64.5	820.3	1939.8	2615.4	3506.7
70.2	821.8	1847.3	2625.6	3422.4
0.0	773.5	1845.9	2655.5	3397.9
0.0	858.8	1830.0	2673.8	3412.2
