0.0	0.0	0.0	0.0	0.0
0.0	0.0	0.0	0.0	0.0
0.0	0.0	0.0	0.0	0.0
0.0	786.4	1715.6	2592.1	3476.7
0.0	988.1	1762.1	2626.6	3482.2
0.0	652.5	1852.1	2653.1	3489.5
0.0	741.2	1695.4	2644.8	3510.4
0.0	573.6	1594.1	2654.9	3520.9
0.0	748.2	1613.6	2521.9	3413.0
0.0	894.4	1754.9	2566.8	3398.1
0.0	931.1	1833.1	2652.6	3517.1
0.0	837.0	1820.0	2612.8	3545.1
0.0	955.6	1621.4	2543.3	3485.1
0.0	914.0	1715.9	2627.8	3598.2
0.0	879.6	1806.2	2563.8	3452.5
0.0	892.7	1764.2	2604.3	3461.3
166.7	963.3	1766.6	2822.2	3650.4
0.0	800.9	1716.4	2981.8	3691.9
0.0	822.8	1916.3	3014.7	3732.5
0.0	751.6	1656.5	2866.7	3717.9
0.0	985.1	1962.8	2944.5	3788.7
0.0	913.4	1989.6	3025.2	3724.5
0.0	817.6	2100.8	3131.3	3766.6
0.0	932.2	2058.7	3190.7	3891.6
0.0	984.6	2103.8	3231.7	3945.3
0.0	1010.2	1961.3	3253.6	3832.0
0.0	515.3	1633.1	3207.5	3680.7
230.8	573.4	1709.7	3234.4	3749.8
292.7	780.3	1936.8	3138.0	3757.5
87.6	1126.9	1981.7	3204.4	3698.4
63.8	753.6	1727.0	3072.3	3614.2
0.0	471.6	1537.5	2702.6	3528.1
0.0	408.2	1473.0	2581.9	3511.8
160.0	358.3	1485.3	2447.5	3537.9
144.6	362.1	1490.9	2523.4	3602.3
150.0	384.5	1497.8	2498.3	3649.9
152.1	388.8	1483.6	2488.7	3624.6
154.0	384.9	1465.0	2493.9	3600.8
155.8	401.3	1442.5	2544.3	3518.1
157.1	372.5	1421.3	2522.5	3428.3
155.8	407.1	1397.5	2514.5	3295.4
155.8	349.0	1381.4	2477.2	3196.8
155.8	388.6	1366.7	2535.6	3220.4
151.9	351.6	1351.5	2556.9	3420.1
150.0	369.0	1333.6	2616.1	3782.7
150.0	370.4	1320.3	2598.2	3764.8
150.0	363.8	1318.3	2576.6	3798.8
144.6	356.8	1288.3	2539.2	3884.4
142.9	335.3	1292.2	2542.4	3888.7
141.2	301.9	1281.6	2615.0	3897.5
139.5	280.7	1300.3	2620.6	3878.2
139.5	291.8	1187.9	2620.3	3897.4
136.4	272.9	1060.5	2655.0	3924.9
133.3	271.9	1030.8	2641.8	3913.6
134.8	278.1	1290.8	2572.6	3917.5
133.3	274.0	1401.9	2620.7	3801.8
122.4	339.2	1454.8	2771.0	3730.1
120.0	330.6	1503.8	2866.8	3746.5
116.5	961.4	1770.7	3109.9	3771.0
110.1	829.5	1852.9	3203.7	3797.4
0.0	360.3	1679.5	3192.3	3851.6
255.3	814.6	1690.0	3292.3	3951.5
500.0	455.3	1746.5	3208.9	3827.2
413.8	949.2	1818.9	3122.9	3742.7
76.9	454.6	1890.8	3162.2	3865.0
0.0	490.9	1965.8	3172.3	3859.0
0.0	788.3	1716.5	2789.4	3645.3
89.6	660.0	1585.3	2704.1	3646.7
86.3	370.6	1436.7	2654.5	3593.6
0.0	450.0	1410.3	2565.2	3575.7
129.0	476.3	1411.5	2513.6	3532.7
121.2	491.8	1417.9	2465.2	3521.6
119.4	487.0	1408.6	2508.0	3584.2
117.3	469.5	1419.5	2542.5	3553.0
114.9	477.3	1431.6	2546.0	3588.9
110.0	458.4	1461.4	2558.1	3679.3
107.1	428.3	1440.6	2543.3	3674.1
107.2	407.8	1412.2	2548.0	3727.8
109.1	441.8	1352.7	2544.8	3590.5
109.9	239.8	1260.8	2451.6	3396.9
102.8	214.9	1496.6	2425.1	3473.5
108.1	271.4	1354.9	2478.1	3508.4
103.4	316.4	1350.7	2543.5	3570.1
217.4	417.8	1440.2	2583.2	3599.8
0.0	420.4	1456.8	2595.1	3709.7
114.3	446.9	1454.5	2557.5	3736.3
107.1	463.6	1496.2	2542.5	3718.8
100.8	489.5	1536.8	2520.0	3643.0
96.8	521.7	1517.6	2501.1	3535.3
95.2	756.2	1581.6	2509.1	3522.7
95.4	565.5	1592.1	2463.6	3426.2
96.6	553.3	1638.7	2443.6	3300.7
87.1	551.7	1617.1	2411.9	3292.4
90.4	573.5	1605.1	2457.5	3330.9
91.3	548.4	1598.3	2443.1	3419.9
93.6	553.3	1638.8	2373.3	3527.5
97.7	524.9	1641.0	2419.7	3591.9
100.6	503.4	1592.8	2438.2	3568.7
102.6	515.3	1549.1	2424.7	3590.2
100.9	531.2	1539.3	2421.7	3538.7
99.2	556.0	1528.8	2393.1	3555.0
97.5	559.9	1520.5	2344.0	3525.6
98.0	558.0	1485.8	2302.7	3351.7
100.0	540.8	1477.5	2288.6	3350.0
103.4	608.9	1449.3	2362.2	3513.0
102.8	618.8	1439.0	2434.0	3494.8
98.5	621.1	1400.5	2388.9	3454.6
98.4	621.3	1341.7	2359.7	3394.7
98.4	602.7	1292.4	2328.7	3361.6
96.8	576.0	1280.8	2310.6	3316.1
96.8	653.0	1377.6	2329.7	3365.7
93.0	764.1	1683.0	2487.5	3424.4
87.6	1024.8	1801.9	2604.7	3504.5
81.1	970.6	1692.0	2549.1	3524.4
0.0	1022.1	1850.6	2674.8	3618.1
260.9	996.6	1937.3	2729.4	3621.5
0.0	885.3	1885.3	2689.8	3538.6
131.9	849.9	1793.8	2578.7	3541.5
0.0	924.6	1927.6	2467.0	3622.3
0.0	913.6	1922.2	2614.9	3688.7
0.0	710.5	1717.8	2539.4	3681.4
0.0	314.0	1735.9	2395.5	3728.0
0.0	201.6	1541.3	2340.3	3745.6
0.0	200.0	1363.9	2389.6	3727.7
0.0	200.0	1243.1	2388.3	3541.8
94.5	480.9	1364.8	2379.7	3182.0
203.4	518.6	1488.0	2382.4	3180.0
98.4	696.8	1529.2	2404.7	3226.3
93.8	656.2	1532.6	2416.1	3269.7
93.8	609.5	1575.2	2431.4	3263.1
95.2	529.6	1605.6	2432.8	3309.3
95.2	536.3	1587.5	2454.7	3327.4
98.4	523.2	1573.3	2463.3	3364.6
96.8	543.3	1572.9	2465.9	3252.5
98.4	544.9	1558.6	2460.2	3296.2
98.4	537.0	1546.6	2442.7	3303.7
98.4	555.4	1541.3	2449.9	3388.8
99.2	568.3	1522.8	2425.0	3405.0
100.0	558.2	1506.3	2494.5	3400.6
101.7	541.7	1485.6	2458.8	3463.1
103.4	538.5	1467.6	2491.5	3359.1
106.2	527.6	1481.0	2463.0	3192.2
107.0	520.5	1482.7	2452.4	3149.1
106.2	492.7	1443.4	2497.9	3140.4
108.1	445.6	1382.5	2503.0	3466.8
110.1	398.8	1315.7	2414.1	3695.7
111.1	391.2	1103.2	2501.6	4022.7
110.1	380.5	1291.3	2552.4	3793.9
110.1	327.7	1372.2	2568.6	3643.3
108.1	459.1	1436.5	2520.1	3450.3
108.1	261.4	1483.4	2571.5	3559.1
106.2	242.4	1483.7	2426.3	3590.6
105.3	574.4	1530.5	2362.2	3448.6
97.6	650.5	1532.4	2395.8	3377.6
98.8	725.9	1552.4	2442.8	3469.3
97.6	818.7	1541.3	2404.2	3476.9
94.5	839.5	1570.8	2392.2	3462.2
93.8	818.1	1530.3	2396.1	3468.8
96.0	769.3	1538.5	2432.1	3489.2
0.0	724.5	1557.0	2495.6	3521.1
0.0	656.8	1534.5	2366.9	3367.9
112.1	676.9	1453.6	2272.8	3271.7
0.0	776.2	1485.7	2314.9	3238.3
218.2	659.5	1509.2	2319.0	3346.4
0.0	662.4	1513.1	2258.3	3376.4
230.8	711.2	1443.9	2236.3	3281.1
187.5	741.2	1434.2	2328.6	3437.0
92.3	739.4	1382.4	2479.0	3492.8
0.0	811.6	1343.0	2365.2	3425.7
