0.0	0.0	0.0	0.0	0.0
0.0	0.0	0.0	0.0	0.0
0.0	0.0	0.0	0.0	0.0
0.0	639.1	1685.2	2395.1	3149.4
0.0	611.1	1631.5	2395.4	3244.6
0.0	663.5	1554.2	2490.1	3364.6
0.0	633.8	1525.5	2517.4	3364.5
0.0	696.9	1532.2	2381.8	3339.9
0.0	757.0	1654.5	2535.6	3393.5
0.0	568.6	1326.6	2404.0	3385.6
0.0	699.5	1380.9	2584.0	3388.9
0.0	732.8	1566.6	2601.2	3366.5
0.0	772.1	1682.9	2350.6	3260.9
0.0	753.5	1688.8	2232.9	3237.9
0.0	683.9	1653.7	2364.0	3301.2
0.0	662.1	1617.8	2364.2	3349.6
0.0	655.4	1616.6	2352.8	3354.0
0.0	637.3	1611.1	2399.4	3330.7
0.0	613.4	1636.8	2351.5	3329.9
0.0	620.7	1636.8	2352.0	3298.6
106.2	631.8	1638.2	2369.0	3335.0
107.6	632.7	1636.4	2331.1	3330.1
107.8	629.5	1621.3	2356.4	3293.3
107.9	618.1	1621.1	2370.5	3316.6
109.0	609.3	1617.6	2404.2	3329.2
109.4	584.2	1607.6	2453.5	3367.2
111.5	526.2	1589.2	2443.7	3452.9
113.8	443.1	1564.8	2446.7	3530.5
114.7	410.9	1543.3	2477.2	3679.2
114.0	611.8	1504.5	2609.3	3644.2
110.1	663.4	1526.1	3042.0	3760.0
105.3	518.5	1631.7	3152.2	3716.7
0.0	787.0	1629.0	3117.5	3538.6
0.0	794.3	1562.6	2689.5	3377.3
0.0	641.1	1538.2	2487.2	3360.3
99.2	707.0	1512.5	2549.0	3419.5
108.1	634.2	1651.4	2544.4	3467.4
108.1	645.2	1646.6	2458.7	3380.6
109.7	694.8	1351.2	2345.1	3290.1
109.4	490.2	1215.2	2258.2	3325.2
109.7	448.7	948.6	2229.6	3301.7
108.9	410.7	952.0	2233.3	3362.8
110.3	344.1	1049.9	2226.8	3325.5
112.1	364.1	1206.4	2214.4	3283.9
113.4	337.2	1458.4	2229.2	3319.3
114.2	329.1	1728.6	2237.9	3290.9
114.1	329.8	1945.1	2293.9	3217.1
113.0	391.2	2021.8	2354.7	3197.8
111.7	340.9	2043.7	2439.9	3255.0
111.7	329.2	2056.9	2491.6	3266.1
110.1	343.3	2041.7	2512.7	3315.3
110.1	358.3	2013.4	2533.2	3365.2
111.5	391.8	2000.2	2533.7	3256.9
111.1	419.4	1965.0	2532.6	3306.7
113.4	435.0	1964.3	2516.4	3335.3
114.6	479.8	1983.3	2507.7	3384.2
115.7	450.0	1991.5	2500.6	3400.0
118.4	436.7	2003.0	2496.9	3369.8
121.7	432.2	2029.2	2559.1	3455.6
124.7	420.0	2066.5	2595.2	3354.3
126.6	406.3	2113.5	2563.8	3430.2
128.5	387.8	2138.3	2547.4	3538.5
130.7	401.3	2150.5	2583.3	3589.1
131.3	400.8	2174.2	2645.1	3671.6
130.0	373.3	2173.4	2586.9	3653.7
125.5	339.2	2115.8	2467.3	3487.1
121.8	344.8	1853.3	2341.5	3427.2
104.3	348.8	1526.9	2330.2	3444.0
68.6	461.4	1579.7	2430.1	3373.0
67.1	372.9	1732.7	2445.4	3270.2
0.0	378.4	1553.4	2323.4	3160.6
315.8	448.6	1246.1	2317.2	3314.0
0.0	596.9	1163.0	2377.6	3484.8
226.4	621.9	1035.9	2343.1	3427.3
0.0	464.3	908.6	2282.6	3364.1
0.0	412.2	903.9	2261.5	3376.6
0.0	303.8	935.3	2257.2	3331.6
0.0	378.4	1111.1	2244.2	3425.3
118.0	329.0	1320.4	2241.8	3326.3
119.7	389.6	1574.0	2172.3	3366.2
119.8	342.8	1809.2	2244.0	3271.6
119.6	391.4	1959.2	2321.9	3298.0
118.3	412.6	2023.2	2372.7	3259.6
116.6	292.7	2069.4	2395.6	3347.1
113.8	334.2	2106.8	2461.1	3364.3
112.5	363.6	2088.7	2573.8	3318.0
111.1	425.3	1995.3	2664.0	3327.8
115.4	478.9	1743.4	2491.5	3375.2
105.3	1066.9	1893.6	2573.1	3498.9
83.3	1010.4	1873.5	2589.8	3505.1
0.0	1020.3	1881.8	2638.0	3512.9
0.0	1130.3	2102.3	2787.7	3626.4
0.0	887.1	1813.4	2677.9	3624.6
0.0	705.3	1610.4	2614.4	3611.6
500.0	662.2	1529.3	2530.7	3485.9
500.0	584.7	1431.5	2408.9	3394.5
400.0	804.3	1387.3	2403.6	3385.0
0.0	783.2	1315.2	2431.2	3337.9
0.0	640.9	1159.9	2443.2	3290.1
0.0	557.5	1037.9	2439.3	3313.4
0.0	494.8	973.8	2451.5	3311.5
120.9	484.2	919.4	2447.0	3320.2
118.6	489.6	896.9	2495.7	3287.8
116.3	495.5	889.1	2511.9	3309.2
114.2	521.0	880.1	2512.0	3309.8
114.3	548.2	862.3	2522.3	3243.3
112.1	541.6	838.7	2543.2	3173.0
110.7	569.0	812.0	2560.2	3113.8
109.1	544.6	807.7	2551.1	3170.2
107.9	561.0	844.9	2517.7	3208.1
107.1	563.4	885.2	2485.3	3184.0
102.6	567.1	901.1	2419.8	3359.9
100.8	575.6	907.5	2349.9	3280.6
97.6	582.0	962.1	2298.6	3175.7
93.8	606.1	984.6	2200.2	3182.2
92.3	675.6	1069.2	2111.0	3205.1
87.6	720.8	1123.7	2050.5	3208.5
85.1	748.1	1151.4	2147.8	3281.2
93.8	516.4	1185.1	2329.2	3240.6
73.2	1094.9	1471.2	2534.2	3396.4
71.9	1038.4	1656.0	2670.6	3488.0
0.0	810.3	1690.1	2644.9	3418.0
0.0	725.6	1579.3	2484.8	3354.3
375.0	621.4	1412.5	2546.7	3353.6
0.0	717.2	1602.0	2531.7	3369.6
0.0	779.4	1772.8	2601.4	3512.4
0.0	797.6	1639.3	2558.5	3502.6
0.0	770.4	1605.8	2548.9	3398.0
0.0	822.2	1692.6	2584.9	3386.4
0.0	869.7	1705.9	2684.6	3525.6
0.0	897.2	1752.8	2934.5	3623.5
0.0	806.2	1734.8	2833.0	3632.3
0.0	694.1	1655.5	2589.6	3658.8
0.0	581.8	1579.3	2454.7	3563.9
0.0	721.6	1483.6	2474.5	3497.5
0.0	843.7	1531.5	2424.7	3483.1
218.2	635.7	1475.3	2347.0	3544.6
279.1	730.3	1494.4	2331.8	3534.6
0.0	769.9	1484.6	2393.3	3478.9
255.3	759.4	1368.3	2304.1	3537.7
0.0	716.9	1368.5	2341.7	3576.7
0.0	731.7	1350.0	2396.1	3601.9
461.5	838.0	1300.3	2402.2	3590.4
545.5	565.0	1250.4	2330.3	3482.0
545.5	959.5	1419.1	2551.5	3565.3
461.5	918.4	1432.5	2611.1	3556.7
0.0	899.5	1653.3	2547.4	3565.1
480.0	860.8	1485.0	2427.1	3569.7
0.0	950.0	1663.1	2545.1	3591.4
121.2	996.7	1822.4	2645.9	3630.8
0.0	993.5	1843.9	2726.3	3554.3
0.0	806.5	1805.1	2557.6	3496.0
0.0	818.3	1749.4	2555.3	3600.7
0.0	848.4	1741.4	2543.2	3626.4
0.0	798.5	1796.0	2628.5	3567.2
0.0	861.7	1774.7	2713.9	3657.8
0.0	1065.1	1794.3	2816.0	3743.0
73.6	856.7	1772.1	2695.6	3744.9
0.0	882.0	1755.1	2509.5	3668.1
571.4	782.3	1715.6	2703.9	3723.3
0.0	831.1	1749.0	2866.1	3755.6
0.0	1218.9	1849.2	2837.4	3733.7
141.2	788.5	1852.6	2831.9	3858.8
0.0	746.9	1841.6	2772.7	3747.5
0.0	658.2	1902.1	2764.3	3717.5
0.0	760.9	1748.9	2783.8	3697.5
0.0	914.3	1782.5	2733.2	3715.0
0.0	1012.0	1912.5	2793.7	3696.3
0.0	940.1	1893.8	2756.6	3667.0
0.0	896.2	1882.5	2940.0	3717.8
0.0	1013.9	1959.4	2862.6	3707.4
71.4	880.2	1920.0	2695.0	3573.6
300.0	1118.6	1935.7	2775.1	3624.9
0.0	941.3	1849.5	2743.3	3717.6
0.0	842.3	1849.4	2624.1	3614.9
0.0	809.5	1781.5	2612.4	3676.2
0.0	823.7	1664.7	2612.6	3694.7
75.9	784.1	1662.0	2610.6	3612.7
0.0	831.9	1755.9	2722.6	3672.9
0.0	900.4	1749.8	2684.0	3633.9
0.0	788.2	1670.3	2530.0	3486.9
0.0	772.3	1704.7	2465.9	3465.6
0.0	814.8	1646.4	2444.8	3411.1
0.0	1027.4	1711.6	2575.4	3515.0
0.0	1013.4	1700.9	2687.7	3493.9
0.0	974.3	1739.4	2576.9	3371.9
0.0	717.1	1750.5	2594.2	3398.6
