0.0	0.0	0.0	0.0	0.0
0.0	0.0	0.0	0.0	0.0
0.0	0.0	0.0	0.0	0.0
0.0	773.0	1709.9	2623.1	3622.2
0.0	768.3	1710.0	2599.8	3488.8
0.0	1004.9	1796.8	2645.4	3397.6
64.2	940.3	1796.9	2618.6	3403.1
75.9	783.6	1629.0	2525.0	3380.5
0.0	1000.3	1728.3	2598.4	3378.0
76.9	823.0	1523.5	2447.2	3367.4
0.0	846.8	1425.0	2355.1	3344.0
146.3	764.6	1315.8	2369.3	3252.8
136.4	551.3	1271.7	2347.6	3201.6
0.0	606.7	1240.2	2356.2	3258.3
0.0	791.4	1246.0	2395.4	3314.0
461.5	749.9	1218.8	2231.2	3204.5
0.0	445.1	1211.5	2261.6	3225.3
0.0	464.9	1176.4	2309.9	3225.5
0.0	338.0	1147.0	2293.3	3282.0
0.0	409.9	1115.7	2225.4	3268.8
146.3	415.0	1079.3	2212.1	3143.0
141.2	370.3	1040.6	2252.3	3203.2
151.8	355.1	978.8	2237.7	3251.1
154.4	346.3	953.0	2224.5	3170.8
157.5	342.1	931.2	2248.5	3127.4
158.6	346.1	919.8	2285.2	3082.8
160.2	339.9	863.3	2322.0	3058.7
161.3	338.4	810.2	2468.0	3084.8
160.0	351.4	771.4	2775.9	3589.0
155.2	424.1	1279.4	2896.2	3670.1
150.2	427.4	1715.2	2932.9	3877.6
146.4	459.6	1977.8	3000.4	3924.8
149.8	488.9	1890.3	3073.7	3904.7
155.0	516.9	1786.6	3056.6	3890.9
155.6	536.1	1795.6	2997.4	3865.5
154.3	476.7	773.4	2756.2	3509.7
150.0	478.7	805.4	2347.5	3279.6
148.1	494.5	883.6	2868.1	3531.1
146.3	493.6	926.1	2929.2	3674.6
146.4	504.4	990.3	2860.3	3727.0
146.1	525.5	1068.3	2785.1	3628.7
146.3	519.3	1183.5	2520.0	3506.2
146.3	521.3	1258.8	2569.1	3505.0
145.6	476.9	1313.8	2564.1	3557.4
144.6	453.0	1321.7	2506.9	3772.2
143.4	424.5	1289.3	2454.3	3813.6
139.5	337.7	1536.9	2500.1	3703.3
136.4	897.4	1755.1	2598.2	3642.9
123.7	913.4	1832.9	2891.1	3740.7
103.4	781.3	1757.3	2943.6	3792.6
0.0	807.5	1808.7	3065.5	3814.5
0.0	795.9	1970.4	3095.4	3765.1
0.0	852.4	1810.8	2993.1	3679.6
352.9	885.7	1825.1	2976.1	3623.5
571.4	803.6	1839.2	2929.4	3687.3
0.0	688.5	1884.6	3326.2	3831.4
0.0	733.3	1827.2	3306.8	3910.6
193.5	866.3	1849.0	3189.9	3784.3
300.0	788.2	1821.8	3024.6	3641.6
0.0	696.4	1629.3	2846.3	3664.7
0.0	726.5	1751.3	2821.6	3625.0
63.5	884.2	1856.4	2772.2	3651.1
84.5	365.0	1499.8	2653.9	3700.8
0.0	368.3	1420.3	2617.6	3674.6
144.6	413.1	1414.0	2595.5	3682.0
141.5	463.3	1418.8	2609.4	3661.4
138.7	443.2	1411.1	2620.2	3631.2
137.5	413.5	1411.4	2634.0	3620.4
134.7	386.9	1402.5	2650.6	3604.2
130.4	393.8	1410.5	2634.7	3605.2
125.0	445.4	1487.9	2685.6	3612.3
118.8	466.5	2117.0	2952.0	3683.7
109.1	1052.2	2419.6	3268.5	3745.0
100.0	575.1	2375.2	3255.6	3818.5
0.0	632.0	2328.5	3274.6	3839.3
0.0	475.9	2267.0	3222.6	3947.5
0.0	682.0	2392.5	3225.6	3903.3
480.0	580.3	2206.4	3186.6	3725.9
196.7	844.9	2241.7	3103.5	3755.7
103.4	850.7	1915.0	2808.1	3750.7
64.5	999.1	1937.4	2708.3	3593.9
67.0	972.0	1928.3	2689.4	3470.7
76.9	830.9	1685.6	2726.2	3413.9
0.0	977.6	1752.5	2731.5	3498.1
0.0	943.2	1804.7	2621.1	3405.5
0.0	695.3	1781.1	2620.3	3432.6
0.0	514.0	1673.2	2602.8	3540.5
0.0	307.9	1738.5	2644.5	3547.6
0.0	283.3	1782.9	2607.8	3609.0
125.0	276.0	1844.1	2646.8	3681.8
124.7	271.7	1903.8	2677.5	3581.4
125.4	277.1	1962.2	2579.4	3508.4
125.2	277.8	1949.3	2583.6	3587.7
125.2	274.7	1959.9	2600.6	3423.0
124.6	264.0	1971.7	2596.1	3265.6
125.6	268.0	2014.3	2615.4	3263.1
124.8	271.0	2017.0	2513.3	3266.4
124.4	266.9	2016.3	2497.8	3292.9
123.2	261.0	2028.2	2674.7	3612.8
123.8	261.1	2030.0	2666.4	3606.5
121.3	258.1	1993.5	2569.3	3558.2
119.5	278.3	1972.0	2606.7	3596.0
116.5	374.1	1812.9	2589.2	3590.1
109.5	213.8	1662.1	2454.3	3610.8
103.2	212.6	1848.4	2674.5	3616.6
102.8	213.5	1799.0	2717.2	3493.3
106.2	209.2	1699.3	2613.4	3429.3
105.3	203.6	1590.1	2454.9	3322.4
102.6	200.3	1572.0	2482.1	3267.8
100.8	200.0	1602.8	2520.0	3385.4
100.8	200.0	1543.5	2546.9	3474.7
97.6	200.0	1502.9	2469.8	3425.4
98.4	205.8	1616.3	2421.8	3309.1
98.4	422.2	1672.6	2726.0	3398.0
101.5	798.8	1678.8	2690.3	3603.6
0.0	611.0	1605.5	2533.8	3580.8
0.0	378.4	1575.0	2410.3	3479.2
123.7	431.3	1517.1	2327.3	3382.6
112.2	462.5	1484.9	2343.4	3318.1
106.5	492.3	1459.0	2396.3	3460.1
109.6	517.8	1395.8	2453.8	3499.5
113.2	526.1	1356.9	2504.7	3549.3
112.1	535.7	1308.8	2521.4	3634.4
117.6	530.9	1275.3	2543.6	3511.8
117.6	579.1	1310.1	2664.9	3649.5
117.6	556.2	1286.8	2679.1	3691.9
116.5	557.3	1251.2	2692.1	3731.1
117.4	588.6	1244.5	2664.6	3769.6
117.6	571.8	1243.3	2623.2	3757.9
116.4	528.5	1249.4	2567.4	3769.9
116.4	564.2	1281.8	2543.4	3829.4
115.4	541.8	1313.7	2548.4	3711.9
112.7	501.9	1338.3	2555.8	3652.8
108.1	509.8	1434.4	2583.2	3700.0
105.7	529.8	1429.8	2633.9	3647.0
103.0	498.7	1445.8	2683.6	3452.9
99.2	471.8	1440.8	2580.9	3356.3
95.2	487.0	1435.9	2488.4	3513.9
90.9	294.9	1370.7	2436.4	3719.2
89.6	200.0	1666.8	2652.4	4348.9
90.9	200.0	1602.4	2584.3	3998.7
90.9	209.2	1567.9	2591.1	3767.9
89.6	249.2	1560.6	2601.0	3607.2
96.0	721.6	1753.8	2609.1	3557.9
87.0	357.0	1713.1	2623.3	3603.1
80.0	654.1	1631.7	2566.8	3650.7
77.4	670.0	1513.7	2507.6	3565.9
74.5	670.9	1645.4	2546.2	3593.3
70.6	811.9	1731.3	2557.3	3596.0
