0.0	0.0	0.0	0.0	0.0
0.0	0.0	0.0	0.0	0.0
0.0	0.0	0.0	0.0	0.0
0.0	597.6	1423.7	2482.4	3275.8
0.0	599.9	1437.8	2464.2	3335.6
0.0	681.6	1455.4	2477.3	3387.1
100.8	716.4	1506.7	2360.9	3329.8
0.0	682.9	1632.7	2541.4	3443.1
97.6	1065.7	1865.4	2770.9	3501.5
0.0	788.6	1730.4	2565.1	3565.7
0.0	690.3	1715.8	2581.2	3533.5
0.0	778.7	1741.7	2594.1	3417.4
66.3	768.9	1870.4	2624.8	3485.8
0.0	762.2	1842.9	2513.5	3499.6
0.0	816.3	1704.9	2464.0	3519.4
0.0	854.1	1733.1	2551.3	3400.2
0.0	470.3	1544.0	2558.6	3350.1
342.9	547.5	1218.2	2435.1	3379.5
0.0	523.7	1209.2	2404.0	3385.1
0.0	532.1	1258.1	2439.6	3365.2
123.2	545.9	1326.7	2507.4	3364.4
116.6	531.8	1417.9	2551.1	3435.7
116.3	486.9	1464.7	2585.5	3437.1
116.5	440.7	1397.8	2559.8	3353.7
117.3	449.4	1378.7	2555.4	3285.0
107.2	246.8	1472.0	2512.9	3294.4
95.2	374.1	1573.3	2539.0	3344.5
260.9	1075.6	1991.6	2745.8	3450.0
0.0	952.4	1972.0	2760.9	3456.5
0.0	867.4	1651.2	2747.4	3511.0
0.0	689.0	1609.5	2540.8	3350.9
0.0	600.7	1671.9	2584.3	3361.9
0.0	784.2	1741.2	2680.0	3593.1
0.0	529.1	1646.3	2618.0	3512.6
0.0	530.3	1697.6	2592.2	3366.5
0.0	574.1	1730.8	2615.1	3371.6
119.3	599.3	1753.1	2585.7	3350.5
117.2	610.8	1755.9	2555.0	3404.7
118.1	647.4	1744.2	2568.8	3366.0
119.2	666.0	1735.4	2552.4	3298.8
119.2	685.9	1715.1	2554.2	3319.3
118.8	697.3	1702.6	2517.0	3399.5
118.2	704.3	1682.6	2509.3	3446.7
118.6	699.1	1655.0	2494.6	3443.6
118.6	689.4	1671.1	2525.6	3504.7
117.8	679.8	1688.6	2546.0	3465.1
119.2	668.9	1709.4	2567.8	3514.5
119.2	614.1	1705.1	2569.5	3338.9
118.8	620.9	1712.4	2599.3	3166.8
114.0	640.5	1791.9	2628.1	3293.0
102.4	603.5	1900.3	2603.1	3441.3
115.3	645.3	1929.6	2562.2	3467.7
110.3	759.8	1877.5	2503.1	3390.9
108.2	678.5	1892.9	2487.2	3379.0
104.3	706.0	1871.4	2499.8	3381.9
100.9	672.9	1916.4	2515.1	3375.6
101.2	678.4	1898.0	2435.7	3308.0
105.5	671.8	1816.9	2350.3	3246.5
111.3	554.4	1778.4	2308.0	3220.2
120.8	520.7	1764.6	2183.0	3180.7
125.2	513.8	1677.6	2106.7	3185.6
126.3	521.7	1639.1	2065.6	3176.3
125.1	529.4	1612.8	2034.2	3191.6
122.3	519.3	1581.2	1984.5	3243.2
120.7	516.8	1550.3	1934.8	3222.9
119.1	509.5	1533.5	1922.2	3233.1
117.1	501.4	1511.1	1917.2	3253.7
117.0	500.7	1497.1	1885.1	3224.5
116.1	501.1	1488.0	1884.3	3240.6
116.1	490.2	1505.2	1860.5	3212.8
116.5	494.9	1486.6	1839.6	3215.4
116.5	485.4	1481.5	1804.3	3271.4
117.3	472.3	1510.2	1800.8	3284.2
117.6	457.3	1542.1	1791.7	3268.7
118.7	392.7	1601.6	1804.1	3226.4
119.2	406.8	1637.2	1800.9	3165.8
119.0	479.5	1659.1	1756.9	3075.8
115.1	409.7	1667.8	1813.3	3022.3
107.0	283.6	1669.3	2438.2	3313.9
99.2	755.9	1753.3	2497.2	3359.4
90.9	848.5	1871.4	2637.0	3225.9
0.0	704.5	1924.0	2644.6	3346.4
0.0	631.3	1960.5	2632.1	3434.5
0.0	800.4	1899.3	2616.5	3520.7
0.0	787.9	1720.0	2641.3	3431.2
142.9	838.6	1870.5	2680.4	3356.7
111.1	535.6	1971.3	2623.2	3463.2
0.0	417.0	1972.1	2557.2	3450.4
0.0	390.7	1971.4	2532.9	3414.6
124.9	378.4	1971.8	2463.8	3394.1
123.9	381.6	1963.2	2406.6	3399.3
124.6	373.4	1944.9	2390.0	3393.5
125.1	370.2	1945.1	2366.7	3414.4
122.4	354.7	1945.2	2388.6	3436.5
120.5	358.1	1941.6	2383.4	3425.9
119.8	352.7	1961.3	2461.0	3379.0
118.3	357.7	1962.0	2631.7	3299.8
117.5	335.7	1915.7	2559.2	3208.5
108.3	262.0	1888.5	2559.4	3182.2
114.3	234.9	1821.6	2554.3	3327.8
114.8	791.6	2063.1	2743.6	3182.4
110.3	308.1	1941.8	2692.7	3237.5
110.1	348.4	1927.8	2594.8	3337.2
116.5	340.7	1934.5	2530.8	3321.9
110.1	340.0	1913.1	2464.5	3260.8
117.6	333.3	1855.8	2377.3	3252.6
111.6	344.5	1826.7	2357.7	3234.4
108.3	436.8	1809.3	2388.3	3233.6
101.5	409.6	1806.1	2440.5	3210.0
97.9	380.5	1795.4	2458.0	3212.2
92.8	379.1	1764.1	2453.0	3214.6
90.5	373.7	1717.2	2443.5	3229.6
89.0	383.3	1707.5	2434.6	3300.4
87.0	383.7	1778.6	2470.6	3432.9
85.1	718.8	2080.8	2738.7	3399.4
83.9	904.5	2277.4	2746.1	3294.6
0.0	989.2	2370.7	2792.3	3440.7
0.0	705.8	2348.6	2832.8	3394.8
400.0	1062.9	2345.0	2810.1	3322.5
0.0	785.4	2303.0	2763.8	3328.9
0.0	940.6	2325.5	2876.6	3448.0
375.0	735.4	2276.9	2938.9	3410.2
352.9	544.9	2204.8	2564.7	3227.6
0.0	1161.7	2197.0	2610.0	3261.8
0.0	698.7	2119.8	2734.9	3332.2
0.0	1035.4	2111.7	2569.2	3332.9
0.0	567.1	1914.8	2280.9	3284.7
428.6	576.5	1771.0	2423.0	3282.7
101.7	394.6	1619.3	2179.8	3204.6
110.1	475.6	1537.1	2029.1	3095.1
0.0	458.7	1445.2	1750.6	3035.6
0.0	459.9	1464.4	1766.9	2987.1
107.9	492.2	1526.5	1819.9	2999.2
107.3	503.3	1578.2	1912.5	3015.7
106.4	456.7	1660.8	2014.1	3058.9
106.2	499.0	1692.1	2122.3	3133.3
106.1	525.4	1765.0	2223.4	3164.6
106.5	494.2	1836.7	2328.0	3210.5
107.4	495.3	1887.3	2374.6	3295.4
107.5	465.4	1959.0	2345.9	3374.9
107.1	457.5	2001.4	2352.3	3463.2
105.4	402.9	1957.8	2377.7	3598.1
98.7	750.3	1940.3	2512.4	3663.5
264.4	695.6	1940.5	2529.2	3551.3
66.3	693.4	1665.0	2442.4	3463.5
65.2	756.7	1485.1	2438.4	3422.5
0.0	733.8	1799.2	2468.9	3407.4
0.0	883.2	2231.0	2531.0	3546.5
0.0	604.9	2139.2	2615.7	3550.8
116.5	466.2	2082.4	2577.9	3499.3
0.0	402.9	2026.5	2500.0	3408.7
0.0	411.1	2043.4	2485.9	3429.9
110.1	425.0	2055.6	2576.5	3450.9
106.3	409.2	2067.7	2695.0	3470.8
104.7	390.3	2090.7	2705.5	3476.2
105.3	456.8	2094.2	2658.4	3490.8
105.5	376.3	2083.6	2539.6	3504.2
104.5	428.9	2077.0	2491.8	3539.5
103.7	347.0	1990.9	2306.6	3466.6
102.4	321.8	1835.3	2279.8	3356.9
101.6	329.1	1908.2	2272.7	3593.0
100.0	315.4	2051.8	2295.4	3590.1
99.7	310.5	2042.7	2284.4	3524.9
100.1	311.7	2092.6	2522.6	3494.9
100.0	328.8	2098.1	2673.5	3433.5
101.5	437.6	2111.0	2645.6	3407.6
101.9	444.8	2100.9	2721.9	3419.0
102.7	392.6	2082.9	2798.6	3380.4
103.0	394.9	2064.7	2812.1	3371.4
104.6	394.2	2053.8	2768.7	3371.3
103.7	397.9	2033.2	2672.9	3374.0
104.3	386.2	2012.4	2583.6	3367.8
104.0	472.4	1933.0	2336.0	3303.9
104.5	354.4	1693.3	2211.0	3228.2
102.5	359.5	1519.5	2140.7	3268.9
96.7	405.9	1474.6	2084.7	3277.3
98.9	400.9	1503.4	2122.5	3303.0
100.5	367.6	1503.2	2126.3	3266.3
100.4	385.2	1482.5	2132.3	3247.0
100.8	366.4	1467.0	2135.9	3271.2
101.7	361.9	1492.9	2169.4	3318.8
101.8	403.5	1534.8	2187.8	3350.5
101.7	431.9	1529.4	2167.7	3319.7
102.4	388.0	1524.3	2139.4	3274.9
100.8	365.6	1472.7	2153.9	3296.7
100.0	350.6	1509.6	2181.7	3278.0
98.2	319.6	1509.3	2177.7	3261.8
95.6	282.2	1508.8	2186.7	3303.4
93.0	283.4	1526.9	2245.9	3339.2
87.6	679.9	1682.6	2495.0	3521.0
255.3	670.6	1789.1	2524.2	3539.7
83.9	662.0	1630.5	2389.2	3560.8
0.0	971.0	1757.4	2613.8	3489.3
0.0	784.8	1584.4	2592.9	3302.7
0.0	741.3	1554.3	2490.2	3371.6
0.0	785.2	1717.0	2486.0	3418.6
0.0	641.3	1701.8	2477.4	3379.4
0.0	640.3	1558.5	2348.0	3357.0
0.0	569.8	1519.5	2333.3	3372.2
0.0	578.4	1561.2	2376.7	3427.7
91.0	598.9	1571.9	2370.6	3428.7
91.0	629.1	1572.0	2390.7	3464.5
91.6	653.0	1573.8	2403.8	3449.0
91.7	675.3	1580.7	2405.7	3432.4
89.2	722.6	1590.9	2409.2	3484.0
89.9	698.5	1569.5	2416.4	3471.6
88.9	709.1	1548.6	2429.4	3519.1
89.3	704.1	1524.5	2434.0	3636.2
86.9	693.7	1503.8	2400.9	3577.4
89.1	705.1	1482.0	2423.8	3448.7
89.3	693.6	1456.9	2463.6	3473.9
89.5	686.7	1450.1	2482.7	3500.4
90.1	692.3	1462.4	2481.5	3534.5
89.8	692.3	1499.4	2497.5	3566.5
88.3	691.0	1514.6	2515.2	3606.8
87.8	689.4	1549.7	2509.5	3600.9
82.5	713.4	1573.2	2526.8	3648.1
81.0	708.7	1621.4	2660.0	3561.4
88.2	651.8	1844.2	2882.0	3571.0
0.0	805.3	1816.5	2965.5	3531.3
375.0	844.8	1769.3	3051.0	3396.5
0.0	934.8	1838.5	3109.9	3304.9
0.0	620.1	1972.3	2977.9	3373.6
0.0	604.7	2074.4	2817.5	3433.1
0.0	1303.1	2205.8	2742.4	3355.7
115.4	1307.2	2146.1	2652.9	3311.7
76.4	552.0	1887.1	2530.5	3185.4
117.6	546.4	1904.2	2575.9	3257.3
0.0	522.4	1897.2	2311.1	3123.2
0.0	915.0	1793.6	2385.9	3123.3
0.0	984.9	1776.0	2307.7	3151.2
91.6	1186.7	1913.6	2297.3	3283.9
226.4	613.9	1881.7	2319.9	3293.0
0.0	447.3	1432.6	1842.4	2959.5
0.0	457.4	1448.5	1852.1	3068.9
123.7	459.0	1434.6	1790.4	3123.7
0.0	475.7	1410.4	1690.3	3015.8
0.0	466.6	1542.8	2355.3	3231.2
125.0	547.3	1515.6	2312.2	3184.4
0.0	590.7	1432.9	1695.4	3023.4
0.0	416.4	1471.2	1709.9	3090.0
226.4	615.0	1538.4	1897.5	3017.0
78.4	690.2	1510.1	2000.6	3013.2
0.0	688.0	1502.2	1892.6	3052.3
0.0	669.4	1494.3	1956.4	2976.2
148.1	577.3	1464.7	2056.7	3104.0
148.1	1110.9	1574.7	2366.9	3434.4
0.0	1185.1	1536.6	2468.0	3499.5
127.7	1110.5	1488.2	2252.8	3304.1
0.0	1043.3	1645.5	2299.6	3176.8
250.0	850.9	1531.7	2095.4	3068.2
77.4	1010.1	1462.2	2230.0	3290.1
82.8	1078.2	1486.4	2297.3	3295.4
105.3	1086.1	1565.4	2347.6	3343.4
160.0	1003.1	1570.3	2356.1	3370.2
145.7	1010.0	1693.1	2428.5	3342.2
0.0	914.1	1915.7	2737.6	3487.7
