0.0	0.0	0.0	0.0	0.0
0.0	0.0	0.0	0.0	0.0
0.0	0.0	0.0	0.0	0.0
0.0	622.2	1543.7	2559.1	3538.4
0.0	642.3	1633.6	2641.0	3525.5
0.0	720.8	1683.5	2609.6	3509.5
400.0	766.8	1724.1	2616.7	3460.1
206.9	612.3	1731.9	2579.0	3433.0
0.0	668.2	1716.0	2506.3	3429.4
0.0	706.5	1703.9	2638.9	3430.1
0.0	734.5	1682.6	2636.4	3377.7
0.0	698.5	1653.9	2586.9	3423.3
0.0	704.1	1620.8	2576.0	3484.2
0.0	578.2	1653.2	2688.2	3526.2
0.0	700.0	1738.6	2684.3	3520.2
0.0	605.1	1890.4	2590.3	3484.3
0.0	917.1	1877.1	2645.7	3420.1
0.0	596.2	1693.2	2629.0	3490.0
0.0	906.6	1920.7	2763.5	3509.1
0.0	711.8	1762.4	2707.7	3408.2
0.0	734.3	1688.2	2656.5	3368.3
0.0	886.3	1726.8	2602.9	3452.8
0.0	855.0	1639.6	2592.3	3609.8
0.0	577.9	1719.7	2637.3	3569.7
0.0	832.5	1807.5	2603.2	3540.4
0.0	497.2	1691.4	2617.2	3517.0
0.0	361.1	1533.1	2507.8	3338.9
0.0	401.7	1539.4	2507.9	3438.9
0.0	346.9	1608.2	2557.4	3446.4
0.0	429.3	1657.8	2527.9	3411.2
110.1	438.1	1711.4	2558.6	3396.3
105.3	452.8	1767.0	2564.6	3297.1
109.2	456.1	1831.6	2557.4	3284.8
109.9	453.6	1888.4	2528.9	3249.7
110.1	448.9	1931.5	2552.4	3289.9
112.6	451.7	1951.5	2563.2	3327.5
113.2	440.2	1988.8	2580.7	3348.2
111.8	438.8	2024.3	2573.9	3338.9
111.3	430.6	2041.1	2588.6	3305.4
110.9	414.2	2048.9	2601.4	3284.6
110.3	405.9	2047.7	2619.7	3277.7
108.9	385.4	2037.1	2624.8	3294.1
108.7	398.5	2018.5	2587.3	3332.2
108.8	500.2	1952.3	2526.7	3218.8
107.6	503.2	1859.2	2469.7	3152.6
100.9	200.0	1786.1	2406.9	3223.0
100.9	250.1	1788.8	2389.4	3329.4
111.3	249.5	1774.8	2362.2	3369.1
110.8	202.6	1775.9	2375.9	3365.8
0.0	753.0	1905.0	2498.6	3397.9
0.0	393.1	1957.3	2546.3	3331.0
0.0	306.4	1971.5	2549.2	3282.2
112.1	335.1	1977.1	2506.5	3352.7
108.8	331.6	1980.8	2531.5	3381.2
108.5	324.4	1960.3	2519.9	3385.9
107.9	321.3	1936.8	2475.3	3457.5
106.2	346.6	1934.9	2467.5	3546.4
103.8	385.6	1915.4	2513.7	3575.6
101.7	402.3	1937.1	2584.2	3602.0
94.5	828.5	1948.8	2566.3	3610.9
0.0	996.6	1936.2	2665.0	3613.0
0.0	888.7	1941.6	2754.8	3679.7
0.0	842.4	1911.6	2715.8	3756.4
0.0	832.0	1842.9	2702.2	3764.2
0.0	756.3	1804.2	2755.4	3700.2
0.0	967.3	1800.2	2754.7	3735.7
0.0	939.9	1821.0	2800.6	3652.3
96.8	867.9	1855.1	2872.2	3489.4
0.0	717.4	1457.2	2634.5	3422.9
125.0	708.1	1285.7	2469.6	3371.3
272.7	631.0	1337.8	2410.0	3268.2
0.0	680.8	1618.9	2559.0	3394.1
0.0	796.5	1706.3	2566.3	3477.9
0.0	761.7	1730.3	2560.8	3450.6
400.0	536.3	1484.1	2371.6	3261.4
0.0	484.4	1206.1	2275.2	3233.8
0.0	508.0	1171.8	2305.9	3214.7
0.0	568.0	1168.1	2346.5	3165.6
98.4	609.7	1148.6	2377.9	3229.6
97.5	644.9	1157.4	2407.7	3255.2
96.5	667.4	1163.4	2415.8	3281.1
96.7	687.1	1175.8	2443.9	3287.2
97.7	709.3	1200.0	2462.0	3274.5
97.8	733.3	1222.1	2463.3	3308.4
97.5	740.3	1243.1	2446.1	3310.7
99.3	737.8	1281.5	2412.5	3286.4
98.5	728.7	1351.1	2379.3	3281.7
99.7	726.2	1392.0	2378.1	3289.7
98.9	701.4	1434.9	2380.3	3310.2
98.7	684.4	1490.2	2366.0	3280.4
98.3	666.7	1540.7	2355.2	3288.1
98.2	638.8	1638.7	2355.2	3337.2
98.4	595.0	1706.8	2360.9	3342.6
98.7	568.7	1760.0	2347.6	3329.6
101.6	544.9	1798.0	2373.0	3366.4
101.7	479.0	1825.4	2389.4	3401.2
104.0	444.8	1859.4	2412.5	3515.6
105.0	419.0	1858.6	2443.0	3464.6
105.3	418.8	1843.0	2451.3	3468.2
104.6	427.3	1826.4	2461.8	3522.1
104.2	405.9	1829.9	2494.5	3579.8
103.5	400.6	1800.5	2484.7	3666.7
100.0	448.5	1765.3	2558.2	3619.0
94.5	901.6	1779.0	2581.0	3455.0
88.2	785.3	1782.2	2522.4	3522.3
97.6	728.4	1774.6	2604.8	3594.0
545.5	772.9	1783.7	2729.9	3687.4
444.4	922.9	1870.2	2884.0	3681.7
0.0	916.3	1877.8	3012.4	3625.7
480.0	1169.9	2150.1	3092.2	3616.6
93.0	987.5	2088.2	2990.5	3564.4
333.3	918.5	2038.7	2931.6	3490.8
0.0	814.3	1859.7	3004.5	3426.7
0.0	837.2	1828.4	2856.0	3414.0
0.0	878.9	1687.1	2651.9	3431.0
0.0	892.1	1730.4	2637.6	3464.2
0.0	931.7	1934.1	2670.1	3490.4
74.1	720.6	1855.9	2683.8	3475.7
285.7	957.6	1798.7	2599.4	3459.1
0.0	835.0	1808.2	2576.1	3517.7
0.0	735.2	1674.1	2542.6	3457.7
0.0	686.6	1488.0	2426.9	3307.8
375.0	755.1	1575.9	2512.9	3385.8
151.9	769.4	1679.9	2763.8	3525.8
0.0	882.2	1620.5	2677.6	3521.8
0.0	644.1	1448.3	2574.6	3464.6
0.0	614.6	1472.9	2550.7	3450.8
97.6	675.4	1497.5	2640.2	3404.9
545.5	683.5	1529.4	2689.1	3406.7
0.0	525.0	1314.8	2311.1	3247.7
0.0	461.9	837.2	2181.5	2972.4
131.9	474.8	845.0	2211.8	2945.1
97.6	492.4	815.6	2191.8	2937.2
99.2	502.4	793.4	2184.2	2921.8
96.8	493.2	805.0	2168.9	2883.4
96.0	476.5	835.0	2128.5	2887.2
96.8	483.7	878.1	1982.4	2870.4
96.8	489.2	892.6	1881.0	2876.5
96.0	519.6	927.9	1816.9	2853.7
96.8	520.8	971.2	1746.7	2851.3
94.5	528.0	995.6	1689.6	2871.3
93.0	550.8	1006.9	1683.2	2910.5
94.5	578.4	1029.9	1699.5	2971.0
94.5	574.9	1063.1	1708.7	3019.8
90.9	570.2	1099.3	1734.0	3006.5
90.9	598.2	1117.3	1678.2	3003.4
90.2	600.8	1154.2	1652.5	3017.7
90.9	578.6	1209.8	1649.5	2978.1
90.3	568.7	1246.7	1666.3	2977.1
89.6	545.8	1329.1	1596.4	2925.1
88.2	521.5	1419.0	2694.1	3205.5
87.4	439.1	1412.7	2731.3	3305.2
85.1	687.8	1369.8	2733.6	3238.6
86.2	375.5	1349.0	2767.0	3227.2
86.0	520.5	1373.3	2711.0	3106.2
84.5	481.6	1430.3	2647.4	3050.5
83.3	311.2	1491.3	2702.4	3224.0
82.0	316.7	1489.9	2724.1	2938.7
81.6	434.9	1478.1	1681.0	2833.6
81.3	459.6	1451.8	1661.0	2875.0
81.6	497.7	1406.1	1645.3	2881.0
80.5	505.7	1380.4	1634.3	2856.7
80.0	503.2	1372.2	1611.5	2886.8
76.9	505.7	1388.5	1619.2	2908.5
76.4	529.5	1411.9	1641.9	2916.5
76.9	523.7	1392.2	1663.0	2914.5
74.5	497.2	1375.2	1658.1	2953.7
76.2	504.1	1366.4	1669.6	2989.7
75.9	494.9	1384.3	1673.6	3013.6
75.0	476.5	1428.9	1693.9	3072.5
76.0	477.4	1410.6	1682.9	3064.8
76.4	527.6	1409.3	1687.4	3114.6
75.7	594.7	1488.1	1744.9	3154.0
76.4	550.9	1560.8	1977.9	3215.0
74.1	1446.8	1696.0	2223.2	3300.4
77.9	1597.2	1812.1	2416.8	3284.1
76.4	1668.9	1919.0	2493.4	3377.1
81.6	612.5	1999.1	2503.3	3333.8
545.5	815.0	2027.7	2652.5	3301.3
0.0	748.4	2144.5	2719.3	3295.2
400.0	711.8	2229.7	2759.9	3303.5
169.0	857.5	2276.1	2765.0	3362.0
214.3	835.2	2342.1	2780.3	3484.6
0.0	983.8	2309.3	2929.7	3427.3
0.0	660.1	2046.9	2936.9	3380.3
0.0	653.8	2082.3	2959.7	3508.9
0.0	660.1	2166.4	2795.5	3535.2
0.0	733.0	2152.6	2714.4	3589.4
115.4	892.3	2018.5	2743.2	3631.2
0.0	856.4	1933.3	2727.9	3604.0
0.0	700.0	1928.3	2608.8	3572.0
0.0	829.2	1849.8	2675.7	3603.3
230.8	915.6	1721.8	2655.6	3549.3
169.0	786.3	1730.4	2637.3	3489.7
0.0	672.5	1487.2	2586.6	3401.7
0.0	674.4	1399.2	2568.9	3448.7
0.0	668.6	1378.9	2496.8	3408.9
0.0	793.4	1462.4	2645.9	3385.5
0.0	678.2	1378.2	2714.0	3334.6
117.6	642.7	1408.0	2658.7	3274.5
139.5	837.0	1482.9	2493.4	3225.3
0.0	588.4	1197.5	2351.8	3188.4
0.0	657.3	1195.8	2319.8	3354.3
0.0	650.3	1222.9	2236.4	3290.6
226.4	774.8	1654.5	2400.9	3426.5
235.3	750.3	1847.5	2488.2	3549.2
0.0	786.1	1815.3	2533.2	3446.0
0.0	762.5	1751.8	2616.7	3307.9
0.0	750.8	1731.6	2652.1	3353.5
0.0	752.6	1777.7	2609.9	3451.5
