0.0	0.0	0.0	0.0	0.0
0.0	0.0	0.0	0.0	0.0
0.0	0.0	0.0	0.0	0.0
0.0	748.5	1588.6	2644.7	3315.4
0.0	647.9	1672.0	2641.2	3340.3
0.0	691.6	1656.2	2676.9	3371.7
0.0	650.6	1654.7	2730.6	3446.7
0.0	843.0	1616.2	2738.8	3406.8
0.0	847.5	1702.0	2678.9	3468.2
0.0	672.4	1890.4	2577.7	3461.9
0.0	859.5	1830.4	2608.4	3466.5
0.0	947.6	1797.9	2674.7	3502.0
0.0	916.7	1759.7	2658.0	3390.7
0.0	761.5	1515.2	2586.4	3319.1
0.0	662.5	1618.1	2451.7	3434.3
0.0	785.3	1821.5	2542.9	3394.7
0.0	299.5	1614.0	2431.4	3376.8
0.0	363.8	1380.9	2515.6	3349.3
0.0	352.9	1167.2	2160.9	2667.0
222.2	375.1	1113.9	2172.8	2667.2
222.2	387.5	1134.0	2191.8	2660.3
222.2	408.4	1138.1	2165.9	2629.8
106.2	395.0	1694.5	2533.7	3458.9
106.5	481.6	1728.1	2565.5	3713.9
107.6	561.4	1733.3	2563.8	3635.2
106.4	615.4	1676.0	2557.4	3554.4
103.7	624.4	1577.1	2498.5	3523.7
102.7	639.5	1519.2	2481.6	3573.5
101.6	655.9	1485.5	2499.5	3629.8
100.6	676.5	1478.0	2494.6	3666.2
100.0	681.9	1445.0	2496.8	3618.8
99.8	676.0	1405.0	2462.3	3543.6
99.4	678.3	1368.0	2432.8	3465.4
98.7	666.5	1332.4	2372.5	3441.2
98.4	673.7	1310.0	2303.7	3455.3
96.9	664.1	1295.8	2308.8	3489.0
96.8	636.1	1289.4	2303.1	3479.2
95.7	596.0	1319.2	2285.0	3497.2
94.6	570.5	1329.4	2359.4	3520.5
94.7	611.1	1425.5	2401.2	3477.9
94.7	686.0	1491.5	2447.7	3431.7
94.5	477.1	1547.0	2451.6	3539.1
97.4	463.9	1655.8	2401.1	3591.3
98.0	544.0	1802.4	2430.6	3601.3
100.1	538.3	1981.5	2468.9	3724.3
101.0	513.3	2068.2	2480.4	3804.6
104.5	382.4	2123.1	2470.0	3802.7
107.3	389.2	2144.3	2508.2	3752.1
109.4	334.6	2164.2	2532.4	3812.9
111.4	338.2	2140.2	2536.5	3808.2
111.1	330.6	2137.6	2571.1	3798.9
109.3	334.2	2080.2	2551.1	3791.0
107.7	340.4	1987.4	2488.9	3802.6
105.2	371.0	1940.1	2446.9	3835.5
96.1	318.4	1877.0	2452.5	3805.6
97.4	372.9	1717.5	2455.0	3703.1
94.2	269.1	1631.5	2506.0	3532.9
91.1	802.7	1719.5	2534.8	3441.0
89.7	720.2	1827.9	2670.2	3548.1
0.0	495.0	1886.6	2661.9	3629.7
0.0	426.0	1889.8	2583.2	3664.6
0.0	417.8	1874.4	2554.2	3720.0
103.6	397.0	1851.1	2569.7	3702.1
102.1	393.2	1835.3	2572.9	3727.0
101.8	401.6	1824.5	2585.5	3761.6
101.6	377.3	1821.1	2583.7	3760.3
103.2	374.9	1813.2	2586.6	3785.7
101.7	368.8	1781.2	2615.5	3811.0
98.1	334.6	1762.2	2622.8	3816.5
87.0	263.5	1693.9	2580.4	3728.2
76.9	253.2	1607.2	2424.8	3704.5
76.8	246.1	1552.2	2439.4	3624.6
74.0	307.5	1615.6	2519.0	3533.5
207.5	305.8	1185.0	2376.3	3106.9
82.2	313.4	1087.9	2352.2	2837.9
0.0	327.6	1056.2	2250.8	2692.6
100.0	346.9	1016.6	2204.2	2707.8
101.7	335.6	1025.9	2206.7	2703.9
101.7	338.9	1040.6	2236.4	2809.2
101.7	348.5	1059.2	2285.4	2784.3
101.7	320.0	1078.7	2257.7	2709.8
101.7	325.4	1287.5	2268.9	2670.9
100.8	307.2	1468.6	2220.9	2633.1
200.0	630.2	1576.6	2360.0	2734.6
100.0	538.4	1713.1	2556.4	3113.8
105.2	574.7	1657.2	2573.7	3374.4
103.4	606.5	1528.2	2544.6	3433.0
100.3	609.1	1479.4	2539.4	3449.6
100.0	598.4	1419.8	2552.6	3446.3
99.6	606.8	1376.2	2520.9	3461.9
99.3	613.8	1332.7	2476.7	3442.2
99.6	607.2	1289.5	2331.5	3430.6
99.8	604.9	1257.0	2292.2	3433.8
98.7	597.2	1232.0	2366.6	3428.0
98.5	621.4	1202.7	2433.7	3448.2
97.9	615.8	1203.2	2434.6	3427.4
98.2	599.4	1216.1	2483.2	3442.9
97.6	616.7	1208.1	2449.0	3435.4
97.5	612.1	1241.9	2448.9	3419.4
97.7	611.1	1287.7	2442.9	3424.9
97.3	581.7	1270.3	2414.9	3430.3
96.6	569.0	1270.3	2505.9	3466.2
95.8	577.0	1294.1	2467.7	3456.1
96.7	594.5	1304.1	2366.4	3421.9
95.6	502.2	1320.1	2306.9	3449.5
93.7	471.2	1332.3	2323.4	3473.8
92.2	542.8	1350.1	2299.3	3525.8
92.9	296.3	1427.5	2304.8	3544.7
92.6	519.9	1625.1	2337.1	3514.2
80.0	386.9	1700.6	2334.6	3597.1
0.0	427.8	1767.3	2371.7	3523.5
279.1	512.9	1807.9	2445.7	3357.3
0.0	661.4	1788.0	2620.0	3463.5
0.0	574.0	1797.1	2529.1	3530.2
0.0	457.5	2006.7	2533.9	3677.6
282.0	510.9	2033.8	2556.0	3696.4
0.0	811.7	2019.4	2523.5	3680.7
0.0	200.0	2067.3	2510.9	3702.6
538.3	410.9	2087.9	2546.5	3730.6
0.0	372.1	2085.4	2532.4	3742.5
92.6	429.1	2053.9	2549.3	3760.7
101.5	432.2	2036.5	2578.2	3764.1
102.8	510.0	2011.2	2559.5	3762.8
102.1	513.6	1994.3	2546.6	3771.1
101.0	525.3	1911.4	2514.2	3767.3
99.4	317.7	1650.9	2419.7	3762.9
96.0	410.4	1409.1	2370.1	3754.0
98.3	418.9	1533.3	2346.0	3754.4
99.4	421.5	1980.3	2577.0	3792.6
99.7	378.4	2038.3	2603.0	3771.9
97.4	378.2	2102.7	2630.9	3751.8
96.8	390.4	2126.5	2616.5	3745.4
96.3	397.9	2129.3	2606.4	3728.5
95.7	398.7	2143.1	2565.8	3723.1
95.7	422.1	2130.2	2521.8	3696.8
95.3	505.8	2113.5	2518.8	3685.2
97.1	561.1	2106.9	2518.8	3663.2
96.7	522.9	2050.5	2529.3	3628.9
93.3	717.9	1997.3	2454.5	3564.7
94.4	625.3	1993.2	2479.1	3595.3
93.3	688.9	1982.3	2465.0	3398.6
92.1	514.0	1973.9	2478.3	3456.4
94.5	469.8	1999.5	2447.5	3436.4
97.4	481.0	1978.7	2498.7	3409.0
99.9	723.0	1998.5	2531.5	3536.9
102.0	547.3	2018.7	2488.9	3607.0
103.7	582.0	1976.3	2492.0	3590.6
102.9	620.7	1926.7	2519.6	3571.7
101.3	610.8	1905.8	2528.5	3606.2
98.7	592.0	1894.9	2527.8	3640.5
96.5	589.0	1882.8	2541.4	3692.4
95.4	616.1	1846.8	2546.8	3730.9
94.6	616.9	1819.4	2573.7	3711.9
93.2	596.5	1803.7	2540.7	3723.7
94.2	299.8	1714.8	2438.4	3714.5
92.6	368.8	1005.1	2372.4	3509.5
95.2	352.8	992.9	2379.2	3520.5
96.0	338.5	974.7	2399.9	3470.4
94.6	328.9	926.7	2372.6	3605.6
93.8	337.5	913.7	2278.2	3664.2
93.8	342.7	1760.8	2389.4	3650.5
91.6	367.2	1921.8	2555.0	3645.8
0.0	441.5	2002.9	2593.5	3727.4
101.5	382.1	2007.4	2573.9	3709.8
98.0	375.0	1981.4	2510.9	3636.0
94.3	380.9	1894.7	2389.8	3413.5
94.3	371.2	1661.6	2205.5	3202.1
93.0	374.5	1252.9	2144.3	3102.0
86.5	338.1	1243.1	2167.5	3098.7
92.3	349.6	1371.0	2169.0	3131.1
94.0	353.6	1212.9	2161.9	3041.0
94.6	348.8	1214.3	2166.7	3094.6
95.3	364.6	1300.0	2221.9	3485.3
95.3	369.8	1379.7	2233.3	3434.1
94.8	578.8	1543.7	2244.1	3381.1
99.3	612.3	1621.0	2408.9	3461.9
96.5	635.5	1644.0	2428.4	3478.0
93.4	653.0	1651.4	2464.1	3483.4
93.9	669.7	1655.4	2493.9	3533.3
93.3	675.8	1648.4	2433.1	3559.3
93.8	669.7	1647.1	2455.5	3527.1
94.0	669.7	1643.0	2495.6	3533.3
94.3	676.1	1646.3	2529.3	3572.6
93.4	627.0	1653.0	2558.3	3600.0
93.0	568.5	1645.6	2500.9	3704.8
91.4	522.3	1554.5	2350.2	3637.4
89.6	373.7	1235.1	2215.9	2622.7
206.9	363.6	1196.4	2233.8	2819.0
94.5	451.6	1110.5	2168.3	2771.2
92.3	408.3	1223.0	2221.5	3245.8
90.9	327.2	1533.9	2224.6	3212.9
90.9	766.4	1653.2	2326.5	3273.7
89.6	956.1	2089.7	2604.3	3609.8
0.0	962.8	2021.9	2475.5	3657.2
0.0	904.7	1889.6	2528.3	3635.0
126.3	827.4	1511.7	2418.2	3433.7
0.0	840.8	1479.1	2288.4	3415.3
0.0	827.3	1475.4	2295.1	3471.1
461.5	580.6	1505.6	2306.4	3246.4
122.4	913.5	1548.1	2428.1	3304.0
169.0	716.6	1404.6	2029.8	3218.6
0.0	651.5	1265.1	1908.1	3240.0
0.0	594.1	1221.9	1889.3	3333.2
107.1	589.2	1250.2	1880.5	3379.7
98.9	600.1	1257.0	1885.4	3385.3
96.5	621.6	1247.0	1866.0	3393.4
95.8	635.5	1274.0	1869.4	3394.6
94.5	606.6	1286.5	1858.7	3390.4
93.6	584.3	1300.1	1856.2	3403.9
94.0	579.8	1305.3	1839.8	3386.3
93.7	559.3	1295.5	1834.7	3398.1
92.5	540.4	1263.2	1811.8	3365.0
92.1	544.3	1225.4	1821.4	3357.0
91.4	578.3	1221.0	2118.3	3343.3
85.3	517.3	1451.0	2545.5	3310.9
147.4	666.2	1680.5	2600.3	3395.9
0.0	954.9	1782.4	2610.6	3466.4
67.0	900.2	1855.3	2718.9	3314.8
0.0	779.1	1639.8	2617.5	3389.7
0.0	878.6	1666.9	2592.6	3334.2
0.0	873.7	1704.8	2554.1	3248.9
0.0	748.1	1655.9	2355.0	3243.3
114.3	545.1	1452.4	2179.5	3175.1
0.0	472.7	1445.9	2112.5	3178.5
110.5	515.8	1462.0	2141.1	3021.2
85.6	483.4	1418.6	2205.2	2852.1
102.6	329.8	1161.7	2286.9	2937.0
94.3	341.8	1104.7	2258.8	2693.8
94.5	334.3	1239.5	2281.0	2812.6
94.3	351.8	1132.3	2324.7	3049.6
91.6	359.4	1115.6	2324.8	3252.7
92.2	622.4	1438.3	2324.1	2926.1
87.6	448.5	1449.8	2328.6	2973.9
0.0	462.5	1483.9	2299.2	3097.7
0.0	499.8	1469.5	2237.7	3109.7
89.1	527.0	1470.5	2175.7	3150.3
92.3	508.1	1483.3	2137.1	3175.9
90.0	509.8	1482.4	2086.5	3207.7
89.3	514.2	1462.6	2044.9	3192.8
88.4	545.2	1498.0	2044.7	3190.9
87.7	561.3	1530.8	1975.6	3194.0
87.4	584.8	1507.4	1998.8	3216.3
86.9	700.9	1568.8	2083.5	3187.0
83.8	773.8	1629.1	2098.5	3136.1
86.9	771.2	1582.4	2062.8	3145.0
90.2	730.4	1557.2	2038.8	3194.0
87.0	735.6	1613.3	2130.4	3155.0
96.1	768.0	1628.5	2204.5	3138.3
92.6	778.0	1601.8	2323.6	3254.2
100.0	770.3	1624.2	2349.7	3242.4
99.2	731.3	1694.9	2283.1	3132.3
250.0	726.8	1652.9	2224.4	3068.4
