0.0	0.0	0.0	0.0	0.0
0.0	0.0	0.0	0.0	0.0
0.0	0.0	0.0	0.0	0.0
0.0	1088.2	1909.0	2753.2	3296.0
0.0	391.2	1360.3	2550.8	3367.3
0.0	921.2	1912.7	2716.9	3577.1
0.0	691.8	1857.7	2520.0	3560.9
0.0	921.0	1739.2	2451.7	3360.7
0.0	948.2	1794.9	2531.4	3340.7
0.0	768.8	1762.9	2558.2	3426.5
0.0	839.7	1684.7	2500.0	3458.9
0.0	683.8	1596.7	2550.7	3433.1
0.0	889.7	1670.4	2697.1	3409.2
0.0	873.6	1749.6	2595.6	3450.2
0.0	778.3	1812.7	2567.0	3380.7
0.0	848.9	1719.9	2519.7	3379.7
0.0	846.5	1667.9	2516.5	3393.4
0.0	1007.1	1819.4	2561.9	3455.1
0.0	493.2	1621.9	2365.5	3595.1
142.9	559.3	1638.6	2389.7	3568.6
0.0	489.3	1685.2	2415.1	3547.7
0.0	478.1	1742.2	2428.7	3576.1
104.9	481.7	1772.5	2439.6	3556.1
106.5	461.9	1831.7	2469.0	3541.4
105.6	449.6	1884.5	2479.4	3528.7
106.8	422.5	1922.1	2473.8	3549.6
107.9	414.7	1948.7	2480.3	3554.3
107.7	409.5	1970.3	2494.4	3591.9
106.0	393.7	1991.7	2523.7	3629.0
103.0	394.3	2010.4	2515.2	3599.2
101.1	371.3	2029.9	2523.3	3583.4
99.8	359.0	2019.8	2524.7	3625.8
0.0	366.5	2031.8	2570.1	3606.7
98.9	395.1	2044.1	2579.6	3593.5
99.1	412.6	2042.8	2560.5	3590.6
104.1	395.0	2029.1	2485.5	3591.1
105.8	421.3	1998.5	2396.2	3574.8
105.3	416.6	1926.5	2333.2	3523.5
104.1	417.9	1805.9	2272.2	3462.0
100.7	488.9	1661.2	2233.3	3449.4
96.5	477.5	1510.8	2208.3	3417.7
93.9	597.9	1509.6	2233.0	3389.9
94.0	561.3	1549.5	2280.7	3386.9
96.4	554.9	1587.1	2327.9	3420.4
98.7	592.5	1600.1	2388.7	3447.3
99.5	550.7	1586.0	2452.0	3513.3
98.7	538.0	1570.5	2506.9	3532.2
97.7	507.0	1532.5	2473.9	3535.5
97.0	401.9	1497.4	2411.2	3380.1
95.6	413.7	1404.0	2362.9	2871.3
94.4	407.9	1181.8	2301.7	2597.5
94.5	358.2	1042.5	2356.1	3158.9
95.2	318.9	971.0	2342.8	3514.9
93.0	289.3	1305.0	2448.7	3493.6
91.6	306.4	1724.3	2500.4	3447.4
99.2	1017.6	1812.2	2634.1	3485.3
0.0	966.4	1861.1	2626.4	3454.0
0.0	975.1	1745.1	2523.3	3420.2
0.0	811.2	1719.3	2352.9	3471.6
0.0	764.1	1757.4	2351.9	3502.1
0.0	476.4	1795.4	2422.2	3504.5
0.0	473.4	1788.8	2353.5	3533.3
108.5	486.2	1794.5	2339.4	3515.6
106.3	500.7	1808.7	2401.3	3481.4
105.1	504.8	1833.1	2425.7	3509.0
102.9	517.2	1826.5	2451.1	3535.8
100.5	528.1	1843.5	2439.3	3527.0
99.1	537.2	1874.8	2413.7	3539.2
97.9	541.2	1878.4	2379.1	3503.4
97.5	530.2	1834.0	2272.3	3437.5
97.0	452.5	1642.1	2126.2	3391.6
96.5	375.8	1339.5	2077.9	3364.0
94.5	441.8	1680.3	2118.8	3615.3
94.2	416.4	1618.7	2109.2	3600.2
95.4	402.9	1464.1	2096.5	3573.3
94.6	408.8	1669.8	2114.9	3652.2
94.5	433.7	1568.1	2117.9	3529.0
93.9	444.7	1884.1	2322.4	3510.7
96.5	394.1	1920.8	2442.7	3580.4
94.6	369.0	1933.5	2462.5	3624.9
93.6	365.9	1926.8	2455.6	3648.6
93.7	376.7	1891.4	2441.6	3680.9
93.2	454.2	1864.3	2453.0	3646.5
90.8	422.6	1838.6	2465.5	3655.2
87.0	655.8	1803.1	2515.4	3719.4
0.0	978.1	1849.0	2700.5	3812.9
139.5	926.2	1850.3	3236.8	4460.9
133.3	735.8	1862.6	2972.9	4301.4
545.5	471.9	1868.8	2965.8	4707.9
545.5	839.3	1928.3	3434.1	5001.6
250.0	503.9	1827.4	3210.3	4210.0
0.0	772.0	1997.1	3076.4	3991.6
0.0	708.9	1798.6	2625.3	3599.5
131.9	715.8	1677.0	2365.4	3579.8
96.8	526.8	1645.7	2315.2	3494.8
78.4	437.2	1658.3	2213.1	3455.5
0.0	451.1	1700.2	2145.3	3389.9
104.9	414.8	1706.2	2041.2	3382.3
96.0	397.7	1676.8	1928.1	3380.0
97.9	352.5	1695.3	2416.2	3380.9
90.8	332.8	1688.2	2511.4	3479.3
93.8	924.9	1538.6	2563.6	3472.8
0.0	929.9	1487.2	2495.7	3394.8
0.0	774.0	1591.6	2569.3	3468.7
0.0	997.1	1773.4	2749.3	3524.4
428.6	1012.3	1912.4	3175.8	4410.0
230.8	928.1	1914.8	3039.1	4521.6
0.0	882.9	1985.5	3056.8	4391.3
193.5	930.6	1851.3	2844.4	3829.8
218.2	957.4	1739.3	2585.2	3466.0
73.2	809.4	1738.6	2660.1	3434.7
116.5	788.5	1758.5	2726.7	3422.2
0.0	755.7	1709.8	2617.5	3531.1
0.0	796.6	1623.9	2459.0	3563.5
500.0	518.4	1513.0	2335.0	3522.8
0.0	526.3	1386.1	2242.1	3427.4
0.0	555.5	1312.5	2250.2	3508.3
94.5	601.3	1281.2	2257.6	3582.1
95.2	629.7	1226.7	2265.8	3474.7
94.3	631.7	1174.5	2273.5	3577.6
92.4	663.1	1167.4	2196.5	3793.6
92.2	637.7	1130.2	2116.9	3814.7
92.2	607.4	1090.0	2081.8	3788.8
92.3	608.6	1088.2	2094.4	3805.3
92.3	619.7	1092.5	2138.0	3806.7
93.0	599.9	1094.7	2109.2	3772.5
93.0	595.1	1098.7	2100.8	3739.3
92.4	595.3	1156.3	2103.5	3635.7
92.3	588.9	1215.9	2059.8	3576.0
91.6	583.1	1230.6	1981.7	3498.9
91.6	571.2	1264.6	1928.3	3415.1
91.8	564.1	1309.3	1897.7	3398.3
91.7	562.3	1336.1	1900.9	3278.4
91.7	595.7	1384.3	1957.0	3251.1
91.8	509.6	1441.0	2166.3	3159.6
92.3	480.5	1445.7	2303.1	3311.0
91.6	469.6	1450.9	2388.6	3452.4
89.5	548.7	1589.6	3171.4	3824.3
87.0	686.1	1720.9	3236.2	3950.3
0.0	554.6	1799.8	3337.0	4005.7
0.0	875.6	1811.2	3158.5	3823.3
0.0	897.4	1880.3	3173.6	3810.4
300.0	901.8	1858.8	3276.6	3915.5
0.0	677.9	1828.9	2729.9	3653.7
500.0	536.8	1454.0	2319.2	3583.1
0.0	557.4	1302.6	2212.3	3490.0
0.0	549.5	1257.3	2194.2	3428.1
98.4	543.4	1162.3	2181.6	3354.2
84.8	464.3	1125.3	2238.0	3477.2
95.2	386.1	1120.7	2252.4	3626.0
89.9	348.9	1063.8	2221.5	3700.6
91.7	367.0	1062.8	2172.2	3594.8
91.7	376.8	1061.5	2157.8	3683.4
92.3	350.7	1069.2	2122.3	3770.7
92.3	379.9	1032.0	2154.4	3692.1
92.3	362.8	1030.7	2205.8	3625.0
92.3	629.1	1130.2	2201.8	3465.2
96.8	632.5	1197.6	2119.2	3397.6
94.6	684.5	1234.5	2264.2	3429.4
92.0	698.0	1257.6	2276.3	3399.2
90.3	697.5	1308.6	2246.2	3310.9
90.2	689.1	1321.0	2303.6	3471.9
89.4	680.2	1330.5	2359.1	3590.4
90.0	661.4	1327.6	2345.1	3595.2
89.7	662.3	1310.4	2183.5	3517.9
88.2	594.8	1283.4	2123.9	3381.2
88.3	493.4	1247.4	2110.7	3078.0
88.3	398.1	1184.1	2141.2	2964.9
85.7	380.3	1100.5	2154.8	3045.0
89.0	332.7	1214.9	2193.5	3185.7
87.0	314.9	1511.0	2311.4	3348.9
88.2	333.1	1689.3	2345.9	3377.3
106.2	741.2	1764.9	2420.9	3430.5
103.4	800.7	1789.6	2374.1	3506.4
102.6	848.4	1880.0	2299.1	3532.2
0.0	947.8	2027.7	2602.4	3732.3
0.0	940.2	2064.3	2662.8	3784.4
0.0	777.3	1953.6	2741.6	3863.6
0.0	892.0	1836.8	2779.4	3733.2
0.0	961.6	1965.2	2546.5	3565.7
0.0	886.5	2057.9	2659.6	3597.0
260.9	875.4	1859.1	2653.7	3676.4
260.9	726.3	1727.2	2438.9	3608.2
0.0	772.5	1691.6	2453.8	3557.4
0.0	821.5	1569.1	2392.3	3480.0
0.0	833.2	1618.0	2524.8	3384.7
0.0	733.2	1712.4	2525.0	3317.0
0.0	798.1	1775.8	2571.6	3413.0
0.0	851.5	1706.9	2572.3	3480.3
0.0	741.9	1810.7	2571.0	3431.3
0.0	808.6	1809.6	2613.3	3361.5
0.0	928.3	1843.7	2656.1	3546.1
