0.0	0.0	0.0	0.0	0.0
0.0	0.0	0.0	0.0	0.0
0.0	0.0	0.0	0.0	0.0
0.0	748.7	1899.2	2489.2	3404.0
0.0	836.1	1836.0	2458.2	3384.4
0.0	768.8	1682.5	2553.9	3512.4
0.0	663.3	1712.5	2594.3	3513.2
0.0	514.6	1786.9	2558.3	3347.2
0.0	734.2	1833.8	2624.2	3453.5
0.0	749.4	1656.6	2645.0	3510.7
0.0	711.8	1671.1	2594.9	3370.5
0.0	690.3	1598.4	2639.3	3414.6
0.0	896.3	1651.7	2702.0	3400.4
0.0	831.7	1782.9	2722.7	3383.7
0.0	773.2	1672.4	2701.5	3368.4
0.0	578.5	1495.2	2525.7	3333.2
0.0	669.8	1622.1	2650.0	3494.1
0.0	849.9	1967.9	2814.8	3696.7
0.0	853.4	2057.1	2791.2	3726.2
0.0	912.8	1854.1	2802.1	3741.9
0.0	869.1	1802.7	2822.2	3759.2
0.0	711.6	1748.0	2714.4	3639.7
0.0	914.2	1745.2	2661.4	3546.9
0.0	880.7	1826.7	2639.9	3424.0
0.0	778.1	1708.9	2665.3	3503.1
0.0	821.7	1771.7	2725.2	3751.3
0.0	699.3	1891.8	2734.3	3784.6
0.0	493.4	1455.7	2453.7	3444.1
0.0	529.8	1312.7	1775.1	3153.3
0.0	518.6	1355.3	1801.5	3089.5
0.0	568.7	1421.1	1920.5	3049.0
105.4	587.4	1470.1	2094.9	3069.2
104.5	614.2	1475.2	2274.5	3088.5
104.2	629.1	1487.5	2449.9	3146.3
103.6	629.0	1493.1	2554.9	3209.3
102.7	616.2	1474.7	2629.3	3287.6
101.7	627.5	1451.3	2672.4	3287.5
100.6	642.7	1436.9	2670.2	3366.7
99.5	639.5	1420.6	2633.2	3521.0
98.8	634.0	1402.0	2627.5	3513.7
98.5	645.2	1373.3	2676.8	3313.9
98.4	628.0	1348.0	2629.7	3093.5
98.2	608.8	1335.9	2581.7	3089.6
97.9	573.2	1302.9	2611.2	3382.2
97.4	501.9	1264.8	2633.2	3573.3
97.4	499.3	1269.5	2638.5	3530.9
98.2	536.4	1284.1	2664.1	3295.3
98.2	610.1	1329.0	2684.6	3195.7
98.5	685.4	1381.0	2680.7	3344.6
99.3	761.0	1399.6	2675.3	3497.9
99.8	800.1	1401.7	2693.7	3478.3
100.1	808.3	1407.8	2690.5	3455.8
100.8	807.2	1415.1	2739.7	3466.2
101.5	818.3	1408.0	2872.3	3440.6
102.6	817.2	1399.1	2883.7	3415.2
103.5	817.8	1428.6	2864.3	3381.5
104.2	817.0	1420.8	2841.4	3412.3
105.3	820.5	1428.9	2726.5	3490.8
106.1	820.5	1476.6	2702.6	3544.3
107.7	799.3	1486.4	2723.1	3588.0
109.6	780.6	1508.2	2738.3	3553.0
112.1	753.1	1584.1	2707.4	3485.3
113.4	723.8	1641.3	2676.2	3502.2
114.7	699.6	1683.7	2684.6	3596.2
116.0	664.8	1717.5	2682.5	3625.1
117.6	612.3	1740.0	2645.2	3605.0
118.0	570.7	1740.0	2653.5	3714.3
118.1	537.1	1715.1	2693.8	3776.9
117.1	488.6	1683.0	2685.9	3816.0
117.3	441.2	1651.5	2676.2	3829.2
116.2	426.9	1604.6	2649.0	3793.5
114.5	422.6	1713.4	2588.9	3768.6
113.2	473.4	1848.3	2831.7	4602.8
112.1	398.5	1792.6	2851.6	4637.4
112.1	826.1	1822.5	2814.8	4090.4
0.0	629.5	1753.2	2749.2	3772.8
0.0	493.5	1600.6	2653.4	3511.0
0.0	532.3	1535.0	2622.8	3486.3
0.0	591.7	1445.4	2622.8	3556.6
82.4	668.5	1414.0	2571.3	3478.1
152.5	714.5	1405.7	2600.4	3458.9
0.0	754.0	1373.1	2597.9	3532.7
0.0	782.4	1355.7	2592.9	3475.4
115.0	800.5	1362.9	2719.6	3424.2
65.8	827.7	1396.9	2689.9	3415.5
83.9	806.3	1424.5	2603.2	3443.3
99.3	804.9	1461.3	2592.9	3423.6
100.0	805.8	1493.5	2596.9	3432.3
101.0	804.6	1537.4	2585.5	3311.6
103.6	770.6	1552.9	2574.0	3289.6
104.9	739.8	1562.8	2559.2	3339.6
106.4	683.5	1538.8	2464.6	3295.2
107.7	636.4	1496.5	2304.0	3242.1
107.3	579.7	1366.6	2030.4	3185.4
110.9	470.2	1218.4	1946.2	3198.5
110.5	350.3	1096.7	1914.1	3287.7
99.7	361.5	1054.6	2024.1	3286.0
100.6	365.2	972.7	2312.9	3339.6
100.1	366.4	961.1	2452.3	3329.8
100.1	341.3	954.2	2467.6	3287.6
100.0	385.5	1501.9	2531.1	3395.4
102.0	374.5	1473.1	2428.6	3319.6
103.9	438.3	1181.7	2077.0	3171.8
0.0	476.1	1212.9	1616.5	3132.9
0.0	485.4	1295.9	1658.8	3135.1
110.1	531.1	1340.3	1743.7	3167.1
109.9	541.0	1365.8	1846.3	3120.1
109.4	568.7	1408.2	1951.3	3117.9
110.4	593.1	1411.4	2052.1	3109.8
110.8	615.1	1404.5	2149.9	3192.1
111.3	635.0	1406.4	2220.3	3200.5
110.9	653.9	1405.5	2315.1	3195.4
110.8	681.0	1392.2	2376.8	3213.3
110.2	689.1	1367.8	2434.7	3242.8
110.1	697.8	1346.9	2466.0	3266.4
110.1	703.8	1335.6	2510.0	3423.2
111.7	700.1	1288.8	2549.4	3443.0
111.6	688.8	1251.5	2575.4	3471.0
113.4	688.1	1234.7	2590.3	3510.7
114.5	641.7	1216.0	2630.5	3474.3
115.3	622.7	1169.4	2660.3	3311.6
116.4	603.6	1118.2	2706.5	3269.7
116.9	599.1	1050.3	2725.0	3268.9
117.2	554.4	1014.4	2696.6	3518.7
116.9	500.1	986.9	2684.5	3713.5
113.5	337.3	955.5	2689.0	3771.4
111.1	300.1	965.0	2684.3	3775.9
113.0	287.7	979.1	2680.1	3766.6
112.4	311.3	984.8	2662.7	3747.7
110.3	390.9	979.0	2644.2	3801.6
215.0	343.3	992.3	2626.2	3811.5
105.9	395.7	1017.4	2576.7	3703.3
212.5	481.8	1084.4	2533.2	3629.6
214.9	535.5	1231.2	2561.0	3569.7
222.9	566.0	1290.8	2727.6	3598.0
109.2	535.3	1333.3	2744.0	3584.2
109.3	558.1	1389.9	2726.3	3623.6
109.7	764.9	1673.7	2715.7	3705.4
112.1	840.5	1739.5	2767.4	3873.6
255.3	752.9	1692.6	2760.1	3910.9
93.8	777.9	1683.7	2750.3	3795.7
134.8	847.5	1719.4	2784.3	3730.1
0.0	814.9	1897.5	2802.6	3733.5
113.2	821.9	1944.1	2929.8	3819.9
115.4	817.5	1801.4	2835.2	3803.0
151.9	502.4	1782.5	2721.6	3610.3
100.8	788.6	1653.0	2547.7	3315.5
67.4	825.2	1607.6	2665.6	3518.8
0.0	673.9	1604.0	2622.1	3628.4
0.0	753.8	1539.2	2632.5	3530.2
0.0	541.1	1494.1	2608.2	3520.0
0.0	572.4	1530.8	2597.1	3536.3
111.7	603.0	1572.0	2648.9	3503.4
89.7	626.1	1596.8	2630.7	3457.5
100.7	655.3	1619.7	2628.3	3390.9
93.8	679.8	1632.0	2627.6	3400.5
94.1	686.1	1637.9	2618.8	3369.1
86.3	697.5	1644.5	2622.0	3333.2
85.3	712.3	1645.3	2628.6	3283.4
83.7	733.6	1670.0	2643.5	3282.7
80.3	741.1	1677.5	2628.3	3297.0
76.4	718.7	1665.3	2590.6	3256.7
75.6	712.6	1651.0	2575.3	3222.9
75.0	726.8	1654.1	2593.7	3217.6
72.7	706.7	1653.3	2597.5	3225.0
72.2	665.0	1612.3	2576.2	3208.8
71.0	676.6	1610.7	2571.0	3204.1
71.0	669.1	1632.0	2554.8	3250.6
100.8	650.3	1672.1	2583.6	3201.2
111.6	671.7	1727.1	2630.9	3194.7
113.7	700.8	1736.3	2564.3	3237.6
130.6	756.7	2020.6	2676.5	3271.1
104.3	761.0	2116.7	2734.7	3284.8
0.0	858.8	2051.7	2659.2	3334.5
0.0	1024.7	2118.2	2672.6	3368.6
0.0	873.0	2168.6	2612.9	3368.5
244.9	895.3	2150.8	2635.8	3380.4
315.8	857.2	2113.0	2709.5	3367.3
0.0	825.6	2048.8	2622.9	3343.4
0.0	975.0	1957.4	2609.3	3329.2
0.0	1212.9	2066.1	2681.5	3308.9
0.0	880.4	2091.2	2621.5	3309.9
0.0	1023.3	2089.9	2627.3	3389.2
0.0	1183.9	2098.7	2749.8	3323.9
0.0	889.1	1960.2	2627.8	3256.7
0.0	1150.2	2046.0	2602.1	3213.6
91.6	954.6	1866.7	2376.1	3154.6
95.2	783.6	1788.9	2416.5	3142.0
461.5	821.5	1702.3	2676.4	3136.9
150.0	717.0	1686.9	2694.3	3084.7
153.8	844.1	1696.0	2637.0	3058.7
0.0	831.7	1683.4	2567.4	3076.8
0.0	826.1	1657.6	2516.6	3062.1
0.0	696.1	1596.7	2609.7	3168.8
0.0	744.4	1555.1	2588.2	3163.3
0.0	725.0	1628.1	2471.9	3166.5
0.0	795.0	1613.1	2555.9	3309.7
0.0	782.6	1527.7	2576.4	3273.0
