0.0	0.0	0.0	0.0	0.0
0.0	0.0	0.0	0.0	0.0
0.0	0.0	0.0	0.0	0.0
0.0	862.5	1669.1	2458.8	3305.9
0.0	816.2	1668.3	2484.3	3333.4
179.1	798.2	1660.9	2526.2	3295.3
0.0	801.3	1644.5	2437.3	3391.0
0.0	710.2	1625.9	2473.5	3475.2
73.6	670.2	1759.4	2541.1	3429.1
0.0	955.9	1982.2	2776.8	3508.4
0.0	789.1	1807.3	2662.8	3449.4
0.0	684.9	1822.4	2625.0	3367.8
0.0	912.9	1828.7	2508.8	3440.8
0.0	743.7	1698.0	2448.2	3433.8
0.0	654.7	1705.7	2520.6	3411.3
0.0	1002.6	1834.1	2634.8	3479.1
0.0	756.5	1779.1	2608.4	3539.7
0.0	722.8	1479.5	2530.1	3460.3
0.0	650.1	1398.9	2497.7	3366.2
0.0	525.7	1331.7	2328.3	3368.5
0.0	485.9	1250.6	1601.9	3155.1
122.4	511.6	1318.1	1606.4	2952.4
126.2	516.9	1359.6	1654.2	2918.5
126.7	502.5	1497.8	1821.5	2975.2
126.6	499.3	1623.6	1974.7	3023.7
126.1	502.8	1695.2	2075.2	3097.5
126.1	504.2	1779.5	2178.9	3216.6
125.8	469.2	1841.4	2217.3	3343.2
126.4	439.1	1932.8	2291.4	3417.0
125.8	390.0	1988.4	2304.7	3411.2
125.0	403.5	2064.6	2308.2	3416.8
122.1	454.3	2024.4	2320.4	3370.3
114.3	451.7	1982.5	2549.0	3277.5
106.0	819.4	1974.0	2690.5	3331.7
74.6	762.7	1916.2	2545.1	3324.4
0.0	682.6	1965.5	2639.9	3415.2
0.0	734.8	1973.0	2806.5	3339.3
0.0	910.6	1911.1	2763.8	3298.0
0.0	856.7	1950.7	2676.5	3330.4
0.0	905.3	2098.4	2651.3	3283.6
0.0	911.5	2023.2	2621.7	3323.9
0.0	780.8	1869.4	2467.3	3269.6
0.0	1052.4	1881.7	2561.1	3345.4
214.3	1168.4	1813.5	2620.8	3439.9
0.0	1211.8	1778.0	2556.0	3327.8
0.0	826.1	1726.7	2430.4	3368.1
184.6	616.1	1774.6	2172.6	3200.7
0.0	440.8	1684.6	2038.7	3031.7
0.0	417.6	1714.5	2092.5	3035.3
132.2	428.7	1811.6	2184.6	3218.1
128.7	422.9	1894.9	2245.5	3351.7
125.3	414.9	1965.6	2362.1	3428.8
122.1	364.3	2034.9	2327.9	3477.3
120.1	362.7	2093.8	2308.0	3536.9
114.6	350.2	2087.4	2344.5	3521.1
107.3	317.3	1736.2	2298.0	3304.2
119.5	717.3	1723.1	2475.6	3468.9
244.9	791.9	1751.2	2543.3	3487.6
0.0	842.2	1916.5	2643.5	3471.8
0.0	748.2	1618.8	2508.0	3356.8
0.0	672.4	1502.1	2379.6	3223.9
0.0	547.3	1651.7	2546.1	3441.7
0.0	773.8	1729.4	2449.7	3431.6
0.0	918.0	1936.4	2603.4	3378.8
0.0	797.9	1872.6	2653.4	3371.5
103.3	757.2	1808.6	2623.5	3422.0
0.0	599.1	1760.8	2684.8	3522.6
0.0	601.0	1614.9	2585.9	3474.0
0.0	593.0	1509.1	2436.7	3450.4
255.3	667.7	1460.3	2339.2	3489.3
0.0	689.5	1373.9	2488.8	3467.3
0.0	838.6	1358.4	2602.3	3301.3
105.7	762.4	1340.6	2670.7	3130.6
100.4	793.6	1429.7	2362.7	3048.7
108.1	793.4	1396.1	1962.9	3054.5
110.1	709.6	1315.0	1968.2	3238.1
111.9	745.0	1317.1	1913.4	3294.1
112.2	705.6	1337.2	1989.8	3195.8
112.1	692.5	1350.7	1970.3	3093.6
110.2	704.5	1344.2	1954.7	3084.2
109.1	699.9	1406.7	2082.8	3059.7
107.7	701.5	1471.1	2189.8	3011.3
106.1	702.9	1547.5	2234.8	2930.0
105.5	696.5	1634.9	2315.4	2905.2
104.4	678.9	1767.2	2530.2	3044.0
103.6	674.5	1813.0	2595.9	3110.4
102.7	669.3	1834.3	2568.8	3031.0
102.0	627.7	1822.6	2497.3	2866.8
101.9	525.1	1719.9	2353.2	2794.6
101.3	399.2	912.8	2168.6	2636.9
98.2	420.7	1486.6	2205.7	2624.1
100.1	390.1	1470.8	2314.5	2717.0
98.6	380.4	1511.3	2390.1	3076.2
97.0	468.6	1671.1	2375.8	3031.2
97.1	494.1	1740.5	2649.5	3351.9
100.8	514.0	1705.8	2623.9	3226.3
104.9	516.9	1679.5	2618.8	3269.2
104.7	501.9	1670.8	2628.3	3536.6
0.0	489.1	1654.4	2644.9	3620.7
113.7	494.4	1660.9	2640.1	3651.5
82.6	658.2	1671.3	2596.0	3567.9
126.3	688.1	1678.3	2626.3	3478.8
0.0	775.7	1795.5	2717.6	3719.6
0.0	652.3	1780.3	2731.5	3789.0
214.3	703.2	1797.5	2786.5	3919.8
164.4	732.6	1859.3	2795.8	4165.9
0.0	743.5	1773.6	2761.9	3884.5
0.0	772.0	1790.3	2770.5	3847.1
108.1	728.4	1767.9	2761.9	3916.7
190.5	714.0	1726.4	2708.9	3755.2
190.5	746.6	1666.6	2715.4	3873.0
210.5	777.4	1591.8	2733.7	3883.4
226.4	721.6	1747.4	2693.8	3807.2
272.7	733.3	1720.0	2608.1	3865.1
0.0	670.0	1674.3	2557.2	3800.2
100.0	700.8	1658.8	2624.2	3695.8
0.0	768.5	1660.9	2694.5	3647.1
0.0	733.0	1627.9	2588.7	3549.7
0.0	692.0	1649.0	2427.6	3519.1
0.0	730.5	1752.4	2582.7	3630.3
191.5	791.6	1640.6	2535.2	3520.4
0.0	768.4	1603.8	2262.9	3332.4
0.0	789.1	1612.0	2275.5	3550.6
0.0	814.0	1631.3	2269.9	3496.0
106.2	801.4	1585.4	2379.6	3302.2
244.9	690.6	1585.6	2479.3	3315.4
0.0	727.0	1611.9	2551.7	3532.7
0.0	804.4	1653.7	2530.1	3551.0
0.0	784.1	1716.6	2577.3	3448.9
0.0	766.3	1686.6	2476.9	3313.5
0.0	764.7	1674.7	2413.7	3336.6
71.4	769.2	1518.6	2292.0	3397.6
166.7	644.1	1566.2	2384.1	3448.8
82.2	782.5	1613.2	2240.3	3481.5
0.0	788.2	1548.1	2417.3	3465.1
0.0	1024.0	1700.9	2692.0	3558.9
0.0	894.5	1737.6	2771.8	3510.2
0.0	742.1	1669.9	2530.2	3294.9
63.8	666.0	1776.4	2487.7	3313.7
0.0	730.3	1661.7	2558.5	3492.9
0.0	769.1	1796.3	2585.6	3512.1
0.0	764.4	1692.8	2562.3	3345.3
95.2	712.7	1722.2	2556.5	3316.9
0.0	738.6	1813.3	2622.9	3524.4
0.0	762.1	1728.1	2584.5	3545.2
0.0	739.5	1705.1	2552.2	3537.7
