0.0	0.0	0.0	0.0	0.0
0.0	0.0	0.0	0.0	0.0
0.0	0.0	0.0	0.0	0.0
0.0	573.6	1690.1	2407.2	3490.0
0.0	553.1	1673.5	2232.1	3316.7
0.0	687.2	1659.6	2216.5	3256.7
0.0	646.2	1658.9	2262.0	3402.2
0.0	646.7	1691.8	2281.0	3413.5
0.0	716.5	1733.8	2427.0	3470.4
0.0	781.8	1664.9	2494.0	3418.1
0.0	611.6	1518.3	2483.1	3377.2
0.0	859.9	1841.9	2600.3	3499.9
0.0	1029.0	1813.1	2681.9	3578.7
0.0	1144.6	1828.3	2728.5	3565.0
0.0	858.4	1831.5	2733.2	3458.8
0.0	580.5	1790.2	2752.0	3407.3
0.0	579.2	1643.8	2449.5	3428.1
0.0	707.9	1798.0	2534.7	3482.5
0.0	701.7	1760.5	2578.5	3490.8
0.0	625.5	1711.8	2712.5	3477.3
0.0	660.4	1838.6	2829.7	3592.0
0.0	768.6	1732.6	2759.1	3657.8
0.0	792.4	1858.2	2821.1	3779.2
0.0	829.1	1886.3	2914.9	3788.0
0.0	980.6	1982.1	2867.0	3777.8
0.0	955.4	1832.4	2770.0	3690.4
0.0	914.6	1871.0	2704.5	3629.4
0.0	714.5	1747.1	2654.5	3606.2
0.0	702.8	1746.3	2673.9	3804.4
0.0	585.8	1812.2	2857.6	3769.9
173.9	801.6	1912.1	2973.8	3872.7
91.6	940.5	1922.9	2842.0	3756.1
127.7	924.0	1911.8	2743.5	3701.1
144.6	1029.8	1849.9	2749.2	3539.1
83.9	899.6	1815.6	2740.7	3422.5
0.0	1023.3	1853.0	2785.6	3607.6
461.5	761.3	1749.9	2770.0	3709.8
0.0	672.0	1629.4	2638.6	3750.9
0.0	595.6	1635.7	2529.2	3715.4
0.0	479.9	1582.5	2449.7	3350.0
150.0	486.4	1539.3	2419.0	3385.6
146.4	507.7	1503.7	2374.0	3423.4
142.7	538.9	1422.5	2213.5	3200.9
143.5	558.6	1388.4	2274.6	3240.9
140.3	565.4	1333.9	2272.0	3079.5
140.3	561.3	1279.6	2253.0	3123.2
142.1	530.3	1258.8	2110.0	3133.7
144.5	533.8	1206.5	2073.4	3290.2
145.4	538.4	1200.3	2162.9	3321.1
148.3	514.9	1210.8	2184.9	3281.1
150.0	514.3	1224.9	2171.9	3334.0
152.1	481.3	1236.6	2151.7	3208.7
153.7	446.4	1244.1	2296.5	3005.5
156.7	450.6	1215.2	2177.6	2943.7
155.8	426.5	1177.1	2282.7	3060.5
157.9	393.1	1121.8	2317.9	2972.8
157.8	415.9	1079.8	2290.5	2925.2
157.9	397.3	976.3	2222.0	2924.0
157.9	426.1	1044.5	2289.7	2905.1
157.9	443.9	1057.2	2254.3	2907.8
157.9	435.8	989.6	2135.8	2963.1
157.1	439.4	906.6	2151.7	2989.0
155.8	438.1	879.8	2119.1	3028.0
155.8	471.4	928.8	2108.0	3069.2
155.8	507.0	965.6	2037.0	3085.2
158.9	524.0	1051.3	1984.0	3163.8
160.2	538.6	1133.6	1916.0	3204.7
160.6	552.9	1196.6	1828.7	3243.0
159.3	546.8	1259.4	1777.0	3270.2
158.7	564.0	1278.6	1782.2	3282.3
159.5	546.9	1298.5	1768.2	3307.7
158.9	535.2	1340.2	1750.7	3318.6
158.5	531.4	1384.2	1754.1	3334.2
157.0	474.3	1413.0	1773.2	3398.0
156.2	442.6	1433.3	1792.5	3454.7
153.3	422.9	1457.1	1844.9	3393.7
150.3	376.8	1472.2	2107.7	3232.5
137.1	824.7	1482.0	2445.7	3244.1
64.8	907.0	1612.0	2425.2	3357.3
137.9	1085.9	1727.8	2489.1	3355.7
63.5	814.2	1715.8	2628.2	3304.3
0.0	760.0	1688.2	2603.0	3341.0
0.0	669.5	1536.6	2526.6	3374.5
0.0	982.1	1450.6	2518.6	3390.4
0.0	966.9	1313.0	2498.0	3489.7
0.0	765.8	1225.6	2479.4	3531.7
0.0	875.7	1220.9	2513.8	3606.3
0.0	916.9	1347.8	2655.5	3745.8
85.1	827.0	1544.8	2685.5	3799.9
0.0	780.5	1353.3	2545.1	3644.7
0.0	421.6	1182.9	2423.9	3404.2
0.0	435.7	1010.4	2406.6	3274.9
147.7	492.3	1098.1	2402.0	3181.9
144.0	546.8	1228.4	2420.0	3246.2
144.8	584.0	1328.2	2423.7	3162.1
142.8	573.3	1474.1	2385.5	3024.8
141.2	557.8	1530.7	2405.1	3104.3
139.5	576.6	1580.7	2396.6	3095.2
135.9	546.9	1621.3	2375.6	3061.5
136.4	542.1	1667.9	2411.2	3071.0
130.4	544.0	1716.0	2446.8	3252.8
130.6	524.7	1714.7	2444.1	3242.7
129.8	504.5	1757.5	2412.2	3135.5
128.4	493.6	1806.2	2423.8	3207.6
126.9	487.8	1864.3	2422.0	3311.7
125.1	490.9	1883.4	2405.5	3142.8
125.1	468.0	1879.2	2406.6	3008.8
124.9	431.7	1877.3	2392.7	3041.9
126.0	415.2	1886.4	2397.2	3277.8
125.3	396.3	1866.1	2361.6	3423.1
124.4	410.2	1833.4	2310.6	3555.6
121.2	461.0	1732.1	2306.8	3431.8
116.1	595.6	1629.7	2465.6	3427.1
111.1	1254.8	1804.4	2707.0	3423.3
105.3	972.9	1669.4	2731.9	3399.0
190.5	917.7	1680.6	2746.4	3416.9
136.4	1106.3	1880.8	2749.4	3459.7
0.0	1006.0	1806.8	2635.9	3453.6
206.9	808.7	1791.2	2600.8	3468.8
0.0	762.0	1614.0	2635.0	3428.7
352.9	729.5	1640.4	2651.8	3415.4
375.0	737.4	1623.2	2365.4	3463.2
0.0	474.7	1268.9	1802.0	3254.0
0.0	452.2	1266.7	1748.8	3176.8
135.3	431.0	1340.9	1768.3	3023.4
133.3	421.4	1409.1	1823.1	2875.5
131.9	445.5	1529.2	1893.8	2880.4
130.1	437.7	1542.3	2284.3	3332.4
119.8	349.8	1563.4	2563.6	3350.5
96.0	790.6	1679.2	2645.4	3371.0
130.4	799.1	1769.3	2698.3	3526.2
0.0	909.4	1921.3	2773.1	3594.4
0.0	861.9	1665.1	2677.3	3499.8
0.0	752.4	1751.5	2683.9	3748.8
571.4	767.4	1745.9	2638.3	3738.0
0.0	814.9	1708.6	2626.2	3691.5
300.0	668.8	1643.2	2560.8	3543.4
0.0	696.8	1586.5	2452.1	3398.5
0.0	753.8	1538.2	2378.8	3285.5
0.0	698.8	1387.6	2264.2	3215.0
148.1	731.8	1338.8	2245.6	3093.2
133.3	710.3	1301.5	2295.8	3026.9
133.5	665.5	1252.1	2303.6	2867.4
133.9	686.3	1267.5	2311.6	2963.8
133.3	687.7	1266.0	2296.0	2767.8
131.4	670.5	1240.8	2312.8	2856.9
129.2	655.5	1243.5	2330.4	2983.8
126.5	648.6	1224.1	2315.7	2893.8
125.6	649.3	1295.0	2367.4	3097.8
123.5	652.2	1333.0	2361.5	3148.2
121.8	653.2	1329.1	2290.6	2962.7
120.4	647.3	1368.9	2284.8	2900.7
120.6	633.1	1404.8	2317.4	3192.6
119.9	611.1	1475.5	2300.4	3320.7
119.0	592.7	1500.8	2257.8	2973.5
117.4	592.2	1500.6	2350.0	3231.5
115.2	573.8	1515.4	2332.2	3207.1
111.1	568.9	1424.0	2367.6	3324.7
108.3	610.2	1335.9	2296.8	3479.3
105.1	611.1	1312.5	2270.5	3459.3
101.7	621.2	1274.0	2291.3	3473.7
106.4	627.2	1150.1	2279.8	3487.3
94.5	632.5	1123.6	2322.0	3418.2
108.9	624.8	1100.0	2356.5	3364.3
93.4	560.7	1028.3	2349.5	3410.0
103.4	588.2	1012.9	2399.7	3263.9
95.2	546.0	1001.3	2424.9	3185.2
101.7	573.8	995.2	2449.0	3231.2
93.9	566.1	965.0	2444.9	3360.2
102.0	622.3	995.8	2427.1	3468.3
98.3	568.3	948.3	2390.8	3443.1
100.2	526.2	913.6	2439.5	3434.0
93.8	523.1	873.1	2468.6	3344.3
104.3	554.0	874.1	2457.7	3301.8
94.3	538.7	919.5	2498.4	3286.0
100.9	583.0	957.7	2496.4	3207.7
95.2	516.9	940.3	2476.5	3207.6
108.1	503.4	952.7	2496.9	3241.7
96.8	563.7	1025.7	2437.6	3324.2
95.2	596.0	1060.1	2447.3	3423.2
90.2	682.6	1280.2	2538.3	3404.9
93.0	705.4	1491.5	2551.9	3485.8
0.0	742.8	1661.6	2562.4	3577.8
0.0	863.5	1724.6	2697.3	3707.1
571.4	842.3	1806.7	2832.4	3939.2
210.5	834.3	1713.3	2900.0	3939.9
230.8	890.7	1983.1	3044.1	4607.9
83.3	962.5	1974.8	3011.5	4639.3
0.0	852.0	1810.3	3045.4	4079.2
0.0	785.8	1691.9	2939.4	3929.4
307.7	824.2	1931.8	3153.8	4574.5
203.4	873.4	2042.6	3240.6	4432.2
0.0	502.4	1869.2	2917.2	3810.2
307.7	774.7	2012.4	3036.7	4028.7
96.8	748.3	2022.1	3021.6	4349.1
400.0	795.6	2195.0	3026.5	4369.6
428.6	1057.6	1995.1	3081.0	4012.3
300.0	762.1	1895.7	3045.7	4107.7
0.0	800.2	1835.9	2946.8	4241.1
0.0	682.7	1548.6	2865.4	3713.6
0.0	646.5	1361.6	2605.4	3553.0
160.0	646.1	1272.9	2389.8	3548.8
444.4	696.5	1221.1	2192.5	3530.1
181.8	682.6	1233.8	2145.3	3346.9
181.8	809.8	1274.8	2250.1	3278.6
123.7	737.9	1330.8	2234.4	3212.1
0.0	746.5	1474.2	2212.2	3194.5
0.0	728.2	1443.2	2523.4	3435.0
244.9	1007.5	1394.6	2374.7	3322.5
0.0	972.8	1496.1	2453.3	3254.9
0.0	852.7	1589.6	2545.5	3300.0
