0.0	0.0	0.0	0.0	0.0
0.0	0.0	0.0	0.0	0.0
0.0	0.0	0.0	0.0	0.0
0.0	722.5	1748.7	2692.8	3555.7
0.0	691.0	1719.1	2558.7	3415.5
0.0	652.5	1690.7	2573.2	3430.5
0.0	634.1	1637.4	2629.8	3442.3
78.9	685.0	1752.4	2600.5	3322.5
0.0	947.3	1949.6	2761.6	3463.1
0.0	942.2	1777.4	2730.1	3492.3
0.0	588.6	1538.5	2650.5	3503.8
0.0	770.4	1681.3	2560.3	3580.7
0.0	835.7	1830.7	2630.1	3512.6
0.0	1075.7	1953.2	2653.6	3483.3
0.0	863.0	1825.0	2635.5	3424.8
0.0	809.2	1634.1	2558.6	3320.7
0.0	819.0	1386.8	2354.1	3319.1
0.0	779.7	1417.4	2292.4	3292.7
0.0	705.2	1393.8	2236.6	3192.0
162.2	689.8	1350.0	2205.0	3230.4
0.0	742.2	1359.9	2248.2	3225.2
0.0	694.3	1323.0	2209.7	3234.5
244.9	563.6	1350.4	2214.6	3242.8
0.0	489.7	1393.8	2307.1	3398.3
0.0	418.9	1255.2	2272.5	3461.9
128.3	402.0	1210.3	2251.7	3395.6
133.5	387.0	1184.5	2220.2	3238.0
131.9	387.8	1154.9	2234.6	3274.2
130.5	386.4	1122.8	2244.1	3357.7
132.2	396.0	1076.3	2233.3	3329.9
131.8	396.3	1050.4	2232.3	3325.6
131.7	388.6	1040.8	2229.8	3329.1
132.9	394.6	1045.0	2238.9	3296.0
131.8	385.5	1046.6	2219.8	3256.5
131.0	391.6	1077.7	2228.5	3255.3
131.6	402.4	1141.4	2231.1	3241.3
131.7	403.9	1208.5	2227.7	3257.0
132.7	393.0	1285.1	2204.6	3368.1
131.7	393.4	1373.7	2199.6	3337.2
129.5	391.5	1428.0	2210.9	3317.6
127.8	398.2	1503.9	2275.2	3524.6
124.8	387.4	1561.7	2254.0	3585.1
122.3	395.7	1586.0	2279.5	3636.9
118.5	407.7	1619.2	2433.1	3662.4
114.2	435.1	1627.4	2413.7	3630.7
110.5	435.9	1661.0	2461.7	3598.8
104.3	831.8	1673.1	2674.7	3782.6
91.6	1100.8	1720.6	2856.5	3818.0
0.0	649.1	1706.2	2860.7	3764.7
0.0	1134.0	1851.0	2864.9	3855.9
181.8	1151.2	1691.9	2641.2	3783.5
0.0	863.8	1454.7	2442.1	3627.2
0.0	831.2	1525.6	2509.9	3470.0
0.0	897.7	1712.5	2674.2	3416.2
0.0	850.6	1676.8	2653.9	3383.1
0.0	809.6	1706.5	2605.1	3466.3
0.0	961.4	1381.5	2600.0	3519.2
0.0	766.3	1322.8	2610.5	3569.4
0.0	623.3	1184.3	2409.1	3589.9
0.0	583.5	1157.5	2264.2	3537.4
413.8	427.4	1129.1	2219.2	3450.5
0.0	462.6	1026.0	2169.1	3389.0
0.0	479.4	958.7	2170.3	3315.8
121.8	512.5	941.4	2158.8	3280.5
118.5	466.8	934.4	2124.1	3247.4
116.7	490.0	943.4	2098.4	3224.1
115.3	532.7	995.4	2079.5	3225.7
113.9	462.3	1054.9	2085.0	3240.8
114.6	455.7	1128.0	2086.2	3249.6
116.2	470.6	1232.7	2103.3	3247.2
116.3	461.9	1319.5	2119.5	3244.9
116.8	452.6	1422.7	2134.2	3184.4
115.9	492.2	1485.6	2127.1	2993.3
115.7	511.8	1598.9	2104.1	3063.7
116.5	473.4	1667.9	2097.0	3134.2
115.8	533.8	1646.1	2196.7	3042.9
113.2	540.3	1603.1	2332.8	3143.8
112.6	498.9	1596.5	2325.6	3209.6
112.0	477.0	1583.0	2286.6	3306.9
108.3	339.5	1646.3	2330.4	3329.1
105.7	303.3	1674.7	2292.0	3315.9
101.7	768.4	1781.1	2442.6	3490.7
98.4	933.8	1733.6	2618.9	3408.7
104.3	593.4	1618.1	2875.3	3444.0
0.0	712.5	1686.4	2910.5	3562.7
0.0	763.8	1774.4	2795.3	3499.7
480.0	614.8	1678.5	2544.7	3442.7
139.5	388.9	1645.8	2518.8	3626.2
0.0	416.5	1670.5	2479.7	3760.1
111.1	425.3	1665.1	2451.2	3706.0
109.1	378.4	1694.3	2544.6	3731.0
100.8	708.5	1744.8	2725.4	3779.0
0.0	696.3	1766.0	3044.6	3845.1
500.0	928.2	2003.8	3121.5	3905.3
85.1	961.2	2040.2	3030.7	3862.3
0.0	867.7	1885.6	2946.8	3729.1
500.0	890.0	1743.2	3128.0	3659.7
0.0	352.5	1788.1	3191.6	3697.2
0.0	1215.7	1957.6	3183.3	3637.2
200.0	1058.4	1712.1	3004.5	3358.8
69.0	796.5	1747.7	2782.0	3429.6
64.2	817.8	1734.3	2677.0	3453.8
82.2	895.4	1834.6	2935.4	3495.2
0.0	1091.6	1977.4	2974.1	3581.6
0.0	560.8	1760.8	2413.0	3597.0
0.0	596.0	1534.4	2365.4	3462.5
0.0	606.2	1435.6	2382.4	3261.4
144.1	634.8	1419.0	2399.2	3402.8
118.2	634.1	1391.0	2412.3	3554.6
115.6	645.4	1362.8	2444.8	3531.4
115.3	646.8	1327.6	2426.1	3526.8
114.1	649.9	1316.9	2420.6	3385.2
112.9	672.7	1307.8	2422.8	3238.2
110.9	688.0	1294.6	2420.1	3228.5
110.6	705.4	1296.6	2431.7	3499.3
109.9	741.9	1270.4	2415.4	3591.7
109.0	728.0	1230.1	2413.0	3611.6
108.9	697.2	1207.5	2430.9	3639.2
106.9	692.4	1181.0	2396.5	3638.3
102.6	679.3	1152.4	2355.2	3521.9
97.3	563.6	1093.6	2282.4	3355.4
83.6	499.3	1063.3	2206.6	3321.3
75.9	495.2	1099.8	2166.4	3322.0
72.7	599.1	1332.9	2237.7	3232.3
78.9	888.0	1533.8	2208.3	3283.2
0.0	320.5	1222.7	2157.8	3210.5
0.0	345.7	1246.2	2110.0	3222.3
96.0	343.9	1172.8	2018.3	3153.4
94.1	424.3	1209.2	2070.4	3211.9
96.0	481.1	1268.6	2033.5	3248.6
96.7	508.3	1306.1	2110.2	3260.9
96.9	487.8	1474.8	2170.6	3188.9
100.0	478.2	1604.6	2196.0	3030.9
99.7	506.3	1695.5	2214.3	3003.8
98.7	457.6	1769.8	2396.1	3233.9
97.0	467.2	1806.2	2307.5	3046.8
96.8	462.9	1897.5	2377.0	3055.6
94.5	480.7	1937.6	2435.2	3157.5
93.8	481.2	1969.1	2445.4	3133.8
93.2	464.0	2001.1	2460.7	3327.6
91.6	443.1	2018.9	2480.7	3459.6
89.8	442.2	2030.4	2460.5	3458.4
90.2	452.6	2050.7	2492.2	3414.7
89.1	457.7	2054.3	2560.5	3506.9
84.2	428.9	2044.4	2644.9	3647.1
83.9	593.9	2154.9	2807.6	3647.3
83.9	591.7	2175.3	2660.9	3657.5
82.2	631.3	2149.2	2539.0	3550.2
84.5	626.6	2120.5	2588.0	3447.7
81.6	630.7	2193.5	2586.2	3403.5
83.3	579.6	2027.6	2486.5	3237.8
193.5	618.5	1677.8	2508.7	3192.7
158.7	540.2	1872.1	2381.8	3429.7
101.7	412.4	1864.1	2361.8	3472.3
73.2	820.5	1868.0	2407.6	3391.2
272.7	500.2	1701.9	2371.6	3388.2
202.0	487.1	1603.2	2377.7	3349.6
0.0	563.5	1610.8	2496.9	3307.4
126.3	560.4	1571.3	2537.7	3288.1
