0.0	0.0	0.0	0.0	0.0
0.0	0.0	0.0	0.0	0.0
0.0	0.0	0.0	0.0	0.0
0.0	843.5	1826.3	2758.0	3481.4
0.0	861.7	1862.0	2687.2	3513.6
0.0	902.1	1970.3	2669.4	3499.4
0.0	681.1	1863.6	2580.6	3421.4
0.0	873.7	1771.6	2555.8	3349.8
0.0	857.9	1796.3	2636.8	3511.7
0.0	568.4	1533.2	2488.3	3450.3
0.0	657.1	1544.8	2515.8	3416.9
0.0	704.8	1567.7	2561.1	3415.5
0.0	773.7	1720.9	2652.3	3457.4
0.0	696.4	1710.9	2656.9	3434.5
0.0	663.6	1653.9	2655.0	3485.6
0.0	816.5	1710.7	2657.1	3519.2
0.0	838.0	1760.3	2667.8	3457.3
0.0	730.6	1784.1	2651.7	3418.0
0.0	664.4	1703.7	2499.0	3316.6
0.0	506.0	1411.6	2457.5	3280.7
0.0	492.3	1323.1	2432.4	3209.1
0.0	496.5	1377.2	2374.1	3071.9
118.8	493.0	1455.2	2306.7	3030.0
115.2	454.1	1458.3	2169.7	2982.1
113.3	423.8	1432.1	1948.2	3189.5
110.9	456.1	1406.4	2336.3	3448.8
107.1	312.6	1501.8	2532.1	3357.4
91.6	1195.3	1577.3	2767.6	3482.7
139.5	1208.4	1628.2	2699.2	3606.1
0.0	1009.5	1617.9	2622.9	3489.4
0.0	1147.4	1930.3	2654.8	3534.5
0.0	994.1	1593.1	2440.0	3405.7
0.0	647.0	1061.9	2156.3	3521.8
0.0	856.4	2023.6	2697.9	3724.7
272.7	783.7	2083.8	2769.1	3596.6
0.0	762.2	1994.8	2628.2	3546.0
500.0	803.9	2176.6	3024.0	3726.4
545.5	907.5	2066.7	2671.0	3549.7
0.0	859.7	1344.2	2395.2	3492.9
122.4	659.0	1129.1	2384.0	3493.2
0.0	560.1	1044.2	2305.3	3449.6
150.2	576.2	1077.9	2231.1	3264.9
125.2	558.3	1088.1	2081.2	3187.4
124.0	535.5	1106.3	2016.2	3191.4
123.7	515.1	1115.9	2015.9	3203.4
123.8	498.6	1159.2	1747.6	3288.9
125.0	485.8	1169.7	1578.6	3469.2
126.0	492.6	1183.6	1487.3	3427.7
125.3	410.6	1211.5	1458.1	3420.2
121.6	398.3	1237.7	1428.0	3421.3
123.7	409.6	1302.8	1945.7	3484.1
175.9	392.8	1322.5	2401.1	3556.9
66.2	1024.4	1451.0	2477.1	3450.6
75.4	981.6	1565.4	2585.9	3517.3
144.6	1016.8	1502.8	2604.8	3595.8
0.0	1018.9	1436.7	2443.7	3691.6
0.0	1075.7	1607.7	2575.4	3574.2
428.6	1224.4	1882.2	2710.0	3568.2
0.0	1274.1	1961.5	2753.0	3527.7
255.3	1064.0	2025.5	2964.6	3905.8
0.0	1008.3	1935.0	2968.9	4274.0
521.7	1011.3	2244.3	3068.3	4176.1
83.3	718.4	1856.4	2887.7	3932.5
146.3	1104.9	1813.1	2788.5	3790.6
134.8	1100.7	1846.0	2722.4	3542.7
0.0	576.3	1424.3	2432.9	3506.6
272.7	683.4	1463.6	2453.6	3666.8
0.0	647.8	1252.7	2451.8	3694.0
203.4	630.3	1090.3	2486.2	3333.5
64.0	655.4	1086.0	2467.1	3375.8
127.4	691.9	1108.3	2452.5	3373.9
80.0	696.8	1085.4	2426.6	3089.4
0.0	719.3	1094.9	2443.2	3110.6
120.5	747.8	1125.4	2452.8	3190.9
116.8	763.8	1143.9	2457.7	3225.5
117.2	767.2	1153.7	2438.7	3395.5
117.5	783.9	1151.6	2438.3	3406.1
115.1	811.3	1167.3	2448.0	3363.9
114.5	773.3	1203.7	2441.5	3297.8
113.3	764.4	1245.6	2401.8	3198.8
112.1	757.9	1286.8	2343.7	3183.5
111.8	741.8	1283.7	2400.5	3184.1
112.4	732.0	1307.6	2422.9	3246.3
113.1	737.1	1368.1	2388.2	3208.0
114.0	685.1	1447.7	2390.1	3203.5
113.9	614.6	1493.7	2387.2	3269.5
114.7	572.3	1527.7	2367.9	3210.6
114.3	541.1	1562.3	2373.7	3154.1
115.4	514.4	1605.1	2383.6	3207.1
115.0	469.7	1627.7	2386.3	3110.2
115.7	456.5	1621.0	2414.3	3200.3
115.1	431.5	1580.4	2408.2	3318.3
116.4	346.3	1528.8	2376.0	3380.2
115.8	334.9	1487.1	2378.2	3493.5
113.2	327.2	1467.9	2667.2	3633.4
110.1	529.7	1538.5	3120.5	4112.5
0.0	495.7	1967.6	3172.5	4097.5
0.0	1053.2	2284.4	3286.1	4303.5
100.0	1033.5	2248.6	3319.4	4146.9
0.0	979.6	1875.5	2852.3	3814.1
0.0	976.7	1847.5	2815.9	3684.7
0.0	779.0	1787.9	2855.4	3637.8
0.0	921.2	1852.8	2894.6	3534.2
400.0	927.9	1821.4	2887.2	3508.5
0.0	974.0	1775.4	2640.5	3452.2
0.0	1041.8	1676.2	2686.9	3531.8
0.0	972.9	1717.3	2590.7	3504.6
0.0	1016.6	1740.8	2452.6	3293.2
571.4	994.7	1647.5	2564.2	3392.3
244.9	960.4	1675.3	2658.4	3474.0
222.2	1008.6	1761.1	2704.5	3414.7
413.8	920.1	1712.0	2870.5	3392.7
0.0	905.1	1713.2	2912.9	3381.4
0.0	986.8	1955.0	2897.8	3560.9
0.0	880.4	1970.5	2912.4	3585.2
0.0	606.8	1294.7	2500.6	3287.6
0.0	513.7	1024.7	2417.2	3139.4
130.2	542.1	1084.5	2374.8	3092.7
226.4	571.7	1188.0	2338.4	3080.5
0.0	543.7	1238.1	2256.6	3014.3
109.4	522.8	1309.4	2282.1	3114.6
126.4	499.4	1373.5	2023.3	3102.5
110.2	460.2	1429.6	1814.9	3198.8
116.5	430.5	1476.3	2180.2	3270.1
101.6	820.1	1598.0	2537.7	3418.0
141.2	737.9	1746.1	2671.6	3467.8
0.0	791.4	1682.7	2527.7	3340.5
0.0	902.5	1498.7	2609.7	3448.0
0.0	703.8	1521.2	2679.9	3567.8
0.0	642.4	1576.0	2246.8	3559.0
0.0	588.6	1549.4	2227.7	3553.5
126.3	532.8	1426.2	2327.8	3507.4
96.8	514.1	1421.0	2200.4	3477.0
0.0	407.1	1386.8	2065.4	3291.8
172.0	420.0	1332.2	1701.7	3037.7
102.1	417.0	1319.0	1636.7	2883.8
135.6	428.0	1334.5	1636.6	2927.3
86.3	399.6	1337.9	1641.9	2951.0
0.0	405.4	1348.5	1648.2	2990.8
106.2	404.6	1386.8	1677.3	3089.8
103.4	391.0	1357.6	1625.5	3120.2
102.6	359.9	1362.8	1580.4	3044.5
100.8	329.4	1450.7	1628.2	2967.1
102.4	334.7	1451.6	2292.6	3207.8
102.6	407.7	1445.5	2274.2	3178.6
109.4	353.8	1455.4	2382.9	3262.4
97.6	836.0	1573.3	2572.9	3448.4
133.0	859.3	1682.8	2591.7	3509.5
134.8	786.9	1651.7	2576.0	3384.1
0.0	600.8	1683.7	2530.2	3404.9
0.0	578.0	1773.9	2503.1	3533.0
210.5	488.7	1429.7	2597.6	3448.4
0.0	823.9	1372.5	2549.9	3471.2
0.0	720.5	1333.2	2477.9	3454.8
0.0	769.9	1334.3	2566.8	3485.1
0.0	1028.5	1436.2	2694.3	3492.8
0.0	1022.0	1524.0	2616.2	3457.9
0.0	928.4	1753.0	2681.4	3490.2
0.0	823.4	1815.8	2748.6	3452.5
0.0	869.1	1871.8	2779.4	3488.1
