0.0	0.0	0.0	0.0	0.0
0.0	0.0	0.0	0.0	0.0
0.0	0.0	0.0	0.0	0.0
0.0	1101.1	1765.5	2561.5	3310.1
0.0	1076.6	1843.7	2704.6	3426.8
0.0	737.8	1800.1	2667.3	3408.2
0.0	729.7	1692.4	2609.4	3334.5
0.0	725.3	1645.2	2410.9	3254.4
0.0	920.1	1793.0	2518.0	3394.8
0.0	732.6	1741.9	2603.8	3435.8
0.0	905.1	1881.2	2718.6	3538.0
0.0	1014.0	1875.7	2706.0	3526.4
0.0	899.9	1822.2	2642.0	3454.0
0.0	263.4	1030.2	2538.0	3395.6
0.0	367.9	1005.4	2669.3	3453.9
142.9	389.4	1002.6	2622.6	3514.8
130.4	485.4	1020.7	2581.0	3401.1
132.1	585.9	941.3	2756.5	3272.4
146.2	681.0	996.3	2844.8	3365.2
134.2	706.6	1007.2	2798.0	3332.5
134.5	717.8	1028.2	2964.9	2990.5
136.1	727.2	1028.5	2846.5	3410.7
137.6	694.3	1002.5	2849.1	3404.4
138.9	690.4	1009.6	2881.4	3380.8
141.3	658.0	986.7	2882.7	3213.6
142.7	627.4	969.2	2881.7	3077.4
143.7	581.8	938.9	2907.8	3349.1
144.4	526.1	861.8	2892.0	3264.3
144.1	473.1	880.7	2888.5	3425.9
142.5	436.8	865.7	2854.0	3206.1
141.7	411.9	879.3	2838.1	3348.4
137.7	432.4	944.3	2832.1	3562.1
135.1	529.1	1007.4	2822.3	3459.3
135.0	549.4	1036.3	2845.4	3471.1
131.9	570.5	1054.5	2823.8	3581.2
128.8	566.8	1077.4	2784.2	3573.1
126.5	553.5	1158.5	2769.9	3543.0
124.7	528.7	1211.4	2746.3	3575.0
124.3	482.1	1230.7	2793.0	3715.3
122.1	481.4	1272.7	2736.5	3720.0
121.7	478.3	1355.5	2744.8	3668.4
118.5	611.9	1500.2	2708.5	3687.1
115.4	833.1	1833.3	2903.7	4400.5
126.3	1009.7	1886.6	2927.8	4876.6
0.0	1053.7	1932.5	3009.3	4891.1
0.0	823.1	1924.6	3088.0	5118.8
0.0	892.0	1921.9	3239.2	5064.5
226.4	995.6	1827.0	3251.4	5019.1
0.0	761.7	1649.8	3269.2	4986.2
92.3	951.4	1701.0	3131.0	4782.2
500.0	987.1	1851.2	2996.0	4100.9
0.0	847.5	1561.0	2682.4	3841.5
0.0	947.4	1874.5	2618.9	3771.8
96.8	1074.6	1883.2	2596.9	3782.7
133.3	1124.7	1993.6	2706.5	3742.5
91.6	1140.4	1817.6	2552.0	3795.4
164.4	1058.2	1608.1	2487.5	3782.5
307.7	1040.8	1437.7	2616.4	3704.6
104.3	912.8	1327.3	2495.7	3611.6
76.9	1101.0	1722.9	2592.0	3673.7
0.0	1156.1	1654.5	2641.8	3720.5
571.4	1091.0	1771.9	2840.4	3746.0
160.0	1276.0	1955.9	3141.6	3892.4
0.0	1322.0	2181.9	3399.6	4345.9
125.0	1143.0	2120.7	3437.4	4268.9
146.3	952.1	2217.9	3484.2	4185.0
0.0	511.4	2178.5	3366.3	4035.1
214.3	1198.1	2345.3	3521.3	4109.7
285.7	842.5	2128.7	3209.6	3844.3
0.0	1409.1	2331.2	3248.6	3967.9
0.0	475.1	2070.0	2923.1	3793.1
230.8	787.6	1570.9	2510.4	3697.1
230.8	626.2	1279.2	2478.8	3689.0
71.0	575.1	1143.4	2478.9	3502.0
0.0	600.2	1127.2	2436.3	3343.0
125.0	628.3	1143.1	2358.4	3243.6
124.0	638.3	1117.7	2270.4	3131.4
125.0	634.6	1115.9	2211.0	3077.1
122.4	624.7	1106.7	2132.0	3111.4
120.8	612.5	1125.4	2058.1	3119.1
119.2	616.6	1165.0	1953.2	3065.5
117.9	602.6	1162.2	1853.0	3048.0
118.0	601.8	1146.6	1840.6	2999.1
115.9	586.2	1155.3	1808.2	2975.4
115.3	575.1	1162.7	1830.4	3011.2
114.1	576.0	1240.5	1939.1	3159.9
112.7	575.4	1278.7	2025.7	3262.1
110.8	582.3	1313.9	2183.4	3289.2
110.2	584.0	1366.9	2126.8	3310.5
110.0	552.3	1398.3	2064.0	3325.1
110.7	554.7	1443.4	1949.7	3326.7
109.8	519.9	1511.3	1954.4	3333.0
107.4	523.9	1526.7	2284.2	3290.5
99.5	860.7	1567.0	2502.3	3423.4
95.1	791.2	1725.2	2542.3	3387.3
0.0	1025.6	1840.3	2571.3	3370.1
0.0	724.4	1568.0	2390.9	3357.7
0.0	982.2	1691.3	2367.1	3491.1
0.0	613.6	1775.9	2266.2	3496.2
0.0	716.9	1929.3	2433.3	3696.0
0.0	513.5	1918.3	2439.9	3648.0
0.0	651.1	1754.6	2361.5	3433.0
0.0	641.3	1728.6	2329.0	3334.8
0.0	592.3	1738.1	2318.1	3328.1
0.0	484.6	1699.1	2329.7	3254.7
0.0	469.8	1692.9	2329.1	3180.4
122.3	466.9	1728.6	2376.8	3192.7
122.3	460.4	1743.7	2386.1	3162.9
122.4	404.3	1756.3	2363.1	3195.2
124.0	389.5	1758.6	2344.7	3179.4
125.0	376.9	1748.9	2320.5	3237.4
126.2	374.7	1670.4	2269.7	3320.9
125.7	374.7	1610.2	2254.9	3302.3
124.7	365.6	1577.9	2269.7	3342.3
121.1	369.0	1578.0	2496.5	3556.3
115.4	937.7	1971.2	2843.9	3683.5
121.2	1274.0	2106.5	2975.6	3948.8
0.0	664.8	1612.1	2742.5	3830.8
0.0	1003.4	1754.2	2727.7	3703.0
106.2	910.1	1598.1	2840.4	3819.0
176.5	945.3	1741.6	2885.8	3905.0
0.0	679.6	1802.8	2947.1	4008.6
0.0	656.8	1801.5	3005.1	3938.2
0.0	577.7	1652.6	2561.3	3756.7
121.2	496.6	1552.5	2500.6	3664.0
107.1	445.5	1491.8	2516.2	3456.1
0.0	427.1	1400.9	2530.6	3286.5
134.8	428.5	1363.1	2332.0	3162.3
119.2	385.8	1465.3	2280.9	3049.6
123.5	374.3	1388.1	2247.0	3021.1
119.8	383.9	1350.0	2241.4	3112.7
117.3	367.1	1895.6	2484.2	3597.4
115.1	364.1	1623.1	2333.6	3518.7
112.5	362.8	1212.5	2388.1	3477.5
111.1	347.3	1597.5	2346.0	3386.7
106.4	353.7	1208.6	2321.0	3297.4
104.2	335.4	1192.7	2297.2	3334.1
102.6	341.6	1159.4	2228.0	3249.5
102.6	329.7	1236.7	2264.4	3183.2
100.0	896.9	1995.6	2687.6	3473.2
101.7	853.9	1901.1	2579.6	3477.0
89.6	974.5	1761.8	2532.0	3495.6
0.0	768.4	1362.2	2504.3	3355.0
0.0	837.8	1603.0	2483.5	3311.3
545.5	408.4	1533.2	2487.7	3260.1
0.0	602.0	1411.9	2583.9	3255.0
0.0	785.3	1276.5	2473.2	3321.0
0.0	759.7	1148.0	2450.7	3361.5
0.0	737.9	1094.4	2474.9	3303.1
0.0	747.6	1125.8	2466.7	3316.4
110.2	665.4	978.3	2564.5	3251.6
0.0	644.0	925.7	2547.5	3124.0
130.5	611.4	924.1	2602.7	3024.1
124.4	642.5	962.6	2682.0	3035.8
125.3	617.3	964.0	2606.1	3057.4
125.1	656.2	1014.0	2513.4	3115.9
123.3	615.8	1097.3	2525.8	3202.6
121.5	627.5	1124.8	2514.9	3242.2
124.8	639.1	1188.6	2424.8	3164.7
123.7	627.6	1271.1	2449.9	3112.9
121.2	619.2	1338.2	2485.5	3111.9
121.4	622.4	1409.4	2596.7	3094.1
121.2	627.0	1516.1	2624.5	3154.2
124.9	602.1	1568.9	2584.2	3139.9
118.4	607.8	1593.4	2594.7	3071.8
118.3	645.9	1631.4	2578.0	3105.4
116.6	606.8	1631.1	2569.4	3214.1
123.1	590.6	1626.3	2580.7	3281.0
125.3	445.8	1630.0	2682.4	3294.1
64.1	656.2	1578.2	2417.7	3306.8
167.3	385.2	1498.4	2466.1	3367.5
184.6	423.4	1683.9	2532.8	3388.3
66.7	929.7	1842.4	2608.8	3379.3
0.0	869.1	1657.4	2673.6	3386.2
0.0	972.7	1755.9	2643.6	3483.2
0.0	886.9	1760.4	2631.8	3492.3
0.0	821.6	1660.0	2630.8	3525.4
