0.0	0.0	0.0	0.0	0.0
0.0	0.0	0.0	0.0	0.0
0.0	0.0	0.0	0.0	0.0
0.0	1004.2	1695.5	2509.2	3563.3
0.0	1001.3	1721.0	2568.7	3461.8
0.0	1138.0	1827.2	2681.9	3491.4
0.0	852.7	1711.3	2639.1	3439.1
0.0	889.7	1660.7	2644.9	3379.9
0.0	739.4	1718.6	2653.1	3352.9
0.0	728.2	1770.0	2625.4	3402.5
0.0	765.3	1930.8	2798.4	3460.7
0.0	791.9	1960.0	2809.6	3528.8
0.0	687.6	1625.6	2663.4	3554.3
279.1	644.0	1554.5	2563.4	3446.7
0.0	632.9	1549.9	2534.4	3487.3
106.2	626.6	1663.2	2661.2	3507.3
111.1	619.9	1381.4	2383.9	3393.9
0.0	593.6	1247.6	2304.7	3465.5
0.0	586.9	1262.7	2239.4	3542.5
0.0	610.2	1287.7	2180.4	3562.8
90.2	605.9	1334.6	2210.5	3560.4
103.5	614.6	1436.1	2242.3	3420.3
101.1	609.9	1508.0	2268.0	3322.8
104.4	591.5	1565.3	2340.9	3133.4
104.2	544.0	1586.3	2426.6	3159.2
96.8	477.9	1593.9	2472.5	3503.1
87.7	701.5	1714.7	2509.9	3462.5
0.0	729.2	1805.0	2575.4	3668.5
353.2	759.6	1873.2	2693.4	3749.5
0.0	839.8	1917.1	2882.9	3662.1
521.7	941.8	1942.6	2957.4	3630.7
260.9	992.3	2015.0	2878.9	3693.4
0.0	840.9	2042.8	2935.5	3690.1
0.0	817.1	1982.2	2748.3	3512.4
0.0	969.1	2036.9	2794.1	3491.6
315.8	1090.5	2054.0	2831.2	3569.2
0.0	711.8	1982.8	2733.3	3628.4
0.0	785.2	1970.3	2649.9	3588.6
131.9	967.0	1979.4	2658.0	3631.2
0.0	488.1	2006.6	2601.8	3600.2
0.0	340.2	2036.8	2620.8	3614.8
116.5	344.2	2052.3	2565.3	3756.9
115.6	351.7	2099.4	2519.0	3834.3
112.2	328.5	2116.5	2497.3	3829.3
110.1	317.7	2131.7	2476.6	3815.3
105.4	306.5	2118.8	2491.5	3783.6
99.1	341.7	2111.3	2524.9	3711.2
96.8	373.0	2039.1	2577.8	3689.3
93.3	1045.9	2031.6	2644.6	3712.2
85.7	1037.2	2102.4	2680.2	3683.6
0.0	1151.1	2112.5	2756.3	3697.9
0.0	855.9	2078.6	2803.8	3700.9
352.9	1016.9	2000.1	2788.0	3732.9
0.0	838.9	1923.5	2742.1	3704.9
0.0	940.9	1943.8	2832.6	3900.0
0.0	643.9	1877.9	2844.8	3995.6
0.0	760.4	1800.9	2745.0	3746.1
0.0	686.7	1796.8	2740.3	3867.5
300.0	947.2	1854.9	2777.8	3977.3
105.3	970.7	1744.5	2683.5	3857.2
0.0	545.0	1587.0	2647.8	3813.7
0.0	565.0	1543.8	2606.1	3876.8
127.7	599.4	1531.6	2560.1	3883.5
130.5	637.7	1543.0	2532.5	3806.2
130.8	663.1	1535.2	2483.5	3751.5
130.5	676.9	1521.3	2407.7	3671.7
130.7	688.6	1519.5	2355.0	3621.3
130.3	706.4	1464.1	2337.5	3501.0
128.1	710.4	1362.9	2191.7	3171.7
131.9	732.9	1407.1	2184.4	3183.1
121.9	706.8	1544.6	2464.5	3339.9
171.4	701.2	1621.8	2472.6	3352.7
88.2	719.3	1806.6	2699.2	3474.2
155.8	750.3	1706.0	2544.0	3526.3
181.8	751.6	1631.3	2525.5	3420.8
0.0	756.9	1576.4	2694.2	3499.8
300.0	979.4	1761.1	2781.3	3456.2
0.0	888.1	1670.2	2618.5	3358.3
0.0	639.7	1294.4	2353.3	3335.5
0.0	488.5	1173.1	1693.4	3416.6
0.0	473.9	1212.4	1690.2	3435.3
140.3	510.1	1241.1	1650.0	3398.5
130.4	481.8	1260.6	1660.0	3340.6
123.7	446.7	1304.0	1672.4	3278.9
121.2	430.9	1354.1	1687.5	3113.1
118.8	443.9	1398.3	1712.6	2903.7
116.4	394.5	1459.8	1692.5	2650.7
113.3	426.0	1525.6	1713.9	2597.5
108.1	629.5	1540.8	1943.5	2780.4
105.7	255.1	1538.7	2293.5	2844.6
229.6	686.1	1595.0	2365.4	3001.9
220.3	559.0	1695.9	2500.5	3590.8
0.0	457.6	1752.3	2515.3	3809.2
115.1	469.2	1786.5	2483.7	3863.8
115.3	479.6	1821.0	2472.1	3880.8
114.6	487.0	1806.5	2426.5	3570.8
112.9	505.8	1804.3	2421.7	3632.3
111.8	508.9	1802.2	2416.3	3862.6
111.0	510.1	1786.2	2410.0	3864.7
109.7	497.2	1711.8	2372.4	3842.5
108.3	470.6	1602.8	2375.6	3777.3
106.0	530.8	1510.4	2435.1	3319.5
103.0	508.8	1595.1	2461.9	3089.2
105.4	449.9	1520.1	2378.4	2906.3
105.0	425.7	1496.9	2407.0	2932.1
103.4	550.7	1489.3	2405.0	2959.2
101.7	535.8	1555.1	2071.0	2723.3
100.8	686.2	1611.8	2051.3	2708.6
102.6	668.9	1591.0	2085.9	2769.7
93.0	698.0	1621.0	2309.5	2930.7
90.9	715.8	1634.9	2392.6	3056.3
88.9	720.8	1529.8	2438.5	3320.4
89.6	788.6	1519.7	2346.6	3330.6
90.9	812.0	1629.7	2313.2	3427.3
0.0	696.1	1531.2	2307.1	3364.1
0.0	630.6	1390.1	1946.8	2932.3
0.0	621.2	1375.5	1859.4	2714.3
107.1	659.4	1355.1	1813.4	2680.7
112.6	584.7	1338.8	1762.8	2741.7
111.7	582.2	1335.4	1720.2	2841.5
108.4	585.1	1343.2	1687.3	2904.1
102.5	565.7	1338.9	1655.9	2910.2
96.8	564.3	1323.2	1629.6	2866.3
94.4	553.4	1322.8	1625.6	2850.7
93.4	536.4	1333.1	1614.8	2845.9
91.6	541.6	1316.1	1611.9	2860.1
90.5	539.5	1304.5	1618.8	2873.4
89.4	566.2	1326.4	1659.1	2895.8
88.9	581.8	1320.2	1732.2	2961.8
87.0	606.5	1297.8	1818.7	2998.4
82.2	634.8	1288.6	1907.6	3012.1
76.4	652.8	1281.5	1973.0	3022.2
0.0	677.8	1278.2	2056.3	3047.1
67.8	696.6	1261.8	2104.4	3130.6
0.0	699.4	1223.2	2162.4	3421.7
0.0	721.3	1208.7	2212.2	3571.0
67.4	731.0	1185.6	2253.5	3524.5
77.9	743.8	1179.2	2282.8	3486.5
87.6	744.9	1179.6	2334.0	3560.2
92.8	742.9	1172.7	2361.1	3585.6
95.8	737.0	1176.7	2368.1	3526.8
98.2	745.3	1165.0	2376.9	3460.6
101.2	754.5	1172.5	2380.8	3454.7
103.8	751.7	1177.3	2375.6	3399.0
107.3	745.6	1184.0	2385.6	3365.8
109.0	727.1	1192.5	2365.2	3405.9
111.0	724.8	1186.6	2335.7	3430.6
111.5	716.0	1193.6	2298.0	3386.6
111.9	701.9	1187.0	2276.7	3324.8
111.5	691.0	1191.6	2230.0	3258.1
112.0	710.7	1199.7	2211.6	3235.3
112.1	707.9	1340.2	2224.6	3195.1
111.0	741.0	1651.8	2478.4	3491.3
103.4	818.5	1786.9	2597.0	3684.4
97.6	566.6	1777.2	2584.5	3512.5
0.0	1010.1	1816.2	2621.6	3373.2
77.9	1027.8	1799.9	2540.1	3356.6
0.0	1134.4	1836.3	2554.2	3422.3
112.1	341.9	1649.8	2422.8	3446.1
88.9	326.9	1574.8	2523.0	3236.3
87.0	284.4	1601.9	2523.8	3169.7
91.6	303.1	1576.0	2540.8	3191.9
91.6	935.9	1849.1	2611.4	3240.5
0.0	413.6	1746.1	2554.3	3338.9
0.0	358.7	1723.8	2499.9	3290.8
107.1	383.0	1665.8	2443.5	3226.8
109.1	386.1	1585.0	2417.3	3216.6
109.9	382.5	1515.8	2408.6	3209.3
110.2	378.3	1453.0	2405.9	3240.9
110.2	399.7	1417.6	2408.5	3226.9
109.1	380.5	1417.5	2398.0	3192.8
109.1	366.4	1471.7	2389.3	3153.1
109.1	388.8	1539.2	2359.8	2897.0
109.1	445.2	1566.3	2301.4	2480.0
107.1	459.8	1628.9	2354.0	2543.7
102.6	378.3	1811.5	2469.4	3711.1
105.8	357.1	1951.2	2475.9	3864.3
106.6	356.5	2032.4	2491.8	3818.8
106.7	366.7	2098.6	2513.4	3772.0
106.6	353.7	2139.7	2523.7	3776.9
106.5	358.3	2162.4	2550.0	3724.0
106.0	369.3	2164.8	2557.4	3698.7
106.1	379.5	2154.7	2565.7	3712.4
105.3	400.4	2122.6	2579.7	3726.7
105.4	429.1	2061.4	2567.2	3723.3
105.2	453.0	2010.3	2551.4	3704.4
104.1	492.0	1940.9	2521.6	3708.1
104.6	524.5	1875.4	2483.9	3702.5
104.3	541.3	1808.6	2441.6	3693.0
104.6	562.1	1746.8	2396.3	3637.4
104.8	586.8	1720.7	2376.3	3527.5
105.0	615.6	1674.8	2364.3	3449.9
104.3	629.0	1626.9	2338.8	3451.2
104.3	641.5	1576.7	2320.8	3443.5
102.7	655.9	1525.4	2272.5	3382.0
101.8	662.5	1494.5	2232.8	3351.6
100.8	660.0	1458.6	2180.5	3305.9
100.1	654.0	1389.7	2143.1	3235.6
99.2	642.5	1334.3	2109.6	3191.4
98.1	632.1	1303.0	2066.8	3211.8
95.9	624.2	1251.0	2059.4	3239.9
93.1	625.1	1198.1	2063.8	3230.2
89.7	611.3	1151.1	2046.1	3220.0
86.4	588.9	1101.4	1996.7	3223.8
82.7	569.4	1066.6	1973.2	3196.3
81.6	545.0	1050.6	1953.7	3165.8
80.6	537.4	1060.8	1885.7	3143.0
77.8	523.7	1057.9	1846.3	3081.1
75.1	518.0	1064.7	1812.4	3070.5
73.6	514.6	1117.8	1792.9	3009.4
73.6	510.4	1172.3	1777.9	2998.0
71.9	505.4	1253.5	1758.0	2968.4
69.4	495.3	1337.3	1786.6	2901.9
69.4	484.4	1379.0	1809.2	2940.4
66.7	483.2	1413.0	1826.4	2881.4
63.9	462.8	1439.9	1884.6	2906.8
63.9	444.2	1510.9	1938.0	2988.6
0.0	432.4	1559.8	1997.5	3003.9
0.0	409.3	1590.9	2115.6	2891.4
0.0	398.4	1589.8	2232.0	2926.5
181.1	389.0	1584.3	2379.3	3250.2
0.0	379.5	1575.7	2321.7	3568.1
0.0	376.1	1559.5	2318.3	3423.6
0.0	628.0	1595.3	2336.7	3418.6
333.3	807.5	1638.4	2612.6	3490.8
333.3	724.1	1683.8	3044.0	3617.3
0.0	738.8	1690.6	2926.4	3626.9
0.0	728.2	1656.3	2853.3	3659.1
0.0	702.4	1663.2	2890.3	3656.4
0.0	921.6	1716.9	2957.5	3686.5
0.0	908.2	1742.1	3067.1	3745.2
0.0	899.8	1843.8	3070.2	3715.6
0.0	903.4	1906.6	2920.5	3684.6
0.0	793.6	1646.9	2863.7	3638.6
0.0	750.1	1591.9	2960.0	3630.2
151.9	925.6	1735.4	3106.6	3611.0
103.4	933.8	1575.1	3071.7	3576.3
0.0	694.5	1522.0	3051.1	3454.1
162.2	847.2	1672.6	2913.4	3324.8
76.4	911.4	1736.6	2822.2	3305.7
0.0	821.7	1712.3	2680.4	3295.1
0.0	810.2	1597.1	2657.1	3240.1
0.0	812.2	1517.1	2607.6	3454.4
117.6	872.8	1715.3	2573.0	3728.3
157.9	995.7	1764.1	2645.6	3710.9
196.7	709.9	1670.9	2623.9	3582.4
352.9	684.9	1652.6	2457.3	3450.7
333.3	805.5	1661.0	2435.0	3241.3
0.0	807.3	1616.8	2312.9	3120.3
235.3	743.3	1627.2	2422.2	3206.7
88.9	680.4	1480.6	2268.0	2907.4
171.4	846.8	1505.6	2171.5	2837.0
155.8	772.2	1598.4	2279.6	3077.2
571.4	735.6	1445.8	2313.9	3291.8
206.9	729.9	1444.6	2489.3	3379.9
545.5	883.7	1579.1	2559.8	3380.0
461.5	919.5	1615.1	2539.8	3287.7
0.0	923.7	1629.4	2478.5	3192.1
