0.0	0.0	0.0	0.0	0.0
0.0	0.0	0.0	0.0	0.0
0.0	0.0	0.0	0.0	0.0
0.0	799.1	1902.8	2748.3	3404.7
0.0	869.8	1888.7	2691.1	3381.5
0.0	935.1	1846.6	2641.1	3367.9
0.0	935.3	1878.6	2563.0	3375.8
0.0	987.6	1889.3	2647.7	3513.8
69.4	965.5	1857.1	2681.6	3520.5
0.0	1003.4	1861.8	2664.5	3387.4
0.0	883.1	1826.7	2551.5	3393.4
0.0	802.9	1847.0	2653.9	3496.3
0.0	773.0	1807.2	2667.9	3449.9
121.2	692.5	1735.6	2593.8	3450.0
63.5	869.5	1760.6	2549.6	3462.5
0.0	898.8	1827.6	2577.5	3457.1
0.0	886.2	1704.7	2553.2	3415.5
0.0	840.3	1214.4	2585.2	3288.2
0.0	821.8	1131.4	2402.8	3235.7
0.0	806.8	1151.8	2351.8	3229.6
0.0	829.0	1182.3	2324.3	3340.3
0.0	882.9	1553.9	2391.7	3367.1
0.0	853.2	1678.3	2539.1	3431.3
0.0	755.6	1527.9	2316.9	3381.1
0.0	530.4	822.4	2186.4	3181.2
0.0	618.4	885.6	2212.0	3122.3
92.8	572.3	900.5	2133.2	3154.6
93.0	591.0	930.4	2091.2	3318.0
93.0	605.5	959.9	1998.5	3313.0
93.0	612.9	1009.0	1889.2	3194.2
91.6	621.6	1068.9	1788.6	3183.7
92.3	630.3	1104.3	1694.8	3162.0
92.3	633.6	1144.9	1654.8	3132.6
92.8	634.2	1185.1	1618.3	3104.2
93.0	629.8	1192.8	1616.2	3163.3
93.0	623.6	1187.4	1640.2	3130.1
93.0	608.0	1151.2	1667.9	3280.3
92.3	534.3	1131.6	1718.4	3308.1
88.2	629.1	1159.8	1815.0	3253.3
91.6	659.9	1185.1	1882.9	3210.6
93.8	564.9	1233.9	1933.1	3271.9
94.8	527.4	1278.2	1989.2	3324.5
96.0	649.2	1487.6	2076.2	3390.1
100.7	648.8	1642.8	2071.5	3466.1
99.1	677.0	1782.4	2368.5	3496.4
100.8	669.1	1835.9	2399.0	3475.5
101.4	633.0	1878.3	2378.1	3445.8
102.6	597.2	1913.1	2464.3	3520.5
104.2	587.1	1930.3	2454.7	3498.4
106.0	581.9	1956.8	2617.0	3492.5
108.4	523.5	1978.7	2714.4	3468.2
110.3	460.8	1990.0	2657.0	3409.3
113.4	453.8	1948.0	2306.4	3361.7
113.9	466.0	1800.1	2218.8	3356.7
113.5	369.4	1072.7	2148.2	3335.9
112.1	246.0	1036.6	2153.4	3246.4
109.0	238.6	1023.7	2138.0	3304.1
109.4	232.5	998.7	2146.5	3352.5
111.1	267.0	1026.4	2215.7	3246.7
0.0	287.0	2034.2	2430.6	3307.6
0.0	285.5	2135.7	3026.3	3368.8
120.3	287.3	2181.4	3067.9	3462.9
117.0	275.1	2179.6	3049.5	3374.9
116.5	284.3	2174.6	3083.4	3611.5
116.5	281.1	2190.9	3128.8	3685.1
114.3	300.4	2191.5	3124.3	3598.3
113.7	286.4	2183.9	3110.9	3487.1
113.2	299.1	2174.2	3127.0	3604.4
110.8	294.2	2161.6	3043.3	3558.0
110.1	319.9	2144.3	2946.3	3391.9
110.4	321.0	2139.5	2837.7	3328.3
112.1	322.8	2129.0	2772.7	3280.9
112.0	319.8	2116.8	2771.2	3324.1
113.2	369.8	2090.9	2884.2	3522.9
114.0	330.9	2072.0	2848.5	3613.0
114.8	311.0	2049.4	2990.0	3593.7
115.0	362.4	2039.5	3023.4	3525.6
114.4	283.1	2015.1	3009.8	3515.3
114.0	232.8	1960.5	2932.5	3570.6
111.5	227.1	1945.2	2945.3	3497.3
107.9	230.2	1935.7	2990.1	3441.4
104.5	258.5	1925.1	2947.3	3505.2
101.7	443.5	1909.6	2912.5	3546.2
0.0	412.8	1846.4	2911.3	3398.7
0.0	421.9	1867.0	2854.4	3301.9
0.0	422.2	1838.4	2801.1	3379.9
112.1	427.1	1786.6	2728.7	3345.1
115.4	434.8	1749.2	2706.4	3386.9
113.2	438.5	1718.1	2705.1	3365.8
110.9	443.2	1691.9	2703.9	3359.9
110.1	430.6	1688.5	2747.9	3422.8
108.8	449.5	1675.8	2748.8	3520.4
107.0	537.4	1673.5	2687.9	3614.2
105.1	828.0	1730.3	2755.5	3599.1
255.3	851.5	1749.9	2797.1	3655.9
0.0	771.6	1737.5	2805.9	3665.2
272.7	927.2	1759.2	2795.3	3663.2
141.2	796.6	1755.2	2867.5	3680.6
169.0	655.6	1774.1	3023.5	3650.7
500.0	766.5	1732.7	2909.3	3540.8
0.0	912.7	1717.0	2633.3	3492.5
0.0	783.2	1599.1	2430.6	3296.4
0.0	955.2	1609.8	2523.2	3308.6
0.0	767.5	1687.4	2615.8	3376.8
0.0	762.4	1601.5	2721.6	3455.0
0.0	568.0	1503.9	2731.7	3475.0
235.3	616.8	1464.4	2811.1	3433.3
238.0	637.6	1413.8	2747.5	3433.5
104.7	647.5	1347.2	2604.6	3400.4
113.1	657.0	1289.8	2541.9	3390.1
110.2	650.9	1203.9	2578.8	3419.3
109.0	643.0	1111.0	2512.7	3441.5
107.8	631.5	1060.9	2422.6	3303.1
106.5	623.1	1014.7	2249.3	3135.3
105.3	625.6	971.4	2304.8	3138.0
103.4	607.3	942.2	2244.8	3094.1
101.7	554.3	921.0	2244.9	3110.6
101.7	516.3	891.3	2278.9	3209.1
68.2	423.9	873.0	2252.7	3295.9
76.9	443.9	980.7	2321.1	3355.5
177.9	602.9	1064.5	2456.5	3391.2
158.4	803.6	1675.6	2643.8	3534.6
210.5	858.1	1763.3	2677.2	3565.6
0.0	1062.3	1709.3	2553.0	3381.2
0.0	1029.5	1792.2	2493.0	3453.4
461.5	904.5	1792.4	2547.3	3490.8
0.0	983.2	1746.8	2596.9	3364.0
105.3	963.7	1766.9	2625.4	3405.6
0.0	1072.6	1770.6	2479.4	3522.0
0.0	814.0	1735.5	2491.5	3487.7
0.0	881.2	1785.4	2645.4	3503.5
0.0	599.6	1859.0	2747.8	3395.9
0.0	411.8	1979.9	2805.3	3362.7
0.0	386.2	2009.6	2859.0	3363.0
0.0	383.6	2031.2	2921.6	3526.1
112.3	407.2	2032.6	2873.3	3457.4
113.9	401.0	2013.0	2873.5	3401.6
114.3	407.9	1970.8	2889.9	3442.6
114.9	412.9	1897.7	2832.9	3324.3
116.0	438.2	1788.6	2580.4	3227.8
115.6	456.1	1689.4	2386.2	3346.6
114.8	459.0	1528.1	2242.6	3427.6
113.2	461.6	1412.9	2246.6	3444.1
113.2	488.8	1312.6	2315.4	3288.2
113.0	522.0	1201.6	2409.9	3286.1
111.1	582.6	1115.8	2604.7	3448.5
110.9	617.5	1057.0	2766.9	3472.1
108.0	590.4	1015.5	2795.3	3432.3
106.6	579.7	979.9	2809.7	3515.4
104.6	568.3	979.5	2810.5	3387.3
102.6	602.9	968.9	2802.3	3294.2
98.5	640.8	991.2	2805.0	3261.9
94.0	627.6	1026.9	2751.4	3249.1
90.8	638.9	1066.5	2669.2	3125.3
87.6	660.9	1144.4	2627.3	3065.6
84.5	696.0	1195.9	2575.1	3037.2
85.1	712.3	1254.3	2524.2	3017.8
83.9	738.4	1327.6	2500.7	3075.4
83.3	741.5	1398.6	2425.2	3113.7
82.8	743.8	1423.4	2386.1	3063.4
86.3	723.5	1450.7	2332.6	3008.3
81.1	701.6	1509.3	2241.9	3017.7
87.0	675.0	1615.6	2223.3	3159.7
85.7	658.2	1732.2	2188.9	3388.6
82.0	618.8	1802.9	2205.2	3443.3
85.2	519.8	1776.5	2247.9	3340.1
103.4	244.1	1835.6	2635.7	3474.1
71.1	882.7	1882.3	2697.5	3522.7
79.9	845.1	1703.7	2620.3	3483.9
0.0	725.4	1691.8	2483.3	3293.4
0.0	527.7	1814.6	2338.1	3297.9
315.8	481.3	1877.6	2354.4	3466.6
73.6	522.7	1817.4	2389.3	3553.8
0.0	462.9	1738.3	2445.5	3610.9
0.0	478.6	1679.6	2581.0	3569.0
0.0	554.8	1630.3	2576.3	3644.5
0.0	467.4	1560.1	2616.7	3582.1
179.0	461.8	1608.7	2642.8	3584.7
152.0	844.2	1690.5	2577.7	3702.9
74.5	818.0	1652.1	2655.4	3683.8
0.0	765.9	1618.4	2762.2	3676.7
0.0	824.5	1754.4	2723.1	3662.4
0.0	906.6	1899.2	2736.1	3642.9
0.0	870.9	1837.5	2749.6	3694.3
0.0	802.9	1708.1	2691.9	3664.3
342.9	843.4	1658.0	2719.2	3654.0
324.3	800.0	1632.5	2675.3	3583.3
400.0	748.3	1561.2	2548.3	3607.9
85.7	974.2	1735.4	2703.7	3607.1
68.2	540.1	1636.2	2683.4	3507.6
0.0	533.6	1588.4	2661.4	3368.0
0.0	465.4	1670.5	2434.6	3342.1
100.5	443.1	1749.0	2290.0	3355.4
86.8	396.1	1778.1	2309.0	3495.7
94.4	298.2	1757.6	2261.0	3541.2
86.1	307.4	1740.6	2253.4	3390.9
86.2	305.9	1749.3	2316.9	3369.5
84.9	300.6	1721.0	2236.1	3337.7
84.7	551.1	1785.1	2209.1	3245.1
84.1	484.9	1768.2	2218.3	3329.6
0.0	390.7	1756.5	2212.6	3445.0
0.0	433.6	1696.8	2199.8	3340.0
84.7	467.8	1628.3	2166.3	3196.5
87.1	504.3	1546.6	2137.3	3179.0
86.1	528.6	1475.7	2124.8	3192.8
84.8	712.9	1435.6	2106.8	3177.5
84.9	660.0	1389.7	2073.1	3169.9
84.6	577.1	1331.2	2030.7	3114.6
84.8	588.8	1275.1	1998.5	3113.9
84.1	609.4	1260.8	2006.8	3134.5
84.1	663.6	1250.9	2032.9	3199.3
84.2	714.4	1257.8	2017.4	3260.2
83.7	714.7	1225.9	1992.0	3285.7
83.2	696.8	1252.0	1928.1	3370.1
84.0	700.0	1270.3	1876.3	3403.6
81.9	705.7	1271.2	1826.9	3404.9
81.8	692.5	1269.6	1819.5	3281.3
81.8	677.3	1280.2	1854.2	3110.6
82.0	699.3	1362.6	1835.4	3068.8
83.3	656.6	1385.9	1769.2	3134.2
84.6	676.3	1359.8	1749.7	3283.4
84.3	625.1	1337.4	1742.7	3279.0
85.1	620.8	1401.2	1760.9	3217.3
85.9	592.1	1447.5	1741.4	3373.7
83.4	593.3	1573.4	1771.0	3448.5
82.9	795.3	1569.3	2051.4	3351.0
80.4	804.8	1547.2	2413.0	3323.8
78.7	768.7	1598.6	2396.8	3327.9
81.1	731.8	1620.1	2297.9	3443.2
81.6	534.1	1613.8	2076.1	3494.6
260.9	678.6	1665.0	2059.0	3474.6
66.2	742.1	1613.6	2203.7	3428.4
160.0	733.7	1624.6	2284.6	3445.3
0.0	799.4	1676.2	2348.6	3354.6
115.4	775.2	1642.4	2252.9	3191.4
63.5	784.2	1677.0	2294.0	3323.6
0.0	639.2	1694.8	2443.5	3428.9
0.0	842.3	1589.7	2509.9	3455.2
0.0	733.1	1570.3	2519.6	3345.5
0.0	618.6	1599.8	2524.6	3337.0
