0.0	0.0	0.0	0.0	0.0
0.0	0.0	0.0	0.0	0.0
0.0	0.0	0.0	0.0	0.0
0.0	463.7	1885.3	2603.0	3446.6
571.4	687.3	1745.1	2511.7	3351.9
0.0	675.9	1654.4	2410.5	3272.6
0.0	688.9	1705.6	2394.9	3369.4
400.0	679.4	1787.1	2639.9	3557.9
129.0	684.9	1789.5	2588.5	3507.2
0.0	736.2	1730.8	2451.4	3417.3
0.0	827.7	1516.1	2466.0	3369.2
0.0	871.8	1593.8	2561.5	3415.4
0.0	772.6	1687.2	2620.5	3407.3
0.0	701.5	1738.9	2625.3	3378.8
0.0	778.3	1675.2	2545.5	3346.8
0.0	745.9	1616.8	2502.6	3369.5
0.0	770.4	1730.0	2610.6	3232.4
0.0	790.0	1758.6	2644.6	3381.8
179.7	820.8	2010.7	2654.1	3531.5
0.0	741.6	2031.2	2654.9	3474.8
129.0	721.2	2019.7	2646.2	3469.9
134.8	762.9	2051.1	2620.6	3536.3
0.0	394.3	1987.9	2597.7	3497.5
0.0	318.2	2087.1	2618.8	3401.1
0.0	382.4	2098.0	2653.7	3392.7
116.0	417.6	2097.4	2672.7	3411.4
112.5	379.4	2093.5	2660.7	3477.9
111.2	394.8	2038.3	2602.3	3445.3
106.7	327.4	1931.9	2687.8	3569.8
100.8	514.3	1819.2	2773.7	3608.2
93.8	741.0	1730.6	2692.2	3526.3
83.3	964.0	1987.5	2856.6	3624.2
63.5	1060.5	2109.7	2902.3	3425.4
0.0	873.8	1948.6	2822.7	3292.1
0.0	1252.2	2108.8	2863.5	3366.1
0.0	1337.0	2296.5	2920.3	3331.7
0.0	1210.3	2218.5	2915.0	3348.1
0.0	712.7	2032.7	2764.9	3238.0
0.0	774.9	1821.2	2544.9	3284.1
0.0	744.5	1762.6	2510.2	3326.4
131.9	799.4	1699.3	2575.1	3340.9
131.9	581.7	1698.3	2548.5	3342.8
0.0	460.1	1570.9	2447.2	3331.1
0.0	490.3	1495.8	2388.4	3434.3
134.8	525.5	1433.0	2379.2	3456.4
131.7	543.3	1387.6	2416.4	3465.2
130.4	556.4	1359.6	2417.7	3498.2
129.4	583.0	1316.6	2319.5	3481.2
127.5	607.4	1285.3	2079.1	3440.4
125.8	592.9	1294.8	2036.2	3438.1
122.7	552.8	1316.1	1986.5	3444.9
121.0	567.5	1319.7	1978.6	3554.6
119.4	433.7	1260.7	2386.3	3562.1
112.1	926.9	1237.0	2523.1	3401.5
63.9	580.3	1520.2	2476.2	3291.1
0.0	611.1	1914.0	2572.1	3336.0
0.0	822.2	1843.1	2590.7	3445.3
0.0	929.8	1070.2	2662.2	3620.9
0.0	921.9	1617.0	2497.7	3694.4
244.2	802.5	1127.9	2207.4	3523.8
244.3	823.1	1369.5	2417.1	3396.6
0.0	456.3	933.9	2225.1	3374.0
0.0	439.0	855.6	2132.2	3353.2
0.0	428.9	830.6	2172.8	3300.8
105.2	421.8	800.0	2224.9	3266.3
102.4	421.7	800.7	2251.9	3316.6
99.1	470.4	853.2	2238.2	3372.0
96.2	477.8	866.2	2283.6	3360.0
95.6	487.5	886.8	2333.7	3376.1
93.9	462.0	864.3	2423.3	3475.3
93.3	516.6	1161.7	2656.4	3533.4
92.1	664.6	1712.0	2611.5	3459.3
84.1	290.4	1675.8	2522.7	3433.5
77.4	471.1	1634.5	2526.3	3442.9
84.4	560.4	1509.0	2547.1	3440.8
81.6	640.5	1921.6	2625.7	3623.4
0.0	928.3	1985.8	2774.9	3592.4
0.0	873.2	1766.3	2574.9	3501.5
400.0	700.7	1577.2	2434.5	3553.8
428.6	658.6	1245.8	2399.0	3510.5
235.3	725.2	1250.2	2361.4	3397.1
74.5	767.3	1353.5	2406.0	3373.5
444.4	612.0	1320.5	2339.6	3376.7
0.0	681.7	1345.9	2424.3	3357.4
0.0	811.7	1882.3	2624.3	3524.7
0.0	780.0	1995.8	2808.4	3611.9
461.5	887.6	1845.3	2722.4	3573.6
0.0	795.0	1685.8	2507.9	3501.5
375.0	865.8	1756.1	2546.9	3501.2
235.3	613.7	1667.1	2585.7	3448.8
0.0	676.0	1726.1	2486.8	3512.8
0.0	828.9	1810.1	2495.2	3502.7
0.0	859.5	1840.9	2462.4	3478.8
0.0	838.3	1892.7	2560.5	3419.4
0.0	806.0	2083.7	2773.3	3555.9
0.0	1015.6	2120.9	2647.5	3622.0
400.0	815.7	1811.5	2503.1	3695.1
0.0	772.5	1859.2	2472.2	3662.8
0.0	744.6	1983.5	2462.2	3675.0
130.4	632.4	1928.8	2494.2	3642.3
0.0	564.9	2079.5	2455.4	3668.0
172.4	586.7	1857.3	2408.1	3640.4
112.5	755.2	1437.4	2397.5	3512.4
0.0	593.9	1331.1	2338.8	3443.5
0.0	415.3	1353.8	2458.4	3482.1
0.0	410.6	1375.2	2526.6	3614.6
210.5	415.2	1420.4	2512.4	3600.7
100.3	412.8	1443.4	2428.7	3407.8
98.6	388.3	1339.4	2283.5	3326.6
93.0	355.3	930.3	2268.1	3535.8
98.1	643.0	1243.9	2254.0	3620.8
99.8	688.1	1781.9	2257.2	3496.9
99.2	700.2	2067.7	2385.9	3611.6
99.4	691.6	2018.3	2314.0	3542.6
99.4	270.6	991.7	2169.0	3365.9
99.6	595.2	1144.9	2098.8	3287.5
101.7	282.6	1120.9	2085.6	3212.1
103.2	493.5	1454.9	2123.8	3201.5
200.0	516.4	1558.1	2252.0	3273.5
108.3	543.8	1640.5	2414.4	3421.9
105.9	571.3	1679.8	2425.5	3497.9
106.6	509.9	1658.5	2415.6	3421.7
107.8	527.6	1625.5	2392.7	3376.0
108.3	496.5	1595.6	2243.9	3290.2
109.0	450.9	1459.1	1984.1	3146.4
110.0	417.6	1233.4	1844.9	3238.4
110.0	830.4	1350.7	2037.1	3476.5
105.5	468.0	982.2	1674.2	3459.3
108.1	740.3	1422.1	2074.4	3522.4
112.2	736.5	1440.4	2056.2	3488.7
111.9	740.3	1427.2	2544.7	3436.8
111.4	614.3	1326.2	2627.5	3347.4
113.0	510.8	1056.4	1439.7	3288.3
110.1	446.6	895.7	1332.3	3306.8
108.2	447.8	927.2	1327.8	3314.6
108.0	442.2	985.6	1341.0	3338.3
107.1	442.5	1052.5	1384.8	3376.5
106.0	439.1	1156.4	1483.0	3406.4
104.9	433.2	1274.6	1607.3	3388.3
103.6	424.6	1455.0	1695.1	3346.6
102.6	395.7	1584.7	1847.4	3326.6
101.4	419.8	1688.5	2005.6	3320.4
99.2	423.5	1775.2	2163.7	3289.6
97.8	440.8	1851.5	2281.0	3356.5
97.1	412.6	1903.2	2364.4	3467.7
96.5	410.9	1934.6	2420.4	3476.1
95.9	405.3	1897.8	2390.0	3435.3
95.1	355.8	1811.5	2305.5	3332.3
94.7	351.7	1619.9	2227.8	3300.6
92.9	338.3	1525.0	2289.8	3337.1
89.6	323.5	1531.2	2391.2	3292.6
88.2	343.3	1660.4	2445.5	3243.2
83.9	418.9	1695.0	2558.1	3314.9
81.6	484.7	1670.5	2570.1	3428.2
82.2	912.4	1824.7	2652.5	3456.0
83.3	858.7	1666.0	2722.2	3483.1
0.0	981.0	1616.7	2597.3	3386.0
0.0	670.7	1617.9	2514.7	3345.2
0.0	488.9	1603.0	2453.6	3376.0
0.0	409.3	1560.5	2407.4	3374.3
104.3	408.4	1556.0	2419.7	3399.5
101.5	400.2	1564.4	2434.8	3406.0
99.8	399.3	1566.1	2436.1	3436.3
100.0	397.1	1544.4	2450.4	3441.4
100.0	390.0	1512.8	2440.4	3439.2
99.3	390.7	1474.8	2403.3	3418.1
98.5	387.1	1433.3	2361.1	3343.3
96.8	413.0	1357.1	2333.8	3337.0
95.0	456.7	1369.8	2369.1	3331.2
91.6	536.4	1475.7	2496.0	3360.9
87.6	895.8	1680.5	2601.5	3420.1
83.9	846.6	1734.8	2708.8	3497.5
85.7	706.4	1541.3	2566.5	3448.3
87.6	499.1	1463.2	2424.1	3452.0
96.0	425.2	1461.6	2436.9	3475.5
96.9	408.1	1480.7	2451.2	3499.8
94.4	404.5	1523.2	2469.2	3537.2
92.1	427.3	1552.6	2495.8	3579.7
90.8	419.8	1572.1	2521.2	3642.6
90.4	353.7	1572.9	2528.0	3583.0
90.9	450.6	1555.2	2531.3	3461.3
89.2	290.9	1567.6	2548.0	3436.1
77.9	336.0	1698.3	2573.2	3459.1
74.4	289.6	1718.8	2483.9	3422.1
85.7	342.1	1644.3	2504.0	3367.2
76.4	1024.5	1948.1	2683.0	3539.5
0.0	1045.3	1894.0	2675.8	3451.0
102.6	477.0	1619.0	2598.4	3413.0
0.0	573.8	1737.6	2802.6	3568.4
0.0	608.4	1814.9	2808.9	3507.3
0.0	580.3	1616.1	2706.0	3449.1
0.0	612.9	1573.0	2707.8	3378.7
67.1	596.4	1554.3	2456.9	3299.0
333.3	670.0	1523.7	2369.8	3291.0
114.3	685.9	1506.0	2416.8	3369.2
0.0	718.8	1542.1	2520.1	3449.6
134.8	852.4	1435.5	2470.1	3398.7
0.0	874.6	1452.6	2414.8	3522.4
0.0	856.9	1839.2	2420.4	3566.8
0.0	865.9	1868.6	2408.6	3570.2
75.5	849.2	1931.9	2513.9	3539.2
0.0	972.5	2068.5	2778.4	3553.9
0.0	1022.3	1897.7	2576.5	3505.2
151.9	716.4	1938.2	2496.7	3572.4
120.0	753.7	1893.3	2449.2	3528.6
0.0	847.2	1734.7	2387.2	3608.8
0.0	509.9	1773.7	2434.5	3559.2
