0.0	0.0	0.0	0.0	0.0
0.0	0.0	0.0	0.0	0.0
0.0	0.0	0.0	0.0	0.0
0.0	628.1	1567.6	2665.2	3692.7
0.0	781.3	1662.4	2626.2	3431.7
0.0	868.9	1689.2	2580.4	3390.7
0.0	901.7	1550.7	2460.4	3377.6
0.0	774.6	1655.0	2625.5	3497.6
0.0	770.8	1717.1	2604.1	3462.9
0.0	853.2	1869.7	2573.1	3389.7
0.0	850.9	1798.9	2475.3	3403.1
0.0	846.6	1668.2	2430.3	3471.0
0.0	650.3	1571.6	2393.1	3372.2
129.0	617.5	1746.6	2457.3	3418.4
121.2	637.0	1797.3	2550.8	3499.0
106.2	853.9	1698.9	2605.2	3447.8
96.8	310.3	1327.1	2513.8	3408.9
91.6	1026.0	1722.4	2705.7	3618.3
89.3	814.2	1772.6	2829.7	3776.7
0.0	342.1	1811.6	2706.4	3683.5
0.0	342.4	1719.3	2317.2	3569.1
0.0	322.5	1648.1	2180.2	3497.3
100.5	310.1	1571.5	2185.7	3497.4
91.6	348.1	1535.2	2179.9	3542.1
90.1	401.6	1519.7	2185.3	3563.4
90.2	371.6	1530.0	2189.0	3598.7
91.6	382.7	1555.4	2194.8	3629.0
89.6	371.1	1528.0	2209.9	3646.6
88.9	354.2	1518.7	2320.3	3532.1
103.4	665.1	1657.4	2491.6	3437.9
74.5	660.2	1670.4	2474.2	3407.1
0.0	555.7	1692.0	2279.0	3472.8
0.0	441.6	1758.4	2242.7	3597.8
0.0	452.2	1791.4	2262.1	3590.7
99.0	459.0	1845.6	2317.8	3584.9
91.5	473.8	1888.3	2332.9	3535.1
87.8	483.1	1914.5	2356.2	3503.0
89.2	482.7	1936.5	2392.8	3455.5
88.9	484.3	1942.4	2403.2	3483.6
89.3	476.5	1928.0	2386.9	3477.0
89.7	475.2	1863.8	2296.6	3439.7
89.7	462.9	1720.6	2085.7	3344.1
89.9	450.4	1455.7	2143.8	3284.6
88.4	460.7	1275.3	2189.8	3308.2
84.5	651.5	1252.5	2202.4	3298.1
89.6	392.7	1252.5	2212.0	3276.0
90.6	386.8	1252.8	2243.4	3272.1
91.5	374.3	1234.5	2260.1	3284.2
93.0	361.7	1267.4	2257.5	3242.2
95.2	476.0	1555.1	2164.7	3261.8
0.0	500.5	1771.9	2380.9	3426.0
98.5	508.5	1867.5	2479.4	3513.1
98.2	504.7	1907.3	2510.4	3563.5
98.1	495.9	1941.5	2530.2	3541.7
97.7	481.5	1980.5	2576.5	3579.7
96.3	459.4	2004.8	2585.9	3560.6
95.1	449.3	2029.5	2579.8	3514.1
94.0	420.4	2073.8	2575.0	3541.5
92.3	379.0	2115.2	2521.7	3674.3
91.3	360.5	2127.5	2523.8	3730.0
91.9	402.9	1921.8	2398.8	3496.6
235.3	598.3	1766.3	2569.4	3367.4
72.5	883.7	1897.0	2708.6	3397.2
64.2	895.0	1772.8	2588.4	3326.1
190.5	883.4	1864.1	2612.5	3498.8
63.5	815.1	1835.3	2615.1	3624.2
0.0	881.0	1773.8	2685.9	3539.5
0.0	1007.8	1731.8	2861.3	3323.1
428.6	673.2	1618.3	2864.0	3127.0
0.0	974.4	1548.7	2291.2	3290.2
0.0	974.0	1484.3	2451.2	3268.6
0.0	648.7	1351.1	2380.5	3306.4
0.0	729.6	1294.8	2482.4	3479.3
230.8	702.8	1304.9	2571.6	3582.9
0.0	665.0	1222.8	2439.8	3602.5
292.7	504.1	1174.8	2344.4	3627.7
139.5	546.2	1156.4	2367.3	3643.7
116.5	667.3	1145.5	2388.6	3640.2
75.5	616.6	1102.0	2371.8	3686.9
0.0	589.9	1152.1	2363.8	3705.1
100.6	610.5	1259.3	2382.2	3743.3
99.0	696.7	1408.6	2387.9	3732.9
96.5	710.3	1525.1	2390.1	3674.4
94.2	692.5	1620.0	2399.3	3504.7
93.1	723.8	1682.3	2389.7	3513.6
92.8	707.2	1722.3	2374.2	3448.1
92.4	697.0	1739.9	2363.9	3458.0
92.1	679.6	1750.4	2374.1	3260.1
92.1	694.5	1764.4	2391.7	3342.3
92.2	678.4	1771.4	2406.2	3378.2
92.2	673.2	1756.9	2404.6	3509.9
92.4	656.3	1736.6	2402.1	3620.2
91.7	613.0	1699.8	2392.0	3629.3
92.2	598.3	1635.7	2414.0	3663.0
92.1	590.4	1571.1	2441.9	3695.9
90.9	602.1	1528.7	2438.2	3718.9
88.9	600.0	1508.4	2454.1	3551.4
87.0	624.4	1725.5	2563.4	3562.8
88.2	685.4	1954.9	2702.9	3761.3
375.0	775.0	2003.8	3013.4	4449.7
200.0	801.1	2172.5	3130.4	4495.1
77.9	969.3	1854.4	2896.8	3997.4
315.8	334.8	1565.9	2698.7	3652.1
315.8	982.4	1638.8	2555.5	3362.8
0.0	988.8	1674.6	2440.7	3394.0
0.0	640.0	1576.9	2523.6	3415.7
230.8	906.9	1624.6	2520.1	3292.3
0.0	873.9	1768.1	2426.2	3216.3
0.0	349.3	1604.5	2479.0	3247.3
0.0	371.0	1550.1	2655.1	3360.1
0.0	715.3	1536.1	2544.3	3254.1
93.4	578.3	1224.2	2329.4	3273.2
0.0	627.3	1064.9	2276.0	3294.4
0.0	683.3	1074.3	2246.1	3343.6
100.3	702.8	1120.3	2274.8	3380.6
91.0	710.1	1157.5	2289.6	3493.0
89.0	718.2	1182.3	2307.9	3547.3
88.7	717.9	1210.3	2294.8	3567.5
88.3	730.5	1238.6	2281.6	3575.1
87.6	745.3	1271.0	2257.5	3610.6
88.2	781.8	1308.7	2280.0	3667.6
88.3	742.6	1383.7	2288.2	3662.9
89.0	774.5	1487.1	2265.7	3518.4
89.1	735.7	1532.6	2245.4	3429.8
88.8	731.9	1607.8	2240.1	3433.6
88.5	712.0	1656.4	2285.0	3380.6
88.9	697.8	1763.0	2299.7	3450.3
89.5	597.1	1811.1	2326.2	3466.0
89.4	574.3	1828.9	2334.0	3474.5
90.1	570.0	1830.7	2332.1	3536.6
91.5	565.6	1842.1	2360.9	3562.6
91.0	545.5	1858.3	2406.8	3557.2
91.6	532.3	1860.5	2422.4	3566.5
90.8	528.5	1821.8	2410.6	3610.4
91.0	539.2	1768.4	2416.9	3660.0
91.3	540.7	1721.0	2403.8	3713.2
91.6	546.5	1672.8	2388.2	3677.9
91.7	539.9	1602.0	2405.3	3614.1
92.1	552.9	1541.5	2432.6	3712.4
93.2	547.4	1503.3	2439.8	3724.9
93.4	574.4	1500.8	2412.3	3574.5
93.0	636.4	1474.5	2478.5	3466.9
90.9	683.8	1403.5	2544.1	3517.1
0.0	741.4	1381.4	2536.7	3452.7
0.0	614.1	1356.5	2553.4	3420.9
571.4	964.5	1571.5	2705.8	3580.8
75.9	973.4	2147.7	3064.7	3883.3
0.0	1204.2	2106.1	2870.8	3729.2
0.0	1234.8	2014.0	2811.8	3638.6
0.0	746.5	1749.9	2869.2	3888.3
521.7	667.0	1743.4	2919.8	3832.3
0.0	795.1	1882.0	2976.9	3936.2
480.0	503.1	1859.0	2866.7	3839.9
480.0	1022.2	1959.2	2777.1	3769.0
82.2	951.6	1731.6	2647.5	3627.4
68.2	569.7	1718.7	2634.2	3582.8
0.0	828.4	1746.0	2577.2	3603.0
0.0	885.6	1774.0	2648.4	3455.2
0.0	867.1	1864.6	2785.6	3596.1
0.0	974.9	2011.5	2829.2	3625.8
413.8	1277.6	2071.1	2972.7	3658.7
480.0	1128.8	2047.0	2985.9	3644.8
0.0	527.0	1669.8	2576.5	3463.4
521.7	364.3	1658.7	2375.6	3603.4
0.0	370.6	1712.5	2331.0	3668.7
109.1	369.6	1745.2	2338.6	3683.6
94.2	389.6	1768.0	2359.2	3716.9
94.4	351.9	1789.2	2361.1	3762.6
92.2	361.0	1761.3	2381.9	3754.7
89.6	363.3	1735.6	2450.4	3602.1
0.0	391.6	1807.3	2819.7	3747.9
87.0	508.4	1827.5	2890.5	3797.9
75.0	968.3	2024.2	2903.9	3781.6
96.0	1008.9	1957.4	2962.5	3937.9
230.8	948.3	1788.7	2798.0	4047.0
134.8	751.2	1711.0	2807.7	4153.9
272.7	808.9	1649.8	2663.6	3613.8
352.9	781.7	1622.7	2722.9	3716.8
375.0	750.5	1563.4	2582.8	3655.4
0.0	773.6	1663.6	2579.2	3576.6
82.8	775.9	1878.1	2713.1	3864.3
173.9	928.1	1658.8	2584.7	3869.8
545.5	574.3	1573.2	2488.0	3654.2
545.5	425.3	1571.9	2380.3	3616.6
0.0	428.4	1601.9	2299.2	3507.9
113.2	433.5	1642.8	2295.0	3600.3
102.6	431.5	1682.5	2312.4	3596.4
100.8	431.0	1710.2	2318.9	3632.1
99.3	437.1	1737.2	2350.9	3607.4
97.5	426.6	1771.1	2382.0	3613.3
96.3	430.7	1780.6	2381.5	3630.6
95.2	417.3	1796.8	2394.9	3648.2
94.4	427.5	1807.7	2392.7	3688.8
95.1	409.3	1794.8	2387.0	3677.3
95.5	389.1	1797.2	2412.6	3626.3
95.1	374.7	1796.5	2462.7	3655.2
92.8	374.7	1790.2	2540.4	3606.9
89.6	383.1	1759.1	2512.1	3645.0
90.2	367.7	1761.8	2574.3	3538.2
92.3	374.9	1774.2	2532.8	3542.7
93.0	392.5	1804.9	2580.8	3593.1
96.8	466.8	1684.5	2625.0	3582.7
95.2	412.8	1767.6	2566.0	3715.3
0.0	430.5	1782.3	2564.6	3849.6
107.4	442.1	1739.9	2495.5	3800.6
106.9	407.1	1689.5	2446.5	3740.3
105.1	428.8	1647.7	2442.1	3782.2
106.5	443.6	1581.0	2491.3	3698.3
106.7	417.6	1553.6	2569.5	3779.5
107.4	409.7	1545.2	2618.2	3766.9
108.1	402.9	1500.6	2649.8	3717.8
109.2	418.9	1519.1	2576.0	3495.1
108.2	423.3	1540.8	2536.2	3681.8
108.3	434.0	1519.2	2593.1	3748.8
108.3	421.6	1519.8	2601.6	3654.1
107.0	417.8	1515.1	2571.3	3623.3
105.3	481.5	1546.7	2529.2	3498.0
101.9	734.0	1622.7	2501.2	3371.8
98.6	779.6	1741.5	2553.5	3526.5
95.2	742.6	1740.3	2678.8	4247.1
521.7	878.7	1627.5	2703.0	4257.5
0.0	915.3	1591.9	2706.8	3960.3
0.0	763.2	1621.5	2694.7	3985.3
0.0	797.7	1646.0	2715.3	4130.3
0.0	869.3	1654.4	2744.4	3854.3
96.8	849.8	1659.5	2697.5	3820.5
0.0	799.5	1634.7	2663.4	3836.6
521.7	848.6	1636.9	2560.0	3649.3
279.1	810.0	1714.5	2437.9	3610.0
279.1	727.3	1627.6	2436.9	3700.2
0.0	676.3	1567.5	2484.6	3647.4
83.9	600.8	1489.2	2644.7	3525.7
71.4	624.3	1517.0	2660.2	3378.6
0.0	602.5	1558.5	2651.1	3365.1
0.0	587.7	1616.1	2571.2	3490.0
0.0	828.4	1600.5	2435.1	3391.1
0.0	823.1	1670.8	2539.7	3355.6
0.0	747.0	1742.9	2559.8	3360.6
0.0	744.6	1646.4	2604.8	3295.8
0.0	741.7	1679.4	2630.6	3375.9
0.0	726.4	1672.0	2526.3	3372.0
0.0	1013.6	1759.3	2597.8	3416.9
