0.0	0.0	0.0	0.0	0.0
0.0	0.0	0.0	0.0	0.0
0.0	0.0	0.0	0.0	0.0
0.0	748.9	1595.5	2754.0	3364.3
0.0	719.7	1761.0	2638.1	3386.5
285.7	714.9	1750.4	2525.3	3429.7
375.0	896.0	1731.8	2688.7	3442.6
372.6	786.6	1747.6	2604.7	3402.7
0.0	775.3	1748.7	2488.2	3248.4
0.0	761.6	1655.3	2466.4	3305.7
0.0	738.8	1616.5	2507.3	3297.3
0.0	677.1	1634.9	2511.9	3301.6
0.0	685.2	1689.4	2693.3	3346.3
0.0	681.6	1661.1	2757.2	3353.0
0.0	787.6	1751.7	2776.1	3413.2
0.0	771.2	1756.6	2751.8	3487.2
0.0	723.2	1648.8	2531.9	3423.0
0.0	700.2	1915.2	2785.9	3506.6
0.0	936.2	2004.4	2962.2	3580.9
428.6	1043.5	2156.1	3004.0	3495.7
0.0	844.1	2248.7	2867.2	3417.6
0.0	920.0	2249.1	2748.4	3385.0
0.0	1068.0	2175.1	2785.6	3446.1
0.0	813.9	1990.8	2712.7	3518.3
0.0	888.2	1965.6	2736.7	3555.0
0.0	728.3	1988.9	2802.2	3571.6
333.3	692.2	1836.8	2708.8	3558.4
193.5	895.1	1900.9	2677.6	3573.3
0.0	918.5	2001.3	2687.1	3599.4
279.1	871.0	1976.2	2724.3	3676.6
0.0	531.4	1943.0	2707.2	3698.0
157.9	299.7	1918.4	2627.9	3711.2
171.4	340.5	2005.5	2571.9	3580.7
165.7	338.3	2059.0	2602.5	3531.1
154.9	322.2	2058.1	2617.9	3557.0
77.2	317.8	2059.0	2595.3	3527.6
77.2	302.1	2053.7	2617.9	3455.8
75.0	311.2	2085.8	2632.3	3501.7
150.0	305.5	2072.3	2553.8	3559.6
147.7	311.3	2063.0	2505.3	3591.7
148.4	305.6	2040.9	2489.1	3528.0
148.6	363.7	2019.8	2491.7	3557.0
145.6	420.2	1951.1	2488.1	3572.3
143.2	391.7	1873.3	2537.4	3382.4
134.8	400.6	1905.0	2720.9	3470.6
129.0	620.7	1894.5	2667.0	3600.3
121.2	792.9	1840.4	2612.3	3606.2
0.0	545.6	1853.3	2589.2	3614.1
0.0	793.7	1802.6	2662.1	3738.9
521.7	768.0	1859.1	2744.5	3811.2
0.0	700.7	1879.0	2752.4	3775.1
315.8	822.3	1881.7	2703.7	3757.7
300.0	794.6	1865.6	2671.9	3675.5
90.9	818.3	1887.3	2649.6	3613.1
127.7	687.5	1866.4	2661.5	3595.5
521.7	771.8	1833.8	2622.2	3500.1
521.7	482.0	1746.5	2557.2	3336.9
0.0	593.5	1786.4	2514.3	3185.4
0.0	630.2	1738.5	2504.3	3228.8
144.7	667.5	1670.5	2519.4	3279.3
146.2	690.3	1659.2	2517.2	3265.8
140.0	712.0	1629.0	2501.4	3197.5
138.6	720.7	1574.5	2523.8	3164.3
137.6	730.8	1535.9	2579.1	3204.5
136.1	737.8	1459.8	2627.2	3241.2
135.5	703.3	1407.5	2676.3	3300.7
135.9	708.4	1413.6	2706.5	3305.4
136.1	642.8	1401.3	2604.5	3095.3
135.6	561.1	1352.9	2470.4	3060.5
133.6	546.3	1376.0	2276.8	3064.4
136.9	560.0	1448.7	2298.2	2902.1
136.5	604.0	1489.3	2355.0	2845.1
137.6	626.5	1538.7	2406.8	2936.8
136.6	601.2	1585.3	2445.2	3014.8
135.8	578.7	1597.9	2426.5	3021.9
133.1	536.5	1647.0	2478.3	2952.3
132.8	522.5	1682.7	2505.0	2950.1
130.9	495.2	1677.0	2560.9	2912.3
128.6	475.7	1684.3	2634.4	2931.9
126.6	468.0	1707.6	2643.9	3162.3
125.3	473.9	1733.5	2646.2	3268.1
125.2	462.2	1758.4	2692.4	3265.1
122.0	475.7	1772.4	2710.3	3269.3
123.0	481.6	1767.7	2688.3	3263.0
121.1	494.2	1780.0	2652.0	3262.1
121.4	495.9	1775.5	2655.4	3366.1
121.6	488.0	1737.9	2665.8	3528.4
123.1	486.6	1714.8	2702.8	3561.4
121.4	479.8	1658.5	2618.5	3397.4
122.3	481.9	1653.5	2561.5	3375.4
121.2	460.8	1653.5	2728.0	3621.5
119.9	442.0	1618.4	2723.3	3555.4
119.2	413.4	1612.5	2695.0	3472.0
119.2	397.5	1551.2	2728.3	3700.8
116.8	405.0	1610.9	2726.6	3768.0
114.9	374.6	1653.6	2707.6	3723.9
112.1	761.3	1763.7	2779.0	3769.7
109.1	789.4	1785.5	2771.8	3817.9
103.4	888.9	1793.4	2791.3	3879.3
0.0	867.4	1783.0	2844.3	3905.3
545.5	780.1	1727.1	2787.5	3752.2
0.0	958.3	1768.9	2855.7	3788.1
428.6	933.8	1973.6	2773.2	3906.4
153.8	583.2	1826.8	2587.9	3686.2
521.7	642.8	1641.0	2522.2	3552.3
0.0	534.3	1489.2	2636.7	3668.8
0.0	476.2	1474.6	2648.0	3763.0
124.2	502.3	1474.2	2578.6	3655.3
124.1	525.4	1444.3	2490.5	3618.2
123.8	538.6	1416.0	2466.8	3609.6
121.2	565.7	1393.8	2456.7	3602.4
127.7	580.1	1356.6	2450.1	3565.7
125.7	577.7	1303.9	2461.9	3558.1
125.8	585.5	1287.6	2490.5	3573.4
124.7	572.3	1287.7	2476.1	3547.8
125.9	542.8	1287.7	2494.2	3434.1
124.6	547.5	1290.1	2569.9	3516.8
124.0	537.3	1321.9	2590.4	3629.2
123.2	491.1	1351.4	2607.8	3685.8
121.0	458.5	1392.4	2626.7	3552.8
122.3	449.3	1417.8	2638.4	3439.7
118.5	525.3	1479.6	2635.3	3436.1
114.8	730.8	1603.6	2618.5	3403.0
111.4	333.1	1532.9	2480.6	3380.5
109.1	660.7	1548.0	2541.2	3378.3
112.1	504.5	1590.8	2540.2	3349.9
115.4	457.5	1647.2	2627.9	3621.6
124.2	456.5	1682.5	2683.6	3683.3
124.9	537.2	1713.0	2643.6	3663.2
125.2	515.2	1726.8	2582.7	3634.4
121.8	475.7	1765.8	2581.2	3562.3
122.7	484.0	1823.6	2573.4	3598.0
121.4	458.1	1867.1	2550.1	3595.8
122.0	454.0	1920.8	2552.1	3443.7
120.8	443.6	1932.2	2554.6	3415.4
120.2	420.4	1942.3	2514.4	3474.5
119.9	427.2	1942.4	2457.1	3319.8
119.2	432.4	1899.2	2402.3	3536.3
118.3	457.8	1825.8	2385.4	3508.2
117.1	458.4	1771.9	2335.1	3376.2
115.8	503.8	1615.3	2314.8	3524.5
117.0	573.1	1513.7	2266.4	3527.8
115.7	603.3	1448.2	2195.6	3499.7
115.0	642.0	1371.9	2144.7	3548.2
115.3	663.2	1305.1	2132.0	3622.9
116.6	659.8	1251.9	2089.4	3619.4
117.4	680.3	1282.3	2048.6	3620.0
118.6	678.9	1169.8	1982.1	3598.4
121.0	667.3	1157.7	1913.8	3481.2
120.2	671.3	1132.2	1854.1	3518.5
120.2	643.2	1128.7	1773.8	3520.3
120.7	619.2	1139.2	1708.5	3474.0
120.3	619.0	1146.1	1726.6	3509.4
123.8	608.3	1559.8	1907.4	3526.8
122.8	595.2	1541.0	1786.7	3409.4
123.2	584.4	1211.6	1638.9	3312.9
122.9	550.9	1240.2	1623.6	3328.7
124.8	526.4	1262.1	1599.4	3518.1
123.9	486.9	1221.5	1611.8	3521.2
124.3	474.4	1266.9	1665.7	3558.2
123.9	487.5	1295.3	1723.4	3626.0
124.8	517.9	1414.4	1780.1	3564.7
124.9	526.1	1417.8	1825.6	3514.0
125.3	528.8	1595.2	1946.8	3485.1
124.6	529.5	1604.9	2006.2	3299.7
125.0	511.9	1609.8	2034.4	3215.4
124.4	491.2	1725.7	2079.7	3118.1
124.3	436.4	1749.3	2143.2	2902.7
124.9	414.1	1772.8	2319.3	2802.5
123.1	411.0	1805.9	2487.2	2908.3
121.5	381.2	1844.5	2529.1	3343.0
121.5	378.6	1876.5	2672.5	3678.4
122.0	366.1	1925.0	2760.8	3730.4
120.5	352.5	1946.5	2849.0	3763.6
119.4	356.0	2011.8	2872.5	3788.5
116.8	358.1	1981.2	2809.1	3748.1
116.4	370.4	1921.1	2654.1	3690.0
123.0	380.3	1999.5	2669.1	3654.3
0.0	395.5	2027.7	2680.5	3659.6
120.0	402.7	1960.7	2620.6	3574.4
63.5	414.0	1890.6	2511.2	3597.0
63.5	403.0	1932.8	2406.8	3604.9
63.5	389.2	1965.5	2410.3	3692.3
0.0	371.6	1971.3	2316.0	3734.5
119.2	327.1	1940.7	2244.4	3730.1
63.5	301.4	1981.8	2438.9	3441.5
109.0	272.8	1758.0	2277.3	3192.6
117.6	286.9	1729.3	2174.7	3312.6
115.4	269.4	1719.6	2225.1	3281.5
107.5	298.8	1581.8	2234.7	3350.1
109.1	338.6	1543.4	2222.4	3364.8
111.1	329.5	1607.9	2341.5	3358.8
111.1	331.8	1668.9	2497.9	3582.8
108.1	346.2	1690.4	2598.4	3815.2
0.0	298.9	1788.2	2595.4	3772.2
0.0	265.0	1854.2	2527.3	3704.2
255.3	765.8	1807.6	2628.5	3884.7
100.8	815.8	1747.7	2790.4	4127.9
104.3	938.5	1772.7	2694.0	3966.1
0.0	1015.4	1754.3	2621.4	3696.5
113.2	465.4	1704.5	2574.3	3632.3
0.0	419.3	1659.2	2537.5	3644.6
126.3	426.2	1668.4	2511.7	3687.4
126.3	442.6	1641.9	2497.6	3752.5
130.4	448.6	1632.6	2482.1	3757.8
128.2	436.7	1628.4	2491.8	3719.2
129.7	420.2	1615.2	2498.6	3773.5
131.3	451.8	1592.2	2477.1	3674.2
132.0	436.3	1593.8	2532.2	3676.9
131.1	430.8	1580.7	2562.1	3680.4
129.4	455.8	1584.0	2576.3	3633.8
124.7	696.3	1636.5	2586.9	3654.1
117.4	768.9	1619.2	2612.8	3734.2
107.1	807.5	1702.2	2668.3	3777.4
105.3	825.5	1877.9	2700.8	3707.1
0.0	915.7	1830.1	2647.8	3695.9
179.1	751.3	1905.8	2739.3	3790.3
315.8	466.3	1947.0	2968.8	3750.1
93.0	744.6	1834.8	2877.4	3669.3
82.8	988.4	1896.6	2863.9	3641.1
68.2	852.5	1805.7	2790.2	3561.1
480.0	769.4	1734.1	2805.2	3653.9
0.0	908.9	1753.1	2794.5	3712.1
387.1	831.4	1753.7	2692.9	3635.2
363.6	342.9	1734.8	2704.5	3654.6
0.0	396.3	1721.0	2706.5	3708.0
0.0	346.1	1737.1	2703.2	3668.0
88.5	406.8	1729.1	2708.8	3699.3
0.0	401.8	1718.3	2704.7	3615.7
0.0	327.1	1722.6	2681.9	3452.1
0.0	307.1	1675.4	2624.1	3443.5
112.9	244.1	1641.3	2611.3	3363.5
105.3	231.5	1563.8	2625.4	3335.4
112.1	228.4	1749.2	2679.0	3360.2
111.1	253.1	1670.3	2529.1	3233.1
112.1	234.2	1526.5	2460.2	3281.2
111.1	237.1	1645.4	2653.7	3340.5
103.4	254.3	1745.7	2634.8	3408.1
110.1	231.3	1708.8	2470.5	3425.6
106.2	629.1	1728.2	2651.0	3644.5
102.6	693.9	1685.5	2683.0	3738.2
101.7	650.8	1700.1	2745.3	3631.6
0.0	657.3	1681.8	2747.6	3610.8
0.0	705.2	1648.5	2681.5	3418.7
0.0	763.2	1632.6	2650.6	3197.9
0.0	799.1	1629.1	2593.2	3296.4
0.0	706.4	1604.6	2600.8	3268.1
0.0	713.1	1608.5	2662.6	3411.9
0.0	697.6	1607.2	2631.1	3458.2
0.0	705.3	1557.1	2578.0	3370.7
0.0	686.4	1487.5	2546.2	3340.6
