0.0	0.0	0.0	0.0	0.0
0.0	0.0	0.0	0.0	0.0
0.0	0.0	0.0	0.0	0.0
0.0	780.1	1593.0	2700.1	3672.6
0.0	811.1	1654.6	2619.9	3512.0
0.0	694.4	1699.4	2495.4	3357.0
0.0	848.9	1837.0	2594.0	3445.9
0.0	891.6	1875.8	2623.3	3508.4
0.0	988.4	1810.0	2597.9	3513.3
0.0	634.1	1749.1	2694.7	3429.5
0.0	1015.7	1826.3	2684.0	3524.6
0.0	1047.4	1722.4	2557.8	3537.6
0.0	734.0	1715.2	2566.5	3439.9
0.0	524.2	1673.8	2562.6	3400.4
0.0	477.8	1674.7	2620.0	3463.0
0.0	1067.8	2129.6	2626.7	3658.0
0.0	1019.9	1772.5	2622.7	3510.0
0.0	835.9	1891.4	2620.3	3711.0
0.0	770.4	1781.5	2558.0	3772.6
0.0	856.0	1720.3	2707.8	3563.5
0.0	918.5	1743.5	2620.3	3425.2
235.3	898.7	1661.6	2515.9	3396.2
0.0	846.9	1724.9	2669.7	3542.5
0.0	670.2	1657.9	2658.0	3423.8
0.0	941.8	1674.3	2654.4	3452.1
0.0	699.0	1573.4	2510.3	3377.2
279.1	603.7	1598.8	2447.8	3354.7
266.7	475.4	1555.5	2466.9	3242.8
0.0	469.0	1544.0	2466.1	3246.3
131.2	498.9	1566.1	2474.5	3291.9
129.0	521.3	1616.2	2473.5	3320.2
131.9	528.0	1658.9	2468.3	3303.0
126.3	531.6	1708.6	2419.1	3235.2
123.7	556.4	1805.2	2360.6	3271.3
121.2	589.8	1890.4	2407.2	3560.4
115.4	638.8	1910.7	2567.5	3791.9
65.2	1046.6	1886.1	2677.3	3711.9
81.1	928.3	1843.6	2580.4	3475.4
0.0	918.2	1694.9	2504.9	3424.4
0.0	911.9	1574.3	2441.5	3522.8
315.8	855.3	1457.8	2406.5	3584.4
300.0	844.5	1563.5	2351.1	3610.6
0.0	652.9	1578.6	2325.7	3539.4
0.0	785.5	1575.5	2194.3	3440.8
480.0	765.6	1537.7	2164.9	3410.4
107.1	746.8	1353.9	2045.6	3313.7
160.0	881.8	1434.7	1942.2	3305.5
400.0	846.2	1403.8	1915.9	3438.8
0.0	694.5	1261.6	1868.3	3539.2
163.4	661.1	1270.6	1845.8	3589.8
126.8	653.7	1293.3	1833.6	3529.6
130.5	647.8	1311.0	1845.1	3459.5
130.4	633.3	1317.2	1836.2	3401.4
129.2	617.8	1342.1	1828.9	3492.0
127.8	599.5	1367.0	1837.8	3467.8
127.9	584.3	1387.2	1803.1	3428.8
128.6	562.8	1409.3	1816.1	3470.3
129.4	544.8	1450.0	1847.8	3484.1
131.0	533.2	1490.3	1896.6	3466.4
132.1	524.0	1526.8	1935.9	3248.6
132.8	498.0	1563.4	2132.2	2989.7
132.6	414.5	1570.2	2225.4	2872.5
132.0	367.2	1527.8	2248.3	3005.9
129.0	271.2	1558.2	2212.8	3115.0
63.5	261.8	1569.6	2210.3	3133.6
123.9	866.6	1666.2	2098.4	2985.9
118.4	399.6	1509.0	2086.5	2859.7
0.0	439.3	1449.5	2170.4	3049.0
135.7	440.4	1374.6	2039.0	3221.5
134.7	463.8	1295.6	1992.2	3249.2
132.2	477.4	1226.0	1971.9	3186.2
131.9	503.7	1194.2	1950.9	3186.6
131.9	522.1	1176.5	1908.2	3189.7
130.4	497.4	1187.2	1881.4	3158.5
130.4	528.9	1203.0	1851.4	3176.7
130.4	510.3	1230.1	1808.1	3255.7
129.0	513.6	1262.0	1779.7	3369.1
127.7	510.6	1282.5	1756.2	3381.4
127.9	507.7	1305.2	1757.0	3395.8
127.7	501.8	1324.7	1738.7	3402.0
129.0	473.1	1340.4	1745.5	3344.7
126.3	485.2	1359.2	1775.2	3304.6
123.7	532.5	1356.4	1780.6	3246.5
121.2	571.0	1389.6	2034.9	3387.6
120.0	350.1	1459.8	2497.6	3480.8
107.1	678.0	1415.8	2517.4	3396.4
77.4	675.2	1351.7	2371.0	3373.1
0.0	557.5	1142.1	2320.1	3312.2
315.8	547.6	1115.0	2393.6	3257.0
0.0	509.6	1107.8	2391.4	3276.0
0.0	969.1	1447.3	2378.9	3373.4
0.0	909.6	1393.8	2237.8	3332.5
0.0	892.5	1397.8	2270.1	3500.3
315.8	985.4	1445.2	2566.9	3591.5
95.2	1048.4	1430.6	2437.4	3539.8
0.0	870.9	1396.5	2225.7	3425.6
292.7	839.9	1370.8	2149.8	3443.8
0.0	716.0	1370.2	2170.1	3407.3
0.0	703.6	1405.9	1885.8	3537.2
73.2	730.5	1423.3	1761.4	3592.1
0.0	738.3	1404.5	1835.0	3666.1
130.4	655.4	1384.2	1741.9	3780.7
0.0	636.4	1359.8	1760.5	3787.9
0.0	653.8	1360.9	1824.8	3717.3
131.5	671.0	1349.8	1907.7	3696.4
128.8	676.7	1377.5	1953.1	3731.1
126.1	688.4	1399.6	2040.8	3543.1
124.6	699.4	1450.8	2095.8	3436.9
123.9	700.6	1464.9	2132.7	3345.2
123.6	691.2	1454.8	2164.5	3454.7
122.4	692.6	1455.4	2203.1	3604.5
122.6	686.8	1431.6	2203.4	3590.4
122.4	670.8	1418.6	2248.9	3600.9
123.6	661.9	1450.4	2325.0	3664.7
124.6	638.7	1459.9	2378.0	3500.9
126.6	622.6	1501.7	2430.0	3419.7
126.7	604.3	1520.8	2448.2	3492.5
127.6	605.2	1542.0	2514.7	3479.2
129.0	599.4	1564.3	2590.1	3475.5
126.9	549.0	1713.2	2578.1	3372.5
128.1	838.8	2097.7	2657.3	3333.8
117.6	705.6	2130.1	2599.3	3314.0
0.0	930.9	2137.3	2603.9	3326.5
106.2	952.2	2299.9	2720.1	3372.9
0.0	812.7	2361.9	2866.7	3417.1
260.9	976.3	2276.5	2781.7	3333.8
307.7	1302.4	2378.6	2813.5	3338.3
85.7	1404.3	2334.5	2907.8	3382.9
333.3	1006.8	2171.0	2774.0	3347.6
0.0	943.9	2256.0	2829.7	3412.0
105.3	1279.6	2324.1	2942.1	3507.4
0.0	1236.1	2362.2	2880.5	3492.9
0.0	1001.5	2254.2	2807.3	3390.2
0.0	736.1	2165.8	2801.6	3329.0
0.0	851.9	2167.2	2708.0	3366.6
0.0	889.7	2143.3	2550.1	3289.7
193.5	1079.6	2161.0	2567.4	3248.2
0.0	950.5	2276.3	2555.4	3282.9
400.0	570.8	2122.2	2513.6	3394.7
151.9	906.6	2109.8	2582.0	3376.9
181.8	711.9	2027.4	2472.4	3251.7
181.8	1101.4	2141.6	2487.6	3225.2
148.1	605.6	1828.8	2425.6	3199.2
0.0	531.7	1571.6	2355.6	3161.0
0.0	525.9	1469.6	2331.2	3170.8
166.7	548.9	1413.5	2312.6	3262.3
122.4	592.3	1410.2	2304.5	3312.8
127.4	633.0	1428.0	2324.0	3363.5
124.3	650.9	1366.5	2326.2	3326.4
123.9	669.6	1347.1	2360.9	3415.7
123.9	686.4	1369.1	2430.9	3361.1
126.8	699.0	1395.1	2457.1	3373.0
131.5	692.7	1419.7	2500.4	3391.4
135.4	705.9	1488.9	2552.6	3416.8
144.0	737.1	1505.8	2594.1	3384.6
149.5	751.6	1504.0	2659.1	3368.0
157.0	611.6	1468.7	2681.9	3556.0
159.0	600.7	1390.4	2683.7	3603.1
162.2	486.4	1367.4	2571.8	3489.8
162.2	764.6	1517.2	2448.0	3450.8
79.7	796.8	1561.3	2466.5	3368.2
80.7	305.1	1404.4	2431.4	3212.4
165.4	320.8	1604.7	2576.9	3376.0
90.9	742.1	1695.6	2658.7	3486.2
0.0	974.9	1795.5	2822.6	3551.7
0.0	895.6	1820.7	2659.8	3405.9
0.0	971.6	1806.2	2618.0	3466.2
0.0	1098.2	1822.0	2759.7	3520.4
