0.0	0.0	0.0	0.0	0.0
0.0	0.0	0.0	0.0	0.0
0.0	0.0	0.0	0.0	0.0
0.0	710.6	1706.2	2437.3	3300.8
0.0	781.3	1880.3	2528.0	3358.7
0.0	592.9	1852.4	2537.9	3404.4
0.0	676.2	1837.3	2567.6	3387.2
0.0	733.7	1672.8	2552.3	3414.8
0.0	801.1	1737.9	2722.1	3450.8
0.0	1015.5	1904.9	2884.8	3403.7
0.0	980.1	1893.5	2840.0	3392.4
0.0	707.5	1746.9	2615.3	3476.5
0.0	700.6	1621.0	2477.4	3381.9
0.0	746.4	1715.1	2438.5	3401.6
0.0	728.4	1735.4	2542.7	3481.5
0.0	786.4	1829.9	2751.7	3524.8
0.0	742.2	1944.0	2979.9	3620.5
0.0	310.6	1898.8	2881.8	3529.3
0.0	313.6	2030.8	2829.9	3512.2
170.5	331.1	2037.2	2739.1	3576.4
142.2	395.2	2008.9	2622.8	3568.9
128.9	378.2	1911.7	2523.4	3518.8
125.8	372.8	1816.6	2375.7	3528.3
121.2	373.5	1669.9	2354.2	3551.4
115.2	365.2	1483.4	2580.4	3496.2
109.1	761.5	1491.9	2588.1	3319.5
102.6	880.4	1727.4	2430.1	3349.8
105.3	984.5	1713.6	2476.4	3488.9
102.5	990.4	1531.4	2811.7	3770.4
0.0	942.5	1237.2	2645.3	3931.4
0.0	946.7	1315.5	2466.1	3821.1
84.4	788.9	1454.9	2537.0	3700.9
74.1	688.6	1538.6	2638.5	3726.7
0.0	442.4	1623.9	2300.2	3641.8
0.0	432.7	1651.6	2269.4	3641.5
0.0	438.3	1648.9	2251.9	3679.2
123.0	491.0	1647.6	2257.5	3621.2
121.5	531.4	1629.6	2246.7	3567.7
117.5	571.8	1608.0	2270.1	3556.1
113.7	613.6	1584.5	2300.3	3625.4
111.3	632.4	1575.3	2304.9	3659.5
108.1	643.1	1575.6	2339.8	3645.8
107.2	643.9	1577.3	2311.2	3647.8
107.3	640.3	1577.0	2289.2	3670.3
107.5	629.6	1588.6	2350.6	3695.0
108.5	625.7	1623.7	2380.0	3648.5
107.0	597.3	1631.6	2422.4	3715.5
109.9	547.9	1636.7	2469.5	3819.7
111.1	496.5	1618.6	2495.0	3766.5
115.4	433.8	1613.5	2438.9	3637.9
119.9	383.9	1627.1	2421.3	3440.3
116.5	366.5	1647.7	2455.5	3180.7
118.8	385.1	1570.3	2485.3	3005.4
119.0	392.8	1543.0	2498.1	3192.2
117.0	388.3	1587.1	2443.6	3112.1
115.4	369.7	889.3	2365.6	2744.7
114.3	330.7	870.8	2300.9	2620.1
114.3	290.0	881.1	2257.5	2530.9
111.1	636.8	1547.2	2436.8	3320.3
112.5	588.5	1530.1	2449.7	3347.3
117.3	605.1	1488.0	2522.2	3431.8
115.1	620.1	1465.3	2435.4	3461.5
115.9	618.1	1389.5	2384.7	3472.9
116.3	611.7	1346.3	2443.4	3456.3
116.4	594.7	1252.4	2452.4	3473.1
116.1	586.6	1154.7	2434.7	3547.8
117.1	562.3	1092.8	2439.9	3546.2
118.0	493.5	1033.5	2396.5	3452.7
117.7	452.6	963.2	2421.9	3439.7
115.7	488.3	1007.3	2378.2	3442.5
111.3	399.4	1037.4	2355.2	3515.6
104.5	383.4	1193.5	2293.3	3496.2
101.4	240.9	1049.4	2221.0	3457.4
99.2	230.0	1107.8	2361.0	3426.3
96.8	243.8	1138.7	2507.5	3511.7
95.1	496.6	1522.6	2523.3	3405.4
102.6	390.3	1412.8	2345.6	3201.1
106.3	415.3	1470.8	2318.7	3341.8
0.0	411.8	1576.0	2335.9	3454.1
113.3	432.6	1694.5	2384.7	3552.5
113.3	430.8	1768.2	2492.6	3619.5
114.9	448.0	1741.5	2487.5	3626.4
115.0	452.8	1720.0	2514.1	3586.9
114.7	450.8	1680.8	2503.5	3624.5
114.0	443.4	1667.6	2501.7	3668.3
113.5	426.9	1655.8	2497.5	3692.4
112.5	429.0	1622.5	2534.2	3693.1
110.8	431.4	1552.8	2622.4	3700.8
101.7	717.8	1663.7	2863.3	3707.8
97.6	937.4	1999.5	2999.4	3762.6
97.6	772.0	1690.5	2915.2	3785.1
461.5	587.0	1661.6	2942.3	3815.0
102.6	448.5	1559.9	2631.2	3873.4
0.0	436.2	1475.6	2336.1	3680.1
0.0	477.4	1490.1	2332.7	3640.7
112.1	536.2	1477.1	2290.3	3597.0
113.0	559.1	1523.3	2247.0	3651.8
112.7	558.3	1564.5	2256.0	3550.2
110.3	537.6	1550.8	2373.5	3601.8
109.2	470.5	1558.9	2499.8	3557.4
105.7	512.7	1579.8	2571.6	3565.6
103.4	706.9	1610.0	2626.9	3619.7
99.2	734.6	1717.4	2786.9	3684.9
0.0	770.8	1801.5	3089.3	3797.8
461.5	689.3	1716.4	3023.5	3873.6
400.0	758.1	1611.6	2816.9	3811.6
279.1	728.3	1848.1	2654.5	3730.0
171.4	701.3	1736.4	2626.4	3606.1
90.9	594.7	1549.6	2597.2	3681.2
83.3	533.9	1463.3	2568.6	3672.4
0.0	546.5	1380.9	2526.1	3579.6
116.8	571.3	1367.2	2523.6	3624.9
109.8	616.2	1353.1	2526.3	3612.5
105.8	656.0	1342.6	2516.9	3601.3
105.5	645.1	1312.2	2497.9	3564.0
105.2	625.9	1306.6	2455.4	3525.1
104.1	596.8	1328.9	2368.6	3474.6
101.9	571.5	1338.2	2332.4	3379.6
99.4	528.9	1361.0	2333.8	3326.4
79.5	692.0	1517.1	2493.3	3399.0
80.0	554.8	1747.2	2637.3	3428.6
88.2	870.7	1886.1	2779.5	3516.8
0.0	890.8	1808.9	2737.7	3471.4
0.0	850.3	1742.6	2643.2	3447.0
0.0	727.7	1700.6	2467.2	3438.8
0.0	710.2	1693.4	2405.6	3458.4
0.0	712.2	1715.9	2390.7	3436.4
121.2	750.9	1724.2	2446.9	3399.2
250.0	766.5	1808.4	2452.0	3485.6
122.4	596.5	1868.3	2437.8	3464.7
0.0	606.1	1986.1	2457.3	3403.1
0.0	516.0	2006.2	2426.5	3399.1
0.0	464.7	1980.3	2352.3	3447.5
115.6	398.3	1977.2	2334.2	3460.0
100.0	400.1	1954.1	2306.4	3461.5
95.2	394.5	1934.3	2263.1	3454.1
94.4	402.3	1886.8	2226.1	3482.9
91.9	428.4	1831.2	2178.7	3483.4
90.8	458.7	1754.8	2105.4	3519.8
89.5	516.1	1656.2	2065.0	3511.8
89.6	524.7	1591.3	2014.9	3514.6
90.1	540.6	1560.5	1989.0	3509.7
90.8	546.8	1534.2	1935.2	3521.3
90.8	586.0	1497.5	1891.7	3537.4
88.9	582.5	1470.6	1867.0	3547.0
89.1	526.4	1482.7	1854.8	3526.2
89.7	576.2	1480.6	1851.9	3524.7
89.3	624.9	1481.4	1885.2	3494.3
90.9	595.5	1456.3	1844.7	3532.6
91.1	669.7	1438.6	1814.0	3534.4
92.6	719.8	1460.5	1778.0	3535.0
92.3	884.5	1445.8	1801.0	3438.4
94.3	892.5	1477.5	1809.9	3314.9
97.9	734.2	1445.7	1807.9	3289.4
98.4	705.4	1439.4	1822.3	3356.8
98.2	934.4	1482.3	1895.7	3244.0
98.1	837.3	1529.6	1878.7	3144.0
101.7	763.4	1451.5	1897.1	3127.5
105.3	782.0	1431.6	1950.1	3026.5
110.1	743.4	1409.2	1924.5	2992.2
118.8	814.6	1422.4	2064.7	3110.4
105.3	855.0	1435.8	2260.0	3287.6
0.0	875.8	1444.4	2360.7	3230.8
144.6	816.7	1346.5	2375.5	3172.9
0.0	804.4	1362.3	2404.3	3154.8
136.4	869.5	1452.0	2472.2	3099.9
0.0	882.0	1567.8	2457.6	3085.8
0.0	851.4	1571.9	2360.4	3212.2
