0.0	0.0	0.0	0.0	0.0
0.0	0.0	0.0	0.0	0.0
0.0	0.0	0.0	0.0	0.0
0.0	770.7	1545.4	2658.7	3385.6
0.0	756.5	1609.7	2650.7	3439.3
0.0	705.9	1693.0	2656.6	3391.6
0.0	842.9	1800.4	2607.3	3373.3
0.0	834.7	1761.2	2538.8	3437.7
0.0	869.6	1849.8	2587.4	3408.5
0.0	869.9	1878.7	2721.8	3361.9
0.0	733.5	1704.2	2765.0	3346.5
0.0	806.8	1832.1	2863.3	3671.2
0.0	778.7	1895.1	2826.3	3665.0
0.0	770.4	1861.2	2722.4	3492.6
0.0	895.9	1860.1	2757.1	3547.8
0.0	784.4	1978.7	2878.4	3622.7
0.0	271.9	2029.8	2935.5	3637.8
0.0	300.3	2021.7	3044.5	3547.0
0.0	324.6	2060.2	3007.9	3463.1
0.0	349.7	2074.2	3000.3	3497.4
113.3	366.7	2088.4	2952.0	3511.0
115.8	369.5	2057.1	2851.2	3425.2
116.3	431.0	2031.9	2746.5	3410.4
116.9	478.7	1968.6	2654.4	3384.1
122.6	498.7	1905.4	2475.6	3413.2
124.0	507.7	1806.9	2306.1	3406.1
125.4	504.1	1568.3	2223.2	3430.8
126.8	497.8	1394.6	2241.1	3447.7
124.2	467.0	1160.0	2250.1	3424.1
120.0	437.4	968.9	2306.5	3427.0
112.8	449.3	877.3	2341.8	3461.8
104.6	435.7	832.8	2429.4	3481.7
117.6	418.8	787.7	2445.9	3371.1
121.2	376.9	761.8	2420.7	3357.2
125.9	375.9	771.2	2360.3	3413.2
127.4	375.5	817.6	2355.0	3415.2
128.0	402.4	917.1	2350.4	3419.2
127.6	405.1	1060.8	2355.9	3440.3
127.4	412.3	1305.2	2377.7	3525.4
123.7	422.6	1598.4	2403.2	3566.5
122.1	403.3	1834.5	2458.4	3536.4
121.0	474.3	2056.2	2590.8	3658.8
116.7	413.4	2082.0	2713.5	3598.8
119.4	450.1	1795.0	2671.0	3495.9
116.3	358.7	1089.4	2319.1	2879.4
115.4	368.8	1088.2	2293.0	2824.6
118.8	368.3	1082.5	2269.5	2859.5
118.8	376.8	1107.0	2297.6	2937.4
117.6	463.1	1578.5	2709.8	3105.7
121.2	506.3	1587.0	2702.6	3361.9
117.8	515.1	1466.2	2673.1	3406.1
116.6	517.7	1345.8	2555.8	3382.6
116.1	525.4	1246.2	2567.4	3531.3
116.3	520.5	1170.9	2698.6	3618.9
117.1	517.7	1109.1	2743.7	3548.8
116.9	528.8	1051.6	2781.0	3486.4
116.2	543.1	1043.2	2803.6	3416.2
116.5	534.9	1037.0	2798.6	3393.1
116.5	509.5	986.3	2856.1	3305.9
115.7	479.0	924.7	2857.9	3282.5
117.2	484.0	916.9	2850.5	3424.5
116.9	481.5	885.0	2877.6	3438.7
117.2	485.6	890.0	2883.7	3374.3
118.3	500.2	877.2	2889.2	3463.5
120.2	516.9	928.5	2926.4	3551.2
118.2	546.9	966.0	2937.5	3653.3
118.9	571.1	982.8	2954.1	3629.1
118.6	585.8	1047.4	2955.7	3581.6
117.8	595.3	1066.9	2933.6	3536.3
117.5	597.2	1060.7	2920.8	3587.4
117.4	590.0	1068.3	2884.3	3542.5
118.2	589.2	1093.5	2854.0	3518.3
118.6	583.1	1101.5	2777.7	3409.3
117.9	555.5	1076.9	2741.1	3309.6
117.7	528.7	1074.5	2704.7	3281.5
117.3	526.9	1105.8	2582.1	3306.6
116.6	514.1	1122.6	1990.5	3189.8
116.5	521.9	1045.9	1918.5	3231.2
116.5	504.0	951.4	1919.0	3378.0
120.0	495.9	962.7	1907.3	3483.2
120.0	495.9	1145.9	1869.0	3305.0
117.6	454.6	1241.2	1801.4	3295.2
114.3	459.6	1304.1	1704.0	3380.9
111.1	424.0	1347.5	1661.0	3413.0
113.3	461.6	1342.1	1621.8	3439.1
113.2	464.2	1338.2	1569.4	3461.6
112.6	463.7	1323.0	1548.1	3334.2
112.1	466.6	1321.5	1582.7	3442.6
112.1	476.0	1314.1	1617.8	3436.4
111.5	471.5	1405.6	1800.9	3362.0
108.1	530.9	1534.7	2305.4	3356.0
101.9	692.8	1693.9	2487.6	3325.1
95.0	754.9	1880.1	2433.9	3280.5
0.0	1063.6	1943.6	2550.4	3307.5
521.7	1105.4	1954.8	2684.5	3393.3
79.5	1158.6	1795.9	2629.2	3467.6
461.5	1093.0	1722.4	2511.2	3452.7
0.0	854.6	1735.9	2491.6	3447.0
0.0	807.9	1757.3	2493.0	3448.7
0.0	608.4	1815.3	2450.6	3427.2
0.0	742.9	1892.2	2546.6	3460.5
100.0	672.1	1984.2	2656.4	3542.7
0.0	419.1	2010.4	2666.5	3555.3
0.0	383.0	2044.1	2642.4	3587.1
129.3	355.4	2071.5	2650.1	3604.4
117.0	359.4	2088.8	2647.2	3600.1
117.2	366.8	2097.3	2583.2	3601.5
115.9	367.3	2080.5	2497.5	3558.2
114.5	389.3	2011.7	2442.6	3542.7
113.1	446.5	1868.3	2405.0	3567.3
112.5	458.0	1746.9	2390.5	3574.8
111.8	467.2	1548.0	2418.2	3595.5
112.0	456.8	1361.9	2468.8	3571.1
110.1	470.0	1214.1	2499.6	3547.0
108.6	486.7	1145.9	2522.4	3575.0
108.7	490.1	1081.6	2520.3	3555.2
108.5	494.2	1053.3	2509.3	3555.2
108.1	488.1	1049.8	2500.6	3576.3
107.7	497.1	1085.5	2514.0	3579.9
108.1	515.2	1154.9	2521.2	3568.1
107.9	527.0	1207.8	2532.8	3529.0
106.8	532.0	1253.9	2538.5	3551.7
105.9	537.4	1280.7	2561.7	3584.6
105.1	537.1	1309.8	2615.2	3658.0
105.3	539.4	1360.5	2646.1	3706.6
105.5	547.9	1424.7	2629.7	3622.1
105.1	546.1	1475.0	2655.3	3578.9
104.8	523.4	1464.0	2657.1	3470.6
104.5	488.5	1303.3	2513.8	3321.2
103.8	361.6	1266.1	2177.6	3292.5
102.7	391.9	1549.6	2353.4	3453.5
109.2	446.3	1745.3	2883.6	3550.6
108.3	447.7	1966.3	2906.3	3585.4
107.9	451.2	2102.3	2903.2	3573.5
108.3	432.9	2281.1	2906.3	3570.0
108.9	418.7	2361.6	2955.2	3646.3
108.9	424.2	2324.6	3032.3	3578.8
108.6	376.0	2355.9	2993.1	3525.1
108.5	384.8	2458.6	3004.9	3626.8
108.9	384.6	2502.4	2992.2	3665.3
108.1	404.3	2415.1	2877.7	3582.6
107.5	386.7	2322.3	2787.2	3517.0
108.1	386.5	2194.2	2686.6	3516.4
108.4	407.5	2057.4	2642.9	3514.2
108.5	386.3	1909.9	2662.6	3549.8
107.0	382.2	1818.8	2633.2	3528.9
105.0	365.4	1769.4	2656.7	3812.5
101.7	414.4	1831.7	2795.5	3884.8
96.8	696.3	1847.2	3014.7	3973.7
93.0	831.1	1761.2	3183.1	4256.0
104.3	786.0	1775.5	2976.7	4213.9
480.0	721.5	1769.8	2753.2	3866.2
521.7	783.1	1736.5	2720.5	3754.9
164.4	852.1	1721.3	2699.4	3772.9
103.4	931.8	1768.3	2661.2	3698.5
0.0	443.3	1799.8	2583.5	3547.1
0.0	450.0	1879.2	2582.9	3588.3
0.0	476.4	1950.1	2606.8	3609.2
0.0	500.3	2017.0	2617.0	3589.0
0.0	529.8	2087.2	2631.9	3607.9
0.0	471.0	2154.0	2647.3	3572.1
0.0	512.6	2221.0	2691.1	3639.9
90.3	467.3	1115.0	2538.9	3285.5
103.7	564.0	1129.6	2565.5	3210.2
104.3	488.7	1126.0	2559.8	3171.3
103.4	609.0	1185.6	2471.8	3178.3
108.1	673.8	1256.7	2338.4	3216.0
103.4	869.3	1281.2	2385.6	3159.3
0.0	746.3	1247.1	2378.2	3232.4
0.0	669.5	1380.5	2363.6	3362.0
0.0	653.5	1568.0	2422.4	3313.2
0.0	788.2	1791.8	2582.2	3346.5
0.0	868.2	1534.8	2412.6	3349.8
