0.0	0.0	0.0	0.0	0.0
0.0	0.0	0.0	0.0	0.0
0.0	0.0	0.0	0.0	0.0
0.0	795.4	1763.0	2603.1	3596.3
0.0	790.8	1653.4	2496.0	3446.6
0.0	762.7	1661.7	2633.9	3463.6
0.0	758.8	1534.4	2563.0	3419.3
0.0	694.0	1570.4	2495.6	3365.4
0.0	661.0	1566.8	2522.0	3368.9
0.0	481.4	1477.0	2680.7	3344.0
0.0	819.2	1533.9	2600.8	3246.8
137.9	511.1	1226.9	2444.0	3228.1
0.0	553.4	1288.3	2650.9	3315.0
0.0	550.2	1322.8	2616.3	3373.5
151.9	568.2	1480.5	2707.6	3312.5
136.4	598.2	1729.0	2807.4	3370.7
138.9	523.0	1743.9	2796.3	3639.1
142.8	487.6	1425.2	2739.4	3649.7
0.0	454.3	778.3	2689.7	3356.0
123.8	477.0	782.8	2609.6	3210.7
126.4	493.9	787.5	2571.9	3024.5
126.3	492.8	857.2	2454.8	3010.9
121.2	519.7	890.0	2334.6	3014.2
123.7	522.2	937.5	2262.5	2987.5
124.1	515.7	1005.8	2160.7	3041.3
125.3	523.2	1058.8	2054.2	3071.8
127.3	530.0	1116.8	2010.9	3113.7
129.1	525.8	1176.1	1899.7	3085.8
130.3	510.8	1197.2	1894.9	3056.0
131.1	525.0	1244.6	1910.9	3046.5
133.9	468.3	1280.7	1950.6	3175.8
136.0	466.3	1332.0	1993.1	3174.0
139.1	437.0	1429.9	1848.9	3003.9
140.3	427.2	1522.4	1848.0	2928.7
140.6	408.1	1607.5	2689.5	3585.5
140.7	446.1	1563.5	2660.0	3759.3
141.8	464.6	1523.7	2683.9	3769.1
139.3	524.6	1552.2	2688.5	3750.0
136.4	290.1	1301.3	2625.4	3808.6
139.6	290.1	1363.7	2661.8	3718.3
136.7	296.5	1310.3	2512.1	3596.7
134.7	290.0	1371.2	2239.2	3384.0
126.8	455.8	1647.6	2584.0	3351.0
120.9	290.1	1659.4	2624.6	3408.6
76.4	1002.4	1868.8	2651.7	3387.1
77.4	779.5	1449.8	2468.5	3375.5
77.9	818.4	1545.2	2645.1	3494.8
0.0	783.9	1645.6	2596.2	3445.5
0.0	664.8	1555.4	2520.5	3361.3
0.0	747.1	1649.1	2710.8	3624.5
0.0	818.2	1779.6	2646.1	3502.8
0.0	697.4	1853.4	2682.2	3301.7
169.0	467.7	1819.2	2528.4	3280.3
0.0	394.3	1620.7	2355.0	3001.5
0.0	417.3	1617.8	2206.7	2932.0
134.8	379.3	1602.7	2153.6	2932.2
127.8	372.0	1583.4	2132.0	2971.4
126.4	380.5	1623.1	2133.2	3063.2
124.5	378.4	1631.4	2119.4	3027.5
124.3	378.4	1620.9	2114.5	3057.4
124.3	379.4	1621.0	2126.5	3208.2
124.9	389.3	1548.9	2138.0	3225.7
125.2	382.7	1498.4	2143.8	3213.0
126.0	386.6	1474.1	2138.4	3290.8
126.0	377.6	1427.7	2157.2	3458.2
125.4	385.7	1382.8	2180.3	3472.6
125.3	379.6	1275.8	2229.8	3461.1
124.8	389.2	1222.0	2252.8	3549.8
124.4	385.8	1210.6	2241.7	3600.9
124.3	398.5	1220.7	2242.5	3417.9
123.7	411.8	1256.4	2265.7	3438.8
122.9	446.0	1321.5	2254.6	3375.4
121.7	482.8	1394.5	2257.2	3242.1
118.0	483.4	1443.5	2262.3	3307.4
118.8	488.8	1493.7	2265.7	3306.0
118.1	517.4	1542.8	2303.9	3327.9
117.5	549.0	1562.8	2326.2	3367.9
117.5	561.8	1597.5	2377.5	3374.9
117.7	562.7	1615.9	2421.5	3437.1
116.8	552.0	1628.7	2530.4	3591.1
116.5	518.0	1618.5	2677.3	3702.0
115.8	463.3	1588.0	2678.7	3726.9
115.4	435.0	1539.1	2644.0	3733.2
115.2	481.3	1494.7	2591.6	3612.3
105.4	200.9	1541.2	2600.9	3459.0
90.2	233.0	1517.4	2579.6	3311.6
65.6	312.7	1361.3	2460.7	3305.8
122.4	511.4	1349.7	2400.6	3279.5
112.1	635.5	1505.9	2556.8	3317.1
76.4	801.9	1737.1	2568.7	3294.7
0.0	845.4	1614.7	2478.4	3303.8
0.0	580.0	1655.8	2627.9	3628.6
375.0	430.6	1674.0	2675.3	3711.8
134.8	361.5	1639.3	2654.5	3668.1
0.0	407.9	1674.3	2673.0	3743.0
0.0	437.4	1696.2	2684.0	3810.2
0.0	442.4	1710.0	2687.7	3839.0
107.5	434.4	1719.1	2692.6	3813.5
107.8	378.8	1672.8	2679.5	3774.1
107.4	242.5	1697.1	2624.6	3729.3
109.3	228.5	1739.7	2568.7	3625.1
113.1	236.6	1680.0	2588.6	3562.7
113.6	237.4	1691.4	2589.1	3547.2
114.9	232.8	1722.8	2544.3	3694.1
114.2	240.1	1672.9	2538.0	3711.3
112.9	227.5	1679.8	2521.6	3712.7
110.3	373.5	1850.8	2591.3	3742.6
217.1	438.5	1961.4	2665.7	3728.5
112.2	521.2	2039.0	2718.3	3742.5
111.4	418.6	2092.6	2757.2	3736.8
109.6	366.0	2110.7	2779.6	3742.5
111.0	371.8	2121.8	2781.6	3720.6
112.7	399.8	2129.3	2770.6	3699.4
112.0	382.3	2127.9	2740.9	3680.7
111.8	367.4	2128.1	2743.1	3688.3
111.0	486.0	2141.8	2763.0	3667.8
110.6	373.0	2135.1	2790.6	3657.5
109.8	473.7	2143.4	2783.0	3676.8
109.4	484.1	2159.4	2764.4	3686.4
108.8	427.6	2149.3	2746.0	3690.6
107.8	458.3	2144.0	2755.2	3670.6
107.2	470.3	2147.8	2766.3	3669.3
106.6	473.8	2149.6	2724.7	3662.0
105.6	467.9	2127.3	2689.3	3697.8
103.4	466.9	2078.0	2650.6	3735.0
102.9	452.3	2016.4	2643.2	3723.9
103.4	518.7	1994.3	2635.8	3736.2
100.9	433.0	1977.2	2636.1	3763.7
100.8	408.6	1912.0	2645.3	3792.5
98.4	446.7	1832.5	2670.1	3652.1
96.8	395.8	1826.5	2725.5	3648.7
100.0	500.7	1840.2	2660.6	3833.1
101.7	912.7	2025.5	2900.3	4352.3
0.0	695.6	1920.5	2911.7	5005.9
0.0	743.1	1887.5	2976.1	5143.9
0.0	447.0	1854.8	2906.8	4591.6
214.3	1078.1	2126.7	3229.6	5157.4
63.8	669.0	1960.6	3210.4	5226.2
571.4	735.8	1828.9	3058.5	5024.6
500.0	388.9	1830.1	3013.8	4918.4
500.0	925.5	1967.3	3140.8	4866.3
352.9	659.0	1899.5	3127.3	4459.1
72.3	587.2	1955.2	3182.9	4716.9
137.9	759.7	1969.1	3118.4	4630.1
0.0	642.9	1899.9	3034.1	3736.4
0.0	842.7	1831.9	2986.0	3655.2
292.7	732.9	1667.3	2804.6	3702.8
130.4	805.7	1629.6	2517.0	3665.8
150.0	855.4	1632.5	2624.0	3695.2
121.2	721.5	1687.1	2623.5	3670.4
226.4	1025.3	1681.6	2684.0	3573.5
480.0	757.3	1453.6	2701.9	3512.4
521.7	619.0	1351.0	2462.1	3512.2
363.6	644.1	1317.3	2411.7	3510.4
0.0	779.8	1347.4	2492.7	3560.7
0.0	744.8	1340.2	2207.9	3642.1
69.4	662.6	1267.3	2241.6	3536.1
74.1	867.8	1287.4	2416.9	3563.9
0.0	517.7	1320.3	2577.7	3491.0
0.0	582.8	1273.3	2514.7	3471.0
