0.0	0.0	0.0	0.0	0.0
0.0	0.0	0.0	0.0	0.0
0.0	0.0	0.0	0.0	0.0
0.0	561.0	1664.4	2491.7	3108.7
0.0	523.4	1561.7	2450.1	3080.2
279.1	659.5	1553.9	2416.0	3118.8
72.7	590.7	1546.6	2491.4	3315.4
73.6	655.0	1705.7	2540.5	3455.6
0.0	722.5	1687.1	2642.1	3389.7
0.0	678.4	1608.8	2531.6	3364.2
0.0	685.1	1669.7	2572.8	3448.1
0.0	791.3	1689.7	2639.6	3450.9
0.0	681.3	1769.1	2556.4	3408.1
0.0	653.1	1759.7	2467.9	3288.0
0.0	568.5	1762.9	2487.2	3275.2
0.0	515.3	1821.3	2531.1	3327.4
0.0	778.0	1797.6	2543.0	3322.9
0.0	211.3	1785.0	2551.4	3283.0
0.0	269.3	1854.3	2646.3	3192.3
0.0	293.4	1862.0	2599.4	3191.0
0.0	296.5	1869.8	2582.7	3179.6
0.0	305.3	1885.7	2549.9	3132.4
121.2	305.5	1888.1	2429.4	3129.6
126.3	335.6	1866.2	2332.9	3143.2
127.7	337.0	1839.2	2268.5	3128.1
137.9	337.1	1789.5	2219.4	3140.5
142.9	346.2	1700.8	2213.3	3147.2
148.1	325.7	1586.9	2197.4	3109.9
153.8	384.8	1419.4	2179.5	3045.6
155.8	414.7	1148.2	2188.5	3119.4
147.3	287.6	1217.3	2249.6	3162.8
70.3	328.4	1322.6	2405.4	3275.5
142.9	967.5	1651.6	2574.2	3486.5
72.7	818.9	1627.7	2604.9	3497.9
80.0	768.9	1654.3	2474.4	3387.8
218.2	762.8	1749.0	2495.1	3425.1
0.0	897.2	1792.0	2666.7	3537.1
0.0	596.6	1688.2	2563.5	3285.0
0.0	699.0	1766.6	2444.1	3244.4
0.0	835.1	1891.3	2451.7	3381.0
131.9	380.4	1952.3	2473.3	3350.9
0.0	423.3	1986.6	2514.0	3237.8
138.2	402.3	2015.5	2537.2	3221.5
123.7	363.7	2029.3	2533.5	3148.8
117.6	358.7	2026.3	2511.4	3147.2
115.4	354.7	2014.4	2482.2	3099.7
115.4	342.4	1923.8	2327.5	3069.0
113.2	356.3	1724.4	2283.6	3030.7
109.1	416.9	1448.4	2257.2	3140.8
109.1	302.8	1438.5	2294.4	3288.9
90.2	206.6	1549.5	2464.5	3357.0
81.1	886.8	1654.1	2430.1	3405.9
99.2	999.9	1780.4	2581.5	3367.1
66.7	1031.2	1768.7	2736.1	3482.3
63.8	718.4	1634.4	2619.5	3384.8
0.0	749.5	1485.2	2554.1	3290.9
0.0	426.9	900.1	2569.6	3313.1
0.0	434.2	882.5	2653.9	3388.4
0.0	441.1	906.3	2672.5	3428.4
101.7	444.5	918.8	2683.2	3412.5
104.3	428.6	941.3	2775.4	3375.7
105.3	417.6	941.9	2747.6	3325.1
104.3	360.1	936.5	2676.5	3288.1
101.7	340.7	1032.8	2638.7	3333.2
98.4	238.6	1097.5	2595.3	3372.5
99.6	220.7	1122.5	2597.9	3397.4
99.6	379.2	1224.9	2593.9	3387.0
96.9	222.3	1319.1	2523.9	3400.9
94.3	245.3	1368.0	2493.2	3389.7
91.6	704.7	1479.9	2560.0	3379.5
0.0	455.7	1396.5	2582.3	3429.3
0.0	464.1	1326.3	2549.8	3375.5
105.3	472.8	1254.0	2489.9	3314.7
102.7	506.4	1189.3	2448.9	3225.6
104.3	526.7	1091.8	2503.5	3147.4
104.3	541.4	1031.6	2538.9	3210.7
105.3	529.2	990.6	2568.2	3351.1
106.1	497.2	953.0	2598.0	3422.7
108.6	496.6	925.7	2639.7	3383.4
110.4	495.8	932.7	2562.2	3387.5
111.1	499.8	941.6	2436.6	3466.8
107.1	477.4	982.7	2636.3	3590.3
101.1	474.0	1027.2	2564.3	3611.2
0.0	488.4	1139.6	2527.5	3631.4
0.0	842.8	1572.0	2549.3	3500.6
82.5	200.8	1375.1	2446.5	3281.6
0.0	494.0	1379.2	2319.9	3489.9
0.0	557.5	1486.5	2059.8	3422.5
0.0	589.5	1575.0	2238.9	3433.6
107.9	684.0	1582.0	2294.6	3331.3
101.6	672.4	1631.7	2231.5	3334.8
100.8	635.2	1664.2	2246.5	3336.4
100.8	598.6	1647.2	2279.6	3207.0
100.8	637.0	1676.3	2338.1	3283.9
102.6	645.2	1673.7	2354.6	3319.5
107.1	561.7	1607.5	2333.8	3346.0
108.1	587.8	1593.8	2363.0	3599.0
106.8	601.2	1583.1	2324.9	3551.2
104.5	616.8	1540.5	2297.0	3517.3
99.2	626.5	1490.8	2334.3	3534.1
96.0	640.2	1474.0	2347.1	3562.0
96.8	654.3	1438.1	2340.5	3555.3
97.6	625.5	1421.1	2357.7	3478.8
96.8	620.1	1388.6	2362.0	3462.1
97.6	610.2	1313.8	2387.3	3500.9
99.2	594.5	1272.2	2362.8	3557.8
100.0	573.9	1214.7	2348.2	3552.1
101.7	538.4	1144.4	2320.0	3505.3
101.7	493.2	1068.8	2326.1	3469.8
99.2	474.3	1055.7	2383.4	3387.2
96.3	540.0	1063.9	2374.6	3289.1
97.8	504.7	1071.6	2316.2	3352.4
100.0	444.8	1119.5	2314.3	3355.9
100.8	405.7	1176.8	2326.8	3348.4
100.8	423.3	1267.0	2414.0	3380.8
100.0	415.0	1385.3	2464.1	3460.1
98.4	406.5	1492.4	2457.9	3499.8
99.2	385.8	1553.6	2537.8	3462.4
96.8	389.9	1560.6	2520.0	3210.1
83.9	365.1	1583.8	2503.8	3152.4
85.7	217.5	1576.7	2515.6	3274.0
91.6	1051.5	1688.9	2518.5	3316.0
87.6	812.6	1663.2	2541.7	3298.4
155.8	1038.0	2086.5	2797.6	3341.2
0.0	1458.7	2257.7	2959.4	3502.8
0.0	919.0	1719.7	2625.4	3198.5
0.0	502.3	1605.3	2468.2	3163.2
0.0	442.7	1463.9	2435.7	3241.5
0.0	466.9	1427.5	2439.9	3249.0
88.2	475.5	1396.2	2438.6	3348.1
94.5	471.2	1382.1	2477.9	3419.3
93.8	454.5	1382.1	2545.3	3385.8
94.5	438.4	1365.8	2617.4	3594.0
94.5	457.3	1331.6	2676.9	3661.0
91.5	839.8	1572.6	2683.2	3587.5
87.4	839.2	1547.5	2822.8	3568.7
88.2	779.8	1589.9	3146.2	3634.0
0.0	998.5	2168.3	3129.7	3680.5
210.5	800.2	2270.1	3019.0	3640.9
162.2	576.9	2132.4	3004.9	3489.9
139.5	1037.4	2089.7	2979.9	3492.5
79.5	650.2	1567.7	2542.1	3383.6
70.6	666.8	1674.9	2615.4	3377.6
0.0	795.2	1721.0	2648.5	3488.9
0.0	718.7	1677.2	2624.3	3440.7
0.0	786.2	1788.5	2701.6	3458.6
0.0	1003.3	1756.3	2768.7	3604.3
571.4	541.9	1410.1	2531.2	3625.4
571.4	461.2	1299.7	2471.0	3439.2
0.0	438.0	971.0	2372.7	3323.0
126.5	519.1	1110.4	2407.9	3300.5
97.6	470.7	1395.2	2479.0	3256.1
101.3	473.3	1654.8	2586.9	3229.7
101.3	479.8	1629.3	2609.4	3241.5
101.1	684.1	1635.3	2575.1	3183.2
99.6	471.4	804.0	2532.8	3141.1
104.0	461.8	799.6	2579.7	3164.7
105.3	440.0	805.0	2613.6	3232.6
100.0	429.4	799.5	2633.2	3311.9
100.0	431.6	799.7	2649.6	3318.9
101.7	433.2	802.1	2655.8	3372.6
100.0	418.6	797.0	2646.5	3333.2
102.6	408.5	796.1	2642.5	3326.2
100.0	424.8	827.0	2627.7	3295.2
100.8	444.3	906.3	2611.3	3267.7
100.8	467.5	994.6	2583.1	3306.4
96.8	447.5	980.9	2545.6	3340.7
97.6	466.6	1022.0	2505.9	3244.5
98.4	429.6	1081.3	2476.5	3237.4
99.2	421.0	1142.3	2486.3	3319.6
100.0	466.0	1229.2	2477.9	3338.6
97.6	451.2	1360.4	2409.7	3334.7
99.2	431.8	1501.9	2472.9	3389.8
99.2	441.2	1503.7	2479.2	3443.6
0.0	495.4	1485.6	2382.1	3293.2
0.0	515.9	1541.9	2341.1	3313.7
112.2	459.4	1584.6	2349.2	3320.5
111.1	408.5	1626.6	2381.7	3307.5
113.2	373.7	1643.1	2384.0	3221.8
113.3	378.5	1652.5	2399.4	3126.3
115.3	352.4	1667.9	2382.2	3038.0
116.2	373.3	1671.0	2364.3	3028.1
116.8	381.9	1677.1	2310.2	3017.3
116.5	346.0	1938.5	2365.6	3139.5
116.5	642.6	2066.4	2451.0	3346.7
109.1	1469.3	2161.3	2637.5	3502.9
106.2	1656.2	2295.9	2767.9	3488.7
0.0	480.7	1952.8	2478.9	3226.7
428.6	1057.2	2045.8	2520.8	3301.9
0.0	714.3	2014.4	2456.4	3322.8
500.0	1329.2	2200.4	2504.2	3330.3
123.7	582.4	2075.2	2401.5	3299.2
521.7	471.8	1612.9	2358.0	3134.8
106.2	463.3	1544.5	2383.7	3022.8
0.0	464.2	1527.1	2470.1	2985.5
0.0	457.5	1491.9	2596.0	3038.3
86.4	438.7	1453.2	2613.2	3100.3
86.7	411.1	1384.2	2653.6	3340.2
79.3	395.6	1267.7	2660.4	3403.3
83.9	400.2	1149.5	2666.7	3323.9
83.7	407.9	1237.8	2665.8	3197.3
83.3	421.0	1386.0	2580.1	3122.4
82.2	386.0	1495.0	2542.7	3434.7
83.4	376.1	1383.3	2507.5	3502.0
82.2	667.0	1544.5	2627.8	3360.4
82.7	569.1	1441.9	2604.3	3250.5
90.2	532.6	1465.2	2680.7	3463.3
97.4	699.5	1514.9	2654.2	3494.3
95.9	600.1	1501.3	2631.6	3529.6
90.2	673.9	1561.1	2607.6	3516.3
91.6	794.5	1607.4	2656.2	3523.0
