0.0	0.0	0.0	0.0	0.0
0.0	0.0	0.0	0.0	0.0
0.0	0.0	0.0	0.0	0.0
0.0	719.8	1670.8	2551.5	3305.0
0.0	702.6	1615.5	2592.3	3344.5
0.0	609.0	1645.1	2663.3	3453.6
0.0	544.0	1636.2	2602.2	3401.7
0.0	968.3	1615.7	2644.9	3416.7
155.8	858.6	1576.8	2690.2	3527.2
0.0	738.4	1668.4	2731.0	3481.9
0.0	839.3	1641.5	2653.5	3425.8
0.0	942.0	1841.2	2702.2	3501.9
0.0	812.1	1816.9	2576.6	3437.6
0.0	778.3	1623.9	2597.1	3413.8
0.0	640.2	1617.6	2667.0	3537.0
0.0	740.6	1675.8	2720.2	3584.1
0.0	768.4	1714.8	2703.6	3487.5
0.0	904.9	1791.9	2712.6	3435.5
0.0	858.2	1791.2	2775.3	3527.6
0.0	993.7	1806.0	2750.6	3555.0
0.0	976.9	1752.2	2633.9	3389.0
0.0	876.3	1766.9	2662.2	3414.1
0.0	909.6	1687.2	2703.7	3492.5
0.0	985.4	1565.1	2609.3	3444.1
0.0	783.5	1467.4	2566.9	3475.8
0.0	733.4	1247.2	2590.3	3545.3
0.0	647.0	1124.7	2558.2	3605.8
108.1	699.9	1144.7	2568.4	3620.8
122.8	714.5	1143.2	2566.0	3605.3
95.9	742.0	1168.1	2570.8	3625.8
111.3	759.3	1202.6	2570.1	3667.8
103.7	787.2	1261.8	2569.5	3637.8
107.1	775.8	1296.5	2547.8	3650.9
106.9	777.1	1349.4	2503.1	3571.7
108.8	799.9	1404.3	2446.9	3480.9
109.8	791.2	1434.3	2441.9	3439.8
110.5	778.0	1461.3	2439.3	3600.5
111.9	742.6	1489.4	2479.3	3547.9
112.4	702.4	1552.0	2566.4	3556.7
113.9	662.8	1589.4	2643.7	3560.4
113.5	666.6	1644.4	2690.5	3582.3
115.6	688.3	1632.9	2691.1	3631.6
115.4	766.7	1616.0	2691.9	3645.3
116.3	648.9	1593.5	2691.6	3623.4
116.7	624.8	1533.5	2733.9	3617.6
117.5	647.4	1425.9	2780.3	3649.3
117.7	666.3	1340.6	2841.2	3700.1
120.0	604.4	1226.3	2931.4	3660.4
120.4	593.2	1166.3	2975.9	3584.2
121.0	584.3	1074.9	3017.4	3552.2
120.9	601.1	1050.5	3070.1	3589.0
121.2	603.8	1008.0	3131.3	3604.4
122.0	567.1	931.8	3104.0	3626.4
121.9	582.3	937.2	3081.6	3589.3
121.9	620.2	975.8	3036.3	3576.7
120.2	640.8	1090.6	2646.6	3632.0
118.0	611.5	1612.5	2393.3	3706.2
116.5	745.5	1585.5	2434.0	3521.6
100.0	363.7	1552.2	2386.2	3349.6
71.0	844.6	1770.8	2497.3	3421.5
93.0	904.0	1751.0	2701.9	3463.5
0.0	678.2	1686.9	2800.9	3604.4
0.0	647.2	1683.6	2687.9	3478.0
363.6	612.9	1653.8	2596.8	3522.4
187.5	624.4	1635.1	2626.5	3535.3
307.7	658.9	1596.1	2279.3	3402.0
82.8	587.7	1513.8	2336.7	3329.9
0.0	396.8	1448.7	2392.4	3427.6
0.0	456.8	1438.4	2387.1	3486.4
112.1	421.7	1412.3	2389.2	3521.7
103.3	420.1	1409.9	2392.4	3535.5
101.3	433.6	1417.2	2427.3	3516.0
99.2	441.9	1439.9	2442.4	3503.3
104.3	505.2	1477.5	2395.6	3544.7
93.8	438.8	1489.1	2380.3	3527.0
0.0	442.0	1512.3	2385.4	3505.4
88.9	482.4	1502.9	2456.1	3580.0
0.0	423.2	1491.3	2541.5	3623.0
88.2	441.7	1524.5	2552.9	3610.3
107.1	788.8	1538.5	2584.6	3557.6
85.1	813.3	1529.3	2615.0	3608.8
98.4	814.0	1579.5	2673.4	3783.6
461.5	873.6	1648.5	2835.9	3714.6
0.0	903.6	1642.2	2843.1	3686.4
0.0	935.8	1642.6	2750.5	3726.2
0.0	849.7	1687.7	2711.2	3748.6
0.0	892.8	1680.4	2743.6	3830.5
0.0	509.0	1657.4	2756.2	3876.9
0.0	968.3	1715.5	2788.6	3831.7
74.1	966.1	1782.0	2821.0	3707.8
428.6	944.3	1642.4	2774.0	3674.2
153.8	1066.3	1693.1	2792.6	3499.1
0.0	694.0	1694.6	2760.0	3356.5
133.3	538.7	1584.2	2586.6	3320.9
92.3	678.9	1681.4	2677.1	3604.0
0.0	339.2	1116.6	2378.7	3658.9
128.7	397.4	923.6	2408.0	3687.6
0.0	416.5	1079.3	2515.1	3757.3
104.7	399.0	1134.4	2478.8	3719.3
105.9	336.0	1021.8	2361.9	3759.4
106.2	293.3	1000.5	2348.0	3787.4
109.1	437.7	1097.9	2417.2	3628.5
112.1	462.7	1202.6	2492.1	3431.7
111.3	470.4	1229.5	2513.9	3347.3
113.5	483.2	1262.1	2511.1	3295.3
114.0	502.1	1264.9	2507.9	3301.8
114.9	559.0	1275.7	2526.7	3314.5
116.2	538.5	1275.7	2523.3	3311.8
116.0	548.2	1291.1	2512.8	3329.7
116.5	553.7	1336.5	2499.2	3296.1
116.6	559.3	1376.0	2505.5	3296.1
115.8	456.6	1398.4	2499.5	3323.7
116.0	417.7	1411.2	2519.9	3349.7
116.0	550.4	1488.7	2555.9	3373.5
115.8	542.8	1493.1	2557.5	3373.7
114.3	615.7	1446.9	2568.8	3413.8
112.2	603.4	1454.8	2566.2	3474.0
108.0	612.6	1471.8	2606.1	3487.4
105.3	749.7	1482.0	2588.8	3624.8
101.7	720.5	1527.6	2645.4	3590.8
103.4	685.9	1550.1	2701.5	3527.1
112.1	757.6	1607.7	2676.0	3713.9
120.0	1062.3	1660.0	2708.8	3702.2
196.7	1042.9	1647.8	2692.4	3538.4
0.0	571.4	1563.2	2579.5	3494.5
0.0	532.5	1696.0	2663.0	3549.2
214.3	798.6	1628.0	2709.3	3560.5
196.7	782.6	1537.0	2722.4	3477.6
87.0	771.9	1542.3	2585.1	3432.9
0.0	709.3	1551.2	2580.1	3418.7
114.3	736.6	1476.1	2531.4	3431.6
0.0	700.8	1482.5	2532.6	3291.1
0.0	772.2	1516.0	2615.5	3418.2
0.0	812.8	1566.5	2522.6	3448.2
0.0	656.3	1528.8	2454.7	3456.5
230.8	795.2	1787.5	2651.4	3472.4
0.0	964.9	1835.0	2675.7	3433.4
0.0	784.9	1632.1	2585.6	3449.4
0.0	822.3	1788.1	2544.7	3456.7
0.0	881.6	1781.6	2617.1	3325.5
181.8	877.8	1834.8	2714.9	3429.7
0.0	746.7	1749.3	2699.9	3528.4
545.5	697.7	1660.2	2640.8	3519.3
0.0	577.5	1647.1	2496.3	3446.3
571.4	588.3	1648.4	2463.1	3459.0
0.0	456.7	1697.0	2480.3	3477.9
154.1	445.3	1729.6	2508.2	3395.0
108.1	471.9	1801.4	2516.5	3330.4
108.1	503.7	1843.2	2568.7	3415.2
104.3	621.1	1845.7	2588.9	3486.8
101.7	646.0	1830.2	2637.4	3662.0
99.2	672.8	1792.5	2701.6	3672.0
97.5	766.4	1690.6	2657.1	3682.5
94.6	340.6	964.2	2388.5	3578.6
91.6	493.6	958.5	2533.4	3536.8
95.2	821.9	1672.6	2629.9	3561.9
93.0	676.1	1850.4	2688.1	3485.2
92.2	725.3	1961.1	2653.6	3476.3
91.3	763.1	2029.5	2649.0	3450.4
87.8	631.0	2122.7	2648.3	3379.7
86.4	553.6	2148.7	2634.6	3388.2
87.2	528.9	2144.4	2614.6	3363.6
87.2	510.1	2093.8	2696.0	3368.8
85.7	512.4	2048.9	2688.6	3389.7
84.9	806.9	2045.1	2653.7	3422.5
85.0	709.1	2078.3	2645.9	3373.7
84.3	929.3	2003.3	2647.3	3373.8
90.9	947.7	1917.3	2659.0	3390.0
74.1	891.8	1913.7	2657.0	3396.5
0.0	834.1	1952.1	2658.2	3400.1
0.0	777.7	1945.0	2669.6	3385.8
0.0	670.1	1873.1	2708.0	3355.4
0.0	924.1	2023.6	2685.0	3393.6
96.8	891.1	2166.6	2623.7	3324.8
0.0	919.5	2031.2	2541.8	3291.5
0.0	1212.1	2086.3	2561.2	3310.1
0.0	788.8	1895.2	2542.2	3280.3
352.9	796.3	1931.6	2526.5	3231.8
352.9	1164.6	1917.8	2466.3	3254.4
0.0	636.3	1809.8	2431.9	3246.5
0.0	820.2	1837.6	2602.5	3344.5
117.6	829.6	1778.0	2583.4	3333.4
83.3	667.1	1744.6	2525.0	3317.6
0.0	703.7	1704.9	2487.6	3385.7
164.4	583.8	1689.5	2481.4	3392.8
428.6	565.6	1624.3	2499.3	3379.4
0.0	566.6	1621.1	2510.9	3349.4
0.0	632.4	1650.7	2503.3	3310.5
101.7	677.1	1633.5	2505.3	3233.0
69.0	693.9	1608.2	2512.1	3347.2
240.0	602.1	1684.8	2672.2	3400.5
0.0	959.0	1836.2	2649.3	3378.1
0.0	821.4	1603.5	2496.3	3431.8
0.0	795.4	1611.4	2520.9	3478.1
0.0	799.5	1637.2	2539.7	3459.0
0.0	838.0	1630.7	2445.0	3401.1
0.0	737.1	1599.8	2600.9	3376.3
0.0	790.7	1499.3	2574.3	3319.0
0.0	682.9	1720.3	2579.8	3418.1
0.0	613.4	1750.4	2581.4	3401.5
0.0	724.8	1622.4	2540.3	3359.7
0.0	677.2	1669.8	2593.5	3417.5
0.0	719.2	1833.9	2681.1	3535.6
0.0	778.8	1803.6	2667.6	3500.8
0.0	1030.2	1632.0	2592.8	3448.6
126.3	777.7	1662.0	2492.3	3517.2
98.4	899.9	1845.7	2725.9	3467.4
83.3	888.1	1759.2	2702.7	3448.6
0.0	965.7	1590.7	2573.2	3433.3
0.0	924.4	1562.4	2663.0	3387.4
0.0	892.3	1703.7	2569.8	3417.5
0.0	782.3	1705.3	2601.3	3479.7
0.0	769.2	1636.1	2652.2	3490.3
0.0	1048.2	1776.5	2663.4	3423.0
