0.0	0.0	0.0	0.0	0.0
0.0	0.0	0.0	0.0	0.0
0.0	0.0	0.0	0.0	0.0
0.0	862.8	1586.5	2590.3	3452.3
0.0	857.4	1454.7	2535.8	3374.3
0.0	801.9	1303.5	2579.5	3491.7
0.0	772.9	1428.0	2524.4	3505.4
0.0	822.4	1592.4	2469.3	3386.3
0.0	953.0	1837.5	2470.2	3448.6
0.0	775.4	1720.0	2511.4	3494.2
0.0	805.9	1680.0	2575.5	3406.1
0.0	828.0	1740.0	2591.9	3382.8
0.0	785.1	1873.3	2567.9	3357.2
0.0	653.2	1885.4	2504.7	3363.5
0.0	643.0	1744.1	2612.9	3400.7
0.0	649.5	1691.8	2565.5	3510.1
131.9	390.9	857.2	2274.1	3418.0
0.0	382.1	869.5	2189.8	3242.4
0.0	413.2	967.5	2202.3	3229.2
127.7	398.0	1106.3	2208.3	3209.5
132.4	343.7	1273.4	2199.7	3230.4
137.8	336.2	1452.2	2222.0	3226.1
140.0	342.2	1717.4	2237.0	3236.3
141.9	335.2	1896.3	2244.6	3247.1
144.6	303.8	1928.7	2224.9	3256.9
147.6	306.7	1903.7	2220.4	3246.4
150.5	330.2	1804.9	2187.3	3223.9
154.0	327.4	1670.7	2183.5	3227.8
154.7	310.6	1405.7	2166.2	3244.2
152.7	317.0	1186.7	2174.1	3219.4
147.2	350.4	1077.9	2144.1	3152.0
143.3	347.7	1043.5	2180.1	3148.9
134.0	361.5	1015.4	2213.0	3124.8
131.1	416.7	1034.2	2189.0	3128.2
129.3	437.6	1079.6	2220.6	3107.4
130.9	414.6	1154.9	2231.7	3126.5
131.4	401.8	1235.9	2234.2	3089.2
129.6	416.8	1299.2	2218.3	3086.9
127.3	438.6	1364.5	2199.9	3011.0
126.2	429.7	1430.0	2178.0	2899.9
124.8	463.3	1488.1	2128.9	2755.7
123.0	446.3	1526.1	2199.7	2702.9
117.0	452.7	1528.6	2303.0	2774.2
116.4	464.2	1551.9	2470.3	2985.9
117.8	471.3	1568.5	2500.9	3154.4
117.3	466.3	1618.8	2584.0	3285.8
116.9	453.1	1639.0	2623.1	3390.2
116.1	447.6	1626.4	2629.5	3505.0
110.6	654.0	1716.6	2709.6	3631.8
110.1	743.9	1772.4	2813.5	3692.7
0.0	718.2	1916.5	2844.0	3704.7
218.2	726.4	1829.4	2811.9	3681.2
0.0	710.8	1784.0	2771.0	3816.2
0.0	741.3	1848.4	2813.1	3765.0
139.5	762.1	1886.8	2854.9	3630.7
0.0	888.7	2059.8	2923.3	3648.2
0.0	521.6	2253.0	3168.7	3700.8
148.1	456.5	2302.4	3208.3	3756.5
333.3	928.2	2086.4	3095.3	3781.4
413.8	548.5	1823.8	2805.4	3719.0
78.4	753.1	1730.9	2616.4	3493.1
0.0	947.7	1761.0	2673.7	3408.5
0.0	551.6	1616.6	2669.6	3545.8
0.0	499.6	1563.6	2632.2	3583.9
0.0	520.8	1565.7	2623.9	3567.1
127.2	563.3	1583.3	2626.5	3521.3
114.9	599.4	1610.3	2633.4	3485.2
111.8	623.2	1621.2	2633.7	3489.1
110.8	642.9	1606.2	2655.3	3455.2
109.4	649.9	1593.8	2659.7	3460.7
108.0	653.5	1598.3	2647.1	3411.3
107.7	650.1	1589.4	2644.3	3312.6
107.7	650.6	1591.9	2528.3	3221.6
107.2	654.5	1561.1	2375.4	3394.4
106.1	638.7	1532.9	2367.0	3419.5
106.3	622.1	1477.1	2357.4	3324.6
106.0	600.1	1389.5	2350.7	3218.2
104.3	542.3	1265.3	2283.2	3104.4
102.9	468.5	1207.1	2220.9	2988.6
101.6	438.3	1134.8	2115.4	2928.9
92.8	496.1	1111.1	2080.2	2993.1
106.2	484.2	1156.8	2039.2	2856.4
106.4	465.8	1202.0	2059.4	2778.6
105.7	451.4	1238.8	2114.2	2861.3
101.4	457.9	1297.3	2347.2	2956.8
100.9	460.0	1372.5	2503.1	2919.2
107.9	443.2	1442.9	2616.4	3088.2
105.4	429.6	1563.4	2631.3	3117.7
105.4	578.6	1653.4	2640.4	3207.8
103.2	676.4	1715.6	2605.3	3273.8
117.6	603.3	2242.5	2768.1	3405.6
0.0	643.5	2422.1	2814.6	3431.9
0.0	1368.2	2504.3	2958.7	3470.6
83.3	1424.0	2336.0	3113.2	3348.8
0.0	474.3	2468.1	3082.4	3313.3
160.0	563.8	2499.7	3179.4	3428.7
0.0	528.1	2309.5	3003.1	3455.4
226.4	800.6	2286.1	2920.9	3456.3
81.1	780.6	1481.4	2435.8	3278.3
80.0	740.1	1477.4	2483.2	3252.9
0.0	675.7	1601.7	2516.7	2972.2
0.0	538.9	1472.3	2442.1	2792.3
0.0	546.2	1383.9	2691.2	3260.0
106.2	531.7	1446.1	2686.7	3308.7
118.8	516.9	1448.7	2619.1	3185.1
111.0	514.4	1418.5	2562.8	3171.4
109.5	508.2	1398.7	2506.0	3138.8
108.8	496.8	1401.3	2429.9	3097.3
108.0	486.3	1402.6	2406.4	3117.1
108.0	474.9	1398.4	2435.4	3145.5
108.4	459.3	1394.8	2458.9	3135.4
107.0	442.2	1538.3	2481.0	3218.6
107.1	434.9	1589.8	2588.4	3342.3
106.8	374.9	1573.9	3045.9	3500.2
103.3	671.1	2128.0	3211.3	3861.9
0.0	363.9	1807.9	3096.7	3903.1
0.0	463.3	1971.7	3251.1	3986.2
222.2	887.0	2109.2	3232.2	4050.3
0.0	709.4	1705.1	3033.7	4008.2
0.0	562.5	1817.1	3183.4	3998.5
0.0	494.0	1763.5	3237.9	3953.6
0.0	803.5	1720.2	3211.0	3844.4
0.0	494.2	1606.4	3062.2	3662.8
0.0	708.3	1621.5	2661.7	3598.8
126.3	590.7	1541.7	2643.9	3540.5
85.7	613.9	1530.9	2577.1	3534.4
0.0	550.6	1485.7	2437.2	3496.2
0.0	516.0	1479.6	2422.4	3514.2
0.0	509.4	1487.2	2425.8	3546.1
104.5	513.1	1489.5	2432.5	3561.7
105.9	512.5	1450.1	2466.9	3582.6
105.1	549.1	1497.8	2561.1	3521.9
104.0	700.1	1566.6	2514.9	3441.4
103.3	719.9	1662.6	2544.8	3460.7
101.3	731.4	1795.3	2625.2	3679.8
99.2	775.9	1928.0	2927.4	3822.5
0.0	769.1	2252.5	3186.4	3968.4
333.3	614.4	2506.8	3396.4	3924.9
0.0	538.1	2471.3	3236.0	3854.0
0.0	808.9	2377.0	3192.3	3756.9
279.1	577.9	2305.1	3171.7	3534.1
127.7	1078.4	2386.1	2961.0	3331.9
82.2	679.2	1938.0	2483.1	3193.9
0.0	505.2	1698.3	2397.5	3119.0
0.0	417.4	1636.0	2259.9	3118.3
0.0	395.7	1666.7	2286.4	3146.9
100.8	486.9	1861.1	2348.2	3098.8
104.8	668.8	2058.0	2374.1	3157.5
103.9	952.3	2077.8	2399.1	3230.5
105.3	1026.9	2059.7	2469.4	3238.4
116.5	1157.6	2183.2	2587.5	3355.1
0.0	637.8	2162.3	2427.9	3130.2
0.0	1378.2	2247.4	2728.5	3472.2
166.7	1229.0	2230.5	2700.2	3469.5
0.0	1046.7	2185.4	2650.6	3431.0
0.0	533.3	2141.5	2601.9	3399.1
0.0	1574.5	2250.5	2557.7	3310.9
0.0	378.5	1980.6	2436.1	3221.1
0.0	676.2	1821.9	2407.7	3237.4
113.2	497.3	1767.2	2360.4	3164.3
148.1	388.9	1739.9	2290.3	3081.7
0.0	400.6	1711.8	2309.8	3096.7
0.0	434.4	1669.5	2309.3	3095.4
0.0	481.0	1650.8	2353.4	3097.7
0.0	482.8	1626.7	2383.7	3131.9
0.0	492.5	1582.3	2373.6	3118.8
0.0	502.3	1478.5	2345.4	3128.4
0.0	495.4	1453.7	2363.4	3161.1
0.0	487.3	1440.7	2330.9	3143.5
87.1	556.3	1351.1	2294.5	3199.9
0.0	565.4	1601.0	2505.8	3499.4
0.0	360.5	1638.7	2596.8	3521.5
184.6	275.7	1624.3	2628.4	3408.3
200.0	645.3	1637.8	2747.0	3505.3
92.1	1031.3	1774.0	2687.9	3441.8
0.0	998.1	1766.1	2575.5	3423.4
0.0	704.7	1561.1	2533.0	3501.9
0.0	673.6	1565.8	2534.7	3372.2
