0.0	0.0	0.0	0.0	0.0
0.0	0.0	0.0	0.0	0.0
0.0	0.0	0.0	0.0	0.0
0.0	493.4	1840.8	2587.6	3528.7
0.0	479.6	1820.7	2442.6	3350.9
0.0	720.1	1948.1	2563.4	3507.9
0.0	855.7	1811.1	2558.4	3650.5
103.4	477.7	1660.6	2552.5	3275.2
118.8	589.6	1719.8	2459.9	3252.4
130.4	674.1	1811.8	2408.5	3059.0
0.0	766.5	1797.4	2633.1	3362.3
68.6	404.5	1618.2	2628.8	3336.2
0.0	708.8	1643.7	2564.3	3218.0
0.0	991.0	1739.9	2615.0	3479.2
0.0	1033.6	1762.9	2555.5	3503.7
0.0	786.6	1752.4	2541.3	3472.2
0.0	807.0	1886.9	2710.7	3562.2
0.0	835.4	1826.7	2831.3	3504.4
0.0	534.6	1756.5	2749.2	3656.3
0.0	704.2	1833.0	2813.4	3599.3
0.0	482.5	1859.0	2680.5	3405.6
0.0	773.4	2086.0	2686.4	3385.6
0.0	819.9	2083.9	2733.0	3379.0
0.0	562.1	2092.4	2752.2	3417.9
0.0	761.1	2074.5	2597.4	3416.1
83.3	776.6	1925.6	2624.5	3390.9
0.0	415.0	1798.7	2635.7	3359.0
0.0	705.3	1968.9	2616.4	3362.8
0.0	763.2	1935.9	2534.2	3412.0
63.5	695.3	1890.3	2572.8	3374.1
63.5	1002.5	2008.4	2659.8	3427.0
88.2	746.2	2015.3	2648.8	3490.8
461.5	1040.6	2015.6	2488.6	3397.5
123.7	830.3	1918.4	2448.8	3407.8
117.6	792.9	1854.8	2631.9	3564.2
0.0	543.9	1970.6	2649.9	3583.9
0.0	640.8	1963.3	2560.7	3596.4
0.0	541.6	1873.2	2580.9	3542.9
83.3	702.7	1854.6	2575.2	3426.8
79.2	750.7	1886.1	2591.1	3430.8
0.0	661.8	1835.2	2567.8	3339.5
125.0	462.6	1728.1	2454.5	3364.9
0.0	450.9	1780.6	2457.7	3457.1
190.5	621.8	1757.8	2532.9	3424.1
0.0	781.3	1830.8	2606.3	3464.4
0.0	851.0	1899.7	2718.6	3462.9
0.0	620.1	2030.6	2661.9	3394.0
0.0	853.7	2060.1	2639.2	3498.0
0.0	818.3	1968.0	2607.4	3486.4
0.0	639.7	1691.0	2468.9	3472.3
0.0	670.4	1652.5	2518.0	3473.7
0.0	401.9	2164.6	2629.0	3432.5
0.0	344.0	2181.4	2707.6	3482.2
222.2	450.9	2214.4	2769.8	3532.3
0.0	425.9	2231.2	2752.1	3475.1
0.0	437.9	2177.7	2726.4	3535.3
0.0	439.1	2150.6	2672.0	3534.6
143.2	456.4	2091.0	2637.8	3477.7
144.2	459.6	1969.2	2589.2	3406.9
145.7	481.9	1803.8	2552.8	3005.4
143.2	295.7	1395.2	2072.9	2601.8
142.9	296.0	1361.7	2034.7	2593.0
139.5	452.1	1360.7	2226.0	2699.0
137.9	448.5	1453.6	2370.0	2660.2
136.4	486.6	1516.6	2463.6	2733.1
132.8	499.5	1432.7	2442.6	2915.6
129.1	491.0	1292.1	2420.0	3070.5
126.6	494.1	1129.3	2418.5	3165.2
123.9	472.1	1001.0	2366.0	3244.8
121.4	482.3	865.4	2269.2	3288.7
119.5	446.8	808.1	2279.3	3266.9
118.0	447.3	796.8	2298.7	3241.9
116.3	437.8	757.1	2328.4	3290.1
115.0	486.9	901.6	2378.0	3264.8
115.0	508.5	835.4	2379.7	3201.9
113.1	544.5	830.4	2377.2	3219.6
114.5	534.5	795.2	2387.8	3213.6
114.4	433.5	756.6	2383.5	3190.4
115.0	483.6	756.2	2385.3	3190.2
117.7	473.3	757.4	2385.6	3184.3
122.0	441.7	831.5	2368.4	3220.6
125.5	456.0	928.7	2353.2	3230.3
127.3	524.3	1047.9	2344.6	3353.3
127.3	520.5	1176.4	2345.1	3429.3
129.4	541.4	1330.2	2361.3	3432.2
130.1	538.4	1471.7	2383.7	3437.5
129.9	552.3	1580.4	2408.6	3449.5
130.3	544.4	1700.5	2449.9	3478.9
130.0	536.1	1741.6	2482.2	3444.8
129.2	526.0	1803.6	2480.5	3462.1
127.6	510.5	1858.2	2510.7	3464.8
124.9	499.4	1890.9	2527.6	3447.8
121.7	492.7	1941.0	2540.1	3394.2
119.3	475.3	1972.0	2531.0	3372.3
117.0	459.1	1993.1	2524.8	3406.1
114.6	444.5	2035.5	2531.6	3400.5
111.9	430.3	2074.9	2532.2	3445.7
110.5	426.3	2108.0	2544.6	3497.8
108.6	420.1	2146.7	2593.1	3488.0
108.0	394.3	2168.0	2625.3	3493.6
107.8	376.9	2160.3	2625.5	3553.7
107.2	337.6	2172.3	2622.1	3569.8
107.1	305.0	2231.7	2664.3	3519.3
107.2	294.9	2252.2	2661.6	3516.3
106.2	334.0	2272.8	2646.0	3523.6
104.0	351.8	2272.4	2763.5	3468.9
101.3	471.6	2221.1	2766.4	3398.5
99.2	445.4	2041.8	2740.8	3340.9
97.6	640.8	1938.0	2812.6	3398.1
101.7	606.1	1870.5	2794.3	3319.7
100.0	553.7	1919.6	2749.2	3316.4
0.0	330.0	2027.4	2789.5	3385.8
0.0	328.6	2189.1	2695.9	3492.1
129.0	294.4	2236.2	2607.4	3513.8
125.0	251.9	2194.7	2567.5	3493.1
123.2	243.7	2169.3	2444.5	3552.4
119.5	245.5	2155.4	2340.9	3521.2
230.9	732.7	2071.5	2199.4	3548.0
221.8	765.5	2051.2	2155.9	3389.0
97.7	206.1	1740.0	2245.7	3309.3
64.4	215.0	1800.0	2456.1	3574.6
70.6	763.0	1887.2	2699.1	3430.6
206.9	957.5	1726.1	2616.1	3340.5
0.0	895.9	1922.4	2664.6	3448.1
0.0	715.5	1549.1	2615.6	3366.3
0.0	1188.7	1413.8	2601.6	3540.3
0.0	978.6	1364.9	2308.5	3609.5
0.0	787.8	1306.0	2205.0	3591.7
162.6	1013.5	1323.6	2393.6	3605.8
0.0	977.2	1278.1	2425.3	3617.8
0.0	529.3	1230.3	2383.1	3529.7
0.0	497.0	1268.6	2254.5	3378.2
0.0	475.5	1345.6	2272.6	3250.2
148.3	422.1	1401.9	2260.3	3256.3
139.2	399.6	1450.2	2246.2	3061.3
131.9	418.4	1475.9	2163.8	2791.7
130.4	275.4	1499.9	2226.8	2752.1
532.1	274.1	1429.9	2335.3	3261.2
114.3	257.0	1351.3	2366.2	3435.3
120.0	268.9	1150.2	2417.7	3513.3
117.6	237.4	1490.6	2420.1	3516.3
115.4	272.2	1387.7	2389.7	3425.3
115.4	287.2	1580.7	2384.9	3483.7
115.4	327.4	1681.9	2398.2	3509.6
114.3	222.6	1708.0	2440.8	3473.9
107.1	263.3	1184.5	2415.4	3099.9
105.3	248.8	1255.4	2371.9	3253.5
96.8	543.5	1318.4	2352.0	3313.4
193.5	406.5	1412.6	2383.7	3325.5
82.2	782.5	1432.2	2468.0	3352.7
78.9	1015.9	1520.3	2606.0	3459.0
87.6	848.9	1687.8	2695.7	3569.8
0.0	863.9	1812.9	2651.0	3458.3
0.0	1034.3	1888.9	2601.8	3483.3
0.0	700.0	1774.5	2462.9	3450.3
0.0	673.9	1447.5	2369.9	3384.4
0.0	653.9	1558.2	2218.9	3218.8
0.0	595.5	1730.4	2188.9	3185.6
375.0	383.2	815.9	2578.3	3575.9
0.0	414.8	840.4	2632.6	3658.6
110.6	425.5	845.3	2627.6	3639.3
110.1	476.7	902.6	2573.2	3617.6
112.1	570.2	1042.1	2539.2	3598.9
115.4	605.3	1175.4	2541.5	3425.1
115.4	585.2	1287.4	2513.6	3346.4
111.8	582.3	1369.5	2506.8	3371.9
112.0	585.9	1450.4	2513.7	3390.0
112.2	562.7	1529.9	2519.2	3262.2
112.0	543.3	1617.2	2512.2	3209.9
111.3	526.6	1685.3	2501.2	3088.5
110.8	492.4	1727.9	2492.8	3274.2
110.2	494.4	1784.4	2498.7	3289.7
109.9	488.8	1825.2	2509.2	3127.2
110.0	443.0	1835.3	2467.8	3134.9
109.0	459.5	1788.2	2401.1	3080.3
109.9	444.6	1583.7	2229.4	2933.5
109.3	439.1	1376.3	2052.6	2989.0
108.8	343.0	1233.0	2065.1	3157.4
106.1	240.1	1101.9	2138.3	3111.1
108.1	229.1	1083.5	2080.8	3066.1
108.1	243.0	1124.7	2027.4	3040.3
106.2	283.8	1319.7	2049.8	2955.2
103.4	321.5	1353.0	2122.1	2967.4
100.8	650.9	1351.5	2130.1	2975.4
98.4	595.9	1269.9	2177.8	2901.0
98.4	672.3	1334.8	2164.5	2849.0
90.9	661.0	1371.3	1998.8	2842.3
95.2	696.4	1408.1	2090.4	2862.4
91.6	737.0	1449.8	2319.4	2847.5
83.3	785.0	1412.9	2002.8	2876.3
90.2	745.4	1321.8	1856.4	2892.4
96.8	689.4	1340.4	1847.3	2947.3
100.8	632.3	1328.7	1821.5	2991.4
102.6	569.7	1302.0	1817.2	3023.8
106.2	569.0	1261.1	1788.9	3051.1
98.4	540.9	1256.5	1772.9	3063.3
90.5	545.7	1279.7	1756.7	3061.3
87.8	545.4	1282.7	1762.5	3022.0
85.0	524.6	1270.9	1772.7	3069.0
85.2	537.4	1296.5	1778.1	3094.2
87.5	542.0	1321.9	1760.0	3057.7
88.5	567.2	1332.0	1762.3	3044.9
87.8	580.7	1340.5	1778.0	3020.9
88.1	621.1	1321.3	1775.3	3060.0
87.1	594.2	1319.6	1778.7	3052.3
86.9	560.2	1338.3	1834.6	3084.7
87.1	585.0	1344.4	1868.7	3018.4
90.2	653.4	1363.4	1926.5	2939.4
90.2	691.0	1354.6	2030.9	2834.5
88.4	675.6	1345.7	2112.9	2820.3
85.7	730.2	1324.7	2185.8	2830.4
83.9	774.0	1242.2	2402.8	2980.3
79.6	765.7	1273.0	2311.5	3029.6
0.0	733.3	1362.0	2259.5	3303.7
0.0	771.6	1451.4	2416.8	3433.6
0.0	876.1	1688.7	2603.5	3423.3
0.0	661.2	1759.8	2632.7	3456.0
193.5	708.8	1769.7	2519.6	3302.4
0.0	783.6	1837.7	2690.6	3395.4
0.0	780.9	1789.1	2627.2	3533.3
0.0	816.1	1808.3	2564.4	3426.1
0.0	757.9	1769.9	2572.1	3474.4
0.0	812.7	1786.4	2635.8	3487.6
0.0	943.1	1784.3	2608.7	3384.2
0.0	736.2	1476.8	2559.7	3422.2
0.0	706.5	1546.0	2669.6	3452.5
0.0	929.0	1726.0	2677.0	3362.8
0.0	703.3	1886.0	2544.8	3368.4
0.0	664.2	1703.7	2452.8	3452.0
255.3	664.1	1705.3	2554.9	3385.0
113.2	449.5	1602.4	2466.8	3276.5
