0.0	0.0	0.0	0.0	0.0
0.0	0.0	0.0	0.0	0.0
0.0	0.0	0.0	0.0	0.0
0.0	499.4	1821.8	2543.1	3508.6
0.0	790.4	1687.9	2519.5	3459.0
0.0	836.0	1685.0	2677.2	3457.1
0.0	762.6	1722.1	2493.5	3352.6
0.0	744.2	1726.2	2545.6	3341.6
0.0	764.3	1653.2	2599.6	3432.5
0.0	1007.5	1633.4	2602.9	3535.3
0.0	1011.1	1744.5	2669.6	3542.9
0.0	903.3	1792.6	2667.5	3443.4
0.0	1017.4	1728.2	2644.2	3364.4
0.0	929.3	1639.5	2516.9	3371.2
0.0	918.2	1663.1	2564.4	3404.1
0.0	770.5	1716.7	2657.3	3414.8
0.0	829.9	1786.8	2790.0	3418.8
0.0	801.2	1796.1	2576.7	3342.5
480.0	395.7	1773.4	2469.8	3268.7
0.0	403.6	1773.9	2352.9	3239.3
272.7	360.3	1788.1	2308.9	3278.8
129.6	415.3	1751.9	2286.7	3343.7
130.2	453.4	1694.5	2266.2	3381.1
131.5	366.3	1636.1	2293.7	3334.2
133.3	458.6	1497.8	2329.5	3342.8
136.1	307.5	1351.0	2328.0	3367.0
137.9	310.1	1245.1	2358.5	3364.8
141.2	307.0	1180.3	2365.2	3380.3
141.5	302.7	1081.4	2371.9	3343.5
138.2	320.1	1151.7	2396.4	3337.6
134.0	521.8	1273.8	2495.4	3392.3
128.6	251.8	811.6	2533.3	3314.4
121.2	626.4	1468.8	2572.2	3307.9
119.4	228.7	1446.6	2507.4	3329.6
115.9	237.8	1558.2	2504.0	3388.2
114.1	238.9	1590.4	2516.3	3426.7
111.8	238.3	1681.5	2626.0	3420.2
110.1	796.5	1668.2	2507.0	3497.2
0.0	560.9	1213.8	2328.0	3330.7
0.0	593.0	1075.6	2334.0	3291.9
125.0	635.7	1053.7	2375.8	3461.4
114.3	658.8	1055.3	2382.3	3513.6
114.2	678.3	1101.3	2431.1	3534.1
114.1	690.1	1120.5	2513.3	3550.9
114.4	696.2	1138.1	2526.9	3577.2
114.3	687.5	1147.9	2560.1	3603.0
114.5	723.7	1145.1	2579.2	3628.2
115.9	746.3	1152.4	2551.1	3620.2
116.2	763.8	1180.3	2556.6	3611.6
115.9	774.1	1205.9	2589.6	3618.2
116.1	747.2	1221.7	2579.2	3565.6
115.6	732.7	1285.0	2551.3	3606.8
114.2	726.3	1370.4	2539.8	3601.0
115.2	726.1	1419.6	2469.8	3575.9
115.2	729.9	1453.3	2489.2	3643.6
115.2	721.0	1557.8	2495.2	3600.9
114.9	694.7	1579.7	2506.7	3485.0
114.4	650.8	1566.8	2487.7	3376.8
113.5	662.7	1573.0	2479.3	3349.4
111.2	624.1	1534.4	2491.5	3387.3
110.3	634.4	1501.8	2444.9	3488.8
102.9	621.1	1447.2	2424.0	3589.0
93.4	610.6	1350.3	2399.0	3539.9
86.0	621.7	1267.5	2400.8	3593.4
85.2	624.4	1146.9	2445.8	3571.5
64.5	620.0	1072.4	2470.8	3473.7
141.2	619.5	998.4	2465.6	3568.5
0.0	613.4	969.8	2491.5	3518.4
248.6	603.6	939.8	2596.3	3585.5
0.0	595.1	918.3	2629.0	3598.7
77.0	593.2	907.0	2698.2	3583.1
105.1	593.8	902.1	2737.2	3677.6
106.2	594.3	873.4	2716.8	3614.1
107.4	572.1	828.2	2639.5	3584.6
107.4	551.3	837.1	2570.8	3600.4
108.3	590.6	869.2	2570.9	3726.0
108.9	534.9	871.4	2579.0	3767.3
109.8	509.9	873.7	2603.6	3744.1
110.1	444.0	788.1	2576.6	3684.3
112.2	441.1	1058.2	2565.3	3522.6
110.2	597.2	1610.4	2635.5	3475.2
109.4	732.1	1801.8	2606.1	3458.8
104.7	819.7	1641.9	2509.1	3426.9
0.0	889.3	1744.4	2601.6	3508.8
0.0	742.2	1790.7	2536.8	3448.1
0.0	780.2	1781.9	2559.3	3395.1
0.0	862.0	1831.4	2625.0	3372.7
0.0	889.0	1871.2	2601.6	3361.5
0.0	754.3	1770.8	2572.8	3365.5
0.0	788.5	1648.0	2526.0	3397.1
0.0	758.5	1538.8	2466.7	3378.8
363.6	739.4	1571.0	2396.2	3407.2
0.0	914.9	1554.7	2187.8	3261.3
0.0	818.8	1573.0	2014.2	2988.4
123.7	909.7	1552.3	1844.2	2940.5
103.4	818.1	1348.7	1697.9	2947.1
137.9	606.7	1224.0	1692.8	2934.7
0.0	502.6	1133.9	1688.1	2917.6
0.0	495.9	1147.4	1717.2	2904.8
119.1	476.0	1162.1	1728.3	2883.5
115.4	462.4	1127.3	1737.9	2849.7
114.1	446.2	1149.0	1800.5	2921.3
114.1	461.5	1432.6	2557.9	3419.9
102.9	915.9	1766.2	2692.7	3489.0
96.5	832.4	1778.2	2695.0	3460.1
0.0	749.8	1874.7	2616.1	3470.6
0.0	888.8	1887.7	2601.8	3439.0
0.0	961.7	1765.6	2559.0	3471.0
0.0	790.1	1530.4	2448.3	3402.0
0.0	431.0	1463.9	2402.9	3403.6
0.0	439.5	1510.5	2425.9	3428.8
0.0	429.0	1494.1	2503.6	3323.5
0.0	439.8	1490.3	2529.8	3452.7
111.6	421.1	1488.8	2561.3	3710.1
112.4	400.8	1507.0	2572.5	3676.3
111.2	414.1	1499.1	2571.8	3624.1
111.3	553.3	1499.0	2619.1	3659.7
108.1	536.6	1684.2	2843.9	3739.8
521.7	682.8	1988.2	3110.8	3859.4
86.3	726.7	1939.2	3092.3	3786.5
500.0	829.7	1825.8	3102.2	3842.6
118.8	821.0	1889.8	3108.5	3856.9
0.0	729.1	1843.0	3118.5	3712.6
0.0	827.1	1907.3	3300.2	3309.0
0.0	1025.4	2205.9	2928.5	3377.5
0.0	682.4	1934.6	2633.4	3149.5
97.6	699.5	1717.3	2597.9	3273.3
103.4	1083.3	1923.6	2763.0	3424.5
0.0	760.9	1845.7	2596.7	3407.2
0.0	968.2	1919.9	2361.2	3278.1
0.0	930.9	1762.0	2246.0	3215.3
0.0	231.3	1302.5	2124.9	3286.3
0.0	263.7	1125.5	2164.3	3366.8
0.0	206.2	1106.9	2191.4	3259.0
102.6	207.8	1125.5	2192.6	3169.5
102.6	205.4	1066.0	2190.6	3230.0
101.7	212.0	1076.1	2172.8	3279.4
0.0	486.6	976.5	2356.9	3297.5
223.8	524.9	957.1	2467.8	3247.9
111.7	571.2	994.6	2504.9	3179.6
105.8	592.5	1035.7	2510.1	3086.4
106.0	596.0	1029.9	2500.2	3089.8
105.8	575.9	1029.2	2522.7	3131.1
107.2	578.1	1066.7	2561.5	3093.0
107.5	567.7	1095.6	2543.0	3099.2
108.0	548.3	1120.2	2483.1	3114.2
108.7	521.3	1160.0	2416.3	3193.1
109.2	454.3	1194.8	2349.1	3335.5
109.6	435.6	1228.5	2309.1	3418.8
108.5	455.3	1255.5	2260.7	3522.5
109.9	579.1	1292.7	2393.9	3596.6
107.5	299.0	1330.1	2340.1	3414.7
99.5	289.8	1411.5	2346.1	3453.3
110.7	276.1	1520.3	2458.5	3351.9
109.0	270.2	1641.6	2535.1	3378.3
107.1	282.5	1610.0	2421.9	3441.4
105.3	659.0	1333.4	2425.4	3488.3
105.3	463.2	1323.7	2331.2	3477.9
0.0	539.9	1291.7	2321.3	3437.1
106.2	592.1	1288.8	2759.7	3411.6
103.4	638.1	1348.5	2823.2	3443.2
99.2	1167.7	2122.3	3091.9	3555.1
96.0	704.6	1979.8	2983.3	3505.7
0.0	979.6	1972.7	2961.2	3481.1
0.0	742.0	1571.8	2807.9	3281.8
0.0	1021.7	2060.4	2759.4	3452.1
0.0	498.8	1839.5	2619.5	3346.7
0.0	728.9	1880.1	2541.5	3356.0
0.0	425.0	1377.5	2172.8	3004.7
0.0	589.2	1145.2	1915.7	2696.8
0.0	732.4	1108.4	1842.8	2651.8
101.6	733.2	1174.4	2406.6	2472.8
101.1	614.2	1044.3	1777.3	2603.0
99.9	530.8	995.2	1733.6	2587.6
99.7	518.6	994.3	1732.5	2539.3
99.3	515.5	1172.8	1825.2	2634.9
98.6	722.8	1284.2	2585.5	3002.8
102.6	791.9	1199.4	2633.6	3147.1
69.3	1186.0	1557.2	2666.7	3157.4
80.9	857.0	1428.4	2568.8	3348.4
0.0	1179.5	1523.4	2443.4	3435.5
0.0	1291.7	1559.7	2576.8	3408.8
87.0	691.5	1562.4	2535.7	3463.3
0.0	1047.1	1784.9	2461.3	3499.1
0.0	714.0	1767.2	2462.3	3431.3
0.0	750.0	1849.7	2753.1	3499.5
0.0	598.7	1753.7	2692.9	3475.8
0.0	954.1	1691.7	2362.3	3281.8
0.0	575.2	1624.0	2198.9	3355.5
0.0	494.5	1620.5	2270.9	3451.6
0.0	480.2	1578.6	2394.0	3460.9
111.1	552.2	1551.0	2409.8	3492.6
95.2	618.8	1465.5	2261.7	3513.4
0.0	630.9	1425.0	2221.2	3455.9
0.0	820.5	1433.2	2268.8	3464.1
91.6	775.6	1350.2	2309.5	3407.0
545.5	763.8	1327.5	2320.4	3280.4
375.0	733.8	1306.3	2379.0	3235.3
0.0	688.2	1245.4	2396.5	3555.8
0.0	684.1	1154.8	2376.5	3524.2
93.7	647.4	1169.4	2389.9	3407.4
92.2	655.9	1190.7	2470.0	3558.6
88.6	652.5	1187.0	2431.0	3533.7
86.2	659.9	1143.9	2408.5	3480.4
85.5	654.5	1112.0	2417.7	3544.5
72.9	606.0	1183.6	2463.1	3547.4
70.5	569.4	1180.9	2402.5	3475.4
81.1	536.1	1126.3	2331.5	3485.4
0.0	481.3	1734.0	2534.9	3433.7
100.2	532.8	1762.8	2604.0	3387.0
0.0	625.1	1679.0	2582.3	3294.2
0.0	672.5	1644.7	2466.9	3367.1
0.0	711.0	1682.7	2483.2	3473.5
0.0	937.4	1786.5	2653.3	3486.1
0.0	914.2	1614.9	2532.6	3433.2
0.0	996.4	1599.6	2474.6	3406.2
0.0	785.9	1778.4	2642.3	3424.1
428.6	820.9	1913.1	2783.2	3544.3
424.6	915.8	2025.5	2995.3	3682.4
173.9	1013.2	1824.4	3077.1	3814.5
0.0	933.8	1785.9	3165.8	4016.8
0.0	830.8	1912.6	3177.8	4085.8
272.7	584.8	1926.7	3133.5	4035.9
0.0	872.6	1811.9	3160.8	4057.0
0.0	800.0	1852.4	3048.0	4060.3
0.0	664.5	1850.2	2984.3	3951.4
0.0	576.8	1853.6	3063.2	3817.7
0.0	784.5	1799.2	3148.5	3759.0
184.6	996.9	1879.2	3142.8	3764.1
160.0	1009.0	1929.6	3093.3	3736.0
0.0	915.6	1717.8	2960.4	3699.4
0.0	786.8	1619.6	2745.6	3676.7
0.0	787.3	1571.8	2541.1	3601.9
0.0	746.4	1481.0	2546.2	3572.3
0.0	603.1	1485.4	2547.1	3444.0
129.0	677.4	1434.6	2475.3	3395.3
0.0	853.5	1438.6	2414.6	3396.3
0.0	682.6	1404.6	2365.5	3339.4
82.9	575.9	1370.3	2353.6	3253.9
222.2	653.9	1358.5	2436.4	3218.8
203.4	715.2	1344.2	2492.3	3261.9
70.6	635.2	1315.2	2360.9	3168.2
67.8	725.5	1424.1	2403.5	3227.6
0.0	714.3	1338.4	2355.3	3261.7
0.0	756.0	1249.7	2278.2	3282.0
122.4	649.5	1633.2	2622.5	3477.4
0.0	814.9	1693.6	2744.5	3497.2
