0.0	0.0	0.0	0.0	0.0
0.0	0.0	0.0	0.0	0.0
0.0	0.0	0.0	0.0	0.0
0.0	693.2	1694.9	2552.4	3480.1
0.0	848.8	1631.4	2590.2	3449.5
0.0	859.6	1723.3	2681.4	3406.9
0.0	790.7	1706.2	2576.2	3417.0
0.0	1017.4	1747.5	2627.6	3485.6
0.0	506.0	1665.8	2601.2	3413.8
0.0	512.4	1729.6	2618.6	3408.3
0.0	522.8	1652.2	2575.8	3437.6
0.0	672.8	1491.9	2548.5	3465.5
0.0	919.4	1583.2	2578.2	3400.4
0.0	806.9	1660.6	2587.5	3281.2
0.0	680.1	1697.9	2635.9	3355.5
0.0	358.2	1504.0	2400.6	3436.5
0.0	327.1	1464.1	2316.9	3478.6
0.0	448.5	1465.6	2265.2	3666.8
118.3	423.6	1562.7	2374.4	3740.3
110.8	469.2	1639.4	2435.5	3670.9
111.1	458.6	1667.4	2393.4	3771.9
109.0	437.5	1701.1	2440.6	3774.2
107.0	442.9	1719.1	2426.7	3756.8
108.6	469.6	1711.1	2460.7	3707.2
110.9	464.8	1674.6	2483.7	3799.8
113.3	451.8	1612.1	2495.4	3845.3
116.4	463.6	1651.0	2486.6	3663.0
115.6	427.5	1662.7	2456.7	3457.5
110.1	494.7	1701.4	2511.3	3572.2
104.3	591.4	1727.1	2605.3	3674.1
0.0	592.0	1736.2	2671.7	3671.9
190.5	513.6	1774.0	2653.8	3749.6
0.0	621.7	1808.6	2619.2	3766.2
0.0	796.3	1928.0	2824.5	3813.5
0.0	552.6	1857.1	2838.2	3791.7
0.0	622.6	1773.1	2776.4	3825.6
333.3	929.0	1909.0	2810.4	3730.3
97.6	951.0	1908.6	2849.9	3709.0
115.4	910.5	1778.0	2870.8	3742.9
521.7	930.3	1860.5	2822.0	3648.8
176.5	956.7	1859.8	2806.2	3712.1
0.0	848.6	1779.2	2779.2	3853.2
0.0	721.9	1818.8	2797.4	3814.0
0.0	590.6	1764.2	2458.4	3791.1
0.0	609.3	1753.8	2502.8	3793.3
0.0	735.7	1684.7	2530.9	3807.5
0.0	585.2	1677.2	2450.4	3768.5
0.0	323.5	1673.7	2415.1	3656.3
0.0	443.1	1561.5	2359.5	3548.7
0.0	441.6	1504.5	2303.4	3526.4
119.2	459.1	1412.4	2290.1	3517.3
112.2	453.7	1390.7	2243.6	3516.4
110.9	432.5	1334.4	2244.4	3488.1
109.6	434.1	1259.3	2240.5	3443.2
109.3	445.2	1209.4	2259.7	3433.0
109.9	470.4	1182.9	2266.4	3406.2
110.7	472.8	1131.0	2275.3	3359.8
110.9	471.3	1112.4	2283.2	3361.6
110.9	505.8	1106.0	2295.5	3344.0
111.7	544.0	1104.4	2307.4	3329.7
110.9	514.2	1094.8	2292.4	3311.7
110.4	482.3	1080.5	2283.8	3319.6
109.4	420.5	1089.1	2300.9	3376.2
108.1	484.0	1131.6	2347.0	3439.6
106.1	957.1	1186.6	2493.4	3477.3
112.0	886.7	1195.1	2570.2	3502.8
68.6	986.3	1462.5	2674.5	3614.2
176.5	1169.6	1628.2	2705.9	3673.7
333.3	1139.1	1749.3	2713.8	3662.3
0.0	1319.3	1864.4	2671.3	3624.6
333.3	911.3	1655.4	2321.2	3546.9
0.0	804.7	1708.3	2300.4	3559.0
123.7	699.4	1585.7	2238.1	3604.1
0.0	671.1	1498.1	2116.3	3523.9
0.0	712.3	1479.5	2122.8	3375.6
106.8	454.0	1382.7	2137.9	3564.4
103.6	437.8	1362.3	2114.0	3583.5
99.8	714.8	1431.8	2141.7	3545.6
101.2	698.8	1400.8	2171.9	3406.5
99.9	678.1	1360.1	2181.8	3392.1
98.2	680.8	1307.6	2164.5	3367.5
97.7	685.3	1249.8	2122.9	3288.8
97.5	696.5	1226.3	2135.0	3281.1
98.4	695.4	1179.8	2121.1	3251.3
98.6	705.9	1127.7	2121.5	3209.9
99.7	708.0	1129.4	2142.5	3230.4
100.6	716.8	1113.6	2172.9	3209.6
101.0	728.2	1101.4	2185.8	3217.5
102.0	737.1	1136.4	2185.8	3215.5
102.9	730.0	1101.0	2199.3	3220.6
104.5	691.2	1075.8	2212.3	3239.9
105.7	686.9	1074.8	2244.3	3274.1
105.9	699.7	1126.7	2245.0	3369.6
106.2	645.4	1200.5	2286.4	3394.1
101.7	672.9	1413.2	2417.8	3420.0
103.4	704.1	1738.5	2663.7	3618.4
113.2	751.4	1758.3	2756.9	3660.3
545.5	1107.4	1927.8	3278.6	3912.8
0.0	625.9	1776.8	2507.5	3470.5
0.0	830.2	1754.9	2620.1	3496.7
352.9	835.9	1602.6	2674.2	3499.5
86.3	682.9	1463.7	2545.5	3500.0
155.8	683.1	1378.7	2466.5	3470.8
73.6	649.1	1271.8	2434.2	3409.7
571.4	636.1	1243.0	2397.4	3365.0
0.0	447.0	1139.6	2335.8	3323.4
125.0	458.0	1134.3	2354.2	3308.9
117.6	464.7	1107.8	2351.8	3298.4
111.5	493.8	1096.2	2359.1	3302.3
107.9	439.9	1100.2	2300.9	3248.7
101.7	328.9	1185.9	2268.8	3267.7
97.5	330.9	1273.8	2322.6	3265.6
95.1	363.5	1334.4	2327.3	3280.9
0.0	411.1	1393.3	2188.6	3334.7
0.0	461.4	1496.7	2138.5	3384.4
103.8	411.8	1635.0	2219.9	3428.3
102.5	386.7	1710.3	2254.4	3489.7
100.3	511.5	1758.0	2285.8	3512.0
99.2	549.5	1761.7	2253.3	3485.9
97.8	567.3	1687.9	2142.5	3349.1
96.7	426.2	1435.6	2048.7	3274.9
95.5	356.3	1216.9	1974.1	3180.4
92.3	363.4	1197.7	2041.2	3194.5
94.5	363.4	1219.5	2049.7	3076.2
95.2	362.5	1206.3	2023.6	3033.4
96.8	357.7	1233.9	2048.5	3095.9
96.8	356.8	1217.8	2016.9	3068.3
96.8	452.1	1275.8	2071.4	3182.0
99.2	526.5	1486.2	2159.0	3294.7
102.4	569.5	1576.0	2203.7	3354.0
98.3	599.6	1671.4	2241.6	3359.4
97.2	577.1	1667.9	2207.1	3376.1
96.4	581.0	1658.7	2065.3	3241.2
95.7	582.2	1657.0	2024.7	3260.8
94.6	583.6	1660.5	2107.4	3313.2
94.7	575.2	1662.3	2148.1	3337.6
95.3	574.1	1668.8	2133.6	3394.9
95.3	532.7	1697.3	2165.2	3326.5
95.4	498.1	1727.5	2146.9	3360.8
95.6	495.0	1750.5	2175.4	3468.1
95.9	481.5	1750.5	2226.1	3597.0
95.8	482.5	1735.8	2288.0	3631.7
96.3	488.8	1667.4	2232.6	3609.5
96.6	516.6	1586.2	2155.7	3472.1
95.3	305.7	1449.2	2355.9	3328.6
86.5	349.7	1377.9	2493.5	3399.2
90.9	585.2	1324.8	2368.4	3311.7
93.8	691.0	1355.9	2308.3	3206.1
89.6	565.1	1281.1	2273.9	3171.2
88.3	635.8	1323.3	2317.1	3269.5
90.9	648.6	1359.5	2285.9	3455.2
92.3	526.5	1326.1	2229.0	3522.8
92.9	537.1	1360.8	2272.7	3518.6
93.2	502.6	1390.3	2293.2	3584.6
92.6	490.9	1365.2	2311.9	3660.5
92.3	381.8	1364.8	2411.8	3702.2
90.4	334.4	1418.0	2331.9	3546.2
87.6	518.8	1497.4	2356.3	3499.5
85.7	523.0	1413.4	2401.6	3582.3
86.3	618.9	1499.7	2408.9	3595.4
88.2	571.7	1444.8	2369.1	3612.5
0.0	523.1	1399.2	2353.9	3656.7
96.6	501.3	1427.3	2408.6	3678.6
93.4	534.7	1441.7	2337.6	3672.7
91.2	590.4	1426.9	2352.0	3678.9
90.1	674.2	1381.0	2366.4	3650.4
89.0	642.4	1281.9	2341.2	3506.2
88.1	584.3	1259.5	2370.5	3495.5
87.5	512.4	1240.3	2384.8	3513.9
86.5	434.3	1165.0	2419.0	3510.9
86.2	437.3	1140.5	2410.0	3516.3
86.3	437.0	1108.6	2419.4	3508.3
86.6	445.3	1131.2	2433.5	3501.1
87.3	445.6	1153.3	2415.9	3513.2
88.9	458.2	1162.5	2433.5	3502.9
90.1	483.9	1187.6	2430.3	3537.0
91.1	503.3	1256.6	2437.7	3565.9
93.0	582.7	1324.3	2455.1	3602.7
96.4	681.6	1427.0	2503.6	3620.7
95.5	667.0	1428.5	2476.5	3596.3
95.4	673.8	1490.2	2442.1	3629.6
95.3	673.2	1545.1	2382.4	3664.3
95.3	608.9	1592.6	2317.7	3670.7
94.1	596.7	1628.8	2238.7	3623.5
94.3	522.7	1651.2	2305.7	3682.4
93.6	500.0	1662.7	2360.4	3683.0
92.4	481.1	1691.1	2410.3	3660.9
91.3	476.3	1709.8	2420.5	3638.5
90.4	471.8	1726.3	2492.2	3611.3
88.9	473.0	1756.2	2479.7	3642.8
86.9	456.4	1789.1	2446.2	3643.9
85.5	463.7	1784.5	2271.8	3633.8
83.9	451.7	1777.3	2206.1	3640.3
83.2	449.4	1745.9	2295.4	3620.3
83.3	451.7	1790.8	2308.0	3665.0
83.7	435.8	1842.5	2352.8	3714.6
84.0	453.4	1837.2	2424.5	3700.6
84.1	450.2	1819.9	2389.5	3770.6
84.6	424.2	1749.3	2329.2	3809.9
82.8	426.6	1654.4	2289.2	3680.4
83.0	591.2	1567.5	2391.8	3531.0
78.1	841.7	1673.0	2612.4	3419.9
87.6	957.8	1816.3	2569.0	3438.1
68.2	796.9	1801.7	2534.1	3433.4
0.0	730.5	1629.1	2477.3	3257.8
0.0	665.4	1611.5	2454.2	3376.5
0.0	612.3	1630.2	2370.5	3339.5
250.0	625.8	1633.5	2329.2	3237.7
0.0	662.2	1635.1	2348.4	3248.2
0.0	798.6	1653.9	2298.4	3387.6
102.6	747.9	1611.6	2293.9	3348.1
0.0	780.7	1646.3	2288.8	3344.5
0.0	827.9	1647.1	2289.4	3506.8
0.0	793.0	1590.7	2323.6	3521.1
0.0	771.1	1522.7	2295.9	3374.7
0.0	736.4	1608.4	2342.8	3289.8
0.0	748.7	1632.6	2419.2	3338.5
0.0	677.6	1656.1	2477.4	3424.3
0.0	715.1	1674.3	2528.1	3384.4
