0.0	0.0	0.0	0.0	0.0
0.0	0.0	0.0	0.0	0.0
0.0	0.0	0.0	0.0	0.0
0.0	706.3	1773.6	2656.7	3420.7
0.0	824.9	1847.8	2658.6	3363.2
0.0	966.8	1891.5	2649.4	3433.9
0.0	965.4	1798.1	2586.8	3506.9
0.0	750.3	1561.2	2437.4	3452.9
0.0	710.6	1641.8	2320.0	3340.8
0.0	836.7	1704.6	2405.3	3353.9
0.0	772.1	1828.9	2726.4	3474.0
0.0	1001.2	1914.0	2817.8	3529.6
0.0	889.5	1789.9	2676.9	3527.6
0.0	797.9	1690.6	2625.9	3356.1
0.0	825.1	1978.7	2757.2	3475.4
0.0	995.9	1914.6	2748.0	3479.0
0.0	927.3	1774.5	2679.1	3497.9
0.0	599.3	1642.6	2550.9	3388.8
0.0	598.1	1713.5	2355.0	3213.5
0.0	353.6	1806.7	2382.8	3215.4
0.0	371.9	1831.4	2430.0	3280.1
199.0	400.9	1850.3	2470.8	3360.7
201.6	409.1	1859.6	2550.1	3354.4
207.0	414.6	1873.5	2564.1	3356.4
209.2	421.4	1891.3	2569.2	3356.1
210.1	421.6	1889.1	2569.0	3377.9
210.9	424.5	1885.1	2573.2	3373.1
211.8	423.9	1883.8	2562.6	3383.5
211.1	423.2	1877.5	2544.4	3326.5
210.8	413.1	1884.6	2474.2	3200.7
208.4	409.7	1921.2	2428.0	3237.8
205.9	401.9	1963.0	2397.2	3365.6
206.1	380.6	1877.2	2370.0	3412.8
193.0	570.5	1808.0	2456.3	3467.6
90.5	859.5	1715.7	2388.4	3475.0
0.0	678.6	1690.6	2416.8	3486.5
428.6	628.3	1640.4	2455.7	3471.0
0.0	736.8	1657.2	2503.0	3539.3
0.0	680.5	1659.5	2549.7	3534.4
139.5	506.3	1701.7	2603.5	3656.1
428.6	722.6	1790.1	2923.8	3893.0
92.3	712.3	1656.5	2709.5	3583.0
0.0	919.4	1692.7	2649.7	3668.8
0.0	542.9	1762.5	2581.0	3619.7
342.9	756.2	1711.2	2618.7	3607.6
400.0	865.6	1605.4	2617.5	3598.0
571.4	917.6	1548.5	2519.6	3482.1
571.4	606.9	1260.2	2496.4	3391.6
0.0	593.0	1264.8	2416.4	3290.3
213.3	615.8	1295.3	2434.7	3353.5
210.3	611.0	1330.6	2453.1	3326.8
207.9	604.6	1401.3	2489.9	3336.0
207.9	603.6	1473.7	2460.8	3344.4
208.4	606.3	1491.8	2448.4	3376.8
208.2	609.7	1590.8	2440.4	3426.5
208.2	605.2	1657.6	2442.1	3501.2
208.4	590.1	1661.9	2464.2	3515.9
208.6	569.9	1650.8	2515.5	3477.7
206.7	548.6	1633.0	2512.7	3469.7
203.9	505.1	1574.1	2460.2	3410.2
200.5	422.6	1538.4	2474.9	3285.8
188.3	403.8	1600.7	2491.4	3311.4
184.7	429.8	1640.4	2484.1	3346.1
182.6	441.1	1648.4	2446.2	3285.9
179.1	496.4	1658.6	2427.7	3283.4
170.3	489.9	1644.8	2456.0	3311.8
164.0	502.2	1625.5	2461.1	3346.4
159.8	461.9	1673.3	2470.1	3308.0
155.0	482.0	1650.8	2482.6	3428.8
151.1	398.0	1625.9	2477.5	3412.0
144.4	356.7	1575.0	2433.0	3344.7
139.3	282.4	1509.0	2387.1	3333.3
63.5	277.3	1527.2	2369.1	3242.2
63.5	696.7	1601.0	2386.8	3344.2
220.1	477.1	1647.2	2409.3	3425.3
0.0	417.7	1698.1	2456.5	3475.4
0.0	439.3	1702.8	2460.3	3446.6
122.3	457.6	1714.0	2439.8	3437.4
136.4	451.4	1695.2	2447.8	3443.2
137.3	423.5	1658.7	2449.2	3455.4
136.4	426.6	1622.5	2404.2	3415.7
131.9	438.6	1948.2	2372.7	3209.1
66.5	452.5	2077.3	2383.0	2969.2
139.4	431.9	1867.1	2351.4	2797.8
138.6	427.4	1908.7	2347.1	2969.2
138.3	422.3	1822.2	2360.4	3335.2
135.0	420.8	1905.5	2372.2	3464.5
134.2	468.5	1765.9	2334.7	3523.9
129.9	492.5	1523.9	2376.7	3577.8
118.9	525.0	1584.7	2484.1	3535.9
0.0	454.6	1551.8	2397.9	3409.4
0.0	476.4	1465.8	2318.8	3282.3
155.8	501.3	1415.7	2312.2	3244.3
156.1	509.8	1326.1	2338.3	3144.1
156.4	534.6	1277.5	2303.2	3073.7
157.3	558.9	1228.3	2252.5	3024.8
160.3	569.3	1184.6	2154.3	2978.5
163.0	571.2	1184.8	2067.1	2938.0
164.9	587.7	1185.9	2100.6	2767.1
168.8	604.5	1190.9	2195.4	2654.6
170.2	515.3	1160.2	2147.2	2659.6
172.3	534.8	1195.4	2127.0	2728.9
173.1	611.5	1307.7	2324.6	3145.5
173.7	622.6	1358.5	2305.4	3399.9
171.2	600.9	1378.0	2262.5	3406.2
169.2	587.3	1459.6	2275.8	3424.9
167.2	553.6	1493.8	2374.0	3417.0
163.1	491.6	1452.1	2402.3	3449.1
159.2	444.7	1396.9	2334.9	3408.0
155.6	389.8	1338.0	2329.0	3342.0
71.9	397.9	1423.4	2396.7	3420.3
70.3	513.1	1560.6	2499.7	3474.9
0.0	397.0	1588.3	2620.9	3452.9
0.0	425.8	1575.8	2514.7	3471.0
164.4	461.8	1567.6	2446.4	3454.2
161.0	491.6	1541.6	2411.6	3408.9
163.3	505.4	1527.8	2389.5	3391.4
167.1	508.8	1521.1	2384.7	3367.2
168.6	520.9	1513.3	2376.8	3355.2
167.9	548.5	1504.8	2370.8	3349.5
169.6	611.6	1462.5	2346.4	3293.5
169.0	411.6	1401.6	2333.3	3155.5
167.2	363.5	1488.6	2340.3	3014.9
83.3	379.2	1407.7	2289.6	3112.1
0.0	560.2	1285.2	2304.2	3173.5
168.9	642.7	1361.2	2347.5	3245.6
166.6	665.6	1328.1	2395.3	3290.8
167.2	783.6	1456.8	2549.9	3269.2
162.6	886.9	1677.5	2632.7	3360.9
80.5	887.3	1797.3	2741.6	3576.8
545.5	799.7	1849.3	2753.8	3618.7
0.0	849.4	1881.0	2692.9	3484.6
226.4	1029.4	1877.0	2691.0	3450.7
150.0	1115.1	1774.3	2622.2	3470.7
0.0	988.8	1585.0	2511.7	3436.3
0.0	600.3	1183.0	2283.7	3164.6
0.0	596.2	1138.7	2198.7	3041.5
158.6	606.5	1198.5	2160.1	3056.0
151.5	604.3	1290.5	2119.0	3058.8
144.4	595.9	1365.3	2110.8	3056.9
142.8	581.5	1398.5	2069.4	2984.2
141.6	556.9	1479.3	2025.6	2954.9
140.6	540.7	1538.4	1968.6	3015.5
140.3	512.7	1570.8	1929.8	3036.6
137.6	472.4	1603.6	1929.1	3015.1
135.1	462.7	1617.9	1933.4	3029.6
131.6	434.7	1620.6	1916.6	3011.6
127.9	433.8	1637.9	1903.3	3053.0
125.8	445.3	1613.9	1952.6	3099.5
124.7	454.8	1605.6	2006.0	3119.7
124.1	450.8	1600.7	2080.0	3141.4
123.7	497.7	1629.1	2318.2	3244.3
124.8	528.3	1641.6	2443.4	3347.3
126.4	652.8	1626.2	2584.9	3460.0
143.4	700.5	1591.4	2679.6	3710.8
146.3	716.4	1624.4	2820.6	3750.6
0.0	820.0	1670.8	2807.2	3836.6
0.0	1085.8	1795.4	2817.0	4031.6
521.7	898.6	1751.1	2819.6	3984.1
0.0	863.2	1751.8	2935.5	3965.6
0.0	810.5	1708.2	2941.9	4041.3
0.0	502.7	1700.7	2870.1	3911.9
0.0	362.7	1720.8	2853.2	3936.1
571.4	679.1	1772.4	2985.6	3997.8
83.3	718.8	1805.3	2816.5	3506.3
148.1	667.8	1644.2	2568.6	3359.1
164.4	514.0	1384.6	2380.6	3300.7
148.1	533.0	1362.7	2315.0	3163.4
146.7	537.5	1349.6	2286.7	3133.3
137.1	551.8	1337.3	2286.5	3138.8
132.7	577.8	1301.0	2309.9	3152.5
131.2	593.0	1246.7	2315.4	3089.7
129.1	611.6	1189.8	2315.6	3072.9
127.7	622.6	1139.9	2320.0	3052.4
126.7	626.9	1099.6	2360.6	2982.5
126.4	614.5	1022.4	2380.1	2939.6
126.3	606.8	972.9	2392.7	2954.6
123.9	607.3	986.6	2421.7	2946.3
122.8	611.6	1016.2	2502.7	3003.0
124.2	916.9	1532.2	2550.9	3331.9
133.3	920.0	1605.1	2558.2	3329.0
148.1	900.2	1668.9	2474.4	3321.6
77.4	1063.6	1784.6	2586.9	3405.7
333.3	1134.3	1792.4	2785.4	3479.4
0.0	957.4	1729.0	2737.0	3433.9
0.0	1034.1	1773.0	2706.4	3483.6
461.5	934.2	1776.2	2737.4	3420.7
500.0	932.7	1775.1	2738.7	3376.4
0.0	982.2	1725.0	2698.1	3427.3
244.9	719.9	1611.2	2535.2	3356.9
0.0	686.5	1561.5	2503.8	3399.0
0.0	762.4	1565.7	2471.8	3427.8
173.9	904.4	1588.1	2521.4	3495.9
0.0	876.2	1500.0	2560.5	3455.3
0.0	661.5	1310.1	2410.7	3351.0
0.0	679.0	1285.4	2330.2	3378.6
214.3	535.6	1271.7	2332.7	3396.2
98.4	513.0	1274.9	2357.1	3370.5
144.6	592.4	1306.6	2259.0	3449.1
179.1	656.0	1392.6	2280.2	3411.7
73.6	629.6	1339.1	2277.2	3415.7
0.0	570.3	1346.6	2267.1	3434.7
160.0	670.3	1295.8	2156.7	3381.9
92.3	682.3	1297.5	2171.0	3365.6
0.0	633.1	1358.7	2216.2	3342.4
0.0	684.1	1336.1	2310.5	3425.1
0.0	662.2	1264.5	2373.0	3352.1
