0.0	0.0	0.0	0.0	0.0
0.0	0.0	0.0	0.0	0.0
0.0	0.0	0.0	0.0	0.0
0.0	818.4	1567.3	2583.1	3398.0
0.0	901.5	1688.5	2603.9	3378.0
0.0	772.0	1699.5	2684.8	3458.5
0.0	788.6	1768.7	2752.8	3482.6
0.0	804.2	1858.0	2699.2	3359.6
0.0	904.5	1824.8	2798.4	3426.2
0.0	895.8	1810.8	2705.0	3385.6
0.0	897.6	1783.4	2639.2	3449.9
0.0	1022.0	1870.9	2676.6	3485.0
279.1	953.0	1876.8	2665.1	3483.0
0.0	506.4	1673.8	2624.0	3342.2
0.0	503.7	1517.3	2479.1	3241.4
0.0	534.1	1471.4	2194.2	3151.7
0.0	627.9	1531.8	2102.4	3081.6
0.0	867.0	1585.3	2095.6	3102.0
243.7	859.6	1596.4	2093.5	2945.1
126.5	632.7	1564.3	2084.9	2912.4
300.0	623.6	1508.0	2055.9	2924.9
0.0	585.8	1443.3	1929.3	2931.9
0.0	498.7	1403.9	1909.1	3029.1
0.0	480.7	1346.4	1876.7	2981.3
129.2	487.7	1334.7	1852.2	2971.0
106.1	480.0	1331.0	1835.9	2998.1
108.2	475.1	1319.2	1818.7	2989.2
109.0	464.9	1327.1	1795.7	2962.0
109.0	465.3	1357.7	1773.6	2963.9
108.7	467.1	1375.7	1756.7	2944.6
108.4	477.4	1391.6	1745.3	2937.4
107.1	478.4	1427.1	1773.3	2897.7
106.2	514.2	1428.3	1814.1	2841.1
104.3	527.5	1464.0	1874.3	2853.7
101.8	523.5	1529.6	1997.8	2852.6
100.0	831.9	1531.1	2151.0	2904.5
97.9	866.4	1531.3	2292.7	2949.0
92.7	912.8	1483.3	2330.6	3076.8
97.6	893.3	1498.6	2423.8	3104.7
100.3	672.4	1402.1	2399.7	3136.7
108.0	676.3	1343.8	2301.1	3037.2
114.3	643.8	1266.6	2263.8	3089.1
117.6	649.7	1237.0	2210.6	3113.3
117.6	641.2	1222.5	2170.3	3127.2
118.8	638.2	1226.5	2172.9	3162.7
114.4	634.5	1212.9	2174.9	3160.5
115.4	633.3	1204.5	2201.0	3220.9
116.5	634.9	1190.1	2218.9	3234.7
117.6	632.1	1166.7	2224.4	3226.6
117.6	625.5	1150.2	2213.0	3228.0
117.6	609.1	1143.5	2224.7	3252.8
117.6	599.0	1131.1	2269.7	3261.1
117.5	565.1	1107.1	2274.0	3373.7
116.5	501.4	1101.2	2273.8	3459.0
113.7	398.6	1128.8	2279.9	3535.6
113.2	425.3	1165.5	2305.9	3561.1
115.0	317.8	1217.8	2292.0	3573.0
112.1	365.3	1249.5	2270.5	3442.8
111.5	366.5	1290.7	2261.6	3367.0
110.3	321.2	1379.9	2251.0	3316.9
107.7	296.1	1351.7	2214.4	3229.8
101.6	301.1	1370.9	2212.1	3251.0
97.7	317.3	1647.8	2350.2	3271.9
0.0	386.3	1808.4	2398.7	3315.4
0.0	348.5	1929.1	2421.7	3362.3
109.0	348.5	2023.9	2376.6	3351.5
107.1	321.5	2147.9	2384.8	3314.6
104.3	292.6	2149.5	2411.1	3342.6
96.4	268.3	1662.7	2499.0	3402.4
82.2	306.1	1670.0	2501.9	3487.5
88.9	835.2	1712.5	2511.0	3513.0
300.0	604.5	1538.5	2513.5	3528.9
0.0	862.1	1790.6	2636.7	3525.4
0.0	1044.0	1748.9	2684.9	3450.0
0.0	802.3	1666.8	2810.5	3409.4
0.0	749.7	1876.9	2910.3	3483.8
179.1	836.7	1847.3	2913.2	3525.6
0.0	918.5	1990.3	2923.1	3555.3
123.7	764.1	2090.4	2840.3	3433.7
0.0	470.8	1999.2	2700.5	3391.8
0.0	465.7	2000.9	2666.7	3296.6
112.7	475.7	1981.8	2591.0	3296.4
105.6	489.8	1933.9	2448.3	3293.2
102.1	501.4	1872.6	2394.2	3268.5
99.6	492.9	1641.5	2184.3	3133.0
97.7	451.4	1333.0	2144.1	3130.9
97.2	287.0	1174.5	2186.0	3203.5
96.8	282.4	1171.3	2145.2	3261.1
98.4	277.5	1149.7	2097.2	3155.0
96.8	280.6	1075.8	2103.1	3256.3
96.0	293.2	1026.2	2094.4	3324.3
95.2	463.2	1201.9	2067.5	3006.3
285.7	493.6	1299.9	2071.4	2901.5
95.5	473.1	1340.0	2061.6	3007.4
93.9	432.6	1328.7	2062.7	3108.7
92.5	289.3	1314.1	2074.9	3273.0
89.9	280.7	1399.8	2149.4	3461.5
86.8	295.2	1456.5	2371.9	3542.1
85.7	310.0	1669.9	2692.6	3460.2
88.9	327.6	1570.3	2607.2	3350.7
96.8	698.1	1337.2	2398.2	3340.7
100.0	594.9	1304.8	2333.5	3504.3
0.0	500.9	1324.5	2238.5	3411.3
179.1	423.8	1369.3	2109.2	3354.4
132.0	443.9	1332.9	1943.6	3033.5
0.0	458.0	1301.4	1906.3	2948.1
0.0	488.5	1312.4	1872.5	2993.7
107.2	508.0	1335.6	1836.8	2989.4
102.8	514.2	1322.7	1820.5	2986.8
102.3	513.7	1329.2	1814.7	2970.7
102.5	511.1	1340.3	1793.0	2965.3
103.2	504.5	1353.5	1795.0	3004.5
103.6	501.3	1374.5	1815.4	2976.3
103.6	487.9	1414.0	1851.3	2989.0
103.8	489.8	1425.9	1888.3	3076.3
103.8	467.2	1405.1	1918.5	3196.0
104.2	455.9	1402.4	1959.4	3136.1
104.5	434.2	1379.8	1970.2	3001.1
104.3	400.3	1377.1	1983.6	3010.5
103.3	360.0	1393.3	2002.8	3121.3
101.1	350.4	1373.7	1994.9	3274.0
99.8	361.1	1344.7	2025.9	3226.7
99.9	378.9	1319.7	2035.9	3133.2
100.8	433.6	1308.6	2053.3	3111.1
103.6	454.1	1301.7	2098.1	3074.9
105.8	445.1	1262.8	2144.0	3072.8
106.6	464.8	1200.8	2220.9	3087.6
107.3	466.9	1094.3	2285.1	3062.0
106.7	461.6	1039.9	2352.3	3204.7
0.0	471.3	999.9	2387.9	3257.4
103.4	476.2	965.4	2392.7	3407.0
103.8	470.7	955.7	2405.8	3533.3
102.8	473.8	961.5	2435.1	3432.2
102.0	476.0	980.0	2467.1	3452.0
101.2	478.1	1010.1	2443.8	3380.8
100.5	502.2	1046.2	2438.9	3360.7
100.1	507.1	1108.2	2433.9	3397.3
99.8	502.9	1143.4	2451.2	3444.4
98.4	491.3	1156.7	2420.2	3361.5
96.8	502.5	1138.0	2420.2	3218.1
95.9	509.1	1129.0	2417.4	3120.9
92.9	673.8	1215.7	2406.0	3213.1
85.1	724.2	1667.4	2458.1	3245.2
65.9	675.7	1675.3	2606.3	3195.6
0.0	890.2	1696.7	2725.5	3430.3
375.0	823.0	1627.0	2763.0	3604.3
0.0	723.4	1703.2	2969.4	3654.8
571.4	797.6	1795.8	2877.5	3618.3
0.0	909.7	1731.7	2842.4	3686.4
500.0	978.9	1832.6	2888.9	3718.1
260.9	958.1	1953.2	3022.3	3857.3
444.4	533.1	1576.7	2807.2	3718.1
0.0	852.2	1677.2	2748.8	3574.8
75.0	839.7	1797.3	2886.0	3546.0
68.2	703.3	1595.5	2723.8	3483.6
82.2	516.0	1516.5	2456.1	3265.1
0.0	484.0	1313.5	2271.2	3111.7
0.0	389.4	1254.7	2218.6	3192.9
100.8	308.5	1592.0	2412.7	3309.1
75.5	418.1	1728.6	2525.6	3435.2
85.1	852.6	1695.6	2597.1	3437.3
0.0	875.8	1674.0	2734.7	3513.4
0.0	735.4	1681.6	2757.4	3454.3
0.0	1026.4	1759.2	2681.2	3329.4
0.0	955.1	1482.8	2319.5	3250.0
0.0	925.1	1409.0	2261.1	3106.5
0.0	1071.1	1447.4	2423.1	3124.8
0.0	868.4	1401.9	2289.3	3171.8
98.8	610.7	1379.4	1859.8	3151.7
0.0	507.7	1228.6	1617.4	2796.3
0.0	498.0	1218.6	1621.9	2705.1
0.0	508.6	1216.6	1702.3	2695.5
98.8	544.2	1234.2	1855.1	2695.1
96.8	591.3	1248.1	2048.2	2698.8
93.0	610.6	1257.2	2236.5	2808.9
90.9	639.1	1257.7	2322.8	2940.8
88.8	642.0	1276.4	2351.8	3016.9
87.0	655.1	1290.7	2380.3	3102.2
85.9	664.7	1294.9	2410.3	3209.6
92.3	679.1	1308.0	2410.4	3283.9
75.0	697.5	1326.5	2374.9	3243.5
75.0	703.5	1357.7	2407.3	3269.5
104.3	737.1	1407.1	2433.8	3326.6
133.3	705.6	1393.3	2433.9	3362.2
0.0	727.3	1410.9	2427.9	3268.4
134.8	696.7	1414.4	2403.0	3293.8
0.0	688.3	1451.3	2400.3	3377.7
110.1	685.0	1480.2	2375.4	3375.4
0.0	652.3	1480.4	2384.2	3292.8
0.0	641.0	1506.7	2394.5	3372.3
0.0	616.2	1560.3	2350.2	3241.6
0.0	591.0	1580.2	2341.5	3136.9
0.0	537.1	1611.9	2323.5	3147.7
0.0	529.1	1658.0	2423.7	3234.5
108.1	480.4	1693.5	2467.2	3290.5
0.0	464.4	1723.3	2466.7	3238.1
0.0	754.1	1755.9	2506.4	3374.1
88.2	634.8	1756.5	2537.5	3453.1
68.2	616.3	1827.0	2591.2	3591.7
0.0	787.9	1854.1	2704.2	3553.3
0.0	823.8	1840.2	2715.8	3460.8
545.5	763.9	1716.8	2667.2	3521.5
545.5	903.4	1793.6	2738.2	3576.5
72.7	800.2	1774.7	2780.3	3540.1
0.0	854.6	1738.7	2667.2	3562.6
0.0	828.0	1746.4	2616.6	3502.1
375.0	863.6	1680.4	2658.5	3494.6
0.0	696.8	1647.3	2810.8	3496.2
0.0	702.0	1577.3	2668.3	3441.0
0.0	684.0	1598.3	2505.7	3421.5
0.0	686.6	1679.9	2541.3	3422.9
0.0	703.4	1545.5	2448.3	3326.1
0.0	666.3	1532.1	2371.4	3251.2
0.0	628.2	1417.4	2356.2	3276.8
70.2	748.7	1471.4	2200.8	3276.6
0.0	776.0	1524.7	2197.2	3249.0
0.0	765.9	1514.6	2207.5	3207.4
0.0	774.6	1511.0	2254.6	3240.4
0.0	784.6	1446.1	2311.3	3305.4
0.0	798.7	1373.1	2237.0	3273.9
292.7	810.6	1280.7	2269.3	3214.9
0.0	794.8	1257.1	2245.8	3208.3
0.0	668.5	1319.8	2237.2	3239.4
