0.0	0.0	0.0	0.0	0.0
0.0	0.0	0.0	0.0	0.0
0.0	0.0	0.0	0.0	0.0
0.0	1214.0	1803.4	2688.7	3400.1
0.0	765.9	1730.7	2635.3	3486.4
0.0	963.5	1769.6	2543.6	3423.1
0.0	894.7	1749.5	2584.5	3494.7
0.0	802.1	1647.0	2590.0	3553.2
0.0	832.7	1685.8	2621.1	3578.5
0.0	720.0	1645.3	2672.9	3500.3
0.0	982.2	1813.2	2649.8	3381.9
0.0	908.7	1633.8	2530.7	3378.8
0.0	808.5	1490.8	2511.1	3425.5
0.0	826.7	1532.5	2724.6	3652.3
0.0	735.9	1817.0	2701.0	3774.4
0.0	640.1	1734.6	2684.2	3841.3
0.0	863.9	1825.3	2728.4	3843.6
0.0	919.8	1827.4	2688.1	3825.6
0.0	489.7	1579.0	2699.5	3800.5
0.0	200.0	1558.2	2697.3	3842.0
0.0	254.3	1533.1	2615.1	3813.1
0.0	366.8	1600.2	2593.8	3577.9
148.8	368.4	1482.7	2610.9	3140.4
137.3	354.9	1390.3	2585.7	3052.3
136.7	358.1	1362.9	2635.4	3211.0
132.9	599.4	1502.5	2746.8	3335.1
131.4	630.4	1525.9	2740.4	3389.5
128.5	693.2	1523.9	2732.2	3342.0
127.2	754.2	1527.1	2748.0	3426.9
127.1	770.8	1481.5	2738.9	3463.4
126.2	754.6	1386.7	2760.9	3347.9
126.2	761.7	1368.3	2810.5	3335.2
127.1	746.3	1329.3	2869.7	3446.5
126.9	702.2	1228.5	2898.9	3438.3
126.3	651.5	1160.0	2910.2	3414.0
124.5	610.6	1087.7	2912.5	3375.4
122.8	612.5	1022.3	2886.2	3267.0
120.0	500.4	991.2	2795.3	3246.9
117.6	447.2	947.2	2750.7	3218.3
116.1	414.3	946.9	2804.3	3331.1
112.4	326.9	999.4	2654.3	3269.1
110.7	612.2	1625.8	2659.6	3563.0
112.3	420.9	1112.6	2649.9	3382.6
0.0	450.8	1131.7	2651.5	3400.1
125.8	494.6	1165.1	2667.4	3470.8
125.5	487.3	1168.7	2679.5	3469.9
123.9	482.1	1187.9	2678.4	3462.9
122.4	469.9	1214.1	2708.3	3493.0
118.6	828.2	1451.3	2699.5	3588.6
116.6	738.5	1690.3	2678.1	3695.2
108.0	682.8	1676.8	2705.6	3765.0
0.0	753.2	1910.9	3024.2	4012.3
0.0	1158.9	2041.4	3189.9	4393.8
0.0	882.3	1759.9	3227.8	4186.9
0.0	469.2	1642.7	3132.5	3940.4
0.0	488.0	1718.2	3279.7	3667.8
235.3	648.5	1833.7	3308.2	3721.6
96.8	1251.3	1882.2	3138.7	3849.7
0.0	723.5	1527.5	2964.7	3676.4
0.0	761.8	1505.3	2947.5	3616.0
131.9	1166.8	1628.4	2745.7	3631.0
0.0	727.7	1521.6	2524.7	3390.9
0.0	787.9	1501.0	2488.8	3429.3
0.0	663.1	1431.4	2421.3	3582.2
0.0	484.4	1361.3	2185.3	3662.9
0.0	387.4	1304.8	2254.6	3566.1
0.0	384.1	1222.0	2254.0	3348.3
170.7	418.4	1169.1	2321.8	3285.9
162.4	428.4	1078.1	2450.5	3291.5
163.6	499.4	999.4	2481.9	3267.0
163.2	456.3	970.9	2482.1	3260.6
163.6	462.5	964.9	2526.4	3251.3
164.3	465.1	978.6	2593.8	3262.1
163.3	463.7	940.0	2638.4	3254.1
162.3	508.8	881.2	2681.8	3251.1
161.2	481.4	797.1	2721.0	3210.2
159.3	503.5	791.2	2738.6	3191.5
158.4	503.0	771.3	2760.2	3225.0
155.6	496.0	773.5	2775.9	3208.1
153.7	433.0	747.9	2804.6	3211.5
150.5	441.9	748.3	2795.8	3206.5
148.8	408.6	725.6	2779.5	3188.6
145.3	416.4	718.0	2789.0	3188.2
143.5	412.3	713.7	2771.5	3187.4
139.4	411.4	750.7	2773.0	3175.4
136.7	397.0	771.6	2752.9	3136.5
134.4	386.1	776.8	2734.4	3149.9
131.6	412.5	787.3	2709.6	3150.6
129.5	397.0	775.6	2688.4	3165.6
128.3	403.9	801.2	2683.8	3148.8
128.6	428.6	870.8	2674.2	3167.9
127.3	433.1	942.2	2639.5	3175.9
126.7	453.9	1011.0	2626.7	3189.4
125.2	451.9	1109.0	2645.2	3287.1
125.7	432.7	1169.7	2686.1	3371.8
125.2	422.0	1205.8	2681.2	3407.1
124.9	385.7	1203.9	2667.2	3440.2
123.1	370.0	1202.0	2689.4	3491.1
117.6	380.7	1276.9	2904.5	3998.4
123.7	384.7	1414.2	2941.9	4470.9
113.2	406.9	1344.1	2959.3	4323.9
375.0	435.1	1391.2	2744.7	3974.8
127.7	421.9	1383.0	2683.6	3742.5
125.0	396.0	1355.6	2671.2	3624.9
115.4	378.9	1356.9	2653.2	3590.3
131.9	363.8	1378.4	2650.4	3590.8
127.7	363.4	1384.0	2668.0	3573.5
122.3	392.3	1382.3	2607.7	3623.5
121.7	296.2	1399.3	2471.4	3642.1
121.1	282.0	1421.4	2561.0	3536.5
118.6	250.5	1506.8	2547.9	3225.9
118.5	258.4	1547.5	2537.9	3045.5
118.5	248.3	1417.2	2534.0	3201.5
118.5	283.7	1440.4	2490.4	3329.3
120.1	274.0	1457.4	2439.5	3390.9
121.3	289.2	1433.8	2476.8	3350.0
121.2	260.7	1544.0	2569.5	3294.7
119.9	249.3	1603.5	2560.1	3309.0
114.1	237.3	1534.6	2619.9	3420.4
119.4	363.2	1627.6	2611.9	3543.1
0.0	398.4	1710.6	2579.1	3526.3
0.0	401.4	1824.3	2587.3	3484.9
132.3	404.9	1902.2	2611.9	3452.8
132.1	429.4	1943.2	2633.3	3425.3
132.5	422.7	1968.1	2629.4	3417.2
132.0	407.3	1999.4	2580.1	3440.5
130.9	402.7	2025.2	2599.7	3436.1
130.3	406.5	2036.3	2619.9	3411.2
130.4	370.4	2059.1	2631.1	3425.2
131.1	376.0	2063.4	2624.6	3447.4
130.4	398.6	2054.6	2537.3	3388.9
130.4	361.7	2040.9	2424.3	3345.5
132.7	353.4	1926.5	2260.3	3256.1
132.9	372.5	1712.8	2193.5	3195.0
132.3	386.6	1180.4	2152.7	3162.0
119.1	266.1	1136.9	2370.5	3234.0
65.3	258.3	1154.0	2388.0	3309.6
65.9	252.7	1146.8	2440.0	3279.2
126.3	251.2	1166.8	2462.9	3341.9
123.7	249.4	1184.8	2372.6	3278.1
126.3	253.2	1210.0	2333.8	3253.6
123.7	250.9	1384.4	2426.7	3275.2
127.7	251.3	1113.3	2285.2	3317.1
122.4	388.3	1272.3	2244.2	3184.0
0.0	424.2	1191.2	2167.7	3106.1
0.0	433.2	1144.6	2048.2	3129.7
126.4	444.3	1109.4	1917.4	3135.0
125.3	451.9	1096.3	1793.7	3168.5
123.4	449.7	1080.2	1675.9	3163.5
121.7	448.3	1050.3	1566.3	3250.6
119.2	437.8	1023.1	1489.5	3378.2
119.0	430.0	1001.3	1446.3	3324.9
118.1	434.0	996.6	1416.2	3248.9
117.4	464.6	1023.2	1423.0	3321.6
117.7	448.4	1034.6	1426.5	3400.8
118.4	459.5	1060.4	1479.4	3378.5
120.3	475.3	1095.2	1512.9	3427.7
121.4	494.0	1170.6	1575.0	3438.7
121.7	494.2	1225.8	1652.3	3406.9
123.0	494.4	1271.9	1724.4	3399.3
123.8	503.4	1365.4	1839.1	3440.0
127.0	517.3	1416.9	1935.1	3418.3
127.8	516.9	1434.1	2035.3	3309.8
129.2	536.1	1457.0	2154.5	3298.6
131.2	559.1	1479.0	2280.3	3321.0
131.4	572.3	1477.4	2339.1	3299.9
131.7	589.4	1473.2	2404.4	3243.7
130.2	609.7	1469.1	2444.3	3250.6
127.7	617.1	1464.3	2490.7	3345.0
125.3	619.3	1451.1	2488.1	3290.5
122.3	623.9	1425.4	2501.2	3313.4
117.9	638.4	1418.4	2511.8	3362.8
114.1	646.9	1386.9	2496.4	3498.7
113.4	650.7	1362.5	2493.0	3623.0
114.8	647.3	1368.0	2516.6	3455.1
118.2	730.6	1382.7	2532.6	3321.2
118.5	776.9	1453.0	2509.9	3431.9
116.8	759.6	1445.0	2521.8	3409.4
119.3	756.0	1449.7	2539.7	3394.6
120.0	915.1	1632.1	2563.5	3476.7
164.4	900.6	1637.3	2604.9	3574.3
0.0	622.6	1627.2	2691.9	3675.5
0.0	821.0	1740.4	2739.5	3689.0
162.2	926.1	1779.6	2717.9	3600.7
144.6	1076.2	1767.1	2712.8	3552.1
106.2	918.7	1877.6	2741.7	3467.5
0.0	887.4	1747.8	2737.2	3426.6
0.0	597.3	1685.0	2648.3	3395.3
0.0	522.3	1707.6	2546.7	3398.1
0.0	1065.2	1841.1	2621.6	3511.7
0.0	1016.9	1997.4	2797.3	3591.2
0.0	790.9	1568.9	2248.4	3286.3
0.0	816.1	1546.6	2588.2	3459.7
0.0	555.8	1608.0	2622.9	3678.3
0.0	713.3	1667.5	2595.5	3692.2
444.4	724.3	1648.4	2657.4	3726.6
72.5	866.8	1642.0	2726.3	3805.5
0.0	1004.2	1611.9	2747.3	3772.0
123.7	1019.5	1547.5	2774.6	3760.2
260.9	784.2	1498.2	2795.2	3723.3
151.9	930.9	1485.6	2779.8	3727.4
146.5	629.1	1500.8	2617.4	3697.3
141.5	822.4	1472.4	2652.1	3611.1
74.4	931.5	1449.9	2461.7	3502.6
214.2	881.5	1420.7	2385.7	3546.4
124.8	779.5	1590.0	2512.3	3566.8
0.0	813.1	1556.8	2521.7	3566.3
109.9	868.2	1418.2	2385.0	3500.1
112.1	829.8	1407.2	2398.0	3571.4
123.4	711.0	1386.6	2168.0	3354.5
93.7	661.2	1341.4	2128.3	3243.3
0.0	638.5	1363.4	2234.9	3404.9
81.6	688.8	1365.4	2246.4	3448.1
0.0	661.8	1447.1	2269.7	3579.3
