0.0	0.0	0.0	0.0	0.0
0.0	0.0	0.0	0.0	0.0
0.0	0.0	0.0	0.0	0.0
0.0	648.4	1753.7	2630.6	3322.5
0.0	1008.4	1817.8	2553.7	3436.8
0.0	992.0	1899.1	2560.2	3524.7
0.0	892.4	1824.6	2485.4	3487.2
0.0	998.8	1873.6	2554.7	3516.0
0.0	834.5	1852.8	2696.1	3535.5
0.0	918.6	1912.9	2720.7	3462.7
0.0	920.4	1829.5	2616.3	3488.0
0.0	789.4	1770.0	2576.8	3471.0
0.0	697.0	1760.4	2589.3	3445.1
0.0	992.7	1818.7	2634.9	3562.5
0.0	942.2	1828.1	2662.8	3489.5
0.0	618.1	1657.4	2651.8	3383.6
0.0	821.1	1771.5	2627.3	3289.8
0.0	918.1	2120.1	2834.2	3282.6
0.0	917.0	2070.6	2647.9	3369.1
0.0	773.2	1594.6	2588.3	3349.4
0.0	774.1	1634.4	2561.6	3403.8
240.0	946.0	1707.5	2512.6	3512.4
373.2	1095.1	1633.3	2525.1	3455.8
387.1	996.2	1522.5	2456.1	3395.8
160.0	828.2	1478.1	2412.9	3338.9
105.1	852.4	1493.1	2505.1	3434.1
131.0	821.7	1493.2	2395.1	3508.7
0.0	491.7	854.5	2534.4	3528.7
0.0	517.2	855.1	2598.3	3511.4
0.0	518.9	915.8	2608.2	3409.4
63.5	535.8	974.1	2698.4	3248.3
122.8	515.6	1027.2	2704.0	2916.9
127.4	491.8	1035.0	2423.6	2781.1
124.7	394.5	1087.0	2562.0	2801.8
129.0	504.8	1316.0	2604.1	2893.5
130.4	502.9	1451.4	2640.1	3057.7
129.5	496.2	1715.5	2610.1	3285.4
127.0	499.8	1830.1	2599.7	3311.4
127.6	481.6	1888.1	2644.5	3315.0
128.5	474.1	1941.1	2676.6	3354.1
129.2	476.7	1949.6	2676.8	3408.6
130.4	515.1	1719.5	2631.6	3448.0
129.7	264.4	1056.4	2331.7	3222.4
131.9	305.8	1054.9	2278.2	2707.0
127.7	301.9	1060.6	2262.4	2678.5
134.8	291.6	1068.6	2229.0	2750.6
130.4	360.2	1394.5	2485.1	3232.5
136.4	563.3	1634.7	2642.1	3427.3
135.7	596.3	1627.6	2639.1	3427.1
134.2	635.3	1581.8	2591.6	3456.2
134.3	643.3	1552.1	2579.0	3476.2
135.5	659.2	1555.9	2568.5	3436.1
135.6	661.1	1532.4	2571.7	3435.8
136.2	667.2	1538.4	2555.5	3421.3
137.8	666.1	1531.0	2543.5	3401.2
138.5	658.6	1534.9	2541.0	3433.2
138.1	674.7	1561.8	2558.4	3424.4
138.2	671.2	1574.8	2579.3	3455.3
137.7	656.5	1557.1	2612.1	3418.8
136.6	653.1	1551.5	2626.5	3370.2
136.3	600.4	1458.2	2506.8	3355.2
134.9	537.2	1332.4	2349.5	3258.0
134.2	563.9	1481.1	2622.7	3317.4
137.9	539.0	1690.7	2673.7	3422.2
135.5	514.3	1829.0	2635.2	3453.1
130.8	488.0	1928.3	2605.3	3462.8
129.1	478.1	2008.1	2535.7	3449.0
127.3	451.2	2077.9	2383.2	3517.1
125.3	322.0	2109.4	2315.3	3562.2
122.3	316.2	2101.8	2228.7	3551.6
117.5	274.7	2041.4	2226.9	3569.5
114.4	275.6	1923.3	2223.4	3528.1
111.6	328.9	1832.4	2228.3	3508.4
110.5	379.9	1799.3	2323.5	3541.5
109.3	413.4	1788.6	2677.0	3627.6
0.0	526.1	1768.9	2736.3	3632.5
0.0	563.8	1709.8	2713.9	3643.4
112.1	510.6	1649.0	2949.1	3755.9
0.0	476.2	1631.9	2940.0	3753.6
0.0	360.8	1631.6	2791.7	3727.8
100.8	347.5	1684.8	2823.6	3707.8
0.0	341.7	1635.6	2689.2	3715.8
545.5	374.5	1618.8	2614.3	3716.2
387.1	377.1	1621.0	2610.0	3757.5
121.2	377.4	1622.8	2623.0	3649.8
123.7	416.4	1635.6	2617.3	3596.2
130.4	421.6	1633.3	2596.6	3661.9
131.0	441.9	1640.0	2583.4	3620.2
131.8	444.9	1638.9	2570.5	3508.7
130.4	442.2	1612.9	2522.7	3457.6
129.0	444.3	1559.0	2434.0	3311.1
127.7	433.4	1474.0	2315.3	3204.9
125.0	501.9	1316.1	2170.2	3186.6
120.0	231.9	1190.2	2092.9	3248.8
116.2	229.2	1174.4	2091.8	3268.3
112.1	222.1	1180.0	2109.0	3216.9
0.0	923.7	1325.8	2158.6	3214.9
212.3	485.4	1489.4	2367.9	3354.0
79.3	416.3	1501.7	2402.0	3326.1
0.0	401.3	1529.9	2403.0	3307.1
95.7	416.6	1540.7	2483.9	3581.1
92.1	430.0	1537.8	2566.7	3747.8
91.2	382.6	1499.4	2605.5	3525.7
70.9	351.0	1460.1	2586.2	3318.6
146.3	471.2	1497.0	2677.7	3547.1
66.0	786.0	1896.2	2922.3	3669.1
173.9	1219.4	2218.7	3088.7	3781.7
0.0	938.7	2027.5	3139.8	3763.6
0.0	837.7	2041.8	2957.8	3650.1
0.0	704.8	2022.4	2967.2	3482.0
461.5	1017.2	2265.1	2862.9	3450.2
461.5	1156.1	2252.9	2710.4	3447.8
0.0	1025.8	2068.9	2566.4	3391.3
0.0	828.5	1926.4	2432.6	3332.6
0.0	1040.9	1937.1	2350.9	3363.4
363.6	1221.5	1946.3	2555.9	3427.7
116.5	1076.1	1883.0	2535.5	3364.2
255.3	922.5	1767.3	2463.0	3243.8
0.0	786.6	1665.9	2236.3	3286.9
0.0	594.8	1629.7	2265.0	3250.8
0.0	715.3	1601.9	2413.8	3242.4
0.0	798.8	1718.3	2492.9	3323.2
96.8	837.4	1615.8	2685.1	3439.3
0.0	756.5	1657.8	2802.6	3526.3
0.0	709.1	1763.7	2871.6	3682.4
0.0	745.6	1785.3	2926.0	3748.9
413.8	809.4	1723.3	2830.9	3764.7
0.0	764.1	1631.4	2873.8	3724.7
218.2	792.8	1682.8	2896.8	3641.3
0.0	768.1	1642.6	2866.7	3773.0
0.0	842.0	1747.7	2880.7	3829.2
0.0	462.6	1710.3	2852.7	3698.9
244.9	447.0	1607.8	2744.2	3629.8
0.0	415.1	1620.6	2683.5	3645.2
121.2	376.9	1703.7	2661.2	3592.2
117.8	359.5	1781.5	2651.5	3524.5
118.0	354.6	1829.3	2644.5	3529.4
118.8	346.4	1898.1	2647.2	3511.3
119.9	355.4	1934.1	2635.4	3435.0
120.2	343.4	1971.4	2559.6	3363.8
120.3	341.9	2009.7	2476.0	3335.0
119.0	347.5	1998.1	2411.2	3306.0
118.8	332.3	1935.5	2364.7	3306.7
119.0	333.8	1826.1	2289.1	3263.2
118.7	376.7	1583.7	2227.9	3213.8
115.2	419.6	1518.8	2255.7	3229.8
112.5	429.4	1566.6	2362.3	3354.3
110.0	353.4	1547.7	2407.6	3281.7
106.2	314.8	1520.8	2413.4	3279.7
100.0	251.4	1514.2	2481.1	3354.4
103.6	774.2	1594.6	2389.6	3316.8
87.5	779.3	1686.6	2474.3	3318.1
260.9	745.4	1626.0	2519.4	3394.9
0.0	533.0	1426.8	2414.6	3336.7
0.0	454.3	1255.7	2404.8	3250.3
114.0	432.6	1063.0	2361.4	3227.7
112.1	447.6	981.0	2444.3	3242.1
110.4	460.4	875.5	2481.7	3278.0
109.4	464.6	813.3	2542.4	3293.7
108.9	458.8	770.5	2587.9	3306.6
107.3	529.2	905.7	2596.9	3312.5
106.0	499.0	811.4	2578.6	3381.0
105.6	482.9	746.6	2639.0	3393.2
106.2	568.4	1258.3	2707.6	3413.7
106.7	432.7	822.2	2685.5	3421.2
106.7	392.6	764.4	2741.2	3438.1
106.9	465.4	827.5	2749.1	3462.8
107.4	434.4	747.9	2788.7	3461.3
108.0	466.3	807.3	2785.2	3481.2
107.5	460.6	745.4	2767.2	3491.7
108.3	449.1	680.3	2766.4	3484.3
108.1	449.0	673.1	2787.0	3508.5
108.0	436.0	683.7	2790.4	3508.7
106.9	424.6	660.5	2808.4	3509.8
105.9	424.7	665.4	2779.3	3510.5
105.4	411.2	674.3	2769.1	3497.4
105.2	407.7	672.0	2751.0	3500.3
104.2	423.4	715.6	2709.6	3521.6
103.8	424.8	743.7	2705.9	3503.1
104.0	429.6	781.4	2689.3	3470.1
103.8	457.0	830.9	2619.1	3431.0
101.3	491.1	920.6	2595.6	3389.8
98.7	471.2	1010.0	2551.6	3348.5
96.3	470.3	1109.4	2506.4	3234.8
95.1	462.4	1203.7	2464.1	3130.3
96.0	445.8	1285.8	2605.5	3097.7
97.0	511.0	1321.9	2687.3	3241.7
98.2	407.0	1317.8	2661.5	3237.6
97.1	345.7	1330.0	2583.8	3453.7
100.2	341.3	1337.6	2427.9	3408.7
95.7	285.2	1347.7	2466.8	3345.7
94.5	227.3	1559.2	2646.9	3458.8
93.0	1013.6	1207.5	2451.4	3430.5
99.2	968.9	2008.0	2961.0	3417.1
94.5	1016.0	2203.5	3100.4	3625.2
193.5	1143.6	2309.1	3170.7	3733.5
0.0	723.7	2003.1	3095.4	3742.8
0.0	948.0	2273.3	3178.7	3769.3
545.5	774.3	1941.8	3029.5	3752.4
545.5	667.0	1742.7	3164.7	3730.9
100.0	667.0	1742.7	3164.7	3730.9
0.0	790.8	1940.8	3241.6	3712.7
0.0	775.2	1870.5	3066.6	3752.7
0.0	808.4	1806.2	2954.7	3747.6
0.0	869.8	1765.8	3016.2	3618.7
266.7	745.4	1802.2	2897.8	3644.2
0.0	1029.6	1711.4	2816.9	3668.1
0.0	777.4	1527.8	2821.4	3618.1
0.0	812.8	1529.1	2853.7	3660.1
65.2	1202.0	1813.8	2923.2	3688.4
0.0	835.3	1708.2	2785.2	3640.8
0.0	815.3	1505.4	2756.1	3595.0
0.0	692.1	1446.3	2892.4	3523.9
151.9	842.4	1408.8	3008.6	3512.6
141.2	620.1	1358.4	2883.1	3453.8
179.1	656.0	1366.6	2862.7	3503.9
250.0	850.6	1378.0	2730.9	3489.7
428.6	762.0	1305.7	2587.4	3376.5
0.0	882.5	1280.8	2452.4	3397.3
77.4	694.2	1491.7	2310.6	3327.2
107.1	712.7	1522.5	2442.7	3448.4
0.0	741.5	1522.4	2610.5	3442.5
0.0	732.7	1524.2	2556.6	3464.3
78.9	363.8	1247.9	2332.8	3388.3
0.0	349.4	1311.2	2421.3	3346.2
260.9	847.5	1797.8	2550.9	3577.5
292.7	542.1	1698.8	2539.6	3645.2
72.6	559.5	1746.7	2667.1	3488.8
0.0	562.9	1720.7	2648.6	3507.3
0.0	555.6	1681.7	2519.9	3569.6
0.0	521.4	1964.3	2761.3	3712.0
0.0	679.6	1925.2	2797.7	3675.7
134.8	848.8	1698.0	2611.8	3586.9
137.9	843.7	1893.3	2531.2	3643.8
0.0	855.0	1827.4	2500.9	3462.9
0.0	619.4	1472.7	2355.2	3371.8
0.0	594.8	1210.0	2317.1	3462.0
0.0	585.6	1241.7	2317.6	3475.4
116.5	1027.1	1964.3	2820.4	3554.7
124.6	776.0	1898.0	2637.9	3570.6
74.1	804.9	1821.9	2657.6	3605.8
