0.0	0.0	0.0	0.0	0.0
0.0	0.0	0.0	0.0	0.0
0.0	0.0	0.0	0.0	0.0
0.0	665.7	1590.8	2481.2	3426.8
0.0	740.5	1722.3	2563.6	3474.1
0.0	829.0	1846.5	2641.6	3538.3
0.0	825.4	1750.3	2609.3	3486.7
0.0	613.4	1645.5	2635.5	3366.4
0.0	770.3	1828.2	2665.4	3453.0
0.0	771.5	1904.7	2728.7	3518.7
0.0	762.1	1621.0	2508.2	3430.0
0.0	860.6	1667.8	2516.6	3434.1
0.0	660.3	1572.1	2622.4	3416.2
0.0	613.8	1623.3	2584.3	3548.8
0.0	598.5	1523.0	2534.8	3513.6
0.0	590.0	1519.6	2530.0	3543.2
0.0	572.7	1561.8	2547.9	3597.9
0.0	399.1	1521.9	2558.3	3627.5
0.0	418.4	1476.8	2588.7	3682.2
114.4	444.9	1489.3	2584.7	3638.5
116.3	467.4	1538.0	2580.9	3709.6
117.6	460.1	1565.5	2590.4	3711.5
115.4	599.3	1585.2	2568.0	3716.2
110.1	942.6	1677.9	2683.6	3762.7
118.8	931.8	1949.1	3145.2	4191.2
0.0	833.2	1807.4	2937.7	4071.5
173.9	758.4	1746.6	2853.9	3963.5
169.0	692.6	1736.3	3015.4	4179.2
0.0	511.9	1678.7	2755.0	3706.4
324.3	1300.4	1719.5	2572.8	3701.2
93.8	964.7	1653.4	2333.1	3581.4
571.4	966.7	1604.9	2368.5	3345.0
0.0	845.1	1719.4	2519.5	3341.5
0.0	607.7	1754.8	2587.8	3388.3
0.0	641.6	1535.8	2532.0	3479.4
0.0	845.6	1690.8	2365.6	3554.0
0.0	713.7	1774.4	2285.6	3577.3
0.0	712.0	1805.5	2361.9	3555.1
0.0	628.3	1732.3	2388.4	3477.1
0.0	878.2	1630.2	2391.1	3411.2
428.6	497.2	1560.3	2342.1	3395.1
0.0	514.0	1490.9	2335.1	3426.5
127.2	515.5	1372.4	2334.8	3421.9
114.3	508.8	1310.7	2371.5	3385.2
108.1	501.0	1272.6	2410.9	3431.2
106.3	509.4	1257.0	2430.7	3435.2
105.5	493.3	1226.0	2435.2	3402.2
105.8	488.4	1201.5	2470.7	3399.1
106.1	496.1	1197.1	2478.4	3416.9
105.5	502.8	1209.2	2495.1	3427.2
103.4	504.6	1219.9	2517.3	3428.5
99.2	496.4	1241.7	2534.8	3524.4
0.0	448.3	1262.4	2573.5	3566.9
129.3	451.0	1252.6	2569.4	3559.0
137.0	427.7	1229.8	2571.2	3597.2
104.9	363.5	1207.1	2585.0	3581.7
0.0	370.0	1218.7	2576.1	3580.5
0.0	382.2	1212.4	2575.6	3656.1
103.9	435.0	1203.3	2594.5	3661.1
87.3	439.5	1183.9	2594.8	3676.1
104.0	417.3	1189.5	2582.2	3699.7
98.6	455.6	1228.3	2562.3	3640.4
99.5	484.6	1273.4	2513.2	3609.5
103.1	488.9	1316.0	2474.8	3609.4
104.0	458.6	1344.3	2417.8	3615.0
104.3	434.2	1384.1	2325.9	3595.7
101.7	403.7	1388.8	2355.8	3384.4
94.8	339.4	1533.3	2496.7	3285.4
84.5	1229.6	1527.2	2547.8	3365.1
68.0	1211.9	1461.0	2638.2	3465.3
0.0	770.9	1473.7	2447.7	3565.6
0.0	751.2	1487.1	2496.0	3715.0
0.0	742.0	1544.5	2629.9	3745.3
0.0	758.6	1522.1	2672.1	3773.6
0.0	633.1	1697.1	2659.9	3799.1
122.4	645.4	1664.2	2681.4	3718.4
73.6	782.2	1601.3	2727.1	3798.0
106.2	733.4	1608.0	2713.7	3761.4
0.0	615.0	1437.8	2577.2	3731.5
146.3	611.8	1282.9	2505.7	3818.5
142.9	575.3	1281.1	2437.3	3779.0
0.0	512.2	1305.2	2423.9	3682.2
117.9	511.9	1358.2	2380.8	3621.1
100.0	530.9	1428.8	2360.2	3550.6
99.3	551.6	1509.0	2297.7	3417.9
97.1	547.4	1555.3	2224.0	3442.0
94.2	446.3	1596.3	2164.7	3556.4
93.6	821.4	1619.4	2196.9	3625.3
87.8	783.4	1591.1	2204.6	3450.2
71.5	1035.3	1670.2	2361.4	3395.6
67.7	991.3	1749.7	2371.8	3510.5
0.0	674.0	1710.7	2260.2	3559.9
0.0	638.1	1674.4	2262.1	3459.2
0.0	569.0	1622.0	2237.1	3222.0
0.0	595.0	1544.2	2058.6	3088.7
0.0	538.7	1460.0	1919.0	3032.0
0.0	524.3	1402.2	1872.8	2974.5
96.0	470.1	1313.5	1791.1	2935.9
94.5	459.6	1232.6	1715.7	2935.7
93.0	449.4	1175.5	1690.6	2942.4
89.6	445.0	1137.9	1633.8	3005.1
88.9	439.2	1104.6	1578.8	3043.2
88.9	433.9	1081.8	1582.5	3043.8
87.6	442.8	1069.3	1608.0	3063.9
88.9	460.2	1119.2	1632.9	3052.5
90.2	460.4	1150.7	1628.9	3021.4
89.8	457.7	1170.3	1643.1	3042.4
89.5	465.5	1202.9	1683.5	2959.4
90.9	469.3	1281.1	1694.8	2897.9
92.3	491.3	1329.0	1771.2	2892.1
93.8	515.8	1341.3	1846.3	2919.8
96.0	572.1	1403.2	1935.6	2901.4
96.8	600.1	1430.7	2036.1	2943.0
98.4	614.8	1449.9	2153.2	3009.6
98.6	608.7	1493.3	2183.5	3054.3
99.4	607.6	1520.0	2239.3	3077.4
99.5	625.1	1544.9	2265.2	3127.5
100.4	627.5	1563.8	2282.8	3187.5
102.2	619.7	1577.6	2277.2	3232.8
102.9	606.2	1589.6	2313.3	3182.5
103.7	615.7	1583.3	2346.3	3168.2
103.4	608.2	1570.1	2346.8	3209.5
104.0	616.5	1581.8	2335.2	3291.9
103.4	619.9	1613.3	2336.8	3296.2
102.4	595.8	1647.6	2356.2	3303.7
101.0	572.7	1692.0	2367.1	3364.1
101.6	503.4	1742.5	2352.2	3432.3
101.1	471.2	1846.4	2324.6	3516.3
100.4	438.3	1945.6	2327.0	3591.7
99.6	413.6	2018.8	2258.1	3673.6
96.8	424.3	2070.5	2252.8	3741.5
93.2	333.7	2133.8	2305.8	3808.8
89.2	355.9	2189.8	2497.5	3684.3
87.2	415.1	2220.5	2591.6	3612.5
0.0	409.4	2233.3	2655.9	3680.9
0.0	333.5	2203.6	2777.0	3585.8
84.5	390.0	2031.1	2778.8	3358.5
81.6	456.5	2094.8	2731.5	3329.7
82.8	482.4	2089.0	2697.4	3426.9
84.5	424.0	2026.6	2661.2	3421.9
93.0	396.3	2099.2	2720.3	3503.4
93.0	465.1	2086.8	2738.6	3520.2
92.5	523.9	2062.2	2733.9	3491.6
93.6	448.4	2076.4	2716.3	3473.6
92.3	421.5	2097.0	2728.7	3463.2
91.0	402.0	2102.1	2720.6	3499.4
89.6	367.6	2076.2	2684.5	3470.7
89.3	354.7	2079.4	2677.1	3449.3
88.2	360.6	2075.9	2653.7	3428.5
87.6	361.0	2057.2	2620.1	3384.2
86.4	384.5	2041.0	2576.4	3373.0
85.2	368.5	1998.5	2532.9	3352.5
90.9	374.4	1968.2	2498.7	3268.9
79.5	384.6	1869.3	2402.4	3165.2
106.3	382.8	1802.1	2392.4	3201.6
74.9	478.6	1719.9	2411.8	3401.7
73.3	991.2	2021.4	2751.3	3557.1
0.0	877.4	1857.4	2647.8	3474.5
0.0	872.6	1852.4	2663.1	3451.9
0.0	809.4	1822.1	2658.5	3393.1
0.0	784.5	1764.1	2532.9	3406.9
0.0	1075.9	1756.1	2605.7	3408.1
0.0	1048.9	1850.3	2660.5	3462.2
0.0	731.5	1658.4	2610.2	3481.6
0.0	720.5	1551.1	2606.0	3436.6
0.0	688.9	1501.3	2455.8	3421.9
413.8	581.2	1545.1	2329.1	3394.7
0.0	639.6	1636.8	2409.8	3386.8
203.4	575.3	1601.5	2432.4	3365.7
444.4	702.0	1614.1	2461.0	3407.7
0.0	925.4	1631.1	2553.7	3402.0
363.6	681.8	1611.8	2465.8	3358.2
0.0	572.4	1643.2	2361.8	3403.4
173.9	613.2	1654.5	2368.3	3433.9
0.0	682.8	1632.8	2450.5	3452.3
118.8	651.6	1627.2	2471.6	3439.7
131.9	687.1	1622.1	2344.0	3447.6
87.0	597.9	1519.1	2352.7	3440.2
64.5	605.2	1519.1	2324.5	3290.4
106.2	607.2	1523.7	2379.2	3393.6
0.0	623.4	1539.7	2398.3	3483.8
97.6	759.2	1568.7	2435.9	3426.0
0.0	787.3	1477.0	2419.3	3414.5
