0.0	0.0	0.0	0.0	0.0
0.0	0.0	0.0	0.0	0.0
0.0	0.0	0.0	0.0	0.0
0.0	700.2	1558.0	2300.8	3367.6
0.0	731.5	1536.8	2289.1	3461.8
0.0	716.0	1526.7	2420.9	3433.7
0.0	760.8	1543.0	2563.2	3339.3
0.0	809.9	1651.8	2560.1	3301.3
0.0	865.7	1848.6	2623.0	3468.7
0.0	864.2	1752.0	2592.8	3509.4
0.0	850.0	1764.1	2579.2	3464.3
0.0	744.3	1771.7	2514.8	3464.4
0.0	560.5	1583.2	2448.6	3349.0
0.0	489.6	1766.2	2474.0	3375.9
0.0	743.7	1620.5	2468.4	3467.6
0.0	908.6	1707.5	2389.0	3336.7
0.0	836.7	1467.5	2411.8	3377.7
0.0	433.1	1423.6	2496.3	3406.6
0.0	452.6	1444.2	2505.0	3423.9
0.0	410.5	1431.3	2503.8	3428.4
0.0	416.3	1452.1	2473.7	3427.2
113.1	421.5	1435.6	2406.2	3416.6
84.3	419.9	1408.9	2328.3	3390.9
95.7	429.5	1355.0	2350.2	3383.5
95.2	582.3	1357.5	2435.9	3324.1
85.7	724.1	1480.0	2507.2	3396.2
88.1	911.8	1865.7	2583.7	3477.6
80.0	1006.3	1905.8	2652.4	3446.9
153.8	1148.5	1886.0	2711.9	3483.0
571.4	774.2	1750.0	2673.1	3514.4
0.0	801.6	1702.3	2670.6	3466.0
333.3	860.7	1599.1	2445.6	3300.5
0.0	896.4	1487.6	2443.3	3309.5
181.8	873.8	1382.5	2442.7	3310.3
0.0	872.7	1487.9	2462.2	3314.6
0.0	467.8	929.5	2352.3	3183.5
0.0	438.6	855.1	2378.5	3130.8
0.0	434.0	822.9	2406.5	3139.9
106.1	433.5	798.7	2383.0	3112.7
105.4	428.7	790.5	2356.2	3122.0
106.3	437.0	805.9	2326.1	3187.1
104.9	443.4	839.6	2284.2	3290.3
105.4	449.4	869.5	2238.7	3315.4
105.3	488.7	895.0	2249.1	3430.6
106.0	495.0	934.9	2215.9	3592.4
107.7	576.3	993.0	2188.9	3522.0
110.1	370.1	1017.4	2260.6	3456.8
109.2	397.8	1037.6	2288.7	3386.6
108.1	378.0	1063.3	2309.5	3351.1
107.1	338.9	1035.1	2339.8	3296.5
108.1	399.7	1059.8	2321.9	3214.9
108.1	396.0	1086.4	2352.3	3209.6
107.1	391.1	1061.5	2431.8	3318.1
108.1	392.3	980.2	2364.8	3219.0
108.1	561.6	961.0	2422.2	3280.2
113.2	588.7	1016.2	2416.5	3277.4
109.1	601.2	1065.1	2376.7	3299.3
109.1	601.9	1122.9	2407.6	3371.1
111.3	603.0	1178.8	2349.9	3345.7
112.9	599.1	1279.3	2292.0	3305.4
112.5	564.0	1354.2	2233.8	3271.8
113.9	511.7	1438.6	2239.1	3406.5
111.2	495.8	1577.4	2478.1	3474.2
117.7	364.0	1664.6	2612.7	3478.3
96.6	374.8	1676.3	2535.4	3462.5
106.2	895.6	1699.7	2609.5	3416.7
0.0	797.1	1639.8	2681.5	3408.9
0.0	759.0	1600.3	2695.7	3490.1
0.0	1301.8	1703.3	2911.9	3491.8
0.0	1267.2	1953.3	3063.6	3492.8
363.6	1357.0	2208.4	3184.1	3536.6
0.0	649.4	1408.9	2918.2	3378.4
0.0	685.0	1670.0	2815.7	3330.8
428.6	1056.5	1980.6	2832.3	3349.4
0.0	463.7	1820.0	2612.6	3390.9
0.0	444.8	1076.9	2481.5	3400.5
0.0	463.8	1064.1	2455.0	3417.8
111.4	516.1	1044.8	2465.5	3250.8
105.2	521.9	1006.8	2350.3	3068.5
104.9	545.4	1022.2	2457.5	3297.6
103.0	574.4	1029.4	2563.5	3427.0
103.7	600.3	1083.0	2341.7	3389.4
101.6	615.3	1097.3	2335.7	3291.4
100.9	620.9	1086.2	2493.1	3276.4
99.8	623.0	1080.1	2418.9	3269.4
99.9	628.6	1056.0	2310.3	3269.4
98.5	614.0	1018.9	2284.7	3256.0
96.9	601.4	991.0	2271.8	3240.4
97.0	576.6	979.4	2257.2	3287.6
97.0	584.7	970.2	2370.4	3347.2
96.6	554.9	976.5	2409.5	3365.5
97.6	553.7	985.7	2498.8	3455.5
97.7	478.9	976.3	2447.9	3369.4
98.4	489.6	978.5	2440.8	3361.2
98.4	641.9	1026.3	2418.4	3456.3
96.0	358.7	1025.1	2309.2	3269.0
95.2	345.7	1078.5	2202.6	3347.2
95.2	362.3	1167.1	2056.3	3259.7
94.6	467.4	1266.2	1979.1	3191.6
96.3	462.2	1313.3	1950.4	3230.3
94.7	476.7	1343.8	1957.2	3349.0
93.5	468.3	1396.1	2513.1	3355.0
93.4	469.1	1426.7	2643.8	3415.5
93.9	469.0	1410.2	2584.4	3393.6
95.2	469.2	1320.7	2522.2	3401.1
95.1	287.8	1282.1	2543.1	3436.3
94.5	287.0	1287.6	2568.4	3439.3
91.5	390.8	1310.0	2603.6	3400.5
272.7	581.1	1392.4	2613.5	3412.2
90.4	461.4	1357.3	2617.5	3517.2
91.9	459.3	1325.2	2631.6	3440.9
89.9	454.3	1275.2	2603.9	3319.3
89.5	362.3	1063.9	2278.6	3372.6
87.6	304.4	1079.5	2241.6	3458.6
86.3	299.1	1071.7	2242.6	3464.9
571.4	293.6	1071.7	2259.5	3359.2
87.6	331.6	1084.2	2235.5	3329.0
87.6	292.3	1032.9	2267.9	3412.4
87.6	295.0	962.2	2200.1	3432.6
0.0	314.5	967.3	2125.3	3490.4
88.2	309.5	966.0	2045.2	3384.0
0.0	480.5	1281.6	2158.5	3219.0
88.2	479.8	1386.8	1681.0	3225.8
92.3	510.4	1476.6	1921.0	3056.9
89.6	546.5	1462.1	2254.3	3084.6
90.2	546.4	1360.7	1992.8	3043.5
91.6	533.2	1224.7	1803.4	3062.1
93.8	535.4	1160.8	1850.2	3086.6
92.3	556.5	1089.4	1652.0	3053.6
95.2	566.8	1056.4	1523.1	3054.3
94.5	541.5	1061.5	1542.1	3085.7
94.5	546.3	1076.1	1603.3	3089.7
95.2	528.7	1100.0	1610.5	3033.4
99.2	526.2	1224.1	1721.9	2933.7
99.2	534.4	1315.0	1831.0	2987.0
101.7	551.0	1388.2	1981.0	3202.7
102.7	555.4	1501.0	2327.7	3238.7
103.6	555.6	1578.5	2435.2	3283.5
103.9	556.4	1623.2	2552.8	3298.0
103.7	580.8	1710.6	2626.6	3298.2
103.6	602.5	1776.3	2689.9	3439.0
104.7	605.3	1805.8	2665.0	3473.8
106.4	553.1	1871.7	2655.6	3468.0
107.2	584.2	1899.0	2681.4	3530.4
108.2	592.8	1851.4	2693.4	3477.3
107.3	636.7	1834.9	2659.9	3288.5
108.0	438.7	1888.8	2631.6	3255.9
107.5	411.6	1819.0	2576.3	3219.0
107.2	403.5	1642.8	2496.1	3241.8
106.5	382.1	1465.5	2393.6	3294.7
106.2	326.4	1016.5	2286.2	2953.6
104.3	331.4	1039.2	2256.3	2814.8
105.3	319.8	1012.8	2272.9	2924.5
106.3	324.7	1012.7	2339.4	3148.4
108.1	327.2	995.1	2408.8	3110.5
103.4	327.8	1249.3	2435.1	3127.8
106.2	780.9	1522.7	2515.5	3434.8
104.3	770.7	1738.4	2598.7	3531.8
100.8	891.2	1900.9	2524.7	3556.7
99.2	711.8	1533.4	2360.1	3474.5
93.8	844.6	1574.6	2540.5	3480.1
0.0	1109.4	1653.7	2753.7	3536.3
0.0	803.5	1131.8	2695.2	3605.7
0.0	944.3	1155.5	2547.8	3461.7
428.6	766.7	1040.6	2277.4	3357.0
428.6	633.4	989.0	2219.4	3336.5
0.0	420.1	964.2	2218.8	3226.2
0.0	493.3	947.5	2196.2	3211.9
0.0	490.4	986.7	2185.4	3148.3
0.0	503.6	1012.1	2200.7	3208.4
92.4	517.7	1027.5	2196.6	3210.5
93.2	581.5	1050.9	2231.3	3244.9
92.6	635.7	1092.6	2236.6	3275.2
94.1	634.2	1140.5	2252.1	3299.2
94.3	638.4	1212.4	2254.9	3316.8
94.8	642.0	1288.4	2225.7	3361.1
95.0	652.9	1333.6	2225.4	3368.7
96.4	604.7	1385.5	2206.2	3419.5
97.6	570.6	1434.8	2172.5	3475.6
99.1	579.9	1480.2	2264.4	3458.9
101.2	545.5	1505.4	2467.3	3490.7
102.0	513.7	1466.8	2358.4	3471.1
101.7	418.4	1461.9	2229.9	3380.3
97.7	419.2	1541.2	2426.4	3562.4
103.1	438.1	1602.4	2490.3	3553.8
103.3	459.4	1637.8	2515.5	3505.7
102.6	458.9	1670.8	2495.1	3496.5
104.4	446.9	1684.7	2523.8	3509.7
103.4	444.4	1676.0	2544.5	3542.8
104.1	398.4	1657.7	2499.9	3564.1
102.6	360.8	1591.0	2390.3	3559.4
104.3	285.7	1524.9	2446.6	3528.9
86.8	266.4	1551.4	2447.5	3436.2
97.8	300.3	1533.5	2483.9	3432.7
95.9	316.7	1513.3	2530.4	3465.3
104.1	275.1	1508.2	2554.3	3464.4
94.9	296.6	1509.0	2459.9	3500.9
102.6	263.4	1499.8	2384.0	3368.9
92.3	369.3	1494.3	2620.5	3568.1
100.8	240.2	1517.8	2602.6	3628.6
100.8	632.3	1583.7	2606.1	3418.6
118.8	423.0	1576.8	2656.6	3561.9
0.0	489.2	1562.6	2679.4	3649.5
0.0	518.8	1556.0	2688.5	3625.4
98.7	567.1	1559.6	2647.9	3554.6
97.5	611.8	1553.7	2585.5	3494.9
96.0	594.3	1572.8	2477.1	3517.7
94.9	584.4	1588.5	2546.2	3490.3
93.1	576.7	1572.9	2570.0	3485.8
91.3	570.6	1563.7	2398.9	3450.9
90.6	584.0	1579.4	2422.1	3462.9
88.8	595.7	1571.5	2416.7	3507.2
88.1	604.9	1562.6	2490.4	3470.7
86.3	602.8	1535.0	2499.6	3386.4
84.8	585.9	1424.9	2515.9	3457.1
83.2	583.4	1337.1	2538.5	3409.0
83.0	598.8	1280.8	2380.3	3387.9
82.1	597.1	1228.7	2246.4	3327.7
82.8	595.1	1165.6	2303.8	3318.9
82.2	572.1	1176.6	2147.9	3256.6
81.2	559.3	1173.5	2277.3	3179.4
83.0	447.3	1183.5	2228.8	2938.6
83.3	329.0	1210.3	2367.4	3050.2
83.3	299.8	1234.5	2368.7	3139.0
80.5	453.7	1352.7	2326.4	3074.6
88.2	528.9	1389.3	2782.5	3417.1
107.1	527.3	1411.4	2637.2	3246.9
0.0	547.1	1416.9	2436.1	3354.9
0.0	665.5	1386.8	2537.9	3522.4
164.4	663.2	1419.2	2475.6	3387.6
164.7	517.1	1528.8	2448.6	3253.2
0.0	543.3	1640.7	2533.6	3242.3
