0.0	0.0	0.0	0.0	0.0
0.0	0.0	0.0	0.0	0.0
0.0	0.0	0.0	0.0	0.0
0.0	765.8	1552.4	2426.9	3298.8
0.0	967.2	1827.2	2647.8	3452.2
0.0	899.6	1803.6	2651.0	3383.1
0.0	843.7	1670.7	2455.7	3308.9
0.0	879.6	1686.7	2476.0	3378.3
0.0	911.9	1696.5	2663.5	3368.2
0.0	972.6	1701.7	2656.1	3362.3
0.0	929.5	1677.8	2622.0	3463.2
0.0	636.6	1694.2	2587.9	3491.4
0.0	666.8	1801.1	2617.3	3458.0
0.0	700.7	1750.6	2556.8	3388.4
0.0	823.7	1725.2	2579.0	3330.8
0.0	1034.8	1865.8	2648.8	3416.4
0.0	775.1	1731.2	2667.9	3433.1
0.0	352.4	1815.4	2741.3	3513.0
0.0	729.7	1968.6	2768.0	3481.8
307.7	1118.5	2082.4	2768.7	3457.8
0.0	1412.0	2403.2	2902.5	3494.5
0.0	941.4	2199.5	2878.7	3549.5
0.0	639.6	2183.8	2861.4	3565.6
0.0	561.3	2197.9	2813.6	3449.9
500.0	663.6	2096.3	2788.5	3514.3
169.0	819.9	2065.6	2760.7	3490.0
0.0	733.2	1927.2	2724.4	3359.7
142.9	459.6	1875.3	2663.9	3452.1
0.0	515.8	1812.8	2516.5	3494.7
152.5	586.5	1715.7	2479.9	3451.4
145.6	658.0	1645.5	2460.0	3362.5
136.7	696.8	1562.2	2518.3	3271.8
133.5	717.8	1446.6	2572.6	3180.9
132.2	730.8	1319.4	2652.6	3173.8
130.1	733.1	1224.7	2711.6	3234.8
128.7	707.5	1156.4	2742.9	3294.9
127.2	657.8	1067.7	2745.9	3306.1
126.1	616.6	969.0	2739.3	3294.7
125.4	525.5	888.1	2713.6	3276.4
125.0	483.3	876.0	2657.1	3258.7
121.2	492.7	913.6	2588.2	3288.9
118.5	544.5	911.7	2512.4	3324.2
118.8	501.5	952.7	2428.2	3345.4
121.3	403.1	1062.6	2368.0	3393.3
121.2	407.4	1249.6	2331.5	3469.7
122.4	377.8	1505.1	2329.7	3538.5
123.5	356.1	1743.3	2309.8	3583.3
122.7	337.6	1930.4	2326.1	3619.1
122.8	397.5	2072.1	2383.1	3642.7
123.7	377.4	2126.6	2494.6	3669.7
122.6	432.7	2117.1	2561.8	3652.1
121.7	419.8	2031.3	2622.0	3634.0
122.7	398.8	1841.0	2581.4	3580.8
104.6	899.0	1801.0	2682.6	3580.5
0.0	897.0	1762.0	2673.7	3479.4
0.0	846.5	1736.8	2609.0	3500.2
0.0	755.3	1776.4	2566.3	3595.7
0.0	995.6	2034.9	2765.3	3654.5
0.0	1011.0	2097.0	2883.6	3679.4
500.0	855.2	2060.6	2927.4	3587.1
179.1	659.9	2048.4	2923.6	3463.4
0.0	784.6	2079.8	2895.4	3407.7
0.0	449.6	2264.8	2846.4	3563.5
0.0	366.0	2274.5	2795.8	3669.8
162.6	314.6	2261.5	2735.0	3622.8
156.1	312.9	2270.6	2737.7	3616.5
153.6	307.6	2279.2	2746.9	3630.4
153.4	307.5	2277.2	2773.0	3637.4
152.6	311.9	2247.2	2796.4	3656.1
153.1	312.3	2211.6	2821.7	3712.6
155.3	318.6	2126.7	2744.5	3739.4
155.7	420.3	2027.2	2632.9	3739.7
148.8	746.1	1681.7	2653.9	3590.2
72.8	881.2	1810.5	2815.1	3578.2
139.5	856.2	2041.4	2890.5	3708.5
0.0	824.1	2077.4	2873.1	3775.9
0.0	1074.9	2181.0	2849.6	3730.2
0.0	879.2	2201.6	2844.2	3676.8
0.0	652.3	2036.9	2736.8	3581.2
260.9	767.2	1950.4	2686.9	3527.8
300.0	543.9	1877.1	2655.6	3521.8
0.0	536.5	1797.4	2568.3	3478.3
177.5	568.8	1713.9	2542.4	3453.2
170.0	599.2	1620.7	2528.3	3363.0
169.6	582.0	1473.6	2516.5	3305.3
165.8	532.9	1373.0	2423.7	3379.3
160.6	348.8	1367.1	2395.2	3454.2
164.5	326.5	1363.1	2784.4	3522.4
162.2	325.6	1338.0	2868.2	3576.8
162.2	333.8	1300.5	2826.1	3579.4
163.9	332.0	1351.2	2845.6	3574.6
164.5	327.8	1263.2	2401.8	3001.3
164.1	374.6	2091.2	2794.6	3647.7
157.9	1025.6	2316.5	3058.2	3756.4
77.9	899.4	2088.7	2993.1	3796.8
0.0	996.5	1946.9	2928.0	3838.4
203.4	1002.7	1877.8	2887.9	3776.7
0.0	949.2	1744.6	2914.4	3777.2
428.6	867.6	1778.1	2918.2	3835.0
363.6	1003.5	1995.0	3012.9	3905.4
108.1	768.6	1728.8	2885.7	3874.2
375.0	642.9	1452.4	2807.2	3843.7
571.4	611.2	1348.4	2770.1	3755.7
0.0	602.4	1317.0	2815.1	3680.8
177.7	654.3	1331.0	2816.3	3582.8
173.6	669.9	1334.3	2835.5	3531.7
167.1	675.0	1308.0	2875.8	3527.7
163.7	690.1	1276.3	2902.6	3554.5
163.1	693.0	1257.8	2938.3	3568.6
164.8	692.9	1268.8	2954.2	3563.2
165.2	706.3	1274.5	2966.2	3560.4
165.6	698.6	1273.4	2967.9	3558.1
166.2	698.1	1251.8	2977.2	3559.4
167.1	680.2	1209.5	2959.8	3528.9
168.7	655.9	1195.4	2852.1	3496.6
170.6	619.4	1206.6	2681.2	3493.9
166.7	355.0	1100.2	2657.2	3482.9
178.4	388.5	1103.2	2691.0	3458.3
179.2	350.9	1210.8	2732.5	3460.7
184.2	329.4	1398.4	2750.6	3505.1
186.2	336.3	1461.5	2730.3	3490.4
187.5	314.1	1388.1	2660.5	3490.2
187.5	319.7	1346.9	2642.6	3502.6
190.5	648.5	1566.0	2623.4	3539.6
190.2	446.3	1427.9	2539.0	3435.3
187.3	456.8	1351.4	2363.7	3355.5
190.5	603.4	1584.0	2535.4	3483.3
179.1	598.1	1671.9	2640.2	3540.2
91.6	923.7	1709.1	2449.8	3520.5
91.6	941.2	1705.2	2507.2	3491.8
0.0	570.4	1533.8	2605.5	3445.5
0.0	865.8	1593.4	2681.0	3413.8
0.0	947.9	1623.7	2689.5	3401.3
0.0	924.9	1620.5	2745.8	3481.2
0.0	942.2	1592.8	2717.0	3474.5
0.0	921.4	1686.6	2722.4	3506.0
0.0	856.5	1632.9	2598.2	3443.4
0.0	845.8	1575.1	2577.5	3238.1
0.0	731.8	1605.2	2766.5	3302.6
0.0	762.2	1643.6	2779.7	3407.9
315.8	974.2	1625.6	2728.6	3431.6
0.0	954.7	1630.9	2614.7	3513.7
