0.0	0.0	0.0	0.0	0.0
0.0	0.0	0.0	0.0	0.0
0.0	0.0	0.0	0.0	0.0
0.0	788.4	1727.8	2464.7	3084.7
0.0	793.2	1722.1	2539.3	3238.3
0.0	810.8	1680.9	2573.2	3203.5
544.8	811.9	1676.3	2564.1	3339.0
0.0	785.8	1662.8	2548.7	3529.5
0.0	773.8	1577.5	2606.6	3470.8
0.0	724.5	1556.0	2577.3	3375.7
0.0	894.8	1747.2	2590.0	3392.7
0.0	961.2	1754.3	2597.5	3325.6
0.0	880.6	1718.5	2676.5	3322.1
0.0	910.7	1787.7	2646.7	3426.7
0.0	824.5	1760.6	2443.8	3342.7
0.0	630.6	1834.6	2422.4	3326.6
0.0	499.9	1929.6	2462.9	3342.2
0.0	475.9	1806.7	2437.3	3215.1
0.0	454.3	1257.1	2303.4	2659.6
211.3	462.4	1567.7	2374.1	3017.5
70.7	506.5	1611.3	2494.8	3119.9
0.0	530.3	1641.8	2632.0	3499.6
120.9	592.2	1684.7	2620.2	3320.6
122.1	620.0	1633.2	2459.4	2985.5
124.4	682.8	1549.2	2553.4	3198.2
126.2	703.9	1500.5	2557.8	3205.1
128.3	723.4	1413.5	2638.6	3214.5
129.5	742.5	1354.0	2782.3	3304.3
132.3	737.6	1320.3	2830.5	3304.5
134.9	719.8	1256.7	2826.3	3435.9
137.0	686.9	1208.6	2814.9	3500.6
139.2	677.2	1154.5	2865.1	3425.3
140.2	642.7	1101.6	2819.9	3406.8
140.7	598.0	1015.6	2591.8	3403.2
140.7	517.0	984.0	2191.3	3329.6
140.7	477.4	1019.6	2138.9	3345.1
141.6	473.5	1092.4	2109.2	3308.1
141.2	523.3	1175.2	2246.6	3298.8
138.4	550.8	1352.8	2409.4	3313.8
137.4	568.1	1494.7	2480.0	3371.3
136.3	555.5	1616.4	2507.1	3439.4
136.1	565.1	1699.8	2467.0	3429.4
134.1	547.7	1755.5	2462.6	3454.1
134.2	515.1	1789.3	2450.5	3474.6
134.5	489.5	1803.1	2440.1	3451.3
132.7	454.8	1755.8	2376.7	3477.3
132.8	400.3	1588.8	2306.2	3460.2
131.9	379.0	1469.0	2280.6	3447.4
130.4	343.8	1459.4	2273.8	3435.6
124.1	353.4	1560.1	2296.1	3458.3
121.5	364.1	1712.6	2336.6	3473.5
120.4	370.7	1829.8	2414.6	3468.0
119.5	371.9	1884.5	2490.4	3474.0
118.7	375.3	1857.3	2496.5	3466.5
118.4	360.1	1764.3	2476.6	3430.2
113.8	402.1	1638.4	2447.9	3363.8
107.3	880.3	1568.2	2436.9	3439.8
102.8	218.1	1546.7	2428.6	3511.6
100.9	397.1	1541.6	2471.1	3545.4
0.0	400.6	1615.4	2491.5	3426.8
0.0	413.6	1670.9	2547.5	3277.4
0.0	453.2	1710.5	2577.3	3299.2
101.1	454.9	1726.6	2589.5	3366.3
108.9	458.0	1741.8	2588.6	3372.9
103.3	459.9	1739.4	2578.2	3389.9
103.0	451.4	1718.2	2559.9	3356.9
102.0	417.4	1676.3	2575.1	3238.8
102.8	492.2	1628.3	2503.6	3175.0
99.9	226.3	1558.2	2439.7	3098.0
95.1	603.6	1561.3	2440.1	2963.3
197.2	457.1	1526.4	1812.2	2699.7
93.8	505.6	1403.3	1799.4	2764.7
215.9	340.7	1292.9	1887.6	2796.9
0.0	367.7	1306.3	1918.5	2896.3
0.0	352.9	1231.8	1908.4	2928.4
85.1	418.6	1221.7	1885.4	2943.9
107.9	382.4	1245.0	1914.1	2958.7
100.5	371.8	1314.0	1922.7	3001.3
103.5	362.6	1423.6	1937.0	2982.0
105.7	362.3	1505.6	1959.9	2967.1
106.6	370.9	1590.0	2032.7	2938.0
107.9	375.8	1690.0	2062.3	2982.3
109.7	375.2	1716.6	2112.2	3059.0
110.6	379.4	1757.6	2215.6	3140.5
110.6	388.6	1773.7	2213.6	3100.8
111.4	451.4	1747.6	2220.1	3090.0
111.6	432.7	1671.7	2267.5	3303.2
110.4	446.8	1474.9	2443.2	3347.1
109.1	462.1	1327.1	2519.6	3385.8
107.6	475.4	1203.7	2548.7	3396.5
106.1	470.1	1129.1	2508.3	3427.3
104.2	463.3	1068.1	2537.7	3421.3
103.4	457.6	1040.4	2571.6	3375.9
102.2	435.8	987.8	2600.5	3488.8
101.0	424.3	975.9	2617.9	3597.6
100.5	423.0	974.7	2631.7	3509.9
99.2	460.6	986.1	2657.3	3424.0
98.9	556.7	1046.6	2696.7	3359.6
97.5	586.9	1093.7	2714.2	3331.7
96.7	588.8	1128.4	2704.0	3462.8
90.9	607.6	1145.8	2687.6	3538.9
90.0	604.7	1174.2	2631.3	3562.5
89.6	612.3	1203.2	2623.4	3596.0
88.7	615.7	1211.7	2583.0	3607.0
90.1	620.0	1208.9	2515.7	3560.5
86.9	624.0	1261.3	2493.2	3621.3
85.8	601.2	1306.1	2444.6	3578.5
86.0	625.8	1338.7	2424.9	3454.2
85.8	616.8	1408.1	2387.5	3532.5
82.2	610.8	1422.9	2385.0	3609.6
84.8	593.4	1452.9	2408.4	3487.4
83.5	556.4	1481.9	2436.1	3387.5
84.1	542.1	1507.2	2465.8	3311.7
85.5	523.2	1535.1	2610.5	3346.7
85.0	467.9	1536.4	2609.7	3514.4
85.1	426.8	1539.5	2622.1	3507.1
85.6	386.8	1520.8	2643.0	3564.0
84.3	406.8	1510.0	2697.9	3716.3
82.8	482.7	1565.3	2737.2	3712.1
82.8	500.9	1938.6	2910.9	3640.0
0.0	716.2	2054.8	3057.8	3899.8
91.6	770.1	1831.9	2988.4	4022.8
240.0	736.8	1898.7	2883.8	4043.5
0.0	653.2	1550.8	2586.2	3631.6
0.0	565.9	1388.0	2571.3	3647.3
428.6	446.5	1347.8	2570.5	3610.1
98.4	443.1	1338.2	2583.2	3572.9
81.0	450.9	1310.3	2594.4	3545.1
81.2	442.0	1256.0	2587.5	3429.9
80.4	510.9	1210.0	2552.3	3425.1
0.0	482.2	1121.9	2572.0	3561.1
63.5	478.9	1088.8	2644.6	3721.7
0.0	586.7	1053.6	2687.3	3819.6
0.0	491.3	935.0	2671.5	3807.8
0.0	441.5	910.2	2683.5	3822.5
67.5	456.7	938.5	2635.8	3741.7
107.0	461.3	919.8	2677.2	3549.4
0.0	525.0	957.2	2766.8	3695.6
96.9	564.0	1014.9	2788.4	3644.1
97.7	591.2	1088.5	2700.6	3404.8
97.5	585.2	1180.2	2679.0	3442.6
97.6	595.2	1289.1	2670.2	3350.1
98.0	592.4	1376.4	2636.7	3337.7
98.2	577.6	1469.3	2581.0	3378.1
98.7	548.3	1545.9	2519.8	3333.8
98.9	522.5	1619.5	2478.6	3390.8
98.4	492.4	1669.7	2485.1	3337.7
98.5	473.4	1649.1	2462.6	3333.7
98.9	466.9	1594.4	2322.0	3406.5
98.0	499.8	1549.7	2420.3	3423.7
95.7	742.0	1715.7	2466.8	3531.0
97.6	979.0	1742.4	2441.6	3563.0
99.2	989.5	1732.9	2483.7	3460.1
144.6	1006.7	1736.7	2580.6	3518.9
0.0	977.2	1564.1	2507.9	3546.0
571.4	921.8	1609.2	2516.7	3403.9
125.0	691.4	1682.0	2579.4	3349.7
0.0	922.3	1701.8	2640.2	3467.0
0.0	935.0	1845.1	2667.1	3534.6
0.0	845.6	1946.8	2491.6	3529.4
222.2	922.9	2078.5	2618.1	3607.1
0.0	803.5	1854.9	2505.6	3456.8
0.0	480.1	1834.9	2455.0	3468.0
0.0	490.9	1764.7	2435.1	3333.7
0.0	506.5	1675.4	2364.6	3113.8
92.5	632.4	1444.5	2370.6	2744.2
86.8	701.8	1494.2	2427.3	2811.8
87.2	591.1	1381.3	2388.0	2638.0
85.7	490.7	1386.6	2290.2	2564.8
84.0	412.5	1263.8	2170.4	2929.0
83.7	226.3	1165.9	2119.0	3120.5
85.7	225.7	1289.2	2156.3	3159.0
78.9	207.4	1377.9	2292.7	3321.7
72.7	422.2	1561.2	2241.7	3275.7
0.0	435.0	1823.3	2209.4	3232.5
0.0	394.9	1977.7	2354.4	3299.7
0.0	352.8	2015.9	2482.0	3447.1
98.1	347.8	2034.5	2503.7	3463.3
84.0	369.2	2021.9	2463.9	3430.6
87.9	308.7	1920.1	2382.6	3419.0
86.8	200.0	1781.0	2486.6	3314.2
76.9	266.8	1703.1	2698.7	3401.8
85.1	726.0	1773.1	2608.9	3486.9
0.0	605.0	1747.5	2559.8	3417.3
111.1	744.5	1641.0	2661.9	3461.0
0.0	894.5	1798.3	2676.0	3488.1
0.0	1147.6	1828.2	2797.5	3451.2
0.0	1017.1	1788.5	2709.3	3476.8
0.0	940.3	1737.8	2669.0	3466.0
0.0	803.3	1750.1	2711.2	3467.1
0.0	718.2	1745.8	2777.7	3495.9
0.0	865.3	1674.9	2589.8	3305.6
333.3	845.8	1671.0	2600.5	3481.5
171.4	717.2	1620.3	2606.9	3488.3
116.5	582.6	1474.6	2570.4	3439.9
0.0	525.3	1416.7	2555.9	3349.4
0.0	565.5	1393.3	2523.8	3322.7
91.8	575.2	1354.6	2477.8	3225.0
82.9	589.1	1315.8	2477.9	3402.0
75.6	607.2	1272.8	2520.7	3413.2
75.7	613.1	1251.6	2525.1	3297.4
73.4	616.1	1245.0	2587.2	3216.2
68.7	615.2	1243.5	2599.1	3280.3
67.9	618.5	1224.1	2516.1	3220.5
0.0	604.6	1191.9	2456.2	3208.5
190.8	606.1	1166.3	2460.8	3417.7
73.5	721.9	1185.6	2497.9	3454.1
0.0	617.5	1141.9	2413.3	3401.7
0.0	643.5	1140.1	2361.9	3325.2
75.1	694.8	1154.2	2370.7	3345.0
0.0	893.8	1617.9	2444.0	3370.9
0.0	971.0	1656.9	2566.1	3402.9
0.0	880.3	1410.1	2521.0	3316.6
0.0	865.7	1579.5	2419.1	3292.1
176.5	979.2	1560.1	2399.6	3375.2
171.4	1083.5	1660.7	2537.3	3345.5
0.0	980.5	1725.4	2570.7	3311.9
0.0	954.8	1606.8	2534.4	3396.4
0.0	1124.2	1661.5	2550.3	3515.2
0.0	1114.9	1572.3	2512.3	3375.5
0.0	1082.4	1426.1	2468.0	3272.3
0.0	804.2	1436.2	2473.9	3398.9
127.7	750.2	1331.8	2502.7	3534.8
0.0	724.2	1334.2	2389.9	3463.6
0.0	759.1	1354.0	2368.4	3341.7
0.0	820.6	1427.4	2477.9	3428.5
0.0	822.5	1389.9	2352.9	3457.2
69.4	717.5	1247.9	2384.9	3401.0
218.2	771.0	1422.6	2395.2	3446.4
250.0	766.8	1476.9	2398.0	3516.7
521.7	739.4	1389.9	2408.8	3444.4
0.0	816.3	1279.3	2352.9	3506.5
285.7	799.0	1282.8	2266.3	3501.4
235.3	754.5	1360.7	2240.1	3426.0
480.0	697.8	1287.8	2233.6	3473.7
0.0	789.5	1219.6	2125.1	3476.2
571.4	822.0	1243.1	2075.0	3392.1
0.0	652.5	1237.6	2236.0	3357.4
144.6	622.8	1222.1	2283.4	3433.6
255.3	749.4	1294.1	2322.1	3407.7
