0.0	0.0	0.0	0.0	0.0
0.0	0.0	0.0	0.0	0.0
0.0	0.0	0.0	0.0	0.0
0.0	724.2	1560.1	2431.8	3411.3
0.0	766.4	1743.5	2526.3	3460.5
0.0	831.0	1811.1	2654.6	3515.5
0.0	574.3	1798.0	2592.7	3431.3
0.0	636.1	1778.2	2628.7	3446.5
0.0	640.8	1768.7	2636.1	3372.9
0.0	778.6	1778.7	2552.2	3397.3
0.0	997.2	1796.1	2617.3	3521.5
0.0	963.8	1717.9	2606.7	3454.9
0.0	644.2	1576.1	2597.2	3437.3
0.0	621.6	1616.5	2543.7	3478.9
0.0	579.2	1657.6	2505.9	3434.8
0.0	634.2	1678.5	2481.9	3365.0
0.0	721.8	1907.3	2409.5	3164.9
0.0	642.7	1966.7	2481.2	3130.5
0.0	470.0	2086.1	2590.6	2985.6
0.0	508.8	2273.0	2651.2	3048.1
0.0	366.8	2297.2	2818.0	3258.9
0.0	391.5	2275.8	2805.0	3597.8
150.3	370.2	2307.2	2723.1	3409.5
150.9	368.7	2350.6	2711.6	3298.7
152.3	362.5	2335.3	2662.5	3276.9
152.1	401.4	2261.5	2554.3	3076.8
150.8	448.6	2235.9	2536.5	3006.3
148.4	494.0	2222.5	2492.5	2898.0
148.4	455.3	2162.8	2588.6	2901.1
148.2	467.3	2140.3	2727.6	3364.3
147.7	503.0	2090.6	2714.9	3293.1
145.5	541.4	2000.0	2704.0	3176.7
145.2	535.1	1972.6	2706.6	3178.8
144.0	501.6	1955.5	2685.3	3096.7
143.7	496.4	1887.3	2677.7	3272.9
142.7	546.1	1828.1	2661.6	3384.7
347.5	293.6	1817.0	2597.5	3353.7
68.2	293.6	1740.7	2593.6	3421.8
68.1	284.4	1723.1	2636.9	3398.2
133.5	349.4	1654.9	2510.1	3268.2
131.9	351.2	1514.4	2398.7	3169.3
0.0	372.3	1739.9	2463.4	3044.3
150.3	371.6	1724.0	2331.4	2808.7
150.7	287.4	1768.8	2368.1	3328.7
147.7	586.8	1790.1	2615.0	3456.4
154.8	620.3	1805.0	2682.9	3488.4
151.5	631.2	1777.7	2643.0	3579.6
154.1	635.2	1756.7	2551.9	3593.7
158.5	631.4	1739.1	2540.4	3540.5
162.5	617.8	1698.9	2308.6	3409.9
167.1	587.1	1588.2	2190.5	3347.7
168.5	525.5	1396.0	2055.2	3266.5
166.4	479.6	1306.7	1977.6	3180.8
163.1	486.6	1164.7	2085.5	3308.7
157.9	506.2	1349.5	2233.1	3323.2
160.0	518.4	1380.1	2293.4	3307.2
163.9	500.0	1237.9	2079.8	3241.6
166.7	487.6	1206.6	1752.0	3176.3
167.2	471.3	1255.8	1688.3	3117.4
165.6	476.2	1280.0	1671.5	3089.1
162.8	483.5	1290.6	1688.3	3082.4
161.0	475.9	1318.8	1738.8	3063.2
153.8	485.4	1321.8	1772.2	3103.0
149.2	546.1	1579.7	2071.0	3313.7
139.9	842.1	1643.1	2402.0	3381.5
126.2	740.6	1675.0	2496.2	3369.4
63.8	778.9	1735.1	2527.3	3374.5
0.0	791.8	1726.3	2564.3	3458.5
0.0	936.8	1973.0	2622.1	3529.6
400.0	902.9	1764.3	2562.1	3404.1
375.0	830.2	1743.3	2550.6	3398.9
0.0	844.9	1845.9	2679.9	3490.2
0.0	823.9	1849.9	2621.2	3520.1
0.0	812.4	1824.0	2562.2	3386.8
0.0	781.1	1770.6	2570.1	3384.0
0.0	593.9	1677.0	2444.2	3367.2
324.3	534.3	1593.4	2425.6	3488.4
170.6	564.1	1508.4	2424.9	3590.3
164.3	604.2	1449.9	2400.6	3638.4
161.0	628.1	1399.0	2409.1	3615.2
160.4	645.6	1308.3	2412.7	3543.3
159.7	633.7	1189.7	2426.7	3588.3
157.3	630.4	1126.5	2424.3	3552.1
156.5	635.1	1112.9	2416.7	3560.5
156.6	618.2	1076.8	2406.1	3592.5
157.3	625.4	1102.3	2401.7	3594.1
157.3	574.7	1081.9	2444.3	3545.7
157.3	537.6	1104.0	2442.0	3401.4
154.5	553.0	1251.2	2564.4	3444.8
142.2	610.0	1774.0	2773.3	3578.6
73.4	708.7	1711.8	2689.9	3494.7
63.5	858.1	1704.9	2641.8	3408.9
0.0	810.0	1797.8	2613.2	3510.9
0.0	853.2	1752.6	2622.2	3610.9
0.0	853.8	1674.2	2667.6	3531.8
0.0	854.0	1643.7	2567.9	3372.4
0.0	854.3	1673.3	2590.4	3497.9
0.0	789.2	1588.4	2506.7	3494.9
0.0	849.1	1572.5	2505.8	3467.7
0.0	808.9	1478.7	2496.4	3570.4
279.1	540.0	1512.0	2540.9	3648.9
0.0	469.5	1510.3	2573.0	3598.2
139.2	474.1	1522.6	2586.1	3498.1
132.9	645.8	1543.3	2643.5	3440.4
125.3	268.4	1521.4	2483.0	3351.0
63.5	263.9	1731.3	2535.1	3396.4
63.5	277.8	1689.6	2616.2	3447.7
0.0	882.5	1600.8	2662.5	3467.1
0.0	1154.5	1700.3	2670.6	3435.2
0.0	740.2	1705.6	2692.5	3474.6
0.0	972.3	1874.8	2926.2	3655.1
500.0	958.4	1875.5	2825.4	3598.8
0.0	827.8	1887.4	2756.0	3617.2
0.0	796.4	1907.0	2738.6	3659.2
244.9	503.3	1811.3	2658.1	3559.2
0.0	467.3	1872.0	2609.7	3444.8
149.8	457.0	1887.4	2551.3	3378.2
147.2	463.5	1906.8	2507.5	3430.1
148.6	461.9	1944.0	2490.1	3480.8
149.5	450.5	1957.2	2368.6	3526.4
148.7	446.0	1992.1	2312.1	3547.7
147.5	423.2	2026.2	2295.4	3593.1
143.5	458.6	2022.4	2399.8	3440.8
135.2	571.9	1823.5	2274.0	3371.8
69.8	981.1	1895.1	2304.4	3430.4
69.4	864.1	1927.2	2442.8	3404.1
120.6	257.1	1968.1	2314.8	3314.1
0.0	713.6	2048.7	2356.4	3241.8
417.2	1039.2	2000.7	2567.3	3331.9
425.8	1119.9	1880.6	2602.2	3357.6
70.5	572.8	1778.3	2541.8	3440.4
0.0	415.1	1695.8	2498.2	3551.0
0.0	438.9	1571.3	2387.1	3727.3
150.5	413.9	1398.9	2356.1	3766.7
144.2	388.2	1315.8	2384.6	3756.2
136.0	406.7	1300.0	2363.7	3691.3
134.9	416.7	1278.1	2344.1	3706.0
134.9	440.6	1298.5	2353.8	3733.2
134.0	455.5	1326.4	2371.9	3715.2
133.9	476.7	1351.2	2334.6	3631.9
133.5	502.6	1404.1	2357.8	3499.2
132.4	511.7	1421.3	2320.0	3502.2
132.2	499.6	1417.8	2312.4	3476.2
131.1	497.9	1425.1	2311.5	3476.9
131.0	495.8	1422.1	2281.0	3531.4
130.2	500.6	1363.5	2234.6	3533.6
130.5	467.5	1292.4	2348.5	3604.5
130.0	444.3	1194.5	2414.6	3650.8
129.5	455.5	1084.1	3084.7	3616.9
129.6	429.2	1039.5	2446.9	3642.2
130.2	447.2	1054.4	2386.9	3646.8
130.8	433.5	1092.3	2342.9	3690.3
130.8	441.9	1161.6	2374.0	3736.5
130.8	467.3	1284.4	2463.0	3738.8
130.0	468.1	1418.6	2537.1	3752.0
129.0	489.9	1581.7	2466.2	3712.0
128.1	456.5	1729.4	2416.8	3686.5
127.1	443.3	1829.0	2470.7	3739.1
126.6	402.8	1855.6	2441.7	3738.7
126.4	392.5	1883.1	2415.0	3802.9
125.8	354.1	1879.7	2429.7	3753.9
125.2	399.4	1869.6	2433.9	3613.3
121.1	385.5	1821.9	2599.8	3414.4
115.1	799.3	1643.1	2583.7	3428.5
109.0	883.5	1552.4	2560.1	3442.8
97.6	987.7	1454.5	2607.4	3459.7
0.0	1022.9	1488.7	2714.5	3539.6
0.0	1021.2	1552.8	2691.4	3536.7
0.0	810.6	1133.6	2385.5	3495.2
0.0	775.7	1208.6	2499.6	3551.8
480.0	905.3	1543.8	2680.0	3687.1
0.0	817.7	1310.3	2566.8	3716.6
0.0	752.8	1231.1	2435.6	3621.6
118.8	537.4	1180.3	2503.5	3646.2
0.0	517.5	1167.4	2542.8	3742.3
141.2	530.5	1173.9	2536.6	3678.2
136.9	548.0	1204.6	2513.0	3672.9
133.7	547.4	1243.1	2510.6	3709.0
129.9	551.9	1263.5	2559.1	3719.6
129.9	540.0	1282.6	2589.2	3695.5
129.7	538.0	1302.0	2588.7	3705.0
130.4	539.3	1339.8	2577.6	3712.0
130.9	530.4	1337.7	2572.5	3684.0
132.0	514.5	1366.2	2594.3	3725.5
135.5	488.2	1406.0	2630.1	3719.8
137.6	416.7	1379.6	2651.1	3753.1
139.6	400.2	1373.2	2708.5	3778.2
137.2	883.2	1777.5	2999.4	3762.2
131.6	896.1	1920.0	2926.0	3847.2
121.2	1101.7	2038.3	3115.6	3814.1
0.0	1057.0	1878.7	3176.2	3905.1
500.0	680.6	1768.5	2910.3	3863.9
352.9	797.4	1884.8	2900.9	3884.3
413.8	1014.7	1905.4	2996.6	3948.7
74.1	1039.4	1879.7	2982.6	3996.9
0.0	1011.4	1861.0	2897.4	3906.7
571.4	1012.2	1892.9	2799.8	3675.0
461.5	951.4	1876.1	2834.6	3740.9
461.5	557.9	1844.2	2884.2	3744.6
86.3	911.9	2167.0	3071.8	3720.6
89.6	787.2	1959.1	2991.9	3742.4
68.2	1114.5	2065.5	3081.7	3795.9
0.0	687.0	2008.3	3111.8	3655.3
0.0	821.1	2102.6	3021.2	3527.6
0.0	544.4	1925.7	2651.8	3372.7
0.0	482.4	1569.6	2438.8	3206.9
0.0	485.2	1500.1	2298.6	3067.7
123.5	492.8	1474.3	2157.2	3059.5
120.3	509.7	1485.9	2065.7	3069.7
116.3	525.5	1473.3	2001.3	3057.2
113.7	580.4	1461.1	1931.5	3082.0
110.9	643.1	1565.3	1935.5	3102.3
106.4	731.3	1590.7	1955.3	3115.2
99.7	733.9	1636.2	1945.1	3129.3
98.2	781.5	1588.9	1995.0	3150.8
102.9	765.3	1517.9	1840.7	3135.5
109.6	608.2	1531.4	1823.7	3083.2
116.3	562.6	1421.6	1743.5	3082.1
119.7	544.6	1303.3	1678.6	3079.8
118.4	555.5	1341.4	1636.6	3095.7
115.3	541.7	1330.1	1612.8	3094.3
113.7	530.3	1325.8	1616.4	3093.4
112.5	532.6	1329.0	1612.5	3087.2
112.2	540.9	1332.3	1621.1	3054.2
112.1	518.4	1331.4	1614.7	3024.2
112.2	537.0	1343.2	1613.5	3057.2
111.0	520.9	1366.3	1621.8	3252.4
110.6	534.3	1350.3	1569.3	3294.7
109.7	618.0	1372.5	1665.5	3104.3
109.5	682.6	1395.7	1745.0	3054.6
109.1	735.2	1480.3	1819.2	3066.5
103.8	763.8	1471.3	1866.5	3222.3
102.5	912.0	1645.1	2493.4	3423.7
104.6	956.1	1571.4	2603.7	3366.7
101.8	923.9	1543.9	2271.3	3281.0
96.0	715.5	1502.4	1994.4	3391.5
0.0	726.0	1548.2	2069.6	3364.7
0.0	820.8	1627.6	2391.1	3245.4
250.0	796.4	1553.8	2315.6	3292.5
173.7	762.3	1491.9	2302.1	3403.8
279.1	817.3	1498.1	2211.1	3365.0
365.7	917.5	1613.5	2328.7	3452.6
