0.0	0.0	0.0	0.0	0.0
0.0	0.0	0.0	0.0	0.0
0.0	0.0	0.0	0.0	0.0
0.0	625.4	1667.5	2205.7	3258.4
0.0	627.7	1683.1	2440.9	3387.0
0.0	763.1	1697.1	2689.7	3512.8
110.1	737.2	1694.1	2602.3	3420.5
0.0	704.0	1557.2	2455.1	3384.8
0.0	718.9	1567.9	2603.7	3386.2
0.0	733.4	1671.4	2744.9	3420.1
0.0	712.5	1633.5	2641.9	3383.8
226.4	877.7	1635.0	2630.4	3490.2
0.0	894.8	1672.4	2711.2	3523.0
0.0	840.0	1780.6	2666.2	3485.8
0.0	695.0	1822.2	2650.3	3498.8
0.0	839.0	1734.9	2702.6	3420.1
0.0	778.5	1681.6	2778.2	3545.4
0.0	757.5	1651.0	2782.2	3623.4
0.0	674.3	1667.4	2714.1	3590.8
131.9	716.2	1709.6	2695.7	3571.6
200.0	402.5	1709.0	2646.9	3516.4
0.0	293.8	1678.7	2476.5	3282.9
0.0	321.1	1588.3	2489.4	3077.9
0.0	334.6	1608.1	2489.8	3041.5
66.3	341.1	1597.3	2465.0	3064.5
137.0	355.0	1611.5	2453.1	3028.5
139.3	487.4	1598.3	2434.7	3328.7
145.0	599.1	1631.3	2526.2	3496.4
145.5	615.2	1621.1	2525.0	3456.6
145.6	644.2	1568.9	2537.1	3499.6
151.1	630.5	1469.4	2477.8	3638.2
156.1	635.9	1376.2	2494.1	3562.2
161.6	634.2	1297.0	2518.6	3435.4
165.4	609.5	1214.8	2507.5	3543.6
169.7	586.2	1154.4	2521.2	3627.9
171.4	555.5	1057.8	2509.0	3641.3
172.7	515.4	958.9	2520.3	3610.6
173.6	521.7	892.1	2543.8	3580.7
171.9	507.2	837.5	2496.8	3540.4
167.5	481.0	819.3	2522.5	3503.9
166.9	493.5	809.0	2555.1	3513.3
165.3	483.3	807.9	2573.8	3547.4
162.9	488.8	869.5	2541.1	3566.0
163.0	519.2	954.2	2473.4	3570.3
163.1	539.2	989.5	2453.0	3585.7
163.7	577.7	1071.6	2444.9	3628.5
165.3	631.3	1152.7	2459.8	3659.5
165.1	651.8	1186.9	2463.6	3726.4
163.9	650.7	1225.0	2278.6	3718.0
163.3	660.5	1267.7	2333.9	3724.5
162.0	641.3	1276.2	2184.6	3584.4
161.2	618.8	1267.1	2297.2	3354.1
159.6	610.7	1234.5	2133.1	3006.1
156.1	398.0	1228.4	2164.5	2815.6
75.1	404.8	1201.3	2225.0	2865.9
152.2	483.6	1195.2	2154.9	2794.1
149.8	537.9	1036.7	2133.3	2770.9
150.4	506.9	891.2	2142.5	3033.7
145.3	520.3	881.0	2157.7	3326.2
142.9	545.0	879.2	2182.3	3427.4
141.2	549.7	939.2	2309.4	3491.6
139.4	539.1	946.6	2495.2	3543.5
135.3	528.8	963.1	2579.2	3575.5
134.0	525.5	966.8	2580.8	3593.4
132.7	500.7	987.5	2573.2	3632.7
133.0	492.6	975.8	2586.3	3654.2
133.5	504.9	945.8	2632.4	3676.1
133.4	474.5	944.6	2638.7	3658.6
134.5	473.8	953.4	2647.8	3667.3
134.7	475.5	996.5	2650.8	3764.5
134.7	466.5	1086.1	2642.0	3787.6
136.7	445.9	1159.9	2570.1	3776.4
137.2	443.6	1254.1	2536.3	3772.2
139.2	445.7	1435.8	2500.3	3684.0
139.9	435.7	1664.5	2530.5	3487.6
141.6	425.7	1871.3	2597.2	3312.4
144.6	454.4	2037.8	2626.6	3529.9
144.9	422.4	2186.5	2659.7	3643.0
146.1	439.0	2260.4	2706.1	3605.5
148.6	364.6	2291.8	2754.2	3714.1
153.6	372.0	2254.1	2720.5	3820.0
156.6	386.0	2107.9	2429.9	3763.6
160.1	449.0	1838.5	2386.0	3566.0
159.7	428.2	1671.5	2466.0	3365.1
76.8	434.1	1575.3	2393.4	3402.9
74.4	541.7	1546.6	2421.5	3364.3
141.4	682.0	1532.8	2403.6	3323.7
142.9	791.5	1583.0	2409.9	3374.1
146.3	567.9	1604.6	2486.5	3452.5
160.4	584.6	1643.9	2509.1	3512.2
161.2	589.9	1672.6	2616.4	3614.5
159.3	611.6	1679.7	2690.9	3705.8
155.7	574.4	1642.0	2548.9	3659.3
152.3	386.8	1600.2	2288.5	3529.1
149.4	399.6	1583.3	2385.9	3264.2
147.2	412.9	1580.2	2430.1	3463.1
144.5	672.4	1671.1	2399.1	3534.3
141.2	908.7	1942.4	2681.5	3664.9
96.8	946.9	1978.8	2693.9	3753.0
67.4	971.6	1857.8	2740.4	3887.7
0.0	993.3	1786.5	2769.7	4034.7
0.0	943.8	1785.6	2765.3	3851.8
0.0	922.7	1816.2	2808.1	3795.5
571.4	963.2	1863.1	2789.0	3869.4
110.1	911.3	1781.2	2827.4	3805.9
0.0	893.2	1709.2	2773.7	3800.0
137.9	881.4	1673.3	2650.8	3854.1
0.0	491.8	1498.7	2644.8	3735.7
146.7	429.6	1475.6	2653.8	3756.7
139.1	403.0	1452.8	2623.4	3821.5
134.0	553.4	1594.2	2649.4	3771.0
130.5	547.9	1759.7	2686.8	3793.4
126.8	947.8	1766.7	2732.7	3861.7
113.2	902.4	1742.2	2867.9	3905.2
0.0	923.8	1764.7	2856.0	3932.0
0.0	958.2	1774.2	2757.1	3800.4
0.0	1010.2	1742.0	2742.5	3733.7
0.0	954.3	1580.8	2695.6	3681.6
250.0	922.7	1692.7	2764.0	3840.2
0.0	943.0	1678.7	2791.9	3812.7
428.6	943.5	1598.6	2718.3	3912.5
0.0	979.4	1691.1	2763.0	3881.9
179.1	770.5	1660.6	2721.7	3728.3
0.0	709.9	1572.7	2703.3	3622.5
73.6	853.2	1686.8	2742.5	3599.0
0.0	769.3	1715.0	2634.2	3557.1
0.0	499.8	1673.4	2532.0	3449.9
91.6	595.7	1633.0	2599.9	3406.4
0.0	684.7	1629.8	2537.3	3522.7
0.0	417.5	1581.7	2437.2	3424.7
0.0	534.4	1546.9	2402.5	3449.9
0.0	555.4	1586.1	2409.8	3565.7
149.5	598.2	1621.4	2451.4	3596.9
149.0	603.3	1654.7	2493.7	3643.5
148.6	606.4	1647.3	2503.8	3610.6
148.5	627.4	1661.3	2494.6	3653.0
148.5	648.2	1679.0	2425.6	3699.5
147.4	643.5	1700.4	2416.3	3664.6
145.5	647.0	1717.1	2354.1	3694.2
144.4	621.4	1750.2	2313.0	3603.4
143.1	612.6	1768.0	2240.8	3534.3
140.4	610.1	1785.9	2237.4	3429.6
137.8	575.0	1765.0	2219.0	3403.4
131.5	778.3	1723.4	2194.3	3490.5
71.1	774.6	1763.4	2428.1	3511.0
67.4	872.0	1744.4	2504.5	3446.8
0.0	990.0	1646.0	2594.1	3337.8
0.0	908.9	1557.3	2666.1	3420.5
0.0	840.0	1681.6	2641.1	3470.0
0.0	616.5	1710.9	2586.3	3446.7
0.0	579.4	1763.1	2651.6	3464.1
0.0	804.7	1658.7	2545.7	3450.4
0.0	793.6	1625.6	2555.8	3376.2
0.0	588.2	1648.3	2597.2	3443.1
0.0	433.2	1668.3	2526.2	3488.6
0.0	443.8	1699.7	2497.3	3660.5
129.5	472.9	1748.5	2511.1	3713.0
128.7	475.6	1784.1	2524.4	3711.3
123.9	477.8	1820.4	2551.6	3691.5
122.8	500.9	1809.5	2542.2	3689.9
123.2	498.1	1744.4	2509.1	3623.1
122.0	562.3	1692.6	2519.9	3440.9
109.3	252.4	1658.5	2468.7	3415.0
119.3	241.3	1665.1	2555.8	3460.4
120.1	487.6	1746.8	2540.8	3377.7
0.0	459.2	1754.4	2502.5	3420.9
0.0	452.2	1807.2	2501.0	3539.7
129.2	466.0	1868.3	2481.6	3577.8
128.1	482.1	1874.0	2472.9	3568.6
125.6	466.9	1848.1	2447.0	3605.8
125.8	478.0	1819.2	2491.9	3434.6
125.5	530.8	1824.9	2570.5	3387.0
123.1	261.8	1711.4	2526.8	3416.6
107.2	256.2	1693.0	2602.6	3435.4
122.3	251.4	1685.7	2580.7	3426.2
122.4	733.0	1748.6	2631.6	3252.4
0.0	426.2	1798.4	2607.1	3375.4
0.0	418.5	1837.7	2480.1	3543.5
136.3	430.4	1856.5	2497.8	3650.8
130.5	409.8	1829.8	2514.9	3680.4
128.8	407.6	1809.1	2538.7	3677.7
128.4	366.8	1792.1	2565.4	3682.1
128.2	402.9	1780.9	2572.7	3617.2
126.4	456.6	1749.6	2587.2	3666.4
122.5	345.3	1736.6	2592.3	3602.1
121.2	400.6	1777.3	2739.8	3715.5
121.2	897.0	1895.8	2789.4	3879.7
113.2	865.9	1934.6	2887.0	4002.6
521.7	769.7	1834.8	2821.1	3791.1
521.7	851.5	1882.5	2851.3	3684.4
300.0	903.9	1958.5	2914.4	3690.6
0.0	839.8	1938.3	2720.6	3616.2
0.0	753.1	1965.6	2603.0	3534.5
0.0	701.9	2015.9	2554.4	3529.9
137.9	705.5	2019.6	2460.4	3448.0
166.7	372.0	2011.3	2419.0	3394.7
0.0	381.8	1958.7	2334.5	3245.0
125.0	378.8	1885.0	2240.8	3219.0
126.1	377.7	1774.5	2123.9	3244.6
127.7	399.5	1670.8	2048.8	3246.4
126.4	446.1	1551.4	1870.6	3199.8
125.5	494.8	1480.8	1761.8	3208.8
126.0	484.3	1393.8	1676.5	3215.8
128.3	508.1	1319.8	1626.7	3221.9
128.4	520.0	1267.7	1550.8	3282.5
128.7	529.4	1217.4	1510.5	3357.5
130.0	494.9	1180.7	1455.9	3332.7
130.3	486.1	1113.8	1424.8	3373.1
130.3	523.3	1045.9	1478.5	3390.2
130.3	478.4	952.4	1608.2	3401.5
130.0	449.7	853.1	1689.2	3407.9
127.4	452.0	851.1	1998.9	3412.7
124.6	472.3	954.2	2407.3	3474.7
121.9	558.4	978.7	2431.5	3475.5
122.3	577.6	1379.8	2538.2	3531.6
123.9	621.9	1265.9	2350.3	3482.8
124.6	457.6	775.7	2214.1	3562.9
126.6	470.2	797.0	2173.5	3527.9
129.6	505.5	893.9	1943.2	3465.2
130.3	534.7	923.1	1818.0	3477.6
130.0	508.1	959.0	1725.8	3540.8
129.3	517.1	1022.4	1677.5	3549.1
128.2	525.7	1064.1	1648.6	3542.7
127.6	526.6	1148.5	1609.7	3513.9
126.0	527.8	1206.5	1575.9	3502.4
125.1	523.8	1202.5	1533.9	3504.0
122.3	528.3	1215.0	1538.0	3509.2
121.0	530.6	1267.0	1609.2	3500.5
119.7	528.1	1240.0	1620.1	3486.1
117.8	519.7	1280.7	1598.1	3460.2
117.5	514.9	1322.8	1599.7	3499.9
115.3	534.1	1316.1	1673.8	3355.8
113.4	713.6	1483.2	2378.5	3379.6
108.1	1098.5	1470.4	2441.2	3411.0
86.9	854.0	1614.0	2592.8	3435.7
63.5	848.8	1857.2	2684.0	3428.3
0.0	924.2	1830.9	2705.3	3496.3
0.0	1128.1	1785.8	2675.5	3477.2
0.0	855.7	1688.9	2471.7	3424.0
0.0	910.8	1693.2	2434.4	3493.9
0.0	660.2	1692.8	2491.8	3489.5
78.4	608.6	1718.6	2509.0	3565.9
0.0	887.2	1738.1	2451.2	3559.0
260.9	812.0	1713.1	2399.7	3410.9
74.1	748.4	1702.2	2365.0	3390.1
315.8	751.5	1680.4	2293.2	3348.1
69.0	785.8	1669.4	2366.0	3336.4
0.0	755.0	1694.6	2367.3	3414.3
294.1	695.6	1708.2	2331.0	3373.8
83.3	717.6	1661.8	2331.1	3417.2
69.8	737.4	1607.7	2434.3	3440.1
0.0	759.7	1613.5	2344.2	3411.2
98.4	676.6	1612.4	2358.5	3445.5
0.0	723.3	1629.3	2345.4	3346.5
108.0	732.2	1629.4	2292.8	3294.1
200.0	672.3	1601.4	2317.8	3286.5
88.2	693.3	1614.2	2287.9	3291.2
