0.0	0.0	0.0	0.0	0.0
0.0	0.0	0.0	0.0	0.0
0.0	0.0	0.0	0.0	0.0
0.0	772.9	1494.5	2304.0	3464.4
0.0	744.6	1465.5	2422.1	3425.5
0.0	756.1	1452.7	2550.0	3443.5
0.0	726.6	1455.3	2555.6	3466.5
0.0	723.7	1473.8	2612.1	3641.5
0.0	830.0	1452.5	2604.9	3759.2
0.0	761.5	1413.5	2524.5	3767.9
0.0	704.5	1399.9	2520.3	3791.9
0.0	685.4	1356.4	2532.1	3664.8
0.0	823.5	1438.7	2463.3	3592.2
0.0	635.5	1414.0	2590.3	3699.5
0.0	715.0	1524.1	2732.3	3771.7
0.0	1021.2	1647.0	2726.9	3772.6
0.0	872.9	1661.0	2738.9	3768.2
0.0	783.1	1589.7	2696.0	3707.0
0.0	561.7	1389.5	2633.9	3642.0
0.0	825.0	1693.3	2674.3	3589.1
0.0	689.6	1448.4	2569.5	3604.2
0.0	483.9	1461.1	2621.4	3641.3
0.0	494.3	1714.4	2754.8	3615.0
0.0	358.9	1617.3	2593.0	3519.0
0.0	393.6	1457.6	2506.4	3469.0
0.0	246.1	1402.4	2509.7	3547.6
0.0	272.4	1417.6	2481.8	3535.1
164.6	412.0	1368.2	2431.0	3429.7
144.8	408.8	1427.6	2454.0	3355.6
135.8	417.6	1492.9	2480.5	3333.9
134.7	440.3	1560.4	2510.9	3313.0
138.7	480.8	1615.4	2507.0	3255.3
133.2	495.0	1640.1	2460.5	3174.9
131.0	457.3	1683.7	2433.2	3107.2
130.3	418.3	1662.0	2323.0	3108.6
129.0	407.5	1587.1	2083.9	3040.0
127.8	386.9	1417.7	2062.2	3014.9
127.7	385.1	1160.0	2044.4	2999.0
125.4	393.4	1050.6	2029.5	2974.5
124.5	384.6	999.3	2059.4	2966.3
123.2	412.9	1012.6	2104.1	2959.9
120.2	406.2	1119.3	2268.1	3111.6
117.6	420.9	1006.3	1983.8	2962.8
120.0	443.9	1021.3	1752.9	2868.8
126.5	434.4	1040.8	1631.2	2818.6
128.1	436.3	1065.6	1560.7	2785.9
126.5	431.8	1156.4	1540.0	2830.6
126.0	392.1	1249.3	1541.5	2838.1
122.8	394.1	1309.1	1514.4	2809.8
119.4	393.0	1395.9	1564.1	2872.8
115.8	369.3	1454.8	1699.0	2921.1
108.1	586.1	1575.6	2000.9	3077.8
109.2	767.3	1720.5	2448.5	3205.7
101.0	1025.0	1859.5	2678.0	3302.4
85.1	1062.4	2020.6	2793.6	3352.7
0.0	1055.1	2432.6	3047.2	3452.8
0.0	1095.6	2397.5	3085.9	3449.2
0.0	629.4	2261.0	2963.4	3431.5
0.0	827.3	2076.9	2680.2	3369.2
315.8	880.4	2091.8	2650.2	3321.8
0.0	658.1	1708.6	2482.5	3279.3
0.0	646.5	1722.6	2409.0	3227.9
363.6	588.1	1727.7	2366.7	3270.3
0.0	458.5	1730.6	2425.5	3277.1
160.2	456.1	1743.4	2413.5	3080.6
149.2	443.7	1737.0	2429.8	3066.0
146.7	448.7	1746.1	2415.7	3144.6
143.3	428.2	1765.9	2430.3	3106.4
142.3	422.5	1801.2	2451.7	3147.9
141.2	419.3	1856.9	2522.4	3212.0
140.9	419.3	1909.4	2496.1	3325.8
140.9	445.6	1937.0	2489.0	3452.7
143.4	453.7	1947.2	2518.9	3465.2
143.7	412.1	1914.1	2480.1	3586.0
142.5	478.1	1824.1	2512.8	3650.2
135.0	786.5	1811.0	2586.5	3647.9
126.3	919.4	1786.8	2597.4	3600.5
0.0	869.1	1778.1	2646.5	3606.2
0.0	783.4	1776.8	2705.9	3666.8
95.2	910.9	1849.0	2900.6	3704.2
130.4	752.5	1805.2	2784.5	3632.8
0.0	826.8	1758.0	2646.6	3634.2
292.7	709.1	1791.8	2469.1	3506.3
64.5	462.5	1801.9	2448.2	3509.7
65.9	375.0	1835.0	2446.7	3527.8
0.0	365.3	1891.9	2392.9	3459.3
162.6	347.7	1988.9	2330.0	3411.5
156.9	362.4	2017.8	2209.2	3413.5
150.2	381.0	1943.4	2162.7	3403.2
146.1	396.3	1860.9	2131.7	3391.1
140.9	430.3	1819.1	2188.4	3511.7
140.0	437.4	1805.2	2208.1	3468.3
138.7	393.8	1647.8	2184.4	3417.3
136.3	407.5	1632.0	2291.9	3335.8
134.9	407.2	1526.0	2220.9	3153.3
136.4	430.3	1435.2	2147.9	3067.6
135.0	468.5	1312.5	1990.1	3085.0
133.5	451.3	1257.2	1795.6	2816.0
132.0	448.9	1160.3	1570.2	2757.4
129.9	459.8	1045.6	1487.8	2805.2
128.6	448.6	1023.1	1407.7	2866.2
127.3	404.3	953.7	1436.2	2984.8
126.4	384.3	857.0	1365.0	3016.0
124.9	364.4	843.1	2031.4	3135.1
123.0	370.2	955.9	2355.1	3197.0
122.4	372.6	978.7	2153.4	3208.7
120.5	376.5	1045.4	2177.8	3230.3
120.8	371.2	1057.8	2179.8	3200.9
121.4	401.8	1059.4	1312.9	3021.2
122.8	462.2	1122.8	1426.2	2992.5
123.6	486.4	1226.3	1590.4	2895.7
124.7	521.8	1326.7	1761.4	2859.2
122.7	545.1	1424.0	1962.6	2857.0
122.0	553.9	1523.8	2146.1	2888.2
122.4	542.4	1608.2	2263.7	2913.8
121.8	553.3	1711.9	2335.7	3029.8
123.5	436.4	1794.9	2367.4	3094.9
123.7	414.1	1829.0	2418.9	3164.9
124.2	404.6	1856.1	2425.6	3216.6
124.2	397.2	1885.5	2424.5	3255.3
123.6	383.0	1943.3	2441.5	3294.9
123.1	371.1	1996.1	2481.4	3345.6
121.7	378.8	2011.4	2473.1	3371.7
121.4	365.1	1974.1	2438.5	3420.0
121.2	393.9	1884.7	2390.3	3460.6
119.7	375.3	1586.4	2315.3	3435.2
117.1	354.9	1618.7	2304.8	3455.9
119.0	357.7	1382.6	2268.6	3450.2
116.5	362.8	1337.9	2284.8	3432.3
115.4	397.2	1317.3	2311.7	3542.5
116.5	511.3	1579.3	2332.1	3586.5
116.5	561.0	1739.9	2388.6	3381.4
116.0	423.9	1870.1	2742.7	3537.0
112.8	415.4	1768.0	2769.7	3572.0
110.1	426.4	1738.5	2715.9	3564.9
113.2	417.4	1775.5	2749.6	3551.5
375.0	860.1	1564.3	2057.3	3330.8
0.0	805.4	1564.1	2125.4	3212.6
0.0	711.6	1511.9	2404.5	3502.3
0.0	772.8	1361.8	2485.4	3531.2
0.0	646.9	1266.0	2573.4	3375.7
0.0	665.7	1176.9	2668.1	3297.8
0.0	660.9	980.6	2649.9	3263.1
0.0	486.5	865.2	2557.3	3225.2
135.9	491.4	864.2	2514.0	3209.4
125.5	489.3	869.5	2513.2	3137.4
122.3	507.3	935.6	2531.7	3330.6
120.2	560.4	985.3	2523.7	3447.3
118.4	609.0	1046.6	2576.2	3374.2
116.4	625.1	1108.2	2544.9	3334.7
114.2	653.1	1171.5	2536.5	3318.0
112.4	655.0	1240.8	2512.3	3076.7
112.0	680.5	1288.6	2509.5	3139.5
110.2	655.2	1326.2	2495.5	3029.5
110.1	663.1	1355.7	2455.6	3102.8
109.0	661.5	1382.0	2435.2	3057.4
108.4	677.2	1373.2	2434.4	3050.0
109.3	658.3	1350.5	2454.1	3066.4
109.3	675.0	1315.0	2468.9	3279.5
108.7	689.7	1284.4	2474.8	3261.7
108.7	688.3	1250.6	2437.1	3238.0
108.2	688.0	1211.4	2426.1	3289.9
108.4	665.6	1187.8	2413.2	2944.7
109.6	694.1	1195.3	2376.6	2923.2
108.3	646.2	1230.8	2467.0	3293.3
109.1	639.4	1231.2	2452.0	3101.9
108.5	537.8	1863.4	2214.8	2975.2
118.8	400.5	1608.4	2238.6	3160.6
131.9	388.1	1689.1	2445.2	3407.5
103.4	849.0	1753.2	2561.1	3421.9
0.0	505.3	1573.9	2569.2	3222.3
0.0	549.7	1534.9	2559.4	3255.4
0.0	664.9	1527.7	2553.3	3339.4
123.7	708.6	1547.2	2568.2	3363.4
0.0	701.3	1564.8	2580.7	3405.6
0.0	771.7	1576.8	2540.2	3456.2
0.0	704.0	1537.7	2556.6	3440.5
370.4	673.0	1600.6	2590.4	3351.1
0.0	697.1	1640.3	2617.5	3327.1
0.0	940.8	1677.0	2583.5	3413.8
0.0	932.1	1720.7	2654.8	3363.7
0.0	894.7	1655.7	2695.9	3362.7
0.0	795.4	1545.9	2599.7	3325.6
0.0	793.2	1741.8	2607.9	3349.8
