0.0	0.0	0.0	0.0	0.0
0.0	0.0	0.0	0.0	0.0
0.0	0.0	0.0	0.0	0.0
0.0	740.8	1613.9	2707.9	3550.9
0.0	815.7	1641.0	2645.9	3421.4
0.0	954.6	1981.3	2701.6	3418.0
0.0	603.4	1694.4	2487.1	3361.1
0.0	583.1	1645.3	2463.0	3287.1
0.0	694.1	1606.6	2651.0	3389.9
0.0	448.5	1488.9	2432.0	3358.2
0.0	619.8	1650.9	2524.2	3454.2
0.0	602.6	1695.7	2492.4	3397.2
0.0	516.7	1633.9	2423.5	3425.2
0.0	539.2	1579.0	2485.8	3520.6
0.0	613.4	1633.7	2537.5	3511.9
0.0	353.5	1636.3	2530.4	3461.5
0.0	382.2	1554.5	2420.6	3497.8
0.0	417.7	1189.5	2337.4	3467.7
149.5	442.9	1336.1	2470.6	3303.8
140.4	584.5	1314.3	2575.7	3103.4
145.0	650.7	1284.5	2598.4	2964.7
136.4	677.3	1251.2	2598.6	2822.2
135.9	697.9	1246.3	2631.1	2785.0
137.7	725.9	1238.2	2649.4	2806.6
139.9	716.1	1200.5	2641.1	2777.4
143.5	723.1	1218.5	2640.5	2813.6
151.1	698.7	1227.5	2630.1	2838.6
155.6	671.8	1257.7	2602.8	2906.1
158.4	648.0	1264.5	2556.1	2953.7
159.4	630.6	1254.8	2435.1	2861.6
157.9	605.8	1323.9	2306.6	3038.1
75.5	638.8	1313.4	2105.3	2861.4
171.4	505.7	1174.8	2059.0	2839.7
0.0	539.0	1064.4	2177.4	2876.4
150.6	450.8	922.1	2208.8	2801.8
157.4	397.2	793.8	2136.8	2876.5
156.9	365.6	760.6	2112.1	2969.3
148.7	378.6	773.9	2210.7	3016.3
146.0	411.7	750.0	2308.0	3029.3
143.0	487.3	763.3	2329.2	3034.8
142.3	546.1	770.6	2318.7	2989.7
143.1	567.6	896.8	2264.7	2981.1
142.1	535.2	1029.7	2204.9	2989.4
141.3	479.5	1184.3	2193.6	3010.4
141.5	473.5	1369.3	2173.3	3064.6
142.2	464.7	1574.3	2173.0	3095.0
141.6	436.6	1660.7	2289.9	3102.1
141.5	456.2	1679.9	2404.1	3120.7
141.0	482.4	1647.7	2591.2	3308.7
136.1	471.9	1936.1	2697.6	3494.7
142.0	442.0	2064.5	2820.4	3531.9
141.1	447.9	1702.4	2560.6	3493.3
139.3	415.5	1737.9	2555.7	3264.8
138.2	450.5	1748.7	2526.3	3121.7
133.8	567.1	1934.4	2731.9	3276.3
123.6	1171.4	2421.8	2928.4	3549.8
112.8	1297.5	2519.9	3171.0	3602.3
66.7	1484.9	2504.5	3270.0	3580.7
0.0	1604.7	2466.6	3249.8	3588.9
0.0	674.1	2323.3	3027.4	3547.2
0.0	951.3	2238.9	2901.2	3508.5
0.0	1003.6	2229.0	2718.5	3489.3
0.0	743.7	1989.4	2593.1	3466.3
0.0	762.0	1852.0	2573.2	3381.9
118.8	608.5	1960.6	2536.2	3380.6
112.1	504.3	1953.9	2488.4	3485.0
95.2	418.6	1976.3	2531.6	3447.6
173.7	347.6	1985.6	2516.3	3277.3
158.9	338.5	2007.6	2502.5	3361.8
145.9	331.4	2001.4	2459.9	3377.8
144.0	326.5	2004.7	2411.0	3295.0
140.5	334.9	1958.6	2405.0	3273.6
138.6	368.2	1855.9	2341.0	3051.1
136.1	375.8	1675.0	2233.9	3009.8
126.4	341.4	1510.8	2192.4	3193.6
126.3	347.0	1339.7	2172.5	3024.6
129.3	395.6	1103.6	2180.7	2869.0
132.0	398.3	994.3	2195.7	2978.7
131.6	403.9	961.4	2174.2	2987.9
127.7	381.2	903.5	2136.9	3020.4
126.6	367.7	845.0	2134.8	3066.1
124.7	369.6	789.7	2248.9	3099.7
126.1	381.1	773.6	2272.9	3063.0
127.7	401.0	783.6	2248.5	3056.9
131.2	408.0	926.0	2294.3	3069.2
133.3	407.9	1000.3	2229.5	3000.8
134.1	422.6	1086.5	2203.3	2993.5
135.3	435.6	1236.6	2190.2	3053.9
135.7	453.4	1376.9	2176.3	3048.4
137.2	451.7	1537.3	2211.5	3057.5
137.9	455.7	1668.5	2247.6	3126.0
138.1	443.0	1760.2	2242.7	3126.0
137.6	439.0	1797.8	2305.7	3165.0
137.5	430.6	1820.1	2388.9	3220.8
136.7	417.0	1828.1	2449.3	3184.2
135.9	407.7	1829.8	2457.4	3294.5
136.3	392.7	1773.9	2423.3	3309.2
135.4	409.8	1650.8	2377.1	3275.5
133.3	339.6	1551.5	2295.8	3294.9
119.4	300.4	1607.0	2365.4	3384.6
63.8	413.9	1681.3	2465.8	3365.9
0.0	405.1	1696.5	2463.8	3243.8
135.3	406.5	1689.2	2485.2	3270.9
134.0	396.1	1664.8	2492.3	3238.7
132.7	387.2	1633.5	2471.4	3209.2
129.5	372.4	1610.7	2470.2	3294.3
128.5	370.6	1573.3	2455.5	3329.2
125.8	369.8	1518.7	2453.5	3411.2
118.8	357.0	1494.7	2537.3	3565.4
117.6	308.3	1545.0	2626.4	3743.7
112.1	1004.9	1939.6	2823.7	3764.3
107.1	1026.9	1912.7	2888.3	3755.8
0.0	488.3	1683.0	2792.0	3671.6
500.0	1111.2	2144.9	2883.7	3802.2
179.1	1014.4	2090.8	3072.8	4085.4
375.0	1015.1	2160.1	3024.5	4403.1
0.0	873.0	1981.5	2761.4	3902.8
0.0	801.0	1739.7	2897.2	3724.8
279.1	917.3	1585.6	2916.4	3760.0
0.0	729.7	1467.4	2549.9	3553.6
179.1	668.8	1427.6	2573.2	3371.7
129.0	515.0	1307.9	2529.3	3184.4
0.0	483.1	1216.2	2490.1	3007.7
146.2	539.5	1174.8	2467.5	2935.6
140.3	538.8	1079.0	2478.5	2839.5
137.6	538.0	1031.5	2494.3	2833.9
134.0	525.8	973.8	2501.6	2842.6
131.7	513.2	910.9	2525.9	2827.3
129.3	503.3	867.4	2536.8	2853.6
127.4	499.4	830.0	2547.6	2915.9
126.6	402.8	783.4	2547.0	2944.9
125.9	383.0	768.4	2544.1	2918.3
124.7	372.5	754.8	2552.9	2999.6
124.7	371.6	755.0	2546.7	3041.5
123.7	360.7	788.7	2538.7	3066.1
123.6	369.2	799.7	2542.0	3014.5
123.5	366.3	805.9	2579.9	3044.3
123.9	368.3	860.2	2585.2	3034.8
124.8	415.0	908.6	2586.3	3163.5
124.9	524.6	910.8	2594.2	3014.2
126.1	584.7	925.7	2581.0	2885.0
126.8	615.4	949.8	2626.8	2943.5
125.7	626.3	944.1	2652.4	2980.6
125.0	637.4	935.3	2615.8	2909.8
124.4	643.4	933.8	2598.3	2867.2
124.8	638.0	947.5	2608.1	2871.1
126.6	660.9	953.7	2715.5	2960.7
126.7	644.1	948.5	2621.8	2872.4
126.7	646.1	963.2	2644.0	2902.1
126.6	662.7	979.1	2626.9	2982.1
126.8	647.9	1007.7	2545.7	2988.6
126.3	640.8	1033.4	2451.9	3011.9
126.3	605.9	1079.1	2339.1	3095.7
126.6	526.6	1126.5	2195.4	3108.0
126.1	387.0	1137.6	2032.7	3159.5
125.8	366.4	1123.3	1991.8	3162.2
125.5	375.8	1231.9	1965.9	3163.9
124.0	379.7	1699.1	1948.4	3273.2
125.1	377.0	1214.3	1906.6	3248.1
123.6	389.5	1169.9	1984.7	3167.0
123.7	492.7	1204.5	2061.2	3099.0
123.7	547.3	1185.8	2150.3	3036.2
123.2	600.2	1118.5	2209.6	2944.5
120.9	613.3	1015.0	2237.2	2892.0
119.6	624.9	1000.5	2287.5	2859.3
118.6	644.0	950.6	2341.1	2852.3
117.5	621.9	908.7	2368.9	2835.4
117.1	595.3	911.4	2362.0	2785.3
117.0	579.1	911.1	2376.0	2755.0
117.0	540.1	894.2	2400.4	2831.2
116.5	508.8	879.9	2320.9	2948.2
116.3	474.0	896.3	2095.8	2834.5
118.6	418.9	919.7	1825.4	3226.7
118.3	388.4	954.0	1601.8	3187.6
117.5	379.0	955.5	1509.0	3166.8
117.6	407.3	950.0	1369.3	3056.7
116.5	411.2	1049.6	1336.7	3071.6
116.7	453.4	1071.1	1342.1	3012.9
117.5	450.9	1075.1	1332.8	2982.7
117.9	434.3	1103.8	1386.3	2853.1
117.8	450.5	1173.0	1456.7	2786.8
118.6	469.5	1250.5	1640.3	2758.6
118.5	482.1	1315.2	1785.9	2759.8
119.8	491.3	1360.2	2073.7	2760.4
121.1	509.2	1448.7	2287.1	2837.7
120.9	514.1	1478.8	2359.8	2930.3
121.6	508.9	1508.3	2404.7	3006.2
122.3	501.9	1537.7	2385.0	3043.8
124.0	496.5	1552.5	2389.8	2965.3
123.3	483.6	1564.6	2356.6	3126.8
122.7	482.9	1567.5	2331.3	3203.1
121.9	434.0	1532.4	2378.1	3167.1
120.8	270.6	1505.5	2433.6	3234.6
110.1	458.4	1702.5	2621.2	3472.1
0.0	464.5	1701.2	2427.8	3532.4
0.0	385.2	1781.6	2416.6	3265.2
131.9	375.1	1838.8	2481.7	3221.2
123.3	355.2	1887.0	2519.9	3184.7
117.9	351.7	1938.8	2552.4	3219.1
116.1	340.1	1973.5	2537.9	3270.0
115.3	338.7	2033.6	2545.9	3322.4
113.7	337.6	2146.0	2552.6	3381.8
111.2	377.4	2173.6	2476.2	3398.4
106.3	439.0	2151.6	2435.8	3450.0
96.4	473.3	2155.0	2425.2	3461.6
92.3	556.4	2093.9	2435.1	3530.2
90.9	440.6	2059.0	2440.5	3508.0
324.3	561.4	2019.6	2457.8	3413.9
363.6	547.3	1896.8	2424.0	3376.9
0.0	418.6	1860.7	2548.7	3346.9
352.9	653.3	1836.4	2421.2	3297.7
374.6	671.6	1820.9	2388.7	3196.5
324.3	488.4	1721.9	2416.9	3273.3
0.0	600.2	1675.9	2408.6	3324.2
0.0	628.1	1649.9	2319.6	3334.1
0.0	586.3	1604.5	2353.4	3336.3
112.1	802.0	1623.1	2350.9	3306.7
