0.0	0.0	0.0	0.0	0.0
0.0	0.0	0.0	0.0	0.0
0.0	0.0	0.0	0.0	0.0
0.0	753.2	1504.4	2442.0	3505.3
0.0	889.8	1661.7	2481.3	3536.5
0.0	791.6	1794.8	2680.6	3605.2
0.0	936.2	1857.6	2758.3	3632.1
0.0	923.0	2008.8	2837.0	3674.4
0.0	791.7	1991.5	2620.5	3511.3
0.0	729.0	1936.7	2589.7	3455.9
0.0	732.0	1802.4	2440.9	3430.1
0.0	752.1	1404.9	2242.3	3320.8
0.0	785.6	1605.0	2392.1	3419.1
0.0	704.8	1427.4	2293.8	3515.1
0.0	690.9	1486.5	2221.0	3422.7
0.0	693.2	1494.8	2214.9	3305.6
187.5	686.9	1491.0	2311.0	3397.9
500.0	702.9	2123.6	2749.3	3486.9
545.5	854.9	2066.5	2728.0	3420.5
0.0	584.3	920.4	2294.2	3357.5
0.0	633.3	952.1	2229.0	3431.6
141.6	661.2	988.7	2218.5	3454.4
138.2	667.0	1043.1	2214.2	3447.9
135.2	682.4	1121.0	2202.0	3383.3
134.8	683.8	1187.8	2168.7	3292.7
134.8	682.2	1228.5	2160.0	3335.3
134.8	676.7	1292.6	2146.0	3353.8
135.9	664.4	1368.0	2152.8	3327.1
136.6	652.0	1456.5	2133.9	3319.6
136.4	645.5	1523.0	2130.7	3261.9
138.3	642.8	1547.3	2124.5	3265.1
139.3	626.1	1598.8	2118.9	3267.7
141.0	615.8	1623.1	2106.0	3272.0
141.9	595.1	1615.4	2082.5	3219.6
143.2	589.9	1594.9	2062.3	3220.1
143.7	584.1	1565.7	2017.2	3189.0
144.5	588.3	1560.5	1996.1	3209.4
144.5	590.4	1512.3	1966.1	3164.4
144.2	596.9	1472.0	1946.1	3148.8
143.1	590.6	1450.9	1895.9	3108.1
142.2	577.6	1450.8	1879.4	3132.0
139.7	550.5	1487.6	1868.2	3112.4
138.2	536.0	1549.5	1848.3	3144.3
137.5	463.1	1615.1	1895.5	3169.6
136.0	407.4	1680.9	1962.9	3163.0
134.8	402.5	1708.5	2135.5	3230.9
134.8	403.7	1750.7	2348.8	3244.1
133.3	297.3	1812.8	2636.4	3294.6
133.3	298.9	1831.2	2693.1	3297.4
131.7	289.4	1857.9	2732.4	3311.5
131.9	277.4	1888.0	2733.5	3311.6
130.4	274.7	1920.5	2729.1	3307.1
130.4	276.6	1960.1	2645.7	3300.0
130.4	273.6	1977.6	2598.4	3290.4
130.4	280.9	1972.3	2508.2	3278.5
130.4	281.9	1969.4	2472.5	3262.3
131.9	270.5	1968.6	2470.3	3263.5
130.6	284.1	1935.0	2499.1	3172.8
129.5	304.1	1882.0	2446.9	3088.6
126.6	271.7	1805.9	2375.6	3215.4
109.1	283.9	1701.6	2622.7	3380.9
118.8	784.2	1715.4	2699.4	3464.9
0.0	902.9	1631.0	2537.7	3375.6
0.0	897.2	1744.2	2461.4	3368.9
0.0	860.1	1753.5	2339.8	3081.0
255.3	763.9	1726.2	2290.8	2957.1
169.3	1083.2	1812.2	2487.9	3217.3
0.0	1090.9	1752.8	2282.6	3294.2
144.6	771.3	1578.0	2375.7	3305.4
0.0	768.3	1535.0	2333.9	3239.6
0.0	729.2	1519.4	2027.6	3110.7
120.0	692.5	1419.1	1900.8	3006.4
0.0	603.2	1234.0	1952.9	2922.4
0.0	608.4	1217.4	2013.7	3039.6
143.9	631.5	1234.1	2073.1	3200.2
141.2	656.1	1243.4	2113.3	3235.1
140.0	669.6	1292.0	2132.3	3296.9
139.5	671.3	1380.4	2145.0	3269.0
139.4	672.4	1416.5	2154.1	3205.3
139.1	657.8	1475.0	2139.1	3251.8
139.5	642.9	1562.4	2122.8	3238.3
137.9	633.8	1612.4	2139.6	3366.6
136.4	607.1	1680.1	2139.1	3512.4
135.2	580.1	1723.8	2136.1	3533.6
134.1	572.5	1706.2	2121.5	3562.3
132.9	595.3	1594.7	2143.9	3452.1
130.5	390.6	970.2	2086.6	2909.8
130.4	316.6	948.8	2078.0	2812.9
126.3	290.4	938.6	2072.2	2985.6
64.2	314.5	1038.3	2073.2	3112.3
125.0	360.8	1496.6	2192.7	3283.8
0.0	405.5	1440.6	2083.8	3315.1
126.7	391.2	1270.8	1985.8	3347.7
121.2	377.3	1107.2	1982.5	3308.1
121.6	391.2	969.9	1953.2	3263.3
121.7	392.6	868.2	1959.7	3366.7
121.8	383.3	852.4	2020.5	3384.4
122.4	371.2	756.3	2037.1	3342.1
124.9	445.3	748.6	2131.0	3434.5
128.8	456.3	789.0	1997.9	3359.2
132.9	425.7	801.8	1805.6	3223.4
138.2	483.4	888.0	1747.7	3301.1
144.9	477.7	925.2	1739.7	3351.3
150.2	502.8	972.0	1717.4	3284.0
156.6	494.5	1037.6	1698.0	3244.5
162.7	508.4	1126.9	1698.0	3215.6
167.7	520.6	1194.9	1705.6	3224.0
172.1	534.5	1247.7	1710.8	3165.1
176.3	546.7	1329.4	1736.0	3124.6
178.9	551.3	1443.6	1812.8	3086.4
180.4	575.0	1489.8	1896.1	3179.7
181.0	559.5	1536.6	1942.2	3282.1
178.4	571.0	1625.8	2025.0	3366.8
174.4	537.4	1676.1	2291.9	3457.0
170.5	507.6	1691.6	2505.7	3425.7
166.3	461.8	1695.3	2477.1	3407.6
160.1	469.6	1713.0	2328.0	3316.1
159.0	406.2	1684.6	2200.4	3231.2
153.8	516.5	1582.7	2095.3	3235.7
148.1	301.6	1293.5	2215.6	3229.8
140.8	309.6	1113.5	2157.1	3378.9
134.8	577.2	1724.1	2641.8	3752.8
275.6	561.3	1690.7	2492.8	3645.0
132.7	567.7	1694.9	2478.4	3506.0
129.9	599.4	1440.2	2039.6	3130.3
129.0	595.5	1576.3	2064.9	3133.2
123.7	629.8	1652.0	2116.4	3188.5
120.0	624.9	1673.0	2136.6	3213.1
118.8	623.7	1705.8	2182.4	3256.0
116.5	659.3	1746.6	2213.3	3243.3
115.4	575.4	1781.7	2215.7	3241.7
112.1	499.8	1799.1	2258.4	3240.8
112.1	536.4	1833.2	2305.0	3245.5
111.1	534.5	1880.0	2343.8	3250.9
110.2	356.5	1883.2	2377.9	3258.6
108.9	333.6	1908.0	2410.5	3292.6
107.3	316.8	1934.7	2365.5	3285.5
106.9	323.3	1936.4	2304.0	3307.1
105.6	321.6	1940.7	2290.2	3368.5
102.7	650.7	1983.2	2319.3	3374.8
103.8	842.3	1997.6	2370.6	3353.3
106.0	865.5	1980.6	2443.1	3355.7
105.3	824.2	2023.4	2296.4	3401.8
95.2	812.1	2034.5	2355.1	3419.5
103.8	772.1	2030.8	2353.7	3390.7
112.1	804.8	1995.8	2324.2	3368.5
147.6	819.4	1972.8	2263.8	3401.2
73.2	799.2	1977.8	2318.7	3387.1
0.0	772.9	1924.0	2318.6	3311.9
105.3	706.5	1917.3	2258.7	3350.1
272.7	738.6	1904.9	2313.4	3342.8
139.1	655.7	1935.1	2226.0	3364.1
