0.0	0.0	0.0	0.0	0.0
0.0	0.0	0.0	0.0	0.0
0.0	0.0	0.0	0.0	0.0
0.0	767.1	1564.1	2512.4	3511.1
0.0	759.1	1530.5	2540.1	3498.7
0.0	697.1	1500.3	2450.4	3494.3
0.0	665.3	1537.1	2446.9	3398.0
0.0	660.3	1693.8	2624.8	3427.2
0.0	737.5	1764.9	2668.0	3483.2
0.0	611.5	1658.0	2576.7	3425.8
0.0	639.1	1654.5	2511.5	3377.2
0.0	560.2	1700.6	2571.2	3374.4
0.0	715.5	1717.1	2643.7	3476.6
0.0	968.7	1729.7	2611.5	3475.5
0.0	842.4	1742.7	2583.2	3435.3
0.0	784.0	1668.9	2536.3	3408.8
0.0	366.9	1298.1	2520.5	3414.2
0.0	337.8	1116.9	2535.4	3399.2
0.0	530.8	1512.3	2556.1	3300.7
0.0	477.2	1581.3	2516.4	3210.0
100.8	467.6	1514.4	2446.2	3034.7
99.1	489.7	1405.2	2461.7	3082.8
99.8	515.0	1224.1	2518.2	3121.7
100.0	490.7	1083.9	2565.5	3089.0
100.0	455.2	950.6	2598.7	3041.1
101.7	414.7	826.3	2624.1	3083.1
104.3	388.3	800.7	2613.0	3070.9
104.3	683.5	1666.2	2653.3	3077.2
100.8	757.7	1520.9	2652.4	3234.2
100.9	791.4	1619.7	2686.1	3297.2
109.9	470.4	926.7	2565.7	3023.2
0.0	489.1	1044.2	2479.8	2963.8
117.6	464.6	1185.2	2278.1	2881.6
116.6	449.9	1331.4	2034.9	2794.0
115.4	417.1	1482.9	2111.2	3178.8
110.8	850.6	1667.0	2394.8	3335.5
88.9	397.6	1797.7	2476.0	3364.1
0.0	389.0	1953.8	2623.5	3215.8
112.3	391.8	2037.5	2685.8	3161.1
110.1	339.8	2086.3	2827.8	3225.9
104.3	285.2	2112.8	2898.6	3265.7
101.7	277.4	2120.1	2828.9	3256.1
100.0	307.1	2104.0	2666.0	3294.4
98.4	374.6	1935.0	2474.8	3336.1
100.0	409.0	1729.7	2466.7	3391.8
98.4	370.7	1519.3	2572.8	3362.5
96.8	397.6	1317.0	2546.7	3358.9
92.3	377.8	1088.1	2671.0	3318.8
92.3	396.8	949.1	2815.0	3463.6
92.3	406.0	936.3	2806.3	3423.6
90.9	399.8	1195.7	2680.1	3287.8
88.9	416.9	1427.8	2589.0	3373.5
90.2	445.2	1320.0	2715.8	3501.8
89.8	520.6	878.1	2680.2	3476.0
88.2	541.9	913.3	2724.5	3391.1
86.3	580.2	993.4	2800.5	3420.1
88.9	630.5	1058.1	2785.0	3410.7
90.2	652.5	1153.8	2759.3	3351.8
90.2	664.8	1246.9	2715.3	3289.4
90.9	682.1	1368.8	2610.7	3284.7
89.6	644.0	1483.0	2540.1	3271.6
88.5	585.7	1648.5	2450.6	3193.5
88.4	526.7	1746.1	2416.9	3323.8
91.3	475.0	1847.9	2428.8	3313.6
91.6	427.2	1965.8	2357.1	3273.7
92.3	369.2	2036.4	2315.4	3326.4
92.3	323.1	2116.7	2602.4	3398.0
89.6	935.5	2028.9	2631.1	3381.3
0.0	901.5	1981.8	2528.5	3424.4
0.0	757.4	1844.4	2456.0	3385.5
0.0	953.0	1754.2	2291.3	3312.9
400.0	566.1	1713.0	2136.8	3411.0
375.0	870.8	1760.7	2573.9	3600.0
375.0	772.8	1731.3	2723.9	3893.5
0.0	712.3	1779.6	2732.9	4076.2
0.0	726.8	1894.3	2782.6	4050.2
375.0	734.2	1835.9	2776.1	4017.3
400.0	803.7	1810.4	2797.8	3974.9
0.0	832.6	1793.8	2858.5	4067.5
0.0	548.9	1685.1	2727.5	3758.5
0.0	678.2	1713.9	2660.0	3826.3
400.0	809.4	1808.8	2606.6	3963.2
111.1	766.8	1884.1	2600.8	3882.5
169.0	978.0	2062.7	2769.6	3892.7
125.0	1101.8	2147.0	3022.3	3992.0
413.8	661.8	1764.4	2799.0	3805.5
413.8	878.6	1836.0	2558.0	3701.0
79.5	1018.4	1868.1	2425.6	3456.3
230.8	1077.9	1912.8	2458.3	3428.2
0.0	664.8	1791.2	2440.5	3434.2
0.0	501.3	1407.2	2516.4	3342.6
0.0	470.5	1523.9	2572.8	3492.3
0.0	497.0	1644.1	2621.6	3575.6
94.6	519.9	1709.3	2641.5	3516.8
92.9	542.9	1753.7	2639.6	3476.7
93.4	549.6	1796.7	2632.6	3477.0
92.2	500.6	1841.1	2617.6	3454.8
91.1	538.6	1867.4	2575.4	3429.8
89.6	523.1	1898.4	2605.4	3484.5
89.0	486.3	1912.1	2605.5	3509.4
85.1	502.3	1944.7	2574.9	3502.3
83.3	513.1	1968.3	2526.6	3391.7
82.0	497.9	2000.3	2500.3	3474.6
81.9	450.3	2050.7	2446.4	3514.4
75.9	413.2	2047.7	2368.7	3531.1
82.3	722.0	1815.3	2393.4	3499.7
80.7	774.0	1691.5	2439.6	3418.3
96.5	560.6	1565.9	2437.3	3485.1
352.9	672.9	1689.8	2575.3	3448.8
0.0	1033.2	1882.7	2693.9	3472.9
0.0	917.7	1750.2	2501.0	3344.0
0.0	750.7	1677.8	2363.6	3336.1
420.6	736.9	1749.5	2494.0	3594.3
412.4	911.4	1711.3	2429.8	3517.3
88.9	617.4	1643.3	2277.8	3459.2
0.0	819.2	1624.4	2310.8	3570.5
0.0	805.8	1721.2	2496.2	3568.4
300.0	746.3	1694.0	2564.7	3578.5
545.5	750.4	1693.8	2630.1	3699.3
0.0	638.5	1681.7	2660.4	3762.2
230.8	749.7	1789.0	2785.5	3879.5
87.6	799.2	1944.8	2979.1	4567.1
116.5	1004.9	1952.2	2804.7	4386.8
0.0	924.3	1685.6	2757.5	3907.9
324.3	768.1	2030.7	3103.1	4490.6
115.4	772.2	1772.4	2912.1	4090.3
0.0	797.4	1857.5	2843.2	4171.4
164.4	787.8	2057.4	3019.7	4272.9
72.3	754.4	1754.7	3116.3	4406.9
461.5	834.0	1784.3	3207.5	4447.7
142.9	872.6	1967.0	3150.9	4388.8
79.5	850.8	2030.7	3266.1	4411.6
375.0	739.2	1977.6	3202.1	4120.5
0.0	667.5	2015.3	3053.1	4113.7
187.5	558.8	2166.9	3144.8	4356.1
375.0	975.7	2040.5	3018.9	4164.2
77.4	885.1	1974.8	2980.8	4221.3
0.0	609.7	1877.1	2755.7	4028.3
136.4	1184.5	2104.3	2892.6	3937.2
111.1	1161.2	1934.3	2853.6	3866.7
74.5	1035.0	1683.6	2813.2	3721.9
352.9	746.6	1392.2	2299.5	3466.4
0.0	698.3	1216.6	2289.5	3399.0
0.0	703.2	1134.8	2252.3	3255.9
157.9	718.0	1097.8	2275.9	3148.1
181.8	749.9	1129.9	2345.4	3271.6
71.0	737.6	1144.5	2336.9	3307.8
0.0	900.6	1868.9	2525.6	3439.7
0.0	809.9	1652.6	2496.8	3343.5
0.0	827.4	1541.2	2441.0	3247.7
0.0	885.9	1607.6	2460.4	3216.0
