0.0	0.0	0.0	0.0	0.0
0.0	0.0	0.0	0.0	0.0
0.0	0.0	0.0	0.0	0.0
0.0	1054.8	1774.8	2548.0	3291.4
0.0	1049.3	1744.5	2604.2	3359.0
0.0	892.5	1743.0	2683.8	3468.1
0.0	1014.9	1782.0	2542.0	3437.7
0.0	954.4	1712.5	2490.6	3413.7
0.0	858.4	1727.6	2566.0	3413.9
0.0	879.8	1836.7	2763.1	3498.6
0.0	847.6	1746.4	2706.7	3472.6
0.0	832.9	1672.9	2670.9	3416.7
0.0	828.3	1831.0	2621.0	3442.2
0.0	1014.4	1559.6	2552.7	3503.4
0.0	627.1	1283.5	2576.9	3401.8
0.0	877.0	1569.6	2588.5	3397.7
0.0	200.0	200.0	2286.5	3308.3
0.0	543.5	1574.6	2517.2	3368.5
0.0	611.3	1572.1	2485.1	3430.2
0.0	620.8	1560.5	2417.7	3438.4
279.1	761.9	1498.5	2263.0	3490.2
0.0	752.6	1398.6	2215.7	3552.1
0.0	550.6	1336.0	2103.6	3484.5
0.0	542.6	1268.1	1994.2	3343.4
114.5	557.5	1231.2	1948.3	3282.0
114.5	594.4	1244.9	1882.3	3353.7
113.7	597.6	1249.2	1836.9	3329.3
112.7	600.6	1249.4	1798.9	3346.3
113.0	550.6	1255.8	1773.7	3320.4
111.7	543.0	1265.5	1748.5	3331.9
111.3	527.9	1260.7	1715.8	3325.8
110.2	516.8	1276.7	1679.9	3329.0
109.6	518.7	1316.7	1674.2	3374.1
108.7	508.6	1310.2	1676.9	3343.9
108.8	512.7	1302.4	1690.3	3506.8
109.2	508.2	1292.7	1675.3	3596.7
109.9	484.3	1315.9	1674.0	3470.8
110.7	490.3	1308.5	1665.6	3423.8
110.9	475.7	1340.1	1650.5	3334.7
111.1	544.5	1430.8	1700.0	3335.3
110.2	477.5	1441.0	2006.4	3270.2
110.8	408.0	1510.7	2649.1	3686.3
110.0	265.5	1419.6	2624.6	3681.1
110.2	252.3	1349.4	2602.4	3660.5
110.2	241.9	1313.3	2425.6	3368.8
109.9	250.3	1383.8	2349.2	3247.4
109.0	260.0	1583.8	2499.3	3423.1
107.1	314.2	1668.5	2639.7	3536.4
104.7	618.5	1757.4	2633.2	3407.8
0.0	716.6	2149.4	2805.2	3432.8
0.0	956.2	2221.2	2770.6	3487.9
0.0	633.6	2040.6	2719.2	3489.1
0.0	652.7	2184.8	2670.4	3510.3
193.5	621.8	2210.5	2656.7	3353.6
0.0	590.8	2353.3	2696.2	3357.7
0.0	704.4	2189.9	2609.6	3451.2
0.0	838.1	1988.6	2552.7	3430.2
0.0	904.0	1931.7	2557.8	3403.9
0.0	916.5	1985.9	2571.6	3366.0
324.3	839.5	1897.8	2548.5	3327.8
0.0	542.9	1743.9	2521.4	3349.7
0.0	585.8	1734.7	2454.8	3419.3
0.0	492.0	1630.5	2362.7	3401.9
0.0	479.0	1591.2	2326.6	3381.3
115.7	511.1	1604.3	2329.6	3390.0
113.1	520.8	1615.3	2330.6	3424.4
109.6	524.4	1660.3	2346.0	3420.8
105.9	509.6	1720.8	2370.5	3469.6
103.3	501.6	1736.4	2369.8	3487.6
101.6	487.8	1766.1	2395.3	3476.1
100.2	476.5	1825.5	2414.6	3499.6
98.7	466.4	1873.8	2390.7	3544.8
97.2	424.6	1932.7	2370.7	3569.3
96.1	377.4	1950.3	2311.7	3613.8
95.1	363.5	1923.4	2220.8	3662.8
93.3	427.0	1957.0	2265.9	3559.6
90.2	406.6	1887.2	2438.2	3497.1
90.2	732.8	1800.1	2620.9	3477.1
375.0	1266.5	1727.9	2680.7	3609.5
0.0	1140.5	1665.6	2475.7	3521.9
0.0	1104.0	1606.1	2309.2	3435.9
0.0	745.8	1526.7	2118.8	3446.7
0.0	717.3	1461.2	2222.5	3400.1
521.7	552.6	1457.8	2138.2	3313.6
521.7	847.1	1489.4	2160.5	3253.5
521.7	928.7	1507.0	2178.0	3307.1
0.0	441.1	1351.1	1595.2	3510.8
131.0	431.0	1284.2	1538.8	3627.1
0.0	438.6	1315.5	1515.0	3668.2
93.6	451.9	1286.0	1500.6	3675.1
92.6	463.3	1273.3	1502.8	3655.9
92.3	457.6	1268.9	1503.2	3656.2
90.5	444.6	1264.7	1491.0	3680.1
89.7	450.7	1287.9	1491.0	3702.6
90.3	440.2	1297.7	1503.3	3655.5
89.4	442.5	1290.0	1510.3	3603.5
86.3	446.7	1271.4	1556.1	3666.7
86.6	468.9	1330.2	1614.3	3684.5
126.7	480.4	1317.1	1630.6	3647.1
114.0	489.9	1304.0	1672.9	3548.9
108.1	545.8	1312.2	1790.2	3449.4
0.0	544.5	1311.8	1848.9	3220.9
137.9	548.1	1319.9	2098.7	3273.8
126.3	561.9	1340.0	2461.7	3461.7
0.0	573.8	1542.2	2495.8	3410.0
0.0	605.2	1701.2	2622.9	3480.0
0.0	585.6	1665.0	2569.3	3490.5
0.0	697.2	1439.6	2408.8	3392.8
0.0	603.4	1270.8	2325.5	3525.4
0.0	589.1	1267.8	2298.0	3578.6
0.0	594.5	1279.8	2286.2	3583.5
104.4	587.1	1276.0	2299.0	3557.7
107.6	576.1	1259.3	2309.9	3525.2
106.8	581.6	1250.2	2313.3	3559.1
104.8	570.6	1227.7	2307.7	3574.3
103.8	529.5	1200.7	2271.8	3558.8
103.2	470.3	1212.2	2287.1	3477.1
102.5	425.6	1322.1	2398.4	3257.8
117.2	869.6	1498.9	2521.4	3390.5
91.2	822.8	1580.9	2566.6	3441.4
0.0	737.6	1481.2	2562.7	3467.6
0.0	674.1	1560.6	2571.0	3430.1
0.0	627.0	1665.2	2561.7	3385.4
0.0	991.5	1711.0	2634.5	3451.8
0.0	689.9	1635.2	2457.4	3369.4
0.0	896.5	2046.4	2556.0	3292.8
0.0	1023.9	2137.1	2805.8	3310.3
0.0	870.1	2119.5	3274.9	3291.0
0.0	627.0	2280.5	3237.7	3636.9
0.0	908.7	2370.6	3266.8	3678.3
0.0	986.5	2356.9	3165.9	3599.9
0.0	679.9	1524.0	2551.9	3552.0
0.0	686.2	1571.7	2570.1	3622.3
203.4	656.7	1405.3	2539.4	3621.5
98.4	705.2	1366.6	2520.4	3643.2
0.0	536.6	1302.2	2530.0	3612.2
0.0	548.5	1315.1	2539.5	3549.0
95.5	581.8	1308.9	2530.2	3514.7
94.1	601.2	1302.1	2500.3	3509.0
91.9	637.8	1275.3	2473.0	3516.1
91.6	644.5	1265.0	2504.3	3533.1
92.2	672.6	1271.6	2507.5	3532.6
92.4	677.0	1286.7	2505.6	3515.8
93.1	838.6	1334.4	2496.6	3531.2
93.3	727.4	1347.6	2487.1	3460.0
91.7	704.0	1353.1	2497.2	3477.5
92.1	764.8	1402.9	2501.7	3561.8
91.9	685.3	1423.6	2453.0	3530.5
91.5	668.6	1465.4	2423.0	3552.4
89.8	637.8	1518.4	2424.1	3550.1
90.0	652.6	1557.0	2400.1	3455.1
90.5	654.8	1559.8	2395.3	3502.2
93.5	593.6	1616.4	2423.8	3592.3
93.8	545.1	1665.1	2455.5	3664.1
92.3	481.8	1626.8	2553.7	3521.3
98.7	307.2	1617.8	2579.1	3451.4
100.8	270.3	1567.3	2586.6	3446.5
83.3	242.4	1659.4	2565.6	3375.4
96.0	243.2	1477.1	2392.1	3220.2
109.1	229.4	1571.8	2407.8	3243.6
115.4	229.4	1673.8	2655.4	3424.6
117.6	230.7	1347.1	2490.3	3334.7
114.3	225.4	1277.8	2382.7	3305.5
112.1	230.2	1338.6	2315.3	3246.5
113.2	211.1	1444.6	2362.2	3312.3
105.3	582.0	1648.2	2580.9	3509.1
0.0	500.9	1638.5	2556.0	3759.5
0.0	517.6	1620.0	2535.6	3721.5
109.2	543.7	1607.6	2528.5	3663.9
100.8	571.8	1633.7	2510.1	3592.3
99.9	589.6	1666.6	2496.7	3575.7
98.3	583.4	1663.3	2498.7	3585.2
98.3	586.0	1700.9	2463.2	3562.5
97.3	587.4	1713.3	2451.5	3573.9
96.4	615.8	1721.4	2464.3	3548.6
95.8	621.3	1763.1	2423.2	3537.9
95.0	628.6	1753.6	2424.9	3526.7
95.1	689.8	1742.3	2497.8	3500.4
93.7	815.4	1733.5	2545.1	3521.9
92.6	781.1	1593.7	2528.6	3394.4
92.1	763.3	1478.8	2530.1	3365.3
91.2	729.6	1408.2	2458.4	3358.0
90.7	755.3	1352.9	2482.5	3406.0
90.0	742.4	1250.8	2603.1	3429.5
89.9	701.5	1228.3	2489.9	3352.6
89.7	676.2	1197.6	2319.6	3290.6
88.6	724.3	1156.0	2128.3	3050.5
87.5	694.1	1162.8	2226.9	3046.2
86.5	734.7	1169.6	2076.4	3135.4
85.1	704.5	1167.4	2031.7	3188.1
85.1	729.4	1223.1	2011.2	3217.2
84.9	767.6	1260.8	2090.1	3123.6
90.5	283.6	1234.3	2199.3	3251.6
94.3	708.5	1265.8	2252.5	3215.9
94.5	799.8	1365.0	2193.0	3202.3
93.0	812.6	1881.6	2568.9	3316.5
88.9	889.7	1854.5	2648.6	3439.6
89.6	892.5	1664.9	2447.7	3395.5
0.0	790.8	1685.8	2414.8	3271.3
87.0	737.1	1571.6	2310.2	3243.7
0.0	676.6	1479.0	2278.5	3220.6
151.9	882.3	1966.6	2568.4	3438.5
115.4	929.1	1813.7	2667.2	3387.4
0.0	841.9	1757.4	2635.3	3354.4
300.0	823.7	1696.3	2510.6	3416.6
285.7	774.3	1593.2	2535.2	3347.0
218.2	778.9	1699.0	2450.5	3213.0
210.5	761.7	1931.9	2648.3	3370.8
151.9	934.2	1978.4	2681.9	3485.4
0.0	756.6	1783.2	2589.6	3439.0
292.7	714.7	1745.1	2571.7	3366.1
164.4	974.3	1967.8	2619.6	3341.1
333.3	906.2	1867.1	2425.3	3277.4
203.4	795.0	1664.1	2380.5	3259.7
0.0	716.5	1902.1	2478.3	3324.1
164.4	716.9	1817.0	2518.8	3444.3
324.3	744.5	1520.7	2480.1	3278.0
500.0	949.3	1707.6	2589.3	3270.2
171.4	804.3	1835.4	2593.2	3306.4
0.0	1034.2	1820.3	2592.6	3402.2
0.0	1012.7	1681.5	2661.2	3426.0
545.5	935.5	1590.6	2666.3	3300.8
333.3	768.8	1568.5	2561.8	3322.0
375.0	698.4	1578.9	2561.8	3342.1
545.5	822.9	1639.6	2551.5	3339.3
218.2	949.1	1776.2	2593.2	3363.0
