0.0	0.0	0.0	0.0	0.0
0.0	0.0	0.0	0.0	0.0
0.0	0.0	0.0	0.0	0.0
0.0	729.8	1711.5	2562.4	3464.9
0.0	514.1	1520.9	2466.0	3419.4
0.0	561.3	1673.8	2462.5	3488.4
0.0	536.8	1616.8	2348.3	3489.7
0.0	579.5	1479.6	2321.8	3349.5
0.0	597.2	1489.1	2369.7	3395.6
0.0	524.1	1462.8	2386.8	3421.3
129.0	546.5	1537.3	2378.5	3429.0
0.0	661.7	1558.1	2396.8	3428.7
126.3	484.5	1400.3	2391.6	3404.4
0.0	628.0	1334.8	2321.4	3412.9
144.6	263.3	1330.1	2275.9	3444.5
133.3	259.9	1342.5	2278.4	3441.6
119.1	479.9	1343.2	2296.6	3429.9
120.0	579.8	1433.5	2340.2	3383.6
0.0	553.5	1477.0	2388.1	3456.9
0.0	548.4	1552.4	2405.7	3608.4
137.1	539.1	1577.1	2419.2	3667.4
133.8	569.0	1614.2	2448.8	3717.2
135.8	593.6	1665.5	2463.7	3732.4
141.2	610.2	1694.6	2463.1	3727.9
148.6	633.8	1738.6	2454.7	3707.3
154.6	623.7	1752.3	2470.8	3678.8
162.1	608.2	1759.3	2460.5	3666.4
167.4	562.0	1790.0	2478.4	3668.4
173.7	545.3	1809.5	2495.9	3665.1
179.1	530.2	1805.4	2502.9	3717.9
181.5	542.7	1758.9	2488.6	3775.3
183.6	431.0	1651.8	2410.5	3789.9
182.2	385.9	1483.5	2413.2	3757.3
89.6	373.1	1454.3	2407.4	3749.8
183.6	362.8	1463.6	2383.3	3321.9
181.8	345.5	1483.3	2437.5	3335.6
176.5	362.9	1488.8	2450.8	2969.8
171.4	452.1	1629.7	2419.2	3291.5
164.4	581.1	1926.2	2407.2	3544.3
157.9	639.9	2022.2	2496.7	3568.6
152.4	501.7	2119.6	2594.4	3558.3
151.9	507.2	2164.7	2603.9	3465.4
148.8	482.4	2162.9	2619.8	3430.6
151.9	479.8	2169.6	2591.5	3289.8
151.9	484.8	1893.6	2467.0	2819.1
154.9	387.1	2288.8	2568.8	3259.7
151.2	496.6	2323.9	2666.8	3772.5
150.1	356.5	2331.2	2664.0	3795.5
147.6	397.6	2308.9	2686.7	3679.9
145.0	378.8	2347.4	2707.9	3694.9
143.3	393.7	2366.7	2681.6	3631.2
142.9	366.1	2339.7	2544.8	3188.4
142.8	378.3	2285.0	2525.9	3141.3
143.2	356.5	2311.6	2652.2	3409.7
143.3	341.4	2311.9	2652.0	3448.2
144.5	326.7	2307.9	2653.9	3364.5
145.7	325.6	2307.5	2653.1	3434.1
147.0	325.4	2277.9	2645.6	3684.2
148.0	325.5	2260.0	2649.4	3755.5
148.1	326.4	2256.2	2667.5	3765.6
147.7	327.3	2258.5	2668.8	3821.6
146.1	355.0	2247.1	2647.1	3777.1
144.8	361.6	2220.2	2590.9	3650.2
149.7	362.1	2117.4	2545.0	3060.9
152.7	412.9	2144.3	2513.2	2757.9
157.9	513.7	2092.4	2513.4	3327.9
162.8	525.9	2023.8	2440.5	3324.6
166.6	559.2	1998.7	2446.0	3345.5
166.0	514.7	2015.7	2386.3	3367.9
160.9	621.9	1935.9	2403.6	3357.7
159.5	718.7	1886.1	2505.9	3614.8
162.9	789.3	1901.3	2438.0	3593.6
83.9	800.5	1893.9	2427.4	3620.8
85.7	810.9	1827.0	2446.6	3640.5
0.0	810.1	1798.3	2412.1	3639.4
0.0	784.2	1745.2	2390.0	3565.8
0.0	805.8	1716.4	2419.0	3353.0
127.7	817.6	1716.9	2485.1	3448.8
111.1	862.7	1637.5	2438.2	3456.1
162.2	845.3	1686.0	2520.7	3493.3
0.0	801.7	1707.6	2645.9	3508.3
0.0	777.9	1685.9	2614.8	3503.3
0.0	794.5	1657.6	2489.8	3470.9
0.0	849.8	1649.6	2452.8	3483.4
0.0	796.6	1717.0	2512.6	3491.1
0.0	725.7	1639.5	2488.1	3352.2
146.3	719.2	1756.3	2502.5	3471.9
0.0	771.8	1795.5	2610.5	3394.7
0.0	930.5	1790.1	2600.6	3346.0
0.0	1017.5	1838.1	2646.1	3433.1
0.0	992.5	1853.6	2699.0	3465.9
63.5	981.1	1858.4	2678.0	3540.1
0.0	1024.1	1850.3	2631.7	3552.4
0.0	951.3	1726.0	2643.9	3532.9
0.0	749.0	1613.7	2599.6	3405.2
0.0	852.6	1780.5	2599.8	3404.2
0.0	854.4	1781.1	2614.7	3490.3
0.0	1115.3	1808.0	2694.3	3540.4
0.0	907.1	1448.1	2513.5	3554.1
0.0	759.5	1513.2	2533.9	3493.8
0.0	701.4	1762.8	2655.0	3478.5
0.0	864.8	1803.9	2674.8	3504.0
0.0	736.5	1794.2	2626.7	3529.4
0.0	938.8	1862.6	2724.8	3545.4
0.0	1112.6	1899.8	2656.5	3519.6
0.0	844.4	1642.4	2583.5	3493.6
63.8	614.1	1492.4	2460.1	3368.6
0.0	607.4	1644.7	2533.3	3424.5
0.0	1140.1	1996.5	2864.2	3530.2
0.0	517.9	1446.6	2663.0	3522.8
0.0	565.1	1404.6	2742.2	3534.9
428.6	563.7	1431.1	2544.8	3486.6
146.3	709.3	1647.5	2649.3	3506.2
0.0	731.1	1706.7	2786.9	3523.6
0.0	792.5	1752.3	2759.3	3476.2
0.0	723.2	1702.1	2643.5	3388.2
0.0	386.0	1600.2	2466.1	3306.3
0.0	369.2	1573.9	2567.3	3357.0
240.0	686.9	1692.1	2681.4	3440.9
137.9	634.3	1571.1	2649.3	3471.8
84.5	616.4	1556.8	2699.5	3495.5
240.4	910.5	1693.8	2750.8	3528.4
272.4	827.6	1665.4	2818.4	3444.3
102.6	756.6	1630.6	2604.6	3390.5
0.0	658.1	1527.7	2436.9	3408.8
0.0	539.5	1461.6	2401.2	3478.7
0.0	552.3	1529.5	2417.4	3548.0
0.0	564.9	1564.3	2431.4	3660.7
161.8	609.8	1562.9	2456.8	3671.9
161.2	625.9	1603.8	2477.5	3680.0
162.7	640.5	1635.3	2480.5	3674.2
167.0	622.0	1640.2	2466.3	3684.9
173.3	603.8	1647.0	2470.5	3640.3
179.4	594.2	1667.0	2479.5	3625.8
184.1	567.9	1664.2	2467.1	3594.6
187.1	553.8	1601.6	2407.6	3474.2
187.5	515.1	1464.7	2373.8	3448.5
190.5	430.7	1367.8	2385.5	3400.7
179.2	374.5	1305.2	2296.0	2704.5
90.2	358.7	1267.6	2186.1	2501.9
176.5	398.8	1253.9	2185.7	2524.9
86.3	392.4	1170.5	1777.8	2582.7
85.1	412.4	1104.2	1960.9	2724.2
166.7	543.2	1081.5	2395.6	2984.6
159.8	479.1	1049.1	2513.3	3232.8
154.0	469.4	982.4	2493.8	3356.6
147.7	467.5	847.2	2441.9	3421.2
140.5	503.5	846.0	2455.5	3395.2
134.4	528.6	906.1	2417.7	3265.4
129.1	545.5	951.2	2412.9	3230.6
123.9	592.5	998.6	2399.1	3216.0
117.2	609.5	1049.0	2356.3	3178.6
112.8	626.0	1105.0	2339.4	3245.2
109.3	649.1	1169.4	2338.6	3273.6
103.4	654.1	1238.0	2329.1	3369.9
97.5	653.8	1293.4	2332.7	3397.9
89.7	647.1	1361.9	2322.7	3473.7
106.2	640.1	1408.0	2374.3	3496.9
82.2	617.1	1471.5	2353.2	3437.4
0.0	576.2	1500.4	2434.5	3490.1
130.8	546.8	1581.2	2637.0	3615.0
68.6	505.8	1745.2	2642.8	3604.3
0.0	893.9	1876.9	2678.8	3567.8
121.2	837.3	1761.9	2768.1	3490.4
0.0	833.0	1860.5	2689.9	3321.1
0.0	831.4	1607.4	2501.2	3204.3
0.0	896.6	1707.6	2725.6	3408.5
0.0	813.1	1728.5	2717.6	3457.8
0.0	974.6	1831.0	2592.2	3392.2
125.0	977.8	1866.2	2613.1	3456.3
0.0	954.0	1760.9	2645.5	3501.7
144.6	856.0	1595.8	2619.8	3431.5
63.8	898.2	1690.6	2533.3	3398.5
136.4	979.6	1949.9	2687.2	3546.6
0.0	1122.9	1833.5	2700.5	3546.6
0.0	1101.8	1715.6	2604.6	3503.2
0.0	996.8	1677.7	2576.3	3401.3
0.0	920.1	1788.7	2561.7	3381.2
0.0	1171.0	1838.8	2691.5	3493.8
0.0	1114.7	1885.2	2735.8	3444.1
0.0	1059.9	2041.5	2759.2	3429.2
0.0	1094.2	1711.5	2443.1	3337.8
0.0	1066.7	1791.1	2576.5	3336.1
0.0	981.5	1812.7	2720.6	3433.0
121.2	972.6	1635.1	2607.3	3320.9
67.8	943.4	1622.9	2544.9	3431.5
122.4	907.1	1842.9	2661.2	3500.3
0.0	1043.5	1880.2	2729.5	3498.3
0.0	929.6	1728.7	2539.9	3417.3
0.0	910.1	1613.1	2550.1	3511.7
0.0	992.8	1787.1	2576.8	3526.3
0.0	909.6	1767.6	2565.1	3447.7
0.0	751.2	1743.8	2590.4	3356.8
0.0	719.1	1644.4	2525.9	3286.4
0.0	644.6	1478.3	2518.4	3337.7
300.0	1028.0	1581.9	2669.4	3396.5
153.8	1100.2	1707.6	2586.7	3457.2
0.0	745.3	1654.1	2448.6	3470.7
0.0	689.5	1609.0	2538.0	3423.7
98.4	800.8	1622.5	2515.0	3401.3
0.0	913.5	1753.8	2534.3	3355.4
0.0	922.0	1829.3	2618.7	3424.4
0.0	963.2	1807.9	2569.6	3415.1
123.7	849.5	1721.1	2515.7	3334.2
0.0	826.2	1627.8	2514.3	3373.3
0.0	856.4	1560.0	2568.0	3418.0
0.0	858.7	1726.5	2611.6	3458.0
0.0	679.7	1805.2	2580.6	3563.4
0.0	991.6	1787.2	2666.8	3482.7
113.2	1030.7	1830.7	2692.1	3479.1
121.2	887.9	1847.1	2610.3	3395.6
0.0	989.1	1787.7	2583.7	3446.8
0.0	954.8	1672.3	2497.1	3456.3
0.0	940.4	1760.4	2554.7	3376.4
0.0	927.7	1813.1	2642.6	3510.9
0.0	742.1	1627.1	2606.7	3477.3
0.0	1015.8	1874.9	2644.5	3489.1
0.0	1071.9	1823.0	2585.6	3386.1
0.0	510.9	1680.2	2546.5	3360.6
0.0	533.8	1770.8	2637.8	3468.7
0.0	730.7	1692.7	2615.0	3436.6
0.0	712.1	1797.0	2776.4	3452.7
63.8	808.4	1771.7	2728.1	3373.0
0.0	829.4	1714.3	2630.0	3424.3
