0.0	0.0	0.0	0.0	0.0
0.0	0.0	0.0	0.0	0.0
0.0	0.0	0.0	0.0	0.0
0.0	954.4	1845.3	2684.9	3472.6
0.0	914.4	1836.7	2724.5	3466.9
0.0	1046.5	1891.5	2736.3	3476.2
0.0	1042.3	1835.8	2579.1	3400.8
0.0	912.4	1851.4	2654.6	3322.1
0.0	963.8	1822.3	2608.3	3313.2
0.0	970.7	1858.3	2615.5	3346.5
0.0	946.3	1856.3	2735.6	3437.1
0.0	750.2	1761.6	2788.3	3438.2
0.0	688.3	1762.9	2761.9	3491.0
0.0	871.5	1674.6	2443.0	3372.0
0.0	993.9	1544.4	2463.4	3230.9
0.0	848.7	1550.4	2478.9	3406.0
0.0	708.3	1570.8	2354.4	3386.2
235.3	854.7	1671.6	2463.3	3391.7
0.0	679.9	1737.1	2691.2	3579.0
413.8	753.8	2058.7	3044.5	3993.6
0.0	800.6	1861.8	2939.0	3913.0
0.0	862.4	1709.1	2931.7	3692.0
387.1	687.6	1769.3	2854.5	3739.3
0.0	803.1	1934.2	2948.7	3853.9
0.0	1250.8	2007.1	3000.4	3834.4
0.0	755.5	1717.7	2785.7	3782.0
0.0	814.8	1913.9	2826.4	3776.6
333.3	769.1	1826.1	2829.1	3785.4
0.0	690.6	1775.3	2922.0	3854.2
0.0	774.0	1689.6	2774.8	3717.7
0.0	664.6	1622.2	2713.7	3696.2
0.0	638.6	1575.8	2748.4	3672.6
0.0	558.0	1305.3	2622.5	3551.2
182.9	558.0	1263.0	2611.2	3413.2
137.2	575.8	1255.3	2659.0	3445.6
140.0	582.3	1231.9	2651.2	3390.9
140.0	581.6	1165.9	2657.0	3390.0
141.3	568.7	1105.1	2572.8	3325.7
142.1	575.0	1033.5	2409.2	3278.9
142.0	592.9	970.4	2475.7	3319.6
140.7	338.8	880.4	2541.4	3339.6
144.6	327.4	882.6	2529.0	3297.5
147.5	332.7	890.4	2509.0	3323.7
148.1	331.5	913.6	2475.9	3330.0
150.0	331.8	918.8	2453.0	3344.4
151.9	333.1	932.8	2432.9	3338.8
151.9	307.1	930.3	2449.4	3329.5
151.9	301.0	910.8	2419.4	3289.5
149.9	288.6	908.0	2401.4	3223.1
148.2	282.8	900.3	2405.8	3190.0
146.1	293.1	897.5	2395.4	3237.7
144.8	300.1	900.7	2393.8	3253.8
140.1	535.3	1045.9	2418.5	3252.3
0.0	566.5	1095.6	2480.2	3396.8
144.5	588.8	1137.2	2487.9	3369.5
143.9	593.5	1217.6	2474.1	3402.5
144.1	592.8	1284.6	2487.3	3385.0
143.3	589.5	1318.3	2464.9	3365.2
143.5	581.9	1366.1	2478.5	3342.5
143.1	574.1	1439.9	2482.5	3395.0
143.0	542.7	1479.8	2504.1	3451.5
141.9	530.9	1490.4	2533.1	3407.0
140.5	466.3	1448.1	2540.2	3334.1
135.4	391.1	1453.3	2524.3	3324.8
65.5	429.7	1564.7	2504.3	3374.4
140.3	394.2	1790.4	2536.8	3465.5
141.4	478.1	1916.6	2553.6	3465.2
141.3	445.9	1976.1	2544.2	3496.8
141.8	396.1	2020.0	2561.4	3506.9
140.8	412.5	2068.6	2556.2	3446.1
140.1	370.0	2094.5	2527.7	3443.0
139.8	345.3	2082.3	2453.2	3411.1
139.2	411.4	1974.2	2375.5	3335.6
138.6	372.0	1755.4	2405.2	3318.6
138.1	382.0	1467.1	2411.2	3313.4
137.1	374.4	1230.0	2430.2	3262.8
135.8	323.3	981.5	2453.9	3236.7
133.2	518.9	925.7	2506.4	3233.5
131.7	436.5	846.0	2527.0	3331.4
131.3	415.2	770.1	2559.3	3387.6
130.8	452.0	845.4	2562.7	3236.3
129.6	401.7	883.2	2532.1	3213.6
128.3	395.8	968.0	2507.3	3139.1
126.1	417.1	1077.1	2484.5	3122.3
122.0	420.9	1194.5	2470.5	3184.0
119.3	454.9	1290.2	2424.6	3219.4
116.6	464.1	1377.0	2425.6	3302.5
115.3	449.4	1395.6	2425.9	3338.4
113.2	422.4	1386.3	2462.8	3360.9
106.2	649.3	1423.0	2578.5	3429.3
106.2	865.5	1615.8	2551.8	3584.4
105.3	757.0	1757.6	2491.3	3492.6
113.2	735.6	1872.1	2446.5	3526.8
120.0	683.8	1740.1	2534.8	3495.0
122.4	465.4	1477.5	2502.1	3360.3
118.8	307.1	1498.9	2479.6	3351.4
125.0	283.2	1105.0	2461.5	3103.4
120.0	306.7	1069.9	2461.3	3139.5
120.0	481.2	1535.7	2480.4	3258.7
118.8	433.9	1425.0	2494.5	3274.5
117.7	298.4	1392.8	2493.3	3209.9
0.0	412.3	1387.4	2513.6	3303.4
118.8	483.4	1372.0	2483.7	3362.7
123.0	524.8	1371.3	2488.4	3469.0
122.8	547.7	1343.2	2610.5	3379.6
120.0	571.7	1286.3	2654.9	3275.1
121.3	577.3	1212.0	2666.4	3242.6
121.5	584.8	1134.3	2713.3	3288.0
122.5	572.9	1048.2	2725.4	3254.7
124.4	542.3	999.7	2688.7	3166.6
125.4	527.8	958.9	2662.9	3134.9
126.8	512.5	899.8	2666.5	3127.8
127.7	510.2	884.2	2694.2	3139.3
127.7	504.0	882.0	2678.6	3135.1
127.0	508.9	890.3	2662.2	3113.2
126.3	522.1	844.9	2651.1	3114.3
125.1	511.3	799.9	2648.7	3151.0
123.7	551.3	814.0	2606.3	3157.6
121.0	590.4	894.4	2563.6	3163.0
118.5	592.4	1335.7	2546.6	3206.9
117.0	603.0	1557.4	2552.3	3289.0
115.7	616.7	1646.0	2577.3	3420.9
114.1	635.7	1639.7	2599.9	3437.2
112.9	631.1	1681.9	2578.7	3445.3
114.3	531.9	939.8	2461.4	3351.5
119.4	529.5	955.1	2477.9	3356.2
120.4	606.4	994.5	2459.4	3371.7
119.4	643.8	1014.3	2414.4	3367.7
116.8	672.9	1055.1	2421.9	3404.2
114.4	688.2	1107.1	2388.6	3407.5
112.1	705.8	1133.9	2352.8	3395.4
111.6	719.3	1185.1	2331.4	3366.1
111.3	753.5	1294.7	2296.6	3320.8
111.7	736.1	1381.8	2304.7	3247.7
113.1	717.3	1455.0	2279.6	3184.9
111.9	701.5	1504.0	2266.7	3252.8
111.6	650.1	1581.1	2275.3	3299.9
109.9	596.5	1690.7	2325.3	3333.7
113.4	563.8	1816.2	2387.6	3427.6
111.7	523.9	1926.5	2454.1	3516.7
112.9	436.9	1977.1	2476.2	3577.5
112.7	439.5	1987.1	2495.1	3653.8
112.5	439.6	1969.5	2502.9	3634.4
111.9	459.0	1938.0	2511.1	3601.7
108.5	512.1	1845.4	2594.4	3576.4
106.2	778.2	1818.8	2623.9	3571.6
0.0	827.8	1809.7	2655.9	3558.0
0.0	1015.0	1814.4	2929.4	3656.9
179.1	607.9	1791.8	3094.6	3893.7
0.0	715.7	1740.6	3067.1	3709.1
571.4	462.8	1763.9	2976.5	3671.6
0.0	550.5	1714.8	2967.1	3806.8
0.0	751.3	1673.9	2956.6	3753.7
0.0	738.9	1654.6	2744.8	3578.4
0.0	683.5	1608.4	2675.4	3592.0
64.9	383.3	1582.1	2544.4	3629.8
0.0	386.6	1584.6	2500.9	3648.1
109.3	400.1	1585.9	2523.3	3645.4
65.9	386.1	1582.5	2522.7	3642.6
0.0	366.2	1557.8	2515.8	3573.9
162.3	387.7	1564.0	2554.2	3673.3
0.0	377.0	1537.3	2530.7	3622.9
0.0	374.7	1531.1	2526.7	3604.5
261.0	407.8	1520.4	2557.4	3698.9
0.0	353.8	1493.8	2542.2	3673.1
141.6	434.2	1491.1	2551.6	3580.1
155.0	379.2	1477.8	2557.6	3686.5
131.9	385.8	1476.8	2576.0	3660.6
67.0	412.8	1464.9	2686.7	3661.2
0.0	424.7	1477.0	2919.9	3731.0
123.7	703.2	1497.7	2945.6	3821.2
0.0	727.0	1542.2	3029.1	3804.1
0.0	989.7	1614.1	3007.6	3814.5
315.8	754.9	1719.8	2984.4	3903.0
0.0	468.8	1829.3	3005.9	3822.5
387.1	766.5	1859.3	3096.1	3816.0
0.0	623.1	1759.2	3048.3	3832.9
0.0	846.4	1648.3	3041.5	3821.8
139.5	968.4	1907.0	3120.5	3806.2
148.1	1061.5	2041.8	3104.9	3805.1
67.8	887.2	2085.6	3137.3	3740.4
0.0	893.5	2028.5	3033.9	3708.4
500.0	778.2	1744.4	2991.5	3747.5
0.0	778.1	1841.3	2831.0	3751.2
108.1	912.3	1613.1	2632.5	3788.5
0.0	865.0	1573.0	2578.6	3772.6
0.0	801.8	1600.1	2484.3	3561.2
0.0	752.9	1530.5	2406.6	3319.2
99.2	730.8	1656.5	2421.7	3284.6
0.0	770.4	1529.0	2514.0	3321.8
0.0	750.5	1607.7	2480.9	3491.6
0.0	683.4	1697.0	2512.9	3449.3
0.0	657.9	1578.8	2456.8	3306.5
0.0	652.9	1407.7	2356.8	3399.1
0.0	688.0	1459.5	2354.9	3386.7
0.0	682.9	1728.4	2528.9	3449.4
