0.0	0.0	0.0	0.0	0.0
0.0	0.0	0.0	0.0	0.0
0.0	0.0	0.0	0.0	0.0
0.0	761.4	1786.5	2714.5	3562.8
0.0	782.1	1780.8	2646.0	3401.3
0.0	1005.0	1849.9	2647.2	3429.0
0.0	1000.0	1793.0	2685.9	3387.0
0.0	756.5	1707.5	2689.9	3381.9
0.0	712.7	1880.9	2675.8	3400.2
0.0	719.0	1754.3	2596.7	3370.6
0.0	722.4	1719.3	2676.9	3407.1
0.0	733.6	1733.9	2636.2	3439.0
0.0	674.9	1742.3	2663.8	3347.9
0.0	667.3	1772.9	2698.0	3461.2
0.0	659.6	1699.6	2644.3	3491.1
0.0	515.1	1657.3	2629.4	3552.5
0.0	660.9	1701.1	2692.7	3525.6
0.0	487.4	1744.2	2666.2	3433.1
0.0	462.6	1774.7	2637.4	3487.1
0.0	462.9	1737.5	2664.9	3519.2
0.0	464.2	1747.7	2646.0	3499.4
109.1	466.9	1714.5	2632.1	3430.6
109.1	478.1	1682.6	2621.9	3403.9
90.2	475.4	1659.8	2578.7	3382.3
100.0	453.9	1566.8	2511.2	3338.0
91.6	398.1	1367.4	2454.7	3378.6
76.9	278.4	1271.7	2447.4	3329.9
71.1	285.7	1255.1	2446.3	3302.3
0.0	303.8	1282.5	2415.4	3340.4
315.8	325.4	1248.5	2431.9	3301.2
0.0	313.2	1158.0	2454.4	3227.5
0.0	391.7	1135.1	2427.5	3279.4
63.5	312.0	1120.2	2435.2	3350.8
87.0	329.2	1098.3	2409.5	3289.8
100.0	341.2	1081.1	2433.3	3456.3
107.1	345.6	1062.1	2480.8	3580.4
106.2	485.4	1056.1	2455.2	3553.5
109.1	574.6	1148.2	2480.3	3457.5
108.1	577.2	1179.1	2501.2	3528.0
110.1	576.5	1168.3	2456.3	3550.2
108.1	580.9	1156.0	2442.1	3553.5
108.1	579.3	1124.5	2454.6	3549.2
108.1	576.6	1110.5	2471.3	3540.7
109.1	570.4	1093.0	2472.4	3548.7
110.1	565.4	1101.3	2485.9	3491.4
111.1	556.2	1123.1	2491.1	3448.0
112.1	562.6	1164.1	2484.8	3420.7
113.2	553.7	1200.3	2453.1	3253.4
114.8	528.5	1225.2	2378.5	3003.5
116.5	495.6	1241.2	2230.9	2706.0
117.6	446.8	1249.1	2004.0	2619.0
115.4	474.6	1239.2	1800.5	2653.2
108.1	494.6	1244.9	2001.1	2673.3
119.8	458.9	1265.3	2134.1	2734.8
118.9	465.6	1262.2	2200.6	2807.1
118.9	470.8	1228.5	2244.9	2911.0
118.7	452.4	1199.9	2246.9	2991.2
115.8	459.1	1189.9	2268.1	3050.8
114.3	444.6	1190.2	2277.9	3258.8
111.8	415.0	1188.5	2302.8	3262.8
109.1	470.1	1230.0	2333.5	3363.5
106.2	454.6	1212.3	2340.2	3363.0
101.8	506.3	1228.4	2377.1	3380.5
99.2	536.0	1248.5	2415.8	3445.6
96.8	472.0	1298.7	2456.0	3386.3
108.1	478.6	1340.9	2311.0	3361.9
117.6	475.7	1380.1	2267.2	3363.1
116.4	515.8	1420.2	2286.4	3377.3
116.5	554.2	1499.2	2300.1	3355.2
115.9	566.6	1585.5	2439.5	3397.4
115.3	568.6	1641.9	2619.9	3444.6
114.3	569.9	1684.4	2727.6	3478.7
114.2	565.2	1707.4	2724.9	3470.2
114.1	561.9	1744.8	2736.3	3471.8
114.1	548.6	1763.7	2729.3	3470.3
114.1	544.2	1770.3	2724.2	3426.5
114.3	508.0	1777.4	2721.4	3439.1
114.3	479.7	1916.7	2723.0	3529.4
115.2	440.6	1946.9	2705.3	3601.6
116.6	427.0	1937.2	2655.1	3620.1
116.7	397.0	1946.4	2657.0	3659.3
116.2	360.3	1935.9	2620.8	3690.6
113.2	344.9	1892.3	2634.2	3713.3
109.1	323.4	1832.7	2663.9	3646.1
71.0	730.9	1781.5	2670.7	3538.1
72.2	811.7	1990.2	2711.0	3560.1
131.9	749.5	2020.6	2735.9	3558.1
0.0	808.5	2015.4	2879.3	3751.8
200.0	1031.3	1936.6	2845.1	3770.2
0.0	1055.4	1862.9	2836.5	3551.3
226.4	959.5	1904.8	2824.1	3421.9
428.6	854.9	1930.3	2812.6	3601.1
0.0	959.0	1942.6	2864.3	3708.3
0.0	1056.2	1927.4	2893.1	3721.2
0.0	858.1	1872.7	2755.5	3703.1
0.0	893.2	1860.3	2732.8	3634.3
0.0	902.5	1862.6	2692.9	3573.6
444.4	905.0	1887.2	2684.1	3579.9
333.3	813.5	1895.1	2706.2	3575.7
200.0	941.4	1911.0	2703.6	3645.5
218.2	903.5	1771.2	2678.7	3530.9
0.0	905.6	1603.8	2611.6	3561.9
0.0	468.5	1777.9	2530.3	3622.8
0.0	461.3	1766.5	2513.3	3567.7
121.2	486.0	1743.3	2493.4	3603.5
120.0	463.6	1749.0	2478.7	3620.2
116.5	453.1	1712.3	2479.7	3632.1
113.2	426.5	1685.6	2487.3	3642.7
111.1	443.3	1665.8	2487.0	3633.4
110.1	431.0	1648.9	2474.6	3556.0
110.1	435.9	1606.5	2464.4	3587.8
108.1	441.3	1598.6	2468.8	3632.5
106.2	444.3	1576.6	2495.7	3600.9
106.2	527.6	1595.8	2567.5	3616.3
102.6	637.4	1570.6	2601.6	3562.2
104.3	750.3	1656.3	2625.9	3553.1
104.3	850.0	1814.2	2725.4	3717.9
102.6	671.3	1764.9	2830.0	3582.2
0.0	488.7	1705.2	2573.2	3419.6
0.0	753.5	1632.3	2486.2	3368.2
76.9	569.1	1645.8	2641.6	3391.2
65.6	529.4	1662.0	2576.8	3494.7
113.2	596.5	1703.7	2573.0	3376.1
0.0	643.7	1610.4	2612.1	3416.4
0.0	506.3	1603.8	2508.9	3345.7
0.0	590.4	1684.3	2474.1	3370.3
0.0	592.2	1679.5	2444.6	3351.2
0.0	390.5	1749.2	2321.2	3339.0
0.0	393.3	1815.0	2314.0	3448.9
110.7	367.3	1841.6	2346.6	3478.5
111.1	374.2	1874.4	2335.8	3504.8
110.8	397.8	1885.9	2375.3	3488.7
110.3	438.2	1917.4	2416.7	3547.3
109.3	473.1	1946.7	2450.1	3567.0
109.1	446.8	1965.7	2451.0	3540.0
107.4	537.0	2023.3	2551.2	3495.6
105.1	576.9	2045.7	2598.8	3479.2
103.7	531.7	1957.7	2562.5	3344.7
100.8	517.8	1915.7	2551.2	3321.3
102.6	876.8	1938.5	2576.0	3343.8
102.6	861.6	1958.8	2626.4	3331.5
100.0	660.9	1907.5	2638.3	3387.0
102.6	688.7	1942.1	2565.9	3461.3
104.3	614.0	1925.2	2585.0	3361.1
104.5	587.7	1847.7	2573.9	3322.1
105.3	567.7	1841.8	2527.1	3336.6
104.3	563.7	1847.6	2496.4	3380.6
103.4	557.7	1846.3	2495.2	3413.0
100.8	546.9	1854.4	2470.8	3426.3
100.8	529.1	1872.2	2487.1	3384.5
99.3	516.3	1882.1	2479.9	3415.5
99.1	498.6	1909.8	2469.4	3407.7
98.7	494.0	1949.8	2455.2	3413.1
98.3	493.1	1938.6	2460.6	3476.6
97.5	497.5	1921.7	2459.7	3408.6
96.8	469.5	1930.5	2434.9	3272.9
96.0	444.4	1917.0	2385.1	3182.7
95.1	419.6	1857.9	2355.1	3169.6
94.6	388.1	1788.0	2325.3	3242.6
92.9	383.1	1762.0	2345.3	3304.9
89.4	347.7	1748.1	2368.0	3307.3
87.2	345.5	1727.7	2329.4	3289.7
86.2	344.5	1792.2	2433.2	3372.2
85.9	368.3	1834.5	2510.9	3269.0
86.3	340.6	1839.8	2471.9	3300.6
86.5	353.6	1986.9	2582.7	3426.3
87.4	353.4	1945.4	2596.2	3484.8
88.3	363.6	1895.5	2518.5	3417.1
88.3	384.5	1883.7	2429.6	3291.0
88.2	410.7	1845.4	2440.5	3211.4
87.7	435.0	1819.9	2447.2	3186.6
87.5	445.7	1794.5	2410.9	3129.7
87.6	459.8	1760.2	2392.3	3120.7
87.0	474.8	1626.9	2367.9	3117.6
85.9	477.3	1571.0	2284.1	2988.4
85.4	484.7	1563.9	2173.2	2934.2
84.4	527.0	1564.1	2177.7	2881.7
84.4	585.0	1557.3	2132.7	2868.9
84.9	688.9	1577.9	2144.1	2871.4
85.5	697.6	1602.8	2132.9	2870.8
88.9	762.5	1686.0	2210.9	2918.2
88.9	784.1	1731.6	2204.0	2854.4
91.6	716.9	1620.6	2095.5	2849.4
96.0	785.5	1597.4	2125.8	2911.5
92.3	804.4	1616.9	2342.2	2890.3
98.4	700.6	1564.7	2461.3	2911.5
96.8	750.6	1633.0	2284.5	2894.4
98.4	769.7	1758.3	2394.5	3025.5
96.0	773.9	1815.0	2484.5	3250.9
90.9	855.7	1857.6	2539.5	3241.9
76.4	812.9	1794.2	2527.8	3174.3
333.3	797.8	1682.8	2458.8	3038.8
150.0	788.7	1604.0	2370.6	3005.1
0.0	717.6	1547.2	2312.1	2939.5
206.9	811.9	1553.4	2397.2	3154.2
0.0	798.2	1518.0	2384.1	3309.4
260.9	778.2	1637.7	2367.2	3089.5
0.0	674.2	1648.9	2394.4	3111.7
0.0	780.8	1728.5	2430.0	3073.6
0.0	757.1	1693.0	2355.6	3056.7
102.6	644.1	1581.3	2261.8	3016.0
