0.0	0.0	0.0	0.0	0.0
0.0	0.0	0.0	0.0	0.0
0.0	0.0	0.0	0.0	0.0
0.0	803.5	1728.3	2823.2	3386.4
0.0	869.9	1779.3	2656.7	3376.5
480.0	780.9	1795.2	2640.2	3351.6
100.8	841.0	1756.7	2596.7	3310.7
190.5	854.8	1661.3	2487.9	3281.0
0.0	743.6	1623.1	2577.0	3303.6
222.2	775.4	1688.7	2575.8	3223.9
0.0	831.1	1700.6	2652.6	3308.9
63.5	838.7	1736.4	2657.5	3399.2
108.1	622.5	1646.4	2582.2	3404.2
0.0	609.4	1464.2	2571.5	3337.2
203.4	803.1	1788.7	2662.5	3387.5
0.0	839.4	1819.4	2702.4	3419.1
0.0	830.3	1823.9	2694.7	3463.6
0.0	771.8	1714.0	2582.8	3333.5
0.0	758.4	1747.0	2560.4	3401.4
86.3	782.8	1770.9	2495.4	3427.9
0.0	764.7	1899.9	2652.3	3457.8
0.0	710.9	1771.5	2460.8	3403.7
375.0	857.9	1847.6	2469.8	3499.9
0.0	890.9	2024.2	2645.4	3524.0
0.0	880.6	1957.1	2704.7	3576.2
0.0	644.9	1821.4	2556.3	3541.2
0.0	646.7	1528.7	2542.1	3438.3
0.0	652.8	1425.0	2658.0	3408.7
144.6	670.1	1350.7	2654.5	3325.0
0.0	595.0	1248.5	2706.2	3325.2
0.0	567.2	1231.7	2740.5	3332.1
0.0	562.7	1251.0	2703.6	3281.4
138.3	564.4	1279.5	2723.2	3300.6
0.0	527.5	1282.0	2689.4	3244.7
127.8	540.3	1337.1	2723.1	3188.5
125.2	555.0	1398.3	2673.7	3222.0
124.6	652.0	1857.9	2633.6	3392.0
121.0	824.6	2169.6	2645.1	3365.3
120.7	664.4	2342.8	2820.1	3344.4
65.9	631.6	2279.3	2827.3	3269.2
0.0	1487.7	2271.0	2862.2	3446.8
0.0	1207.3	1929.1	2866.7	3384.4
0.0	753.6	1855.3	2767.3	3366.6
0.0	982.4	1839.9	2672.6	3209.3
133.3	672.8	1769.0	2582.8	3092.4
0.0	365.3	1738.6	2389.2	3089.2
0.0	340.8	1715.5	2332.6	3092.5
164.1	348.5	1683.9	2353.1	3100.2
0.0	391.1	1694.7	2382.6	3170.3
69.2	417.3	1732.3	2425.2	3214.8
63.9	489.4	1752.1	2449.8	3269.1
122.9	552.9	1796.9	2501.8	3334.0
121.8	550.9	1848.2	2502.5	3279.2
118.9	607.5	1827.2	2502.5	3261.1
115.8	708.3	1838.4	2560.6	3334.6
117.4	757.4	1890.4	2612.6	3321.2
114.9	728.2	1848.9	2613.9	3309.2
122.6	602.3	1908.0	2636.2	3341.3
122.9	550.8	2024.4	2627.1	3411.5
124.5	507.8	2054.2	2605.4	3314.3
125.6	484.0	2087.9	2611.5	3410.4
125.7	472.8	2126.6	2606.7	3472.9
127.9	440.4	2162.2	2619.4	3511.4
130.2	413.2	2177.6	2636.3	3517.6
129.6	398.0	2178.5	2604.1	3516.0
129.0	365.3	2167.3	2594.4	3568.0
72.6	350.6	2063.5	2564.9	3539.3
91.7	316.4	1906.8	2473.6	3188.7
151.0	326.2	1684.4	2382.1	3124.7
79.0	342.4	1547.5	2321.6	3301.1
166.7	674.5	1680.5	2432.4	3300.2
104.3	345.3	1634.5	2360.0	3370.7
0.0	387.5	1119.1	2248.5	3359.8
0.0	400.2	1124.7	2262.1	3335.4
0.0	431.2	1229.9	2225.2	3278.1
63.5	478.9	1429.4	2178.0	3273.5
0.0	444.1	1861.1	2415.1	3369.2
117.5	428.1	2045.5	2500.1	3407.1
129.8	419.7	2161.6	2544.4	3418.3
131.1	431.8	2221.6	2613.3	3470.0
128.9	460.7	2266.1	2638.1	3435.2
128.2	455.7	2266.5	2638.7	3416.8
127.3	468.1	2227.4	2602.1	3400.9
127.7	476.0	2164.7	2624.3	3417.0
127.4	499.7	2096.4	2632.0	3400.4
127.6	489.2	2049.8	2642.5	3392.5
128.0	515.5	2010.3	2652.4	3449.9
127.1	523.2	1975.7	2674.3	3462.1
127.4	509.4	1891.6	2670.0	3465.3
126.8	458.2	1770.9	2559.9	3440.4
127.1	471.4	1628.6	2327.4	3263.0
125.8	526.5	1636.7	2329.6	3303.0
129.9	508.4	1774.9	2539.3	3475.8
130.4	494.6	1972.9	2621.4	3479.8
131.5	452.9	2066.0	2606.5	3405.0
129.6	458.8	1931.1	2452.1	3283.0
129.3	418.7	1659.4	2372.8	3302.2
130.1	459.3	1069.3	2313.3	3281.4
128.5	480.3	1045.1	2323.9	3266.5
128.0	338.4	1066.0	2304.4	3221.9
128.8	505.6	1294.7	2300.4	3013.9
130.6	675.2	1586.2	2446.7	3055.8
129.5	594.6	1739.6	2511.3	3248.9
128.9	560.5	1942.0	2550.4	3294.1
129.8	518.2	1975.5	2524.0	3246.0
129.4	540.1	1938.7	2556.8	3187.0
128.2	601.8	2059.0	2754.9	3161.1
130.4	504.4	800.1	2418.6	2989.9
131.7	514.4	825.9	2513.6	2935.3
132.0	547.9	903.2	2415.0	2852.3
134.2	558.7	969.6	2223.4	2767.6
134.8	554.9	1019.8	2055.2	2781.3
136.1	544.8	1095.3	1922.0	2759.8
137.9	560.7	1147.0	1819.7	2773.9
140.4	555.9	1182.5	1763.2	2719.7
142.4	587.4	1225.8	1746.5	2764.7
147.5	712.8	1276.1	1746.6	2810.0
146.7	685.9	1311.8	1765.6	2906.3
137.1	702.1	1407.1	1782.0	2950.9
136.4	760.2	1421.8	1856.3	2820.7
65.9	816.7	1533.6	2096.0	2941.1
65.2	850.3	1433.0	2099.6	3032.6
0.0	861.8	1397.4	2055.7	2975.5
0.0	781.6	1415.3	2020.6	2977.8
0.0	789.3	1405.2	1971.5	3034.9
184.6	855.1	1489.1	2042.5	3002.1
214.3	704.2	1453.1	2060.7	2987.1
244.9	713.5	1423.4	2133.9	2974.7
250.0	701.9	1380.2	2170.6	3093.8
0.0	730.9	1386.5	2193.4	3122.2
0.0	715.9	1532.8	2289.4	3075.2
0.0	755.5	1603.2	2373.2	3168.9
0.0	755.8	1515.7	2366.9	3300.9
0.0	725.8	1500.5	2354.3	3213.4
0.0	688.2	1745.4	2509.9	3255.7
0.0	736.7	1665.1	2504.1	3287.6
0.0	844.1	1780.9	2474.7	3307.0
0.0	889.1	1755.4	2378.4	3254.1
0.0	747.6	1447.2	2315.5	3198.4
0.0	781.8	1421.2	2274.3	3182.6
0.0	918.2	1624.1	2468.3	3368.0
0.0	867.9	1521.9	2542.2	3384.5
0.0	871.8	1709.4	2548.0	3434.3
0.0	886.8	1818.9	2541.2	3585.0
0.0	740.9	1769.9	2444.4	3521.6
0.0	779.9	1712.9	2433.9	3432.5
0.0	936.9	1816.2	2501.6	3418.9
0.0	923.6	1788.1	2509.1	3418.6
0.0	846.2	1520.8	2480.9	3368.7
461.5	865.0	1619.8	2487.2	3366.0
0.0	834.7	1607.7	2579.0	3375.1
279.1	818.8	1881.5	2590.9	3374.7
70.2	746.5	1851.9	2508.2	3296.9
0.0	780.4	1709.3	2611.7	3358.6
240.0	854.2	1611.1	2547.0	3430.8
0.0	701.8	1462.0	2275.6	3178.7
0.0	798.8	1706.4	2387.9	3262.7
162.2	840.4	1509.9	2530.3	3404.6
387.1	851.8	1452.9	2512.3	3340.6
