0.0	0.0	0.0	0.0	0.0
0.0	0.0	0.0	0.0	0.0
0.0	0.0	0.0	0.0	0.0
0.0	1017.4	1785.0	2864.2	3485.5
0.0	978.4	1710.9	2710.8	3411.2
0.0	989.5	1768.2	2634.2	3394.7
0.0	867.3	1707.4	2620.2	3364.7
0.0	986.2	1690.4	2650.7	3388.2
0.0	952.2	1744.6	2676.3	3442.2
0.0	870.9	1837.7	2769.3	3539.2
0.0	955.3	1953.3	2760.0	3458.6
0.0	721.8	1642.2	2719.3	3393.3
0.0	835.4	1777.6	2739.9	3371.5
0.0	837.2	1863.6	2821.4	3392.9
0.0	528.0	1747.1	2810.0	3389.4
0.0	629.0	1949.3	2878.5	3440.3
0.0	834.8	2003.3	2949.0	3507.2
0.0	839.9	1965.0	2935.2	3476.1
500.0	813.8	1789.0	2924.0	3538.0
0.0	696.7	1882.4	2938.4	3619.3
0.0	673.2	2022.7	2991.9	3594.6
0.0	406.2	1960.9	2945.1	3506.4
0.0	415.8	1973.2	2869.0	3377.5
134.1	455.0	1996.1	2839.6	3421.8
138.6	433.5	1954.1	2756.1	3400.6
144.5	457.3	1912.7	2681.2	3396.3
147.4	466.8	1931.5	2667.1	3411.3
149.9	480.6	1891.6	2628.0	3431.0
151.0	535.1	1821.3	2630.5	3540.7
151.8	548.6	1754.1	2644.8	3575.6
152.2	541.5	1694.7	2707.1	3589.3
152.3	492.8	1642.8	2697.5	3532.3
151.7	433.2	1552.1	2652.9	3529.6
149.7	503.9	1576.7	2575.8	3611.3
67.4	371.3	1694.0	2611.3	3476.6
63.5	909.3	1796.7	2717.1	3498.9
176.5	763.4	1683.3	2633.9	3455.5
0.0	908.3	1789.4	2716.1	3448.0
0.0	842.6	1803.4	2782.6	3578.2
0.0	683.0	1750.4	2792.1	3686.1
0.0	686.7	1693.2	2780.5	3712.1
0.0	563.2	1719.8	2753.4	3616.8
0.0	571.7	1806.8	2770.5	3561.8
149.3	548.3	1901.5	2790.2	3611.7
146.1	502.5	1957.0	2752.7	3592.3
144.5	462.2	1998.0	2729.2	3544.7
143.1	440.9	2011.5	2656.6	3466.8
142.2	426.5	2003.1	2685.4	3503.9
140.6	419.5	2005.4	2666.3	3546.8
137.3	436.7	1976.3	2623.0	3534.4
134.1	511.6	1859.3	2618.6	3514.6
130.5	773.6	1860.3	2685.4	3509.6
74.1	1002.7	1942.0	2746.6	3608.5
70.2	784.3	1831.2	2759.9	3563.8
157.9	844.2	1840.1	2776.1	3649.2
74.5	803.9	1879.8	2695.3	3618.6
0.0	766.2	1876.6	2624.5	3549.9
0.0	878.6	1946.2	2690.1	3563.8
0.0	906.9	1758.5	2701.8	3534.1
0.0	731.4	1666.0	2589.2	3505.2
0.0	769.7	1570.8	2602.0	3526.2
173.9	757.8	1455.7	2416.2	3288.9
0.0	463.8	1224.2	2157.5	2926.4
149.9	464.3	1202.9	1971.4	2992.9
140.2	494.0	1136.3	1950.5	3017.9
140.4	529.7	1145.5	1988.4	3069.7
143.6	576.4	1149.0	2042.3	3144.3
144.8	593.1	1131.1	2133.6	3230.6
143.5	628.5	1138.5	2258.7	3335.2
142.7	646.9	1172.6	2364.0	3397.4
142.2	666.1	1231.9	2429.9	3411.3
141.3	677.9	1279.0	2481.2	3396.5
141.1	690.8	1344.3	2490.6	3410.8
141.4	695.5	1414.3	2520.3	3430.3
142.2	685.2	1447.5	2530.6	3446.8
142.6	679.9	1492.4	2477.5	3412.6
143.7	661.8	1538.4	2470.2	3400.4
144.0	646.1	1606.7	2491.7	3434.2
143.8	618.9	1689.0	2443.4	3362.4
143.8	596.0	1731.7	2443.4	3417.5
142.2	575.6	1716.9	2420.0	3434.2
141.2	535.3	1663.6	2330.5	3406.5
141.1	496.2	1534.5	2177.6	3367.6
139.8	540.1	1406.7	2262.3	3356.5
133.1	564.5	1554.3	2425.2	3365.7
124.3	481.9	1660.5	2544.0	3451.7
70.6	794.0	1752.0	2643.8	3425.7
115.4	846.9	1714.0	2736.6	3354.1
0.0	812.9	1770.8	2797.7	3376.3
133.3	823.8	1725.3	2820.8	3542.5
0.0	695.1	1693.6	2765.1	3603.5
0.0	624.9	1525.3	2556.5	3543.8
0.0	652.3	1456.0	2689.9	3488.4
0.0	615.8	1369.2	2633.3	3338.4
143.2	637.9	1283.3	2679.7	3406.1
119.7	685.2	1213.3	2733.4	3467.1
122.7	701.8	1134.5	2775.1	3482.7
116.7	704.1	1094.7	2818.0	3399.2
114.1	709.1	1121.8	2812.2	3410.4
111.9	711.2	1121.3	2781.4	3408.3
109.6	703.1	1102.4	2826.3	3416.9
107.1	716.4	1103.1	2838.8	3441.4
105.9	730.3	1127.8	2765.4	3459.4
104.8	723.6	1174.1	2751.7	3482.8
104.3	711.1	1202.7	2735.8	3493.9
102.0	703.2	1237.7	2704.5	3512.8
101.3	665.8	1249.7	2688.6	3520.7
100.1	634.9	1243.7	2696.4	3524.1
96.2	462.8	1292.6	2669.8	3535.8
98.2	528.5	1373.3	2612.3	3488.6
94.0	615.8	1476.5	2617.9	3457.0
93.0	660.2	1523.7	2644.7	3497.4
92.4	674.5	1577.5	2608.3	3451.1
93.2	670.3	1620.7	2608.5	3476.1
94.4	649.5	1645.7	2609.5	3516.2
0.0	671.2	1630.0	2607.4	3492.6
0.0	687.7	1601.3	2615.6	3549.9
115.0	620.6	1615.4	2627.5	3525.4
0.0	584.0	1603.8	2639.1	3510.3
78.5	522.7	1416.9	2555.4	3452.3
70.6	382.6	1404.0	2507.9	3393.0
214.4	598.8	1609.4	2499.8	3368.0
93.0	719.1	1767.1	2550.2	3384.4
0.0	787.3	1685.2	2568.6	3420.8
0.0	1052.8	1653.2	2655.2	3413.0
0.0	940.2	1496.8	2527.9	3388.5
0.0	1064.2	1477.5	2475.2	3313.1
0.0	943.6	1444.8	2583.8	3404.7
0.0	873.4	1656.3	2591.6	3495.8
0.0	894.2	1619.9	2574.1	3434.4
0.0	699.5	1323.6	2492.6	3466.3
0.0	750.6	1292.4	2485.6	3461.7
0.0	730.8	1339.3	2489.1	3320.4
0.0	1040.1	1615.6	2587.2	3431.1
0.0	1032.5	1600.4	2581.9	3391.6
0.0	1063.1	1407.6	2611.9	3399.3
0.0	839.3	1317.5	2411.0	3159.2
0.0	1037.2	1398.3	2453.1	3222.5
0.0	910.5	1367.4	2503.7	3393.0
0.0	925.4	1373.0	2462.3	3240.1
0.0	930.7	1375.0	2399.5	3152.5
0.0	1164.9	1491.1	2493.3	3327.1
0.0	713.5	1331.5	2460.4	3306.5
0.0	617.6	1323.7	2369.0	3284.6
0.0	671.8	1333.4	2458.1	3298.4
123.7	687.6	1293.8	2468.7	3316.1
0.0	705.1	1314.4	2478.1	3382.5
0.0	785.8	1363.2	2515.5	3371.8
0.0	824.6	1381.1	2531.7	3383.3
0.0	1036.4	1399.4	2560.9	3443.3
0.0	849.9	1366.6	2512.1	3370.4
0.0	850.7	1338.9	2447.5	3364.3
0.0	867.9	1351.6	2448.0	3438.3
