0.0	0.0	0.0	0.0	0.0
0.0	0.0	0.0	0.0	0.0
0.0	0.0	0.0	0.0	0.0
0.0	464.9	1760.7	2573.5	3461.9
0.0	805.7	1806.1	2586.7	3453.6
0.0	924.6	1829.7	2619.1	3458.4
0.0	970.8	1852.2	2651.7	3550.3
0.0	516.8	1838.5	2564.2	3513.8
0.0	1076.2	1898.4	2686.5	3478.6
0.0	1015.4	1798.1	2724.9	3451.2
0.0	750.4	1635.9	2769.7	3508.7
0.0	783.8	1750.1	2781.2	3555.0
0.0	839.1	1886.8	2784.0	3536.6
0.0	855.9	1826.1	2977.3	3515.8
0.0	739.1	1769.2	2902.0	3525.0
0.0	871.7	1928.5	2849.8	3543.8
0.0	493.6	1956.5	2864.3	3556.4
171.4	200.7	1945.1	2823.8	3520.0
0.0	263.8	1993.3	2761.3	3468.3
136.3	280.9	1994.4	2649.4	3430.7
0.0	315.8	1977.1	2515.2	3392.8
163.2	328.4	1939.1	2340.9	3384.7
161.6	348.3	1845.3	2209.0	3372.6
166.0	357.9	1691.2	2180.8	3348.0
170.8	375.0	1551.7	2219.5	3341.4
173.0	400.7	1401.4	2258.7	3315.8
175.9	401.8	1291.2	2242.4	3281.2
178.1	402.6	1228.1	2217.8	3263.6
180.6	403.1	1184.6	2203.0	3260.1
183.1	398.8	1135.7	2217.8	3254.8
185.7	403.8	1143.3	2225.5	3276.6
187.6	418.2	1162.4	2233.9	3268.4
189.3	462.9	1228.0	2243.2	3253.4
191.5	526.0	1317.0	2284.2	3247.4
191.5	565.9	1398.0	2290.5	3209.4
190.0	601.0	1490.9	2330.8	3153.8
188.3	602.0	1555.8	2440.9	3069.3
186.3	608.4	1572.3	2479.8	2973.0
183.4	653.9	1560.0	2528.8	2914.7
179.6	615.5	1503.9	2530.7	2835.7
175.8	597.6	1414.8	2341.8	2772.6
171.2	611.5	1370.0	2197.8	2813.5
169.0	558.7	1392.6	2201.5	2836.9
164.4	601.8	1424.2	2201.6	2899.1
160.6	646.2	1441.3	2220.6	2925.2
160.2	661.8	1439.3	2223.1	2959.4
156.3	682.6	1413.8	2146.2	3033.3
153.9	687.5	1390.7	2116.1	3117.1
153.9	690.6	1361.9	2112.2	3158.0
155.6	752.5	1331.4	2084.1	3178.1
158.2	977.7	1479.7	2088.1	3272.7
156.7	976.6	1564.6	2061.5	3347.9
152.6	750.4	1185.9	2029.1	3177.1
144.4	767.4	1339.5	2075.2	3287.2
71.8	750.7	1512.2	2091.3	3377.6
146.4	761.7	1449.4	2016.8	3219.0
155.4	551.3	1261.5	1893.0	3248.9
170.6	690.5	1251.5	1867.6	3374.0
186.8	613.6	1207.7	1854.5	3359.9
192.6	602.5	1226.5	1829.6	3341.4
193.5	588.0	1232.9	1807.7	3362.2
191.1	570.8	1223.8	1808.8	3402.0
190.0	577.7	1230.3	1822.0	3484.4
193.0	573.3	1232.7	1851.2	3490.4
192.2	567.6	1255.3	1891.7	3442.7
191.8	587.8	1311.0	1929.6	3376.7
190.6	600.6	1413.4	2033.3	3329.9
189.1	569.8	1507.9	2174.9	3260.3
185.2	546.9	1671.5	2320.6	3268.7
179.7	524.2	1811.0	2494.0	3342.7
173.8	488.4	1941.7	2633.1	3401.7
164.3	477.2	2029.3	2738.4	3443.0
156.8	494.6	2084.5	2814.8	3469.6
147.7	513.2	2089.7	2857.9	3455.5
140.5	351.8	2101.9	2900.6	3445.1
131.6	418.7	2090.1	2811.0	3407.6
125.5	391.6	2073.7	2696.1	3375.1
120.8	323.0	2054.9	2504.2	3351.7
116.4	341.6	1966.4	2275.0	3329.6
113.8	377.9	1646.1	2218.7	3317.6
113.0	397.5	1221.8	2262.2	3271.5
114.7	437.8	1043.7	2335.8	3231.1
113.9	416.2	841.4	2399.3	3278.0
114.4	377.2	800.1	2469.6	3369.6
113.5	440.4	974.3	2556.8	3507.4
111.5	471.6	984.8	2576.7	3508.0
117.0	499.3	760.2	2589.2	3460.8
121.3	502.2	771.6	2479.1	3324.9
125.0	532.7	854.2	2264.4	3254.9
131.3	594.0	960.5	2087.1	3259.2
134.4	565.3	1023.8	2003.5	3317.0
137.1	622.7	1111.4	1906.8	3215.7
137.9	595.7	1154.5	1801.1	3279.1
139.9	562.1	1210.9	1702.3	3226.4
140.8	557.4	1244.7	1680.0	3129.9
140.4	572.7	1301.4	1785.0	3087.5
137.4	582.6	1345.5	1880.1	3058.1
134.0	552.4	1426.7	1998.9	3041.5
126.2	520.3	1566.7	2065.9	3004.8
117.1	472.9	1795.0	2383.6	2968.7
111.7	436.7	1906.6	2620.5	3150.9
107.5	384.9	1983.5	2735.4	3376.7
0.0	375.5	2008.1	2853.5	3532.2
127.5	373.1	2024.2	2949.8	3505.8
0.0	364.7	2032.9	3013.3	3515.1
150.4	371.7	2030.3	2979.7	3440.2
0.0	392.6	2026.3	2998.8	3430.1
0.0	419.0	2035.7	2899.7	3449.7
104.8	431.9	2031.2	2806.9	3409.9
108.1	433.6	2015.0	2728.5	3366.0
106.4	442.1	1988.1	2612.3	3320.8
105.7	426.6	1952.5	2517.4	3305.2
104.7	421.8	1919.8	2467.1	3267.9
103.5	434.8	1863.2	2397.8	3245.2
101.6	463.4	1787.5	2348.0	3233.4
99.4	468.4	1688.2	2326.4	3232.5
98.0	475.6	1529.3	2355.1	3219.7
97.2	493.1	1398.0	2385.7	3261.8
95.9	503.6	1271.2	2435.7	3157.8
95.7	549.2	1151.8	2531.3	3155.8
96.6	570.1	965.5	2584.5	3218.4
95.4	645.6	928.0	2576.0	3265.7
94.3	625.3	897.7	2658.0	3335.9
92.8	619.0	982.2	2750.9	3444.2
88.9	509.1	1590.8	2648.0	3499.9
89.9	882.4	1569.3	2701.1	3512.8
98.5	878.6	1609.5	2702.2	3482.9
103.4	860.0	1574.2	2670.1	3419.7
99.2	855.0	1486.4	2673.1	3544.3
0.0	819.7	1533.3	2514.1	3626.8
0.0	919.4	1726.8	2519.6	3605.9
0.0	940.2	1548.9	2615.5	3455.3
400.0	692.0	1509.3	2557.4	3276.4
324.3	930.8	1624.0	2598.3	3409.7
0.0	956.0	1607.1	2575.8	3462.3
0.0	668.1	1525.9	2517.4	3403.1
315.8	650.7	1549.0	2533.9	3385.2
226.4	1017.0	1778.8	2673.1	3514.8
292.7	878.7	1795.0	2706.4	3509.1
0.0	788.7	1578.8	2664.3	3457.3
0.0	811.9	1603.8	2687.9	3391.2
0.0	865.3	1621.1	2732.6	3570.2
0.0	1005.4	1739.9	2772.0	3654.7
0.0	859.3	1636.6	2678.7	3577.4
0.0	736.7	1633.3	2704.9	3601.7
0.0	686.8	1744.6	2692.8	3529.2
0.0	701.6	1829.9	2619.3	3559.5
0.0	560.0	1516.3	2560.5	3534.9
300.0	613.6	1335.4	2529.1	3485.5
0.0	744.3	1474.9	2592.9	3486.6
0.0	881.1	1569.2	2599.2	3428.5
0.0	640.2	1386.3	2561.3	3412.7
0.0	734.5	1359.7	2587.4	3347.6
