0.0	0.0	0.0	0.0	0.0
0.0	0.0	0.0	0.0	0.0
0.0	0.0	0.0	0.0	0.0
0.0	696.7	1668.6	2551.7	3538.1
0.0	830.0	1718.3	2602.9	3582.1
0.0	757.7	1774.0	2655.3	3568.2
0.0	920.2	1814.9	2666.4	3606.0
0.0	761.4	1766.5	2737.2	3562.6
0.0	788.7	1697.4	2749.3	3522.2
0.0	819.0	1739.4	2688.7	3531.9
0.0	769.5	1760.2	2639.2	3467.7
0.0	880.2	1773.0	2584.8	3457.4
0.0	984.7	1818.6	2544.3	3427.7
0.0	889.4	1751.8	2502.8	3442.7
0.0	859.1	1724.0	2422.3	3380.6
0.0	799.7	1706.4	2336.8	3227.8
0.0	810.1	1717.2	2389.3	3350.4
0.0	776.5	1758.6	2438.1	3478.4
571.4	735.4	1750.0	2429.0	3529.5
571.4	798.8	1708.6	2439.4	3490.3
571.4	811.2	1750.5	2468.1	3390.7
306.1	760.7	1687.7	2333.2	3135.5
0.0	798.1	1662.2	2369.7	3234.5
309.7	853.4	1637.1	2374.5	2996.0
300.0	910.4	1600.3	2356.5	2913.2
0.0	902.1	1557.5	2333.2	3041.2
0.0	858.5	1539.1	2366.3	3167.8
158.9	850.9	1492.3	2400.6	3116.3
156.7	867.6	1433.3	2406.0	3158.9
154.8	928.3	1378.7	2422.2	3405.5
153.9	963.7	1309.4	2431.1	3402.8
152.5	813.8	1235.0	2447.8	3401.6
152.4	855.9	1209.7	2528.9	3452.5
152.0	731.0	1155.2	2594.4	3448.2
152.7	689.1	1045.6	2629.9	3427.9
154.9	657.5	947.2	2697.6	3398.0
157.9	661.7	942.7	2749.5	3380.4
160.5	638.9	914.2	2762.2	3384.6
162.1	609.0	895.5	2805.2	3378.4
162.7	596.6	880.0	2835.5	3312.2
160.3	584.6	833.0	2852.2	3259.3
158.1	596.6	837.3	2864.4	3352.5
155.7	579.6	808.7	2878.8	3358.8
152.5	600.3	826.2	2870.7	3437.2
150.2	594.4	890.7	2879.4	3523.0
147.2	605.2	1026.4	2846.0	3552.3
145.6	609.3	996.3	2846.4	3577.0
144.2	597.4	1021.0	2810.3	3538.0
143.5	628.4	1025.6	2753.1	3517.2
143.2	619.4	1083.6	2708.1	3512.7
142.0	609.1	1147.7	2623.0	3498.5
141.3	599.1	1213.4	2607.5	3556.7
140.9	613.5	1270.1	2585.3	3546.9
141.3	615.5	1363.8	2542.7	3510.4
142.1	582.5	1431.3	2608.6	3511.2
142.8	561.4	1436.0	2569.6	3386.6
142.8	400.1	1441.7	2401.3	2924.9
69.5	280.7	1421.2	2274.9	2711.3
141.6	299.8	865.4	2095.3	2673.4
141.3	513.5	1409.4	1988.5	2755.6
142.9	526.6	1392.8	1954.3	2847.3
146.3	541.5	1406.0	2014.5	2912.4
144.8	576.0	1371.8	2007.5	3014.2
144.8	565.5	1338.3	1983.6	3088.7
146.3	579.4	1288.1	1859.0	3110.6
147.6	559.6	1265.1	1848.1	3128.8
149.4	585.5	1246.9	1761.0	3124.6
151.5	561.6	1253.7	1727.5	3130.2
154.2	568.4	1273.6	1736.9	3150.6
156.6	570.5	1283.7	1762.2	3176.4
160.2	561.9	1292.0	1772.0	3171.0
161.6	552.2	1288.4	1782.7	3120.5
162.3	543.9	1297.5	1797.2	3128.3
162.9	532.5	1360.4	1851.7	3218.4
162.9	527.9	1396.7	2022.7	3355.1
161.6	524.7	1407.5	2102.0	3378.8
159.8	536.7	1431.3	2506.8	3446.8
159.1	536.6	1438.7	2656.5	3575.1
155.2	546.5	1486.5	2671.2	3624.0
150.5	646.2	1626.0	2712.1	3426.5
133.5	808.8	1844.8	2753.9	3443.5
77.5	870.6	1829.3	2804.6	3535.2
0.0	784.9	1760.7	2756.2	3453.5
0.0	743.0	1746.9	2734.6	3478.3
342.9	819.4	1887.7	2745.8	3480.5
0.0	898.6	1905.2	2738.1	3418.8
352.9	815.8	1669.8	2682.6	3501.3
0.0	768.6	1770.0	2706.1	3544.1
0.0	719.3	1705.8	2662.9	3565.3
0.0	859.4	1663.2	2724.8	3675.7
352.9	841.8	1681.6	2874.1	3647.2
76.4	886.6	1822.9	2868.3	3594.5
116.5	1030.1	1945.7	2787.4	3542.4
0.0	942.4	1681.3	2558.0	3368.9
0.0	983.2	1657.6	2645.0	3387.7
0.0	1008.8	1844.9	2777.7	3450.4
0.0	891.6	1923.6	2842.5	3556.8
0.0	681.2	1842.2	2657.4	3609.8
0.0	345.0	1897.9	2574.7	3545.4
0.0	367.7	1956.2	2567.6	3476.5
147.4	341.0	2037.2	2535.8	3506.7
144.1	299.9	2087.3	2543.4	3542.8
141.1	287.3	2112.2	2526.4	3517.9
138.1	283.1	2150.1	2487.2	3526.5
137.2	277.3	2153.0	2477.3	3482.2
137.7	275.3	2161.5	2474.3	3426.5
137.1	296.1	2154.4	2451.8	3391.2
137.4	288.7	2148.1	2402.6	3373.7
137.0	279.9	2141.6	2382.8	3349.2
136.9	282.3	2078.8	2340.2	3334.3
136.4	304.2	1992.5	2291.0	3328.4
136.2	332.7	1879.8	2289.6	3298.1
136.1	325.3	1793.7	2272.6	3269.1
135.8	327.4	1608.8	2289.4	3271.1
135.8	394.3	1431.3	2308.0	3315.0
135.9	403.0	1189.6	2220.2	3274.5
136.6	275.9	980.5	2252.0	3289.4
133.5	282.1	946.5	2267.0	3161.8
134.5	275.0	930.8	2278.1	3039.5
135.2	275.1	1049.1	2292.5	2836.8
135.3	305.6	1109.2	2286.7	2823.1
135.3	288.9	1154.2	2303.5	2892.4
135.7	280.8	1230.4	2320.7	2963.6
135.5	456.8	1465.7	2335.2	3234.7
288.1	542.6	1594.8	2515.9	3372.9
142.5	578.5	1678.6	2553.3	3425.1
140.6	579.8	1716.6	2599.4	3415.0
141.4	568.3	1731.8	2644.1	3405.5
142.0	566.5	1744.1	2635.3	3281.8
142.6	567.2	1762.3	2639.8	3217.9
144.0	567.8	1755.9	2610.9	2983.2
144.5	565.4	1754.3	2601.5	3032.5
144.5	584.1	1743.4	2638.4	3143.7
144.2	591.9	1733.8	2631.9	3152.4
143.4	580.7	1725.4	2643.7	3180.4
142.7	590.1	1702.8	2688.7	3261.0
141.6	568.8	1691.2	2696.7	3370.6
139.7	570.2	1617.5	2636.3	3185.3
138.6	488.4	1466.3	2294.0	2657.3
131.5	275.7	1250.6	2222.3	2623.7
137.4	292.2	1423.8	2604.5	2663.3
136.3	510.9	1640.7	2605.0	3525.9
136.9	498.3	1704.4	2670.5	3608.1
135.0	498.8	1735.3	2672.1	3565.4
131.7	486.0	1770.3	2670.1	3558.2
129.6	481.1	1788.2	2657.4	3526.2
128.4	498.3	1753.0	2652.3	3350.4
125.6	641.7	1899.2	2559.3	3351.9
120.2	724.1	1877.5	2613.3	3395.7
118.0	224.8	1681.6	2632.4	3483.7
73.6	766.5	2005.2	2720.8	3315.9
76.2	798.3	2169.3	2915.2	3424.3
0.0	1447.0	2444.4	3010.9	3513.3
0.0	574.3	2143.6	2906.6	3384.6
0.0	377.8	2094.9	2711.0	3340.9
0.0	477.9	1905.7	2603.4	3337.7
255.3	434.3	1827.6	2524.2	3278.8
115.3	438.9	1782.9	2512.4	3205.4
109.5	449.6	1734.4	2490.9	3223.2
107.5	455.5	1709.4	2520.8	3230.4
104.0	458.8	1667.0	2566.9	3206.4
98.3	447.9	1634.1	2599.4	3213.3
96.3	402.9	1600.2	2617.7	3366.0
86.2	359.7	1592.3	2599.1	3409.6
68.2	666.8	1522.9	2495.8	3339.3
0.0	427.9	1522.9	2562.6	3409.9
260.9	1106.9	1721.3	2702.0	3451.8
244.9	723.9	1747.2	2480.9	3431.5
0.0	659.9	1806.0	2539.3	3513.7
0.0	678.2	1724.0	2686.9	3546.3
0.0	868.1	1839.1	2541.3	3489.1
0.0	844.4	1793.3	2553.1	3538.9
0.0	803.5	1735.7	2595.2	3559.2
0.0	739.7	1819.7	2625.0	3530.4
0.0	963.3	1946.9	2711.7	3632.2
0.0	953.4	1931.7	2689.9	3665.8
0.0	951.3	2003.2	2810.1	3610.1
0.0	814.0	1918.6	2733.8	3609.8
0.0	836.9	1800.3	2580.4	3534.6
0.0	995.7	1834.2	2693.6	3499.4
0.0	1010.4	1915.2	2748.5	3612.0
0.0	846.9	1866.4	2679.3	3525.1
0.0	865.1	1816.0	2605.5	3608.8
0.0	689.8	1772.4	2660.8	3531.4
0.0	817.4	1700.7	2691.8	3468.9
0.0	959.7	1779.8	2602.4	3472.0
0.0	728.8	1766.0	2616.3	3472.8
0.0	1013.7	1777.0	2743.1	3516.6
0.0	674.7	1690.5	2569.4	3513.1
0.0	817.7	1736.6	2616.8	3504.5
0.0	879.7	1798.3	2706.9	3554.7
0.0	1038.7	1819.9	2654.9	3609.8
0.0	1444.4	1803.3	2698.3	3658.4
0.0	853.9	1787.5	2650.7	3601.0
0.0	844.2	1823.7	2704.2	3520.1
0.0	935.4	1794.5	2628.6	3502.9
0.0	776.8	1679.2	2482.2	3501.0
0.0	685.0	1682.1	2492.8	3430.9
0.0	1277.0	1851.7	2805.8	3749.0
0.0	1253.0	1844.2	2764.6	3768.7
0.0	951.6	1900.6	2737.9	3657.2
0.0	668.8	1787.0	2360.1	3520.0
0.0	757.3	1743.7	2370.1	3519.5
0.0	996.1	1827.9	2503.3	3358.2
0.0	902.0	1858.6	2501.3	3412.6
0.0	818.6	1811.2	2416.7	3435.3
0.0	810.8	1627.9	2325.4	3448.0
0.0	789.1	1776.6	2488.5	3430.2
0.0	769.0	1903.4	2572.4	3385.2
0.0	756.2	1920.0	2669.4	3501.4
0.0	683.9	1751.1	2670.0	3512.1
0.0	887.3	1931.5	2627.9	3509.2
0.0	785.2	1764.8	2547.9	3516.3
0.0	705.8	1784.9	2636.0	3480.8
0.0	740.6	1842.2	2722.8	3540.4
