0.0	0.0	0.0	0.0	0.0
0.0	0.0	0.0	0.0	0.0
0.0	0.0	0.0	0.0	0.0
0.0	861.5	1778.2	2537.2	3478.1
0.0	783.2	1754.7	2458.5	3422.7
0.0	787.6	1781.4	2543.9	3483.4
0.0	889.7	1789.1	2641.0	3521.1
0.0	1023.4	1885.4	2702.0	3550.3
0.0	951.3	1873.1	2621.2	3386.4
0.0	937.5	1854.6	2654.7	3403.2
0.0	648.5	1704.0	2577.2	3468.6
0.0	983.1	1806.5	2648.2	3476.8
0.0	862.7	1687.9	2701.0	3513.2
0.0	803.0	1761.9	2689.7	3438.8
0.0	584.9	1791.9	2594.5	3376.3
0.0	794.9	1745.8	2553.3	3383.7
0.0	749.1	1584.9	2537.4	3407.1
0.0	491.2	1832.3	2614.0	3409.4
0.0	392.9	2010.6	2916.7	3520.0
0.0	369.0	2037.6	3061.3	3553.6
235.0	422.0	2068.2	3078.8	3588.5
213.7	351.9	2127.2	3103.1	3675.0
178.4	326.3	2117.9	3112.5	3686.3
155.6	306.8	2108.9	3067.1	3656.7
137.9	407.5	2090.4	2907.1	3609.6
137.3	434.3	2044.1	2793.1	3548.7
138.1	447.2	1989.3	2661.6	3549.8
138.2	489.2	1888.4	2580.6	3514.1
137.3	533.1	1805.1	2553.9	3455.9
135.7	549.9	1733.0	2539.4	3422.4
134.4	557.3	1657.7	2500.6	3352.9
133.7	549.0	1610.4	2498.6	3340.5
131.9	542.9	1621.6	2527.9	3357.8
130.1	504.3	1646.4	2561.6	3403.6
127.8	513.5	1654.7	2605.3	3509.0
123.9	611.8	1727.0	2633.8	3610.9
112.1	823.5	1925.4	2734.7	3568.0
67.4	818.6	1867.1	2881.9	3555.9
0.0	691.6	1807.9	2884.6	3746.5
0.0	755.4	1898.7	2796.4	3728.3
136.4	737.5	1813.5	2877.7	3678.5
77.4	886.1	1794.7	2831.6	3666.9
0.0	824.7	1698.7	2778.7	3728.6
171.4	800.5	1830.8	2768.1	3754.8
77.9	979.4	2027.3	2880.6	3679.7
148.1	810.2	1928.4	2893.9	3572.7
300.0	618.6	1809.1	2811.3	3419.1
0.0	541.0	2016.9	2784.2	3521.2
0.0	336.4	2084.1	2855.2	3529.6
133.3	366.0	2059.8	2744.5	3486.8
139.2	414.2	2033.8	2608.0	3523.0
135.1	425.9	1966.0	2541.8	3483.0
134.1	452.6	1903.2	2500.7	3463.7
133.5	510.9	1830.1	2466.7	3461.3
130.2	531.7	1757.1	2442.5	3421.3
129.5	536.6	1697.3	2432.2	3360.4
128.9	546.7	1647.2	2436.0	3344.7
127.5	561.2	1617.0	2454.2	3332.7
125.9	567.9	1585.9	2437.0	3284.3
124.1	576.3	1546.8	2425.5	3236.4
121.2	557.9	1514.0	2434.0	3202.3
118.6	539.1	1493.8	2433.1	3206.8
115.9	527.1	1478.8	2463.7	3193.3
112.2	497.0	1503.3	2474.9	3243.4
109.2	479.8	1591.7	2415.7	3345.0
99.3	738.0	1886.3	2619.5	3416.5
115.3	885.3	2114.9	2930.1	3742.3
107.1	878.7	2112.8	2919.0	3863.9
0.0	833.5	2138.4	2968.1	3830.4
0.0	901.3	2009.9	3038.2	3698.9
206.9	910.5	1871.3	2924.3	3675.3
0.0	671.1	2024.3	2971.3	3766.5
375.0	673.2	2089.8	3033.4	3631.5
0.0	842.4	1687.1	2751.7	3575.2
218.2	743.5	1604.7	2706.1	3615.8
0.0	791.4	1543.4	2619.2	3462.4
0.0	991.1	1531.9	2534.4	3411.4
0.0	968.2	1626.8	2399.6	3342.2
200.0	837.9	1616.5	2425.8	3277.1
0.0	849.2	1631.2	2595.7	3344.2
84.5	838.1	1533.8	2524.8	3359.1
0.0	848.4	1593.2	2655.5	3323.6
0.0	916.0	1682.4	2509.5	3309.2
126.3	785.1	1591.6	2406.5	3282.2
129.0	474.0	950.4	2336.3	3215.2
0.0	440.3	915.5	2293.2	3265.3
0.0	446.6	918.1	2335.9	3291.3
115.0	449.5	922.7	2376.4	3360.4
115.4	444.1	922.0	2401.1	3362.0
115.1	446.1	908.7	2396.1	3386.0
115.3	422.0	889.8	2399.4	3402.6
116.7	397.5	876.5	2435.8	3425.3
117.9	411.9	887.7	2423.0	3462.2
118.5	410.6	878.8	2409.9	3466.9
120.0	424.9	892.3	2418.4	3435.4
122.1	431.6	966.7	2419.0	3421.0
129.5	509.3	1117.9	2431.0	3438.2
133.2	543.7	1245.2	2457.4	3375.0
134.0	548.0	1348.4	2464.8	3356.5
132.5	551.0	1459.7	2473.7	3383.7
129.1	541.5	1565.3	2440.0	3320.4
124.9	500.9	1672.6	2469.0	3357.2
118.0	451.8	1838.8	2472.4	3397.6
67.7	426.4	1960.4	2549.1	3383.7
170.8	331.0	2017.8	2715.9	3585.0
0.0	321.9	2043.2	2802.5	3617.0
214.3	251.8	2035.0	2916.3	3590.1
68.9	324.8	2077.1	3086.7	3650.7
0.0	302.2	2098.2	3030.2	3645.9
187.5	281.9	2085.0	2996.6	3520.8
0.0	297.8	2082.2	2883.5	3441.2
113.0	294.0	2085.9	2643.8	3417.8
110.1	326.6	2080.3	2477.9	3418.5
104.0	337.2	2007.2	2334.0	3403.2
102.7	356.5	1952.0	2320.6	3369.2
101.3	502.8	1946.0	2339.7	3277.0
99.6	439.0	1948.6	2356.7	3340.3
97.8	366.4	1855.3	2387.5	3483.0
95.5	298.9	1766.2	2409.6	3501.3
97.9	333.5	1714.6	2385.1	3389.8
97.4	343.5	1659.3	2410.9	3348.6
97.0	283.7	1669.1	2433.0	3412.9
96.9	286.7	1754.7	2377.5	3332.1
97.1	522.6	1700.2	2474.7	3288.0
99.5	619.9	1674.7	2529.3	3261.4
102.1	623.8	1646.1	2484.3	3199.4
97.6	633.5	1604.4	2476.7	3129.4
95.6	644.8	1554.9	2486.7	3088.3
95.1	654.7	1490.9	2463.8	3038.3
94.1	664.8	1432.5	2443.1	3008.5
93.9	687.6	1357.7	2457.7	2961.2
94.5	687.5	1300.1	2468.1	2905.1
94.2	702.5	1265.1	2437.6	2939.7
94.4	706.0	1235.7	2457.3	2948.6
94.4	714.7	1176.4	2469.1	2950.8
94.6	679.8	1133.0	2484.6	2939.5
95.5	683.6	1098.7	2526.6	2930.0
96.2	651.3	1074.0	2388.3	2968.5
97.6	655.2	1059.8	2438.0	2983.2
99.6	668.7	1008.6	2451.8	3033.4
103.3	715.1	987.6	2387.8	3075.0
109.3	646.2	971.5	2334.2	3149.0
115.5	687.9	979.1	2314.0	3199.7
119.5	905.7	1516.5	2641.9	3331.6
121.2	854.5	1632.5	2720.7	3504.4
115.7	832.8	1681.1	2560.8	3399.4
104.3	805.2	1673.3	2572.3	3362.9
82.8	827.8	1754.9	2516.7	3525.7
0.0	806.7	1778.2	2555.0	3622.7
0.0	955.1	1861.9	2649.6	3657.7
0.0	972.8	1682.2	2557.2	3486.2
0.0	781.6	1638.6	2556.5	3480.6
0.0	737.4	1772.9	2563.0	3539.2
