0.0	0.0	0.0	0.0	0.0
0.0	0.0	0.0	0.0	0.0
0.0	0.0	0.0	0.0	0.0
0.0	733.9	1779.5	2478.2	3452.2
0.0	730.4	1759.5	2544.5	3450.0
0.0	856.0	1770.8	2730.2	3472.6
0.0	726.6	1706.4	2705.3	3489.7
0.0	604.6	1669.9	2680.0	3486.4
0.0	845.9	1737.5	2787.1	3518.2
0.0	827.2	1692.7	2708.1	3465.0
0.0	850.0	1725.0	2579.6	3449.0
0.0	735.8	1739.7	2551.3	3422.3
0.0	790.7	1757.6	2681.8	3323.1
0.0	806.3	1788.0	2621.2	3287.5
0.0	866.9	1824.4	2669.4	3288.2
0.0	845.3	1780.1	2696.2	3552.1
0.0	714.7	1753.0	2716.8	3454.9
0.0	683.3	1757.4	2696.4	3424.9
0.0	587.6	1789.0	2664.9	3428.2
0.0	627.5	1791.5	2674.0	3427.5
0.0	619.0	1727.1	2648.6	3371.0
0.0	621.4	1675.6	2623.9	3317.3
102.3	619.8	1652.8	2619.3	3345.0
108.7	612.7	1619.4	2613.0	3339.5
107.4	598.9	1559.3	2552.0	3282.4
108.2	592.6	1522.1	2514.3	3258.7
108.0	558.3	1421.6	2474.8	3273.8
107.1	582.1	1344.0	2455.4	3269.8
103.6	619.1	1322.8	2483.5	3241.9
99.1	590.8	1328.5	2550.5	3242.6
98.9	705.4	1356.5	2588.4	3243.5
97.4	630.9	1370.1	2607.8	3211.3
96.4	562.3	1383.0	2621.5	3253.0
95.5	682.4	1412.7	2628.9	3313.7
96.8	625.3	1477.6	2660.9	3297.9
100.8	477.7	1532.9	2704.9	3281.5
103.9	448.2	1611.4	2693.3	3345.8
106.8	463.7	1712.2	2722.4	3305.2
107.1	469.8	1792.8	2734.9	3315.9
109.1	476.5	1859.7	2735.8	3383.5
109.4	500.1	1930.5	2721.8	3397.9
109.0	540.9	1972.1	2718.3	3427.7
108.2	581.4	1996.3	2735.8	3476.0
107.8	587.2	2035.3	2723.8	3459.3
107.3	588.0	2046.3	2743.3	3380.1
106.8	598.7	2050.1	2759.7	3373.4
106.7	601.8	2024.2	2771.1	3415.4
105.6	602.6	1947.8	2747.7	3455.1
104.0	549.6	1757.5	2603.6	3359.2
102.4	246.7	1587.2	2472.0	3307.4
98.4	421.4	1546.1	2407.7	3300.5
100.7	372.7	1522.4	2416.4	3153.1
101.6	336.1	1587.5	2370.4	3206.7
99.3	577.8	1811.7	2434.0	3338.1
101.0	714.4	1849.9	2508.7	3170.9
101.3	887.1	1865.2	2670.7	3174.4
102.2	795.7	1842.2	2661.2	3183.7
106.1	704.0	1789.0	2648.7	3383.7
110.1	672.3	1754.4	2596.3	3319.0
113.5	660.6	1725.1	2582.1	3219.9
112.7	652.7	1708.1	2554.9	3303.1
110.1	643.3	1700.6	2523.8	3274.9
107.5	629.6	1680.2	2500.5	3316.8
106.7	620.3	1649.2	2466.7	3333.7
107.1	616.0	1617.2	2429.7	3365.9
107.2	611.3	1596.9	2384.8	3375.7
107.1	598.1	1554.6	2333.6	3366.0
106.6	576.9	1496.6	2269.7	3373.7
106.4	565.3	1483.9	2227.4	3349.8
105.9	552.2	1480.1	2214.9	3333.0
106.1	536.1	1484.6	2186.8	3317.0
106.0	527.1	1485.0	2168.3	3284.5
105.6	508.2	1502.4	2172.0	3223.7
105.3	489.3	1533.8	2154.0	3159.9
105.2	450.9	1555.0	2169.4	3005.3
104.6	493.5	1556.3	2249.0	2822.4
101.1	526.6	1594.7	2394.6	2863.5
101.4	507.1	1634.2	2493.2	2904.1
103.6	394.8	1688.0	2524.6	3070.3
102.6	421.5	1737.6	2545.3	3213.8
102.7	413.7	1767.4	2579.3	3283.4
103.4	413.4	1781.7	2670.8	3319.0
103.6	405.9	1787.6	2765.4	3326.6
103.3	420.1	1763.9	2813.2	3335.7
102.7	402.6	1721.4	2818.1	3366.8
101.4	334.6	1667.3	2793.2	3354.1
99.6	236.4	1604.6	2728.6	3313.2
99.2	316.1	1571.4	2660.2	3326.8
95.9	302.4	1558.0	2586.5	3417.3
199.2	728.9	1643.7	2548.7	3477.3
95.5	796.7	1721.8	2739.2	3565.2
93.5	850.3	1843.3	2953.2	3967.2
222.2	874.2	1870.0	2866.9	3894.9
0.0	1044.2	1905.8	2884.0	3977.7
0.0	796.8	1831.7	2824.0	4029.7
363.6	1066.6	1868.2	2951.2	4176.7
0.0	1000.1	1859.9	2907.5	4097.2
210.5	730.4	1746.4	2858.8	3918.4
210.5	863.8	1671.3	2812.4	3748.9
90.2	850.9	1538.2	2731.0	3717.3
127.7	628.9	1382.7	2535.8	3608.9
0.0	612.9	1368.7	2479.0	3539.1
110.7	614.7	1328.2	2477.7	3424.8
92.3	619.5	1275.6	2319.0	3317.8
93.8	520.9	1260.7	2244.4	3256.3
91.1	434.5	1302.3	2379.3	3252.3
90.9	375.8	1244.9	2448.0	3305.7
90.9	371.0	1242.2	2401.0	3326.3
92.1	355.3	1113.7	2420.9	3324.0
91.8	345.5	1083.8	2473.7	3334.9
92.0	343.8	1136.2	2539.2	3342.4
91.7	348.2	1219.8	2514.2	3339.1
92.3	324.8	1242.8	2501.4	3328.9
94.5	576.0	1457.0	2490.0	3335.0
92.9	509.7	993.1	2332.1	3358.7
95.2	629.5	1032.0	2275.1	3384.2
99.7	636.6	1108.4	2343.3	3366.6
93.6	646.6	1154.5	2447.3	3353.4
94.6	647.4	1171.3	2527.0	3354.9
95.5	656.1	1221.8	2518.7	3349.2
96.8	658.8	1293.5	2534.5	3354.6
97.1	651.5	1374.7	2544.0	3326.3
97.5	633.6	1443.9	2656.9	3287.8
97.0	600.4	1446.4	2602.2	3224.7
95.8	422.9	1467.5	2643.3	3166.3
93.7	614.4	1637.1	2742.5	3283.1
101.2	461.2	1857.3	2710.0	3352.1
101.5	475.9	1996.8	2740.3	3393.9
97.7	516.4	2076.0	2732.0	3405.9
97.1	553.7	2134.6	2726.4	3391.4
97.3	534.0	2131.4	2694.5	3380.0
96.6	360.0	2114.6	2665.6	3392.0
95.7	407.3	2078.7	2618.1	3380.0
95.0	428.3	2042.3	2508.4	3353.7
94.8	479.7	1972.4	2405.3	3324.3
94.9	516.5	1873.0	2319.3	3337.1
95.4	509.9	1798.1	2207.1	3342.7
95.6	503.0	1703.7	2133.6	3337.9
95.7	515.4	1672.0	2080.3	3325.9
95.9	464.2	1618.6	2027.4	3314.5
95.6	468.3	1597.4	1999.7	3264.2
95.3	415.1	1623.0	2043.9	3178.0
95.7	402.6	1596.7	2276.0	3115.1
94.8	430.3	1615.4	2458.1	3146.7
91.1	421.3	2118.2	2688.1	3361.2
255.3	1039.7	2534.6	3039.5	3451.0
80.0	971.0	2426.6	3159.6	3540.7
0.0	842.6	2219.4	3178.7	3704.0
0.0	600.2	2116.0	3162.2	3802.1
0.0	537.0	2166.9	3175.4	3763.3
260.9	1160.8	2343.8	3274.6	3878.6
0.0	989.1	2031.3	3233.2	3902.0
0.0	867.4	1856.9	3017.3	3764.5
0.0	729.5	1489.8	2779.5	3788.7
116.5	602.8	1314.9	2704.5	3656.5
0.0	622.5	1282.6	2614.9	3408.5
129.0	643.3	1267.5	2628.5	3295.5
93.8	652.8	1260.9	2587.8	3288.1
97.2	652.5	1253.2	2588.3	3324.1
98.2	644.4	1226.9	2390.9	3306.8
97.6	628.4	1160.3	2221.6	3302.2
97.3	603.5	1103.8	2171.9	3242.9
96.8	498.5	1180.0	2244.8	3148.4
95.0	370.7	1251.3	2316.6	3127.1
95.0	370.8	1213.0	2404.1	3163.6
96.0	398.8	1185.8	2559.7	3141.8
95.4	341.4	1196.2	2399.2	3211.3
95.4	346.5	1228.7	2323.0	3425.9
94.9	721.9	1372.3	2441.2	3488.7
85.7	916.9	1604.7	2484.1	3537.8
115.4	1020.0	1941.5	2786.6	3601.8
0.0	1098.3	1992.4	2793.5	3565.2
0.0	994.8	1865.0	2692.0	3576.5
0.0	908.9	1773.1	2832.8	3533.2
428.6	832.0	1749.7	2826.7	3573.6
0.0	797.2	1679.0	2726.4	3639.4
545.5	790.9	1627.9	2674.4	3752.2
92.3	651.2	1612.0	2658.9	3819.2
0.0	525.1	1562.4	2652.7	3683.4
0.0	541.1	1630.6	2626.7	3368.2
0.0	555.5	1686.1	2599.9	3232.2
92.6	584.0	1770.7	2542.9	3434.4
95.0	566.9	1827.9	2529.8	3687.9
94.8	532.0	1823.5	2462.3	3769.0
95.0	612.0	1620.5	2254.8	3236.9
93.6	313.3	1514.7	2331.2	3090.6
95.5	260.2	1533.4	2444.5	3053.5
95.7	302.0	1523.2	2423.9	3110.4
95.9	304.6	1515.8	2345.8	3124.4
95.9	307.8	1541.9	2381.7	3231.3
97.5	301.2	1595.6	2302.6	3310.0
97.6	341.9	1469.7	2308.8	3328.3
95.2	404.6	1500.7	2328.8	3353.5
96.0	359.8	1499.9	2386.6	3400.5
