0.0	0.0	0.0	0.0	0.0
0.0	0.0	0.0	0.0	0.0
0.0	0.0	0.0	0.0	0.0
0.0	981.6	1756.7	2545.8	3385.6
0.0	950.2	1828.1	2653.5	3459.8
387.1	717.0	1821.0	2645.4	3591.6
0.0	671.9	1774.8	2547.6	3498.9
0.0	716.5	1730.9	2579.7	3431.6
0.0	737.3	1740.7	2613.7	3471.2
105.3	947.9	1748.2	2544.9	3421.0
461.5	923.2	1741.8	2585.4	3379.7
0.0	864.2	1706.0	2532.3	3372.5
0.0	903.4	1686.0	2364.7	3436.2
123.7	859.2	1622.7	2370.6	3378.4
0.0	851.6	1599.2	2524.0	3436.0
0.0	707.1	1622.7	2520.2	3457.1
0.0	857.9	1714.1	2635.3	3474.1
0.0	1196.4	1671.7	2730.4	3556.6
0.0	1176.1	1670.8	2765.1	3467.5
0.0	1188.6	1807.9	2651.0	3413.0
0.0	931.3	1810.7	2585.0	3412.1
0.0	963.5	1759.9	2661.3	3511.7
0.0	915.9	1696.3	2596.8	3484.4
0.0	1041.0	1734.6	2735.7	3489.8
0.0	733.4	1682.6	2735.2	3439.8
0.0	693.1	1789.5	2643.0	3490.3
0.0	707.1	1653.6	2667.7	3493.5
0.0	760.8	1804.4	2607.2	3480.2
0.0	814.6	1728.5	2482.7	3428.1
0.0	278.6	1144.6	2541.1	3441.3
0.0	331.3	1023.6	2529.7	3359.4
0.0	360.8	1137.3	2498.4	3428.2
0.0	344.1	1350.9	2456.9	3470.0
101.8	373.7	1644.5	2413.7	3492.3
104.9	342.7	1860.1	2391.3	3534.4
107.0	325.7	2003.1	2424.2	3575.5
107.1	324.4	2099.2	2460.5	3622.7
106.6	303.2	2133.1	2529.6	3668.4
105.2	297.1	2152.9	2573.6	3720.0
104.2	324.2	2094.8	2586.0	3559.3
99.2	799.9	1987.6	2621.1	3534.0
93.8	807.1	1987.9	2642.8	3539.6
0.0	784.3	1873.8	2639.6	3576.7
164.4	982.4	1859.5	2707.7	3542.3
74.1	1042.5	1913.5	2675.0	3578.3
122.4	1057.4	1866.8	2785.2	3612.0
0.0	879.3	1799.3	2596.7	3539.0
324.3	934.3	1825.2	2637.8	3564.4
461.5	944.5	1836.1	2756.8	3561.4
0.0	1003.5	1875.0	2775.3	3630.5
164.4	984.9	1822.9	2759.5	3698.9
214.3	547.1	1721.5	2699.6	3467.7
0.0	524.2	1758.9	2723.9	3287.4
129.7	487.9	1824.2	2740.2	3317.4
114.6	501.7	1892.5	2758.6	3332.4
115.6	513.3	1968.1	2769.1	3387.7
115.1	511.6	2051.1	2747.2	3435.7
114.3	411.8	2130.1	2702.7	3455.0
113.4	379.4	2208.9	2664.3	3468.2
111.9	346.4	2269.9	2626.1	3539.1
110.8	348.5	1889.6	2547.5	3482.9
109.1	344.8	1347.5	2519.4	2961.4
106.9	311.3	1309.2	2543.8	3076.2
103.0	280.1	1291.3	2518.3	3172.0
99.2	263.9	1466.2	2496.7	3322.9
92.6	263.7	1629.8	2473.4	3373.1
83.9	268.3	1655.8	2446.7	3298.1
210.5	223.2	1741.0	2484.1	3444.8
0.0	243.0	1644.5	2471.5	3439.0
157.9	248.5	1357.5	2360.8	3468.7
0.0	252.0	1700.4	2542.8	3672.9
90.6	238.5	1718.7	2542.1	3494.5
112.1	228.8	1675.1	2561.9	3425.0
90.9	231.0	1571.0	2513.8	3313.0
200.7	433.4	1806.9	2646.8	3438.7
0.0	404.9	1874.6	2674.3	3474.1
0.0	402.4	1870.4	2648.9	3407.3
101.4	438.3	1846.0	2596.7	3380.7
105.1	443.7	1804.6	2538.6	3368.2
105.3	446.3	1746.8	2507.1	3374.1
104.7	445.4	1658.5	2407.6	3356.2
103.6	436.0	1548.7	2291.6	3371.2
102.0	540.6	1471.3	2331.2	3366.6
97.4	1007.7	1588.6	2483.9	3354.6
89.3	1092.0	1849.8	2636.9	3366.5
88.2	1048.6	1857.7	2706.9	3430.3
73.2	1022.4	1741.7	2594.7	3396.5
0.0	834.4	1656.9	2448.0	3461.3
333.3	873.7	1577.3	2399.8	3406.2
500.0	846.1	1552.0	2410.7	3337.4
0.0	1089.5	1782.3	2436.5	3333.1
375.0	1010.8	1818.7	2338.1	3333.1
0.0	553.0	1355.3	1906.7	3152.6
0.0	541.2	1374.4	1923.1	3067.9
0.0	589.5	1391.7	1995.0	3093.7
94.9	644.3	1411.8	2078.9	3098.6
93.3	607.3	1428.5	2206.8	3116.1
91.3	579.3	1405.9	2422.5	3127.5
86.9	495.5	1352.0	2514.7	3177.3
83.4	281.1	1288.0	2382.5	3192.9
82.2	362.7	1385.0	2465.4	3267.2
67.4	375.3	1545.7	2497.8	3282.2
0.0	298.8	1492.7	2320.1	3295.2
0.0	318.5	1383.2	2308.0	3272.6
63.5	314.8	1251.9	2498.0	3215.7
80.0	555.2	1337.8	2565.1	3156.8
0.0	445.5	1205.2	2510.7	3175.4
94.8	435.7	1018.4	2580.0	3190.0
87.1	481.6	1119.1	2610.9	3199.6
90.9	523.6	1197.8	2795.9	3607.2
91.1	513.4	1284.2	2887.8	3587.6
87.5	516.0	1369.2	2861.5	3521.9
87.4	494.5	1468.9	2835.3	3477.9
86.6	483.9	1554.7	2795.7	3433.5
86.1	474.6	1640.6	2749.9	3369.7
85.6	466.8	1733.4	2705.7	3435.4
84.7	466.3	1818.7	2688.6	3441.9
84.9	438.2	1871.7	2651.9	3432.4
85.5	406.4	1914.3	2580.2	3473.5
87.4	422.9	1981.7	2581.2	3521.6
86.8	454.7	2037.4	2554.1	3567.4
86.2	460.4	2005.5	2499.3	3447.7
89.0	605.2	1985.2	2527.1	3306.6
88.7	707.7	1913.9	2490.7	3455.2
94.4	709.9	1955.3	2598.1	3550.8
96.9	653.8	1997.7	2558.4	3435.4
93.4	342.2	1887.8	2471.7	3534.1
89.3	721.6	1902.1	2533.4	3505.3
88.9	792.8	1921.1	2623.9	3462.2
93.8	704.9	1857.0	2534.0	3360.6
0.0	650.9	1857.4	2592.7	3322.8
0.0	685.7	1771.9	2241.1	3340.6
0.0	796.1	1806.0	2326.0	3431.2
0.0	682.0	1818.2	2277.5	3383.5
0.0	687.1	1790.7	2373.3	3418.7
0.0	661.0	1757.4	2529.1	3425.8
0.0	844.9	1679.9	2440.7	3351.8
0.0	748.2	1623.9	2361.5	3363.4
0.0	714.9	1658.4	2659.7	3487.6
0.0	754.7	1693.0	2665.1	3414.5
0.0	711.9	1607.5	2415.9	3379.8
0.0	551.9	1614.1	2394.3	3363.5
0.0	688.1	1626.1	2413.7	3435.7
0.0	723.2	1580.7	2433.2	3464.4
0.0	953.0	1609.4	2421.5	3371.8
0.0	918.8	1674.1	2488.2	3296.8
0.0	972.3	1682.9	2534.2	3376.5
63.5	638.7	1593.5	2492.3	3388.0
0.0	578.5	1573.8	2441.5	3339.9
0.0	572.8	1663.5	2570.7	3417.1
0.0	853.6	1745.7	2559.5	3346.1
0.0	817.0	1683.4	2536.4	3238.9
0.0	758.4	1604.1	2576.1	3292.9
0.0	780.2	1596.0	2655.0	3376.8
0.0	690.8	1797.1	2664.2	3451.3
0.0	1331.7	1789.7	2760.2	3495.1
0.0	1295.4	1517.9	2691.5	3423.5
0.0	855.2	1470.7	2600.9	3300.7
0.0	704.4	1629.9	2571.1	3394.9
196.7	747.1	1745.2	2664.3	3357.4
0.0	495.8	1482.1	2613.9	3295.9
0.0	649.5	1512.0	2489.3	3332.7
0.0	836.4	1782.3	2621.7	3381.6
0.0	824.6	1644.2	2605.6	3450.6
0.0	765.5	1768.8	2568.6	3454.9
0.0	843.0	1889.1	2729.0	3534.5
