0.0	0.0	0.0	0.0	0.0
0.0	0.0	0.0	0.0	0.0
0.0	0.0	0.0	0.0	0.0
0.0	624.1	1455.4	2434.9	3277.7
0.0	761.3	1622.8	2477.8	3283.6
0.0	901.2	1867.6	2614.3	3356.3
0.0	708.7	1647.1	2498.7	3351.6
0.0	1028.0	1799.0	2685.4	3418.8
0.0	565.3	1717.7	2569.8	3470.1
0.0	827.3	1607.7	2474.7	3407.7
0.0	723.2	1623.8	2522.0	3434.6
0.0	714.1	1665.9	2542.3	3483.9
0.0	691.0	1634.7	2619.8	3441.0
0.0	1212.1	1863.1	2619.3	3352.2
0.0	1009.8	1817.4	2584.6	3429.7
0.0	849.9	1812.9	2589.1	3304.0
0.0	804.3	1755.8	2565.2	3349.2
0.0	462.4	2031.6	2637.3	3608.2
0.0	443.7	2088.0	2611.5	3608.2
0.0	453.8	2067.3	2592.8	3622.5
131.6	495.1	2029.4	2595.9	3664.1
133.2	521.9	1947.1	2542.9	3662.3
131.8	522.5	1856.7	2579.9	3564.4
129.0	530.8	1771.5	2577.4	3570.9
133.3	654.8	1792.7	2599.3	3637.4
64.9	567.6	1842.4	2545.5	3571.8
0.0	537.9	1857.9	2465.7	3500.6
131.9	537.0	1899.4	2418.0	3590.4
133.3	555.3	1919.1	2427.9	3578.1
137.9	583.1	1940.6	2376.7	3408.3
139.0	593.9	1961.2	2419.8	3468.1
138.0	578.1	1971.5	2441.8	3407.0
135.5	577.7	1941.0	2423.6	3251.2
134.3	586.9	1920.9	2434.4	3274.9
134.4	612.3	1900.2	2428.2	3403.6
136.4	645.9	1870.9	2393.3	3451.2
136.3	665.6	1806.5	2417.5	3416.3
135.3	668.9	1760.7	2438.2	3285.9
131.6	690.0	1723.3	2434.2	3047.6
129.1	681.1	1659.3	2423.7	2962.6
127.0	660.5	1620.7	2440.1	3118.1
122.6	615.5	1593.3	2445.2	3221.8
120.8	530.6	1530.7	2440.8	3182.5
117.2	412.1	1505.9	2447.6	3231.7
107.1	486.3	1570.4	2504.0	3128.0
113.6	493.1	1666.7	2586.3	3099.9
112.1	477.6	1708.8	2595.9	3029.4
111.1	487.4	1731.9	2664.6	3318.6
107.1	450.8	1705.5	2630.3	3435.4
99.9	271.5	1682.2	2626.3	3447.5
92.3	752.6	1715.3	2688.8	3427.6
92.3	666.0	1746.1	2718.1	3475.6
0.0	625.4	1666.7	2625.4	3512.2
0.0	797.7	1609.7	2589.8	3735.2
0.0	879.8	1812.6	2678.3	3777.1
0.0	872.4	1916.9	2693.7	3704.4
0.0	690.3	1918.8	2738.8	3634.0
87.0	545.5	1969.4	2669.6	3591.3
260.9	519.9	2023.2	2700.1	3566.2
0.0	475.5	2055.8	2695.3	3425.7
157.5	474.6	2129.2	2707.2	3428.9
154.2	485.0	2187.0	2701.6	3387.8
150.0	462.9	2262.9	2736.0	3398.1
140.5	472.6	2300.8	2742.3	3486.8
136.1	238.5	2287.4	2730.8	3526.5
131.7	490.3	2275.4	2706.5	3562.0
256.0	455.1	2172.0	2645.0	3519.4
125.9	243.2	1759.7	2502.1	3380.3
123.7	267.9	1585.0	2449.7	3206.0
121.2	284.1	1565.7	2436.8	3350.1
131.2	276.2	1576.1	2466.3	3328.2
130.5	258.1	1570.8	2468.7	3409.6
130.1	263.4	1657.2	2428.6	3416.1
129.8	310.7	2046.1	2495.0	3504.6
127.7	411.1	2129.7	2624.8	3521.6
127.9	388.5	2135.4	2646.3	3462.4
126.3	347.9	2157.5	2652.0	3530.3
124.1	388.0	2177.4	2553.3	3550.6
120.0	405.8	2126.4	2630.0	3489.0
116.0	461.5	2133.1	2603.1	3500.9
111.2	485.6	2065.8	2511.3	3508.6
105.0	402.5	1780.0	2399.5	3487.5
96.0	243.5	1568.2	2419.6	3306.7
86.0	342.9	1565.5	2432.8	3291.3
77.4	330.3	1550.8	2416.1	3320.1
118.8	328.9	1511.4	2404.8	3280.4
235.3	694.2	1675.6	2479.7	3365.4
222.2	780.5	1708.8	2606.8	3390.8
0.0	647.2	1770.9	2587.6	3454.9
240.0	521.8	1810.8	2595.5	3461.7
0.0	910.4	1863.8	2709.6	3379.9
133.3	832.8	1859.0	2655.3	3430.8
0.0	840.3	1775.3	2584.1	3498.3
0.0	881.7	1929.4	2655.7	3664.3
0.0	894.5	1876.5	2710.0	3597.4
0.0	706.2	1808.5	2573.1	3408.8
0.0	657.3	1760.3	2544.6	3306.3
0.0	671.9	1699.2	2554.4	3238.5
244.9	687.1	1645.5	2561.4	3264.8
124.3	704.1	1564.1	2614.5	3161.3
123.5	707.2	1495.2	2624.7	3142.9
121.9	717.2	1408.7	2666.2	3298.6
121.2	707.0	1318.0	2648.0	3381.8
120.7	692.8	1221.2	2657.8	3359.3
119.4	639.1	1137.9	2655.5	3358.2
118.2	600.7	1108.5	2543.2	3208.1
117.0	454.0	1188.7	2456.3	3087.5
114.5	718.6	1398.2	2531.0	3067.7
115.6	701.3	1394.4	2539.9	3161.7
116.0	486.7	1158.4	2528.7	3154.2
115.0	448.5	1019.2	2508.8	3167.3
115.6	274.1	1006.7	2473.9	3074.7
115.2	389.2	968.4	2472.3	3167.7
113.9	426.6	965.0	2461.7	3206.5
110.1	531.5	974.4	2496.2	3209.2
106.9	497.8	963.3	2518.1	3183.0
108.1	477.7	949.4	2519.2	3237.0
107.1	432.6	938.8	2540.3	3390.0
107.1	429.5	924.6	2516.3	3415.1
107.1	427.7	914.3	2485.7	3428.5
106.2	424.1	915.9	2478.5	3450.6
106.2	418.5	900.0	2464.9	3451.1
106.2	406.9	918.0	2439.1	3393.2
105.3	493.5	962.6	2434.3	3339.6
107.1	519.1	961.2	2434.2	3256.1
108.1	535.0	971.0	2425.2	3230.2
108.1	525.7	974.5	2420.1	3219.7
106.2	514.6	989.9	2480.3	3112.7
104.3	502.2	1027.2	2523.2	3013.9
104.3	483.1	1048.6	2541.6	3062.0
102.6	458.7	1087.4	2522.2	3059.8
99.2	435.0	1124.8	2500.2	3135.2
86.3	412.5	1170.3	2463.9	3195.3
86.3	398.4	1212.4	2500.3	2926.7
0.0	291.2	1261.2	2554.2	3229.8
206.9	689.3	1312.9	2461.6	3345.2
75.8	642.1	1382.7	2447.8	3317.4
0.0	644.7	1440.5	2487.6	3252.1
0.0	686.3	1657.9	2556.6	3326.3
0.0	788.9	1783.2	2722.9	3358.5
0.0	847.0	1816.1	2742.7	3358.4
0.0	880.6	1868.6	2721.9	3574.0
0.0	771.9	1757.9	2645.3	3734.7
500.0	665.7	1683.8	2657.6	3803.6
500.0	750.5	1694.5	2516.4	3430.2
142.9	745.8	1695.5	2418.8	3302.9
0.0	738.0	1634.9	2414.1	3438.7
148.1	730.7	1583.6	2380.7	3301.5
143.3	724.8	1503.6	2326.3	3064.8
136.5	748.8	1485.2	2358.1	3283.6
127.7	743.9	1473.5	2359.8	3118.3
125.0	734.5	1442.0	2338.7	2770.7
122.1	739.2	1428.0	2350.0	2788.4
118.7	742.1	1422.6	2384.5	2958.9
118.8	744.3	1434.7	2400.0	3030.4
118.9	750.5	1414.1	2396.6	2969.7
117.8	744.9	1385.8	2363.2	2871.5
116.6	735.1	1413.4	2393.8	3095.5
116.5	719.3	1442.2	2416.4	3061.1
115.4	697.6	1479.1	2426.8	2998.1
113.2	664.5	1549.9	2447.6	3245.9
108.1	640.9	1589.3	2482.1	3488.6
101.5	601.9	1623.9	2530.4	3543.8
93.7	552.1	1589.2	2499.2	3395.2
88.2	492.2	1537.1	2409.3	3287.8
70.7	272.3	1592.8	2389.1	3382.3
74.1	247.5	1677.0	2563.5	3475.6
78.9	291.6	1625.3	2608.1	3346.8
121.2	890.4	1906.9	2647.3	3478.6
125.0	842.3	1789.5	2633.1	3450.8
118.8	831.3	1698.5	2637.1	3509.7
0.0	756.4	1748.6	2607.2	3646.3
0.0	745.2	1794.2	2580.1	3527.5
0.0	676.3	1801.2	2527.1	3414.6
90.2	644.4	1751.6	2438.9	3259.1
0.0	404.4	1657.2	2375.8	3227.8
124.0	390.9	1496.3	2341.6	3240.2
116.5	377.1	1426.9	2310.9	3230.2
112.1	385.1	1421.1	2213.4	3226.0
107.6	391.0	1419.8	2187.6	3238.7
103.3	401.5	1402.7	2218.3	3219.8
99.4	402.1	1441.6	2241.7	3214.7
99.2	398.5	1489.5	2277.2	3279.2
97.7	398.3	1531.9	2259.0	3302.4
98.3	402.8	1580.0	2250.5	3278.5
99.2	407.8	1584.6	2271.4	3363.3
100.7	416.7	1561.7	2343.5	3459.7
100.8	431.7	1576.6	2515.5	3631.6
100.0	484.2	1969.5	3132.3	3704.5
96.8	870.6	1938.2	3169.2	3798.6
100.0	847.7	2047.5	3134.0	3842.5
0.0	812.0	1991.3	3099.7	3764.2
141.2	775.0	2130.0	3170.6	3680.3
0.0	871.0	2304.2	3146.0	3629.0
0.0	912.9	2236.3	3060.2	3670.3
0.0	783.3	2246.1	3009.3	3487.2
0.0	679.2	2198.9	2876.1	3140.1
0.0	597.3	2043.9	2585.8	3102.8
0.0	578.8	1861.5	2204.7	2976.6
0.0	456.0	1481.2	2273.2	3199.3
0.0	415.2	1304.0	2246.7	3291.3
99.2	377.5	1176.9	1782.0	3012.8
103.4	377.5	1127.6	1645.1	2935.9
105.3	380.1	1145.7	1668.8	2962.6
106.5	367.3	1194.2	1735.4	2972.5
107.1	390.4	1230.0	1786.4	2927.6
107.4	395.0	1304.9	1865.6	2938.7
108.6	407.0	1412.2	1947.8	3015.4
107.9	431.3	1490.4	2036.1	3082.1
106.6	441.1	1576.2	2190.7	3046.1
106.4	446.8	1640.9	2192.0	3034.9
105.5	454.5	1676.5	2359.6	3098.5
104.5	464.9	1674.9	2431.3	3228.8
102.4	468.4	1639.6	2440.0	3383.7
98.4	468.4	1614.8	2427.6	3385.4
97.6	468.8	1599.0	2432.8	3278.2
97.7	463.1	1581.0	2413.8	3302.7
97.6	466.5	1579.3	2459.2	3515.2
95.6	511.4	1604.6	2459.6	3625.4
95.2	570.3	1842.7	2830.3	3805.3
0.0	544.3	1888.8	2931.5	3925.6
0.0	585.5	1836.1	2933.8	4018.7
521.7	551.0	1998.5	2989.0	4067.5
144.6	739.5	2131.7	2944.9	4113.8
141.2	901.3	2117.6	2736.5	3958.3
0.0	900.1	2078.8	2810.7	3962.0
126.3	1008.8	2174.9	3094.8	3944.5
64.9	1067.1	2248.0	3114.7	3851.6
82.2	850.2	1854.5	2702.8	3676.0
0.0	1000.2	1902.1	2650.7	3523.5
0.0	849.3	1812.2	2641.0	3411.2
0.0	781.9	1749.5	2648.5	3349.6
0.0	1005.8	1959.0	2725.5	3458.1
0.0	795.1	1861.1	2678.4	3402.9
121.2	666.8	1731.4	2589.2	3442.4
0.0	501.8	1716.9	2564.8	3573.6
444.4	709.4	1698.5	2564.9	3560.4
0.0	527.7	1719.2	2604.7	3537.4
65.6	565.6	1699.9	2603.7	3458.0
0.0	686.2	1736.4	2596.6	3374.2
0.0	515.8	1816.2	2612.4	3385.6
0.0	583.3	1880.7	2629.3	3504.4
0.0	658.6	1879.8	2668.6	3635.7
0.0	714.1	1777.5	2599.1	3517.6
0.0	770.3	1861.8	2634.1	3435.0
0.0	751.2	1880.4	2709.5	3541.5
