0.0	0.0	0.0	0.0	0.0
0.0	0.0	0.0	0.0	0.0
0.0	0.0	0.0	0.0	0.0
0.0	1046.0	1957.3	2707.8	3555.2
0.0	752.5	1799.1	2627.3	3489.7
0.0	656.4	1656.5	2614.2	3426.4
0.0	1033.6	1694.8	2614.8	3400.7
0.0	942.3	1762.4	2596.9	3492.3
0.0	1000.8	1900.4	2636.1	3523.4
0.0	736.9	1695.5	2634.6	3378.0
0.0	779.5	1683.9	2529.6	3365.7
0.0	683.8	1673.6	2492.6	3429.7
0.0	608.6	1635.3	2439.8	3465.2
0.0	623.4	1507.5	2459.6	3462.0
0.0	637.7	1444.7	2367.7	3371.2
210.5	569.0	1411.0	2343.7	3404.5
0.0	499.5	1414.4	2407.5	3379.5
196.7	784.4	1534.5	2502.0	3467.6
0.0	721.3	1596.8	2645.8	3452.3
0.0	657.0	1595.2	2697.2	3357.7
0.0	662.0	1677.2	2691.3	3412.9
0.0	496.6	1752.7	2724.3	3384.6
0.0	581.1	1808.2	2633.3	3173.9
80.5	629.8	1850.8	2594.6	3336.8
0.0	528.4	1914.5	2614.7	3468.2
0.0	501.4	1959.8	2586.9	3470.3
0.0	502.6	1964.0	2567.1	3452.9
129.5	517.1	1925.2	2522.1	3415.2
107.3	536.5	1881.3	2470.0	3378.6
114.0	545.6	1790.9	2332.7	3349.3
112.9	551.3	1735.4	2228.7	3307.7
113.1	541.4	1638.3	2095.0	3313.8
111.8	546.3	1574.7	1994.5	3373.9
110.9	541.1	1520.7	1936.8	3311.0
109.7	546.9	1481.5	1841.2	3265.6
108.9	562.6	1437.4	1769.0	3227.3
107.5	578.2	1378.8	1713.7	3213.3
106.1	575.8	1344.8	1678.4	3196.7
104.3	549.5	1308.0	1663.3	3138.9
103.0	511.5	1254.2	1656.7	3168.8
102.0	487.5	1172.0	1670.4	3244.4
100.7	466.7	1096.2	1701.5	3269.6
98.6	399.4	1027.2	1933.9	3233.8
94.3	298.0	993.5	2301.5	3367.5
89.6	303.7	1060.7	2369.9	3290.1
100.0	275.5	1512.4	2414.8	3307.8
105.3	251.7	1616.9	2543.3	3379.7
107.1	243.5	1354.7	2465.5	3305.5
109.1	406.7	1449.9	2462.8	3268.7
109.1	295.9	1561.0	2570.8	3375.5
105.3	474.0	1250.4	2436.9	3472.9
0.0	503.5	1162.2	2440.5	3591.3
0.0	527.6	1151.2	2452.4	3390.1
112.6	540.7	1150.7	2488.9	3287.4
115.7	545.3	1151.6	2516.7	3314.2
114.8	554.6	1153.2	2540.0	3259.4
116.8	552.4	1126.8	2564.7	3252.0
117.1	541.0	1094.1	2574.7	3248.7
119.0	560.7	1068.4	2605.2	3292.9
121.4	552.9	1050.5	2618.8	3432.6
124.7	520.1	1024.5	2635.8	3432.6
127.6	498.5	1005.3	2656.0	3434.0
130.1	479.0	965.5	2677.7	3458.0
132.5	453.2	969.1	2708.4	3482.8
133.9	442.4	979.9	2715.3	3395.7
134.2	475.1	1011.1	2712.9	3433.9
135.2	468.3	1064.6	2748.5	3681.6
135.5	458.3	1121.7	2745.9	3662.3
134.8	474.0	1186.5	2713.3	3546.1
133.0	782.5	1644.4	2689.6	3414.1
137.0	888.3	1812.6	2689.4	3460.8
139.5	887.9	1836.2	2713.9	3557.4
0.0	848.1	1761.6	2597.1	3563.7
0.0	865.4	1663.0	2612.2	3408.5
0.0	773.7	1699.9	2600.8	3371.4
0.0	756.1	1818.2	2626.2	3486.6
214.3	803.3	1849.1	2730.0	3478.1
78.9	788.4	1791.5	2745.1	3561.3
0.0	828.1	1754.1	2753.3	3819.5
0.0	827.7	1727.3	2831.7	3700.2
0.0	949.4	1701.7	2856.5	3517.6
164.4	709.7	1732.2	2890.5	3480.8
0.0	838.3	1821.1	2743.2	3444.5
0.0	1069.7	1852.5	2688.0	3328.2
0.0	1099.5	1893.2	2663.7	3110.4
0.0	1004.4	1776.9	2716.2	3318.9
0.0	910.0	1669.2	2668.6	3432.0
0.0	801.2	1686.3	2539.8	3334.8
0.0	356.1	1763.0	2440.5	3336.5
0.0	1056.8	1885.4	2323.0	3236.3
0.0	1310.1	1982.6	2661.9	3250.5
0.0	1387.1	1974.7	2762.5	3306.3
0.0	1245.9	1944.7	2653.2	3344.4
0.0	1248.5	1766.2	2547.8	3311.2
0.0	1214.9	1745.1	2544.9	3399.0
0.0	553.3	1666.8	2507.2	3243.6
0.0	731.4	1655.0	2506.0	3269.6
0.0	657.5	1662.6	2412.6	3331.3
250.0	647.5	1617.2	2186.5	3239.0
0.0	624.7	1545.7	1958.7	3239.9
0.0	597.2	1538.8	1991.5	3216.2
113.7	611.3	1571.0	2079.1	3190.0
120.4	615.8	1643.4	2213.4	3188.4
117.0	619.8	1721.7	2412.1	3167.5
117.2	631.7	1764.1	2455.9	3228.7
118.0	636.9	1757.6	2574.5	3265.9
119.5	643.1	1746.0	2676.1	3162.1
121.5	646.3	1726.4	2716.0	3178.3
121.0	611.5	1702.5	2765.9	3273.0
121.4	596.7	1643.1	2785.7	3309.3
122.0	572.0	1520.6	2552.9	3038.6
121.7	566.3	1391.8	2322.6	2948.0
119.1	562.9	1354.0	2504.1	2913.6
122.8	537.3	1327.1	2335.8	2920.1
122.4	549.6	1335.5	2350.3	2924.8
122.4	506.6	1269.0	2424.8	2900.6
122.1	521.8	1170.7	2432.5	2874.6
121.3	535.2	1188.8	2487.8	2854.0
121.1	565.6	1186.3	2459.5	2837.2
120.6	486.7	1102.7	2649.3	3035.2
119.6	711.9	1367.2	2665.7	3361.2
115.6	913.0	1556.0	2389.6	3167.7
118.0	933.6	1674.8	2497.4	3352.9
0.0	957.8	1695.4	2669.1	3478.0
0.0	850.4	1676.7	2711.9	3448.6
0.0	1118.0	1830.9	2783.8	3449.9
300.0	749.1	1652.4	2682.4	3360.6
0.0	749.0	1748.8	2752.3	3439.7
0.0	1017.9	1861.8	2810.1	3388.3
0.0	897.4	1856.4	2613.8	3448.0
87.6	1019.8	1778.2	2599.5	3400.4
0.0	1111.4	1852.8	2809.3	3442.3
0.0	1054.4	1791.0	2593.4	3397.6
0.0	807.2	1338.2	2578.4	3349.4
0.0	575.3	1114.9	2567.8	3435.1
0.0	633.2	1021.5	2572.5	3544.9
0.0	666.8	1054.6	2568.6	3564.0
108.3	724.6	1101.4	2544.6	3598.3
117.3	726.4	1107.1	2533.4	3664.7
115.3	728.2	1135.4	2532.7	3592.6
114.6	721.6	1141.0	2531.5	3380.6
113.4	727.9	1163.3	2531.6	3404.1
112.2	725.3	1178.2	2533.4	3393.2
112.6	748.2	1178.6	2541.7	3399.0
112.1	748.4	1168.5	2549.0	3426.2
111.7	747.2	1159.6	2613.9	3375.2
111.9	713.6	1145.0	2630.1	3389.3
111.7	719.3	1126.5	2623.7	3337.4
111.7	711.8	1105.5	2673.9	3355.7
112.0	675.1	1066.0	2730.9	3375.3
112.9	626.4	1024.3	2787.3	3380.6
113.9	605.7	1011.8	2839.8	3479.1
113.9	572.2	987.0	2836.6	3488.7
113.9	575.9	957.2	2885.3	3497.7
113.4	556.5	927.7	2903.2	3480.5
113.2	569.6	917.6	2882.4	3512.8
113.3	588.5	918.5	2896.9	3646.5
113.3	594.7	909.4	2893.9	3737.8
112.9	547.1	889.3	2892.2	3718.5
112.6	625.1	886.5	2846.8	3668.5
112.9	532.6	843.2	2838.2	3666.8
112.7	619.9	839.3	2813.0	3613.7
111.4	613.7	849.8	2778.2	3572.5
111.6	655.3	888.3	2765.4	3527.8
111.9	581.1	966.1	2806.7	3440.1
113.2	566.1	1047.1	2709.1	3207.9
113.6	601.9	1195.7	2772.7	3176.4
112.5	609.7	1355.1	2645.1	3099.4
111.6	606.0	1496.4	2640.8	3182.8
112.1	591.4	1692.5	2733.6	3286.8
112.4	594.5	1862.6	2716.9	3224.6
111.8	587.9	1978.4	2672.1	3299.6
111.1	580.1	2076.7	2663.6	3363.3
110.6	544.1	2045.3	2624.7	3465.0
109.6	647.1	1929.3	2654.8	3648.2
108.1	508.5	1116.1	2612.9	3616.2
107.1	466.5	1073.1	2566.6	3314.7
107.1	464.0	1089.1	2449.4	2766.5
105.3	432.2	1120.0	2494.1	2781.5
105.3	468.7	1102.7	2429.2	2706.7
104.3	457.6	1074.5	2338.5	2678.1
104.3	468.7	1079.0	2472.5	2989.1
103.4	463.4	1034.8	2482.8	2879.9
103.4	446.4	1045.7	2451.8	2900.2
103.4	429.6	1072.9	2443.5	3021.4
102.6	436.5	1097.5	2404.0	3005.6
100.8	459.3	1126.4	2421.9	3097.7
101.7	605.6	1461.3	2484.3	3211.1
107.1	628.5	1628.3	2572.7	3341.3
104.2	646.2	1693.2	2629.4	3408.9
103.3	652.3	1707.6	2641.8	3468.2
104.4	653.8	1687.5	2634.8	3493.8
105.2	655.2	1682.4	2669.2	3494.3
105.1	645.0	1666.9	2682.9	3518.3
104.7	639.0	1632.9	2709.4	3575.4
104.3	640.7	1616.1	2741.0	3606.0
102.7	651.2	1564.7	2764.4	3565.6
100.3	683.6	1502.4	2765.5	3643.3
98.0	681.7	1492.5	2751.9	3776.1
97.0	519.7	1519.0	2544.1	3499.5
0.0	520.5	1610.8	2447.3	3342.1
375.0	581.0	1586.3	2569.6	3324.3
0.0	604.2	1631.5	2627.9	3435.0
0.0	719.4	1654.8	2604.4	3474.1
127.7	694.8	1620.0	2556.9	3466.1
0.0	592.5	1558.2	2598.3	3574.3
333.3	548.4	1551.5	2603.3	3572.0
0.0	499.8	1610.2	2555.9	3480.0
136.4	836.8	1654.0	2589.5	3606.3
272.7	545.9	1609.2	2579.2	3465.8
0.0	447.0	1635.9	2659.7	3600.8
0.0	440.8	1679.4	2669.5	3642.2
149.0	438.3	1724.4	2655.5	3551.7
70.5	475.2	1719.2	2687.4	3639.2
100.0	509.8	1715.5	2709.5	3610.5
83.7	547.3	1704.6	2676.9	3604.0
92.0	518.4	1704.2	2651.9	3461.1
89.2	411.0	1699.8	2657.0	3419.3
92.1	398.1	1666.7	2666.9	3456.5
88.2	437.0	1586.0	2672.1	3318.4
87.7	379.5	1523.5	2657.4	3321.3
86.9	323.1	1617.1	2560.3	3378.3
91.6	287.9	1641.4	2475.6	3356.3
94.5	277.2	1632.3	2508.0	3394.1
91.1	327.1	1672.5	2558.1	3454.6
88.2	754.8	1648.8	2649.1	3307.3
0.0	1199.8	1917.2	2927.4	3526.1
0.0	1082.2	2138.9	3190.0	3660.1
0.0	779.1	1954.4	3187.4	3681.9
0.0	579.5	1874.1	3126.8	3658.4
0.0	1083.4	2054.3	3148.3	3662.2
0.0	901.1	1927.9	3152.8	3586.3
0.0	815.9	1959.8	3041.2	3566.8
0.0	869.4	2139.9	3063.0	3614.2
0.0	856.9	1655.7	2934.0	3703.8
0.0	827.1	1690.3	2934.2	3711.1
0.0	653.4	1791.0	2877.7	3756.9
428.6	754.8	1788.2	3114.7	3815.8
0.0	739.9	1742.8	3113.0	3700.9
0.0	728.8	1747.4	3061.6	3613.8
0.0	767.4	1669.8	3080.3	3533.3
0.0	718.7	1561.1	3157.1	3549.8
0.0	701.1	1612.8	3068.8	3601.9
0.0	726.3	1618.6	3153.1	3563.0
0.0	764.2	1500.2	3049.5	3513.4
0.0	535.4	1486.8	2778.7	3536.1
0.0	564.5	1625.4	2737.4	3560.4
0.0	678.4	1593.6	2675.7	3521.2
266.7	839.8	1607.5	2604.4	3476.2
89.6	856.1	1587.1	2574.4	3475.7
63.5	748.0	1547.5	2477.8	3489.9
315.0	655.9	1515.5	2601.5	3493.4
171.4	609.4	1456.9	2663.1	3464.6
119.8	706.3	1413.6	2451.5	3493.8
0.0	665.7	1450.3	2501.9	3416.4
0.0	679.0	1379.1	2419.0	3247.1
0.0	696.4	1280.8	2381.6	3310.4
0.0	561.6	1292.8	2535.1	3338.8
