0.0	0.0	0.0	0.0	0.0
0.0	0.0	0.0	0.0	0.0
0.0	0.0	0.0	0.0	0.0
0.0	721.9	1629.2	2527.6	3321.3
0.0	664.0	1680.2	2657.5	3399.0
0.0	1029.1	1869.8	2679.8	3422.7
0.0	883.5	1600.8	2602.1	3403.2
0.0	933.5	1791.6	2713.6	3482.9
0.0	969.1	1838.9	2624.0	3441.0
0.0	920.6	1737.3	2581.5	3461.4
0.0	881.3	1735.8	2574.4	3350.2
0.0	871.4	1756.1	2547.0	3461.2
0.0	859.9	1766.6	2607.1	3451.1
0.0	905.8	1777.9	2617.6	3443.3
0.0	823.3	1889.8	2616.4	3546.2
0.0	840.8	1802.8	2577.8	3507.9
0.0	352.1	1471.5	2518.5	3301.5
0.0	376.6	1222.8	2406.1	3317.2
148.1	299.7	1231.3	2267.0	3281.5
121.2	332.3	1319.4	2236.1	3034.8
130.4	571.1	1531.3	2230.0	2933.7
133.3	554.1	1554.0	2220.7	3006.5
131.9	541.7	1499.0	2154.3	3094.1
132.1	545.8	1415.6	2022.4	3121.0
134.6	521.1	1311.4	1924.8	3121.6
135.7	543.7	1292.7	1861.4	3097.9
139.7	522.6	1281.0	1829.7	3143.1
142.4	496.9	1275.6	1812.8	3136.1
146.3	466.2	1265.6	1783.3	3153.5
153.8	473.8	1272.4	1741.9	3124.5
153.8	489.1	1330.5	1758.0	3166.9
158.8	492.9	1555.9	1913.2	3193.0
160.8	547.9	1663.1	2178.3	3195.3
161.3	719.7	1960.6	2339.9	3378.0
78.4	1060.5	2130.0	2495.7	3421.9
72.7	921.3	1868.8	2550.5	3402.7
0.0	842.2	1908.2	2767.3	3555.4
0.0	798.8	1790.1	2818.0	3648.7
0.0	867.8	2180.1	3024.7	3763.3
136.4	867.7	2229.8	3102.2	3819.0
0.0	1040.7	1953.2	2764.7	3768.8
0.0	631.0	1681.5	2668.3	3732.7
0.0	510.6	1688.2	2660.6	3713.3
146.3	330.8	1562.9	2615.7	3694.4
0.0	342.7	1615.2	2589.4	3697.2
160.0	337.7	1622.5	2620.3	3720.2
164.4	360.1	1633.9	2655.1	3723.9
160.0	439.0	1691.0	2701.1	3757.4
162.2	697.4	1737.3	2790.5	3725.7
171.4	901.5	2052.0	3117.4	3735.7
500.0	507.3	1839.1	3193.5	3681.6
500.0	960.7	2093.7	3421.2	3773.9
235.3	1072.1	2313.1	3534.7	3557.4
0.0	603.9	1821.0	2926.7	3557.2
0.0	1001.4	2387.2	3264.4	3473.6
0.0	799.5	2542.5	3179.0	3187.3
0.0	1068.2	2338.4	2889.8	3307.2
162.2	645.6	2019.0	2649.6	3241.0
88.2	1389.2	2111.1	2523.4	3247.1
110.1	1449.9	2090.7	2558.5	3345.8
0.0	1478.2	1989.4	2517.7	3435.9
0.0	1436.9	1952.3	2586.3	3381.0
571.4	1511.9	1975.8	2863.6	3522.0
0.0	1390.9	1957.6	2684.8	3426.5
0.0	1456.5	1878.6	2526.7	3425.9
0.0	1279.8	1837.3	2456.8	3358.8
0.0	1033.0	1663.6	2416.6	3277.5
153.8	950.7	1740.7	2419.7	3062.5
413.8	867.0	1578.7	1827.0	2968.5
0.0	598.4	1396.7	1873.0	2865.6
193.5	615.0	1413.7	1860.8	2846.1
179.1	643.2	1425.2	1898.6	2850.8
173.9	644.8	1461.1	1978.2	2896.7
171.4	623.5	1521.7	2038.2	2935.3
169.0	634.4	1569.2	2111.3	2964.2
169.0	631.5	1676.3	2202.5	2962.0
169.0	618.8	1742.4	2318.6	3045.4
169.4	596.0	1764.0	2350.4	3109.1
169.4	597.9	1836.9	2374.6	3073.5
169.7	547.9	1939.1	2448.3	3067.0
170.5	539.0	2000.6	2577.3	3018.3
168.4	507.2	1958.1	2630.3	2951.5
164.3	480.5	1898.4	2649.8	2909.3
162.4	539.5	1950.6	2661.3	3113.6
157.9	472.8	2049.1	2692.6	3232.8
155.6	542.3	2150.1	2670.7	3363.4
146.1	522.9	2247.1	2674.3	3422.4
141.4	462.7	2343.6	2665.2	3466.0
133.0	534.4	2378.8	2650.7	3517.1
128.1	365.0	2313.4	2576.8	3557.2
125.0	501.8	1571.4	2489.1	2937.9
120.0	644.4	1654.7	2388.2	2741.5
120.0	778.1	1247.3	2175.3	2742.3
115.4	537.3	1478.5	2448.9	4379.6
115.4	597.3	1599.0	2368.0	4152.6
113.0	645.0	1602.3	2274.4	4210.0
111.7	592.6	1431.6	2223.8	3713.6
108.1	510.7	1198.3	2362.6	3605.9
110.1	891.8	1622.8	2577.5	3604.1
112.1	706.1	1488.0	2594.9	3369.6
116.5	642.2	2260.8	2690.9	3498.1
116.5	546.9	2307.7	2660.7	3333.3
116.6	531.3	2355.1	2621.9	3288.5
116.7	541.7	2309.2	2604.3	3229.9
116.8	565.1	2258.9	2584.5	3250.7
116.5	346.8	2232.3	2553.3	3267.0
114.3	569.8	2219.4	2456.8	3242.9
110.6	495.1	2150.1	2435.3	3222.7
108.8	409.5	2086.5	2400.6	3238.5
107.2	402.3	2003.2	2307.5	3239.6
106.4	394.4	1930.4	2200.1	3209.1
106.5	410.3	1847.5	2113.1	3210.9
107.7	419.4	1779.4	2050.2	3198.6
108.2	421.6	1705.2	1966.5	3173.0
109.6	436.5	1628.5	1880.2	3176.6
110.4	440.2	1591.2	1845.5	3157.2
111.3	444.7	1592.9	1869.8	3141.7
114.9	449.7	1586.4	1862.0	3119.1
115.5	445.4	1573.6	1843.4	3126.0
116.9	425.1	1584.2	1866.3	3119.6
118.2	402.8	1589.7	1900.3	3094.4
119.1	387.6	1622.0	1957.7	3065.4
120.0	388.0	1631.0	1991.3	2982.2
121.7	475.9	1597.4	1963.3	2957.4
119.2	260.1	1648.8	2294.9	3252.0
111.1	239.8	1645.6	2529.6	3396.2
122.4	250.6	1636.3	2527.4	3344.2
145.3	241.6	1581.0	2452.9	3367.6
111.1	725.5	1649.5	2503.7	3255.4
146.3	413.6	1672.2	2599.3	3142.8
0.0	436.7	1622.5	2557.4	3167.0
0.0	474.1	1566.2	2503.1	3188.8
111.3	487.9	1519.3	2527.9	3248.0
118.8	511.7	1525.9	2490.2	3260.6
116.6	513.1	1517.8	2483.4	3265.9
118.8	517.0	1454.0	2503.0	3247.6
118.8	514.2	1417.5	2505.8	3244.9
121.1	519.9	1416.0	2494.5	3290.5
121.7	519.7	1391.5	2543.2	3455.6
122.2	505.8	1373.0	2548.1	3612.8
123.9	442.1	1375.2	2554.3	3730.3
123.8	505.9	1395.7	2587.3	3769.9
122.4	526.8	1467.9	2812.3	3753.7
122.4	585.1	1697.9	3180.1	3907.4
126.3	641.2	2011.7	3324.3	3962.4
63.5	544.8	1920.7	3242.8	3784.7
0.0	386.1	1682.1	3418.7	3446.2
0.0	416.8	1493.5	2510.7	3571.8
142.9	467.0	1480.1	2562.5	3388.7
134.8	541.4	1507.6	2585.5	3327.3
134.2	486.0	1504.8	2513.3	3358.1
87.0	453.9	1574.4	2482.3	3453.4
218.2	415.2	1513.8	2436.3	3235.6
0.0	271.1	1018.5	2292.4	3014.9
0.0	326.1	1024.8	2344.7	3086.0
0.0	697.1	1804.0	2537.2	3494.7
226.4	958.6	1932.4	2689.5	3578.8
76.5	952.1	1869.3	2690.1	3447.7
0.0	1054.7	1559.0	2487.9	3436.2
0.0	870.4	1502.9	2425.9	3499.9
0.0	729.3	1491.2	2392.8	3450.5
103.4	956.8	1456.5	2399.8	3387.3
133.3	1137.6	1551.2	2443.4	3445.1
83.3	903.9	1261.0	2212.6	3386.9
0.0	778.8	1242.3	2193.0	3360.8
0.0	642.1	1195.8	2229.8	3422.4
0.0	610.8	1031.4	2225.4	3642.9
166.7	631.9	1051.2	2240.4	3570.4
155.8	639.4	1034.0	2270.5	3534.4
153.8	631.8	985.4	2309.1	3569.8
151.9	625.7	963.5	2363.8	3585.7
151.8	631.1	967.2	2378.1	3549.4
150.0	618.4	932.2	2405.0	3573.5
150.0	617.9	947.9	2431.1	3592.3
149.7	597.1	907.3	2448.7	3588.7
147.4	606.5	980.6	2443.7	3666.7
144.6	614.4	1034.8	2444.4	3698.3
142.9	560.7	1070.9	2478.2	3714.4
144.6	674.9	1210.8	2515.5	3746.6
147.9	770.9	1537.1	2646.7	3790.1
145.5	788.5	1865.1	2818.6	3848.6
71.4	731.0	1699.3	3061.1	3829.2
190.5	785.0	1598.8	3247.8	3794.4
0.0	506.0	1663.0	3181.5	3763.5
190.5	866.9	2236.4	3322.0	3799.6
96.8	541.4	2072.1	3061.5	3772.9
74.5	816.5	1935.7	2894.8	3706.0
0.0	973.8	1986.7	2853.3	3699.4
0.0	1018.4	2023.1	2904.8	3708.3
0.0	864.3	1944.8	3005.0	3727.2
0.0	719.6	1968.0	2963.4	3725.9
0.0	706.6	1939.5	2888.1	3636.4
0.0	441.7	1724.4	2770.4	3552.8
0.0	468.5	1727.8	2731.1	3458.0
0.0	497.8	1746.0	2730.3	3307.2
110.1	492.5	1778.7	2733.6	3170.8
111.1	547.1	1738.0	2720.7	3162.3
108.4	496.7	1653.9	2707.5	3276.4
106.2	557.5	1659.9	2692.8	3333.3
107.1	586.2	1810.2	2654.7	3408.5
105.2	586.3	2050.3	2665.2	3340.0
103.6	575.2	2166.7	2654.2	3196.5
103.2	520.9	2234.9	2725.2	3274.8
101.7	516.1	2254.0	2706.8	3342.5
101.1	551.2	2282.2	2727.5	3306.3
101.1	538.0	2166.5	2683.3	3308.6
102.1	539.1	2039.2	2654.9	3309.8
102.6	828.6	1887.1	2550.1	3397.9
104.6	762.5	1786.4	2405.2	3493.5
103.7	828.4	1790.6	2296.6	3407.9
260.9	732.5	1408.7	2118.2	3294.7
285.7	744.0	1630.3	2143.2	3261.4
75.0	774.4	1860.7	2308.4	3444.2
309.4	680.9	1712.0	2425.2	3404.9
272.7	1135.3	1899.3	2753.8	3611.7
240.0	838.2	1767.8	2743.5	3564.2
0.0	417.7	1477.3	2568.8	3550.9
0.0	554.1	1481.8	2523.0	3662.7
0.0	517.8	1392.4	2417.7	3648.4
0.0	533.7	1383.5	2375.9	3619.7
93.8	557.2	1390.0	2362.3	3581.2
100.8	585.9	1431.6	2428.4	3621.0
101.7	605.5	1440.7	2469.5	3598.6
100.8	608.8	1473.3	2505.0	3537.9
101.7	619.7	1510.4	2525.1	3405.2
101.7	620.8	1553.5	2554.9	3266.2
100.8	624.3	1586.1	2585.8	3202.9
98.4	638.5	1615.6	2616.2	3255.4
98.4	628.4	1659.6	2616.6	3253.0
97.5	642.8	1720.8	2599.9	3103.9
97.4	634.5	1792.4	2567.3	3123.9
96.8	643.7	1848.9	2592.3	3149.6
96.4	647.2	1892.4	2596.1	3173.1
98.1	686.9	1950.6	2578.6	3304.0
98.2	638.5	1886.4	2528.6	3511.6
98.6	819.1	1748.0	2432.5	3329.2
99.0	864.9	1478.3	2292.6	2744.1
100.0	737.5	1586.5	2325.5	2822.9
101.0	688.6	1603.2	2356.1	2706.9
101.7	768.7	1645.8	2555.2	4022.0
100.0	705.4	1540.2	2520.0	3638.7
98.8	677.7	1589.1	2474.2	3568.5
100.8	725.2	1638.2	2562.7	3608.1
103.4	730.1	1626.1	2611.2	3444.8
109.9	836.7	1689.8	2531.0	3313.0
118.4	893.7	1694.3	2539.3	3358.4
108.1	885.0	1875.4	2561.2	3322.6
101.7	802.5	1845.4	2532.9	3242.1
0.0	976.5	1860.7	2586.2	3347.8
0.0	665.5	1790.4	2579.2	3425.5
0.0	673.1	1773.1	2532.8	3364.3
139.5	748.9	1844.7	2547.8	3427.5
