0.0	0.0	0.0	0.0	0.0
0.0	0.0	0.0	0.0	0.0
0.0	0.0	0.0	0.0	0.0
0.0	731.8	1730.3	2554.0	3425.8
0.0	715.6	1594.2	2507.8	3369.2
0.0	728.3	1481.2	2490.5	3348.4
0.0	674.3	1547.2	2611.6	3330.7
0.0	580.7	1623.5	2648.0	3440.9
0.0	570.2	1687.0	2622.4	3421.6
0.0	677.7	1678.6	2606.0	3453.7
0.0	695.9	1793.5	2646.0	3543.9
0.0	927.9	1786.4	2671.5	3481.8
0.0	855.9	1674.0	2652.7	3453.8
0.0	914.6	1960.7	2753.8	3454.6
0.0	935.5	1949.9	2701.1	3438.2
0.0	1071.1	1872.8	2683.7	3500.5
0.0	734.8	1810.6	2706.3	3501.5
0.0	788.6	1673.9	2779.8	3552.4
0.0	1292.6	1784.2	2844.5	3580.3
190.5	1239.3	1515.7	2682.1	3708.7
0.0	1237.0	2028.2	2697.0	3627.5
0.0	765.0	1894.2	2790.9	3616.5
0.0	809.3	2109.1	2926.8	3607.2
0.0	729.7	2000.3	2943.9	3600.5
0.0	550.7	1955.7	2749.1	3533.5
413.8	636.1	2042.3	2754.4	3503.4
74.5	620.3	2014.5	2763.7	3367.2
0.0	538.6	1996.0	2773.4	3367.2
0.0	563.4	1963.6	2707.7	3396.7
0.0	419.4	1919.8	2699.7	3310.9
177.3	417.4	1894.3	2660.1	3273.8
150.7	425.1	1859.3	2692.2	3310.0
146.0	440.9	1818.5	2694.5	3315.3
142.1	457.9	1767.0	2701.0	3257.2
139.8	488.1	1683.3	2683.0	3197.2
136.2	481.7	1590.4	2604.0	3097.7
132.4	541.0	1506.7	2661.4	2979.3
130.0	592.5	1413.7	2652.4	2943.2
117.6	515.7	1379.1	2586.8	2915.9
127.1	522.5	1320.5	2490.1	2902.8
129.1	570.1	1278.3	2444.7	2905.7
129.1	619.4	1187.7	2423.6	3003.3
128.5	655.1	1105.1	2428.4	3051.1
126.3	654.9	1051.6	2468.4	3284.8
126.3	661.5	1036.7	2525.8	3355.8
126.3	651.5	1024.3	2567.9	3322.9
126.3	646.6	1017.8	2605.4	3447.6
129.0	671.7	1026.7	2607.2	3415.1
129.6	647.9	1004.6	2653.8	3710.9
131.1	640.3	984.7	2676.5	3790.2
132.2	615.5	963.9	2705.6	3832.8
134.3	604.2	935.7	2734.1	3788.7
135.9	595.3	889.2	2764.6	3807.9
137.9	589.8	846.3	2780.5	3787.0
141.2	571.2	848.9	2840.8	3776.3
142.3	586.7	856.0	2821.3	3756.0
144.6	556.7	837.4	2798.4	3675.2
144.6	534.7	805.0	2716.9	3279.3
149.1	652.4	1560.3	2654.1	3739.8
148.6	713.7	1534.8	2881.6	3781.3
155.8	847.2	1810.0	3150.2	3830.8
0.0	962.2	1818.0	3157.0	3795.5
0.0	534.7	1915.7	3100.8	3751.2
0.0	926.3	1915.6	3239.9	3789.9
324.3	400.8	1681.2	3295.7	3791.3
461.5	963.2	1820.1	3421.0	3864.7
461.5	626.7	1863.2	3423.2	3924.3
0.0	270.6	1631.1	3236.5	3781.9
285.7	739.0	1647.6	3348.2	3791.7
571.4	907.1	1690.4	3447.1	3796.7
69.0	1006.0	1790.4	2982.8	3810.4
139.5	777.1	1985.3	2825.2	3851.1
134.8	599.6	1572.5	2784.2	3818.7
0.0	489.8	1391.7	2691.9	3713.0
151.8	519.9	1519.4	2758.6	3612.3
139.9	513.6	1631.1	2762.9	3596.7
137.7	517.4	1711.0	2782.7	3525.1
135.5	517.9	1808.2	2814.7	3521.2
133.2	529.9	1890.4	2811.5	3545.5
132.0	530.0	1966.3	2798.7	3578.8
132.6	517.7	2065.9	2794.4	3567.8
133.1	532.3	2121.4	2785.7	3471.8
134.9	521.9	2155.9	2740.0	3445.3
134.8	513.6	2122.3	2651.8	3344.0
134.8	527.3	1963.0	2492.4	3275.4
134.6	530.6	1756.4	2413.1	3152.8
132.9	447.8	1018.8	2112.5	3005.3
127.7	319.3	1015.3	2115.9	2857.4
129.0	479.8	1637.1	2269.8	2985.9
127.7	380.7	940.3	2114.4	2901.1
130.4	343.0	1097.3	2498.0	3256.9
133.3	384.8	1204.0	2409.6	3148.6
126.3	397.9	1278.2	2386.4	3300.8
129.0	323.8	1265.2	2388.5	3275.3
133.3	427.3	1244.9	1678.5	2729.9
121.2	368.8	1270.4	1655.0	2824.4
126.3	362.5	1270.5	1648.1	2868.1
126.3	387.0	1262.5	1656.6	2850.5
127.7	411.7	1268.9	1703.8	2861.7
125.7	445.7	1264.0	1783.9	2918.2
125.0	503.3	1259.3	1852.7	2954.5
125.0	503.4	1267.4	1912.9	2962.0
125.0	507.2	1287.1	1976.2	2980.8
122.4	527.0	1282.9	2038.3	2992.5
122.4	537.9	1268.8	2113.4	2999.2
123.7	552.6	1292.7	2167.5	3068.6
123.7	562.5	1308.2	2270.1	3172.5
125.0	565.5	1354.8	2360.2	3220.6
125.0	548.5	1362.7	2459.3	3469.7
125.0	518.3	1310.7	2547.8	3659.8
122.4	479.8	1291.8	2571.9	3777.3
123.7	483.6	1253.8	2557.3	3725.2
121.2	269.1	1217.8	2493.7	3583.9
113.2	1021.0	1805.0	2681.9	3634.6
109.6	466.1	1423.2	2617.8	3636.7
0.0	447.4	1263.3	2602.7	3608.8
0.0	469.1	1256.5	2518.6	3320.2
123.7	502.1	1288.7	2288.0	3122.4
123.7	467.0	1281.0	2008.7	2996.1
121.2	460.3	1296.8	1870.4	2968.7
117.0	467.0	1293.7	1789.7	3003.2
116.5	490.9	1278.4	1747.7	2991.9
121.2	588.8	1381.4	1779.4	2991.2
126.3	607.9	1359.1	1832.4	3014.6
137.9	624.5	1585.2	2018.9	3042.6
137.9	769.3	1611.5	2164.7	3094.3
129.0	836.8	1495.8	2135.6	3059.0
121.2	793.5	1506.2	2182.2	3064.2
126.3	756.6	1485.2	2252.1	3126.2
139.5	683.5	1224.3	2246.1	3153.0
144.6	652.4	1074.5	2221.0	3191.3
139.5	582.5	1108.2	2261.9	3245.7
136.4	574.6	1148.9	2297.3	3287.4
130.1	581.5	1163.1	2390.9	3321.3
127.7	570.2	1158.8	2421.2	3287.7
127.7	550.1	1160.8	2475.6	3296.8
127.7	528.5	1142.7	2530.3	3254.3
125.0	489.4	1116.0	2540.0	3170.8
125.0	464.9	1066.0	2564.9	3179.8
121.2	435.5	990.1	2561.4	3189.7
123.7	442.9	928.0	2504.1	3178.9
125.0	697.2	1583.1	2580.7	3352.2
141.5	266.0	1806.6	2698.7	3433.8
93.8	995.5	1887.9	2682.6	3435.8
72.3	910.6	1697.1	2545.2	3386.3
0.0	768.9	1688.0	2537.2	3381.9
0.0	619.1	1765.5	2647.9	3463.6
0.0	597.3	1750.6	2601.3	3521.1
0.0	788.0	1719.0	2447.4	3403.2
0.0	776.9	1770.3	2297.6	3318.6
0.0	631.5	1706.6	2311.9	3093.7
0.0	381.3	909.3	2588.6	2935.9
0.0	373.3	931.3	2687.7	3115.1
142.9	387.5	980.1	2690.7	3276.2
184.6	438.1	964.7	2626.3	3120.4
184.6	464.6	1060.8	2656.9	3292.9
0.0	470.8	1122.6	2690.7	3589.1
0.0	460.1	1176.1	2703.8	3538.5
176.5	460.4	1231.8	2695.6	3369.7
88.2	462.4	1250.9	2711.1	3346.3
155.8	702.5	1445.9	2754.6	3590.0
130.4	760.4	1427.0	2681.3	3631.4
129.0	952.2	1564.6	2766.6	3609.7
65.9	1067.9	1615.4	2830.5	3675.0
0.0	1017.5	1654.3	2859.6	3649.8
0.0	798.7	1554.1	2813.5	3656.2
0.0	1221.6	1641.1	2846.5	3711.1
571.4	1104.2	1534.2	3185.5	3745.8
0.0	1074.8	1749.8	3101.1	3730.1
0.0	942.1	1586.1	2947.7	3653.8
0.0	813.4	1506.9	2894.5	3583.4
0.0	851.8	1666.7	2927.9	3600.0
0.0	956.1	1689.0	2968.2	3575.2
500.0	1018.7	1789.2	3129.4	3667.3
77.4	1107.6	1789.0	3083.5	3623.3
131.9	873.4	1430.3	2943.2	3467.4
0.0	886.0	1515.7	2745.7	3331.7
0.0	811.0	1817.2	2646.4	3356.7
0.0	790.5	1759.4	2698.9	3415.9
0.0	656.7	1615.4	2560.3	3358.2
0.0	530.3	1728.5	2515.3	3360.1
0.0	616.3	1763.2	2544.2	3337.3
0.0	791.4	1762.6	2558.7	3403.1
0.0	795.5	1891.4	2705.2	3464.0
0.0	966.9	1936.2	2689.5	3425.8
