0.0	0.0	0.0	0.0	0.0
0.0	0.0	0.0	0.0	0.0
0.0	0.0	0.0	0.0	0.0
0.0	768.6	1694.3	2494.6	3265.9
0.0	775.6	1753.5	2468.9	3263.1
0.0	798.6	1764.7	2490.1	3290.3
0.0	812.9	1755.5	2448.8	3190.8
0.0	818.6	1736.6	2432.6	3111.6
0.0	836.1	1701.8	2496.3	3175.0
0.0	812.2	1695.0	2446.6	2991.4
0.0	802.1	1722.1	2444.1	3131.6
0.0	733.1	1717.3	2501.2	3319.2
0.0	651.0	1731.6	2599.6	3421.5
0.0	500.9	1561.5	2620.5	3335.8
0.0	742.5	1638.2	2557.5	3317.2
0.0	547.5	1750.6	2501.1	3356.8
0.0	647.4	1762.7	2459.7	3211.5
0.0	545.8	1707.9	2417.6	3168.0
226.4	522.7	1711.8	2389.7	3171.8
218.2	551.5	1699.4	2363.6	3074.9
0.0	526.1	1670.7	2394.1	3134.9
69.4	529.7	1661.9	2394.9	3137.1
139.5	512.1	1663.1	2392.7	3176.0
155.8	490.6	1642.5	2397.9	3170.6
157.9	505.9	1619.9	2432.1	3196.2
166.8	489.6	1621.1	2456.8	3180.9
168.3	471.4	1635.4	2493.5	3161.1
169.0	459.5	1620.1	2503.9	3184.3
171.0	503.6	1584.5	2519.7	3456.5
170.1	450.6	1571.0	2542.0	3657.7
170.6	448.5	1643.0	2597.4	3767.4
171.4	466.2	1605.1	2628.4	3790.1
173.9	447.4	1590.1	2609.3	3733.2
173.9	443.5	1592.3	2500.4	3666.6
175.0	438.5	1545.7	2407.3	3418.0
174.3	457.5	1545.8	2317.6	3212.4
171.8	501.5	1511.4	2191.5	3293.7
166.4	486.3	1465.9	2113.4	3276.8
160.0	485.1	1376.3	1992.8	3254.8
150.0	433.4	1331.5	1951.0	3248.9
142.9	398.9	1293.8	1920.3	3324.9
137.9	520.8	1303.3	1947.2	3435.0
129.0	545.1	1331.6	1975.6	3369.5
126.3	536.1	1332.4	2038.8	3361.2
120.0	492.5	1386.8	2106.8	3402.6
114.3	444.3	1441.4	2204.5	3395.9
112.1	445.4	1458.7	2309.8	3389.1
107.1	446.2	1475.3	2378.4	3464.3
103.4	448.1	1521.8	2433.6	3463.3
100.0	638.0	1544.0	2473.4	3494.2
98.4	469.1	1481.4	2528.1	3660.0
93.0	587.3	1527.0	2610.2	3703.6
95.2	406.3	1491.2	2538.9	3780.9
0.0	390.7	1492.4	2508.3	3790.7
102.6	384.7	1476.9	2532.8	3704.6
0.0	371.1	1430.7	2519.2	3467.1
107.1	458.8	1437.6	2466.2	3300.7
108.1	464.9	1430.2	2416.0	3175.3
111.1	478.3	1408.8	2397.5	3202.8
112.1	499.8	1385.6	2374.7	3225.0
114.3	516.7	1377.3	2351.7	3205.4
117.6	550.0	1374.3	2331.2	3199.2
116.5	565.9	1323.5	2295.7	3164.8
113.2	591.7	1293.7	2260.7	3167.9
115.4	583.1	1263.9	2286.1	3209.8
112.1	587.0	1214.8	2324.6	3210.7
112.1	607.5	1181.6	2335.7	3152.2
109.1	613.0	1145.9	2339.6	3066.1
107.1	610.2	1082.1	2340.8	2915.9
103.4	611.9	1030.6	2337.2	2939.7
101.7	639.7	996.2	2351.4	3411.3
95.2	586.2	949.4	2347.2	3421.9
96.0	629.3	927.0	2317.4	3379.4
88.9	593.6	939.8	2318.8	3199.9
87.0	570.7	947.7	2325.8	3192.4
82.8	548.8	969.2	2334.0	3311.6
81.6	515.8	999.1	2332.1	3395.0
0.0	505.5	1104.4	2254.1	3178.1
87.6	494.2	1140.4	2174.1	2801.8
66.3	466.1	1204.3	2054.3	3051.7
108.8	343.0	1260.3	2182.1	3316.3
285.7	277.7	1431.6	2360.8	3324.1
0.0	657.4	1542.1	2298.7	3091.5
0.0	715.6	1592.8	2362.8	3129.2
0.0	681.4	1629.5	2476.2	3319.0
93.7	568.5	1683.7	2496.1	3363.7
89.6	512.6	1790.1	2469.5	3379.8
88.2	714.3	1880.1	2523.4	3345.4
83.9	580.5	1969.6	2531.4	3373.3
86.3	435.2	1983.0	2521.9	3453.4
0.0	383.6	1964.9	2516.7	3400.5
109.1	384.5	1957.2	2490.3	3356.8
109.1	369.6	1946.6	2394.6	3324.1
109.1	371.9	1855.6	2210.3	3184.2
106.2	352.1	1669.8	2177.1	3199.0
107.1	356.3	1428.8	2156.9	3199.1
106.0	392.0	1313.6	2150.9	3192.5
102.9	444.2	1266.8	2147.7	3174.3
99.9	400.4	1241.2	2141.5	3162.7
97.8	386.9	1265.4	2153.5	3144.6
96.5	400.5	1336.7	2159.2	3138.4
96.3	404.7	1419.3	2190.0	3111.6
97.5	417.2	1495.9	2251.8	3129.1
96.0	421.4	1549.4	2300.2	3155.9
94.5	417.1	1583.6	2367.7	3200.5
94.8	411.9	1580.1	2410.4	3288.0
95.2	419.5	1557.7	2450.0	3347.3
93.8	389.8	1534.1	2487.5	3385.8
94.5	596.9	1594.3	2784.6	3654.1
96.0	977.2	1657.8	3002.3	3688.1
87.0	750.3	1722.3	2930.5	3609.1
0.0	975.8	1857.1	2842.3	3578.7
0.0	886.8	1790.0	2704.5	3446.5
0.0	919.9	1741.5	2597.2	3416.5
0.0	722.2	1712.8	2533.1	3415.8
67.4	764.2	1690.6	2565.4	3419.8
0.0	749.4	1640.6	2513.4	3410.3
0.0	1138.6	1869.9	2668.5	3535.8
0.0	891.9	1633.2	2496.2	3454.5
250.0	864.7	1631.5	2370.0	3353.3
0.0	689.6	1543.5	2343.5	3233.2
0.0	685.1	1529.2	2256.2	3177.1
142.9	668.0	1522.4	2153.2	3077.1
0.0	415.5	1463.3	1863.3	3236.9
0.0	410.7	1458.7	1820.3	3405.3
113.4	416.9	1456.5	1850.8	3344.4
94.8	431.0	1488.4	1915.0	3339.3
95.2	418.6	1529.7	1989.4	3326.4
88.9	437.3	1633.4	2242.4	3364.0
86.1	529.1	1887.4	2474.2	3428.0
97.6	753.6	1746.8	2422.8	3391.7
0.0	790.2	1719.7	2588.3	3368.1
0.0	836.9	1776.2	2705.9	3436.0
0.0	975.6	1771.3	2940.6	3548.0
131.9	938.2	1781.7	2967.0	3618.3
250.0	744.3	1864.7	2942.6	3649.4
0.0	771.7	1797.7	2916.4	3650.2
0.0	825.1	1691.4	2785.8	3551.4
0.0	789.0	1754.3	2768.0	3473.0
0.0	1092.5	1754.7	2814.8	3429.9
0.0	1078.6	1558.8	2602.5	3260.9
0.0	1141.5	1623.2	2437.4	3336.7
166.7	1196.5	1767.9	2403.2	3350.7
240.0	1007.2	1679.2	2416.2	3259.1
0.0	951.1	1628.7	2356.2	3176.4
0.0	956.7	1434.8	2329.8	3155.6
75.9	847.8	1388.8	2275.1	3197.8
0.0	815.9	1192.7	2154.4	3262.9
0.0	432.4	1018.7	2010.5	3085.4
0.0	470.3	1064.7	1983.9	3041.2
99.2	474.1	1169.5	1989.3	3080.7
103.3	486.5	1265.2	1998.1	3083.3
101.8	491.7	1381.0	1993.2	3126.5
102.2	479.9	1482.2	2026.0	3128.5
101.9	469.9	1593.8	2053.0	3151.3
101.7	456.5	1741.3	2126.0	3173.4
100.8	446.5	1811.6	2218.1	3218.2
100.8	431.6	1847.4	2276.0	3224.4
102.6	418.7	1869.9	2334.1	3220.8
102.6	416.6	1891.8	2378.2	3234.6
102.6	417.0	1910.2	2408.7	3257.5
104.3	425.5	1908.2	2418.6	3253.8
108.1	430.7	1891.9	2444.3	3263.7
110.1	440.5	1876.1	2428.2	3237.5
111.1	495.4	1828.1	2405.7	3229.3
110.5	480.8	1754.2	2379.9	3197.8
107.9	386.3	1695.6	2372.8	3152.7
97.6	387.2	1698.9	2376.4	3183.1
0.0	417.6	1735.9	2368.5	3187.8
114.5	444.3	1748.7	2353.1	3160.6
112.1	450.4	1744.7	2360.5	3172.3
110.5	450.2	1735.7	2355.6	3171.1
111.0	440.4	1720.4	2396.0	3166.7
108.9	419.0	1693.2	2436.6	3115.4
107.6	400.9	1646.8	2439.5	3003.4
106.3	404.0	1632.5	2476.3	3094.6
100.0	441.8	1650.2	2490.9	3208.3
104.3	459.7	1651.5	2465.4	3256.7
103.1	427.5	1662.7	2442.2	3212.3
109.8	444.0	1650.5	2437.6	3158.3
99.2	467.2	1651.5	2445.8	3202.8
108.1	513.9	1672.3	2416.0	3187.4
100.8	513.4	1667.8	2373.8	3178.0
105.3	539.6	1657.2	2381.8	3161.3
99.2	556.9	1637.2	2374.6	3100.0
0.0	551.0	1615.3	2364.5	3071.9
96.8	560.8	1595.9	2339.9	3116.3
107.1	564.6	1559.9	2338.8	3157.1
0.0	571.6	1549.8	2337.1	3136.7
0.0	567.5	1551.3	2237.3	3053.5
0.0	547.8	1524.1	2239.3	3114.7
0.0	518.0	1505.5	2202.1	3099.4
100.0	499.0	1512.8	2215.6	3118.7
108.1	456.9	1475.7	2214.2	3156.7
102.6	444.9	1446.1	2257.1	3158.1
116.5	409.3	1447.0	2277.7	3267.3
0.0	399.6	1464.5	2290.7	3251.4
65.2	281.6	1477.6	2305.3	3273.3
64.5	223.0	1549.2	2527.6	3334.5
120.9	480.3	1559.9	2477.5	3294.5
99.2	881.8	1585.5	2549.2	3450.1
0.0	824.1	1640.6	2616.8	3390.2
0.0	787.5	1693.1	2603.3	3338.1
0.0	942.5	1743.7	2728.3	3304.5
0.0	827.5	1662.8	2727.2	3457.6
0.0	715.4	1669.9	2534.4	3610.1
0.0	592.8	1658.5	2478.0	3366.8
148.1	598.3	1638.9	2412.9	3240.4
0.0	555.1	1576.4	2437.4	3178.9
0.0	442.8	1583.6	2399.5	3094.3
122.4	436.4	1564.3	2385.3	3129.1
114.2	437.5	1568.4	2390.6	3146.3
111.7	414.6	1560.2	2397.2	3134.9
108.6	432.0	1515.1	2397.6	3132.8
275.3	300.3	1510.8	2365.1	3201.1
63.5	266.3	1532.4	2413.1	3250.8
99.0	250.6	1528.0	2436.6	3198.4
96.0	535.6	1613.7	2482.1	3214.4
0.0	500.0	1675.5	2475.2	3279.8
0.0	459.7	1664.9	2448.1	3253.2
0.0	447.1	1676.6	2438.2	3240.4
99.2	462.2	1687.7	2420.7	3237.8
99.8	468.0	1699.9	2422.4	3234.6
99.8	506.6	1717.0	2428.6	3244.9
99.1	524.9	1722.5	2408.2	3232.4
98.4	538.8	1718.6	2412.6	3221.0
97.6	567.3	1711.0	2401.5	3209.9
96.8	530.5	1698.2	2384.0	3174.0
96.8	544.5	1674.3	2394.9	3137.8
94.7	345.1	1635.6	2400.9	3065.5
94.4	455.3	1365.0	2303.6	2826.0
92.3	392.4	1340.2	2217.5	2591.6
92.3	503.4	1614.3	2409.8	2789.5
93.8	539.6	1670.5	2249.2	3003.5
96.9	548.6	1630.0	2078.0	3208.7
95.2	564.7	1585.2	2030.2	3229.6
92.8	531.6	1572.9	1983.4	3253.9
94.6	504.9	1575.7	1895.2	3252.9
94.3	523.8	1574.5	1862.3	3300.0
102.2	496.0	1568.3	1829.4	3306.7
75.2	484.9	1555.3	1889.0	3298.0
114.7	510.5	1535.0	1891.6	3325.5
71.4	533.7	1536.0	1825.7	3275.8
113.2	480.6	1532.9	1818.2	3339.7
100.8	462.1	1562.2	1857.0	3265.6
76.4	361.7	1634.4	1971.2	3239.4
105.3	774.5	1533.3	2283.2	3412.8
96.1	1030.6	1665.5	2408.3	3407.2
93.0	986.1	1746.0	2595.3	3478.1
79.5	959.6	1747.2	2671.9	3545.8
0.0	776.8	1818.1	2663.6	3482.4
0.0	619.0	1752.9	2727.1	3682.9
0.0	635.2	1741.1	2752.4	3632.9
0.0	999.0	1647.1	2646.3	3535.7
