0.0	0.0	0.0	0.0	0.0
0.0	0.0	0.0	0.0	0.0
0.0	0.0	0.0	0.0	0.0
0.0	897.3	1685.2	2438.9	3380.9
0.0	850.8	1704.4	2521.1	3424.3
0.0	791.5	1683.7	2621.4	3404.5
0.0	795.7	1675.1	2590.7	3378.9
0.0	875.9	1760.2	2741.3	3411.1
0.0	950.1	1731.7	2740.0	3437.5
0.0	1140.2	1659.6	2586.4	3460.9
0.0	1224.3	1797.8	2384.0	3535.5
0.0	1185.9	1920.8	2421.6	3551.9
0.0	967.9	1478.0	2353.1	3429.3
0.0	958.3	1719.9	2410.3	3409.8
0.0	830.0	1675.5	2621.7	3495.7
0.0	747.3	1681.8	2697.2	3528.7
0.0	752.9	1616.9	2565.3	3429.5
0.0	443.4	1314.6	2307.6	3367.6
0.0	307.1	1335.8	2233.8	3413.7
0.0	399.0	1388.8	2271.3	3262.2
150.8	424.0	1311.7	2301.5	3158.8
134.8	406.6	1341.5	2329.6	3117.3
130.4	405.1	1429.6	2342.1	3157.5
130.4	390.7	1592.2	2372.9	3186.7
130.8	389.5	1677.0	2436.5	3205.3
130.0	427.7	1677.2	2606.1	3209.9
121.2	518.4	1655.2	2706.2	3291.8
169.0	454.0	1398.8	2505.7	3341.2
71.4	644.8	1439.9	2407.9	3256.9
0.0	740.1	1800.6	2711.6	3218.6
0.0	662.7	1742.4	2772.4	3200.9
0.0	1177.1	2041.8	2874.6	3385.6
0.0	1140.5	2088.8	2873.9	3443.1
0.0	1015.0	2071.2	2890.1	3369.8
0.0	720.9	2044.0	2828.2	3323.6
0.0	854.5	1904.1	2715.5	3345.6
130.4	772.8	1859.9	2620.5	3286.9
105.3	654.8	1802.4	2572.9	3198.6
0.0	469.8	1752.7	2444.3	3134.6
203.4	614.2	1744.8	2454.4	3144.0
188.1	454.3	1752.5	2468.9	3122.5
165.3	413.6	1756.6	2478.4	3148.6
156.6	427.0	1784.6	2510.5	3177.5
150.9	541.7	1792.2	2484.1	3200.4
148.8	405.7	1821.3	2476.7	3198.3
147.9	304.8	1846.4	2478.1	3213.9
147.2	291.1	1871.0	2558.1	3268.9
147.2	292.9	1896.5	2615.8	3283.3
146.2	285.7	1891.7	2628.4	3304.1
144.5	277.2	1863.2	2597.1	3221.0
144.0	293.9	1864.4	2627.4	3208.7
150.4	283.0	1837.3	2645.4	3186.4
146.0	292.2	1844.8	2609.1	3010.9
142.9	302.7	1869.0	2501.3	2976.4
134.5	395.2	1837.8	2448.0	3073.7
132.2	394.9	1811.7	2426.4	3112.1
131.9	364.0	1772.1	2335.5	3094.5
0.0	377.3	1745.2	2186.0	3017.4
131.9	371.6	1730.9	2138.7	2984.4
136.4	319.5	1720.3	2106.2	2950.5
133.3	495.3	1717.5	2115.8	2978.1
131.4	369.4	1720.8	2197.7	2986.3
129.0	350.9	1787.7	2319.6	2964.6
125.3	421.3	1882.6	2341.0	3032.9
116.5	922.5	2074.4	2475.6	3178.3
101.7	988.1	2205.6	2577.0	3244.9
0.0	1036.8	2125.1	2630.2	3212.6
0.0	1082.1	2003.1	2685.1	3281.9
0.0	972.5	2086.1	2781.7	3428.2
240.0	911.2	2114.0	2677.8	3323.7
240.0	687.6	2071.3	2648.6	3334.5
0.0	1129.9	2042.6	2620.8	3322.8
101.7	1276.3	2172.9	2704.1	3350.7
0.0	528.1	2220.1	2698.9	3269.6
0.0	657.0	1904.4	2534.2	3258.0
230.8	773.5	1955.7	2542.0	3290.0
0.0	824.3	2014.1	2587.8	3321.8
480.0	754.7	1929.5	2488.4	3277.4
122.4	643.7	1930.1	2459.5	3268.9
0.0	329.0	1881.3	2370.4	3139.8
0.0	287.2	1881.5	2330.9	3093.2
135.4	278.8	1879.6	2303.7	3095.0
134.3	283.3	1872.1	2326.3	3144.7
132.7	282.1	1860.5	2297.5	3162.1
132.0	281.5	1832.9	2324.8	3151.9
131.9	290.3	1810.5	2322.6	3177.8
130.4	433.5	1786.9	2325.1	3214.6
259.8	430.1	1742.5	2323.8	3212.4
129.2	304.7	1667.2	2308.3	3197.2
127.7	297.8	1644.7	2323.3	3222.7
126.3	349.3	1605.9	2335.5	3231.8
126.3	334.5	1551.2	2344.2	3202.8
122.4	342.4	1515.1	2339.3	3238.4
244.9	358.0	1480.9	2371.5	3285.1
118.8	353.7	1446.7	2875.7	3576.7
114.3	683.4	1443.4	3056.4	3650.8
107.2	963.9	1510.3	3045.1	3645.7
102.6	1094.5	1517.3	3081.4	3568.3
96.8	935.3	1550.8	2929.1	3380.7
0.0	823.4	1576.7	2707.7	3321.1
98.4	834.8	1724.1	2705.5	3453.0
0.0	900.7	1796.4	2568.1	3557.7
187.5	867.0	1811.3	2513.1	3494.6
333.3	817.8	1813.4	2593.5	3396.9
0.0	911.1	1774.5	2600.1	3335.3
0.0	459.2	1483.9	2483.1	3248.4
0.0	495.5	1170.1	2386.5	3104.8
0.0	506.8	1127.4	2382.6	3162.2
108.1	649.6	1243.4	2361.7	3186.2
101.2	1073.2	1865.3	2710.6	3468.0
94.4	790.2	1716.7	2691.7	3412.5
90.2	817.8	1689.6	2630.1	3334.4
0.0	892.0	1777.3	2653.4	3447.4
0.0	998.6	1899.8	2713.6	3561.8
0.0	961.6	1864.0	2706.3	3462.5
0.0	955.9	1889.6	2732.2	3460.5
0.0	999.7	1801.8	2601.4	3504.0
0.0	936.4	1564.1	2606.0	3368.5
0.0	813.5	1426.0	2471.8	3256.4
0.0	841.0	1624.5	2562.2	3357.9
148.1	718.4	1555.8	2577.6	3312.2
0.0	396.8	793.7	2347.0	2955.4
0.0	429.2	839.3	2293.0	2985.4
108.5	437.4	888.5	2244.8	2972.0
107.7	404.0	965.9	2197.7	3027.1
106.5	342.6	1098.2	2191.1	3065.4
106.9	310.4	1228.3	2177.7	3094.3
108.8	319.9	1488.3	2135.3	3105.3
109.9	350.7	1730.2	2145.6	3114.1
108.1	350.2	1860.8	2136.4	3097.8
106.7	344.0	1940.5	2153.0	3081.2
106.0	326.2	1976.0	2194.3	3070.5
106.2	326.3	1976.8	2212.9	3096.2
105.3	336.6	1964.7	2237.3	3081.2
103.4	344.0	1956.2	2330.1	3076.3
101.7	329.1	1940.2	2394.0	3047.2
104.3	342.9	1906.1	2466.6	3033.3
102.2	274.0	1838.4	2497.4	3118.8
88.9	267.9	1792.5	2526.9	3407.7
88.2	674.4	1652.1	2482.7	3429.2
100.8	960.3	1815.0	2603.5	3388.4
0.0	888.6	1748.4	2679.1	3576.2
0.0	1069.9	1725.7	2587.1	3575.1
63.5	1005.0	1748.8	2251.6	3098.6
571.4	782.1	1644.6	2220.4	3112.2
0.0	745.1	1613.5	2276.8	3176.5
0.0	589.1	1603.2	2294.3	3282.3
206.9	578.5	1493.2	2272.8	3347.7
85.1	490.5	1429.4	2066.3	2985.0
0.0	482.5	1398.0	1898.2	2811.1
0.0	474.7	1340.9	1802.5	2752.3
0.0	460.4	1307.8	1685.1	2682.8
109.1	633.4	1297.2	1863.4	2667.4
109.1	348.9	1284.1	2339.3	2694.8
102.6	359.0	1280.0	2497.3	2748.3
102.6	346.8	1271.7	2478.0	2731.7
102.6	352.9	1257.6	2409.5	2703.5
102.6	357.3	1292.7	1889.8	2660.4
0.0	521.2	1233.5	1451.9	2659.8
106.2	579.5	1210.7	1473.8	2648.4
101.7	644.2	1186.4	1529.3	2633.4
101.2	642.0	1152.5	1546.4	2632.6
102.6	526.9	1129.4	1546.8	2633.5
100.8	525.8	1092.0	1546.9	2606.6
97.6	533.1	1073.8	1546.9	2600.5
96.0	541.3	1052.1	1570.6	2561.3
95.2	604.5	1213.4	1508.1	2539.7
93.8	515.7	1035.5	1508.5	2587.4
95.2	530.7	1060.0	1534.5	2598.2
96.8	542.0	1108.2	1566.4	2566.0
96.8	552.4	1151.3	1657.8	2571.5
91.6	582.1	1191.3	1758.4	2568.1
93.8	604.7	1266.2	1852.9	2571.3
95.2	619.0	1349.9	1977.6	2584.2
90.2	708.9	1429.7	2080.8	2622.5
94.5	706.9	1489.9	2137.1	2700.5
91.6	654.8	1511.2	2148.0	2763.0
96.0	633.5	1516.8	2272.6	2848.0
91.5	668.0	1497.0	2370.2	2913.5
94.2	756.5	1502.5	2409.1	2932.2
93.8	638.1	1460.2	2412.5	2951.2
93.8	636.0	1412.6	2371.6	2963.8
92.3	702.5	1283.9	2447.7	2971.0
92.4	684.8	1215.5	2549.8	2920.1
92.2	653.3	1119.9	2603.3	3019.1
89.7	618.2	1075.4	2625.9	3044.0
92.6	616.3	1052.4	2627.0	3033.8
92.5	629.5	1031.4	2599.7	3067.1
91.8	623.0	1036.8	2421.7	3008.9
92.2	620.9	1062.6	2348.2	3042.6
92.5	604.0	1105.8	2431.7	3155.0
96.3	511.0	1147.0	2496.8	3105.0
91.6	286.1	1160.3	2400.8	3127.3
87.0	290.5	1151.5	2344.7	3182.6
92.3	281.2	1195.8	2357.7	3194.2
88.2	279.2	1337.7	2394.7	3192.2
87.0	1075.3	1465.6	2629.9	3279.1
90.1	497.6	1410.1	2632.0	3263.5
428.6	530.8	1404.6	2558.8	3325.9
428.6	640.5	1414.3	2569.2	3294.2
0.0	763.8	1505.0	2538.9	3219.5
0.0	627.1	1580.4	2552.8	3240.6
413.8	631.6	1588.2	2578.3	3223.3
184.6	577.5	1529.6	2608.4	3187.4
0.0	565.8	1482.4	2491.1	3171.3
352.9	581.6	1574.9	2627.9	3198.0
250.0	615.1	1597.1	2711.3	3232.5
91.6	680.7	1532.8	2551.2	3246.5
0.0	758.3	1511.3	2550.1	3254.0
264.2	674.0	1455.6	2496.3	3214.1
0.0	702.9	1514.7	2462.9	3147.6
0.0	493.6	1465.8	2543.9	3173.2
