0.0	0.0	0.0	0.0	0.0
0.0	0.0	0.0	0.0	0.0
0.0	0.0	0.0	0.0	0.0
0.0	829.5	1841.3	2545.8	3297.1
0.0	810.6	1742.2	2647.2	3429.8
0.0	861.0	1742.1	2669.8	3535.5
0.0	793.9	1692.0	2586.4	3439.1
0.0	859.6	1661.5	2633.7	3494.6
0.0	955.2	1703.1	2528.6	3512.2
0.0	772.4	1725.5	2522.6	3515.0
0.0	728.9	1799.2	2602.9	3355.5
0.0	757.1	1794.9	2592.0	3268.5
0.0	743.7	1836.8	2609.7	3428.4
0.0	1038.2	1782.5	2492.1	3437.4
0.0	470.9	1799.8	2512.8	3479.6
179.1	200.0	1839.9	2657.0	3569.9
0.0	248.1	1508.4	2560.4	3507.5
182.0	369.7	1106.9	2583.0	3490.7
162.1	355.1	1072.3	2306.2	2894.1
154.8	356.9	1056.7	2146.4	2729.6
151.2	367.2	1288.3	2597.8	2962.1
152.7	415.2	1425.6	2626.3	3612.6
150.6	597.5	1453.1	2709.8	3637.6
157.5	616.0	1508.1	2742.3	3567.0
152.9	651.6	1449.9	2790.6	3520.5
154.0	578.0	1335.3	2822.6	3478.5
154.3	667.1	1304.3	2844.3	3445.6
154.2	685.0	1297.6	2783.8	3390.0
155.7	696.5	1268.2	2724.1	3407.0
157.2	713.2	1306.0	2677.9	3376.3
159.1	687.4	1322.3	2653.7	3383.6
160.3	684.9	1365.6	2617.0	3329.6
161.4	651.8	1374.8	2576.5	3297.8
161.6	628.2	1352.6	2566.6	3208.8
161.6	593.7	1292.3	2512.0	3086.9
160.1	512.7	1341.3	2483.3	3075.4
72.4	532.8	1457.4	2413.4	3215.7
0.0	531.6	1544.9	2356.0	3290.3
158.0	514.8	1622.5	2281.9	3351.2
156.9	462.8	1659.1	2227.2	3353.3
153.0	424.9	1677.8	2174.8	3407.8
150.1	419.9	1700.1	2157.8	3520.9
142.2	337.6	1689.4	2219.8	3493.5
73.0	738.4	1682.4	2613.5	3440.0
71.8	889.5	1768.3	2648.4	3393.6
0.0	901.8	1812.6	2504.8	3347.8
0.0	689.0	1635.2	2564.8	3347.6
0.0	880.8	1580.3	2659.9	3455.6
0.0	842.7	1500.8	2475.6	3557.7
0.0	614.4	1451.5	2222.3	3727.2
0.0	579.8	1421.8	2405.6	3734.8
0.0	1194.1	1715.6	2843.2	3891.3
68.2	639.0	1357.4	2587.1	3813.6
444.5	626.0	1292.6	2353.1	3648.1
400.0	838.0	1355.7	2295.5	3617.7
0.0	763.3	1119.5	2287.0	3609.0
0.0	362.2	1033.8	2121.1	3437.4
0.0	555.2	953.3	2109.1	3293.2
180.6	547.7	915.6	2128.7	3269.9
174.4	534.4	899.5	2136.8	3237.5
168.9	547.9	888.3	2132.7	3231.2
168.6	560.9	905.2	2099.1	3393.6
168.5	555.2	923.0	2111.2	3529.4
167.0	585.3	981.7	2070.1	3429.2
167.2	578.8	1022.8	2251.9	3446.3
168.9	572.8	1065.4	2204.7	3467.1
167.8	599.1	1143.2	2021.6	3333.4
167.5	578.5	1204.8	2022.1	3255.2
169.4	571.5	1254.8	1989.1	3027.7
167.7	571.3	1333.5	1836.6	2776.8
167.8	454.6	1409.1	2294.7	2687.3
168.1	475.9	1374.2	2473.7	2775.7
166.7	439.4	1360.5	2472.6	2811.5
166.7	547.9	1366.7	1701.1	2574.2
171.4	572.3	1379.8	1651.4	2709.8
171.4	541.2	1374.3	1659.1	2794.8
169.4	538.5	1343.9	1687.7	2890.5
171.1	542.4	1331.7	1699.3	2961.8
173.6	532.2	1343.3	1676.9	3001.7
174.4	530.1	1381.8	1664.3	2993.2
174.9	532.1	1409.5	1701.1	3010.3
175.9	529.5	1447.0	1739.4	2999.8
176.2	515.3	1461.4	1783.4	3055.4
175.0	521.6	1474.0	1859.5	3104.1
174.1	523.7	1509.7	1947.3	3269.9
173.5	518.2	1525.6	2091.2	3332.4
171.2	511.9	1570.7	2212.9	3247.5
168.7	482.5	1581.9	2373.1	3355.3
165.8	480.6	1583.4	2510.1	3410.3
161.6	476.6	1590.6	2598.1	3543.2
157.1	444.6	1614.7	2643.8	3688.3
153.5	447.2	1600.2	2648.7	3679.5
151.9	418.3	1599.5	2697.6	3712.5
148.1	379.2	1734.1	2813.4	3793.2
131.9	705.6	2095.2	2922.0	3823.3
65.6	873.0	2131.6	3084.6	3760.8
116.5	534.8	1855.7	3026.2	3626.3
131.9	438.8	1906.8	2939.6	3567.2
131.9	462.1	1828.7	2733.5	3462.6
64.9	283.3	1604.8	2621.2	3346.7
134.8	809.4	1695.7	2640.2	3410.8
136.8	394.7	1540.6	2434.2	3268.5
0.0	422.0	1621.0	2443.1	3324.8
155.0	452.4	1646.6	2489.7	3381.5
146.4	469.4	1671.1	2556.6	3525.7
147.5	468.0	1681.9	2592.3	3613.0
147.8	457.6	1626.9	2606.4	3660.4
146.9	424.6	1567.9	2523.9	3544.7
143.1	285.6	1475.4	2440.6	3287.0
142.9	279.2	1457.8	2512.4	3094.2
140.8	290.3	1557.8	2494.6	2896.6
139.3	408.7	1619.6	2329.4	2700.0
138.4	266.4	1625.4	2127.3	2805.9
138.0	279.9	1528.1	2140.0	2964.6
137.2	308.9	1513.6	2157.8	3065.0
137.2	299.3	1500.2	2190.3	3149.3
135.4	256.5	1494.4	2196.2	3214.4
134.1	380.2	1522.5	2308.3	3258.0
133.3	465.4	1600.7	2498.6	3311.8
131.5	393.4	1693.3	2475.5	3374.0
133.3	411.9	1746.7	2523.1	3441.1
140.5	425.1	1741.7	2550.5	3475.8
142.7	494.7	1694.4	2549.0	3477.7
145.5	459.0	1672.0	2547.0	3472.5
147.0	486.7	1629.3	2545.0	3535.7
147.7	396.8	1633.7	2555.5	3564.9
147.9	441.7	1597.1	2573.1	3579.3
147.9	401.4	1571.6	2651.9	3643.6
146.3	402.3	1535.5	2584.4	3598.4
142.9	382.3	1521.6	2544.3	3608.3
139.5	377.4	1480.4	2536.5	3584.7
144.6	388.3	1488.7	2526.6	3670.4
142.9	384.3	1523.7	2529.2	3730.2
150.0	398.0	1518.9	2578.9	3640.3
150.0	405.1	1527.9	2688.9	3566.4
151.9	427.1	1532.7	2542.8	3494.2
153.3	425.0	1526.3	2472.6	3415.5
152.8	417.9	1479.9	2372.2	3421.8
153.1	433.5	1395.9	2309.8	3376.2
152.4	423.0	1105.5	2360.8	3441.8
146.4	411.4	1020.8	2427.1	3399.3
69.4	419.9	1001.4	2432.8	3361.9
139.7	411.0	983.6	2485.7	3381.9
141.7	413.8	969.9	2487.3	3407.1
140.1	423.2	990.0	2449.2	3408.7
141.8	442.1	1029.5	2490.2	3427.0
145.4	481.5	1061.8	2729.5	3453.0
147.1	465.6	1170.0	2537.7	3458.9
148.7	480.2	1369.1	2516.6	3515.2
149.2	448.6	1542.3	2501.7	3543.4
148.1	473.8	1687.2	2453.0	3540.3
146.2	411.6	1851.5	2490.7	3572.5
143.2	456.0	1964.4	2435.2	3592.6
141.5	395.2	2090.0	2403.4	3596.7
139.5	398.5	2154.9	2466.6	3523.8
138.5	517.3	1990.1	2514.6	3528.7
141.8	342.3	1898.3	2531.9	3451.9
67.9	1049.0	1844.2	2656.2	3360.8
0.0	894.7	1751.2	2698.0	3411.0
0.0	849.7	1750.8	2640.7	3402.6
0.0	878.7	1666.0	2608.8	3320.2
0.0	878.9	1863.2	2509.1	3408.6
0.0	464.4	1882.8	2261.7	3411.4
0.0	851.5	1901.7	2383.6	3260.6
0.0	899.6	1927.0	2631.6	3364.2
444.4	590.5	1860.3	2577.0	3284.4
0.0	836.6	1814.1	2439.9	3455.5
0.0	653.4	1808.1	2473.3	3554.7
0.0	762.2	1721.5	2501.6	3564.5
116.5	851.2	1607.5	2497.0	3606.5
131.9	900.5	1571.9	2399.7	3530.8
0.0	825.0	1500.2	2430.2	3468.9
0.0	618.9	1451.1	2457.5	3460.5
183.8	631.1	1431.7	2468.4	3471.1
153.7	640.0	1371.2	2491.2	3442.5
149.7	646.6	1352.6	2515.1	3425.5
146.0	647.0	1328.4	2528.7	3385.0
144.6	647.5	1383.9	2531.7	3469.8
142.9	640.4	1447.0	2514.0	3514.0
142.4	617.6	1477.4	2533.9	3521.5
142.2	601.7	1524.7	2553.3	3510.1
143.0	571.8	1560.1	2557.2	3561.2
146.0	553.7	1579.9	2557.7	3596.0
76.8	495.9	1562.7	2533.5	3573.4
76.9	423.9	1537.6	2531.7	3547.4
87.5	234.7	1497.1	2512.2	3511.7
79.3	407.6	1545.2	2524.3	3528.3
0.0	414.4	1657.4	2533.1	3584.4
0.0	490.9	1738.1	2567.7	3641.5
159.1	529.6	1782.2	2598.8	3661.8
148.6	543.8	1786.6	2599.5	3657.6
76.7	539.4	1794.6	2599.0	3675.8
144.6	544.6	1774.2	2600.7	3719.2
141.8	435.5	1752.0	2593.9	3730.2
138.7	512.3	1684.3	2556.7	3725.5
135.0	384.0	1584.0	2442.6	3639.1
130.3	252.6	1515.7	2499.8	3208.2
133.1	414.6	1538.4	2285.0	2744.7
132.0	251.1	1533.9	2529.1	3416.2
133.3	249.7	1523.4	2520.4	3181.9
133.0	244.2	1545.1	2361.1	3139.8
132.9	249.6	1523.4	2385.2	3406.6
133.3	260.9	1592.4	2372.3	3483.2
134.4	487.4	1665.8	2307.0	3684.0
135.0	556.0	1731.7	2535.9	3713.7
134.4	531.8	1726.7	2564.4	3703.4
134.4	525.1	1697.4	2555.5	3687.1
134.0	504.1	1680.1	2546.3	3662.6
132.5	493.1	1651.3	2573.1	3652.3
133.3	526.5	1614.5	2556.1	3625.5
133.1	487.6	1598.8	2572.8	3604.4
132.2	874.3	1639.8	2644.5	3733.4
131.9	824.3	1702.7	2700.1	3683.1
0.0	765.6	1751.9	2792.9	3697.9
0.0	734.7	1851.1	3011.1	3868.5
84.5	826.9	1859.8	3076.0	3975.1
0.0	494.6	1822.2	3002.7	3884.4
0.0	889.3	1677.0	2931.4	3735.0
226.4	900.4	1751.1	2958.1	3724.3
0.0	679.0	1652.5	2970.4	3652.0
545.5	650.9	1639.6	3011.3	3590.9
363.6	831.0	1614.2	3059.4	3431.1
521.7	834.7	1574.3	2856.2	3361.2
0.0	743.1	1470.4	2429.4	3364.1
0.0	617.1	1210.6	2504.1	3373.6
0.0	488.0	1072.5	2381.2	3462.4
0.0	492.2	959.9	2334.2	3308.2
143.7	492.4	900.6	2484.5	3276.3
135.5	504.4	897.9	2380.1	3287.8
131.7	536.0	886.3	2276.3	3264.6
129.2	551.5	870.0	2501.5	3287.1
128.4	579.5	894.2	2691.8	3350.0
127.1	604.3	939.4	2714.5	3263.5
126.2	613.5	1005.3	2669.8	3301.2
126.2	620.1	1035.8	2646.2	3346.1
127.9	612.7	1102.5	2661.3	3272.0
128.4	614.3	1176.5	2657.3	3268.7
127.4	614.3	1208.6	2645.2	3306.7
125.9	613.9	1277.1	2546.3	3298.3
125.1	606.4	1307.2	2411.8	3377.7
124.7	599.0	1347.6	2459.6	3460.7
124.2	551.8	1385.3	2452.3	3479.9
123.9	370.8	1468.3	2410.2	3215.0
119.8	321.6	1471.9	2240.5	2770.6
126.8	347.5	1528.1	2152.9	2715.3
125.9	391.4	1503.4	2175.2	2773.3
124.5	348.1	1577.4	2290.7	2870.1
124.1	334.3	1665.7	2512.8	3133.1
124.0	271.5	1587.9	2310.6	3063.5
124.4	334.5	1571.0	2239.4	2942.7
123.1	309.7	1625.2	2573.3	3055.1
121.4	247.5	1598.6	2526.5	3009.2
124.7	276.0	1701.5	2430.2	2977.4
130.3	243.3	1704.7	2388.6	2980.6
127.7	280.5	1642.9	2469.3	3123.2
128.2	261.7	1674.1	2517.1	3155.7
