0.0	0.0	0.0	0.0	0.0
0.0	0.0	0.0	0.0	0.0
0.0	0.0	0.0	0.0	0.0
0.0	664.5	1808.7	2472.0	3468.5
0.0	686.7	1778.7	2421.8	3412.7
0.0	761.9	1816.0	2429.9	3373.8
0.0	864.5	1766.1	2420.1	3344.1
0.0	957.4	1743.8	2414.1	3407.6
0.0	854.7	1656.2	2531.2	3390.1
0.0	617.2	1564.9	2584.8	3375.8
0.0	729.6	1810.9	2624.7	3415.9
0.0	726.6	1706.1	2589.9	3406.3
0.0	790.6	1634.2	2552.9	3419.9
0.0	696.1	1628.3	2514.0	3386.3
0.0	683.1	1641.9	2397.9	3385.9
0.0	621.9	1439.7	2349.3	3341.3
0.0	614.0	1924.8	2439.8	3330.5
0.0	539.7	2140.8	2716.1	3369.8
0.0	530.5	2227.1	2946.4	3550.8
87.0	534.7	2207.8	2844.4	3426.8
342.9	482.4	2236.1	2816.4	3467.7
126.3	444.8	2230.5	2902.4	3576.6
0.0	414.1	2220.4	2874.2	3689.7
141.2	414.1	2211.5	2851.7	3683.5
136.0	431.2	2201.0	2792.1	3655.8
145.0	453.4	2143.4	2634.3	3588.0
142.3	428.9	1979.5	2441.1	3486.7
139.9	396.8	1747.3	2331.2	3433.7
138.0	291.0	992.6	2317.1	3422.7
136.4	295.4	1021.9	2356.1	3404.0
136.4	307.4	1867.2	2432.8	3421.3
136.6	295.1	1137.4	2348.5	3408.9
136.4	297.7	1324.4	2313.2	3409.0
136.4	419.7	1513.8	2317.6	3406.1
134.8	495.3	1719.3	2398.8	3457.4
135.3	520.4	1844.4	2570.3	3541.5
132.3	513.5	1905.6	2583.5	3578.0
131.2	515.4	1928.3	2589.4	3594.3
127.7	504.8	1955.8	2599.2	3580.1
126.1	500.2	1988.7	2610.1	3565.5
125.5	489.0	2012.7	2598.1	3605.5
124.7	483.5	2031.0	2598.1	3580.8
125.0	456.1	2081.3	2603.8	3573.8
124.0	402.2	2112.9	2657.2	3637.9
124.3	386.2	2091.2	2662.8	3629.4
124.9	412.7	2073.3	2674.4	3716.1
123.4	354.3	1972.0	2624.2	3685.4
114.8	488.3	1799.4	2666.4	3532.4
75.5	645.2	1647.9	2636.7	3414.3
0.0	576.4	1925.1	2802.3	3337.0
461.5	904.8	2056.0	2801.9	3346.5
0.0	847.8	2066.7	2722.0	3395.6
0.0	858.3	1899.0	2557.3	3376.2
0.0	581.2	1756.5	2441.6	3337.0
571.4	973.9	1732.0	2597.2	3378.5
0.0	785.8	1709.4	2411.2	3348.2
255.3	600.5	1562.3	2144.5	3463.9
0.0	581.2	1440.3	2145.8	3482.5
146.6	624.0	1387.4	2165.5	3491.3
132.5	650.2	1370.9	2192.4	3549.9
124.7	681.5	1372.6	2221.0	3571.9
120.6	704.4	1346.8	2272.2	3557.8
119.4	713.7	1348.1	2302.5	3528.0
118.8	703.1	1373.4	2298.2	3515.1
117.5	689.6	1394.3	2328.5	3546.7
115.4	679.3	1452.6	2344.2	3579.8
113.6	676.8	1509.4	2353.1	3563.6
112.4	665.7	1535.8	2349.8	3558.8
112.3	635.8	1561.5	2344.6	3477.2
111.3	601.9	1571.1	2327.2	3296.0
110.1	551.7	1549.9	2243.4	3134.5
108.7	506.7	1524.2	2071.2	2924.6
106.8	479.5	1505.8	2000.4	2800.5
103.3	525.7	1474.7	2061.1	2876.8
108.5	570.3	1422.8	2153.6	3082.9
109.0	624.1	1421.8	2198.3	3380.3
113.3	686.5	1484.4	2399.9	3507.2
117.4	713.4	1534.8	2529.5	3543.4
94.7	813.3	1802.1	2620.4	3493.3
0.0	971.6	1788.7	2661.4	3445.4
193.5	964.2	1773.2	2771.2	3497.1
0.0	1030.0	1851.9	2821.2	3526.0
0.0	1072.2	1875.6	2657.6	3487.9
0.0	878.2	1714.5	2609.2	3529.0
0.0	854.7	1738.0	2716.3	3580.2
0.0	819.9	1788.6	2709.9	3589.6
230.8	610.8	1666.7	2596.5	3656.1
0.0	591.3	1259.4	2523.1	3603.8
144.6	595.1	1274.5	2543.0	3592.0
128.1	593.9	1281.7	2582.8	3564.7
123.3	582.6	1302.0	2522.8	3545.1
119.8	576.2	1291.5	2512.3	3524.2
117.5	552.3	1274.4	2552.2	3438.2
116.4	547.2	1273.4	2444.9	3377.9
117.1	533.9	1294.5	2310.4	3329.0
117.6	536.4	1291.4	2260.0	3266.9
120.0	527.6	1250.6	2237.4	3209.4
121.2	515.2	1253.6	2230.8	3186.9
121.2	513.4	1252.6	2176.1	3145.0
121.2	512.7	1258.2	2183.3	3156.3
120.7	503.8	1258.8	2152.7	3120.4
116.5	496.3	1262.1	2112.7	3026.0
116.5	458.3	1275.5	2146.6	2982.3
116.5	450.4	1281.9	2232.6	3026.8
115.4	444.3	1233.6	2280.0	3016.2
114.3	445.4	1210.5	2206.3	2995.2
110.1	446.4	1201.3	2256.3	2999.9
110.1	497.7	1226.5	2391.1	3031.2
108.1	532.0	1273.1	2509.1	3160.3
106.2	546.6	1283.0	2633.9	3147.3
101.7	558.0	1277.7	2630.0	3215.9
101.8	582.2	1295.3	2619.0	3188.8
102.6	537.4	1322.7	2580.3	3009.0
105.0	540.1	1342.5	2587.1	3264.5
103.4	639.6	1383.3	2533.5	3492.1
103.4	690.9	1440.0	2636.0	3516.7
108.7	690.1	1478.7	2681.3	3672.1
107.1	813.6	1590.4	2759.7	3827.6
0.0	623.1	1596.4	2756.2	3887.4
0.0	785.2	1622.7	2718.8	4001.7
164.4	890.9	1671.9	2710.0	3998.0
0.0	924.0	1619.1	2677.1	3878.7
166.7	955.4	1688.7	2699.3	3862.7
428.6	928.7	1656.1	2706.8	3880.6
164.4	691.4	1552.4	2686.7	3832.2
400.0	786.4	1588.0	2670.2	3788.0
111.1	792.4	1633.3	2662.5	3783.2
73.2	899.2	1583.1	2637.4	3738.5
0.0	748.5	1509.2	2668.6	3701.3
0.0	845.3	1411.2	2662.2	3678.0
0.0	778.2	1477.0	2664.2	3690.2
400.0	775.8	1581.5	2746.7	3612.2
75.5	843.4	1562.8	2807.9	3581.3
0.0	710.2	1419.1	2617.4	3529.0
0.0	763.1	1254.1	2514.1	3457.0
545.5	651.1	1227.0	2380.9	3460.8
545.5	630.3	1302.1	2327.8	3427.2
113.2	718.8	1252.5	2322.8	3444.5
0.0	599.1	1209.2	2268.8	3456.5
0.0	637.6	1294.2	2201.2	3472.4
0.0	767.8	1273.4	2326.9	3475.9
130.4	778.7	1245.2	2471.7	3477.2
222.2	673.2	1284.6	2344.0	3426.8
0.0	669.4	1227.5	2349.9	3311.0
0.0	745.8	1172.0	2376.5	3393.6
93.0	772.5	1376.3	2414.4	3448.6
67.4	642.5	1276.2	2329.1	3327.8
0.0	654.7	1260.2	2301.9	3357.9
0.0	751.3	1302.6	2387.2	3369.0
184.6	791.8	1340.7	2432.9	3421.9
77.4	799.2	1482.9	2451.9	3548.6
141.2	878.0	1552.1	2452.8	3477.3
