0.0	0.0	0.0	0.0	0.0
0.0	0.0	0.0	0.0	0.0
0.0	0.0	0.0	0.0	0.0
0.0	428.9	1582.8	2407.4	3286.1
0.0	439.4	1539.4	2437.3	3313.8
0.0	851.1	1769.9	2599.4	3411.3
0.0	934.1	1751.4	2504.8	3407.6
79.5	911.1	1770.1	2553.5	3414.6
0.0	676.5	1925.5	2495.0	3438.7
0.0	749.6	1948.7	2532.6	3532.5
0.0	919.2	2015.2	2586.8	3562.6
0.0	1061.8	1993.7	2630.6	3442.0
0.0	1002.4	1835.2	2565.8	3514.8
0.0	972.0	1968.6	2700.1	3694.8
0.0	945.9	1862.6	2642.3	3531.5
0.0	880.6	1585.8	2506.8	3449.4
0.0	432.1	1516.3	2500.2	3377.2
279.1	436.7	1459.0	2471.6	3315.2
0.0	649.6	1450.6	2484.3	3374.5
0.0	847.6	1582.9	2462.1	3347.3
0.0	891.2	1538.7	2372.6	3396.4
0.0	867.3	1515.9	2379.7	3518.2
0.0	849.1	1469.5	2443.1	3508.0
184.6	816.3	1467.4	2414.9	3348.1
153.8	793.7	1320.9	2379.6	3351.1
168.9	676.8	1189.7	2352.3	3425.3
162.3	670.5	1208.4	2349.9	3421.0
153.0	686.5	1183.5	2323.9	3454.5
150.8	703.9	1188.6	2258.0	3442.5
148.4	675.5	1166.8	2200.2	3436.2
147.9	681.0	1169.2	2175.2	3457.6
146.1	650.7	1149.3	2159.3	3450.5
146.2	629.6	1136.0	2121.0	3435.9
147.1	610.2	1125.8	2085.5	3429.1
148.2	597.9	1170.1	2073.1	3369.7
149.5	582.2	1210.3	2054.4	3050.1
150.8	533.5	1281.9	1866.8	2756.7
150.8	456.0	1467.2	1852.8	2982.6
149.2	825.5	1528.1	1950.6	3093.7
65.7	492.9	1345.0	1864.5	2932.8
0.0	460.5	1340.0	1861.3	2614.3
144.6	458.0	1369.4	1851.3	2699.9
141.6	455.4	1345.4	1736.7	2781.6
144.0	435.2	1345.1	1685.1	2840.2
145.8	441.2	1308.2	1626.6	2929.5
145.3	435.8	1284.7	1612.8	3010.4
142.7	466.0	1404.2	1775.3	3126.0
138.5	590.2	1525.6	2377.5	3228.0
134.2	1022.9	1821.6	2583.1	3284.3
124.8	1118.3	1953.4	2589.6	3372.5
75.5	1126.8	1872.4	2715.3	3526.5
0.0	1067.3	1804.1	2714.1	3537.4
480.0	991.5	1797.8	2700.7	3398.9
0.0	1113.1	1826.4	2639.2	3373.4
0.0	1112.3	1738.9	2617.9	3405.6
0.0	1221.3	1719.7	2637.7	3453.2
0.0	1104.6	1758.4	2550.7	3475.6
315.8	995.2	1734.3	2541.3	3385.8
139.5	965.5	1809.0	2579.1	3361.3
0.0	481.7	1003.4	2358.6	3357.1
166.1	479.5	1001.8	2381.7	3420.3
150.8	478.8	1036.2	2418.4	3495.7
148.8	490.9	1123.1	2438.3	3528.0
147.2	547.0	1195.0	2478.0	3562.8
145.8	582.0	1293.4	2547.7	3544.1
144.3	592.9	1353.7	2559.9	3497.8
144.1	587.0	1445.5	2560.9	3426.4
142.6	583.9	1555.8	2558.2	3427.6
141.8	602.1	1636.5	2565.1	3469.5
140.1	587.2	1671.9	2578.1	3382.5
139.3	575.8	1728.8	2582.4	3438.3
138.1	569.3	1789.0	2596.6	3427.7
137.5	564.4	1806.4	2571.3	3379.2
137.0	544.2	1800.8	2549.2	3301.6
136.4	531.3	1734.6	2508.8	3237.9
135.3	517.5	1544.6	2166.2	3178.6
134.3	527.4	1367.4	2161.0	3157.1
132.3	451.7	1262.7	2173.8	2868.9
131.8	386.9	1324.2	2149.9	2588.5
132.7	399.6	1453.4	2155.9	2620.6
133.1	346.0	1427.8	2169.1	2841.9
132.3	311.0	1365.3	2178.1	2930.8
131.6	332.9	1250.7	2179.7	3090.3
131.2	271.8	1485.2	2198.9	3164.9
128.4	256.9	1539.9	2198.7	3055.2
126.1	259.1	1623.3	2195.5	3137.7
123.4	266.7	1605.6	2481.9	3419.1
113.2	800.5	1666.2	2474.9	3489.3
0.0	853.6	1780.9	2231.3	3427.4
0.0	481.8	1796.2	2302.3	3534.2
444.4	431.6	1767.1	2395.0	3449.1
0.0	488.6	1680.7	2268.7	3380.1
151.1	527.0	1582.9	2243.4	3410.2
132.5	557.4	1510.8	2256.3	3416.5
130.0	596.8	1472.6	2253.3	3355.1
130.0	623.5	1431.5	2248.4	3443.4
129.5	613.9	1485.5	2252.9	3552.2
130.1	566.4	1563.2	2255.0	3500.9
131.6	529.7	1630.3	2264.1	3469.9
131.0	508.9	1730.7	2390.4	3467.3
132.1	470.3	1768.3	2508.4	3396.6
130.2	472.1	1857.6	2602.8	3243.0
127.7	978.3	2230.2	2649.8	3246.6
123.3	846.1	2175.5	2698.0	3309.3
0.0	886.2	2181.4	2770.9	3298.1
0.0	1027.6	2248.0	2710.9	3315.1
0.0	929.0	1959.0	2554.2	3268.9
0.0	711.3	1834.4	2447.8	3330.0
0.0	925.9	1896.5	2492.6	3368.6
0.0	997.1	1770.3	2490.4	3359.3
0.0	1011.3	1823.2	2503.8	3275.4
0.0	991.3	1875.1	2532.4	3255.3
144.6	980.0	1864.8	2529.6	3343.4
0.0	1012.9	1892.2	2652.2	3514.9
0.0	668.5	1843.0	2757.0	3449.6
0.0	830.6	1693.4	2531.1	3326.7
0.0	463.3	1573.4	2182.9	3240.4
0.0	488.6	1658.1	2186.3	3177.1
0.0	421.3	1737.8	2354.4	2984.4
146.4	416.6	1722.3	2449.2	2933.6
129.2	271.3	1613.6	2410.3	3199.8
63.5	308.8	1559.1	2398.0	3179.6
122.5	337.1	1565.6	2395.7	3236.1
122.0	453.7	1802.0	2564.9	3474.6
123.4	478.6	2017.7	2693.1	3535.8
124.7	484.0	2083.0	2746.5	3511.6
122.4	483.6	2114.1	2757.7	3510.9
120.7	509.2	2150.2	2794.0	3480.2
122.0	474.7	2205.4	2788.5	3456.9
123.4	468.2	2204.8	2776.0	3516.2
122.7	463.8	2208.5	2828.5	3566.4
122.7	494.2	2192.3	2812.4	3592.4
125.5	479.9	2191.5	2717.4	3649.2
127.8	451.8	2120.6	2592.6	3662.6
129.5	462.4	2032.3	2538.0	3609.1
129.7	546.0	1941.0	2503.0	3452.8
127.0	829.5	1794.6	2700.4	3580.0
134.8	815.6	1752.0	2821.5	3651.1
65.2	941.1	1860.0	2759.0	3613.5
68.6	660.4	1718.1	2559.3	3516.6
0.0	548.9	1583.6	2503.7	3499.3
133.3	669.7	1756.2	2724.7	3493.7
144.6	737.9	1827.2	2666.9	3460.6
0.0	835.1	1792.3	2664.6	3328.0
0.0	831.5	1738.6	2644.8	3333.1
0.0	543.6	1474.1	2401.4	3402.5
0.0	472.3	1424.2	2317.5	3455.8
161.0	459.3	1336.6	2299.3	3397.2
131.4	470.2	1210.0	2278.0	3338.7
129.1	444.0	1032.8	2272.2	3318.0
124.5	431.7	942.9	2264.4	3273.4
123.5	422.7	844.4	2283.1	3230.4
122.2	427.8	838.1	2282.6	3186.0
119.6	437.9	819.6	2292.2	3221.7
118.4	446.2	823.8	2279.9	3235.7
119.0	460.5	842.7	2273.5	3252.4
119.2	477.6	866.0	2256.8	3255.9
119.6	479.7	933.2	2250.2	3192.9
119.9	501.1	1024.4	2241.0	3161.1
119.0	526.1	1134.2	2235.5	3193.3
119.8	547.5	1229.2	2238.5	3223.4
120.9	556.8	1319.2	2228.6	3247.5
119.5	580.7	1397.2	2241.0	3230.1
119.4	582.6	1455.0	2242.0	3257.9
117.4	597.7	1511.4	2248.1	3304.0
120.5	607.4	1553.3	2291.2	3290.5
118.9	604.5	1587.2	2311.5	3333.1
118.7	597.5	1625.7	2346.3	3366.6
118.6	599.3	1653.8	2360.9	3325.9
118.1	580.9	1677.9	2336.7	3367.7
120.2	551.7	1732.4	2331.2	3375.3
118.4	546.8	1799.8	2352.0	3401.7
119.1	496.5	1834.4	2317.4	3447.9
118.5	473.7	1938.4	2276.2	3447.3
117.6	457.1	1964.3	2268.4	3541.2
116.2	473.3	1979.4	2244.7	3557.4
115.9	485.5	1955.3	2184.0	3433.3
108.1	418.5	1895.0	2149.5	3370.8
112.5	467.7	1971.7	2243.3	3569.5
0.0	500.6	2008.6	2276.9	3595.9
119.2	525.2	1964.1	2318.8	3532.3
115.4	552.2	1912.0	2373.9	3495.9
114.2	569.3	1867.4	2441.8	3485.0
115.5	594.0	1850.2	2463.1	3466.2
113.9	611.3	1831.9	2491.2	3576.8
113.7	615.8	1793.1	2482.5	3539.0
114.9	624.8	1702.4	2486.2	3551.4
114.1	649.2	1669.9	2140.0	3430.9
113.7	409.1	1621.7	2235.7	3210.1
111.8	271.5	1667.6	2382.0	3217.1
113.9	278.0	1669.1	2467.0	3333.9
116.8	234.5	1696.1	2485.8	3262.3
113.1	242.1	1771.7	2474.1	3217.5
114.3	209.0	1756.6	2480.1	3345.8
116.5	235.6	1618.7	2472.5	3435.6
113.2	288.0	1630.3	2457.9	3304.1
121.2	337.9	1688.1	2365.7	3149.3
