0.0	0.0	0.0	0.0	0.0
0.0	0.0	0.0	0.0	0.0
0.0	0.0	0.0	0.0	0.0
0.0	696.0	1808.0	2684.2	3580.8
0.0	751.5	1650.8	2547.9	3501.9
203.4	746.5	1589.2	2437.6	3417.5
0.0	748.7	1591.2	2460.6	3227.7
0.0	708.7	1554.7	2499.9	3238.7
0.0	715.8	1573.8	2496.0	3353.4
0.0	704.7	1622.8	2500.4	3440.5
127.7	697.4	1675.7	2589.9	3398.2
133.3	742.1	1642.1	2557.7	3339.6
0.0	382.4	1533.5	2431.7	3363.9
0.0	275.8	1454.9	2646.5	3303.9
132.1	273.9	1440.4	2739.1	3414.1
83.2	249.5	1497.5	2671.9	3377.8
118.8	584.8	1541.9	2688.8	3439.3
109.1	433.1	1461.5	2759.5	3546.4
0.0	438.3	1414.5	2746.5	3453.6
110.7	436.4	1339.8	2672.2	3386.8
81.2	452.1	1273.7	2575.9	3392.6
91.7	471.1	1206.7	2490.0	3378.4
90.8	260.7	1121.7	2391.5	3322.5
85.1	272.6	1093.7	2370.2	3239.3
96.8	342.6	1083.2	2376.4	3287.9
91.6	309.3	1127.9	2385.8	3448.2
98.4	277.3	1439.1	2553.7	3414.1
95.2	291.6	1671.2	2599.0	3422.3
98.4	292.5	1687.8	2597.0	3378.0
100.2	552.0	1388.8	2554.7	3307.7
96.8	487.6	1052.6	2600.9	3333.8
0.0	543.0	1065.0	2644.1	3386.8
122.7	565.5	1096.4	2660.6	3400.8
77.1	554.3	1133.2	2653.3	3377.7
88.4	555.6	1173.3	2642.3	3378.2
88.3	563.7	1238.7	2627.2	3365.2
90.3	555.1	1291.7	2633.0	3396.2
90.0	537.8	1371.4	2635.8	3438.4
89.5	527.4	1443.9	2625.2	3272.3
89.4	450.8	1479.4	2593.7	2963.4
90.2	244.8	1431.1	2629.3	3001.0
82.2	259.8	1465.3	2658.6	3150.1
90.2	757.9	1662.9	2678.2	3193.6
0.0	725.7	1748.4	2665.8	3337.3
226.5	504.0	1914.8	2631.1	3546.3
0.0	343.2	1952.1	2613.8	3559.2
85.6	350.5	2002.3	2630.9	3528.6
91.0	351.9	2015.4	2632.4	3553.3
90.8	345.7	1998.9	2641.1	3611.1
90.2	380.5	1948.3	2636.4	3658.5
89.2	353.5	1907.2	2662.9	3706.9
87.4	360.8	1850.4	2692.7	3706.0
85.3	430.8	1827.7	2729.9	3651.5
82.2	659.6	1798.1	2966.7	3602.0
87.6	820.2	1898.6	3067.0	3620.3
87.0	999.0	2045.7	3047.1	3680.0
84.5	1165.4	2222.9	3075.3	3682.2
105.3	915.6	2092.5	2992.7	3757.2
0.0	1002.4	1943.2	3102.4	3725.0
0.0	788.3	1950.3	3024.8	3709.3
0.0	624.6	1913.7	2809.9	3698.7
0.0	808.8	1886.3	2770.7	3572.2
117.6	772.4	1801.2	2746.4	3539.9
0.0	547.7	1828.8	2680.8	3490.6
175.5	554.4	1847.7	2688.0	3514.7
186.8	554.6	1824.6	2712.3	3535.0
90.2	439.7	1739.3	2680.8	3500.6
85.9	476.9	1670.7	2567.3	3174.6
191.8	530.1	1873.6	2544.0	2908.8
96.1	281.2	1005.2	2420.2	2776.1
91.6	284.0	1075.7	2483.1	2768.8
91.6	266.9	1131.2	2622.2	2851.6
93.0	307.1	1148.9	2604.8	2936.7
92.9	379.7	1386.0	2438.4	2816.3
90.2	768.8	1511.4	2253.8	3031.0
90.9	252.2	1584.7	2581.8	3331.8
87.2	753.0	1728.5	2621.0	3402.0
93.0	1334.9	1871.4	2578.8	3398.1
106.2	715.1	1678.1	2501.0	3299.9
0.0	754.6	1557.0	2598.0	3314.2
0.0	600.7	1494.7	2380.8	3194.5
0.0	458.1	1459.3	2014.3	3099.9
0.0	447.3	1459.4	1949.9	3136.8
89.7	450.6	1462.1	1909.5	3099.1
89.7	449.7	1463.6	1887.8	3098.5
90.0	453.3	1470.4	1895.3	3166.4
91.2	487.8	1508.2	1889.7	3146.8
90.8	503.1	1530.4	1899.2	3126.4
92.5	490.1	1557.0	1920.4	3233.9
95.3	461.7	1575.2	1955.6	3301.3
96.2	463.3	1602.5	1997.2	3281.8
98.3	450.9	1649.7	2031.9	3261.5
98.9	427.6	1683.4	2057.9	3230.1
99.2	413.3	1700.6	2111.1	3224.5
99.7	406.8	1713.1	2147.9	3195.3
100.6	403.2	1703.9	2148.9	3172.1
99.8	387.4	1629.9	2133.5	3155.6
99.6	395.4	1506.2	2083.4	3110.1
99.5	375.2	1327.5	2056.1	3065.7
98.5	229.5	1187.0	2172.0	3096.3
87.0	276.2	1361.4	2447.3	3324.2
93.8	637.2	1503.9	2443.4	3462.3
98.4	644.3	1522.7	2469.9	3350.0
113.2	785.7	1601.7	2495.9	3325.9
0.0	793.3	1549.3	2414.3	3422.4
0.0	786.3	1275.6	2292.8	3332.8
0.0	412.1	1054.2	2523.9	3106.2
0.0	404.5	1071.7	2667.3	3118.2
0.0	409.8	1139.2	2679.2	3107.1
90.2	413.6	1244.0	2641.7	3112.7
94.5	394.2	1368.8	2599.7	3091.4
92.3	392.0	1548.9	2550.3	3057.6
92.3	388.4	1633.8	2534.9	3061.8
90.2	436.7	1709.4	2542.7	3104.2
90.1	485.0	1758.5	2618.0	3099.3
91.7	547.2	1709.6	2644.1	3127.1
90.6	315.1	1624.8	2585.4	3241.2
91.9	484.3	1485.2	2528.6	3244.4
102.6	751.9	1516.2	2538.4	3271.5
99.2	815.7	1631.2	2561.0	3405.1
235.3	884.3	1698.4	2501.9	3317.6
0.0	905.9	1840.9	2585.6	3369.8
0.0	1038.1	1864.1	2635.4	3404.7
0.0	598.3	1645.1	2623.3	3297.1
400.0	620.9	1632.8	2557.5	3288.5
444.4	643.4	1604.1	2497.1	3348.0
84.5	526.9	1555.4	2456.9	3304.3
0.0	478.7	1436.2	2427.1	3268.7
0.0	436.1	1371.2	2451.0	3268.8
105.7	415.8	1271.4	2480.7	3328.5
100.1	418.7	1227.4	2470.2	3374.7
96.8	297.3	1347.6	2502.5	3353.8
87.1	500.6	1726.8	2573.1	3323.3
82.6	831.5	1710.8	2601.8	3395.3
105.3	835.1	1596.9	2627.2	3337.4
0.0	629.8	1506.3	2585.9	3244.4
0.0	950.1	1613.5	2533.4	3545.1
0.0	648.0	1610.8	2396.7	3533.3
255.3	454.4	1642.5	2389.4	3367.5
0.0	451.9	1774.8	2366.9	3273.2
0.0	401.5	1779.4	2366.2	3193.0
101.9	359.5	1725.0	2455.1	3286.2
89.7	357.8	1639.8	2493.8	3371.3
85.8	505.6	1610.7	2438.8	3366.2
84.9	314.9	1567.7	2470.5	3404.5
93.7	286.0	1526.1	2475.9	3302.2
96.8	276.2	1538.3	2463.4	3255.4
102.6	823.0	1565.1	2455.4	3295.1
0.0	746.0	1541.6	2488.4	3283.9
315.8	898.0	1647.5	2610.2	3445.6
74.1	844.4	1604.0	2549.7	3525.4
142.9	680.5	1570.5	2543.7	3406.3
0.0	649.6	1535.3	2465.0	3265.7
0.0	488.6	1483.3	2289.0	3178.8
0.0	492.7	1541.4	2292.3	3174.3
0.0	558.1	1591.6	2378.5	3220.6
82.3	567.6	1625.2	2413.8	3253.6
79.9	571.7	1654.3	2459.4	3289.4
69.4	603.9	1684.5	2506.8	3349.1
69.3	605.3	1691.5	2548.8	3429.1
66.7	609.5	1679.1	2566.4	3387.6
0.0	602.4	1662.3	2595.9	3304.3
0.0	586.1	1603.8	2661.9	3416.8
0.0	559.5	1581.6	2614.2	3339.8
187.5	560.0	1477.8	2544.2	3027.2
186.8	539.5	1539.6	2544.8	3292.9
63.5	544.0	1713.2	2580.7	3514.0
189.5	536.2	1866.3	2637.0	3650.3
63.5	538.8	1869.5	2652.8	3577.4
63.5	514.6	1909.6	2661.5	3510.7
63.5	478.5	1917.3	2626.6	3578.5
72.2	395.5	1907.9	2600.2	3583.5
73.6	331.5	1873.3	2583.1	3432.3
73.9	381.2	1821.9	2587.3	3256.4
75.7	315.2	1651.0	2588.7	3415.0
81.6	257.4	1459.2	2542.7	3428.3
107.1	708.8	1790.0	2677.3	3195.4
0.0	716.1	1937.4	2794.5	3148.4
0.0	1351.3	2398.1	2914.5	3307.9
0.0	519.7	1985.9	2641.5	3183.3
279.1	683.3	1837.6	2514.1	3176.9
122.4	484.8	1665.9	2347.4	3126.8
0.0	427.3	1529.5	2330.9	3095.7
103.3	548.0	1467.6	2344.1	3249.7
0.0	458.6	1457.5	2400.1	3283.9
72.9	463.7	1482.5	2463.8	3316.1
110.1	961.5	1698.2	2540.3	3392.6
107.1	1027.3	1805.6	2602.0	3378.2
91.6	819.5	1570.1	2600.3	3332.6
0.0	750.3	1591.1	2607.7	3251.4
0.0	728.7	1615.2	2449.1	3202.7
0.0	551.3	1643.3	2466.3	3192.2
0.0	526.3	1747.8	2498.9	3215.6
99.5	547.9	1797.1	2535.2	3233.4
97.6	559.7	1736.7	2565.8	3225.7
160.9	570.0	1659.1	2593.1	3311.0
168.8	596.8	1618.0	2611.8	3329.1
138.1	607.3	1557.2	2612.1	3293.4
141.5	608.4	1505.3	2601.3	3259.3
157.2	595.3	1338.0	2411.7	3130.5
83.3	601.0	1278.0	2360.3	3114.2
83.6	524.9	1474.1	2428.2	3248.2
93.3	328.3	1342.4	2298.2	3170.2
109.1	316.4	1360.9	2316.4	3110.3
99.2	321.4	1367.1	2397.0	3077.7
115.4	424.5	1413.1	2354.2	3069.4
101.5	865.3	1622.0	2392.5	3090.2
101.6	737.1	1585.1	2425.5	3162.8
100.8	685.5	1570.5	2420.2	3249.7
71.4	696.2	1785.0	2467.3	3371.4
