0.0	0.0	0.0	0.0	0.0
0.0	0.0	0.0	0.0	0.0
0.0	0.0	0.0	0.0	0.0
0.0	560.0	1669.4	2474.9	3370.4
0.0	703.6	1671.7	2512.7	3396.2
0.0	804.2	1676.7	2508.8	3485.5
0.0	731.0	1497.2	2436.1	3429.7
0.0	767.2	1769.1	2614.8	3401.8
0.0	855.1	1857.4	2722.8	3362.3
0.0	813.0	1695.4	2683.6	3368.3
0.0	963.5	1626.5	2665.2	3444.0
0.0	906.7	1749.7	2660.0	3471.3
117.6	860.6	1825.0	2630.2	3404.2
0.0	271.9	1738.1	2521.3	3450.7
0.0	797.1	1700.6	2517.0	3436.3
141.8	324.6	1125.9	2408.5	3340.1
0.0	656.5	1266.9	2395.5	3269.9
101.3	497.8	1384.5	2500.1	3313.2
0.0	526.8	1435.4	2515.4	3370.5
107.1	577.5	1499.1	2506.4	3542.7
100.7	581.5	1567.4	2502.4	3615.4
100.2	546.6	1642.2	2510.3	3575.4
100.7	510.6	1667.4	2595.8	3487.3
100.6	493.1	1626.0	2630.9	3256.8
99.4	438.9	1611.2	2585.5	3147.2
97.3	386.8	1614.2	2598.1	3326.0
86.1	722.7	1745.5	2651.3	3427.5
85.1	657.4	1865.2	2669.2	3498.5
0.0	466.6	1868.3	2647.5	3418.7
0.0	442.4	1833.9	2656.9	3361.1
0.0	543.7	1811.4	2645.2	3391.8
0.0	542.7	1772.4	2618.5	3404.0
110.3	503.0	1739.5	2592.4	3367.4
107.7	512.0	1677.1	2573.1	3279.2
105.7	535.5	1576.5	2406.9	3178.7
104.0	539.3	1387.5	2296.1	3165.5
100.0	267.6	1364.6	2281.1	3227.3
100.7	271.6	1339.5	2296.0	3136.1
101.7	264.5	1427.4	2299.9	3164.5
101.7	265.9	1378.1	2345.0	3268.1
100.8	269.8	1362.1	2273.2	3196.0
97.6	278.9	1366.7	2297.6	3267.2
93.8	264.6	1258.9	2390.1	3329.7
92.3	322.2	1339.4	2390.4	3200.0
88.9	373.4	1866.1	2522.3	3331.2
0.0	384.6	1943.4	2589.0	3448.6
90.9	400.4	2037.2	2615.8	3573.8
94.3	385.2	2074.6	2545.1	3582.5
97.9	388.0	2097.3	2454.4	3616.2
96.9	371.5	2051.6	2421.8	3562.8
94.0	301.7	1900.6	2412.6	3471.5
91.6	367.0	1744.3	2419.5	3355.5
83.9	798.3	1771.4	2554.3	3367.8
115.4	997.4	1798.8	2698.1	3430.8
0.0	880.8	1962.3	2779.3	3512.8
0.0	805.2	1938.1	2442.0	3364.2
0.0	753.9	2004.1	2471.2	3430.1
0.0	578.4	2089.9	2606.8	3469.6
0.0	471.8	2064.6	2587.3	3523.5
0.0	432.2	1870.7	2548.4	3512.0
0.0	594.6	1753.7	2565.3	3546.9
0.0	616.0	1589.3	2564.0	3436.7
108.1	640.9	1468.7	2538.6	3397.4
102.6	639.9	1391.3	2515.8	3489.3
97.6	620.5	1255.6	2509.8	3428.3
95.2	589.5	1151.8	2490.0	3221.8
95.2	565.2	976.7	2414.7	2848.8
89.6	280.4	931.2	2434.4	2899.6
206.9	298.5	914.5	2430.4	3074.6
91.6	308.6	905.3	2429.4	3099.0
85.7	302.0	909.5	2419.0	2902.6
85.1	465.9	895.3	2441.2	3122.7
80.0	372.0	854.1	2436.3	3269.8
80.5	519.2	868.1	2437.9	3314.8
76.4	590.3	908.5	2572.9	3366.0
0.0	614.8	951.3	2700.2	3400.9
70.8	633.3	962.0	2688.8	3409.4
64.2	634.2	978.5	2752.7	3381.0
71.4	647.3	1007.8	2806.3	3373.8
70.5	653.2	994.8	2671.5	3400.4
82.3	636.4	1008.9	2788.4	3401.9
88.2	654.0	1020.8	2884.2	3384.7
91.6	685.6	1038.1	2746.1	3382.4
93.0	700.8	1058.4	2606.2	3406.2
94.0	697.0	1076.1	2414.9	3388.3
96.5	710.5	1099.5	2328.2	3380.9
97.6	707.7	1137.3	2282.4	3367.2
96.8	714.7	1182.0	2307.7	3286.1
98.4	690.9	1236.4	2303.1	3373.4
98.4	679.0	1312.4	2253.1	3366.6
99.2	686.1	1337.2	2303.3	3170.1
100.3	663.3	1333.1	2314.6	3042.4
98.5	266.8	1377.2	2347.8	3001.9
98.2	497.8	1415.4	2377.7	2983.3
101.7	275.3	1387.4	2389.7	2999.7
100.8	244.5	1381.0	2417.0	2950.4
99.2	555.7	1422.3	2464.7	3079.7
101.7	553.0	1523.8	2760.3	3261.9
102.3	529.8	1564.6	2818.2	3405.1
100.6	512.4	1554.2	2811.9	3466.0
99.1	540.1	1569.9	2902.0	3541.5
99.6	561.5	1573.9	2899.4	3634.8
101.8	631.0	1585.8	2926.2	3592.1
104.8	602.1	1616.0	2900.9	3622.1
100.0	941.6	2291.3	3165.7	3674.2
0.0	1089.3	2300.7	3220.9	3652.0
315.8	763.9	2050.4	3139.9	3595.1
363.6	1299.5	2495.4	3233.5	3681.5
0.0	535.8	1933.8	3149.4	3663.8
0.0	1026.4	2095.4	3096.4	3661.4
166.7	1262.5	2423.5	3124.0	3685.1
63.8	413.7	2071.3	3077.9	3627.5
0.0	1009.0	2066.6	3063.9	3578.9
90.2	813.2	2018.7	2824.8	3475.6
279.1	846.8	1804.9	2857.9	3422.9
0.0	710.6	1789.1	2848.0	3414.2
0.0	675.6	1798.2	2806.3	3428.7
0.0	428.8	1570.4	2789.9	3452.4
244.9	444.0	1570.6	2778.4	3407.0
0.0	475.1	1561.3	2777.6	3374.1
0.0	504.9	1546.8	2802.0	3383.0
74.5	571.6	1554.9	2829.3	3471.2
0.0	509.0	1550.8	2816.4	3607.6
176.5	507.4	1527.2	2780.4	3530.4
83.9	443.3	1376.1	2486.1	3206.6
0.0	264.3	1325.9	2457.6	3038.0
89.6	302.7	1435.7	2481.9	3054.9
97.6	326.7	1489.2	2451.8	3152.4
83.9	296.5	1472.4	2467.4	3395.1
86.1	617.5	1483.8	2516.6	3525.0
88.7	513.7	1555.1	2596.5	3629.0
0.0	503.8	1614.5	2609.7	3588.5
0.0	546.7	1672.9	2582.9	3499.9
86.6	535.8	1722.6	2592.0	3421.7
87.0	521.7	1793.1	2595.9	3482.8
86.1	474.1	1831.8	2597.2	3536.6
85.2	441.5	1842.3	2588.9	3536.3
87.0	422.0	1834.1	2575.4	3553.8
87.7	443.7	1754.8	2546.0	3594.1
87.5	471.6	1647.6	2533.4	3594.3
107.2	267.5	1604.1	2572.7	3520.0
81.3	242.1	1644.3	2582.5	3597.0
83.3	255.7	1593.4	2522.9	3670.7
0.0	675.6	1636.7	2669.2	3589.3
0.0	386.8	1640.1	2750.5	3673.8
0.0	422.7	1600.3	2657.9	3702.8
0.0	455.4	1562.3	2581.5	3613.5
72.6	461.6	1518.5	2561.1	3426.9
92.3	515.4	1480.1	2559.4	3399.8
184.6	522.6	1502.2	2788.3	3477.7
80.0	957.1	2186.9	3167.6	3604.8
0.0	584.3	1986.2	2981.7	3609.0
0.0	1300.5	2083.4	3019.9	3652.3
111.1	1347.6	2230.4	2968.7	3641.9
87.0	1220.2	2107.9	3162.2	3574.9
244.9	1287.2	2193.9	3194.8	3524.7
0.0	1520.3	2354.9	3044.3	3544.2
0.0	1030.1	1669.9	2853.4	3381.5
0.0	1092.1	1677.1	2639.2	3248.4
0.0	1037.1	1732.0	2522.3	3252.5
0.0	1097.6	1773.1	2556.8	3285.6
0.0	1205.1	1810.4	2566.4	3426.4
0.0	708.0	1697.9	2261.6	3543.0
0.0	499.4	1636.1	2219.1	3452.1
0.0	519.4	1510.5	2145.1	3287.2
0.0	510.9	1448.4	2089.7	3281.9
116.2	530.1	1403.4	2066.9	3294.1
80.7	542.9	1386.4	2026.8	3290.6
81.8	553.5	1388.7	2027.7	3309.7
71.8	551.0	1402.6	2021.7	3318.0
71.8	562.9	1422.5	2014.7	3313.6
74.0	569.4	1423.5	2027.6	3280.4
70.5	534.6	1457.7	2065.6	3221.3
66.7	512.9	1507.0	2134.8	3115.0
66.3	476.6	1545.7	2175.7	2938.7
64.5	445.6	1532.5	2194.9	2797.9
72.4	449.9	1592.6	2254.6	2789.3
71.9	505.3	1642.1	2482.1	2859.6
74.6	562.4	1668.7	2554.2	3009.4
68.3	487.3	1693.4	2609.5	3081.3
0.0	498.0	1748.7	2602.1	3200.0
76.9	430.6	1748.3	2515.7	3196.9
71.7	455.3	1713.9	2497.8	3330.1
65.6	481.7	1677.0	2492.7	3335.1
0.0	539.5	1570.2	2369.3	3195.4
0.0	575.7	1406.6	2289.7	3161.8
0.0	551.1	1282.8	2236.5	3118.7
63.5	542.6	1311.4	2324.2	3111.7
0.0	527.7	1446.4	2346.4	3149.0
69.8	473.4	1466.9	2328.2	3142.2
73.6	352.9	1256.6	2312.0	3082.5
101.7	787.0	1463.2	2308.3	3158.2
100.8	760.8	1465.4	2344.9	3157.8
98.7	841.7	1435.7	2330.9	3217.0
80.0	918.9	1508.8	2359.7	3204.3
