0.0	0.0	0.0	0.0	0.0
0.0	0.0	0.0	0.0	0.0
0.0	0.0	0.0	0.0	0.0
0.0	737.5	1634.4	2429.6	3328.6
0.0	839.0	1763.8	2687.0	3537.0
0.0	929.0	1731.2	2754.3	3499.0
0.0	851.4	1262.9	2270.5	3279.2
0.0	823.6	1276.9	2156.7	3318.2
0.0	841.6	1267.6	2179.8	3311.9
0.0	816.0	1191.3	2387.3	3428.4
0.0	768.4	1157.9	2381.9	3411.0
0.0	999.7	1702.5	2570.9	3416.0
0.0	799.0	1132.3	2355.2	3231.7
0.0	870.0	1217.9	2341.3	3240.3
0.0	849.4	1270.1	2401.4	3306.1
0.0	854.0	1294.4	2488.2	3485.8
0.0	824.0	1287.0	2535.6	3623.0
218.2	745.3	1073.2	2526.2	3682.8
0.0	759.2	1095.5	2550.6	3699.2
171.7	748.6	1112.4	2589.1	3723.5
0.0	757.3	1091.2	2647.4	3778.8
0.0	760.5	1098.9	2632.0	3816.0
0.0	751.7	1084.8	2611.1	3834.7
0.0	771.5	1091.6	2631.0	3802.3
0.0	751.1	1076.7	2636.1	3778.2
113.8	747.0	1067.8	2636.7	3798.7
117.4	737.1	1073.7	2651.7	3846.1
121.1	752.6	1069.7	2655.7	3849.9
124.3	745.9	1068.8	2626.5	3815.2
126.0	755.5	1094.6	2648.9	3811.9
127.2	752.3	1100.1	2643.6	3824.6
128.3	772.3	1095.0	2658.5	3823.2
129.0	762.2	1109.9	2632.5	3742.6
129.9	763.5	1097.5	2642.0	3754.8
131.3	774.3	1104.2	2653.8	3661.2
133.1	793.5	1107.4	2646.9	3667.1
134.9	780.5	1097.6	2649.9	3740.8
136.6	794.3	1090.6	2648.1	3656.4
137.5	794.1	1087.5	2652.9	3671.4
138.0	788.4	1086.7	2627.5	3781.2
140.2	790.5	1048.4	2601.2	3694.4
141.5	788.0	1104.4	2626.6	3650.9
145.0	775.8	1109.6	2655.1	3688.0
147.7	770.9	1130.8	2631.1	3650.2
150.0	774.5	1139.6	2624.5	3695.1
151.3	776.1	1145.9	2614.8	3771.0
151.3	781.7	1141.2	2598.8	3759.5
151.1	779.6	1142.3	2588.1	3817.7
150.2	792.7	1140.2	2550.5	3782.7
149.4	793.0	1142.7	2498.3	3776.5
148.2	832.1	1192.0	2436.0	3669.3
147.9	767.9	1153.1	2386.6	3346.1
146.5	721.6	1200.7	2354.7	3298.8
143.7	902.6	1241.9	2307.2	3261.6
139.6	940.4	1358.2	2283.1	3172.9
142.9	1039.2	1578.4	2281.2	3220.4
142.9	797.6	1415.8	2226.4	3225.6
134.7	824.4	1473.4	2170.8	3339.9
126.3	813.4	1451.8	2142.5	3395.1
122.4	821.9	1442.8	2189.8	3433.7
117.6	969.3	1597.3	2239.8	3389.2
137.9	944.5	1655.2	2273.5	3424.4
130.4	838.6	1609.8	2193.1	3362.0
120.0	785.4	1521.3	2249.5	3402.8
124.0	677.1	1569.8	2304.8	3477.7
0.0	661.6	1665.7	2311.4	3530.2
113.5	747.0	1652.4	2335.7	3548.8
0.0	762.4	1592.1	2485.2	3407.4
0.0	760.3	1726.2	2547.1	3520.1
81.1	779.7	1746.0	2535.2	3518.4
0.0	877.3	1815.7	2579.5	3516.4
0.0	941.4	1972.0	2579.2	3546.7
0.0	1039.2	2146.5	2631.7	3454.3
0.0	978.4	2216.7	2652.4	3407.0
0.0	404.5	2236.2	2620.5	3460.5
0.0	860.2	2161.7	2644.8	3565.6
214.3	805.3	2034.4	2668.5	3597.1
0.0	950.1	2261.0	2742.9	3548.4
0.0	871.6	2026.6	2749.1	3540.5
0.0	1020.9	2086.9	2738.9	3590.0
315.8	912.7	2186.2	2699.9	3634.4
0.0	727.7	2100.4	2679.3	3594.0
387.1	732.5	2031.0	2650.9	3555.8
0.0	647.0	2048.0	2589.2	3598.4
0.0	935.5	1880.3	2592.3	3542.1
75.9	431.8	1825.1	2509.2	3393.4
0.0	481.1	1776.3	2413.6	3583.1
149.3	520.3	1720.7	2405.1	3584.2
139.8	557.1	1644.1	2346.8	3655.4
134.5	592.0	1583.6	2343.5	3762.5
133.6	641.6	1556.5	2336.4	3744.8
132.1	652.5	1467.0	2326.6	3728.5
130.7	638.9	1418.5	2365.2	3743.5
130.7	647.0	1430.6	2390.7	3658.0
130.0	636.6	1415.3	2406.9	3562.5
129.5	584.4	1414.9	2434.8	3464.3
129.6	522.3	1402.8	2426.9	3238.6
127.9	505.0	1392.6	2475.3	3240.3
122.8	490.3	1416.0	2469.6	3357.1
126.5	538.0	1464.2	2435.6	3463.6
126.3	589.6	1472.3	2416.9	3598.4
122.5	608.8	1454.8	2389.1	3695.7
118.2	615.3	1433.6	2396.6	3716.8
115.0	644.9	1424.0	2417.9	3667.8
111.3	643.6	1403.3	2388.2	3710.9
106.8	655.6	1381.1	2390.9	3779.0
102.7	674.1	1347.3	2440.1	3825.8
100.6	675.9	1311.4	2448.9	3845.0
98.5	677.9	1283.3	2418.7	3810.9
94.8	674.6	1257.6	2406.3	3761.2
91.5	667.1	1246.5	2365.2	3692.8
88.6	640.5	1228.2	2313.8	3722.7
85.1	596.6	1225.8	2294.7	3718.5
0.0	528.3	1212.5	2274.5	3635.1
0.0	496.8	1280.2	2286.9	3456.8
545.5	875.1	1588.5	2411.7	3426.6
0.0	897.7	1685.9	2607.3	3490.7
72.3	850.1	1755.1	2525.5	3432.2
0.0	700.1	1778.1	2572.3	3380.3
0.0	839.8	1819.2	2807.8	3509.1
0.0	617.0	1688.6	2732.1	3588.7
0.0	868.1	1606.3	2421.5	3583.8
400.0	808.1	1498.5	2348.3	3519.6
0.0	822.0	1541.0	2317.3	3386.4
66.7	802.2	1576.3	2236.7	3354.3
0.0	809.0	1607.1	2171.2	3408.2
131.9	800.8	1608.4	2223.6	3548.2
0.0	826.4	1616.1	2254.5	3489.0
444.4	887.7	1557.2	2229.3	3280.4
136.5	913.9	1562.1	2254.4	3325.6
240.0	828.8	1523.7	2224.4	3327.7
75.0	868.0	1512.4	2071.6	3414.9
80.5	974.3	1559.8	2075.5	3409.9
0.0	866.9	1552.9	2056.9	3419.2
0.0	781.5	1516.2	2039.7	3285.4
0.0	821.1	1453.3	2061.5	3357.7
0.0	845.7	1453.7	2040.8	3427.1
0.0	892.0	1579.8	2015.3	3366.8
0.0	865.3	1552.6	2131.8	3445.8
0.0	826.2	1449.5	2172.4	3295.2
0.0	838.8	1515.4	2118.4	3399.9
0.0	858.1	1502.2	2089.7	3341.2
0.0	819.9	1447.2	2066.6	3248.9
375.0	864.3	1524.7	2204.1	3459.8
0.0	847.9	1604.3	2196.0	3455.5
315.8	882.0	1624.6	2108.0	3442.7
300.0	886.6	1619.1	2105.6	3416.1
272.7	861.7	1666.9	2129.0	3371.9
146.3	844.9	1733.8	2163.5	3303.5
0.0	798.8	1696.2	2192.3	3291.8
422.7	857.8	1859.1	2345.6	3479.9
279.1	836.1	1791.0	2451.3	3416.2
0.0	784.2	1679.3	2371.2	2934.0
0.0	697.1	1858.1	2601.7	3297.1
190.5	703.8	2017.4	2651.8	3457.5
0.0	702.5	2198.5	2745.6	3562.9
133.3	693.1	2237.0	2791.0	3604.7
0.0	579.0	2214.4	2807.7	3449.6
0.0	404.0	2129.2	2856.9	3597.0
0.0	418.2	2213.2	2868.4	3817.5
133.3	413.2	2239.8	2830.3	3673.5
108.4	401.8	2221.8	2832.8	3838.3
108.2	422.1	2240.1	2827.6	3822.5
106.3	646.8	2216.8	2794.6	3715.5
106.1	469.3	2140.4	2763.1	3890.2
104.6	449.5	2081.7	2688.0	3634.5
102.6	458.0	2094.4	2661.6	3777.2
100.8	645.0	2016.7	2743.7	3846.4
0.0	826.0	1975.8	2769.2	3860.1
0.0	660.6	1949.8	2883.7	3887.6
428.6	677.5	1975.8	2922.7	3846.0
400.0	774.5	1986.6	2891.7	3939.5
122.4	689.2	1818.9	2893.2	3859.3
0.0	757.0	1871.0	2900.8	3784.1
0.0	757.7	1868.4	2903.5	3800.4
266.7	778.3	1851.8	2854.0	3767.5
200.0	811.1	1881.0	2832.5	3800.7
461.5	764.0	1803.5	2755.4	3704.4
428.6	812.1	1980.1	2798.3	3760.4
0.0	829.0	1949.1	2850.8	3820.3
179.1	839.4	1895.9	2713.6	3814.0
181.8	513.3	1778.9	2600.0	3891.9
0.0	439.4	1745.1	2611.3	3932.9
136.1	455.7	1703.2	2611.4	3842.3
110.5	484.9	1717.9	2593.7	3749.1
108.0	513.3	1721.8	2603.4	3707.2
105.6	523.5	1700.0	2600.0	3720.9
104.4	533.3	1687.4	2582.4	3765.1
102.8	547.4	1711.4	2602.6	3744.9
102.1	559.8	1700.1	2566.6	3719.6
102.1	573.9	1694.2	2518.9	3713.4
102.3	582.5	1697.2	2517.4	3710.9
103.5	582.4	1700.3	2520.3	3698.6
104.7	577.3	1703.7	2512.2	3701.4
105.4	570.8	1672.1	2539.0	3752.8
106.2	572.3	1679.7	2547.7	3796.6
106.9	543.9	1689.6	2532.7	3800.0
108.7	520.8	1679.6	2536.3	3738.4
109.8	518.5	1654.0	2527.3	3696.4
111.7	467.7	1624.2	2466.8	3611.1
111.4	327.5	1568.6	2426.7	3474.4
103.7	347.0	1420.1	2413.8	3364.9
117.1	358.1	1488.0	2390.0	3407.0
118.1	713.1	1646.6	2359.7	3416.7
116.1	770.8	1724.0	2387.6	3454.3
0.0	821.0	1726.3	2495.0	3482.3
116.2	839.5	1750.5	2487.3	3573.0
107.6	821.6	1780.7	2386.1	3584.4
105.3	755.8	1688.5	2311.4	3490.5
0.0	691.2	1610.6	2187.7	3433.4
272.7	793.2	1634.7	2172.4	3421.0
206.4	729.2	1633.7	2192.9	3392.6
0.0	824.6	1598.6	2306.5	3368.6
0.0	749.7	1599.3	2208.0	3372.0
226.4	751.8	1576.5	2090.6	3382.2
259.5	741.9	1627.6	2227.3	3401.8
0.0	871.9	1586.0	2264.2	3312.5
210.5	741.7	1506.9	2242.9	3255.9
166.7	615.6	1458.7	2281.9	3334.9
75.0	796.0	1498.9	2266.7	3424.3
