0.0	0.0	0.0	0.0	0.0
0.0	0.0	0.0	0.0	0.0
0.0	0.0	0.0	0.0	0.0
0.0	947.4	1936.4	2543.3	3404.3
0.0	703.1	1869.8	2534.1	3388.2
0.0	805.7	1920.5	2671.4	3443.5
0.0	945.8	1925.5	2696.5	3564.0
0.0	862.2	1782.5	2611.9	3518.9
0.0	946.5	2084.1	2820.2	3561.0
0.0	730.0	2055.2	2753.1	3420.9
0.0	703.9	1557.6	2492.6	3219.9
0.0	907.0	1664.7	2581.5	3290.6
0.0	848.7	1829.2	2657.8	3397.9
0.0	770.7	1704.3	2570.5	3367.4
0.0	771.5	1620.0	2605.7	3387.2
0.0	863.2	1804.9	2653.6	3407.8
0.0	579.6	1409.1	2351.5	3302.0
0.0	728.2	1414.6	2404.4	3102.7
0.0	719.0	1499.1	2517.8	3196.4
480.0	742.1	1486.4	2542.7	3111.4
79.5	757.4	1472.5	2491.9	2984.9
0.0	699.4	1482.7	2498.1	2982.3
0.0	691.0	1465.4	2519.1	3030.1
148.7	652.6	1414.2	2521.8	3060.3
122.5	620.3	1383.6	2492.0	3047.4
134.8	606.8	1350.7	2340.0	2974.9
65.5	589.5	1280.4	2154.5	2924.3
135.8	577.9	1214.0	1998.0	2955.7
134.8	560.7	1177.7	1929.7	2990.2
135.9	534.2	1097.9	1861.6	3036.8
136.2	490.0	1111.4	1858.7	3082.4
128.5	523.0	1108.8	1938.9	3151.7
64.2	614.2	1156.3	2369.9	3350.2
126.8	514.2	1156.1	2346.0	3263.2
123.9	542.2	1243.6	2417.5	3302.8
126.3	957.4	1762.6	2633.9	3539.6
126.2	611.0	1428.6	2403.2	3246.8
127.4	463.7	1248.4	1824.7	3031.3
131.7	463.3	1316.1	1801.0	3004.2
140.3	443.5	1338.3	1842.8	2984.1
142.7	435.8	1419.5	1866.0	2948.7
145.3	417.7	1585.0	2541.9	3197.1
144.9	412.9	1611.9	2776.4	3403.3
143.5	438.1	1622.5	2618.0	3219.1
140.3	456.7	1584.7	2694.9	3121.1
132.3	506.9	1547.9	2800.5	3276.1
64.5	1048.2	1792.0	2876.4	3434.3
120.0	1090.8	2130.8	2989.3	3469.5
0.0	1022.1	2179.4	2976.6	3459.6
0.0	1095.8	2233.5	2983.0	3521.4
0.0	1053.0	2438.6	3021.8	3667.0
0.0	577.4	2429.2	3023.4	3679.4
160.0	576.8	2126.9	2647.0	3246.1
0.0	504.7	1419.2	2425.5	3093.2
121.2	489.5	1343.8	2433.1	3179.0
123.6	468.8	1277.0	2508.9	3152.0
118.1	481.6	1313.6	2528.5	3135.8
115.3	583.6	1445.2	2628.3	3283.3
109.2	680.0	1546.1	2669.3	3405.4
100.0	795.8	1739.0	2724.7	3581.1
99.9	889.2	1790.6	2636.8	3520.3
0.0	967.9	1911.7	2620.6	3480.6
0.0	1054.2	1900.5	2562.1	3447.8
0.0	908.0	1868.2	2608.8	3451.8
0.0	903.2	1850.3	2706.2	3517.0
0.0	871.7	1754.4	2682.5	3505.0
0.0	847.7	1753.4	2665.3	3431.1
0.0	827.0	1787.3	2616.9	3329.5
0.0	780.1	1682.4	2419.2	3178.7
0.0	1014.9	1559.8	2385.8	3262.2
0.0	748.0	1485.7	2494.8	3263.7
0.0	752.3	1412.1	2197.1	3158.2
0.0	616.3	1151.4	1672.1	3071.2
0.0	692.8	1181.1	1713.0	2984.4
135.4	688.6	1192.4	1777.8	2877.8
135.7	669.5	1205.8	1859.0	2845.8
135.7	693.5	1272.2	1959.9	2877.7
135.2	685.7	1280.1	2000.4	2869.8
135.6	685.1	1294.7	2106.6	2905.0
136.3	680.6	1322.7	2267.4	2955.6
136.8	676.6	1340.4	2436.0	3030.9
136.5	665.8	1323.7	2433.6	3027.1
136.7	660.6	1245.4	2192.3	2988.0
136.7	631.5	1189.1	2046.9	2954.2
135.2	517.6	1069.8	1991.9	3018.4
66.7	481.5	1086.4	1986.9	3121.6
133.5	417.6	1062.8	1951.9	3162.4
131.9	494.9	1060.1	1917.2	3109.9
134.8	695.8	1271.5	1902.0	3028.8
134.8	550.7	1196.0	1779.6	2916.0
136.4	565.9	1229.1	1751.1	2946.5
136.0	588.8	1307.3	1760.3	2982.0
134.9	587.4	1360.9	1827.9	2955.5
134.3	596.0	1403.0	1834.1	2950.5
133.1	588.9	1449.4	1846.2	2936.0
132.3	579.4	1440.2	1849.2	2916.6
132.8	566.8	1444.2	1875.3	2889.7
131.9	546.8	1445.9	1862.0	2841.6
131.5	528.4	1459.3	1856.6	2845.3
129.6	507.7	1524.7	1956.7	2845.5
129.1	501.5	1550.6	2142.8	2859.4
128.0	528.2	1536.9	2324.8	2875.1
126.9	510.6	1528.8	2391.3	2886.4
125.2	513.2	1495.1	2401.4	2962.1
126.2	492.6	1408.3	2447.3	3065.9
125.5	521.8	1302.0	2568.4	3115.7
124.3	451.2	1240.5	2671.5	3111.2
120.3	404.0	1165.6	2651.5	3143.0
122.4	444.6	1149.1	2683.5	3125.0
124.9	461.6	1173.0	2650.1	3083.1
127.5	486.8	1220.6	2525.1	3072.3
129.5	519.9	1292.7	2502.7	3138.0
130.2	532.4	1330.1	2539.9	3129.0
130.2	515.9	1357.3	2521.1	3088.5
128.8	513.2	1355.5	2552.8	3102.5
128.9	514.0	1374.2	2506.3	3066.6
128.2	511.6	1376.0	2485.2	3065.0
128.9	501.4	1341.0	2510.4	3136.7
127.4	453.7	1294.1	2709.0	3145.6
118.4	437.2	1301.1	2791.4	3145.0
118.8	466.4	1399.0	2638.1	3168.7
121.1	496.8	1452.2	2617.4	3211.8
122.3	495.9	1472.5	2749.9	3338.9
125.3	492.9	1511.8	2625.5	3311.3
127.3	447.8	1520.0	2510.3	3060.8
127.1	453.1	1490.6	2541.1	3021.0
125.4	447.2	1530.8	2579.6	3100.7
121.5	458.0	1578.8	2618.1	3174.6
117.9	405.3	1595.8	2622.5	3147.3
112.7	474.9	1564.8	2693.8	3121.9
104.3	1352.9	2123.5	2809.6	3145.7
103.4	1305.0	2378.8	2881.2	3306.2
67.4	1275.1	2370.0	2869.9	3448.7
0.0	1302.1	2359.6	2963.8	3464.3
0.0	1323.8	2378.6	2984.5	3461.6
0.0	1123.2	2329.1	2970.2	3526.9
0.0	989.1	2105.6	2737.6	3443.5
0.0	1272.9	1815.0	2539.6	3358.9
0.0	1164.1	1739.3	2532.7	3366.0
352.9	823.6	1674.3	2611.8	3414.8
0.0	919.5	1683.8	2607.3	3385.6
244.9	736.2	1715.9	2579.4	3282.4
0.0	472.9	1591.7	2443.1	3070.0
0.0	488.5	1412.1	1801.7	2874.4
130.3	508.7	1389.2	1762.0	2864.5
125.8	526.7	1379.0	1743.5	2839.0
125.9	505.8	1362.8	1676.0	2830.9
123.3	497.5	1336.8	1659.1	2782.0
123.7	484.5	1310.3	1638.7	2756.4
123.2	483.6	1253.2	1657.4	2792.8
121.3	526.1	1197.7	1670.6	2808.6
120.6	483.2	1143.1	1650.6	2788.5
121.3	476.6	1068.7	1688.7	2805.3
118.1	459.3	1004.0	1732.5	2785.1
119.8	479.6	958.5	1814.0	2827.9
115.2	461.9	939.6	1895.7	2892.6
114.6	448.2	927.1	1958.7	2842.3
113.0	462.0	921.7	1982.8	2844.5
113.2	457.7	951.1	2066.6	2884.6
112.1	462.6	967.3	2356.5	2879.4
112.1	473.1	955.2	2476.6	2902.0
112.0	474.0	930.8	2516.4	2865.4
111.1	524.5	954.3	2557.4	2860.4
110.0	495.3	934.0	2578.7	2891.3
109.1	563.1	955.7	2569.8	2888.6
107.1	581.7	935.6	2563.8	2912.5
107.1	571.6	939.1	2553.7	2952.1
103.4	723.3	1264.1	2685.3	3251.8
98.4	846.3	1715.6	2715.8	3422.5
104.3	900.1	1709.0	2569.2	3338.1
0.0	838.6	1599.5	2610.7	3349.9
0.0	855.8	1707.7	2775.6	3456.3
571.4	883.7	1760.2	2778.4	3479.7
71.9	948.1	1804.8	2756.5	3498.7
0.0	804.2	1550.9	2613.9	3324.6
0.0	695.1	1450.5	2522.7	3222.8
0.0	691.4	1321.8	2565.7	3127.3
0.0	629.7	1030.0	2549.1	3071.7
0.0	614.9	1055.7	2552.9	3066.9
126.3	647.4	1092.2	2579.3	3081.3
123.7	657.6	1092.0	2575.2	3061.9
120.0	655.3	1074.4	2568.1	3089.2
120.0	649.3	1070.0	2551.4	3082.3
118.8	756.4	1093.5	2501.5	3073.0
116.5	723.6	1085.1	2482.9	3046.6
113.2	735.6	1078.6	2475.9	3078.5
112.8	696.9	1083.1	2545.4	3114.1
111.7	681.8	1087.9	2546.5	3117.5
111.2	640.5	1082.5	2562.8	3081.4
111.1	617.2	1061.5	2561.5	3111.7
108.1	554.7	1022.8	2567.7	3127.5
103.4	410.0	980.9	2494.6	3133.3
98.4	447.9	970.5	2522.0	3132.6
96.8	504.9	998.9	2626.5	3111.5
97.6	578.5	1028.1	2638.4	3065.8
97.6	604.8	1048.3	2583.7	3010.2
98.4	582.9	1073.6	2529.5	2964.3
91.6	594.1	1076.8	2521.7	2954.5
0.0	595.1	1100.8	2524.8	3015.0
87.6	580.1	1107.2	2508.1	3018.9
87.0	605.9	1115.4	2504.3	2981.0
78.9	622.6	1134.4	2563.5	2969.7
85.7	605.3	1143.0	2445.3	3000.7
521.7	558.2	1157.9	2413.3	3004.0
0.0	547.7	1123.2	2358.5	2974.6
480.0	632.6	1177.7	2486.0	3158.5
0.0	741.4	1250.8	2598.0	3282.7
130.4	884.0	1340.0	2617.7	3236.9
111.1	1004.8	1224.8	2514.6	3238.1
227.0	983.7	1230.8	2394.9	3190.2
151.9	994.9	1425.7	2336.0	3227.8
396.3	1030.6	1389.5	2288.7	3261.0
148.1	978.9	1385.9	2400.8	3334.6
0.0	945.1	1446.4	2486.2	3412.3
0.0	980.9	1624.2	2467.7	3331.7
142.9	998.9	1558.4	2624.7	3397.3
0.0	1022.7	1863.7	2803.5	3963.7
0.0	875.9	2006.3	2769.7	3993.4
0.0	890.4	1993.2	2769.3	3609.6
