0.0	0.0	0.0	0.0	0.0
0.0	0.0	0.0	0.0	0.0
0.0	0.0	0.0	0.0	0.0
0.0	840.9	1650.6	2327.8	3170.7
0.0	867.2	1619.4	2342.0	3092.2
0.0	889.3	1622.8	2338.2	3038.2
111.1	830.8	1540.0	2388.9	3140.7
0.0	813.3	1481.9	2493.3	3234.8
0.0	730.0	1484.9	2414.6	3308.3
0.0	783.9	1513.8	2430.4	3333.7
0.0	862.7	1560.9	2401.3	3317.0
0.0	837.7	1669.7	2443.7	3404.5
0.0	868.4	1682.2	2540.7	3472.7
0.0	946.8	1827.4	2595.7	3555.0
0.0	754.3	1722.6	2498.0	3462.2
0.0	752.6	1427.0	2437.0	3346.1
0.0	850.0	1311.8	2547.3	3255.2
0.0	946.8	1334.2	2558.9	3212.6
0.0	937.9	1323.8	2545.0	3247.0
0.0	982.4	1408.4	2541.8	3304.6
0.0	1074.6	1570.7	2638.8	3325.7
0.0	1034.9	1503.4	2682.8	3394.3
0.0	999.1	1423.2	2642.1	3386.7
0.0	978.2	1331.8	2579.0	3303.9
0.0	1004.2	1346.7	2552.4	3216.4
0.0	723.6	1200.2	2540.9	3173.7
153.8	775.5	1213.4	2524.5	3154.7
153.4	695.4	1180.9	2517.4	3217.7
150.7	702.8	1173.3	2509.8	3244.7
147.2	676.3	1163.5	2482.7	3263.4
145.5	677.3	1223.6	2488.7	3266.9
145.3	647.4	1251.1	2470.6	3183.0
146.3	611.5	1283.0	2376.3	2974.1
146.5	572.8	1299.1	2088.7	2692.6
145.5	511.6	1329.8	2071.5	2642.9
145.1	556.5	1363.5	2229.1	2671.9
146.3	508.6	1395.9	2357.3	2734.8
147.7	510.8	1440.2	2488.9	3087.3
148.9	502.0	1469.4	2515.9	3422.0
150.3	506.9	1520.1	2515.3	3460.6
151.8	501.4	1531.1	2512.8	3501.5
152.1	492.2	1504.3	2501.8	3526.8
151.2	433.9	1434.5	2487.7	3542.9
147.1	427.2	1408.6	2479.9	3550.2
142.3	437.0	1414.7	2502.5	3520.7
139.6	466.9	1513.7	2545.4	3506.6
142.4	530.3	1586.6	2561.3	3594.6
145.0	546.6	1707.4	2613.9	3635.8
147.9	587.5	1806.0	2657.5	3617.1
146.6	554.0	1909.2	2673.8	3582.6
144.5	555.8	2006.3	2691.2	3573.0
143.2	508.0	2079.6	2671.7	3503.1
142.6	488.9	2135.0	2665.4	3484.6
142.0	455.3	2153.5	2694.4	3533.6
141.6	427.0	2149.5	2696.0	3602.4
140.0	417.4	2091.7	2678.3	3611.2
139.2	496.3	1957.2	2621.9	3607.1
131.0	320.2	1909.1	2637.6	3495.6
107.3	485.2	1873.3	2763.5	3538.1
72.2	711.3	1661.0	2768.1	3450.8
0.0	642.8	1717.5	2829.8	3374.4
0.0	823.5	1941.2	2906.7	3480.7
375.0	879.5	1864.0	2787.0	3495.0
214.3	611.3	1934.5	2694.5	3409.8
0.0	669.6	1945.3	2557.3	3382.7
0.0	705.1	1880.4	2412.2	3309.0
0.0	669.0	1891.5	2358.5	3319.9
0.0	664.1	1699.3	2239.0	3206.7
272.7	628.7	1616.2	2114.9	3163.7
0.0	611.2	1625.7	1990.0	3296.8
162.7	657.0	1548.8	1913.9	3256.7
156.0	651.0	1511.1	1872.7	3273.1
150.6	605.6	1500.3	1870.2	3268.4
145.6	643.6	1544.4	1898.1	3235.3
142.9	589.4	1575.8	1891.1	3190.7
142.9	628.7	1609.6	1907.5	3067.8
142.9	612.1	1613.3	1912.6	2927.8
141.2	554.6	1450.7	1956.3	2764.8
141.2	374.3	1228.4	2615.3	3576.7
137.9	362.4	1362.2	2612.8	3483.3
141.2	697.7	1547.8	2543.8	3194.5
141.2	736.0	1529.3	2450.1	3128.1
137.1	740.1	1471.3	2460.3	3131.6
136.6	743.7	1405.5	2506.9	2919.1
136.0	757.4	1328.3	2517.1	2901.0
133.3	733.5	1260.5	2524.8	2902.1
132.2	747.6	1181.4	2534.2	2912.2
130.8	751.0	1153.2	2549.3	2946.8
129.5	735.2	1144.8	2548.3	2980.0
127.9	720.1	1138.1	2551.5	2998.4
127.0	699.0	1100.3	2569.4	3008.8
126.3	688.7	1093.0	2595.0	3027.0
123.8	651.7	1064.0	2600.1	3028.2
120.0	622.8	1046.4	2609.1	2987.2
116.5	560.1	987.0	2617.3	3054.4
114.3	521.8	945.2	2668.3	3111.0
113.2	448.2	927.1	2725.3	3235.0
0.0	421.8	947.8	2759.8	3295.9
65.4	409.1	901.9	2764.0	3269.6
0.0	458.6	883.5	2761.7	3376.2
76.6	408.2	892.9	2741.7	3421.1
0.0	413.6	936.4	2749.8	3459.0
0.0	497.3	995.6	2766.2	3502.0
0.0	581.8	1136.9	2799.8	3490.0
0.0	611.1	1286.2	2834.7	3493.6
132.6	597.5	1445.9	2831.9	3409.9
131.9	596.7	1597.2	2688.1	3195.4
130.1	582.2	1713.9	2681.9	3245.7
130.0	557.1	1852.7	2649.6	3330.7
133.0	531.3	1988.2	2646.9	3363.5
134.5	532.9	2024.0	2628.8	3372.8
135.4	505.1	2086.7	2645.0	3406.1
141.7	489.8	2103.8	2612.6	3404.9
144.2	489.5	2103.1	2625.5	3426.5
148.9	500.4	2084.7	2607.3	3442.7
150.9	508.0	2047.8	2636.8	3435.9
153.0	510.1	1951.8	2642.1	3410.4
151.6	499.6	1820.4	2623.4	3398.3
149.1	575.6	1736.1	2601.3	3376.6
86.5	475.2	1810.1	2493.9	3257.9
0.0	508.4	1807.2	2272.3	3204.7
0.0	527.1	1759.3	2127.1	3242.9
125.9	532.8	1703.4	2074.1	3257.5
105.3	555.4	1638.1	2008.6	3255.5
102.5	561.4	1585.8	1986.2	3231.3
81.6	547.0	1584.2	1916.8	3216.0
81.4	551.0	1570.0	1889.6	3122.1
375.0	576.9	1564.0	1884.6	3025.3
64.2	555.0	1613.2	1868.1	3017.7
136.0	525.7	1631.3	1836.5	3146.3
136.4	522.7	1616.0	1868.7	3073.7
0.0	741.2	1626.1	1849.4	2960.3
0.0	764.5	1572.1	1821.8	2852.5
64.5	759.0	1752.7	1917.4	2987.4
0.0	869.2	1665.2	1936.1	3046.7
0.0	848.9	1619.4	1847.1	3106.0
140.3	844.0	1761.9	1900.1	3147.4
65.9	822.8	1736.7	1965.5	3223.8
146.3	811.6	1701.3	1992.2	3277.7
69.0	806.4	1694.2	2021.2	3303.7
240.0	842.8	1749.1	2192.3	3202.7
244.6	848.0	1732.8	2339.6	3278.1
0.0	764.8	1708.1	2281.0	3250.8
125.0	773.4	1706.3	2263.1	3352.4
81.8	936.0	1739.0	2378.7	3402.2
0.0	796.3	1710.4	2305.8	3232.6
119.6	823.8	1673.7	2272.0	3148.8
218.2	682.5	1713.7	2324.4	3268.3
