0.0	0.0	0.0	0.0	0.0
0.0	0.0	0.0	0.0	0.0
0.0	0.0	0.0	0.0	0.0
0.0	682.0	1490.7	2429.5	3569.2
500.0	694.5	1465.5	2456.8	3449.5
0.0	1028.2	1759.2	2551.8	3387.4
0.0	1044.8	1804.8	2548.8	3451.4
118.8	1008.2	1806.9	2558.3	3410.7
0.0	992.5	1773.7	2634.6	3453.5
0.0	787.9	1712.1	2601.7	3422.8
0.0	813.8	1685.3	2574.3	3464.9
0.0	844.2	1711.5	2572.3	3444.3
0.0	834.7	1672.6	2620.0	3352.9
0.0	1108.3	1823.7	2750.0	3415.7
0.0	1142.9	1788.9	2740.5	3447.0
0.0	823.0	1610.9	2734.6	3524.2
0.0	863.2	1663.7	2713.3	3591.6
0.0	1167.1	2119.7	2977.6	4085.1
0.0	1132.9	2213.4	3121.6	4385.8
93.8	1128.4	2129.3	3136.8	4617.7
0.0	1075.8	2104.0	3147.5	4422.6
461.5	860.4	2134.8	3075.9	4352.0
193.5	1113.7	2018.8	2981.8	4086.4
193.5	961.4	1937.2	2960.1	3908.1
0.0	779.0	2138.7	3033.4	4252.6
0.0	874.5	2089.9	3068.7	4599.6
0.0	952.6	2155.3	3091.8	4513.5
352.9	919.7	2220.6	3106.9	4120.9
333.3	927.3	1840.0	2910.8	3834.4
315.8	788.2	1999.4	3063.4	4161.9
0.0	939.4	1969.9	3142.5	4261.9
110.1	943.7	2024.1	3223.2	4616.9
83.9	1190.6	2215.5	3253.9	4548.1
0.0	985.3	2026.1	3087.1	4059.7
0.0	885.4	2197.8	3149.0	4066.2
0.0	537.9	1945.1	3202.2	4019.3
0.0	698.4	1701.8	2772.6	3735.6
0.0	700.0	1744.9	2686.9	3744.8
122.4	650.5	1405.0	2656.1	3770.4
176.5	512.7	1383.3	2667.3	3705.5
0.0	494.1	1376.7	2713.2	3616.6
139.9	487.0	1388.8	2685.9	3537.6
116.2	491.3	1352.4	2633.6	3457.5
111.8	520.0	1383.1	2616.5	3424.2
108.8	521.1	1375.6	2638.8	3388.5
105.5	510.5	1316.1	2529.2	3377.5
105.1	481.7	1208.9	2386.1	3396.0
103.8	426.2	1138.3	2326.8	3380.7
101.7	403.6	1022.5	2351.6	3405.8
101.0	391.6	945.9	2392.5	3422.8
99.2	379.2	874.2	2432.8	3385.2
98.6	376.1	809.2	2459.2	3294.7
99.2	377.1	788.5	2429.1	3294.7
96.8	376.5	745.4	2468.5	3328.5
96.8	360.8	736.0	2558.4	3347.4
94.7	356.0	734.6	2595.4	3295.2
95.8	361.1	730.9	2671.1	3318.3
95.6	371.3	767.0	2711.6	3340.4
95.9	387.5	780.7	2716.0	3367.0
97.8	397.6	796.7	2781.3	3388.6
100.1	424.3	834.0	2783.6	3404.1
101.2	455.0	879.8	2816.6	3448.9
103.4	482.4	925.3	2855.3	3486.9
105.6	531.4	1002.9	2856.4	3505.5
108.4	558.5	1061.8	2847.1	3540.5
109.9	574.2	1111.8	2882.1	3566.0
111.2	623.5	1145.8	2904.1	3605.1
112.8	606.6	1183.7	2876.2	3652.1
114.6	597.9	1251.3	2860.2	3684.9
115.9	582.9	1317.4	2869.6	3706.6
116.2	566.1	1369.1	2842.7	3706.9
112.3	541.8	1435.4	2809.6	3647.3
116.5	510.5	1477.7	2754.5	3427.5
300.0	449.7	1481.5	2728.4	3434.0
75.9	501.1	1662.3	2287.9	3217.9
375.0	845.1	1902.4	2604.2	3439.4
0.0	918.2	1691.6	2588.1	3381.4
88.9	878.7	1501.8	2518.2	3320.1
249.1	966.4	1636.6	2687.1	3495.4
0.0	845.1	1914.4	3019.7	4173.5
0.0	934.8	2056.0	3039.0	4586.7
0.0	998.7	2136.6	3284.7	4820.1
0.0	889.1	2156.9	3202.0	4752.3
0.0	934.4	2050.1	3036.1	4969.7
0.0	1114.2	2013.9	3135.0	4973.7
153.8	866.5	1960.8	3085.2	4787.0
0.0	607.8	1843.7	3022.8	4664.8
0.0	637.4	1879.0	2886.8	4404.1
108.1	698.1	1822.9	2842.7	3919.3
130.4	935.6	1856.7	2698.9	3608.1
130.4	885.8	1843.5	2627.2	3434.2
65.9	750.6	1849.4	2625.5	3437.2
0.0	690.1	1740.8	2583.2	3459.4
0.0	726.7	1688.1	2453.5	3383.8
0.0	200.0	1688.9	2481.7	3392.1
0.0	514.4	1699.2	2604.3	3510.1
0.0	448.8	1572.3	2733.1	3545.0
0.0	388.7	1549.4	2794.7	3568.0
123.7	415.9	1570.8	2802.8	3527.2
114.3	463.4	1567.4	2809.0	3517.6
113.2	447.0	1580.5	2827.9	3502.9
112.1	450.7	1579.5	2848.8	3484.7
111.1	452.5	1543.1	2850.5	3505.1
111.1	445.3	1524.1	2856.6	3539.6
111.1	456.6	1516.3	2855.4	3548.1
109.1	448.2	1509.9	2850.9	3571.8
110.1	477.1	1508.4	2809.2	3533.2
105.3	740.4	1664.8	2635.1	3585.9
103.4	783.1	1775.0	2741.0	3794.6
0.0	887.0	1707.0	2808.4	4021.4
113.2	777.5	1758.1	2857.3	4159.7
75.9	956.9	2063.8	3035.2	4803.0
96.8	745.7	1899.7	2981.3	4384.8
0.0	372.8	1768.7	2905.2	3870.0
300.0	1110.0	2194.9	3223.6	4672.0
0.0	355.0	1940.9	3072.2	4385.3
375.0	842.7	1937.2	3026.0	4356.5
108.1	498.7	1751.0	3050.1	4475.1
0.0	659.4	1649.2	2857.4	3904.9
0.0	405.2	1527.4	2665.0	3810.6
279.1	468.4	1408.9	2714.3	3794.6
230.8	495.2	1210.2	2714.7	3596.9
0.0	566.2	1185.5	2696.5	3497.2
110.1	633.4	1172.4	2747.6	3555.1
117.6	622.5	1156.5	2784.1	3519.4
99.4	632.4	1131.2	2767.4	3481.2
106.7	625.0	1117.1	2768.1	3470.5
103.3	643.9	1080.6	2774.3	3475.3
100.7	650.6	1054.4	2791.9	3478.7
102.3	647.7	1023.9	2788.3	3500.0
101.7	655.2	1010.1	2798.9	3488.9
102.8	648.8	996.2	2850.2	3527.8
102.8	631.0	983.3	2852.9	3552.1
103.7	616.5	973.6	2889.6	3563.2
105.0	608.3	955.2	2902.4	3582.9
106.2	614.2	951.5	2916.0	3627.0
105.6	592.3	941.5	2945.4	3671.9
105.2	575.0	921.0	2946.0	3676.1
104.5	560.9	904.2	2967.0	3603.2
103.9	506.0	821.9	2969.6	3420.3
103.4	477.7	803.0	2975.1	3253.5
104.3	457.9	811.1	2978.2	3310.3
104.5	469.7	826.6	2986.3	3306.9
104.3	430.5	815.0	3021.7	3271.0
103.8	469.7	878.3	3038.6	3440.3
103.4	498.9	962.7	3020.2	3501.0
103.9	564.0	1035.4	2993.7	3600.9
104.5	573.6	1093.4	3005.0	3727.4
103.7	566.2	1103.7	3010.1	3774.7
103.0	558.1	1127.9	2975.0	3735.5
102.7	549.0	1113.4	2923.3	3671.2
101.6	547.8	1103.9	2900.2	3688.3
101.8	561.4	1090.2	2827.4	3643.2
101.8	498.8	1060.2	2702.3	3537.2
102.6	411.6	1004.5	2589.2	3419.0
93.6	209.3	1037.9	2498.7	3296.1
89.2	207.5	1358.6	2506.2	3400.1
96.8	224.6	1588.2	2518.0	3514.7
95.2	214.3	1517.1	2455.0	3463.4
93.0	307.6	1383.0	2455.7	3416.4
91.9	376.3	1199.7	2514.6	3396.3
93.4	545.5	1250.8	2671.8	3569.0
0.0	571.5	1351.8	2776.5	3628.4
95.6	608.1	1401.9	2828.5	3643.2
95.3	661.8	1452.3	2844.3	3688.1
95.4	684.0	1479.3	2852.9	3700.9
94.9	664.4	1520.6	2838.7	3684.0
94.8	652.8	1549.4	2825.7	3593.1
93.7	676.1	1573.0	2782.4	3538.1
93.7	703.6	1598.8	2768.9	3443.6
92.6	719.5	1602.5	2748.8	3369.2
91.9	705.8	1610.6	2678.8	3244.0
91.7	667.1	1657.9	2740.0	3393.1
90.1	663.7	1627.3	2713.3	3397.5
89.8	650.3	1625.2	2710.1	3418.6
89.4	659.1	1633.9	2742.6	3632.9
89.1	684.1	1639.3	2723.3	3630.4
88.3	695.5	1614.7	2670.5	3546.4
88.1	695.9	1567.0	2697.9	3551.0
87.4	721.9	1528.2	2729.3	3586.5
86.3	722.1	1461.7	2752.4	3562.2
84.9	714.0	1376.9	2774.6	3517.4
85.0	729.4	1291.5	2781.4	3576.8
84.5	752.8	1224.9	2803.1	3652.7
82.2	780.1	1201.9	2840.7	3609.5
81.3	764.5	1168.6	2884.9	3610.4
80.3	695.5	1114.2	2917.9	3678.3
83.5	685.9	1063.1	2892.8	3649.2
85.4	661.1	1043.9	3005.7	3569.9
85.3	613.4	1037.7	3089.3	3642.2
78.5	585.2	1030.7	2770.9	3292.9
137.8	562.8	1043.2	2338.8	3271.7
106.2	513.0	1372.9	2517.3	3344.1
148.1	881.5	1674.7	2663.9	3519.8
0.0	787.4	1782.9	2728.7	3526.6
0.0	829.6	1888.3	2773.9	3474.5
0.0	566.9	1710.4	2612.0	3436.2
428.6	612.1	1587.3	2569.4	3430.8
0.0	1016.0	1848.0	2670.7	3525.6
0.0	486.2	1631.0	2638.5	3449.8
0.0	655.2	1674.0	2636.8	3397.0
0.0	677.4	1744.8	2579.2	3436.7
0.0	887.9	1733.8	2607.0	3393.7
0.0	832.2	1686.7	2576.6	3424.7
0.0	581.1	1631.8	2537.5	3437.8
0.0	897.8	1589.5	2536.6	3357.8
187.5	867.6	1736.6	2585.2	3460.2
0.0	771.1	1734.9	2579.2	3496.7
0.0	1045.9	1837.9	2659.7	3550.1
0.0	785.5	1741.5	2574.6	3455.8
0.0	915.3	1647.7	2604.9	3342.3
0.0	999.0	1655.5	2658.8	3335.5
0.0	1012.2	1775.5	2689.5	3348.1
0.0	898.6	1694.3	2646.1	3403.9
130.4	948.9	1818.6	2789.6	3537.4
118.8	665.4	1826.4	2750.6	3426.7
571.4	669.2	1705.2	2677.3	3287.5
0.0	840.7	1729.0	2628.5	3262.4
64.2	738.4	1564.0	2545.6	3340.2
64.2	718.5	1573.4	2542.8	3351.2
109.1	794.5	1528.3	2648.3	3534.7
0.0	797.7	1569.0	2578.3	3464.5
0.0	684.6	1752.1	2616.6	3409.6
0.0	756.6	1864.3	2676.3	3437.9
0.0	830.8	1689.7	2562.5	3418.5
0.0	842.2	1702.1	2554.6	3460.1
