0.0	0.0	0.0	0.0	0.0
0.0	0.0	0.0	0.0	0.0
0.0	0.0	0.0	0.0	0.0
0.0	738.0	1724.8	2544.9	3377.2
0.0	728.5	1718.6	2495.0	3412.0
0.0	714.8	1673.5	2486.6	3418.0
0.0	646.5	1705.7	2655.0	3309.0
0.0	511.9	1689.2	2626.3	3279.0
0.0	696.7	1657.2	2711.9	3445.0
0.0	794.5	1602.4	2635.0	3441.3
0.0	729.5	1630.3	2592.4	3344.7
0.0	744.5	1782.0	2547.5	3322.0
0.0	688.9	1765.8	2489.9	3309.6
0.0	890.1	1846.2	2578.4	3327.6
0.0	933.4	1682.6	2642.2	3393.2
0.0	1057.1	1818.7	2612.7	3329.6
0.0	841.4	1864.8	2612.3	3451.5
0.0	890.2	1811.4	2660.9	3477.0
0.0	612.4	1765.0	2579.0	3482.8
0.0	628.7	1699.4	2463.4	3455.5
480.0	728.8	1608.1	2461.0	3456.2
0.0	493.5	1558.4	2396.1	3438.8
0.0	446.3	1442.1	2280.3	3311.2
142.9	417.5	1286.8	2295.5	3200.6
109.1	311.4	1198.6	2392.7	3315.0
100.0	254.2	1330.4	2594.8	3353.4
96.2	254.8	1683.8	2553.2	3315.4
90.2	500.3	1839.8	2604.6	3430.2
85.7	954.9	1865.3	2647.2	3489.3
0.0	757.0	1698.5	2657.4	3467.0
63.5	728.5	1663.5	2713.0	3469.1
0.0	801.1	1523.2	2591.6	3354.5
0.0	751.4	1638.0	2648.3	3390.3
0.0	1102.4	1741.8	2654.4	3454.5
0.0	575.8	1227.4	2511.1	3220.6
0.0	439.0	1136.2	2552.7	3126.2
0.0	431.9	1138.3	2549.4	3137.6
141.0	423.6	1181.5	2471.9	3107.5
141.2	441.8	1276.0	2435.5	3034.0
143.3	430.1	1369.8	2380.5	2882.5
144.2	438.6	1436.3	2292.4	2718.0
143.3	488.1	1466.5	2289.6	2663.1
135.9	559.9	1516.0	2481.4	3248.1
66.8	433.5	1579.9	2493.2	3611.2
143.6	502.1	1593.4	2467.5	3588.9
146.1	439.6	1612.2	2471.2	3558.9
146.9	453.1	1626.4	2471.1	3563.4
145.4	441.2	1626.7	2482.3	3558.0
141.4	431.8	1631.6	2459.7	3557.5
134.9	429.2	1607.3	2407.2	3538.8
129.1	410.7	1536.8	2347.4	3464.7
121.5	402.6	1454.2	2290.6	3391.6
109.8	401.6	1398.6	2294.2	3378.0
244.6	261.7	1296.6	2245.2	3331.8
85.2	213.1	1246.5	2318.7	3291.3
97.6	222.1	1272.2	2403.0	3338.3
65.7	227.7	1247.0	2471.2	3288.3
75.5	252.1	1220.3	2393.9	3198.1
82.8	507.9	1292.2	2442.0	3327.1
0.0	558.3	1204.2	2520.3	3064.6
0.0	455.5	1099.8	2540.4	2840.1
110.4	454.5	1073.5	2574.5	2824.2
110.4	456.8	1076.5	2590.6	2844.3
111.5	510.4	1060.1	2653.3	2934.6
112.8	557.8	1050.2	2701.9	3054.3
115.9	614.2	1083.5	2681.9	3309.5
116.8	638.6	1154.1	2674.4	3521.8
117.6	663.6	1186.7	2624.1	3588.8
119.0	705.5	1204.7	2632.1	3631.5
118.5	706.7	1249.9	2640.8	3644.6
120.9	707.4	1296.9	2649.0	3593.4
119.8	707.2	1334.7	2686.8	3599.4
120.4	707.3	1360.9	2697.9	3494.7
121.4	702.0	1370.7	2665.0	3603.0
123.6	681.6	1403.2	2713.9	3729.0
126.3	675.5	1432.7	2717.9	3714.4
127.0	659.2	1401.5	2717.7	3784.6
126.1	655.3	1360.3	2736.3	3842.5
119.2	633.2	1254.9	2728.7	3880.9
112.0	521.7	1130.1	2721.2	3850.0
91.6	469.4	1022.5	2754.3	3914.7
229.6	454.1	987.7	2704.0	3809.1
77.4	454.6	891.2	2668.7	3614.8
0.0	443.1	851.1	2644.0	3558.8
89.6	448.5	821.7	2742.8	3424.8
90.2	451.8	824.7	2821.9	3362.7
92.0	526.2	887.1	2910.9	3387.3
91.5	525.5	934.4	2883.3	3492.6
92.4	486.1	1019.4	2644.5	3616.0
90.9	531.5	1230.9	2534.4	3358.6
92.7	533.9	1352.5	2567.8	3354.6
87.8	534.8	1456.3	2535.7	3430.0
87.9	512.9	1558.3	2504.3	3391.0
87.7	498.7	1663.0	2428.5	3432.0
87.6	481.8	1718.4	2394.8	3432.1
87.4	468.5	1796.5	2463.9	3397.1
86.9	461.5	1894.0	2536.3	3393.8
87.7	461.1	1955.1	2572.2	3341.0
86.4	404.4	1995.3	2625.0	3332.0
85.8	386.4	2015.3	2640.0	3304.6
84.7	388.5	2034.8	2635.7	3395.8
83.9	467.1	2090.4	2667.4	3344.1
84.9	426.5	2131.1	2657.6	3233.9
86.1	452.6	2103.4	2678.6	3195.9
86.4	426.9	2110.5	2669.0	3265.2
86.3	317.7	2173.8	2634.0	3318.6
86.6	839.4	2081.6	2601.8	3328.0
87.0	815.3	2139.7	2619.8	3317.2
88.7	576.4	2110.6	2631.4	3359.6
92.0	711.4	2018.8	2625.0	3326.8
93.9	827.7	2010.7	2643.1	3351.9
87.2	867.3	1976.6	2619.9	3290.0
82.1	815.6	1881.3	2442.7	3220.0
83.3	774.3	1898.4	2457.5	3318.8
76.9	788.3	1890.0	2510.3	3353.0
81.6	778.1	1818.3	2553.1	3276.7
0.0	759.6	1837.0	2584.5	3301.8
0.0	734.1	1829.2	2498.1	3344.9
0.0	736.7	1912.3	2556.5	3313.3
0.0	748.9	1937.9	2641.8	3201.5
0.0	776.1	1861.4	2603.8	3152.2
0.0	766.2	1931.4	2605.2	3223.1
0.0	590.5	1969.3	2639.5	3227.6
0.0	577.1	1891.9	2648.6	3129.3
0.0	510.0	1886.8	2663.6	3183.6
0.0	379.7	1918.2	2559.9	3201.2
0.0	401.6	1900.6	2414.4	3125.1
0.0	386.5	1851.2	2230.1	3100.5
110.4	379.1	1757.0	2091.3	3075.1
111.8	354.6	1655.6	2042.9	3084.3
114.2	384.5	1525.4	2052.9	3085.7
114.3	427.4	1414.7	2031.7	3074.3
113.5	470.1	1326.7	2015.5	3070.0
113.2	470.9	1246.0	2006.8	3100.2
112.1	481.0	1181.0	1995.0	3121.0
112.2	499.5	1193.8	2001.6	3163.7
110.8	502.0	1197.4	2001.3	3178.7
109.3	503.4	1235.6	1983.9	3136.1
108.0	496.5	1302.1	1986.4	3110.5
106.9	489.0	1353.9	1994.1	3096.5
106.4	487.6	1471.6	2001.9	3109.1
105.1	471.9	1523.0	2026.8	3139.5
104.4	429.6	1660.1	2050.1	3180.5
103.6	406.3	1782.3	2064.8	3182.3
102.6	369.5	1852.7	2069.3	3213.3
100.3	302.3	1918.2	2184.3	3257.0
88.9	260.5	1946.2	2344.0	3329.8
87.6	297.7	1947.6	2435.3	3290.3
89.0	298.2	1920.6	2454.2	3328.0
86.9	313.1	1889.7	2445.2	3287.5
0.0	368.7	1920.2	2525.3	3273.2
0.0	381.9	1934.1	2533.2	3306.8
0.0	462.2	1974.2	2508.8	3298.2
104.1	424.9	1956.4	2507.9	3301.1
105.3	437.6	1923.5	2442.1	3334.9
103.4	455.1	1885.0	2439.1	3386.0
104.3	477.8	1814.9	2406.1	3401.0
104.9	483.0	1758.7	2429.3	3380.0
105.8	472.3	1733.2	2443.7	3349.8
106.3	452.7	1719.8	2441.6	3392.3
106.6	442.1	1702.4	2447.5	3426.1
106.0	452.7	1710.8	2464.5	3469.1
104.7	478.2	1740.6	2468.9	3485.0
105.0	553.3	1801.0	2468.9	3521.6
105.5	544.8	1872.2	2501.9	3554.8
105.2	522.9	1960.9	2532.8	3602.2
103.4	520.7	2018.0	2573.5	3625.8
101.3	518.8	2071.3	2587.6	3615.4
99.6	599.5	2148.5	2548.9	3602.1
96.7	781.7	2151.7	2353.2	3637.7
97.2	748.9	1099.1	2165.4	2495.2
97.6	819.7	2046.5	2282.3	3384.3
96.5	501.6	1985.2	2291.1	3371.4
95.4	581.3	2120.2	2566.8	3469.6
96.2	582.5	2041.4	2563.1	3455.5
96.4	586.2	1949.2	2485.4	3437.9
96.7	609.8	1854.0	2432.8	3428.8
98.1	633.5	1774.3	2368.9	3419.9
99.7	653.5	1694.2	2344.9	3430.6
100.0	672.2	1586.2	2382.1	3378.1
100.9	690.5	1501.7	2444.0	3397.9
102.0	696.1	1418.8	2497.0	3565.4
102.1	701.0	1354.9	2623.5	3574.2
102.8	721.5	1297.6	2790.0	3537.8
104.2	717.5	1214.1	2786.7	3677.2
105.7	709.2	1169.4	2760.0	3767.2
107.6	707.7	1113.1	2863.5	3765.0
110.7	698.7	1063.3	2901.8	3712.5
108.0	670.3	1024.2	2850.1	3624.3
95.4	608.0	948.7	2688.7	3605.3
97.7	588.6	913.8	2562.8	3414.8
220.0	386.9	987.4	2547.0	3325.3
82.2	305.2	1028.0	2475.7	3257.7
144.6	259.7	996.5	2356.5	3225.2
81.1	270.0	978.7	2456.6	3341.3
80.0	296.6	1021.5	2509.6	3138.2
90.9	317.2	1021.3	2242.5	2760.0
0.0	273.9	1030.6	2364.9	2856.0
107.1	210.2	1043.2	2393.8	2801.3
107.9	319.0	1046.1	2575.8	3062.6
217.9	617.4	1088.5	2656.3	3506.3
233.7	643.1	1134.8	2664.9	3487.9
108.4	637.5	1147.8	2655.7	3394.3
107.6	634.2	1168.0	2659.7	3390.3
107.6	631.5	1179.3	2648.3	3373.8
107.7	604.4	1163.6	2607.9	3355.9
107.5	575.4	1155.4	2497.3	3328.6
105.5	538.6	1141.4	2473.9	3291.1
104.7	513.3	1135.4	2493.5	3231.8
104.0	484.4	1122.0	2518.7	3177.7
103.3	464.6	1114.5	2519.1	3116.0
102.2	458.5	1112.1	2517.5	3008.1
101.6	444.6	1131.2	2463.1	2887.4
101.2	433.1	1166.2	2378.6	2751.5
100.3	419.0	1209.9	2183.6	2685.4
98.7	421.8	1290.6	1929.3	2657.5
97.0	475.4	1344.4	1679.0	2807.0
92.4	263.8	1348.2	1882.8	3186.2
84.2	551.2	1395.0	2094.2	3129.9
84.2	559.7	1555.3	2370.5	3620.2
0.0	433.3	1510.7	2538.8	3688.0
89.5	432.0	1550.2	2521.4	3598.7
88.0	428.0	1582.5	2547.1	3615.8
86.7	420.2	1613.5	2530.7	3542.1
84.9	418.9	1633.6	2498.3	3508.5
82.4	404.6	1622.3	2494.1	3547.5
82.0	402.3	1620.1	2475.3	3566.5
81.9	369.2	1636.6	2474.5	3556.1
81.9	486.6	1651.5	2474.6	3451.6
79.1	280.7	1637.5	2486.5	3290.4
79.8	232.9	1637.3	2488.7	3370.1
75.9	237.1	1581.3	2547.2	3360.5
78.7	237.9	1592.5	2621.7	3357.8
77.9	238.8	1610.3	2534.1	3269.7
77.9	514.2	1595.8	2384.9	3286.0
238.9	584.0	1625.5	2443.2	3339.8
78.4	651.5	1734.6	2503.6	3279.0
81.6	692.5	1732.6	2496.9	3309.1
75.9	729.9	1719.0	2451.1	3326.4
0.0	775.1	1649.8	2438.9	3353.2
260.9	876.2	1664.9	2394.6	3306.9
250.0	858.7	1925.9	2496.9	3496.1
0.0	970.2	1877.2	2532.7	3515.1
0.0	862.6	1855.3	2543.3	3466.1
0.0	934.2	1879.8	2632.8	3490.8
