0.0	0.0	0.0	0.0	0.0
0.0	0.0	0.0	0.0	0.0
0.0	0.0	0.0	0.0	0.0
0.0	631.0	1739.7	2508.0	3523.4
0.0	947.9	1842.9	2585.8	3444.3
0.0	1089.6	1865.7	2716.2	3499.7
0.0	1119.0	1910.6	2777.3	3540.0
0.0	1084.6	1860.5	2755.5	3527.0
0.0	810.8	1840.5	2590.0	3467.6
0.0	813.6	1833.6	2606.3	3421.4
0.0	867.3	1698.1	2573.4	3393.1
0.0	896.5	1642.8	2619.1	3393.0
0.0	727.6	1594.0	2724.8	3458.7
0.0	581.6	1686.4	2664.0	3376.9
0.0	1001.9	1860.1	2634.5	3352.4
0.0	1086.3	1799.3	2563.5	3380.0
0.0	1172.7	1930.5	2599.8	3278.7
0.0	973.1	1812.2	2570.1	3190.5
157.9	955.7	1909.9	2576.0	3295.1
0.0	1022.6	2056.1	2726.6	3305.6
0.0	1989.1	2404.7	2940.8	3362.3
0.0	1342.3	2514.5	3031.0	3307.5
0.0	474.8	2503.6	2987.4	3222.3
0.0	609.0	2264.2	2705.9	3319.0
400.0	963.1	2266.3	2729.7	3358.2
155.8	537.7	2310.5	2723.0	3437.3
0.0	1166.4	2277.0	2701.1	3459.1
292.7	1052.7	2087.4	2615.2	3356.5
0.0	1078.2	2077.7	2606.1	3276.7
0.0	542.5	2017.4	2516.1	3197.7
0.0	425.5	1850.8	2344.3	3133.7
0.0	368.3	1775.2	2137.4	3157.0
0.0	359.2	1666.9	2059.6	3091.4
97.0	340.1	1423.5	2041.7	3072.3
97.2	343.1	1263.8	2040.2	3058.5
95.9	348.5	1146.2	2054.0	3049.4
95.3	411.0	1125.9	2073.5	3077.7
94.7	391.1	1158.4	2103.6	3096.2
94.3	384.2	1212.0	2162.6	3079.6
93.2	387.4	1283.2	2226.8	3146.6
92.2	403.0	1322.3	2323.5	3192.2
92.2	404.4	1335.5	2409.3	3217.8
90.8	407.0	1325.9	2530.7	3472.3
88.1	381.4	1355.9	2828.8	3539.4
0.0	925.3	2151.7	3102.0	3589.8
78.4	952.3	2180.7	3152.9	3643.2
0.0	540.8	1568.1	2888.1	3593.5
0.0	724.9	1537.6	2673.8	3605.0
0.0	627.4	1492.3	2501.7	3496.0
0.0	705.0	1461.9	2489.8	3438.3
125.0	743.6	1452.2	2488.5	3461.4
333.3	730.2	1411.3	2464.6	3498.3
0.0	617.0	1263.0	2450.0	3380.2
0.0	656.0	1202.2	2520.3	3376.4
0.0	673.5	1120.4	2573.0	3434.5
0.0	548.2	965.4	2605.2	3468.8
0.0	550.7	908.4	2657.8	3398.2
0.0	529.4	827.8	2693.0	3347.1
118.8	491.1	752.2	2721.2	3391.5
117.6	475.7	715.4	2776.0	3359.0
118.0	476.2	721.3	2817.9	3394.8
118.6	478.2	740.8	2802.0	3377.0
120.4	466.9	767.5	2829.8	3377.8
121.7	447.2	799.9	2850.0	3397.4
123.4	458.8	870.9	2855.6	3357.3
123.2	474.5	944.8	2808.3	3394.6
121.7	480.3	1013.7	2785.0	3431.9
119.0	468.9	1154.3	2682.4	3406.8
118.5	485.5	1310.3	2557.8	3290.2
119.1	487.9	1508.1	2453.3	3274.6
118.3	501.4	1689.2	2431.6	3301.3
114.7	520.2	1684.7	2338.1	3280.5
111.6	531.9	1494.0	2267.1	3243.5
108.3	516.2	1428.0	2288.8	3280.8
104.6	512.2	1436.8	2370.5	3330.2
99.2	528.9	1386.6	2553.5	3289.2
90.2	557.8	1325.7	2621.5	3271.8
87.0	570.1	1260.2	2701.6	3295.9
80.1	597.3	1199.4	2770.5	3275.1
76.4	612.5	1169.1	2685.9	3199.7
84.3	616.8	1155.3	2637.5	3111.9
96.0	639.4	1147.7	2620.1	3112.0
103.5	632.3	1158.7	2598.1	3156.5
107.8	629.8	1187.5	2630.4	3208.3
111.4	626.3	1245.9	2589.9	3272.3
114.3	621.1	1257.8	2586.9	3276.9
113.9	603.7	1243.6	2737.3	3272.5
112.2	553.7	1352.3	2530.1	2866.5
108.9	533.7	1391.3	1944.6	2682.7
104.8	535.5	1236.7	1894.2	2713.3
106.7	502.3	1296.8	1961.0	2963.8
103.5	584.0	1513.1	2076.9	3137.6
101.8	460.5	1406.1	2085.5	3255.7
0.0	459.3	1361.2	1996.1	3398.1
111.3	462.6	1310.7	2045.7	3381.4
108.7	465.9	1300.6	2079.1	3335.9
106.4	485.0	1271.7	2117.2	3350.1
103.2	477.8	1258.5	2162.3	3324.0
100.7	494.9	1250.3	2245.3	3310.2
99.2	477.8	1299.4	2270.6	3287.5
93.9	472.8	1373.2	2240.3	3292.4
91.6	472.8	1454.7	2222.7	3308.7
93.8	568.8	1459.6	2234.8	3361.3
98.4	446.3	1489.9	2316.4	3373.3
101.3	450.8	1555.0	2395.6	3373.8
104.9	429.5	1545.4	2456.5	3361.3
104.9	418.4	1532.0	2492.2	3380.7
103.4	402.0	1482.6	2519.5	3398.6
100.9	406.4	1429.3	2546.6	3428.9
97.4	423.3	1402.1	2635.4	3585.0
93.0	414.0	1458.3	2713.5	3603.0
88.2	576.7	2022.7	2951.0	3415.7
87.0	645.2	1896.5	2678.2	3325.9
0.0	672.2	1586.6	2485.5	3309.8
0.0	663.3	1425.7	2499.1	3300.4
0.0	628.8	1492.9	2523.4	3327.3
88.9	670.2	1559.6	2475.9	3346.7
0.0	853.8	1550.2	2498.9	3425.1
82.8	810.9	1624.8	2536.1	3422.9
84.5	834.0	1463.2	2462.8	3365.3
80.5	728.0	1254.6	2510.0	3297.5
83.3	466.5	923.9	2377.4	3182.5
85.7	446.8	837.1	2152.5	3243.2
87.0	423.0	822.2	2130.0	3246.8
89.4	441.3	865.4	1947.7	3165.2
94.3	426.7	894.9	1326.1	3189.1
98.5	423.2	911.1	1276.0	3198.1
100.8	467.1	943.3	1302.5	3210.3
103.2	478.4	982.7	1368.9	3219.7
104.2	521.4	1015.0	1414.1	3172.4
104.9	545.9	1042.8	1520.9	3193.4
105.1	566.3	1063.7	1606.6	3289.9
103.4	593.5	1096.0	1732.1	3306.6
101.1	634.2	1087.3	1852.5	3274.5
98.9	653.1	1084.7	1983.1	3358.7
96.9	659.0	1089.4	2040.6	3290.5
92.7	671.1	1098.2	2089.9	3137.2
90.0	686.0	1085.5	2121.8	3128.1
87.0	698.1	1075.3	2131.9	3121.1
82.0	692.2	1100.3	2112.4	3134.7
77.4	684.7	1115.9	2125.1	3150.7
75.8	681.9	1116.2	2099.9	3125.3
76.8	701.6	1137.9	2065.9	3221.7
76.9	759.3	1208.6	1976.5	3325.3
79.3	707.0	1270.8	1892.4	3422.5
80.6	911.6	1309.7	2574.3	3550.1
210.5	1048.6	1427.3	2745.6	3421.4
72.0	794.4	1347.6	2588.2	3364.6
68.6	917.7	1566.8	2582.2	3288.0
0.0	323.0	526.0	2351.4	3168.6
0.0	953.5	1735.3	2641.9	3516.1
0.0	928.3	1020.4	1994.1	3505.5
528.5	911.3	1532.9	2425.2	3370.1
85.3	922.7	1585.5	2684.5	3483.6
0.0	935.5	1598.4	2630.8	3360.7
363.6	850.9	1258.5	2490.0	3366.2
428.6	578.1	1162.9	2382.1	3263.9
0.0	439.3	1217.6	2356.1	3332.5
0.0	416.9	1236.6	2395.9	3370.3
0.0	392.9	1289.8	2381.2	3359.1
90.9	387.3	1323.2	2407.7	3375.6
85.7	365.3	1443.0	2641.0	3578.5
76.9	1045.3	1717.2	2709.7	3637.6
0.0	464.3	1394.7	2426.2	3493.1
0.0	418.3	1178.4	2298.5	3326.1
0.0	412.9	1105.6	2238.8	3196.5
86.3	680.9	1453.6	2173.3	3325.0
81.6	717.3	1515.0	2461.0	3425.5
81.5	600.8	1380.9	2441.9	3422.3
80.6	653.5	1327.5	2333.3	3329.1
81.3	651.9	1302.3	2319.9	3295.9
84.4	668.5	1534.4	2382.7	3318.3
85.3	449.6	782.6	2410.3	3312.1
90.8	494.1	690.9	2474.7	3460.8
95.0	510.9	700.3	2651.4	3473.8
96.0	547.6	781.5	2811.5	3391.6
96.0	547.6	867.5	2805.2	3367.9
96.2	568.0	951.9	2721.1	3226.9
96.8	582.8	1062.7	2625.3	3207.3
97.3	591.6	1142.7	2644.1	3205.2
97.4	559.8	1184.7	2272.0	3154.1
96.7	499.1	1185.4	2330.2	3123.2
93.8	537.7	1202.8	2612.4	3628.6
96.0	470.7	1290.0	2609.2	3681.4
92.8	433.1	1314.2	2554.1	3616.5
90.1	604.0	1486.8	2509.8	3400.0
88.0	670.5	1558.9	2629.2	3451.2
84.7	748.7	1653.3	2518.6	3301.0
82.2	741.1	1701.4	2486.6	3279.7
84.5	723.0	1721.4	2595.6	3262.3
85.7	736.8	1731.8	2585.6	3184.4
87.8	703.0	1720.8	2578.3	3243.4
91.6	657.5	1721.5	2564.7	3286.2
93.8	651.3	1724.1	2548.8	3243.5
96.0	595.9	1754.2	2564.1	3206.6
97.7	570.6	1769.9	2536.0	3224.0
96.8	566.2	1772.0	2509.4	3243.0
93.6	573.2	1772.2	2536.2	3209.4
90.6	588.6	1785.4	2552.9	3182.2
89.1	582.5	1784.2	2522.3	3195.6
86.4	570.3	1763.3	2534.9	3197.8
81.7	575.9	1734.5	2554.4	3183.0
75.4	581.8	1710.5	2592.1	3213.9
75.3	579.8	1681.8	2566.4	3200.8
66.9	595.8	1671.4	2540.0	3216.5
233.3	589.7	1637.8	2560.1	3363.3
0.0	575.3	1583.0	2578.6	3367.6
0.0	553.3	1507.1	2608.5	3365.3
0.0	510.5	1489.9	2546.0	3429.6
66.2	526.6	1605.1	2467.1	3512.3
210.0	434.6	1291.9	2434.5	3499.5
0.0	784.0	1819.4	2422.5	3643.8
212.8	492.1	1356.7	2378.9	3452.6
0.0	532.1	1357.4	2406.6	3128.0
225.2	726.8	1530.5	2498.9	3204.4
104.1	769.7	1537.1	2532.4	3288.2
0.0	724.8	1522.9	2490.9	3348.5
75.9	711.6	1537.9	2432.2	3272.7
0.0	555.6	1567.9	2466.3	3263.0
80.2	604.0	1572.6	2395.4	3288.3
69.4	648.3	1539.3	2369.6	3315.1
0.0	698.4	1579.3	2419.0	3324.4
0.0	640.8	1626.0	2460.6	3300.4
0.0	663.1	1560.6	2554.5	3358.7
0.0	758.3	1527.5	2544.0	3333.8
0.0	639.2	1560.1	2707.0	3390.3
0.0	742.5	1569.6	2594.7	3408.4
0.0	829.5	1514.0	2479.8	3386.4
0.0	757.9	1575.9	2413.9	3454.1
0.0	825.8	1592.9	2643.9	3351.4
0.0	804.6	1746.9	2712.1	3404.4
0.0	615.9	1746.5	2594.7	3458.5
0.0	626.1	1685.7	2574.9	3494.8
0.0	958.0	1809.8	2681.9	3321.7
0.0	955.8	1798.7	2598.0	3284.7
0.0	983.0	1852.3	2587.4	3587.8
0.0	820.9	1849.5	2678.4	3486.7
0.0	812.8	1938.7	2792.0	3518.5
0.0	761.2	1844.4	2690.7	3415.6
0.0	1108.8	1860.0	2725.8	3245.5
0.0	1117.1	1934.4	2873.9	3391.5
0.0	933.6	1861.0	2829.1	3481.6
0.0	735.1	1789.4	2705.0	3508.1
0.0	854.7	1773.5	2639.3	3454.2
0.0	833.0	1797.8	2571.2	3526.5
0.0	945.6	1706.7	2592.1	3500.1
0.0	856.7	1736.2	2690.5	3489.5
0.0	818.7	1893.4	2762.9	3535.6
0.0	931.7	1825.7	2712.9	3482.9
