0.0	0.0	0.0	0.0	0.0
0.0	0.0	0.0	0.0	0.0
0.0	0.0	0.0	0.0	0.0
0.0	729.8	1680.7	2573.4	3270.0
0.0	708.3	1696.5	2593.3	3344.2
0.0	797.5	1749.8	2558.2	3401.8
0.0	779.5	1706.1	2519.7	3386.5
0.0	732.4	1637.5	2569.7	3444.3
0.0	425.7	1580.0	2530.9	3511.1
0.0	449.0	1586.3	2558.0	3459.3
218.2	693.2	1725.8	2620.3	3419.4
84.5	724.9	1630.3	2568.9	3357.0
0.0	930.4	1983.2	2614.7	3483.6
0.0	930.9	2128.2	2644.2	3460.6
0.0	926.6	2100.1	2685.6	3414.8
0.0	785.8	1694.7	2653.8	3464.3
0.0	595.3	1501.3	2609.3	3406.0
0.0	600.9	1552.4	2712.1	3461.6
0.0	708.8	1746.2	2679.2	3526.3
375.0	758.3	1782.9	2777.8	3698.6
428.6	396.3	1741.6	2781.7	3799.0
0.0	422.1	1737.5	2781.4	3814.0
143.6	407.9	1712.7	2810.1	3787.9
139.0	412.3	1697.3	2846.8	3779.2
139.2	439.2	1721.0	2844.9	3731.9
138.8	552.7	1714.8	2868.5	3764.6
136.8	822.5	1798.7	2909.5	3932.6
148.1	950.4	1941.9	2954.8	4016.4
148.1	665.8	1929.8	2989.3	4237.7
333.3	712.1	1881.8	2905.2	4017.0
292.7	618.1	1733.1	2746.7	3736.1
244.9	689.3	1766.0	2607.0	3605.1
102.6	793.0	1767.0	2601.5	3484.8
71.9	965.9	1965.7	2918.1	3626.0
255.3	981.1	1602.6	2587.4	3624.8
0.0	650.2	1464.7	2534.8	3558.9
0.0	749.4	1686.6	2570.5	3424.0
107.1	371.5	1072.1	2686.1	3509.9
0.0	330.5	1122.2	2926.3	3841.9
162.2	350.0	1254.2	2837.1	3670.3
162.2	477.0	1497.6	2816.8	3749.1
152.0	498.3	1765.4	2849.3	3789.4
149.0	399.9	1983.1	2938.8	3851.1
146.8	432.5	2118.2	3000.1	3854.7
148.0	404.2	2185.2	3038.9	3831.8
149.4	402.9	2208.3	2995.9	3765.1
149.5	420.0	2203.8	2895.2	3792.7
148.8	401.3	2101.0	2719.1	3722.3
148.2	387.4	1949.6	2616.0	3669.8
147.3	411.7	1808.1	2594.4	3598.0
145.7	507.1	1722.1	2665.8	3578.4
143.4	832.0	1678.4	2724.5	3532.9
145.5	804.7	1795.3	2853.0	3563.6
142.9	866.1	1718.6	2835.6	3602.2
0.0	852.3	1727.3	2853.1	3600.2
0.0	843.6	1795.5	2958.0	3669.9
0.0	1081.5	1838.2	2862.6	3809.0
0.0	983.8	1721.3	2769.2	3833.0
521.7	826.7	1871.1	2768.3	3774.1
0.0	836.0	2040.7	2743.0	3542.1
129.0	644.5	1963.4	2758.8	3518.6
203.4	715.8	1861.7	2782.8	3616.9
428.6	754.7	1868.8	2763.9	3674.8
244.9	603.6	1924.4	2769.1	3770.5
0.0	327.9	1952.6	2765.9	3727.8
158.4	344.2	1985.3	2693.4	3537.6
141.1	351.3	1999.9	2539.9	3478.6
130.1	348.4	1646.6	2261.1	3505.5
66.0	356.0	1502.1	2136.1	3531.8
100.0	402.3	1220.8	2161.6	3542.5
63.5	405.2	1070.6	2156.3	3494.9
0.0	428.9	958.0	2107.2	3450.6
0.0	455.6	938.4	2056.9	3421.9
63.5	490.4	924.2	2003.1	3338.0
117.6	509.5	911.5	2017.3	3314.1
125.2	532.3	935.5	1980.2	3318.7
126.4	548.1	1003.7	1951.5	3268.1
129.7	531.2	1035.2	1936.6	3277.6
127.9	535.1	1069.8	1927.6	3290.9
129.0	525.6	1121.8	1920.4	3280.8
127.7	527.2	1190.9	1850.9	3241.3
130.4	514.3	1248.1	1751.9	3129.1
130.4	538.6	1286.4	1674.9	3168.3
129.8	477.0	1258.3	1458.9	3010.0
122.2	393.4	1266.5	1455.0	2929.2
124.7	594.3	1329.7	1993.3	3131.6
128.6	537.8	1357.0	2317.0	3355.8
133.0	577.4	1355.3	2070.5	3237.3
136.5	446.4	1208.6	1523.3	2988.6
141.2	411.5	1235.5	1542.5	2949.4
139.5	444.9	1243.0	1583.8	2892.2
134.8	474.7	1254.6	1702.8	2909.4
136.4	503.3	1243.5	1774.1	2894.8
134.7	516.9	1353.6	1936.0	3133.6
130.5	519.3	1469.2	2088.4	3550.6
129.0	546.7	1520.2	2247.9	3606.1
129.1	557.4	1626.1	2307.6	3507.5
131.3	575.3	1764.6	2297.8	3475.4
131.6	516.3	1863.8	2294.4	3501.7
132.4	511.8	1954.3	2209.9	3558.0
132.5	317.9	1902.9	2230.0	3650.5
131.4	279.4	1593.4	2281.2	3626.1
131.8	448.3	1802.4	2274.6	3748.6
263.5	514.6	1714.9	2343.6	3681.8
129.3	563.4	1645.6	2415.3	3554.8
127.3	635.1	1632.3	2501.9	3556.5
124.5	648.3	1567.8	2513.5	3585.7
119.3	610.8	1498.0	2483.1	3594.5
115.8	581.3	1448.5	2490.5	3554.0
115.1	576.9	1439.8	2444.7	3501.0
112.9	575.9	1481.2	2417.2	3511.5
109.2	469.9	1508.3	2447.3	3492.1
103.6	648.9	1607.6	2467.2	3428.8
100.8	710.2	1795.5	2609.2	3433.6
100.8	746.7	1805.6	2668.5	3481.5
113.2	814.7	1747.0	2671.6	3540.9
129.0	658.9	1667.9	2638.4	3506.3
164.4	519.6	1707.4	2571.0	3533.9
92.3	518.3	1716.3	2505.6	3604.3
0.0	558.5	1758.2	2654.6	3591.6
73.0	612.5	1785.2	2698.4	3609.8
184.5	644.4	1787.7	2735.1	3541.5
0.0	672.4	1783.9	2768.8	3536.6
0.0	688.6	1789.0	2781.2	3562.0
153.9	710.2	1781.8	2887.2	3631.8
0.0	715.8	1739.3	2861.8	3582.3
117.0	731.0	1725.5	2710.9	3494.8
121.5	610.9	1687.2	2627.4	3399.0
121.2	447.9	1610.0	2584.8	3020.3
117.6	326.3	1594.3	2506.8	2929.7
123.7	326.2	1597.0	2535.4	2911.0
123.7	293.7	1642.2	2615.2	3194.5
123.7	428.2	1825.9	2543.6	3397.3
127.7	659.9	1883.9	2510.4	3416.3
151.9	601.8	1753.4	2493.8	3399.1
200.0	731.9	1747.2	2404.1	3253.7
0.0	760.7	1827.0	2369.6	3188.6
0.0	734.8	1744.8	2423.1	3217.8
0.0	774.4	1799.2	2449.9	3273.9
0.0	901.0	1889.7	2415.2	3335.3
235.3	1085.3	1797.0	2302.2	3234.9
214.3	915.5	1680.6	2222.4	3222.5
240.0	688.1	1674.0	2297.0	3194.3
0.0	504.4	1697.0	2265.4	3274.4
0.0	413.9	1799.3	2339.5	3360.8
139.7	384.0	1915.9	2557.1	3386.1
128.7	390.6	1988.6	2709.2	3485.9
125.8	386.8	1970.2	2735.9	3618.6
124.0	367.4	1970.5	2732.9	3665.0
121.8	352.3	1945.0	2726.2	3776.2
118.7	366.9	1889.0	2747.5	3782.3
117.6	405.9	1806.7	2846.4	3817.5
114.3	628.6	1815.6	2885.9	3897.1
0.0	610.6	1770.7	2776.4	3814.6
109.1	683.9	1751.8	2786.9	3799.0
0.0	649.3	1723.0	2811.4	3703.0
235.3	832.6	1754.1	2876.7	3595.0
117.6	849.7	1772.5	2936.0	3528.8
0.0	900.5	1847.2	2800.2	3558.7
121.2	858.7	1815.9	2554.3	3488.8
116.5	874.2	1850.5	2701.9	3524.0
0.0	852.0	1892.9	2760.5	3495.2
0.0	907.9	1861.9	2647.5	3478.1
0.0	949.7	1744.2	2583.8	3406.5
571.4	770.3	1814.7	2555.0	3375.1
0.0	859.5	1733.0	2451.8	3405.7
0.0	517.5	1668.5	2275.8	3374.8
0.0	509.6	1691.3	2308.6	3402.5
120.3	546.6	1702.2	2328.4	3366.2
117.8	583.4	1682.4	2267.6	3313.7
115.7	586.3	1603.5	2223.8	3280.6
114.5	576.3	1530.6	2173.4	3216.9
114.9	574.3	1473.4	2076.1	3106.3
113.3	566.7	1404.4	1985.7	3032.8
112.9	563.4	1335.4	1936.4	2948.6
112.2	558.8	1270.1	1826.1	2902.8
112.5	561.6	1216.9	1789.7	2914.6
114.3	552.3	1194.8	1751.7	2873.1
115.2	557.0	1240.9	1742.6	2862.4
115.4	569.4	1311.7	1791.7	2897.5
115.3	572.7	1384.1	1865.6	2923.6
116.4	518.9	1531.2	1953.5	3035.1
116.5	497.9	1614.6	2065.6	3172.8
115.6	465.9	1729.5	2212.9	3293.7
115.1	453.7	1807.2	2376.4	3418.4
115.5	457.8	1841.8	2517.6	3467.4
114.8	442.4	1858.0	2593.7	3523.8
114.2	432.4	1858.2	2602.8	3573.6
111.0	454.5	1826.6	2600.2	3572.1
108.5	476.9	1773.1	2600.3	3574.4
105.4	481.0	1642.6	2596.5	3585.3
0.0	496.0	1541.4	2545.5	3577.5
89.0	449.5	1361.3	2486.5	3558.6
90.7	427.1	1259.2	2545.2	3486.9
85.2	309.9	1188.0	2509.1	3263.6
83.3	266.2	1120.4	2534.3	3325.8
93.8	242.4	1057.0	2527.4	3387.6
114.2	332.0	1065.4	2509.5	3244.0
181.8	261.9	1044.8	2481.0	3369.4
0.0	858.0	1640.0	2685.2	3482.6
227.4	483.1	1089.2	2696.1	3470.0
0.0	469.5	925.0	2823.1	3546.7
159.7	482.6	916.5	2941.4	3586.9
111.1	515.7	906.7	2990.8	3577.2
103.4	494.5	866.0	3010.0	3584.6
0.0	494.0	864.0	3010.4	3613.2
94.5	517.0	834.3	3031.5	3604.6
0.0	518.3	802.2	2859.9	3583.1
0.0	530.0	772.7	2604.7	3544.7
206.9	580.4	787.5	2517.6	3547.3
136.4	660.9	1339.3	2545.4	3526.6
114.3	695.5	1445.2	2470.8	3418.3
122.4	665.1	1431.8	2351.1	3434.4
129.0	718.6	1524.5	2390.9	3442.2
63.5	750.7	1490.2	2461.5	3480.2
0.0	758.5	1560.0	2406.4	3513.4
0.0	743.7	2005.2	2368.2	3412.3
545.5	768.5	2085.7	2438.8	3396.3
0.0	806.9	1637.7	2550.9	3402.4
0.0	809.4	1439.1	2520.6	3385.7
0.0	801.8	1481.1	2559.0	3403.1
0.0	776.7	1566.9	2577.8	3489.1
0.0	788.5	1552.2	2494.0	3414.8
0.0	813.9	1529.0	2460.2	3354.6
0.0	841.9	1606.5	2447.4	3338.2
0.0	808.7	1611.0	2456.1	3409.5
210.5	802.0	1626.0	2573.1	3439.0
