0.0	0.0	0.0	0.0	0.0
0.0	0.0	0.0	0.0	0.0
0.0	0.0	0.0	0.0	0.0
0.0	633.7	1639.2	2564.3	3309.1
545.5	613.1	1575.6	2623.5	3203.1
0.0	564.1	1562.9	2720.5	3221.4
0.0	370.5	1654.2	2575.0	3505.9
0.0	1020.7	2109.4	2835.2	3716.6
0.0	957.3	2002.0	2709.1	3743.1
0.0	1091.2	1883.4	2665.9	3689.8
0.0	573.1	1701.9	2572.5	3328.8
0.0	650.2	1677.7	2664.7	3412.0
0.0	845.3	1754.3	2723.4	3479.7
0.0	967.1	1748.2	2571.6	3357.9
0.0	1076.1	1804.8	2630.2	3441.9
0.0	970.3	1804.3	2651.6	3520.9
0.0	743.6	1852.9	2517.5	3301.5
0.0	701.7	1515.2	2489.5	3103.2
480.0	857.3	1443.9	2477.8	3262.3
0.0	842.3	1406.9	2330.8	3209.7
0.0	1170.4	1474.9	2383.4	3229.1
0.0	839.2	1223.6	2299.3	3284.8
0.0	768.5	1176.0	2318.8	3426.1
70.6	636.6	1161.8	2256.3	3364.3
0.0	473.2	1144.8	2115.4	3361.9
0.0	499.6	1124.4	2019.5	3375.8
111.7	463.5	1167.2	2000.0	3405.3
111.4	467.7	1214.0	2006.7	3437.9
111.6	494.7	1234.5	2006.2	3453.2
111.5	521.8	1231.9	2022.9	3388.1
111.1	546.6	1220.1	2002.0	3390.0
111.0	619.7	1263.8	2017.6	3444.6
111.6	678.2	1273.5	2017.6	3438.0
112.1	581.8	1188.3	2104.6	3396.8
112.4	632.5	1210.3	2064.5	3280.3
114.0	571.5	1094.3	2023.6	3184.9
115.2	513.1	1052.5	2016.6	3233.3
116.5	480.7	1017.1	2019.7	3287.4
117.7	484.3	899.0	2012.5	3241.5
116.7	488.1	898.5	1999.2	3225.8
114.5	619.0	915.4	2037.3	3238.9
113.2	644.3	955.3	2275.0	3402.6
112.8	581.2	946.6	2345.4	3495.1
114.4	613.0	956.8	2174.5	3455.5
116.2	588.4	885.7	2066.9	3446.2
117.1	543.6	896.0	2053.2	3372.3
118.3	456.8	898.6	2028.2	3393.4
118.6	557.5	945.7	2018.1	3433.5
119.2	550.6	974.6	1999.9	3404.2
118.4	510.9	986.5	2012.6	3403.9
115.4	394.4	966.3	1999.6	3467.5
113.2	424.4	953.9	1993.3	3522.0
110.3	450.2	963.2	2081.2	3536.7
105.2	981.5	1881.7	2944.3	3571.1
101.7	994.4	1894.7	2886.4	3527.6
111.1	1041.0	1839.4	2728.7	3447.7
104.3	1126.4	1741.8	2743.2	3402.4
118.8	737.6	1886.4	2705.4	3480.1
0.0	779.9	1774.2	2660.0	3456.6
0.0	829.5	1635.5	2589.7	3408.1
0.0	807.7	1697.4	2662.6	3429.2
0.0	852.3	1248.5	2547.8	3425.6
0.0	878.6	1222.0	2389.8	3352.8
428.6	1079.9	1681.9	2477.6	3302.8
569.8	1080.9	1827.2	2645.7	3329.9
0.0	915.0	1874.3	2589.2	3304.4
76.9	857.4	1872.1	2366.9	3250.7
0.0	591.6	999.2	2005.7	3099.3
124.4	529.1	937.6	2026.0	3255.3
113.6	561.5	962.9	2052.1	3223.3
110.0	599.7	997.3	2074.2	3213.5
108.2	593.6	992.8	2096.5	3330.0
108.1	592.6	1018.5	2091.2	3355.3
107.1	606.2	1053.2	2036.8	3318.7
107.1	601.8	1081.9	2022.9	3243.5
110.1	614.9	1106.0	1996.4	3259.7
107.1	609.9	1138.6	1982.0	3284.6
108.1	626.1	1144.3	1938.8	3290.4
108.1	590.9	1138.3	1892.5	3274.6
108.1	569.8	1195.5	1841.5	3298.2
108.1	580.7	1230.2	1869.5	3367.6
105.3	582.7	1264.3	1948.9	3366.5
104.3	1015.3	1358.4	2588.8	3422.1
99.6	926.5	1284.6	2627.7	3404.6
0.0	839.5	1559.0	2591.3	3404.8
0.0	940.1	1732.8	2587.3	3401.0
0.0	888.7	1760.5	2689.7	3407.3
0.0	874.9	1779.8	2698.5	3437.7
0.0	751.8	1684.6	2622.3	3415.5
0.0	744.7	1679.0	2673.6	3350.6
0.0	694.4	1705.8	2610.7	3384.3
0.0	624.0	1135.3	2365.5	3184.1
0.0	622.3	1178.4	2025.6	3001.5
292.7	674.8	1651.4	2456.4	3209.5
0.0	808.3	1809.1	2521.2	3263.0
0.0	393.1	1036.9	2203.9	3200.2
0.0	446.8	1042.5	2158.4	3316.3
0.0	385.3	1079.8	2153.3	3318.4
0.0	583.6	1147.7	2176.9	3330.6
0.0	509.6	1254.9	2162.4	3350.0
0.0	521.5	1289.2	2124.9	3340.3
0.0	520.6	1315.0	2096.1	3333.1
0.0	534.4	1334.9	2125.9	3331.1
0.0	530.2	1331.9	2135.1	3320.2
100.4	569.5	1367.0	2145.9	3325.4
101.2	565.8	1346.2	2119.8	3327.6
99.3	559.5	1300.9	2109.9	3313.4
99.1	566.8	1251.1	2086.8	3325.6
98.7	542.3	1185.7	2075.3	3332.7
98.1	537.6	1088.5	2045.0	3301.4
97.2	550.4	1061.3	2000.4	3292.3
96.4	476.5	1000.9	1996.1	3259.1
94.9	464.5	1028.6	2117.5	3270.7
91.6	793.3	1788.0	2394.3	3343.7
88.7	579.7	1771.8	2558.9	3478.7
87.6	424.5	1797.1	2654.0	3550.4
88.5	765.6	1567.2	2330.7	3349.3
92.6	515.5	911.1	2012.5	3315.1
92.5	422.1	848.1	1953.2	3317.7
94.2	453.6	845.2	1929.0	3321.6
90.5	487.9	857.1	1979.6	3262.1
88.4	546.7	903.0	2021.8	3276.6
86.1	627.3	933.2	2027.1	3273.9
83.5	643.3	926.9	2067.7	3318.5
97.9	565.8	852.6	2132.8	3327.4
104.5	454.9	778.1	2132.1	3338.7
102.0	787.5	1295.5	2217.9	3342.2
103.2	755.7	1287.7	2168.9	3405.2
98.1	700.6	1349.7	2205.6	3241.2
95.9	715.3	1557.3	2225.6	3153.3
92.4	682.8	1519.1	2184.5	3252.2
92.3	665.7	1523.8	2379.1	3278.9
79.5	651.9	1604.0	2572.5	3352.7
79.5	689.1	1579.9	2467.6	3202.4
69.8	671.8	1468.2	2462.7	3236.4
260.9	686.8	1703.1	2609.6	3414.1
