0.0	0.0	0.0	0.0	0.0
0.0	0.0	0.0	0.0	0.0
0.0	0.0	0.0	0.0	0.0
0.0	632.1	1911.9	2704.6	3480.0
0.0	717.1	1794.8	2602.1	3412.1
0.0	789.4	1682.3	2629.5	3426.3
0.0	753.5	1717.1	2608.4	3457.3
0.0	762.4	1782.4	2713.0	3441.5
0.0	1056.7	1754.0	2691.4	3429.6
0.0	769.2	1681.1	2559.4	3472.9
0.0	902.5	1792.5	2706.5	3507.0
0.0	878.7	1783.8	2736.3	3478.9
0.0	792.9	1715.4	2660.4	3453.6
0.0	753.1	1801.9	2587.5	3497.3
0.0	752.3	1624.2	2533.4	3383.3
0.0	780.4	1575.7	2589.9	3388.4
0.0	965.6	1800.4	2715.0	3448.0
0.0	780.3	1802.9	2697.7	3303.2
0.0	718.3	1783.0	2606.8	3233.4
0.0	1078.1	2089.9	2595.6	3204.5
0.0	565.4	2008.6	2556.9	3340.2
0.0	989.4	1948.2	2446.5	3618.6
0.0	1314.8	1896.2	2561.1	3643.8
521.7	719.5	1680.6	2472.7	3394.2
0.0	864.9	1574.7	2458.5	3284.4
0.0	1068.3	1732.5	2600.7	3375.2
0.0	942.6	1777.8	2739.1	3405.9
0.0	686.8	1730.1	2565.5	3396.9
0.0	845.8	1800.0	2586.1	3470.2
0.0	777.2	1685.2	2520.3	3481.2
0.0	652.4	1735.2	2485.0	3308.3
0.0	527.3	1840.2	2543.4	3466.0
0.0	1014.6	1829.6	2525.7	3621.9
0.0	886.9	1806.4	2540.5	3568.8
0.0	955.1	1866.6	2601.3	3423.0
571.4	1236.0	1937.0	2523.3	3356.5
0.0	1155.7	1910.6	2534.2	3413.7
0.0	1154.2	1912.7	2558.3	3443.8
0.0	1074.3	1870.3	2576.5	3371.4
0.0	733.0	1840.3	2540.0	3376.9
0.0	906.9	1907.5	2555.0	3476.0
0.0	517.1	1921.1	2523.5	3418.4
0.0	396.7	1967.9	2606.8	3418.0
173.8	403.4	1946.1	2647.0	3457.2
159.8	406.1	1891.4	2606.8	3413.8
152.9	450.6	1914.8	2610.2	3486.0
151.4	407.8	1935.4	2630.3	3502.3
142.5	417.5	1821.3	2695.2	3450.5
132.7	886.2	1913.5	2975.3	3594.9
110.1	793.2	1927.4	3278.3	3540.5
0.0	935.0	1990.0	2857.3	3688.0
0.0	859.4	1777.1	2632.3	3597.0
0.0	802.2	1803.6	2590.9	3597.4
0.0	859.7	1801.0	2838.9	3489.2
0.0	861.7	1798.0	2771.2	3332.6
0.0	846.6	2021.8	2706.2	3357.9
0.0	789.1	1849.3	2580.7	3362.5
164.4	883.5	1746.6	2584.9	3368.6
118.8	922.9	1794.3	2635.1	3420.0
250.0	875.8	1789.3	2524.6	3365.0
0.0	490.7	1437.0	2145.3	3127.8
0.0	529.0	1112.7	1840.6	2881.5
172.3	588.6	1168.7	1860.4	2837.1
161.9	613.0	1238.6	1895.9	2812.2
157.7	633.2	1265.7	1895.1	2777.4
156.2	634.0	1278.1	1898.1	2763.0
155.6	653.6	1332.6	1936.0	2779.3
153.9	660.9	1380.9	2042.5	2754.2
154.3	656.0	1435.9	2142.3	2722.6
155.4	655.3	1504.1	2244.1	2780.8
155.3	665.2	1561.6	2344.3	2807.3
154.1	694.2	1641.1	2479.4	2944.1
155.4	742.6	1684.9	2528.6	3319.6
155.9	582.5	1652.1	2547.2	3454.9
155.3	462.0	1084.2	2496.3	3465.4
156.8	435.9	1072.5	2519.0	3569.2
155.1	482.1	1064.1	2496.0	3479.2
153.3	361.4	1055.3	2517.6	3248.7
151.3	518.5	1051.8	2435.7	3424.4
149.7	454.2	1077.4	2407.4	3616.7
147.5	590.3	1401.7	2402.0	3599.6
146.9	557.2	1434.4	2485.5	3587.1
145.2	608.4	1444.7	2458.5	3480.7
144.3	608.9	1436.6	2336.0	3317.1
144.7	621.0	1409.3	2340.8	3232.3
144.1	643.5	1315.2	2220.3	3259.8
143.4	666.3	1296.0	2256.6	3255.0
143.9	670.8	1292.9	2212.6	3292.5
144.4	672.0	1276.3	2264.4	3342.5
145.0	670.7	1254.4	2229.7	3294.9
146.1	667.1	1217.5	2189.9	3335.1
147.5	651.5	1188.4	2170.8	3332.7
148.9	626.8	1162.1	2168.4	3343.8
149.9	551.8	1125.5	2096.2	3313.2
149.1	528.6	1093.3	2192.4	3274.0
139.2	266.1	1262.5	2523.0	3373.8
67.0	682.1	1797.5	2616.1	3432.0
69.6	717.1	1841.9	2670.9	3498.8
70.6	721.9	1637.7	2537.9	3578.4
0.0	676.4	1629.4	2544.8	3483.0
0.0	462.8	1678.2	2523.4	3388.8
0.0	604.9	1593.8	2516.4	3417.6
87.0	529.5	1573.7	2451.6	3361.2
0.0	535.0	1442.0	2337.6	3289.4
157.8	554.3	1443.4	2413.7	3067.1
135.7	548.1	1432.8	2387.4	2902.6
129.8	563.6	1346.5	2257.0	2767.0
121.2	561.0	1269.4	2473.8	3018.2
117.4	589.4	1174.1	2416.7	2863.5
117.1	432.2	1060.2	2402.1	2970.5
115.7	413.6	1062.3	2373.8	3059.2
115.4	430.4	1040.8	2309.9	3043.3
115.1	507.7	1056.5	2411.9	2983.4
114.1	507.6	1063.7	2180.6	2754.3
114.1	507.4	1075.8	2352.3	2924.5
114.5	574.7	1017.1	2317.1	3132.2
114.3	604.6	1104.2	2064.1	3167.2
113.5	596.2	1204.3	2133.7	3126.5
112.5	573.9	1300.4	2314.8	3140.6
111.4	575.1	1449.3	2377.7	3140.9
111.0	590.6	1531.3	2368.2	3262.1
110.4	539.3	1502.6	2322.4	3343.4
109.3	430.3	1483.1	2292.2	3118.7
104.4	339.7	1336.0	2368.0	3184.5
106.1	334.6	957.2	2289.1	2991.9
106.1	512.6	1420.5	2471.7	3232.4
103.5	385.1	1416.8	2443.9	3329.2
100.8	747.1	1311.4	2336.4	3363.0
141.2	681.7	1290.7	2361.7	3378.0
0.0	752.2	1778.4	2765.5	3534.9
0.0	720.6	1807.8	2916.3	3714.5
0.0	805.5	1686.5	2847.5	3614.0
0.0	981.0	1841.1	2926.9	3439.2
352.9	1168.3	1824.7	2897.2	3365.2
0.0	1114.8	1655.0	2614.5	3389.9
0.0	848.6	1493.3	2559.6	3306.7
0.0	917.5	1390.9	2523.0	3274.2
400.0	1011.7	1379.3	2292.5	3278.2
0.0	1051.9	1330.2	2363.0	3277.8
0.0	494.8	1163.3	2241.4	3280.3
0.0	478.8	1191.3	2202.9	3309.3
157.4	491.7	1316.7	2211.3	3365.9
157.4	479.6	1367.8	2233.2	3416.4
157.7	464.4	1395.0	2267.3	3409.3
155.8	485.3	1472.8	2296.0	3456.8
148.6	625.6	1496.1	2373.4	3383.6
140.2	845.9	1671.7	2637.7	3406.7
134.1	935.1	1763.5	2626.9	3471.0
69.4	946.1	1687.3	2561.9	3495.5
0.0	988.7	1622.3	2589.1	3443.6
0.0	1176.1	1815.1	2770.7	3469.0
0.0	1017.3	1723.8	2671.9	3439.6
0.0	935.3	1589.1	2552.0	3472.7
0.0	861.8	1545.0	2477.0	3357.0
0.0	807.9	1409.3	2518.8	3365.0
235.3	529.7	1213.9	2577.2	3369.8
0.0	462.8	1173.6	2449.5	3385.5
161.5	479.1	1244.2	2399.7	3453.3
154.1	454.3	1370.2	2327.7	3517.5
150.2	443.2	1617.1	2345.1	3517.9
146.9	426.3	1735.9	2296.6	3552.5
142.9	411.2	1878.4	2343.1	3586.6
137.7	415.0	1869.0	2367.2	3550.6
133.9	541.8	1765.4	2378.0	3465.8
129.0	248.6	1721.4	2448.9	3425.4
120.8	279.7	1726.8	2600.7	3428.6
63.5	308.0	1658.3	2643.2	3462.4
0.0	903.7	1752.5	2697.1	3402.9
0.0	798.8	1666.7	2692.5	3413.6
0.0	804.2	1548.9	2622.3	3433.8
0.0	812.2	1810.8	2685.3	3691.6
387.1	693.4	1885.6	2762.8	3729.9
0.0	774.0	1849.6	2663.1	3567.4
116.5	751.8	1797.9	2648.2	3548.1
74.5	621.7	1744.4	2532.9	3460.3
69.4	452.9	1669.5	2423.3	3528.0
157.0	447.8	1646.6	2410.3	3496.4
143.9	436.5	1633.9	2368.8	3457.3
142.2	440.0	1602.2	2362.3	3470.2
140.3	431.0	1503.5	2362.1	3411.7
137.6	457.5	1436.6	2353.9	3536.3
131.6	415.0	1418.2	2345.8	3582.7
126.3	386.9	1503.6	2434.5	3432.9
121.1	397.3	1428.3	2450.2	3359.9
118.8	416.0	1433.6	2517.1	3392.9
122.4	399.9	1442.9	2458.7	3471.2
122.4	427.5	1519.6	2468.3	3489.1
124.6	414.7	1509.9	2453.1	3466.2
125.0	400.3	1456.9	2358.6	3451.2
121.7	366.9	1421.9	2343.5	3426.3
120.8	252.1	1414.1	2350.1	3418.3
118.2	250.5	1421.1	2392.1	3373.0
119.2	243.1	1449.4	2482.3	3413.6
114.8	247.2	1548.5	2478.3	3437.8
110.5	265.1	1675.1	2533.5	3357.9
105.5	862.7	1718.5	2530.0	3240.6
0.0	663.8	1662.5	2474.2	3370.2
0.0	504.5	1625.9	2475.2	3452.5
0.0	494.1	1604.6	2495.3	3502.6
131.9	507.0	1631.7	2503.1	3562.6
123.7	510.4	1621.2	2508.5	3584.4
120.2	516.2	1628.1	2537.6	3570.0
122.4	511.3	1620.0	2577.6	3670.0
121.7	493.4	1644.3	2560.4	3687.9
121.5	470.1	1654.2	2567.8	3594.7
121.2	470.6	1677.5	2576.2	3666.7
121.1	444.5	1734.7	2650.1	3592.6
123.1	593.9	1661.0	2664.1	3392.2
117.2	236.5	1665.2	2585.4	3344.5
116.1	248.4	1662.4	2533.9	3266.5
118.0	905.2	1827.1	2429.8	3182.8
113.4	864.5	1834.8	2313.1	3006.4
109.1	632.0	1754.9	2444.6	3015.5
0.0	368.1	1687.0	2523.4	3249.5
0.0	401.8	1685.1	2373.7	3301.2
0.0	385.0	1528.6	2324.0	3291.1
115.4	404.2	1349.7	2299.7	3099.5
113.2	422.7	1259.9	1976.1	2899.1
112.1	458.8	1227.4	1961.3	2951.2
109.9	516.0	1191.6	1909.2	2947.6
107.5	518.1	1175.8	1928.0	2930.0
105.7	527.7	1134.3	1992.9	3003.5
103.5	558.0	1107.0	1895.8	2963.9
100.0	563.0	1116.0	1946.7	2899.8
97.4	694.5	1450.7	2574.0	2967.9
96.1	617.5	1415.8	2546.0	3178.3
94.0	540.0	1475.3	2696.3	3244.3
91.4	297.3	1404.1	2792.9	3223.0
90.9	301.5	1431.7	2799.7	3191.8
90.9	1085.3	1693.0	2859.6	3269.8
87.2	873.9	1759.8	2741.4	3327.1
91.0	1021.4	1758.8	2713.4	3365.4
92.9	1097.6	1783.2	2838.5	3373.0
86.3	1070.0	1727.4	2670.6	3407.9
89.6	1076.3	1757.3	2558.1	3480.2
0.0	920.4	1753.4	2685.1	3497.2
0.0	928.6	1657.8	2685.2	3580.7
375.0	1000.6	1967.2	2717.5	3638.5
100.0	1060.9	2011.6	2810.0	3650.0
0.0	1074.9	1853.8	2658.2	3492.6
0.0	1140.1	2031.3	2725.9	3509.0
0.0	1055.7	1994.1	2680.1	3458.7
0.0	1191.0	1899.1	2737.6	3517.9
0.0	939.0	1700.4	2685.8	3544.7
0.0	960.0	1748.4	2590.6	3497.0
0.0	1043.8	1996.2	2741.3	3681.4
0.0	1018.4	1829.6	2733.4	3595.3
0.0	990.1	1648.9	2717.8	3473.2
0.0	663.0	1627.1	2508.3	3403.7
0.0	586.8	1703.8	2504.3	3430.6
0.0	822.0	1703.1	2539.1	3419.2
