0.0	0.0	0.0	0.0	0.0
0.0	0.0	0.0	0.0	0.0
0.0	0.0	0.0	0.0	0.0
0.0	811.7	1539.1	2675.9	3579.6
0.0	815.4	1704.5	2669.6	3486.6
0.0	901.2	1810.5	2732.2	3483.7
0.0	941.4	1703.1	2738.3	3415.8
0.0	919.1	1688.8	2732.3	3411.2
0.0	839.5	1688.8	2675.4	3426.6
0.0	740.6	1624.0	2579.3	3388.2
0.0	736.1	1772.1	2560.6	3412.0
0.0	752.2	1755.8	2509.3	3431.0
0.0	766.7	1615.1	2498.6	3378.5
0.0	699.5	1791.0	2522.9	3488.3
0.0	558.5	1932.8	2665.0	3596.0
0.0	630.1	1936.7	2662.7	3602.2
0.0	687.6	1922.3	2662.3	3533.1
0.0	463.1	1889.0	2624.3	3378.1
0.0	457.6	1895.0	2625.1	3467.5
0.0	469.9	1892.5	2559.5	3429.7
131.7	475.3	1840.1	2582.0	3526.1
127.6	441.3	1762.7	2626.6	3635.6
127.6	526.5	1712.5	2585.4	3502.7
124.1	603.2	1645.7	2589.0	3470.4
119.0	265.8	1567.7	2554.1	3358.9
99.2	812.1	1742.2	2658.5	3422.7
0.0	797.2	1925.5	2764.7	3603.3
0.0	923.9	1949.3	2841.8	3885.8
0.0	894.9	1911.6	2853.1	3820.6
0.0	948.2	1886.0	2744.7	3658.7
0.0	872.1	1680.8	2551.0	3606.2
571.4	794.2	1631.9	2530.0	3569.9
571.4	540.0	1582.6	2460.4	3452.8
0.0	519.1	1526.1	2406.2	3315.1
137.2	597.8	1449.2	2404.2	3334.5
136.6	785.9	1434.8	2471.8	3466.3
107.5	958.8	1724.6	2517.9	3472.5
111.1	1077.2	1744.1	2600.3	3435.8
0.0	1126.5	1758.0	2616.5	3416.2
0.0	1024.0	1837.9	2673.9	3375.1
0.0	950.8	1757.3	2712.9	3378.5
0.0	770.9	1649.9	2644.1	3412.8
521.7	776.1	1670.2	2615.2	3479.3
0.0	921.7	1815.1	2569.2	3400.0
428.6	990.2	1846.1	2489.9	3305.7
0.0	1020.9	1751.2	2408.8	3298.6
94.5	728.6	1572.6	2380.7	3228.9
0.0	563.8	1097.5	1793.4	2966.5
0.0	617.2	1042.4	1794.8	2936.0
128.8	632.6	1047.8	1959.2	2935.9
129.3	694.1	1147.4	1999.0	2949.7
128.2	673.9	1161.2	1860.2	2961.0
124.9	586.2	1041.6	1879.5	2997.8
121.2	598.1	1304.9	1848.7	3042.6
118.6	289.0	1398.1	1981.2	3091.1
117.4	272.3	1423.2	2088.8	3040.6
115.4	345.2	1407.8	2074.4	3046.3
116.1	333.1	1386.7	2092.3	3052.1
116.5	313.0	1381.0	2024.2	3113.3
117.1	305.2	1243.4	2069.5	3102.8
118.8	601.1	1276.1	2143.2	3126.8
122.1	674.9	1446.5	2252.3	3205.6
121.5	712.2	1562.9	2444.2	3218.6
120.9	735.2	1594.8	2530.8	3331.0
120.7	757.1	1605.2	2552.8	3196.5
120.8	783.0	1599.8	2507.8	3087.1
122.5	804.4	1582.5	2195.9	2823.2
123.2	817.7	1540.7	2451.4	2957.5
123.6	817.0	1479.3	2550.9	3061.8
123.7	830.1	1424.0	2470.7	3028.8
125.0	821.0	1345.0	2475.3	2984.5
125.0	839.5	1266.2	2362.5	2933.6
124.6	812.2	1229.1	2492.3	3229.3
124.1	800.9	1199.7	2493.6	3274.0
124.8	759.0	1184.0	2492.8	3341.7
123.0	747.7	1167.8	2567.0	3456.9
122.3	710.8	1153.1	2504.3	3206.6
121.1	688.9	1159.9	2584.6	3268.2
119.8	651.5	1180.3	2612.0	3372.3
119.5	655.5	1230.4	2609.4	3439.7
117.7	632.5	1284.0	2616.9	3263.8
116.1	621.8	1354.3	2635.7	3362.4
114.2	610.7	1425.1	2616.4	3505.7
111.8	589.3	1429.0	2595.1	3523.1
108.8	563.6	1460.1	2545.7	3517.3
106.2	497.1	1473.8	2515.2	3499.5
102.6	365.7	1511.1	2495.8	3416.4
91.6	285.9	1572.4	2555.7	3516.5
88.2	432.4	1668.9	2545.1	3537.1
0.0	450.0	1866.0	2567.2	3428.6
0.0	442.8	1970.5	2626.1	3533.4
99.0	412.8	2058.0	2647.1	3567.5
95.7	401.9	2144.7	2645.2	3453.4
92.0	378.5	2204.6	2622.1	3349.8
90.6	361.1	2228.0	2682.8	3331.5
90.5	358.0	2250.9	2685.4	3546.5
90.5	361.4	2232.6	2729.0	3699.6
90.3	368.7	2228.5	2743.0	3702.0
90.5	369.0	2252.9	2754.8	3674.2
90.6	373.9	2275.0	2727.1	3619.7
90.9	394.9	2279.4	2740.7	3556.0
92.2	368.0	2283.4	2751.6	3565.1
91.1	339.5	2285.1	2738.4	3636.5
90.4	358.4	2308.5	2796.0	3633.5
89.2	372.8	2233.5	2739.6	3385.8
85.7	703.1	2014.3	2726.5	3397.8
64.5	749.5	2075.1	2754.0	3503.7
0.0	698.3	2168.3	2746.0	3421.4
74.1	581.1	2102.7	2758.8	3504.9
81.1	451.1	1434.3	2705.8	3348.4
285.7	553.2	1444.9	2629.4	3291.7
272.7	661.4	1932.4	2703.7	3231.5
244.9	650.3	1770.3	2678.6	3124.1
272.7	677.0	1538.4	2583.6	3249.6
0.0	694.9	1488.4	2626.2	3271.6
0.0	675.1	1784.3	2624.3	3176.8
0.0	751.3	1920.8	2650.8	3159.2
235.3	732.7	1764.6	2630.8	3208.1
134.8	558.4	1440.5	2585.4	3265.9
260.9	505.0	2067.0	2686.2	3398.5
203.4	484.8	2281.8	2853.4	3518.8
0.0	606.6	2287.0	2887.7	3594.3
143.0	517.4	2230.1	2843.6	3618.6
0.0	308.4	2168.9	2846.0	3598.4
0.0	330.1	2214.5	2789.3	3576.1
102.4	346.9	2219.9	2761.2	3550.8
236.4	448.2	2211.3	2688.2	3515.6
103.8	450.6	2181.4	2599.9	3470.5
106.2	437.0	2128.3	2535.9	3402.9
102.4	407.3	2058.8	2490.0	3465.3
101.8	400.7	2005.6	2475.3	3466.4
99.3	400.4	1936.7	2482.7	3446.8
99.2	441.5	1870.2	2519.0	3469.3
97.4	449.5	1839.7	2527.2	3468.9
98.4	526.5	1750.6	2495.2	3505.0
98.5	620.2	1679.0	2478.0	3582.3
94.6	314.1	1687.9	2437.3	3574.1
206.9	326.0	1617.3	2439.3	3461.2
96.7	340.4	1567.6	2446.0	3545.8
96.4	498.6	1546.2	2490.7	3505.6
190.5	566.7	1575.3	2497.5	3258.1
189.7	637.9	1549.2	2459.1	3211.5
92.1	688.7	1544.8	2462.7	3263.2
92.0	742.6	1511.9	2461.5	3246.6
92.5	807.0	1470.6	2488.7	3244.4
92.7	711.4	1407.1	2439.7	3229.4
91.4	729.2	1305.2	2482.6	3195.9
90.5	753.9	1296.6	2534.5	3207.8
89.1	767.3	1241.4	2527.7	3188.7
90.3	810.3	1237.9	2583.0	3204.4
91.1	637.5	1171.5	2613.2	3201.6
92.1	611.0	1129.2	2500.9	3172.8
93.6	745.5	1095.7	2343.9	3173.0
93.7	593.4	1027.5	2260.8	3209.8
95.5	646.5	1015.9	2191.8	3199.8
97.8	719.3	1019.5	2395.2	3207.1
100.0	807.2	1046.8	2545.7	3223.9
100.8	846.2	1148.4	2348.2	3242.1
100.2	916.4	1481.3	2302.4	3261.7
97.4	894.8	1559.1	2311.8	3277.1
104.1	875.3	1664.7	2338.0	3329.2
102.6	845.7	1682.9	2528.5	3456.5
94.2	807.9	1570.8	2486.9	3534.1
93.0	859.3	1620.5	2573.9	3512.5
135.4	917.0	1757.9	2625.9	3473.9
0.0	917.5	1797.4	2587.9	3399.5
0.0	924.9	1753.7	2532.4	3319.6
