0.0	0.0	0.0	0.0	0.0
0.0	0.0	0.0	0.0	0.0
0.0	0.0	0.0	0.0	0.0
0.0	567.7	1735.3	2565.6	3581.9
0.0	688.0	1770.5	2501.9	3358.9
0.0	702.8	1688.1	2326.8	3235.7
102.6	778.2	1713.5	2452.7	3351.5
0.0	780.6	1740.4	2682.2	3427.8
0.0	628.6	1709.0	2657.4	3396.8
0.0	669.9	1688.3	2502.0	3380.6
82.8	727.2	1625.7	2397.8	3365.3
0.0	905.8	1838.9	2717.1	3420.3
0.0	708.4	1666.7	2633.0	3352.2
0.0	692.5	1615.8	2490.9	3325.2
0.0	741.2	1641.4	2394.9	3287.3
0.0	715.2	1595.5	2339.6	3333.3
214.3	692.8	1584.4	2315.3	3381.7
0.0	631.6	1559.6	2383.2	3441.5
0.0	580.5	1542.0	2403.8	3488.7
0.0	550.0	1566.2	2411.2	3468.4
93.0	437.9	1553.0	2358.3	3363.4
96.3	298.8	1503.3	2326.1	3199.8
96.0	379.7	1454.6	2342.1	3153.1
96.8	337.8	1348.8	2335.3	2653.6
96.8	331.0	1170.1	2282.7	2489.9
97.6	303.0	1356.2	2362.0	2998.3
100.0	589.7	1450.8	2459.8	3343.0
214.3	582.0	1489.5	2475.5	3588.6
104.1	615.9	1536.8	2438.9	3454.9
104.3	616.6	1526.4	2435.0	3326.8
106.0	630.6	1509.9	2437.3	3414.6
109.1	608.8	1483.9	2437.5	3495.2
112.7	552.1	1438.3	2429.3	3510.5
116.2	511.1	1374.9	2383.8	3531.5
118.0	494.0	1307.1	2334.7	3469.0
117.6	395.1	1269.8	2305.4	3458.9
120.0	339.4	1285.2	2317.0	3451.5
125.0	306.4	1304.8	2332.8	3422.4
0.0	504.9	1367.0	2278.2	3422.7
136.4	488.3	1386.1	2194.8	3317.0
136.2	455.8	1399.7	2065.2	3209.6
137.4	431.6	1387.8	1929.3	3192.6
137.6	422.5	1379.1	1832.6	3226.2
136.4	394.7	1349.4	1787.6	3238.7
134.8	384.1	1370.0	1799.1	3219.9
131.2	621.0	1671.8	2325.6	3396.0
127.6	731.9	1909.6	2262.8	3299.8
102.7	731.9	1909.6	2262.8	3299.8
99.2	830.1	2026.9	2866.7	3434.0
0.0	677.6	2197.0	2809.8	3441.9
0.0	653.3	2290.5	2914.1	3488.9
0.0	688.9	2254.4	2951.5	3527.0
545.5	560.6	2291.4	3037.5	3417.9
0.0	825.4	2317.2	3163.0	3409.6
0.0	532.7	2294.1	3253.9	3462.6
200.0	681.5	2323.9	3254.4	3557.5
153.8	993.3	2304.1	3244.8	3602.4
79.5	794.1	2265.4	3264.8	3614.7
266.7	696.0	2291.4	3197.6	3484.3
200.0	753.8	2024.9	2652.9	3340.9
73.2	851.2	1469.0	2415.0	3353.4
266.7	752.1	1253.1	2347.5	3219.9
0.0	311.9	987.8	2254.2	2994.2
255.3	554.1	1090.4	2250.5	2851.3
214.3	404.2	983.1	2264.5	2972.0
107.1	553.8	1083.3	2251.5	2826.5
105.3	583.6	1124.1	2334.9	3071.8
108.1	615.3	1162.2	2255.8	2843.8
107.1	622.8	1157.8	2121.1	2898.6
107.3	629.1	1084.7	2078.6	2969.6
108.1	639.3	1058.5	2077.2	2995.3
107.1	651.9	1074.0	2012.2	3052.8
108.1	640.4	1085.1	1968.1	3092.2
109.3	643.5	1097.0	1871.7	3100.6
111.1	627.3	1089.3	1737.2	3157.3
113.0	612.5	1077.7	1675.1	3168.5
113.6	602.8	1077.7	1597.9	3169.1
114.6	573.5	1068.6	1558.6	3182.5
114.7	599.0	1071.1	1529.5	3213.1
113.9	572.3	1054.3	1506.7	3197.4
113.1	560.5	1049.6	1492.9	3192.3
112.3	588.1	1051.0	1502.7	3173.0
111.9	570.0	1039.7	1535.0	3177.9
111.6	571.2	1037.1	1615.5	3125.0
111.3	578.4	1001.3	1747.3	3019.0
109.3	573.5	969.6	1852.3	2917.5
108.2	581.1	947.9	2024.5	2912.5
107.4	581.3	932.8	2112.3	2890.1
105.4	570.6	918.5	2173.2	2870.1
103.7	547.4	891.2	2223.6	2887.2
102.1	531.6	874.0	2251.9	2881.0
100.1	524.9	874.7	2291.4	2862.2
98.8	511.3	862.9	2282.5	2859.3
97.5	501.2	859.5	2231.0	2745.9
96.5	500.2	875.0	2146.3	2872.0
95.8	444.6	1324.4	2219.6	3001.9
91.7	405.6	1115.3	2288.6	3096.8
92.6	403.3	1019.8	2255.0	3107.0
90.5	295.3	1097.5	2294.4	3190.8
90.9	275.5	1143.2	2332.4	3190.0
93.8	283.9	1134.0	2272.5	3280.7
93.8	297.9	1375.0	2303.9	3319.8
88.2	979.8	1626.9	2507.7	3324.3
0.0	1023.2	1614.3	2397.9	3383.4
0.0	992.2	1641.4	2520.9	3508.6
0.0	1005.4	1594.5	2577.9	3441.4
0.0	964.8	1552.6	2294.2	3326.2
0.0	1015.3	1579.1	2127.8	3288.3
352.9	759.6	1472.6	2359.7	3195.7
480.0	670.9	1180.4	2482.7	3345.7
483.8	1086.2	2207.4	2955.8	3468.3
77.5	1073.2	2076.9	2915.5	3487.0
203.4	778.4	1299.3	2825.9	3337.0
0.0	728.3	1226.4	2681.3	3181.2
0.0	771.2	1382.6	2747.7	3254.4
151.9	562.7	989.6	2428.0	3165.6
0.0	484.7	980.0	2298.1	3238.4
0.0	483.8	1031.6	2378.8	3434.4
103.7	494.3	1065.7	2379.7	3385.0
102.5	495.9	1063.1	2425.9	3282.8
101.7	487.3	1065.5	2444.8	3296.7
103.4	484.4	1044.7	2458.8	3339.1
101.7	451.1	1023.5	2454.3	3343.5
101.7	465.3	1027.7	2473.0	3293.0
101.7	630.8	1329.3	2557.8	3277.6
110.0	796.4	1453.1	2874.9	3323.4
84.5	821.1	1736.6	2967.0	3411.0
0.0	984.8	1983.3	3166.5	3699.3
0.0	843.5	1848.8	3099.9	3683.1
0.0	839.8	2059.4	3144.9	3630.6
480.0	776.1	2149.6	3185.9	3573.1
0.0	739.3	2149.6	3158.2	3510.1
0.0	1057.1	2162.5	3116.1	3505.7
0.0	503.2	1300.8	2525.4	3213.3
0.0	511.8	1160.0	2381.7	3120.5
0.0	510.7	1167.9	2340.9	3050.6
98.5	502.3	1162.7	2314.8	3011.1
99.2	498.9	1121.0	2259.7	2993.0
99.2	509.8	1078.9	2191.3	2960.8
99.2	506.7	1014.6	2133.3	2785.3
100.8	456.4	976.9	2105.2	2778.9
101.7	449.2	976.1	2069.8	2827.3
102.6	423.4	906.2	1992.8	3071.5
101.3	582.9	1643.5	2424.1	3440.7
99.0	615.2	1702.0	2641.8	3527.5
98.1	487.4	1590.4	2486.4	3403.4
98.0	449.1	1576.9	2543.3	3413.7
99.0	449.9	1407.3	2476.8	3266.6
99.8	539.7	1336.2	2112.2	3213.7
101.2	429.0	1166.9	1485.9	3207.9
102.5	427.8	1228.6	1502.1	3203.8
101.6	422.8	1306.2	1555.1	3228.4
100.6	448.2	1412.8	1673.8	3214.7
98.4	539.8	1620.3	1827.5	3164.4
90.6	604.3	1654.6	1971.1	3142.1
94.9	786.8	1722.5	2050.9	3183.7
97.8	656.8	1763.9	2219.1	3228.6
100.9	623.4	1754.6	2212.4	3204.6
105.9	558.9	1758.1	2273.6	3244.7
107.0	479.0	1754.4	2349.8	3282.3
109.7	491.4	1756.2	2418.6	3279.3
111.2	447.1	1771.1	2413.5	3299.6
111.3	453.7	1782.7	2410.3	3354.9
109.1	455.6	1787.2	2422.6	3379.0
107.8	443.7	1772.0	2409.6	3428.7
106.7	464.8	1757.0	2410.1	3403.5
105.5	490.3	1737.6	2396.8	3396.1
104.0	500.7	1701.6	2416.5	3418.1
102.6	489.9	1694.5	2436.5	3443.0
100.0	499.9	1682.8	2435.5	3421.6
96.0	517.9	1656.2	2442.2	3440.2
92.3	519.3	1627.7	2441.8	3454.8
88.2	514.8	1605.3	2427.2	3463.9
85.1	506.8	1590.0	2409.5	3473.2
85.1	484.3	1565.6	2403.2	3493.2
84.7	450.3	1504.8	2349.7	3452.5
85.3	275.8	1447.3	2292.9	3439.0
85.9	245.1	1437.7	2277.0	3486.8
86.2	286.4	1412.8	2271.2	3493.2
83.9	404.8	1440.6	2421.8	3508.3
86.8	485.1	1573.2	2538.3	3512.5
0.0	596.3	1640.2	2448.3	3534.3
0.0	674.6	1609.4	2529.1	3521.8
88.9	808.4	1669.0	2502.2	3535.0
94.2	764.9	1686.1	2443.3	3387.5
82.2	773.2	1660.3	2492.5	3329.1
76.9	748.5	1632.4	2507.4	3317.5
176.5	765.0	1597.7	2466.5	3256.1
0.0	706.3	1591.9	2464.4	3324.5
77.9	776.5	1626.9	2503.4	3435.7
187.5	691.8	1604.7	2469.5	3487.0
73.6	648.2	1542.0	2493.0	3529.6
0.0	743.5	1573.1	2494.0	3414.3
0.0	779.7	1616.0	2443.8	3419.9
0.0	831.2	1611.0	2447.6	3355.1
