0.0	0.0	0.0	0.0	0.0
0.0	0.0	0.0	0.0	0.0
0.0	0.0	0.0	0.0	0.0
0.0	522.8	1569.5	2497.0	3466.9
0.0	837.1	1663.5	2635.8	3534.0
0.0	1069.9	1921.3	2766.4	3495.3
0.0	1038.2	1890.1	2756.8	3480.6
0.0	762.3	1703.6	2523.9	3384.1
0.0	802.6	1889.2	2561.2	3395.1
0.0	1158.3	1823.4	2738.9	3443.1
0.0	1047.0	1783.0	2703.2	3479.7
0.0	904.2	1802.8	2690.4	3477.4
0.0	1001.7	1813.4	2667.6	3502.8
0.0	1038.2	1798.7	2696.4	3582.3
0.0	1112.6	1804.1	2705.8	3578.3
0.0	766.3	1719.5	2672.5	3477.7
0.0	562.9	1776.8	2700.8	3379.7
0.0	795.5	1642.6	2590.6	3377.3
375.0	503.7	1068.9	2441.7	3246.6
375.0	491.7	1107.3	2404.8	3155.1
0.0	500.2	1158.9	2371.2	3125.7
106.3	513.9	1233.1	2371.2	3129.9
0.0	513.8	1297.3	2364.5	3151.1
117.6	515.8	1377.5	2356.2	3110.3
114.0	486.5	1435.5	2333.0	3090.3
114.3	475.9	1478.5	2332.3	3230.0
111.9	401.9	1518.8	2302.8	3383.8
93.0	267.1	1513.3	2367.9	3379.8
233.6	576.3	1563.0	2468.1	3355.5
228.9	387.9	1597.9	2525.3	3458.4
111.8	431.2	1641.7	2507.3	3477.9
110.9	444.2	1644.0	2493.1	3345.3
111.9	439.1	1626.1	2519.5	3344.4
111.8	427.1	1606.6	2534.4	3426.2
111.1	414.5	1581.6	2534.6	3472.0
110.7	390.4	1534.2	2547.5	3510.0
110.1	364.5	1565.5	2684.6	3516.5
110.1	385.7	1627.4	2913.0	3443.9
107.1	486.4	2175.5	3076.9	3569.4
111.1	510.1	2276.6	2960.6	3546.3
106.2	548.2	1877.1	2588.9	3168.8
0.0	724.5	1586.7	2464.2	3067.2
107.1	742.0	1874.5	2382.9	3124.9
115.4	415.5	1337.8	2136.5	3107.2
123.7	384.1	1268.6	2180.2	3007.5
121.2	392.0	1272.7	2290.0	3068.8
120.9	459.7	1300.2	2272.7	3047.6
120.5	480.0	1311.8	2334.4	3111.4
119.5	483.0	1355.6	2402.0	3143.1
120.0	489.5	1404.5	2429.4	3099.9
118.9	494.9	1426.3	2487.4	3121.4
118.9	493.8	1435.7	2522.2	3183.8
119.4	486.4	1449.9	2554.4	3346.4
120.7	480.7	1454.8	2577.8	3385.9
122.8	469.6	1466.9	2594.0	3379.2
123.8	426.7	1454.7	2570.4	3426.9
124.7	400.6	1397.2	2579.9	3514.1
123.6	451.4	1426.6	2611.8	3564.1
122.4	487.9	1519.9	2651.0	3638.7
120.0	463.4	1500.3	2679.5	3813.5
120.0	441.1	1518.0	2820.0	3737.0
114.3	430.2	1533.9	2882.9	3616.3
121.2	430.6	1284.0	2580.4	3447.2
123.7	396.6	1242.7	2519.7	3362.2
125.2	399.8	1227.4	2506.3	3340.9
125.2	391.2	1209.4	2483.4	3386.7
124.6	387.0	1162.3	2511.3	3406.0
123.7	368.7	1114.6	2533.0	3424.9
122.5	365.0	1084.1	2524.8	3426.0
122.1	374.7	1072.5	2524.3	3447.4
121.2	421.5	1059.0	2536.0	3468.5
119.0	421.7	1065.7	2558.9	3482.6
118.8	377.2	1070.4	2565.5	3485.0
120.7	381.7	1100.8	2560.8	3441.3
122.4	369.7	1124.5	2546.7	3401.4
122.4	370.9	1126.6	2525.0	3388.6
123.7	373.8	1135.2	2470.1	3394.7
124.2	371.9	1151.7	2453.2	3471.3
125.0	373.6	1171.8	2452.9	3465.6
125.2	369.4	1234.0	2427.0	3336.8
125.4	379.6	1286.1	2414.1	3189.0
124.7	370.9	1369.5	2430.8	3127.9
123.1	365.6	1501.9	2410.5	3103.2
120.3	557.1	1599.6	2620.1	3277.6
115.5	1475.2	2386.1	2947.3	3503.4
106.2	1348.4	2187.8	2754.9	3336.1
0.0	789.7	1801.9	2855.3	3375.6
0.0	614.6	1690.7	2860.3	3390.9
0.0	624.4	1668.2	3006.1	3378.8
116.5	1520.1	2367.6	3195.8	3515.5
89.6	924.0	2099.4	2961.8	3334.2
0.0	1009.5	1863.6	2814.4	3390.1
428.6	876.3	1799.8	3014.0	3421.3
324.3	498.1	1859.3	2971.0	3435.1
0.0	307.8	1985.1	2928.3	3297.4
0.0	522.8	1495.7	2825.5	2854.2
0.0	435.7	1329.5	2378.5	3410.6
116.5	360.8	1197.6	2361.3	3538.5
124.4	359.0	1174.3	2349.0	3560.5
123.4	353.1	1179.6	2347.2	3554.2
120.8	382.0	1174.3	2423.1	3580.9
117.8	396.9	1185.7	2457.6	3573.8
115.4	456.1	1250.4	2482.5	3549.4
112.0	875.3	1413.8	2482.6	3302.6
107.9	764.5	1409.8	2276.5	2879.3
108.1	787.8	1340.8	2264.4	3000.5
110.5	852.0	1462.4	2367.4	3185.6
106.6	817.4	1226.0	2325.7	3279.9
99.0	862.4	1262.6	2412.0	3359.5
95.2	903.9	1365.9	2537.2	3463.7
96.0	876.3	1270.0	2571.2	3493.0
100.0	878.1	1251.9	2418.6	3358.9
0.0	751.9	1106.1	2138.3	2982.6
129.0	635.2	1076.3	2068.8	2964.2
126.3	587.1	1101.4	1990.9	3020.4
125.5	602.8	1127.1	1957.3	3047.4
124.3	608.3	1141.8	1943.9	3053.5
123.3	599.1	1146.6	1909.4	3081.2
122.2	614.8	1178.2	1901.9	3043.8
122.2	601.1	1211.9	1890.1	3029.0
122.1	592.8	1237.8	1872.5	3011.3
121.5	547.6	1221.0	1870.3	2992.0
121.6	517.9	1212.8	1848.7	3030.0
120.7	487.7	1211.0	2264.8	3289.6
119.6	431.6	1174.8	2437.2	3402.6
117.2	496.6	1160.4	2463.0	3469.0
116.5	464.4	1123.8	2531.4	3526.5
113.2	368.2	1127.2	2540.9	3495.9
109.1	331.9	1154.1	2529.5	3491.6
107.1	441.1	1155.7	2586.3	3419.6
0.0	337.5	1232.0	2629.8	3524.8
130.4	349.9	1355.5	2513.5	3596.6
108.1	364.0	1418.5	2395.5	3610.5
0.0	410.0	1572.4	2398.9	3602.9
115.4	384.5	1740.5	2431.7	3612.4
115.4	328.0	1762.0	2430.7	3582.5
114.2	501.8	1759.9	2426.8	3547.9
110.5	527.6	1783.6	2521.1	3689.3
109.1	864.2	1817.2	2932.5	3750.0
0.0	907.3	1793.2	3164.7	4005.3
130.4	925.9	1810.2	3117.4	4229.8
130.4	895.1	1876.1	3021.8	4364.6
0.0	1055.2	1908.9	2960.4	4044.6
0.0	744.2	1787.4	2865.0	3899.2
0.0	839.6	1796.3	2933.4	4050.7
0.0	925.8	1752.9	2860.5	3842.4
0.0	889.8	1751.0	2723.0	3609.3
444.4	586.0	1735.7	2643.3	3533.5
0.0	608.4	1785.4	2551.3	3513.0
75.5	454.0	1827.7	2479.7	3551.7
0.0	453.5	1879.7	2446.2	3551.8
0.0	478.5	1932.8	2454.5	3495.7
117.8	467.5	1983.8	2468.8	3488.2
118.5	494.7	2008.6	2484.3	3486.0
117.9	461.0	2014.3	2457.8	3467.9
117.9	448.9	1956.9	2419.9	3415.7
117.3	439.0	1881.7	2377.9	3189.7
116.2	408.1	1298.9	2187.4	3207.9
115.0	360.9	1195.8	2134.7	3330.5
113.9	296.5	1191.7	2118.2	3327.2
116.5	287.9	1139.8	2134.7	3369.1
116.2	291.9	1130.7	2281.7	3530.5
113.2	335.0	1121.7	2298.5	3539.5
229.6	354.7	1155.2	2329.4	3542.9
110.7	336.1	1727.7	2349.0	3342.2
108.2	1005.9	1933.2	2267.8	3358.3
105.2	695.4	1686.9	2562.6	3521.6
99.2	461.9	1725.0	2470.5	3527.6
0.0	439.9	1767.8	2455.1	3490.2
0.0	435.2	1785.2	2496.8	3469.3
103.7	454.0	1808.3	2487.0	3439.4
105.3	530.3	1798.7	2497.4	3422.4
102.7	724.8	1800.7	2493.2	3415.7
107.2	779.1	1763.8	2514.4	3388.7
105.9	808.9	1778.7	2484.9	3455.3
107.7	669.7	1849.3	2482.6	3529.0
107.4	686.8	1822.1	2491.9	3479.1
106.0	699.7	1765.9	2458.6	3367.1
107.3	719.7	1755.6	2437.3	3385.5
110.4	708.3	1749.2	2481.6	3377.8
112.7	719.7	1662.7	2469.8	3370.0
113.7	681.4	1632.1	2468.6	3386.5
114.5	670.8	1630.1	2477.0	3379.6
113.3	695.0	1552.0	2484.3	3406.2
112.6	713.3	1497.4	2539.7	3377.8
109.9	717.8	1461.0	2516.5	3196.2
108.7	725.6	1371.2	2537.3	3194.8
108.3	721.7	1279.4	2565.4	3362.3
107.3	686.8	1207.4	2576.6	3361.7
105.3	670.4	1130.7	2547.3	3384.4
103.5	668.6	1103.6	2545.3	3406.7
102.5	665.7	1081.1	2568.7	3437.0
101.2	649.4	1051.1	2566.6	3411.2
100.5	609.2	987.5	2558.1	3372.2
0.0	646.1	968.9	2574.1	3369.6
250.0	655.9	943.6	2562.2	3355.5
74.1	454.9	906.0	2455.2	3436.6
67.0	457.6	901.1	2407.2	3427.6
86.3	585.2	1633.2	2460.8	3455.0
131.9	674.2	1727.4	2666.4	3424.4
213.6	720.5	1668.8	2576.4	3306.0
0.0	799.1	1718.5	2596.9	3364.6
0.0	825.6	1747.6	2682.0	3518.3
0.0	834.7	1730.0	2646.3	3536.9
0.0	835.4	1699.7	2630.4	3499.2
0.0	828.4	1643.0	2558.4	3381.1
0.0	634.1	1683.3	2580.6	3382.1
0.0	974.3	1718.1	2762.5	3482.4
0.0	957.7	1814.4	2686.0	3425.9
0.0	791.9	1516.5	2431.2	3503.0
0.0	603.6	1200.3	2454.6	3427.5
0.0	710.9	1229.8	2476.4	3344.6
0.0	757.0	1266.8	2405.5	3443.1
0.0	662.7	1181.2	2361.0	3495.5
0.0	844.5	1321.8	2431.0	3492.3
0.0	832.6	1448.0	2578.2	3646.4
0.0	799.5	1446.1	2598.7	3599.9
171.4	903.1	1576.9	2561.6	3411.8
64.2	949.1	1785.0	2614.2	3341.5
0.0	935.6	1777.7	2665.0	3397.3
0.0	892.3	1756.4	2590.0	3507.6
0.0	840.0	1734.3	2629.4	3496.9
0.0	758.5	1676.5	2650.1	3512.6
0.0	928.9	1910.0	2700.6	3546.5
0.0	805.0	1908.7	2638.0	3553.9
0.0	738.5	1704.6	2544.2	3534.7
