0.0	0.0	0.0	0.0	0.0
0.0	0.0	0.0	0.0	0.0
0.0	0.0	0.0	0.0	0.0
0.0	870.7	1645.4	2313.4	3332.9
0.0	858.2	1741.1	2289.9	3312.9
0.0	768.0	1796.0	2411.7	3318.9
0.0	720.5	1731.3	2478.0	3359.8
0.0	697.9	1732.5	2641.5	3372.0
0.0	674.1	1728.3	2642.2	3422.5
0.0	693.2	1680.0	2633.1	3448.6
0.0	792.8	1765.8	2654.9	3440.4
0.0	893.7	1837.7	2685.7	3444.9
0.0	803.4	1747.8	2726.4	3520.9
0.0	740.3	1708.8	2642.0	3498.9
0.0	462.3	1644.3	2604.0	3522.2
0.0	1013.1	1672.1	2654.9	3549.5
0.0	1093.3	1785.3	2493.8	3406.5
0.0	1002.0	1776.7	2446.1	3344.0
0.0	906.3	1817.2	2671.0	3469.0
0.0	879.2	1852.6	2618.6	3482.7
0.0	696.6	1648.8	2546.1	3498.9
0.0	731.4	1586.2	2509.7	3442.7
0.0	630.4	1652.0	2522.2	3470.7
0.0	621.8	1610.6	2528.9	3468.1
122.4	397.5	1583.8	2447.0	3462.9
0.0	436.6	1618.7	2421.9	3334.9
0.0	454.6	1652.0	2421.0	3280.9
123.6	473.3	1694.7	2448.8	3270.2
128.9	552.2	1726.9	2529.2	3258.2
128.5	539.7	1782.7	2467.2	3281.2
128.8	527.0	1842.2	2511.4	3279.6
130.3	340.3	1898.8	2578.5	3357.0
131.3	324.1	1956.3	2599.9	3296.7
132.2	273.0	2009.3	2617.1	3313.3
135.4	298.5	2067.7	2596.3	3368.6
138.0	292.0	2091.0	2633.5	3397.2
142.1	290.5	2148.3	2737.6	3450.2
147.2	349.5	2126.5	2587.1	3435.0
150.2	374.8	2140.8	2503.4	3463.3
153.6	398.7	2104.7	2366.6	3436.6
155.9	420.1	2045.3	2206.3	3399.1
158.8	467.2	2037.5	2221.1	3387.6
162.0	465.3	1986.1	2231.2	3399.7
164.3	489.7	1902.1	2231.4	3412.8
164.6	501.6	1819.3	2217.8	3326.9
164.3	482.3	1720.1	2228.6	3264.8
164.0	475.0	1618.8	2261.1	3181.1
160.3	484.9	1603.4	2227.1	2985.3
159.1	498.6	1574.5	2153.9	2879.7
155.5	534.9	1513.7	2078.0	2920.3
152.3	503.3	1442.6	2053.1	2989.1
150.6	498.9	1336.1	2008.8	3137.7
145.6	421.3	1318.1	2068.1	3281.3
142.3	258.3	1221.4	2066.3	3282.8
138.5	264.7	1245.0	2068.6	3357.0
131.9	264.4	1393.2	2488.9	3451.1
65.2	348.7	1413.6	2487.0	3486.5
0.0	427.5	1350.9	2214.7	3440.4
0.0	500.5	1204.6	1777.6	3431.5
136.3	488.1	1212.1	1738.7	3389.9
134.1	490.9	1266.6	1745.2	3471.9
134.2	553.6	1332.2	1737.7	3535.9
133.6	518.9	1322.6	1700.0	3548.1
133.5	493.6	1331.3	1675.1	3553.9
134.1	504.8	1366.2	1675.9	3473.2
134.8	480.0	1379.6	1715.0	3449.5
136.2	445.7	1443.4	1755.0	3481.3
136.3	448.0	1569.3	2213.2	3458.3
135.1	711.0	1702.9	2470.2	3444.0
129.2	752.7	1780.9	2634.4	3491.1
125.0	841.4	2052.4	2709.0	3599.7
63.5	832.9	2196.3	2862.1	3780.8
0.0	779.2	2242.0	3020.0	3947.3
521.7	547.8	2198.3	3147.0	4322.4
0.0	537.9	2071.7	3055.7	4274.5
0.0	571.3	1639.0	2765.7	3840.4
0.0	783.0	1717.8	2675.3	3607.9
139.5	384.9	1606.3	2624.5	3557.4
95.2	363.6	1580.0	2622.3	3656.1
0.0	374.9	1620.5	2631.6	3665.8
0.0	405.4	1660.9	2651.3	3601.8
88.0	452.3	1713.7	2656.4	3623.5
293.4	399.1	1727.9	2625.5	3676.2
109.1	405.2	1735.2	2621.2	3634.5
101.7	406.4	1725.4	2614.3	3585.6
129.0	412.8	1735.1	2606.3	3674.1
136.6	414.4	1732.3	2604.8	3639.3
140.1	402.8	1705.7	2628.4	3518.6
141.3	429.1	1692.0	2649.4	3495.2
141.4	439.8	1636.5	2646.4	3517.4
140.4	420.6	1620.2	2658.3	3472.6
138.4	375.8	1578.8	2674.4	3426.0
134.6	440.5	1545.3	2623.1	3532.8
130.4	385.6	1613.8	2645.7	3520.7
130.4	938.7	1675.0	2728.9	3464.6
129.0	590.1	1535.2	2663.1	3454.2
131.9	533.0	1512.9	2644.6	3520.5
131.9	468.2	1529.9	2630.1	3588.7
130.4	478.5	1557.3	2600.9	3500.1
127.1	484.4	1575.1	2564.4	3466.4
121.4	464.6	1621.5	2548.4	3441.0
117.3	458.4	1678.1	2525.5	3405.9
114.2	461.3	1713.4	2516.1	3409.1
112.5	445.7	1751.5	2510.4	3470.5
113.0	442.1	1793.1	2527.5	3429.1
112.1	436.9	1822.0	2530.7	3382.7
110.5	423.1	1862.2	2574.3	3394.4
113.1	684.6	1854.4	2623.1	3420.5
111.1	780.7	1889.9	2702.1	3530.3
134.8	855.1	1871.4	2757.4	3559.4
100.8	895.8	1860.1	2752.8	3539.6
126.3	961.7	1850.7	2797.1	3548.4
0.0	1021.7	1855.5	2719.4	3518.8
352.9	990.4	1816.5	2712.3	3494.5
218.2	1015.1	1748.4	2745.4	3445.8
105.3	982.8	1779.9	2758.3	3453.5
571.4	879.7	1822.4	2728.8	3470.8
571.4	1022.9	2045.8	2760.4	3459.6
203.4	873.6	1904.6	2706.6	3351.8
105.3	595.1	1594.8	2626.3	3371.1
0.0	466.1	1603.3	2650.6	3415.0
0.0	524.2	1610.4	2634.3	3288.6
133.2	534.3	1638.5	2610.4	3284.3
132.3	533.9	1685.2	2610.1	3299.3
131.3	536.3	1715.4	2593.9	3289.0
130.6	534.3	1742.5	2538.3	3223.5
130.8	532.5	1796.5	2532.2	3285.3
130.5	520.5	1840.6	2521.9	3291.6
131.1	516.9	1864.3	2491.6	3269.0
132.3	466.5	1908.7	2494.9	3328.0
137.9	438.4	1913.6	2484.5	3327.3
137.9	437.4	1926.8	2474.8	3401.2
146.3	446.9	1902.7	2438.6	3499.1
146.3	467.1	1720.9	2563.6	3435.7
146.3	569.9	1636.9	2661.7	3380.2
85.7	1073.6	1803.6	2760.4	3383.6
333.3	1015.7	1758.4	2817.8	3353.3
0.0	954.6	1813.4	2821.0	3351.5
0.0	1030.2	1843.1	2672.9	3342.5
0.0	746.3	1728.0	2569.6	3436.8
0.0	525.8	1525.0	2244.1	3366.6
0.0	534.1	1538.9	2155.6	3388.8
0.0	559.4	1569.4	2294.6	3338.8
129.4	592.1	1600.6	2408.1	3421.1
0.0	592.6	1583.0	2244.4	3488.5
240.3	577.1	1558.9	2213.9	3469.2
0.0	554.5	1475.4	2186.1	3374.7
0.0	526.7	1364.9	2204.7	3369.5
109.2	514.6	1375.8	2166.6	3544.9
117.7	276.7	1956.5	2326.0	3875.2
116.4	337.0	1873.0	2334.7	3897.6
114.9	347.8	1758.5	2335.5	3718.6
113.5	816.4	1699.6	2435.7	3685.8
111.1	926.5	1674.5	2472.5	3671.0
111.1	1226.4	2060.2	2513.0	3828.0
0.0	877.9	1679.5	2409.8	3785.6
400.0	799.1	1685.8	2511.4	3614.6
0.0	752.6	1424.2	2307.4	3276.2
0.0	777.3	1391.9	2178.3	3296.9
0.0	883.2	1728.7	2348.1	3627.2
0.0	662.6	1271.5	1823.4	3620.6
0.0	657.4	1222.1	1801.6	3672.1
152.5	658.9	1223.8	1776.0	3711.8
136.1	698.9	1230.4	1791.6	3666.2
132.6	682.0	1221.5	1801.7	3683.3
129.6	741.8	1267.0	1805.8	3701.8
128.0	734.4	1288.7	1839.5	3617.3
127.5	691.6	1267.9	1849.5	3517.8
126.6	680.1	1245.0	1874.7	3535.7
127.0	638.6	1166.1	1889.3	3529.8
126.0	721.1	1611.5	2094.4	3528.2
124.4	661.4	1682.1	2195.3	3542.9
121.4	445.2	1745.0	2241.7	3587.7
252.4	398.1	1770.7	2278.2	3462.9
127.6	271.5	1688.9	2189.7	3314.7
127.8	446.5	1673.8	2223.7	3446.8
255.1	254.5	1627.6	2149.1	3296.2
127.5	592.3	1498.4	2044.8	3209.0
269.6	652.5	1562.6	2105.0	3116.5
262.8	618.2	1646.0	2307.0	3110.1
124.9	610.2	1677.4	2457.5	3200.6
125.0	626.5	1682.4	2509.3	3302.7
124.0	625.5	1709.1	2507.1	3335.2
123.4	612.9	1738.3	2502.7	3349.5
120.4	622.3	1745.0	2481.0	3361.0
120.4	617.5	1739.9	2525.8	3334.5
119.6	609.8	1734.9	2534.2	3310.5
117.5	593.2	1712.3	2537.5	3382.6
0.0	561.3	1678.6	2572.7	3369.6
278.3	570.3	1647.4	2590.8	3259.2
72.0	600.0	1634.0	2589.2	3212.3
140.3	565.2	1602.8	2377.8	3115.5
0.0	460.1	1552.0	2330.7	3113.4
260.9	689.6	1509.0	2325.3	3221.7
0.0	718.9	1476.7	2286.1	3263.3
0.0	837.0	1434.5	2303.9	3250.1
127.7	852.0	1421.4	2569.3	3227.8
131.9	855.4	1344.3	2516.0	3256.1
126.3	913.1	1237.8	2424.8	3372.1
127.7	836.1	1236.0	2560.8	3362.7
123.7	758.0	1198.9	2570.2	3361.3
131.9	710.5	1183.4	2210.4	3135.7
134.8	742.4	1145.8	2069.2	3006.6
134.8	675.0	1142.3	2106.2	3091.4
125.7	685.3	1122.6	2226.7	3198.0
121.5	677.3	1085.9	2276.2	3188.6
120.8	692.7	1061.8	2370.9	3173.0
118.8	658.0	1052.5	2519.3	3191.0
116.5	666.2	1035.6	2471.0	3206.5
116.5	644.8	1018.6	2495.7	3203.0
114.3	649.4	1004.7	2713.1	3285.9
113.2	631.9	971.6	2698.3	3391.2
113.4	632.7	954.0	2740.8	3448.3
112.9	591.7	917.0	2595.6	3426.6
112.1	627.5	910.8	2599.9	3418.4
112.2	711.4	2006.2	2925.4	3558.3
112.0	680.4	2001.8	2927.9	3558.8
110.9	662.1	1961.1	2850.0	3556.2
109.7	521.8	1938.2	2586.8	3450.2
109.3	473.4	1349.7	2117.3	3389.8
108.1	481.4	1316.6	2106.2	3166.2
109.2	567.3	1723.9	2463.4	3275.7
111.2	683.0	1841.4	2551.8	3457.4
110.9	277.3	1361.0	2160.6	3394.3
111.1	258.5	1568.0	2366.7	3371.1
116.5	253.2	1485.9	2428.5	3467.0
123.7	945.3	1621.1	2464.4	3499.8
125.0	976.5	1645.3	2198.2	3356.4
122.4	940.0	1724.1	2344.0	3310.8
0.0	759.3	1621.9	2453.3	3311.5
279.1	867.1	1653.3	2484.0	3421.6
139.5	883.4	1663.5	2468.2	3531.3
142.9	717.9	1621.7	2416.0	3507.9
