0.0	0.0	0.0	0.0	0.0
0.0	0.0	0.0	0.0	0.0
0.0	0.0	0.0	0.0	0.0
0.0	730.4	1705.0	2596.2	3455.1
0.0	759.7	1716.6	2547.0	3389.7
0.0	797.1	1661.8	2506.3	3345.6
0.0	764.5	1565.9	2521.3	3304.1
260.9	857.9	1595.2	2556.5	3425.1
292.7	779.5	1535.3	2511.9	3405.4
0.0	749.8	1596.1	2591.5	3418.0
0.0	808.4	1537.8	2580.2	3378.6
0.0	754.0	1492.7	2487.5	3392.8
0.0	601.4	1600.1	2448.3	3380.7
0.0	930.8	1705.7	2615.3	3378.0
0.0	806.5	1721.3	2574.1	3323.7
0.0	498.8	1581.3	2586.6	3315.4
0.0	667.3	1515.0	2639.7	3441.6
0.0	692.4	1591.2	2705.8	3582.1
0.0	1074.7	1718.2	2733.3	3574.8
0.0	957.3	1737.2	2689.5	3553.6
0.0	821.0	1741.1	2728.6	3463.6
0.0	897.4	1826.8	2776.6	3424.9
0.0	797.9	1624.5	2747.4	3430.0
137.9	630.4	1505.1	2709.1	3460.7
116.5	573.6	1404.6	2682.5	3307.7
0.0	609.6	1369.1	2697.7	3286.0
166.8	654.3	1346.2	2671.3	3178.4
161.6	664.4	1322.8	2638.1	3198.2
163.1	665.3	1340.1	2652.8	3244.1
166.0	658.9	1346.2	2674.4	3272.4
169.0	648.7	1350.0	2580.1	3253.8
172.9	584.9	1267.3	2323.0	3341.4
174.3	360.6	1265.4	2317.2	3553.8
86.3	409.5	1308.7	2315.1	3605.3
184.6	750.2	2067.9	2395.9	3778.2
184.6	229.9	1375.6	2462.9	3460.5
88.9	215.2	1328.1	2562.8	3873.4
90.2	384.6	1454.3	2525.4	3922.5
92.3	858.4	1755.2	2615.2	3881.3
88.9	1072.9	1886.3	2650.0	3725.8
0.0	1142.9	1940.0	2695.3	3599.3
0.0	200.0	1685.1	2717.4	3656.4
0.0	817.1	1847.3	2834.2	3721.6
0.0	618.8	1847.7	2702.7	3538.6
0.0	498.3	1912.8	2552.6	3506.9
0.0	434.4	1998.9	2502.3	3461.2
0.0	423.6	2050.4	2413.9	3429.6
144.3	366.2	2075.2	2360.1	3477.4
137.7	311.8	2069.2	2256.4	3534.2
133.3	325.7	2102.1	2299.1	3535.3
126.1	221.6	2098.4	2319.6	3601.9
122.1	471.3	2104.5	2356.2	3661.1
237.5	371.2	2117.9	2367.7	3652.7
117.7	326.4	2087.0	2326.3	3625.6
116.5	327.3	1976.5	2301.2	3591.2
116.2	320.8	1860.5	2366.2	3496.8
115.3	339.7	1713.4	2426.5	3647.8
111.1	760.8	1553.9	2421.3	3728.0
70.6	887.3	1582.2	2402.6	3654.6
64.9	1080.4	1834.8	2437.9	3492.5
64.9	762.1	1797.0	2593.5	3436.1
64.9	848.2	1713.6	2544.2	3250.8
0.0	854.0	1693.5	2477.0	3248.7
0.0	888.3	1599.1	2526.2	3341.2
226.4	885.3	1452.5	2563.3	3294.3
0.0	489.3	892.4	2636.4	3319.1
153.6	472.7	862.7	2693.3	3224.4
144.6	443.9	832.1	2738.8	3212.4
144.6	442.6	834.2	2765.9	3234.7
143.0	442.7	802.2	2797.0	3177.0
142.9	417.3	789.0	2818.3	3207.1
142.6	427.9	781.1	2864.0	3196.4
142.3	438.5	747.4	2947.2	3319.3
142.7	447.2	737.3	2967.2	3337.2
142.8	421.7	703.5	2960.9	3362.3
143.9	462.6	770.9	2927.5	3299.0
143.9	397.0	927.5	2648.1	3103.1
139.6	311.0	845.0	2273.3	3127.0
136.4	280.1	895.4	2344.1	3353.5
69.7	290.9	975.8	2406.6	3362.3
144.6	325.6	1223.3	2270.5	3213.3
0.0	317.6	1369.1	2273.0	3253.3
134.8	274.7	1323.3	2253.8	3437.8
144.6	288.4	1142.3	2280.0	3446.9
141.2	280.8	996.0	2280.9	3470.5
141.2	302.1	1022.7	2371.3	3245.7
298.7	633.7	1080.5	2572.0	3436.3
283.6	675.1	1131.6	2645.3	3426.4
135.8	710.9	1185.8	2650.1	3431.7
133.0	722.5	1222.9	2612.4	3375.7
130.2	740.0	1253.5	2579.3	3404.5
128.4	720.5	1301.7	2568.0	3422.2
127.9	706.2	1366.0	2588.4	3383.6
127.0	713.0	1391.9	2602.8	3419.1
126.6	679.0	1356.1	2636.4	3454.4
126.2	660.0	1313.4	2675.7	3437.8
125.5	611.6	1235.3	2701.1	3445.1
124.6	513.1	1173.6	2709.0	3420.0
124.8	485.4	1103.5	2762.1	3334.7
125.1	490.5	1045.6	2795.4	3264.9
124.7	475.5	999.2	2810.1	3369.2
124.1	466.1	1001.0	2791.9	3384.9
124.7	468.2	1033.9	2758.8	3352.2
125.5	484.5	1046.8	2742.1	3324.7
127.3	537.1	1144.8	2752.0	3388.6
132.4	583.4	1264.7	2768.2	3404.9
134.0	576.4	1323.4	2714.7	3340.8
135.0	586.7	1357.6	2693.5	3358.7
138.0	589.7	1401.5	2632.6	3398.7
138.9	590.4	1429.9	2570.9	3365.3
139.9	594.3	1461.4	2556.3	3348.7
141.6	584.9	1478.3	2532.2	3306.3
142.0	577.5	1492.8	2492.8	3342.3
142.1	575.3	1517.6	2444.0	3377.4
141.6	561.0	1557.1	2406.0	3469.2
140.9	557.2	1585.2	2392.8	3425.0
139.0	557.0	1595.9	2355.9	3329.2
137.5	543.0	1620.8	2337.6	3343.0
134.8	530.0	1659.4	2335.1	3376.0
132.7	507.1	1677.5	2332.3	3393.2
130.0	490.6	1715.1	2304.7	3446.3
125.1	468.7	1767.9	2255.3	3450.7
121.1	463.2	1784.3	2228.7	3404.8
117.1	409.2	1795.9	2064.3	3388.4
113.7	344.8	1812.9	2013.8	3348.4
110.8	415.5	1853.3	2017.3	3453.1
110.4	224.3	1911.9	2117.6	3589.5
0.0	215.5	1734.8	2145.5	3507.4
80.5	229.3	1420.0	2347.4	3440.7
0.0	724.7	1455.6	2434.5	3685.1
272.7	926.5	1594.6	2433.9	3659.9
153.8	631.9	1628.1	2366.3	3323.3
0.0	744.9	1699.6	2423.1	3421.2
307.7	743.3	1553.5	2445.3	3535.1
88.2	657.7	1514.8	2351.7	3440.3
0.0	989.7	1838.5	2447.8	3533.7
0.0	930.0	1767.5	2499.3	3536.2
0.0	817.8	1687.0	2515.7	3725.7
