0.0	0.0	0.0	0.0	0.0
0.0	0.0	0.0	0.0	0.0
0.0	0.0	0.0	0.0	0.0
0.0	680.6	1766.3	2503.6	3503.5
0.0	814.2	1798.6	2576.4	3496.2
0.0	739.0	1724.5	2522.0	3354.0
0.0	664.9	1669.3	2414.1	3307.1
0.0	677.0	1660.7	2368.8	3302.5
0.0	733.4	1711.1	2358.0	3310.1
0.0	771.2	1768.2	2362.7	3296.5
0.0	728.6	1730.6	2408.8	3317.0
0.0	716.1	1646.6	2489.0	3361.0
0.0	789.2	1684.9	2512.8	3411.3
0.0	663.5	1675.3	2469.1	3320.4
0.0	750.4	1660.9	2540.0	3408.8
0.0	597.5	1794.7	2693.9	3595.9
0.0	910.1	1734.1	2682.8	3598.0
0.0	868.6	1676.4	2630.3	3623.2
0.0	529.1	1660.2	2550.1	3568.5
255.3	580.1	1545.2	2442.6	3384.0
0.0	354.8	1573.7	2476.8	3240.6
111.1	937.6	1734.8	2623.6	3280.1
69.0	888.0	1712.3	2558.0	3359.2
0.0	252.3	1712.7	2491.3	3382.4
0.0	380.6	1597.9	2403.3	3480.3
0.0	418.2	1310.1	2348.7	3791.2
96.7	369.6	1365.7	2315.6	3857.8
120.4	540.9	1618.6	2383.7	3703.5
0.0	565.0	1690.9	2542.5	3706.2
110.2	607.4	1724.2	2557.0	3745.4
108.8	630.1	1721.8	2507.0	3589.5
108.3	647.5	1684.0	2477.7	3503.4
108.5	655.7	1634.8	2409.6	3418.9
109.2	665.6	1581.3	2373.9	3380.2
109.4	672.7	1519.1	2344.1	3356.6
112.9	679.8	1458.4	2317.3	3330.9
115.4	702.0	1405.9	2347.8	3190.9
118.8	683.3	1334.0	2408.2	3265.4
121.2	658.7	1290.4	2479.9	3550.6
127.7	660.3	1285.4	2566.0	3747.6
130.8	631.2	1251.2	2557.4	3791.1
133.5	564.8	1209.8	2479.0	3691.5
133.1	484.2	1196.5	2466.9	3674.2
95.1	604.1	1221.6	2523.4	3649.3
77.3	585.1	1352.7	2519.7	3413.6
141.2	569.0	1341.2	2493.5	3338.0
0.0	508.7	1305.8	2566.2	3501.3
0.0	549.9	1364.0	2544.2	3793.8
139.4	559.8	1432.4	2549.2	3791.9
133.1	576.4	1467.2	2515.2	3671.9
129.0	592.7	1491.2	2450.2	3616.8
125.0	737.3	1531.4	2436.5	3452.9
122.3	739.2	1536.0	2395.0	3343.6
113.2	859.6	1504.9	2303.6	3433.5
108.1	736.6	1498.0	2313.1	3412.7
118.8	592.0	1411.1	2298.2	3347.4
116.5	598.7	1322.4	2294.7	3318.5
118.8	579.1	1327.8	2259.2	3354.4
125.0	607.4	1306.6	2210.0	3346.3
133.3	547.2	1270.8	2192.9	3359.0
133.1	510.0	1254.9	2188.6	3395.4
129.7	492.9	1231.5	2199.2	3466.8
129.5	475.5	1188.7	2216.6	3509.8
130.1	457.1	1127.3	2205.4	3521.5
130.0	442.6	1059.2	2194.2	3639.9
129.1	398.7	954.6	2204.9	3661.5
129.0	401.8	898.0	2233.3	3538.2
122.4	541.3	1484.0	2424.6	3446.1
119.8	369.4	1687.1	2610.8	3527.0
108.1	594.7	1698.9	2604.4	3481.3
66.4	680.9	1700.4	2561.7	3454.1
64.5	906.9	1750.6	2630.6	3551.4
0.0	1004.4	1795.8	2607.6	3511.8
0.0	1027.5	1753.4	2572.6	3503.8
0.0	950.3	1639.3	2599.2	3380.8
0.0	838.8	1629.3	2634.2	3402.9
0.0	773.3	1611.2	2663.4	3521.9
0.0	548.3	1577.4	2505.4	3464.5
118.8	560.3	1691.0	2483.4	3346.8
0.0	1011.6	1608.6	2457.4	3346.5
0.0	985.9	1464.6	2469.2	3362.7
0.0	491.3	991.9	2259.4	3180.5
0.0	478.4	1015.9	2190.6	3189.7
111.2	481.2	1129.9	2178.9	3196.9
114.3	486.2	1223.2	2215.3	3306.4
114.2	472.3	1278.0	2280.9	3520.2
114.3	445.4	1274.7	2312.5	3745.0
115.4	401.9	1249.5	2298.7	3808.1
114.3	386.2	1230.5	2321.3	3687.7
117.6	403.5	1404.5	2594.5	3817.3
115.4	417.7	2136.9	3217.3	4772.3
111.1	847.5	2066.5	3055.7	4352.1
111.1	1129.1	1856.9	2829.9	4051.1
0.0	797.2	1507.9	2568.2	3705.4
0.0	567.6	1365.0	2387.2	3557.4
103.4	572.9	1408.5	2329.1	3481.3
118.8	351.1	1636.3	2502.6	3533.2
127.7	349.8	1637.6	2510.9	3477.8
116.0	1323.4	1689.7	2754.1	3533.0
112.6	898.6	1551.5	2114.4	3484.2
0.0	496.3	1520.2	2097.3	3474.3
0.0	531.5	1458.5	2096.6	3494.5
0.0	570.2	1358.5	2148.0	3409.6
110.1	602.8	1318.0	2185.3	3370.7
107.1	617.2	1250.3	2229.6	3378.5
102.6	632.9	1189.4	2270.4	3338.8
100.8	632.5	1155.6	2284.2	3234.7
98.4	630.7	1125.5	2287.9	3306.4
97.6	631.4	1125.2	2319.8	3344.0
96.0	641.3	1123.4	2401.2	3365.6
94.5	643.0	1128.1	2458.7	3350.0
93.8	644.6	1178.6	2507.6	3329.8
92.3	667.4	1215.1	2560.4	3367.5
92.3	666.1	1218.8	2525.1	3376.4
91.6	676.6	1244.3	2479.1	3395.3
183.4	671.2	1263.6	2503.9	3392.0
90.7	682.2	1296.1	2502.5	3294.9
88.9	662.6	1354.4	2441.5	3244.7
86.4	662.0	1410.4	2377.5	3236.6
85.6	673.4	1443.9	2495.1	3154.2
84.5	638.3	1459.7	2560.3	3254.9
85.9	520.3	1470.2	2600.2	3659.2
85.8	402.3	1437.8	2621.1	3913.8
82.5	357.1	1492.6	2631.3	3969.5
81.4	341.6	1354.5	2611.7	3838.9
83.5	382.3	1440.3	2523.8	3415.8
83.8	357.1	1510.2	2535.6	3310.5
86.3	383.3	1610.7	2544.2	3301.9
92.3	374.1	1819.7	2578.4	3466.4
96.0	590.0	1850.7	2571.6	3538.4
98.4	913.5	1662.5	2537.5	3313.8
88.9	757.1	1605.3	2561.0	3337.6
96.8	763.3	1635.9	2620.0	3454.9
0.0	763.3	1699.6	2636.9	3464.3
