0.0	0.0	0.0	0.0	0.0
0.0	0.0	0.0	0.0	0.0
0.0	0.0	0.0	0.0	0.0
0.0	658.4	1656.7	2471.6	3409.9
0.0	686.2	1614.2	2522.4	3307.3
545.5	702.2	1607.0	2545.2	3355.1
110.1	714.6	1643.1	2629.1	3383.2
120.0	719.0	1589.8	2656.5	3363.6
0.0	589.7	1429.0	2745.1	3475.6
0.0	693.1	1762.5	2754.8	3537.0
0.0	742.2	1727.4	2632.9	3449.6
0.0	739.6	1740.6	2608.7	3475.4
0.0	835.6	1862.2	2541.5	3493.0
0.0	806.7	1891.4	2585.1	3467.7
0.0	638.6	1732.4	2500.7	3452.0
0.0	629.7	1435.1	2488.0	3563.4
0.0	673.4	1357.1	2462.2	3604.5
91.6	622.7	1286.5	2497.5	3549.3
545.5	669.9	1377.0	2549.9	3433.0
0.0	751.0	1530.9	2657.6	3526.6
0.0	650.3	1362.3	2546.2	3459.1
0.0	990.6	1807.8	2659.7	3436.0
0.0	1021.5	1813.6	2747.3	3451.9
0.0	665.1	1529.7	2618.7	3501.3
0.0	745.7	1618.1	2544.1	3391.2
0.0	780.7	1661.9	2517.5	3384.5
0.0	354.4	1168.4	2595.7	3697.5
0.0	368.7	1060.8	2750.0	3877.9
133.5	376.6	1052.5	2795.0	3933.3
121.2	381.2	1104.6	2777.7	3922.0
126.1	393.5	1156.2	2779.9	3890.2
123.7	410.4	1193.1	2785.3	3808.2
126.6	386.8	1102.1	2812.4	3776.1
118.7	401.9	1007.8	2833.1	3758.4
116.7	490.1	921.5	2835.4	3696.4
117.5	498.7	895.2	2854.2	3484.4
127.9	572.3	1003.9	2897.2	3421.0
130.0	596.8	1038.6	2900.9	3319.0
131.2	603.4	971.5	2914.6	3293.0
130.7	635.5	945.1	2964.5	3394.3
134.8	601.1	943.0	2960.9	3401.2
136.1	593.9	932.0	2942.5	3386.0
137.3	588.0	895.3	2927.5	3401.3
137.1	567.3	925.0	2902.8	3337.0
137.5	536.9	929.8	2907.0	3379.4
138.9	488.2	958.9	2912.1	3545.0
139.3	405.6	945.1	2897.6	3534.5
144.5	449.6	977.1	2908.6	3411.6
145.9	442.4	941.9	2911.9	3277.5
146.9	483.3	957.0	2929.0	3192.7
148.5	495.4	963.5	2891.5	3104.6
149.3	527.9	995.2	2860.0	3093.1
151.9	547.2	1022.0	2755.3	3257.7
154.1	554.5	1037.6	2567.4	3294.9
155.8	522.5	994.7	2485.9	3375.1
155.3	455.0	971.3	2399.4	3509.7
153.1	437.2	987.4	2425.7	3393.2
146.2	335.7	1042.6	2524.8	3413.1
73.6	251.9	1120.3	2487.0	3494.9
143.0	236.4	1431.4	2702.2	3530.5
72.2	496.5	1796.8	2791.2	3514.6
145.2	461.3	1843.4	2722.7	3394.4
69.3	735.6	1556.1	2593.2	3261.2
0.0	653.5	1307.1	2522.7	3279.8
0.0	732.1	1238.2	2598.6	3732.1
0.0	679.3	1129.5	2670.7	3528.9
0.0	716.7	1104.1	2730.1	3496.7
149.5	716.6	1107.6	2750.1	3341.6
150.0	710.0	1146.3	2748.9	3299.0
146.8	702.5	1153.0	2767.5	3263.4
145.1	723.8	1196.1	2808.5	3447.4
143.9	724.3	1213.3	2798.7	3447.0
142.5	756.6	1253.6	2793.1	3459.8
141.6	869.8	1331.0	2771.4	3511.9
141.5	789.8	1319.2	2760.7	3326.5
141.9	819.8	1391.8	2754.2	3553.7
141.5	761.8	1424.9	2748.5	3491.3
141.0	706.8	1504.3	2740.9	3477.5
142.0	697.8	1560.1	2720.2	3484.1
142.5	684.6	1598.4	2711.4	3369.2
143.3	679.0	1703.0	2702.4	3472.3
143.6	639.5	1759.4	2691.5	3373.1
143.4	617.0	1771.3	2687.0	3450.8
141.2	599.3	1823.5	2693.7	3451.4
139.8	582.9	1816.1	2683.8	3341.6
137.7	576.7	1863.0	2686.0	3484.8
135.2	565.4	1862.9	2711.9	3462.2
132.2	554.0	1852.5	2746.3	3376.5
129.2	534.7	1894.0	2725.6	3450.9
126.9	530.2	1904.8	2731.3	3515.9
124.3	507.0	1898.1	2680.6	3483.8
121.6	492.4	1926.8	2642.7	3550.0
119.2	497.6	1804.7	2481.8	3538.8
118.2	323.7	1037.3	2182.5	3457.3
115.8	622.3	1739.9	2166.2	3444.3
116.3	401.8	1786.4	2093.2	3538.5
114.5	440.2	1845.0	2054.7	3619.0
113.7	466.2	1700.9	2041.0	3530.2
112.9	492.4	1993.2	2219.6	3410.5
110.8	513.8	1952.7	2455.5	3442.2
106.8	404.7	1855.2	2450.1	3432.2
107.3	358.6	1629.7	2480.4	3383.1
69.4	1065.9	1757.2	2572.0	3405.0
0.0	993.7	1777.9	2194.8	3314.1
0.0	412.5	1761.4	2167.0	3429.0
0.0	440.0	1725.6	2211.2	3378.2
0.0	422.3	1700.8	2158.7	3363.7
0.0	420.7	1697.6	2144.7	3378.0
115.4	421.4	1693.4	2171.2	3335.1
118.0	434.1	1694.3	2298.5	3397.2
117.6	428.3	1696.6	2465.6	3322.0
116.8	388.0	1662.4	2603.5	3284.3
115.9	289.1	1613.1	2792.4	3430.8
127.7	247.3	1580.9	2506.6	3402.3
110.1	245.4	1597.5	2512.7	3453.0
108.5	249.3	1564.7	2577.0	3452.6
108.1	272.2	1547.9	2564.3	3436.0
107.4	324.8	1605.3	2501.4	3371.9
107.7	234.6	1604.7	2527.2	3377.3
108.1	677.6	1772.8	2453.1	3487.6
110.3	626.0	1617.2	2352.5	3585.1
112.8	326.9	1314.0	2424.0	3663.3
115.6	369.9	1325.5	2440.3	3599.6
114.4	521.7	1498.7	2562.4	3300.7
122.1	564.6	1496.9	2628.7	3241.9
117.6	594.5	1459.1	2584.2	3285.9
116.3	638.9	1404.0	2539.5	3327.5
116.7	653.7	1382.1	2583.6	3380.1
115.2	651.3	1366.9	2619.7	3387.9
115.1	655.6	1369.6	2652.0	3378.8
115.4	658.8	1378.7	2621.2	3314.4
115.9	663.6	1404.3	2588.9	3324.0
116.2	651.1	1444.3	2559.2	3384.7
116.5	650.4	1457.5	2536.7	3372.8
116.2	652.1	1478.8	2510.8	3339.9
115.4	635.5	1519.6	2485.9	3381.0
113.6	615.9	1580.2	2465.1	3389.9
111.8	610.3	1649.4	2454.1	3364.4
110.3	598.6	1772.1	2489.3	3363.8
107.4	578.9	1781.2	2530.1	3346.8
104.2	554.7	1800.8	2563.6	3341.7
100.1	525.8	1852.9	2617.0	3399.8
94.7	481.3	1880.5	2671.3	3434.0
0.0	449.9	1874.8	2620.3	3525.7
84.0	382.4	1827.2	2545.1	3680.5
71.7	587.7	1821.2	2514.5	3687.4
171.5	639.8	1788.0	2449.5	3598.3
70.4	376.2	1729.4	2403.5	3453.0
0.0	356.2	1785.9	2430.7	3422.5
0.0	675.3	1910.8	2485.2	3605.3
0.0	465.0	2006.6	2611.0	3675.1
0.0	489.8	2067.5	2688.0	3692.1
0.0	507.6	2048.6	2678.8	3528.9
101.2	654.2	2026.4	2630.1	3386.7
0.0	678.6	1995.1	2591.2	3423.8
468.8	639.2	1970.0	2616.2	3459.1
75.2	640.2	2008.7	2655.0	3567.2
439.5	666.0	1990.5	2668.0	3589.2
92.2	556.8	1926.8	2634.1	3485.9
93.3	495.2	1879.3	2636.4	3516.1
0.0	463.2	1852.2	2618.1	3582.1
114.7	452.1	1823.2	2564.9	3609.0
110.3	427.0	1795.7	2561.4	3595.2
108.8	438.7	1757.8	2588.4	3540.1
104.4	418.9	1737.8	2627.9	3548.2
102.5	415.8	1694.9	2589.3	3556.6
102.1	414.5	1648.6	2621.7	3521.5
101.9	399.4	1630.1	2818.6	3543.0
98.4	428.5	1668.8	2939.7	3553.1
95.2	832.8	1846.0	2943.8	3488.9
89.6	1244.9	2486.9	2860.7	3523.4
0.0	486.6	2295.8	2788.3	3492.9
400.0	693.3	2149.2	2790.2	3485.2
266.7	765.3	1895.9	2581.4	3431.3
74.5	1147.0	1997.1	2410.5	3338.4
0.0	1219.4	2041.2	2234.0	3318.6
0.0	738.5	1563.3	2619.7	3367.4
428.6	719.5	1561.7	2657.4	3415.3
0.0	725.1	1522.6	2574.3	3544.0
0.0	517.2	1394.5	2463.5	3473.0
0.0	517.6	1191.6	2361.4	3208.3
0.0	451.6	815.6	2352.7	3093.6
110.4	453.5	803.7	2502.4	3186.2
110.0	451.2	758.4	2533.9	3307.7
109.2	449.7	769.4	2482.4	3260.2
109.9	458.1	791.9	2453.9	3209.2
110.4	473.6	815.7	2443.4	3248.5
112.1	483.3	876.3	2333.9	3256.8
113.4	483.0	956.7	2255.7	3276.5
114.7	496.5	1052.2	2208.3	3271.4
116.3	488.9	1167.7	2089.8	3184.2
115.5	471.6	1265.5	2049.8	3161.9
114.3	462.6	1388.6	1840.5	3142.9
112.6	431.6	1504.0	1944.8	3133.8
110.1	428.9	1585.1	1994.2	3149.2
108.0	414.5	1716.6	2026.0	3241.3
107.1	512.3	1789.8	2327.6	3269.3
105.5	855.1	1796.8	2451.7	3324.7
107.5	717.3	1836.7	2517.8	3428.7
0.0	741.8	2102.6	2813.0	3420.0
0.0	780.5	2079.1	2808.3	3360.3
521.7	854.6	2066.9	2737.4	3384.0
0.0	840.9	2164.6	2739.9	3409.5
400.0	643.6	2219.2	2778.1	3389.6
0.0	906.2	2183.0	2728.5	3381.7
0.0	595.1	2057.2	2708.2	3456.9
0.0	780.9	2181.5	2791.8	3430.7
85.1	1031.2	2382.2	2961.1	3465.2
69.8	871.3	2368.1	2942.9	3454.5
0.0	515.8	2393.1	2846.5	3461.3
0.0	1122.7	2453.7	2937.2	3452.2
521.7	555.6	2351.9	2752.8	3397.6
292.7	789.4	2367.4	2784.5	3367.6
230.8	545.3	2422.4	2830.4	3398.3
0.0	679.0	2205.1	2671.1	3473.4
0.0	870.4	1938.8	2510.2	3362.0
157.9	649.1	1803.9	2394.8	3302.6
106.2	414.3	1657.9	2338.9	3234.6
0.0	410.8	1604.7	2168.1	3152.5
118.7	444.0	1514.1	2080.3	3223.4
119.1	464.3	1449.9	2072.0	3229.4
119.5	470.7	1407.5	2089.1	3207.5
118.8	474.9	1372.2	2099.1	3248.0
118.1	483.0	1336.1	2077.4	3246.7
117.7	491.7	1277.6	2077.9	3197.9
116.2	497.3	1258.7	2082.4	3255.9
112.8	513.1	1266.6	2093.0	3228.9
110.2	520.1	1267.8	2098.6	3082.7
105.2	524.6	1257.2	2084.1	3116.3
101.1	524.1	1245.8	2092.6	3153.3
97.1	581.3	1260.4	2096.6	3202.5
89.9	662.9	1291.3	2129.7	3284.2
99.5	867.4	1275.1	2361.9	3445.2
88.6	928.4	1288.6	2506.0	3474.2
0.0	758.6	1494.5	2506.0	3392.4
0.0	722.5	1614.8	2468.3	3340.9
0.0	791.9	1680.7	2609.9	3452.7
0.0	304.6	1296.9	2563.6	3405.3
0.0	1000.1	1609.2	2554.0	3543.8
0.0	805.5	1577.1	2287.1	3565.2
0.0	645.3	1661.3	2288.9	3506.8
0.0	599.4	1712.6	2324.6	3597.6
500.0	658.1	1595.4	2301.4	3390.4
0.0	576.1	1668.3	2337.3	3163.9
0.0	676.5	1679.3	2349.5	3232.8
0.0	698.0	1694.4	2352.7	3300.0
164.4	700.9	1669.6	2307.4	3172.1
86.3	710.8	1626.0	2326.3	3284.7
69.8	683.6	1649.2	2415.1	3333.3
144.6	677.5	1659.0	2287.0	3306.3
63.5	647.9	1590.2	2329.6	3203.5
0.0	725.9	1534.8	2308.0	3176.3
0.0	715.4	1574.2	2227.6	3277.7
75.9	689.5	1604.0	2356.8	3317.1
0.0	665.3	1573.1	2351.4	3384.6
0.0	729.7	1609.7	2428.7	3373.2
0.0	726.6	1754.5	2564.6	3399.3
0.0	796.5	1890.8	2601.8	3381.9
