0.0	0.0	0.0	0.0	0.0
0.0	0.0	0.0	0.0	0.0
0.0	0.0	0.0	0.0	0.0
0.0	699.7	1684.1	2658.7	3392.5
0.0	775.8	1695.7	2560.5	3353.6
0.0	847.1	1763.1	2559.7	3404.0
0.0	791.1	1665.9	2592.8	3461.6
0.0	766.2	1759.8	2601.7	3456.2
0.0	725.7	1779.1	2571.5	3430.6
0.0	794.5	1763.2	2500.8	3447.5
0.0	993.6	1899.7	2645.1	3559.5
0.0	825.1	1702.6	2596.8	3458.9
0.0	900.7	1761.9	2683.3	3480.0
0.0	837.4	1650.6	2491.0	3521.1
0.0	413.2	1550.5	2435.4	3389.2
0.0	254.8	1507.5	2437.2	3145.2
0.0	200.0	1488.6	2426.0	3088.0
0.0	289.1	1369.4	2384.8	3224.8
158.0	311.0	1300.3	2322.8	3231.1
131.9	303.5	1240.1	2281.7	3221.9
70.3	299.1	1270.8	2240.7	3261.1
0.0	626.1	1505.3	2477.9	3349.4
143.0	636.4	1681.0	2579.0	3422.9
139.0	614.6	1733.4	2586.5	3511.9
137.3	607.4	1779.7	2612.2	3545.0
138.0	593.8	1837.4	2647.9	3583.3
138.2	565.1	1905.8	2646.4	3586.0
137.4	532.8	1951.8	2655.7	3640.6
136.4	522.7	1969.7	2647.7	3605.2
136.5	446.2	2003.8	2603.6	3614.5
138.3	397.7	1986.8	2557.1	3582.9
139.4	382.9	1916.4	2452.6	3509.0
138.5	437.7	1637.3	2399.7	3519.5
135.4	262.9	1168.2	2389.6	3429.6
127.4	257.6	1129.3	2257.9	3339.7
64.2	262.4	1152.1	2304.4	3430.4
127.0	301.3	1255.6	2382.6	3465.2
123.4	341.0	1878.1	2367.0	3481.6
125.0	304.2	2093.2	2441.8	3581.5
125.1	316.5	2212.1	2506.8	3582.1
124.1	275.9	2246.5	2619.9	3591.1
123.1	311.2	2333.7	2766.3	3622.3
121.7	391.4	2341.9	2902.3	3657.0
120.7	314.6	2330.0	2931.7	3686.4
119.3	327.0	2298.0	2855.7	3700.2
118.4	340.4	2210.0	2630.0	3690.5
120.4	220.0	1740.8	2600.5	3503.9
109.2	250.7	1531.3	2453.9	3325.2
123.7	290.4	1366.1	2478.3	3364.1
123.7	666.4	1555.7	2551.3	3433.0
0.0	974.8	1751.1	2688.9	3471.0
0.0	916.9	1732.6	2682.4	3341.2
0.0	897.2	1703.2	2707.5	3362.3
0.0	896.1	1708.3	2662.7	3306.7
0.0	783.9	1928.6	2807.0	3251.8
0.0	779.6	1946.9	2738.5	3319.7
0.0	1086.6	1885.9	2596.3	3461.8
500.0	1015.5	1732.0	2460.3	3412.4
0.0	937.0	1600.3	2431.1	3401.9
157.9	1178.8	1679.3	2511.4	3402.9
152.1	1091.1	1578.0	2474.2	3209.2
110.1	1001.0	1470.5	2444.1	3172.8
0.0	960.9	1423.8	2343.1	3211.0
66.3	699.4	1427.0	2328.6	3338.7
0.0	449.7	748.5	2243.1	3439.0
153.8	450.4	742.2	2356.9	3494.4
146.2	529.9	763.9	2467.5	3444.8
150.4	557.1	813.4	2389.0	3302.2
149.6	566.9	881.9	2345.2	3333.9
147.4	593.8	951.7	2190.7	3251.1
146.7	590.9	1064.4	2117.8	3244.5
145.9	587.0	1166.0	2096.5	3063.4
146.6	601.8	1271.7	2107.3	2895.8
147.1	601.7	1401.9	2075.9	2829.6
144.9	589.0	1545.6	2226.5	2761.3
145.6	699.4	1659.3	2505.3	2820.3
145.3	567.3	1692.3	2446.4	2822.1
144.7	505.0	1670.0	2362.2	2789.9
143.9	281.3	1604.2	2624.8	2646.9
144.6	287.7	1574.0	2274.3	2827.4
146.8	282.8	1723.6	2327.0	2834.4
146.1	469.0	1974.9	2551.2	2857.8
146.7	453.9	2084.0	2701.2	3310.0
150.7	445.8	2172.1	2752.8	3473.1
152.9	300.3	2253.0	2822.6	3678.0
156.1	302.2	2337.2	2848.4	3766.7
157.4	470.6	2314.6	2819.4	3711.6
160.2	456.5	2282.9	2791.6	3728.7
161.1	426.8	2304.8	2783.6	3770.0
162.6	425.2	2272.4	2817.9	3618.0
164.0	407.4	2487.1	2965.3	3612.7
166.4	735.3	2437.3	2871.7	3608.6
168.2	818.1	1699.8	2688.1	3223.5
169.8	349.3	1536.6	2695.2	3118.3
171.7	200.0	1617.3	2705.8	3183.2
87.7	200.0	1565.9	2682.9	3237.6
88.9	200.0	1462.4	2602.9	3161.2
176.2	209.6	1594.7	2573.7	3136.2
184.6	773.0	1715.2	2602.2	3174.8
205.0	860.8	1702.8	2598.4	3166.6
67.0	832.7	1612.4	2488.9	3338.6
0.0	579.0	1621.0	2503.4	3299.1
0.0	606.3	1593.2	2464.5	3315.3
0.0	692.3	1579.3	2342.0	3318.0
0.0	735.7	1614.8	2455.4	3294.8
0.0	761.0	1578.4	2441.9	3343.1
0.0	741.3	1637.3	2441.8	3248.9
0.0	677.7	1603.2	2456.8	3299.7
0.0	395.9	1543.5	2496.5	3349.0
76.9	468.2	1625.0	2490.8	3299.8
82.8	449.3	1704.5	2585.0	3411.8
0.0	856.9	1673.7	2596.6	3423.5
0.0	896.2	1718.2	2491.2	3294.2
0.0	962.3	1900.0	2517.2	3341.2
0.0	892.5	1923.9	2594.5	3391.6
0.0	823.7	1782.0	2526.4	3351.5
64.5	890.9	1723.9	2615.8	3431.8
0.0	874.5	1869.0	2590.4	3487.4
0.0	872.8	1846.8	2615.1	3492.0
0.0	1039.4	1784.3	2727.9	3524.7
0.0	993.0	1790.3	2641.5	3447.1
0.0	879.5	1699.2	2551.3	3391.6
0.0	784.9	1588.3	2554.3	3426.7
0.0	721.5	1790.6	2584.8	3515.7
0.0	628.3	1774.1	2590.5	3588.9
0.0	524.0	1540.2	2513.7	3662.1
0.0	546.9	1507.4	2451.9	3659.5
139.3	554.5	1480.1	2391.0	3588.0
135.3	571.7	1460.0	2274.9	3418.2
132.4	559.4	1421.0	2145.6	3302.8
132.6	562.1	1372.3	2087.8	3217.3
131.9	553.9	1314.2	1989.4	3158.0
131.1	558.8	1273.1	1885.7	3171.9
131.2	544.9	1263.7	1810.3	3200.9
131.7	553.9	1260.5	1779.4	3186.3
131.4	554.8	1253.6	1742.0	3182.0
132.1	551.9	1277.1	1718.2	3178.7
132.7	533.7	1307.3	1716.1	3172.9
132.7	495.6	1340.0	1703.1	3148.3
133.8	472.9	1358.2	1717.6	3095.0
135.8	428.6	1402.2	1751.7	2961.8
135.3	431.8	1550.3	1772.0	2778.2
136.1	567.9	1601.0	1803.0	2759.9
133.2	302.3	1608.5	2289.0	3147.7
66.0	291.4	1662.4	2324.4	2820.0
151.0	405.8	1862.9	2391.8	2994.5
130.4	434.4	2042.4	2687.4	3634.2
134.9	381.2	2115.5	2802.2	3747.7
147.7	371.0	2181.0	2839.3	3754.6
148.1	343.8	2247.4	2834.2	3811.9
152.4	333.6	2290.5	2711.1	3878.8
154.9	356.1	2354.3	2651.6	3904.3
156.5	336.7	2412.0	2741.1	3845.7
157.3	285.5	2425.2	2791.7	3812.1
158.2	256.7	1484.4	2622.8	3371.4
158.8	211.5	1647.7	2681.0	3355.3
160.0	200.0	1608.8	2647.6	3154.7
153.8	208.8	1588.9	2693.8	3163.2
157.9	200.0	1482.4	2680.9	3207.4
171.4	838.9	1557.5	2690.8	3331.2
176.4	897.2	1686.4	2772.5	3172.6
91.6	777.8	1684.0	2717.3	3028.9
0.0	810.4	1777.8	2751.9	3182.9
0.0	835.8	1753.2	2763.3	3273.7
0.0	841.9	1651.3	2721.0	3071.4
0.0	837.4	1638.2	2647.7	3023.7
0.0	787.6	1597.0	2582.1	3072.7
0.0	820.1	1586.2	2571.0	3152.3
0.0	958.6	1629.8	2642.0	3246.8
109.1	993.1	1773.1	2589.9	3283.4
0.0	919.1	1875.1	2586.2	3249.6
134.8	832.8	2131.9	2629.1	3429.6
0.0	789.9	2168.0	2582.9	3306.4
0.0	728.1	2066.0	2625.7	3321.4
0.0	567.5	2003.2	2479.8	3245.4
0.0	1130.1	2144.5	2617.9	3351.0
0.0	909.0	1901.7	2641.1	3488.1
0.0	492.0	1831.2	2432.9	3519.3
292.7	494.7	1676.1	2428.7	3320.6
0.0	578.4	1705.5	2476.5	3402.4
0.0	697.2	1713.6	2457.2	3484.8
0.0	679.7	1683.0	2246.0	3440.2
0.0	652.1	1647.9	2145.4	3279.4
0.0	672.2	1652.2	2386.5	3316.3
0.0	708.3	1653.9	2546.4	3345.4
352.9	842.6	1688.3	2501.5	3370.6
0.0	783.9	1734.2	2457.9	3496.6
0.0	873.4	1735.9	2554.3	3516.5
0.0	900.8	1668.3	2651.8	3425.3
0.0	969.3	1635.8	2617.2	3472.4
0.0	854.7	1573.0	2506.7	3486.3
0.0	720.4	1607.3	2492.0	3436.8
0.0	696.5	1676.6	2499.6	3444.2
0.0	755.8	1689.9	2557.4	3420.9
0.0	776.4	1561.2	2484.8	3358.3
0.0	844.6	1592.5	2503.7	3473.9
0.0	874.4	1693.0	2615.1	3524.7
0.0	688.7	1616.4	2573.3	3455.0
0.0	793.0	1654.2	2581.2	3509.1
0.0	823.7	1749.2	2557.1	3515.8
0.0	287.5	1773.8	2442.8	3485.0
0.0	410.4	1831.1	2411.9	3519.7
181.5	418.1	1866.7	2474.1	3529.4
170.5	440.4	1872.2	2517.0	3554.3
169.8	444.7	1881.2	2504.9	3553.2
171.0	448.1	1875.9	2491.2	3533.2
170.9	477.4	1846.7	2520.1	3525.5
170.3	498.3	1833.4	2500.8	3555.1
170.5	478.8	1781.7	2456.8	3540.7
167.4	425.0	1689.3	2404.2	3472.6
162.8	689.3	1750.2	2568.4	3454.9
158.7	801.1	1844.7	2573.6	3490.0
78.3	837.5	1780.8	2556.3	3508.1
64.5	943.0	1771.3	2665.3	3456.7
480.0	955.3	1841.7	2717.5	3510.5
428.6	950.0	1945.5	2668.7	3531.9
87.0	1014.7	1917.2	2720.0	3411.2
0.0	856.9	1684.8	2594.0	3383.4
187.5	820.6	1681.2	2662.1	3399.5
72.7	926.5	1818.8	2712.7	3490.1
69.0	968.9	1862.2	2662.1	3469.5
0.0	645.0	1729.8	2476.6	3333.5
0.0	884.2	1815.9	2686.1	3518.4
0.0	884.4	1946.1	2755.8	3652.2
0.0	391.3	1997.4	2716.6	3636.4
0.0	352.0	2075.5	2756.9	3607.8
0.0	347.6	2141.5	2794.0	3605.1
65.7	335.3	2181.5	2796.4	3597.6
65.4	316.0	2216.5	2794.2	3531.5
63.5	314.7	2245.6	2808.3	3553.5
120.2	321.9	2308.1	2786.9	3555.4
127.4	354.6	2348.0	2805.5	3549.9
127.3	397.0	2318.1	2808.4	3645.6
136.5	425.7	2214.3	2724.5	3639.4
133.1	1101.3	2201.9	2760.0	3338.8
130.3	706.7	2092.3	2693.8	3183.9
68.2	600.6	2024.0	2660.0	3333.4
69.0	669.2	2007.7	2642.0	3415.6
144.6	759.6	1962.2	2643.8	3362.4
74.5	762.7	1911.0	2622.4	3451.7
110.1	796.8	1791.5	2598.5	3379.5
0.0	838.8	1671.6	2568.4	3416.0
0.0	670.7	1756.6	2472.1	3295.7
0.0	633.0	2014.0	2583.6	3323.9
0.0	999.0	2093.1	2562.1	3369.2
