0.0	0.0	0.0	0.0	0.0
0.0	0.0	0.0	0.0	0.0
0.0	0.0	0.0	0.0	0.0
0.0	619.4	1749.9	2692.4	3353.0
0.0	639.4	1696.5	2662.4	3295.5
0.0	892.0	1858.3	2730.6	3410.9
0.0	847.4	1946.7	2674.0	3383.0
0.0	866.3	1844.8	2640.4	3369.1
0.0	961.3	1762.9	2644.8	3505.1
0.0	825.9	1800.3	2692.5	3504.0
0.0	902.4	1839.5	2758.0	3394.2
0.0	1178.8	1973.3	2879.8	3536.9
184.6	1099.5	1801.5	2579.3	3430.5
0.0	821.7	1820.3	2603.3	3367.0
75.0	817.3	1789.9	2649.4	3466.8
176.5	855.9	1839.7	2706.4	3437.4
155.8	200.0	1583.8	2510.3	3325.6
166.7	844.0	1719.2	2657.0	3415.4
160.0	534.9	1739.8	2606.6	3710.3
0.0	563.1	1737.1	2595.1	3857.4
152.5	601.3	1734.6	2589.6	3804.6
153.0	614.3	1714.3	2572.4	3761.7
150.9	612.4	1723.9	2536.5	3707.3
151.6	614.1	1742.1	2561.0	3677.5
150.3	597.5	1757.3	2592.5	3677.4
150.5	588.6	1787.0	2604.8	3570.3
149.8	570.9	1744.6	2611.8	3195.4
151.7	549.8	1660.3	2533.3	3082.7
148.1	684.0	1637.8	2532.0	3273.2
80.7	247.4	1710.8	2633.4	3451.4
63.5	613.8	1667.8	2605.4	3494.1
0.0	776.7	1750.1	2719.3	3409.2
0.0	756.0	1676.3	2607.7	3312.4
184.6	770.9	1682.6	2563.2	3312.9
0.0	832.7	1765.4	2562.2	3275.6
0.0	957.3	1865.1	2541.2	3324.9
0.0	1022.5	1789.8	2533.7	3363.7
0.0	837.8	1763.3	2732.7	3534.9
0.0	757.4	1863.7	2749.9	3555.6
480.0	701.2	1853.0	2729.9	3603.7
0.0	709.8	1793.0	2735.6	3682.1
90.9	781.8	1731.7	2671.4	3777.1
0.0	790.4	1797.6	2627.6	3716.1
0.0	746.7	1760.1	2642.4	3603.9
0.0	560.9	1666.3	2604.1	3444.3
181.9	560.9	1639.8	2563.9	3564.7
181.8	551.9	1626.0	2578.1	3575.7
182.4	572.8	1613.5	2527.3	3495.3
181.9	556.3	1596.8	2467.3	3515.2
179.4	547.3	1612.7	2461.9	3530.5
174.7	532.0	1641.6	2417.9	3339.2
173.6	511.7	1656.0	2560.1	3644.1
170.7	478.1	1671.4	2614.6	3546.0
165.5	447.6	1699.8	2703.3	3596.7
158.0	461.3	1766.7	2631.6	3447.0
146.2	711.8	2020.8	2709.3	3503.7
150.0	737.7	1837.5	2761.5	3538.7
0.0	770.9	1914.9	2792.0	3550.6
244.9	1140.7	2286.7	2993.1	3552.5
0.0	661.1	2047.4	2929.7	3553.4
226.4	1219.9	1910.7	2784.9	3475.8
387.1	857.5	1882.2	2834.9	3373.7
85.7	1077.4	2136.6	2992.2	3443.1
0.0	733.7	2173.5	2995.0	3474.5
0.0	705.2	2360.1	2995.3	3431.3
0.0	1218.1	2273.4	2973.0	3417.6
144.6	1157.3	2022.5	2908.9	3366.0
103.4	942.2	1958.0	2833.1	3419.0
121.2	849.4	1743.2	2637.5	3430.6
0.0	849.4	1743.2	2637.5	3430.6
0.0	648.6	1723.9	2741.4	3336.2
0.0	556.8	1573.2	2627.0	3270.3
0.0	554.6	1470.8	2493.2	3136.0
159.7	605.4	1387.7	2412.1	3138.0
159.7	625.7	1338.5	2424.1	3191.3
155.8	645.6	1303.9	2469.7	3524.4
151.8	676.7	1262.1	2465.3	3739.2
151.7	692.5	1216.9	2463.1	3735.9
151.5	713.3	1205.9	2558.7	3649.7
151.6	705.1	1196.6	2630.3	3693.7
151.9	705.1	1183.6	2610.2	3701.3
153.1	695.7	1147.7	2667.9	3749.3
153.9	709.7	1132.2	2759.7	3748.4
154.6	714.3	1112.1	2765.4	3763.7
157.2	690.0	1083.0	2626.2	3708.9
157.3	711.3	1086.1	2631.6	3667.5
155.7	683.8	1099.9	2571.5	3503.6
154.2	678.0	1112.3	2568.2	3316.9
153.1	681.3	1134.5	2548.6	3343.1
150.0	719.2	1252.4	2542.2	3450.7
144.7	833.5	1725.6	2565.3	3405.4
154.0	1064.9	1805.2	2704.5	3481.1
76.9	945.3	1791.2	2643.9	3437.2
71.0	947.2	1667.1	2626.7	3482.5
0.0	822.5	1691.7	2641.6	3478.5
0.0	726.5	1536.2	2574.7	3371.1
0.0	738.8	1625.7	2523.3	3454.2
176.5	844.7	1466.0	2470.8	3546.4
0.0	549.6	1374.3	2436.6	3538.7
0.0	562.0	1410.8	2467.2	3535.7
0.0	578.3	1493.2	2513.0	3580.4
141.9	569.9	1566.0	2544.4	3640.5
140.3	547.7	1647.0	2557.6	3630.7
132.9	520.8	1732.5	2575.5	3519.2
129.1	518.6	1829.4	2567.4	3543.5
129.5	469.3	1925.7	2554.3	3591.3
137.2	426.7	1958.6	2525.7	3540.7
137.7	414.4	1963.2	2480.1	3539.1
136.9	413.9	1922.4	2430.0	3430.9
133.7	401.8	1664.5	2384.1	3333.7
132.5	245.0	1634.1	2532.9	3408.2
63.5	252.8	1509.6	2593.5	3403.3
63.5	455.6	1715.2	2606.0	3530.5
260.9	804.5	1899.4	2642.2	3546.4
0.0	736.4	1892.5	2645.2	3461.1
0.0	785.2	1729.1	2627.7	3473.2
0.0	654.2	1751.6	2586.8	3477.2
0.0	736.1	1836.9	2666.5	3492.8
0.0	678.0	1827.2	2684.8	3447.5
0.0	767.3	1762.3	2625.3	3449.4
0.0	703.5	1668.2	2579.6	3453.4
0.0	799.2	1666.0	2488.4	3313.3
240.0	861.3	1647.5	2414.2	3294.7
0.0	638.0	1439.0	2385.6	3153.2
158.8	619.1	1350.1	2404.7	3238.4
157.3	615.3	1313.5	2415.0	3360.8
157.4	616.9	1299.6	2396.0	3372.8
158.1	599.3	1262.2	2418.4	3338.8
159.9	623.2	1253.7	2457.9	3358.4
159.7	555.3	1218.3	2481.2	3406.4
159.8	525.5	1159.4	2505.1	3425.0
160.6	514.2	1104.4	2500.1	3435.4
161.7	494.0	1062.0	2492.7	3418.5
162.5	490.0	1006.2	2549.0	3426.1
161.7	497.3	973.3	2668.5	3417.4
160.7	514.1	958.6	2629.6	3187.3
159.7	478.1	959.5	2565.8	3030.7
156.0	501.6	935.0	1843.2	2761.6
76.6	480.5	946.4	1995.9	2833.2
157.8	498.4	928.4	2036.6	2910.4
158.7	521.8	889.6	2051.4	2961.7
159.1	509.9	848.1	2309.2	3205.7
158.1	517.5	807.8	2257.2	3371.2
157.0	495.6	784.7	2422.1	3485.6
155.9	497.5	790.6	2459.4	3399.7
154.7	427.0	856.7	2475.2	3481.8
154.3	459.7	928.3	2467.9	3467.3
155.7	610.7	1643.8	2610.2	3470.1
152.3	1035.0	1940.2	2901.9	3671.9
78.7	1002.0	1702.1	2854.7	3748.2
123.7	928.0	1928.7	3004.5	3793.7
266.7	966.9	2149.3	3011.0	3801.7
0.0	848.3	1749.9	2890.4	3684.6
0.0	903.7	1790.4	2905.2	3645.1
461.5	956.7	1683.4	2888.1	3718.2
0.0	921.6	2062.3	2894.8	3742.0
121.2	974.5	2084.6	2937.6	3656.1
184.6	971.7	2085.2	3004.4	3692.5
75.5	914.8	1894.7	2676.7	3657.9
83.3	917.2	1601.6	2607.4	3689.7
0.0	895.3	1544.2	2726.4	3737.3
0.0	731.7	1604.1	2697.0	3674.5
0.0	542.8	1652.6	2639.9	3524.1
0.0	489.1	1768.3	2603.2	3553.8
157.8	482.1	1876.9	2633.5	3436.3
151.9	523.3	1936.0	2641.9	3400.9
149.3	574.3	2010.8	2637.1	3715.4
148.1	594.0	2029.7	2624.5	3689.7
144.7	584.8	2003.5	2602.4	3637.0
144.6	578.9	1994.6	2627.2	3615.1
144.5	578.7	1958.0	2661.5	3503.8
145.2	574.7	1916.0	2685.1	3443.7
145.2	584.4	1881.1	2737.8	3433.0
144.3	599.1	1840.9	2801.3	3322.8
144.5	837.4	1723.8	2719.0	3334.4
144.0	646.3	1621.1	2709.9	3059.1
143.5	661.6	1471.6	2616.4	3113.7
143.3	649.8	1333.7	2495.2	3107.4
142.7	582.6	1229.7	2197.3	3124.7
140.7	305.3	1187.6	2280.8	3167.3
69.8	305.9	1249.9	2295.2	3167.1
144.6	290.1	1272.2	2287.9	3241.5
137.9	257.7	1341.9	2348.7	3352.5
133.6	260.3	1577.3	2484.8	3358.4
66.3	352.6	1724.1	2462.9	3354.3
0.0	944.9	1893.3	2634.6	3469.3
0.0	899.9	1863.2	2673.4	3515.8
0.0	613.4	1791.5	2675.1	3450.8
0.0	801.8	1673.6	2546.8	3480.1
444.4	831.6	1673.3	2423.4	3358.8
0.0	805.2	1715.6	2433.0	3222.1
80.5	792.0	1733.9	2512.8	3311.9
0.0	603.2	1802.5	2546.3	3280.1
0.0	446.2	1907.2	2575.5	3401.4
169.3	445.7	1966.5	2582.8	3495.1
148.8	451.3	2000.8	2640.7	3555.0
148.8	455.7	2055.1	2672.4	3600.0
148.8	494.6	2081.5	2674.3	3638.9
148.4	426.1	2120.1	2701.1	3633.8
146.9	447.6	2163.6	2741.9	3632.9
145.9	400.9	2194.0	2755.3	3692.5
143.5	410.1	2224.1	2751.5	3662.9
142.1	430.2	2264.1	2809.5	3704.4
140.7	374.3	2292.6	2791.5	3745.1
138.2	444.8	2313.7	2808.2	3764.9
136.3	376.4	2335.8	2838.7	3802.2
134.2	368.9	2357.0	2854.4	3771.6
134.0	361.5	2369.6	2845.9	3728.6
132.9	441.2	2390.4	2842.2	3728.2
130.7	372.2	2403.8	2831.4	3702.0
132.2	421.1	2401.5	2839.7	3661.9
131.6	391.8	2403.4	2837.0	3623.6
130.6	303.6	2394.5	2783.2	3541.3
130.6	311.2	2394.0	2767.9	3539.8
138.3	295.1	2384.9	2778.2	3523.9
65.9	316.7	2371.4	2774.5	3547.6
66.6	306.6	2381.6	2770.3	3577.6
120.0	277.0	2343.4	2656.6	3573.0
0.0	269.6	2287.4	2679.7	3564.5
118.5	266.8	2206.6	2635.0	3485.8
130.5	238.4	1931.5	2466.9	3412.6
119.4	240.3	1698.7	2494.0	3335.5
127.8	214.2	1563.3	2581.1	3434.0
63.8	262.1	1401.6	2595.6	3446.8
150.0	844.9	1874.4	2601.7	3459.9
140.4	626.4	1979.4	2680.6	3419.8
0.0	358.5	2070.2	2794.1	3565.9
0.0	439.3	2072.0	2736.0	3590.5
148.3	537.2	2047.3	2721.6	3484.4
134.7	723.8	2056.9	2757.5	3448.4
143.9	779.9	1992.7	2718.9	3442.5
145.0	795.6	1941.1	2687.0	3404.5
69.2	693.0	1887.8	2697.2	3370.7
0.0	686.9	1860.7	2798.3	3432.0
0.0	733.8	1843.5	2721.7	3369.3
0.0	721.0	1890.1	2708.5	3348.2
0.0	779.8	1926.9	2677.1	3437.0
0.0	785.3	1896.8	2675.3	3421.3
0.0	837.3	1832.2	2672.2	3398.8
0.0	653.2	1790.7	2615.2	3342.4
0.0	837.0	1771.4	2652.1	3348.9
0.0	704.9	1694.4	2538.7	3359.5
0.0	794.6	1732.6	2524.7	3447.9
90.9	688.4	1742.5	2591.8	3440.4
120.0	717.8	1600.0	2538.8	3331.4
120.0	710.3	1627.2	2499.0	3354.8
