0.0	0.0	0.0	0.0	0.0
0.0	0.0	0.0	0.0	0.0
0.0	0.0	0.0	0.0	0.0
0.0	1071.3	1532.7	2531.4	3425.2
0.0	851.8	1602.0	2622.1	3411.1
0.0	1372.8	1532.6	2675.5	3632.6
0.0	731.6	1431.4	2508.4	3525.6
428.6	682.6	1461.2	2529.7	3348.1
0.0	710.2	1724.9	2640.8	3424.1
0.0	859.2	1721.5	2559.2	3388.5
0.0	947.1	1653.6	2460.1	3443.8
0.0	976.7	1677.6	2542.3	3417.4
0.0	1114.6	1927.7	2666.3	3504.1
0.0	958.7	1821.6	2661.2	3459.7
0.0	914.2	1586.5	2587.7	3495.5
0.0	1164.5	1896.1	2662.4	3468.5
0.0	812.8	1829.8	2737.9	3410.3
0.0	595.9	1652.0	2609.2	3310.0
0.0	428.8	1191.8	2116.3	3095.6
0.0	418.1	983.5	1720.1	3072.8
85.4	472.7	994.7	1555.1	3053.5
114.3	506.2	1109.3	1592.4	3034.7
101.7	534.6	1116.0	1613.4	3054.2
107.1	533.4	1182.1	1668.0	3048.5
105.3	543.3	1252.9	1785.1	3015.9
104.5	577.8	1266.3	1953.8	3107.4
104.3	643.3	1294.2	2155.4	3459.8
106.2	681.9	1344.3	2269.4	3594.0
107.2	665.2	1410.5	2323.6	3619.6
108.1	623.1	1452.7	2356.0	3596.2
110.9	592.4	1491.9	2357.2	3658.3
113.9	545.1	1493.5	2345.2	3632.9
116.0	501.1	1465.3	2278.7	2939.6
113.2	312.5	1481.4	2310.7	2907.3
118.8	305.4	1458.6	2319.6	2891.0
121.2	293.7	1509.1	2333.1	2877.4
117.6	293.7	1561.5	2361.1	2898.2
116.5	307.4	1649.4	2355.3	2856.3
113.2	295.0	1757.7	2351.7	2796.0
113.2	319.8	1791.8	2506.2	3149.8
108.1	305.4	1784.9	2408.0	3344.0
105.3	299.2	1754.8	2451.4	3466.9
102.1	290.5	1765.4	2450.0	3378.0
102.5	284.6	1720.6	2490.6	3358.2
102.0	277.9	1504.8	2435.0	3339.7
100.0	496.3	1833.6	2529.7	3407.8
0.0	478.1	1900.7	2632.2	3642.9
0.0	504.1	1848.3	2531.6	3751.2
109.5	547.8	1851.4	2518.3	3792.0
107.8	565.9	1835.3	2555.4	3781.6
103.4	604.2	1815.8	2577.8	3654.5
101.4	622.3	1795.4	2583.1	3399.2
101.3	647.2	1760.9	2598.6	3361.7
99.9	678.2	1730.7	2625.8	3420.5
99.6	682.7	1670.9	2695.6	3587.9
99.5	672.3	1614.8	2723.8	3577.2
99.3	668.7	1556.5	2738.9	3497.8
99.7	666.0	1524.4	2794.0	3498.7
99.5	649.4	1485.3	2728.3	3558.3
99.5	651.6	1439.8	2561.0	3532.3
99.7	642.3	1405.0	2438.6	3553.9
99.2	640.7	1365.7	2384.4	3539.5
99.2	649.4	1334.4	2390.6	3568.7
99.2	643.3	1312.5	2402.5	3591.6
98.3	638.0	1281.7	2368.3	3605.1
98.4	630.6	1245.7	2292.0	3587.8
97.7	620.7	1220.6	2292.5	3556.0
97.6	614.2	1162.0	2196.2	3541.3
98.4	598.1	1103.4	2187.0	3432.2
98.4	606.1	1087.2	2263.4	3368.5
99.2	634.4	1092.8	2285.3	3313.7
99.2	643.4	1102.7	2268.1	3188.1
99.1	419.1	1230.7	2248.6	3200.1
99.2	356.7	1284.5	2275.6	3186.0
99.2	307.1	1445.3	2304.8	3155.5
100.0	313.3	1508.3	2280.7	3166.3
100.8	304.9	1414.3	2260.3	3139.1
100.8	282.3	1358.0	2261.0	3119.2
100.0	271.0	1316.1	2265.2	3012.8
103.4	339.4	1320.4	2261.4	3060.1
102.6	329.3	1404.1	2419.0	3304.4
77.0	605.7	1377.0	2250.2	3261.9
263.4	569.5	1356.2	2209.2	3437.4
150.0	645.6	1385.8	2302.4	3410.7
69.0	602.1	1314.7	2647.1	3464.9
0.0	564.0	1270.8	2602.3	3484.3
70.2	633.4	1314.9	2471.0	3387.5
0.0	653.9	1326.3	2391.9	3513.1
65.9	689.5	1304.3	2390.7	3617.7
65.8	702.8	1290.0	2579.9	3596.3
66.9	729.2	1282.8	2524.4	3530.8
80.9	717.6	1267.6	2411.3	3587.3
0.0	701.0	1268.2	2373.5	3569.8
94.9	703.2	1285.8	2610.4	3517.6
96.1	707.5	1307.8	2744.4	3531.9
97.7	694.0	1342.4	2722.3	3504.1
98.9	728.5	1413.5	2706.2	3449.5
100.5	724.9	1500.0	2668.9	3442.4
101.3	683.4	1560.2	2511.2	3404.8
100.1	659.2	1608.0	2225.7	3396.7
98.4	612.9	1565.8	2037.9	3476.8
100.8	582.7	1576.0	1974.8	3553.8
100.2	582.5	1576.3	1916.7	3605.8
99.6	597.9	1535.9	1861.6	3637.5
99.1	588.9	1531.2	1833.9	3650.9
97.7	578.8	1531.9	1751.7	3601.9
97.1	572.5	1508.3	1753.1	3556.9
96.7	557.9	1531.8	1789.8	3541.7
96.2	534.5	1573.6	1819.3	3442.4
96.4	490.3	1590.9	1816.6	3270.4
95.2	335.0	1577.4	1859.8	3052.0
93.8	303.9	1579.5	2624.8	3726.7
96.0	284.1	1517.0	2608.4	3536.4
96.0	290.0	1356.1	2504.8	3368.2
96.8	304.7	1613.6	2541.1	3491.5
95.2	299.4	1668.5	2587.2	3709.0
96.8	292.6	1806.9	2531.9	3777.6
96.8	292.9	1571.1	2418.8	3602.8
98.4	313.9	1087.8	2333.3	3056.9
98.4	706.5	1332.0	2324.9	3199.1
99.2	299.7	1381.3	2355.9	3260.4
96.0	430.0	1869.9	2640.4	3341.1
0.0	701.7	1798.0	2695.0	3408.8
0.0	545.1	1522.1	2588.1	3377.8
100.0	473.9	1472.2	2542.1	3464.5
0.0	930.8	1147.3	2462.2	3577.2
0.0	821.6	1198.9	2402.0	3570.9
84.5	770.3	1172.1	2516.2	3667.5
72.3	807.8	1391.5	2537.6	3662.3
0.0	603.5	992.7	2302.4	3599.5
136.4	460.2	913.0	2590.6	3711.5
0.0	461.9	824.8	2627.7	3727.4
0.0	422.1	789.8	2595.4	3765.9
106.4	405.6	765.4	2593.1	3816.5
97.4	412.9	756.6	2581.0	3785.7
91.6	431.7	754.0	2565.5	3750.7
89.4	455.5	765.7	2533.7	3746.5
88.9	442.7	771.7	2505.8	3778.2
85.6	447.7	776.4	2436.2	3810.7
83.9	461.2	801.9	2346.4	3796.1
85.7	476.6	833.3	2241.4	3752.9
83.9	496.7	854.0	2097.5	3598.3
84.5	514.5	902.6	1967.9	3448.6
84.5	536.7	971.7	1880.9	3424.6
85.4	562.5	1014.0	1781.1	3641.8
84.2	584.5	1037.4	1703.3	3670.9
83.9	563.5	1066.8	1605.6	3668.2
85.6	542.1	1111.5	1526.8	3650.9
88.2	529.6	1124.0	1465.2	3507.1
87.0	525.9	1149.3	1384.2	3404.5
83.9	572.4	1185.4	1420.1	3207.3
79.2	521.3	1261.1	1824.1	3146.3
74.5	589.9	1270.9	1834.1	3146.7
84.5	746.2	1324.6	1778.1	3213.7
87.0	906.5	1324.5	1838.7	3264.1
90.9	892.5	1326.0	1915.6	3288.5
89.6	793.4	1331.2	1975.5	3290.6
88.2	635.1	1293.6	2077.9	3170.7
85.6	647.6	1331.1	2036.5	3064.9
99.2	699.4	1489.6	2119.0	3160.8
0.0	847.8	1572.9	2485.2	3458.2
0.0	850.6	1707.6	2539.6	3461.9
