0.0	0.0	0.0	0.0	0.0
0.0	0.0	0.0	0.0	0.0
0.0	0.0	0.0	0.0	0.0
0.0	917.1	1616.6	2650.8	3474.1
0.0	927.1	1655.1	2625.1	3456.0
0.0	885.2	1763.8	2671.2	3461.8
0.0	846.6	1778.2	2510.2	3385.7
0.0	803.0	1804.4	2711.0	3441.7
0.0	777.4	1823.8	2776.7	3419.6
0.0	797.1	1780.9	2737.4	3372.4
0.0	824.2	1723.0	2654.7	3377.0
0.0	876.9	1792.2	2588.3	3377.1
0.0	994.0	1882.3	2602.3	3474.4
0.0	529.2	1756.1	2602.7	3503.7
0.0	602.1	1758.9	2628.4	3446.2
0.0	570.8	1802.0	2675.1	3332.8
0.0	449.7	1747.6	2654.7	3241.1
0.0	702.2	2063.7	2811.2	3337.3
260.9	732.1	1961.4	2778.5	3426.4
266.7	386.4	2005.5	2750.0	3488.1
0.0	356.5	2199.1	2854.8	3565.7
0.0	358.8	2346.2	2850.5	3506.4
122.4	349.3	2413.1	2971.0	3574.9
110.7	328.5	2164.0	2760.2	3621.5
108.1	373.0	1718.0	2565.6	3606.2
105.9	349.9	1306.5	2579.3	3463.5
101.8	281.9	1372.8	2537.4	3433.7
85.7	880.5	1812.2	2642.8	3465.0
93.0	855.5	1779.0	2635.9	3492.4
0.0	949.6	1761.3	2694.2	3531.8
0.0	1019.7	1771.9	2649.0	3428.2
0.0	1093.9	1834.4	2764.6	3342.7
0.0	1208.7	1871.2	2747.8	3485.1
0.0	601.1	1409.2	2435.8	3488.9
0.0	736.2	1349.4	2362.9	3486.4
0.0	905.4	1533.6	2558.9	3639.7
0.0	979.9	1563.2	2531.5	3480.8
97.6	821.0	1279.5	2386.2	3267.1
179.1	589.3	1157.4	2299.8	3307.1
0.0	757.1	1057.9	2404.4	3341.9
113.2	624.4	998.4	2538.4	3310.9
0.0	461.4	1017.2	2676.9	3583.6
148.1	390.9	1045.8	2779.4	3867.1
129.0	417.6	1120.9	2780.3	3727.6
128.0	425.9	1233.6	2696.7	3418.7
128.8	419.9	1353.7	2628.0	3402.9
126.8	405.4	1491.9	2589.8	3336.7
131.7	392.8	1603.2	2474.8	3291.2
133.3	400.8	1657.7	2391.8	3504.4
128.3	346.2	1712.1	2464.1	3528.1
63.5	386.3	1801.8	2517.5	3621.6
134.4	419.0	1828.7	2484.1	3702.6
134.5	428.7	1867.7	2514.7	3597.6
139.0	440.5	1869.5	2528.8	3623.8
140.8	421.6	1893.6	2524.2	3677.9
142.6	453.6	1905.3	2529.4	3631.5
144.7	454.0	1913.9	2556.2	3639.4
144.7	429.3	1852.7	2549.3	3715.4
142.8	469.8	1781.9	2589.7	3703.1
136.8	261.4	1736.9	2511.7	3414.8
72.1	261.8	1713.1	2467.9	3252.9
173.9	828.7	1924.5	2537.3	3563.2
0.0	821.9	1972.6	2461.4	3592.9
0.0	493.4	1992.0	2465.2	3446.4
0.0	794.3	1924.5	2550.9	3448.0
0.0	572.9	1809.8	2683.5	3464.0
0.0	556.7	1697.3	2687.4	3394.3
0.0	290.7	1665.5	2527.8	3249.5
0.0	563.1	2057.6	2442.9	3257.0
0.0	488.6	2090.9	2716.6	3487.4
285.7	777.2	1974.9	2694.3	3523.2
0.0	652.6	2041.2	2482.7	3486.9
0.0	611.9	2040.9	2480.2	3592.2
0.0	365.7	2046.5	2496.5	3690.8
0.0	455.9	2036.1	2546.9	3736.2
124.9	508.8	1936.5	2569.0	3779.6
117.5	485.3	1908.3	2660.7	3752.3
111.6	300.3	1902.4	2638.2	3410.5
112.1	305.1	1893.8	2657.5	3627.0
110.2	380.0	1843.2	2559.5	3807.1
109.3	447.1	2017.6	2528.5	3878.2
109.0	468.6	2085.2	2474.9	3724.7
107.3	488.9	2095.5	2485.1	3510.2
104.5	484.3	2097.1	2525.2	3332.6
102.6	458.9	2082.5	2500.3	3200.8
101.5	455.9	2022.3	2401.9	3112.8
101.0	453.7	1985.8	2727.1	3388.9
101.2	456.7	1949.7	2802.8	3519.7
100.5	451.3	1879.0	2768.9	3612.2
99.8	393.6	1807.5	2763.6	3787.7
95.6	367.5	1804.4	2908.7	3800.3
91.7	1165.5	1951.0	3215.1	3960.7
92.3	602.6	1892.9	2736.1	3745.0
0.0	816.6	1879.8	2804.2	3672.3
0.0	675.7	1737.7	2599.1	3690.0
0.0	492.7	1587.4	2562.9	3725.7
0.0	481.2	1554.9	2715.9	3701.8
0.0	475.0	1483.6	2694.0	3595.1
111.0	534.3	1382.6	2574.1	3582.4
108.8	590.3	1302.9	2274.2	3617.4
105.9	638.7	1238.9	2309.6	3548.2
104.0	605.8	1175.2	2319.6	3516.9
103.8	649.3	1069.0	2285.5	3402.5
104.6	774.3	1002.0	2324.3	3368.3
105.1	577.4	964.9	2338.1	3259.6
107.7	535.2	881.9	2326.1	3327.7
110.1	567.3	895.9	2351.5	3258.5
110.1	560.8	931.3	2335.0	3247.1
112.1	561.9	982.0	2323.3	3263.1
115.4	328.9	1029.5	2312.9	3204.9
116.5	418.7	1083.8	2362.4	3147.4
117.6	342.0	1610.0	2345.4	3116.3
119.6	276.8	1413.4	2333.4	3037.8
121.2	270.6	1064.9	2354.4	2963.5
121.2	279.6	978.0	2340.8	3001.7
122.4	269.2	1329.1	2295.7	3200.6
120.0	275.5	1564.0	2410.3	3314.8
126.3	573.7	1525.3	2456.1	3328.9
0.0	731.0	1576.1	2449.7	3370.7
0.0	823.1	1729.5	2564.2	3480.5
0.0	627.7	1655.4	2603.1	3454.5
0.0	693.6	1587.3	2551.3	3386.2
0.0	651.9	1298.7	2553.5	3476.7
0.0	670.0	1241.1	2610.6	3513.1
0.0	654.0	1225.3	2673.9	3506.5
279.1	817.5	1274.0	2689.8	3526.4
0.0	827.9	1295.7	2649.1	3487.0
0.0	776.1	1301.6	2658.3	3491.6
0.0	685.0	1236.4	2658.9	3584.1
116.5	677.1	1245.0	2603.6	3532.2
109.7	692.7	1246.8	2573.3	3573.7
103.3	704.8	1240.1	2532.8	3573.6
98.1	706.7	1250.4	2504.0	3547.6
94.8	738.7	1252.9	2488.2	3572.7
92.6	719.0	1250.1	2442.2	3592.2
93.5	770.9	1267.8	2409.4	3603.8
94.5	716.3	1296.4	2384.4	3617.4
95.1	732.9	1372.9	2347.1	3539.2
94.5	823.0	1438.3	2355.3	3499.8
92.2	889.0	1479.4	2421.5	3640.7
92.2	670.1	1525.3	2469.5	3687.2
93.7	619.1	1532.8	2491.9	3597.7
87.6	922.0	1562.0	2496.9	3530.3
93.8	839.6	1781.7	2599.3	3514.7
0.0	999.2	1744.9	2551.9	3483.8
0.0	751.7	1685.1	2272.3	3426.0
0.0	689.9	1732.0	2145.2	3333.2
125.0	649.2	1767.9	2432.6	3391.6
120.0	488.9	1748.6	2480.3	3611.5
0.0	488.3	1769.5	2441.3	3656.3
0.0	483.1	1747.1	2414.1	3662.2
93.7	481.0	1704.2	2368.5	3656.7
87.2	462.7	1674.2	2305.8	3637.9
81.2	464.0	1634.8	2291.2	3478.3
81.1	319.2	1584.2	2470.0	3425.8
110.1	241.2	1522.5	2456.7	3485.5
0.0	1018.6	1677.7	2545.7	3489.8
251.6	695.9	1636.3	2569.3	3459.2
0.0	822.1	1809.9	2648.7	3396.2
0.0	841.1	1947.9	2642.9	3431.4
324.3	824.6	1781.2	2577.6	3492.2
0.0	804.6	1773.4	2578.5	3473.3
133.3	756.2	1770.4	2610.3	3448.4
101.7	785.1	1685.8	2736.4	3410.2
0.0	719.2	1929.7	2717.7	3476.1
0.0	981.4	1962.4	2645.2	3496.9
0.0	825.2	1743.4	2505.7	3408.5
571.4	672.4	1610.4	2447.2	3435.0
244.9	642.3	1563.5	2199.0	3273.4
0.0	689.2	1570.0	1940.9	3154.1
0.0	413.1	1587.8	1815.1	3213.6
100.2	405.1	1635.7	1936.2	3189.7
99.1	437.8	1846.5	2165.4	3286.5
95.3	678.0	1927.9	2354.5	3488.4
88.2	791.2	1940.0	2550.6	3685.2
0.0	706.2	1952.6	2593.8	3701.9
0.0	856.9	2027.4	2752.5	3724.6
500.0	868.1	2087.8	2818.7	3725.5
0.0	592.5	1927.1	2825.9	3694.1
0.0	880.1	1967.3	2888.5	3805.1
136.4	812.0	1906.7	2887.3	3874.7
461.5	622.5	1900.6	2712.6	3929.9
461.5	834.7	1991.2	2893.2	4014.7
95.2	903.4	1934.9	2819.9	3909.1
0.0	890.8	1922.2	2719.5	3856.2
244.9	806.7	1885.2	2747.0	3840.8
461.5	707.1	1841.4	2777.3	3792.1
315.8	463.6	1817.6	2664.8	3476.4
0.0	436.1	1844.4	2446.5	3204.5
107.7	440.0	1896.2	2386.9	3173.9
106.5	457.9	1960.4	2396.8	3217.4
100.8	483.0	2003.2	2425.5	3281.5
97.7	483.2	2031.5	2448.4	3324.9
96.9	469.3	2036.6	2428.1	3262.0
98.4	424.7	2067.6	2420.0	3215.5
98.5	425.5	2035.4	2381.4	3433.3
98.3	438.8	1972.8	2327.6	3471.3
96.0	474.8	1911.1	2336.1	3330.2
96.1	814.5	1842.1	2658.1	3351.7
110.0	838.6	1884.6	2739.9	3579.9
0.0	854.9	1841.7	2636.9	3447.2
0.0	875.3	1697.9	2696.4	3371.3
352.9	1256.7	1861.2	2738.7	3432.4
0.0	1004.0	1738.3	2537.6	3428.9
0.0	854.1	1696.9	2513.6	3440.6
0.0	756.7	1698.4	2588.7	3310.6
0.0	1021.6	1920.2	2473.0	3249.7
0.0	721.2	2008.0	2616.9	3341.5
0.0	733.3	1972.6	2840.5	3450.8
69.8	731.2	1986.6	2930.2	3637.0
0.0	999.9	2188.5	2983.9	3632.5
0.0	892.4	1923.8	2686.0	3385.3
0.0	806.0	1780.7	2579.2	3422.3
126.3	342.9	2055.0	2509.3	3446.0
0.0	357.2	2291.0	2510.5	3519.2
0.0	352.0	2278.1	2485.0	3488.3
111.0	367.0	2339.3	2553.7	3500.4
104.7	354.6	2420.1	2978.1	3644.2
99.6	316.3	2413.5	2686.6	3636.0
96.8	313.3	2391.3	2599.8	3676.4
94.5	323.9	2168.6	2519.8	3718.0
92.9	423.2	1719.5	2497.4	3618.9
91.8	446.7	1596.4	2513.1	3470.1
85.8	723.3	1594.6	2557.9	3367.5
0.0	595.6	1445.8	2453.6	3262.5
0.0	1120.0	1892.0	2708.8	3463.3
0.0	982.5	1842.7	2723.5	3471.2
0.0	891.5	1840.0	2597.0	3371.6
0.0	769.8	1677.1	2551.7	3300.7
0.0	579.1	1718.0	2719.9	3442.3
0.0	548.9	1819.9	2626.5	3529.6
0.0	481.2	1844.6	2478.5	3407.3
0.0	511.3	1945.9	2511.3	3667.1
0.0	511.0	2008.0	2489.5	3581.5
91.3	530.0	2036.3	2516.2	3496.3
88.1	534.0	2031.8	2545.3	3399.0
86.7	552.3	2002.2	2471.5	3465.7
85.0	534.9	1945.7	2307.6	3313.6
84.1	552.0	1818.3	2287.9	3212.3
82.9	492.0	1710.3	2337.9	3239.5
81.7	324.1	1498.0	2361.4	3191.8
239.8	324.2	1506.5	2394.0	3177.0
71.0	328.1	1568.1	2367.1	3171.1
73.9	310.9	1574.8	2353.2	3229.1
85.1	310.7	1438.8	2378.0	3279.9
83.3	436.1	1407.9	2351.3	3233.8
111.1	683.2	1623.8	2349.7	3184.5
104.7	295.8	1395.5	2324.6	3197.9
92.3	633.6	1646.5	2453.7	3236.8
97.6	721.0	1734.6	2544.5	3312.7
0.0	1014.3	1755.1	2604.7	3388.6
