0.0	0.0	0.0	0.0	0.0
0.0	0.0	0.0	0.0	0.0
0.0	0.0	0.0	0.0	0.0
0.0	849.4	1996.1	2663.8	3483.2
0.0	810.9	1733.7	2597.8	3484.8
0.0	796.9	1541.1	2728.1	3453.3
0.0	851.6	1790.1	2668.2	3417.4
0.0	827.2	1790.8	2661.2	3352.8
0.0	787.0	1818.6	2667.1	3374.6
0.0	801.3	1813.6	2577.1	3417.1
0.0	659.1	1786.7	2495.8	3383.6
0.0	438.5	1707.4	2535.2	3371.2
0.0	905.7	1770.1	2607.2	3561.1
0.0	909.7	1794.0	2731.7	3696.9
0.0	859.7	1856.7	2669.8	3570.8
0.0	650.7	1858.5	2561.6	3429.5
0.0	599.1	1780.5	2541.9	3375.9
0.0	482.2	1669.1	2499.6	3265.7
0.0	327.8	1825.4	2489.2	2949.0
106.2	294.0	1803.0	2445.2	2928.2
103.4	323.1	1756.6	2361.0	3042.6
101.7	556.3	1864.4	2195.7	3090.3
105.0	630.1	1892.8	2333.2	3098.8
103.6	676.8	1860.4	2341.9	3229.7
101.8	708.6	1807.9	2522.6	3282.0
100.8	762.7	1766.7	2685.7	3447.9
100.4	802.1	1693.7	2688.7	3573.5
100.5	827.3	1631.7	2684.6	3525.1
101.2	819.2	1533.1	2614.2	3526.5
102.2	814.6	1493.3	2633.8	3460.0
102.4	797.7	1471.3	2681.9	3364.9
103.4	749.1	1421.3	2696.2	3346.1
105.2	712.1	1364.5	2726.1	3469.8
106.6	718.4	1334.6	2772.6	3528.9
107.8	727.3	1272.8	2805.5	3508.5
109.7	675.9	1252.2	2813.4	3523.2
110.9	607.8	1278.4	2810.9	3567.5
112.7	605.3	1355.0	2876.0	3559.4
113.6	571.4	1529.9	2865.4	3582.0
111.6	505.8	1637.6	2787.0	3613.7
113.6	438.2	1752.2	2744.5	3643.8
114.0	409.7	1956.9	2696.4	3339.9
116.5	358.9	2100.3	2655.3	3483.2
118.8	372.1	2175.2	2650.9	3612.9
121.2	375.3	2207.9	2632.7	3472.2
118.0	366.3	2200.8	2620.0	3409.0
114.5	339.4	2171.5	2700.1	3417.0
112.2	336.7	2078.0	2667.9	3465.7
109.6	341.5	1962.6	2627.8	3531.7
106.4	344.8	1900.8	2713.7	3661.8
102.6	390.7	1888.0	2887.7	3710.6
96.0	743.3	1889.8	3063.5	3681.8
97.6	905.4	1885.0	3049.3	3803.5
96.8	735.1	1862.2	2839.2	3724.3
100.0	740.2	1795.0	2731.7	3609.8
104.3	577.3	1604.6	2676.3	3542.3
99.2	268.1	1570.9	2627.5	3520.0
93.8	274.2	1491.0	2608.3	3307.5
106.2	320.7	1644.9	2679.8	3454.2
102.6	312.1	1645.0	2771.4	3467.9
100.0	295.3	1593.9	2551.7	3437.8
99.6	225.9	1593.1	2471.6	3360.1
97.6	247.6	1687.3	2519.2	3329.7
99.2	409.3	1495.3	2465.7	3242.2
0.0	649.5	1512.6	2417.0	3248.8
0.0	471.3	1190.7	2426.4	3482.8
0.0	541.3	1134.1	2637.3	3642.3
0.0	566.3	1119.5	2591.7	3618.6
108.4	595.5	1138.7	2613.0	3603.5
104.0	633.7	1137.9	2651.5	3587.7
102.2	659.0	1134.6	2646.4	3562.4
101.0	667.3	1135.5	2654.5	3529.7
100.7	679.3	1141.4	2646.1	3524.2
100.8	690.1	1151.7	2631.3	3539.7
100.8	687.6	1182.3	2623.7	3518.7
100.8	685.1	1212.5	2618.8	3518.1
100.2	683.4	1233.3	2596.1	3512.6
99.4	689.1	1298.6	2587.0	3595.2
97.6	679.2	1401.4	2573.5	3639.0
96.6	644.6	1468.8	2538.0	3527.1
94.9	624.0	1576.5	2494.5	3327.8
94.5	552.8	1640.0	2415.6	3056.1
95.7	456.4	1579.5	2391.8	2885.7
93.7	337.5	1552.6	2448.2	2975.2
80.5	478.8	1698.9	2553.9	3154.6
0.0	526.6	1789.9	2611.0	3190.0
0.0	552.5	1805.2	2590.2	3264.0
96.0	546.5	1837.9	2595.9	3321.9
92.3	523.7	1843.1	2551.2	3145.9
90.9	479.6	1846.6	2705.9	3346.2
107.6	487.5	1864.5	2699.7	3268.0
74.2	433.6	1848.1	2609.1	3316.6
0.0	384.2	1810.6	2608.2	3468.5
250.5	389.0	1649.9	2685.3	3489.7
71.9	1330.3	1841.2	2668.9	3520.8
0.0	954.9	1391.1	2526.5	3396.3
0.0	892.3	1607.8	2616.0	3422.1
0.0	680.5	1464.7	2390.0	3295.7
0.0	652.6	1694.4	2704.8	3450.6
0.0	1034.5	1703.4	2739.4	3621.2
0.0	1123.4	1666.6	2656.9	3568.8
0.0	945.6	1720.4	2655.4	3480.1
0.0	909.8	1594.5	2534.3	3506.6
0.0	883.8	1786.3	2691.7	3571.9
0.0	838.8	1840.3	2831.7	3727.7
0.0	986.4	1940.3	2870.3	3873.3
0.0	927.5	1946.2	2874.8	3949.1
0.0	651.8	1898.6	2699.4	3902.4
0.0	742.6	1822.3	2712.6	3744.8
0.0	1026.5	1885.8	2742.5	3841.9
0.0	914.5	1930.9	2632.9	3942.0
0.0	579.8	1903.1	2683.4	3854.4
0.0	796.4	1856.0	2866.3	3851.7
387.1	674.1	1832.8	2799.4	3752.3
279.1	427.2	1819.2	2701.4	3506.3
0.0	467.8	1798.9	2497.1	3200.4
0.0	495.7	1756.4	2418.2	3153.6
109.8	528.5	1742.0	2305.7	3113.1
100.0	525.7	1773.6	2411.1	3200.3
93.8	517.6	1780.5	2428.1	3243.9
92.0	477.8	1765.6	2459.6	3544.2
90.7	422.6	1693.4	2395.3	3507.1
87.5	302.8	1617.4	2395.6	3286.0
89.0	415.0	1587.1	2506.6	3378.0
97.8	452.4	1649.6	2617.2	3419.1
96.9	305.7	1645.0	2664.9	3365.8
95.0	293.0	1553.4	2615.2	3141.5
92.7	303.2	1208.1	2434.1	3069.0
93.0	293.1	1223.7	2363.5	3160.2
93.0	290.5	1203.4	2309.1	3281.7
93.0	283.5	1216.3	2332.1	3292.6
93.0	283.6	1174.3	2380.8	3325.7
240.0	602.8	1111.6	2367.7	3311.8
281.7	695.6	1211.0	2412.6	3351.4
92.4	708.3	1299.8	2633.2	3512.6
89.6	734.2	1380.2	2575.3	3443.7
90.7	771.7	1453.4	2552.0	3405.1
91.2	701.2	1494.0	2548.5	3464.0
91.2	650.5	1503.2	2547.2	3509.2
90.5	608.1	1494.2	2549.2	3562.3
89.4	584.8	1456.2	2550.4	3585.8
90.6	580.3	1345.6	2600.2	3572.6
88.5	554.4	1229.4	2649.0	3661.5
87.3	498.6	1080.7	2677.4	3725.1
87.8	461.0	929.7	2672.3	3643.0
88.4	455.6	823.9	2608.5	3611.0
88.6	427.6	739.8	2564.2	3663.1
88.6	638.4	1477.5	2654.3	3690.2
90.2	518.1	1427.4	2648.9	3603.1
92.0	444.2	728.6	2533.3	3607.4
92.3	454.0	767.2	2460.2	3674.5
92.1	534.4	835.7	2571.2	3636.6
92.7	576.2	925.2	2690.7	3602.4
92.9	612.6	1040.6	2661.9	3605.0
92.1	631.6	1167.3	2640.6	3611.3
92.0	639.9	1257.0	2595.8	3602.2
90.9	665.1	1384.0	2498.2	3539.3
90.7	663.5	1497.5	2472.7	3511.5
90.3	633.9	1639.4	2454.3	3614.1
90.3	612.6	1743.2	2469.2	3644.6
90.3	591.1	1813.8	2514.5	3663.4
91.2	562.2	1869.6	2522.8	3698.2
92.0	536.5	1882.4	2519.6	3706.1
92.5	497.4	1862.2	2489.1	3676.3
91.8	492.3	1840.1	2574.5	3710.7
87.0	590.0	1806.5	2605.0	3563.1
100.8	732.6	1871.3	2696.7	3431.3
500.0	821.6	1879.1	2652.1	3558.2
0.0	774.4	1755.3	2460.5	3508.8
111.1	1354.3	1947.7	2625.3	3556.6
90.9	1232.2	1805.3	2598.7	3501.5
78.4	1195.4	1591.5	2529.0	3375.4
0.0	1146.2	1563.0	2683.7	3425.6
63.5	959.6	1801.9	2648.8	3406.7
0.0	953.7	1622.0	2559.1	3396.0
0.0	976.6	1824.4	2608.6	3360.2
0.0	811.3	1780.7	2435.5	3315.5
545.5	784.8	1815.8	2222.8	3216.4
0.0	552.5	1948.1	2303.8	3175.1
400.0	471.3	1982.6	2505.4	3313.0
157.9	642.8	1938.8	2671.9	3410.2
0.0	543.8	1900.8	2513.8	3201.1
0.0	529.0	1870.8	2504.0	3355.0
106.2	253.5	1700.1	2505.4	3342.4
96.0	271.5	1661.5	2576.8	3128.3
90.9	300.5	1724.8	2531.1	3108.1
92.3	313.8	1697.7	2496.0	3130.2
90.9	337.5	1770.7	2552.6	3096.3
90.2	297.9	1783.2	2418.2	3044.7
89.6	292.5	1456.4	2366.9	3272.0
92.3	546.6	1684.7	2471.8	3478.6
99.2	904.4	1830.6	2591.5	3499.8
0.0	892.4	1763.0	2536.5	3480.3
0.0	1048.3	1811.6	2547.2	3405.9
0.0	1129.9	1878.5	2631.2	3434.2
0.0	805.7	1785.0	2536.6	3373.9
0.0	773.1	1919.4	2457.9	3423.0
0.0	691.0	1986.6	2477.4	3394.6
0.0	684.8	2019.0	2546.2	3263.6
0.0	536.8	1956.9	2444.7	3044.7
446.8	765.1	1994.1	2652.0	3085.5
0.0	772.6	1987.9	2531.6	3054.6
121.2	511.1	1934.2	2339.3	3274.9
108.1	541.8	1892.1	2324.0	3464.5
103.4	563.4	1820.5	2335.8	3500.7
100.4	575.1	1813.7	2347.0	3513.6
96.7	578.6	1788.6	2341.2	3603.2
92.8	562.0	1754.7	2337.5	3565.4
90.4	568.1	1713.0	2381.3	3480.1
89.1	540.6	1670.5	2450.8	3211.6
88.3	279.3	1673.2	2448.7	3117.8
93.8	289.1	1738.1	2550.0	3075.8
93.0	287.8	1742.2	2505.4	3124.2
93.0	270.2	1771.1	2491.4	3103.5
92.3	271.6	1770.8	2510.5	3261.8
88.2	272.4	1763.2	2551.7	3404.1
87.6	854.8	1762.2	2533.9	3489.2
80.3	331.9	1791.8	2715.9	3576.0
0.0	426.4	1829.5	2797.0	3605.6
0.0	444.6	1831.4	2785.3	3580.7
89.5	421.5	1830.2	2810.5	3611.0
90.9	417.5	1801.9	2836.5	3612.8
87.5	398.4	1748.5	2835.7	3605.1
81.7	325.3	1714.4	2816.1	3547.8
78.0	367.9	1689.2	2663.7	3500.0
86.4	332.6	1669.0	2485.6	3578.2
87.3	250.5	1658.4	2347.1	3670.5
82.8	824.3	1859.6	2335.0	3542.8
113.2	692.4	1647.2	2482.0	3373.2
0.0	584.3	1779.8	2700.8	3283.2
0.0	439.7	1878.2	2839.8	3404.0
0.0	407.2	1250.9	2876.8	3656.5
0.0	409.4	1227.0	2912.7	3706.6
90.5	380.5	1221.5	2909.4	3798.7
85.6	386.5	1219.1	2890.7	3712.1
87.8	411.1	1266.8	2851.6	3532.6
86.0	472.6	1405.6	2893.5	3524.5
86.5	493.5	1530.5	2873.9	3349.7
86.3	497.2	1658.2	2875.4	3448.5
86.1	497.5	1748.2	2835.0	3340.2
87.7	486.9	1869.8	2692.1	3243.3
84.9	458.2	1960.0	2682.6	3318.4
86.0	417.4	2010.1	2708.0	3405.8
85.1	416.2	2061.3	2703.5	3573.9
83.5	503.0	2071.8	2511.9	3483.0
84.5	510.6	2094.9	2509.5	3486.9
83.7	474.4	2140.4	2609.8	3508.9
87.6	463.4	2163.7	2666.3	3480.9
93.2	454.8	2095.2	2696.5	3671.6
98.0	495.8	1894.9	2466.0	3449.9
98.3	325.6	1687.1	2325.8	3284.5
100.1	652.2	1457.1	2337.7	3441.7
81.6	656.8	1628.8	2454.4	3591.5
104.6	929.4	1741.8	2569.9	3530.1
0.0	579.3	1578.3	2424.4	3309.0
