0.0	0.0	0.0	0.0	0.0
0.0	0.0	0.0	0.0	0.0
0.0	0.0	0.0	0.0	0.0
0.0	897.7	1710.0	2224.1	3205.8
0.0	917.3	1721.4	2309.1	3129.3
0.0	897.2	1704.4	2425.5	3137.8
0.0	842.7	1658.4	2434.8	3279.5
0.0	810.2	1582.2	2392.2	3281.7
0.0	801.5	1634.9	2458.9	3296.2
0.0	767.6	1626.1	2575.8	3343.0
0.0	776.0	1567.9	2597.6	3346.4
0.0	740.3	1600.6	2532.1	3353.8
0.0	781.6	1787.8	2617.2	3443.6
0.0	967.2	1776.2	2582.3	3470.3
0.0	1128.0	1739.5	2616.6	3498.0
0.0	1132.8	1815.2	2714.5	3369.7
0.0	904.8	1820.0	2636.4	3338.8
0.0	889.2	1761.5	2675.2	3466.0
0.0	868.7	1820.7	2771.6	3685.7
0.0	832.4	1793.6	2683.1	3594.3
0.0	781.9	1742.7	2558.5	3508.0
0.0	716.8	1722.8	2585.1	3557.5
0.0	740.7	1732.1	2582.8	3511.2
0.0	792.8	1943.3	2737.1	3519.6
0.0	304.0	965.5	2181.3	3339.2
0.0	379.0	1090.3	2098.4	3246.7
158.4	422.0	1178.6	2064.9	3259.2
137.1	389.9	1411.2	2096.8	3299.9
131.0	379.3	1637.7	2133.8	3299.6
125.2	370.0	1771.5	2182.9	3279.1
120.9	342.5	1857.4	2248.5	3288.0
120.3	352.4	1928.4	2289.6	3287.0
124.5	360.2	1954.0	2310.4	3302.2
123.3	387.4	1901.0	2267.5	3345.4
122.4	430.3	1801.1	2213.9	3337.4
122.5	360.5	1647.8	2176.8	3274.2
121.2	691.6	1680.3	2292.0	3217.3
112.7	642.8	1636.8	2334.8	3242.3
112.1	553.1	1596.0	2450.9	3342.3
105.3	497.4	1537.7	2444.4	3414.6
107.1	469.1	1331.2	2156.4	3339.5
114.3	351.0	1431.9	2429.8	3259.3
93.8	845.3	1673.3	2591.1	3512.0
118.8	846.3	1711.6	2346.1	3566.8
0.0	471.1	1764.6	2170.0	3396.0
0.0	450.0	1705.9	2160.5	3262.6
143.8	500.3	1638.5	2138.8	3275.5
139.5	534.3	1572.3	2141.5	3237.6
134.8	575.8	1510.1	2144.4	3225.1
129.0	596.0	1484.2	2166.5	3219.5
125.1	620.5	1472.2	2156.9	3206.3
124.0	619.3	1446.9	2169.8	3189.8
124.6	605.8	1431.3	2176.9	3223.0
121.2	579.4	1426.4	2164.7	3258.5
121.2	558.1	1419.2	2131.9	3147.1
121.1	471.1	1334.6	2053.2	3016.0
118.7	420.3	1292.9	2130.1	2978.2
114.7	819.3	1456.8	2563.5	3296.4
90.9	873.0	1586.3	2702.9	3470.5
92.1	944.0	1612.6	2592.2	3422.4
0.0	586.3	1655.2	2498.4	3424.1
0.0	840.9	1812.6	2575.2	3413.0
0.0	840.5	1830.9	2669.9	3452.0
0.0	810.4	1674.6	2708.3	3465.9
0.0	737.6	1497.2	2513.5	3344.6
0.0	700.2	1493.8	2718.6	3442.3
0.0	845.7	1516.7	2818.0	3512.7
0.0	707.1	1195.6	2397.2	3496.3
0.0	683.3	1200.6	2367.6	3569.8
0.0	718.2	1184.5	2325.1	3449.9
0.0	669.6	1194.2	2272.1	3188.3
137.9	684.1	1259.6	2297.8	3096.6
133.3	700.0	1375.7	2305.1	3142.7
133.3	707.5	1453.3	2347.6	3187.6
132.6	721.5	1529.0	2388.7	3223.8
130.8	683.2	1523.7	2358.3	3190.7
129.6	642.8	1465.1	2324.7	2973.0
125.2	334.9	1446.8	2305.6	2893.7
129.0	271.9	1506.5	2275.8	2950.2
129.0	320.8	1833.1	2390.6	3119.6
131.9	450.7	1970.0	2459.3	3167.9
128.1	469.7	2054.3	2476.3	3206.6
126.6	434.2	2064.5	2441.0	3233.5
124.3	471.5	2046.6	2424.1	3223.2
123.7	482.1	2004.8	2364.7	3234.2
120.4	486.2	1899.7	2288.6	3243.8
120.9	471.9	1772.3	2216.1	3259.8
117.6	473.7	1619.8	2124.3	3217.8
115.8	483.8	1478.4	2104.8	3214.8
113.1	664.2	1460.3	2179.5	3267.0
105.3	729.1	1652.7	2499.6	3299.1
93.9	742.9	1798.5	2577.6	3242.9
0.0	644.4	1795.3	2541.6	3234.8
0.0	938.6	1774.4	2554.1	3330.4
125.0	920.9	1689.8	2627.7	3433.1
70.6	1116.5	1763.9	2657.4	3432.5
131.9	1082.2	1846.4	2551.9	3472.3
0.0	527.6	1694.3	2433.9	3507.1
0.0	788.0	1735.0	2567.4	3524.0
0.0	785.2	1641.0	2558.8	3545.9
0.0	770.0	1611.9	2523.6	3499.3
0.0	767.0	1638.4	2465.0	3482.7
0.0	729.6	1488.3	2394.4	3421.1
0.0	729.4	1441.2	2395.9	3251.5
122.5	729.2	1374.7	2406.8	3169.1
117.6	732.9	1376.2	2390.7	3050.0
112.1	744.8	1366.9	2409.8	3047.7
113.2	749.9	1374.6	2406.5	3058.8
113.2	735.6	1398.6	2406.0	3038.6
114.3	737.1	1434.1	2394.8	3025.6
113.0	750.0	1519.2	2375.6	3020.8
113.2	764.0	1568.5	2377.6	3028.4
112.5	748.8	1569.4	2363.1	3019.2
113.1	762.1	1573.2	2314.5	3011.0
113.7	681.2	1498.3	2202.9	2990.2
111.5	472.6	1427.5	2090.2	2948.2
112.1	746.9	1524.5	2256.3	2854.4
107.0	354.5	1437.6	2404.0	2838.1
110.1	380.0	1424.5	2382.7	2860.1
111.1	284.8	1352.7	2361.1	3327.4
109.1	265.1	1385.3	2323.0	3448.8
107.1	912.8	1812.4	2059.8	3289.6
101.5	399.2	1608.4	2263.9	3097.0
0.0	378.0	1608.3	2316.8	3100.1
0.0	400.1	1591.6	2356.4	3237.8
105.6	438.7	1546.1	2363.5	3314.9
102.8	694.2	1579.3	2431.4	3341.8
97.3	786.0	1795.3	2713.8	3525.5
100.0	1015.2	2020.1	2706.2	3449.2
0.0	1006.4	2094.9	2866.0	3510.8
0.0	765.8	1856.8	2844.5	3544.9
0.0	1043.3	1849.5	2762.3	3463.0
0.0	946.9	1627.1	2630.8	3384.9
0.0	788.6	1601.1	2471.8	3465.1
0.0	600.8	1650.1	2450.6	3350.9
0.0	580.3	1697.5	2458.9	3186.7
125.0	637.3	1778.9	2489.9	3188.8
119.9	639.5	1904.3	2523.1	3250.0
118.0	679.4	1970.2	2468.8	3249.4
116.6	576.2	2081.0	2369.7	3283.8
114.9	569.8	2142.6	2313.7	3348.6
112.4	302.0	1845.9	2179.1	3300.9
107.4	326.9	2073.4	2210.2	3291.5
102.0	377.1	1983.9	2514.8	3442.0
82.2	995.6	1913.6	2510.0	3500.5
0.0	940.0	1835.7	2306.2	3590.6
0.0	605.1	1768.1	2213.8	3510.5
0.0	622.5	1655.5	2154.8	3378.8
0.0	489.1	1445.8	2083.3	3302.7
119.0	453.2	1314.0	2028.0	3271.5
113.4	445.9	1149.1	1988.2	3214.7
109.5	476.0	1062.9	1976.1	3177.2
101.5	269.6	1074.6	1944.7	3161.9
101.6	293.5	1104.6	1939.3	3147.1
101.1	650.7	1167.4	1976.5	3186.6
100.8	502.4	1192.4	1986.8	3158.3
105.1	525.9	1256.1	2054.9	3151.7
111.6	560.3	1348.5	2071.2	3157.9
111.3	593.7	1392.8	2104.2	3146.7
109.1	633.8	1384.5	2117.2	3093.3
108.1	686.9	1362.6	2145.6	3132.2
106.2	704.0	1360.7	2151.7	3124.9
103.4	708.5	1374.4	2150.2	3096.9
101.7	693.9	1365.3	2177.2	3149.4
99.5	639.7	1337.7	2213.7	3171.0
99.2	600.7	1331.5	2235.0	3161.8
98.4	578.6	1320.9	2246.7	3167.7
100.0	561.7	1308.5	2239.4	3098.2
97.6	513.4	1304.5	2273.5	3199.1
94.5	217.8	1253.5	2353.3	3381.2
92.3	249.0	1425.0	2450.5	3497.1
94.5	340.9	1520.1	2483.2	3353.8
102.6	883.6	1609.0	2550.9	3384.6
100.8	675.0	1568.9	2463.2	3480.9
0.0	776.6	1750.7	2455.3	3472.1
0.0	874.5	1988.9	2633.9	3532.2
64.2	870.3	1722.7	2527.3	3544.2
0.0	463.0	1518.0	2398.0	3574.3
0.0	486.5	1510.3	2355.6	3435.8
0.0	518.1	1555.2	2352.1	2982.0
116.6	521.3	1598.5	2372.9	3092.5
115.4	532.7	1625.6	2396.7	3133.4
111.1	564.1	1654.5	2405.2	3142.1
110.1	592.8	1666.0	2398.2	3147.0
110.3	618.4	1663.9	2396.3	3119.6
110.2	597.7	1670.7	2366.3	3085.4
110.1	624.7	1683.3	2370.9	3148.9
109.3	628.0	1694.6	2361.4	3122.2
109.1	655.9	1704.4	2388.8	3121.6
107.1	653.0	1687.4	2373.1	3130.3
108.1	652.5	1664.2	2385.2	3114.6
106.2	652.4	1648.5	2400.0	3083.5
103.3	645.6	1643.1	2392.9	3113.3
101.1	651.0	1622.1	2362.6	3043.3
100.0	668.2	1606.8	2372.9	3051.2
99.5	641.0	1579.2	2362.4	3036.7
99.9	611.8	1547.1	2394.4	3249.2
104.1	589.0	1514.2	2400.4	3363.3
81.6	553.7	1544.1	2514.2	3357.4
166.7	602.9	1575.7	2581.4	3321.2
0.0	749.1	1694.8	2487.0	3458.9
0.0	883.5	1783.4	2587.0	3448.2
0.0	780.9	1614.8	2563.2	3377.8
0.0	896.0	1777.9	2575.5	3368.1
0.0	556.4	1721.6	2486.3	3304.8
0.0	442.5	1675.0	2349.4	3358.5
0.0	749.5	1737.2	2331.6	3396.6
