0.0	0.0	0.0	0.0	0.0
0.0	0.0	0.0	0.0	0.0
0.0	0.0	0.0	0.0	0.0
0.0	552.1	1563.0	2426.2	3384.1
0.0	521.8	1596.4	2399.5	3404.7
0.0	661.2	1595.9	2335.3	3356.0
235.3	710.0	1535.9	2338.7	3334.9
0.0	862.1	1697.1	2457.4	3298.8
136.4	602.0	1708.0	2611.2	3315.7
0.0	510.9	1649.0	2611.1	3349.1
0.0	593.6	1497.1	2635.3	3381.1
0.0	762.8	1583.5	2566.1	3342.0
0.0	843.4	1629.9	2500.7	3402.3
0.0	928.6	1507.1	2489.6	3460.7
0.0	1044.1	2072.5	2738.8	3471.0
0.0	777.1	1739.8	2650.0	3375.1
0.0	763.2	1471.8	2509.9	3306.5
0.0	964.1	1689.3	2663.6	3610.1
0.0	856.2	1903.1	2863.5	3743.9
0.0	877.1	2046.1	2938.7	3620.0
0.0	984.8	2064.0	2828.4	3495.6
0.0	922.2	2106.5	2784.3	3498.5
0.0	758.4	1950.4	2679.9	3461.0
0.0	423.4	1589.5	2549.1	3346.2
0.0	431.8	1538.1	2530.5	3363.9
106.6	431.2	1460.5	2563.3	3374.3
106.5	445.1	1448.8	2545.9	3380.6
106.1	443.7	1423.4	2506.6	3414.3
108.1	444.9	1444.0	2573.6	3446.8
104.0	537.5	1602.8	2673.3	3449.1
94.5	1250.7	2225.6	2861.6	3531.9
88.8	1127.3	2242.2	2992.4	3518.7
0.0	497.2	2100.6	2968.5	3460.3
0.0	497.8	2008.8	2633.9	3333.3
141.2	1165.0	1974.1	2581.9	3410.1
80.5	1111.5	1824.4	2575.3	3448.2
0.0	1047.2	1625.2	2462.2	3367.8
0.0	1092.6	1783.7	2388.4	3331.7
184.6	825.7	1687.9	2445.0	3307.6
0.0	458.8	933.2	2410.6	3247.7
0.0	517.2	2410.3	3119.3	3553.0
107.7	514.4	2498.0	3254.6	3405.0
204.0	536.4	2523.4	3243.3	3526.7
202.0	547.0	773.0	2641.9	3355.2
99.7	585.4	825.6	2616.5	3360.7
101.1	638.1	890.1	2617.2	3381.5
104.1	623.7	940.8	2604.7	3391.8
107.2	623.3	990.0	2523.0	3388.4
109.2	609.2	1040.1	2452.5	3371.4
111.8	598.4	1120.9	2385.6	3356.6
112.4	535.4	1171.0	2282.7	3341.9
113.6	481.9	1181.3	2298.4	3337.2
114.7	415.0	1216.5	2325.9	3290.5
69.2	445.4	1344.5	2368.6	3355.2
251.5	456.8	1388.2	2434.3	3460.6
114.5	455.6	1441.1	2392.5	3516.2
117.7	440.2	1478.4	2346.3	3535.7
118.0	452.0	1489.3	2351.1	3456.5
116.5	452.9	1470.3	2429.1	3463.3
113.2	419.9	1449.1	2464.9	3477.5
107.8	467.4	1424.3	2486.2	3467.2
103.4	515.8	1382.0	2475.3	3425.5
100.1	488.9	1370.1	2523.3	3406.6
97.6	488.9	1375.7	2563.2	3448.2
92.3	477.3	1538.1	2647.1	3524.6
93.8	508.3	2216.9	2859.7	3485.9
93.8	815.4	2306.2	2797.4	3359.9
89.6	462.3	1703.2	2521.5	3181.6
94.5	440.6	1753.4	2634.4	3358.8
89.6	457.0	1153.0	1975.2	2829.2
104.5	452.2	1150.2	2048.6	2855.9
106.2	433.9	1188.4	2072.3	2970.4
106.2	342.7	1179.0	2080.8	3012.0
108.9	302.4	1156.8	2040.9	3029.6
109.5	414.1	1211.3	2054.3	3111.2
112.9	489.3	1386.2	2224.1	3179.8
235.9	566.0	1488.3	2363.6	3240.8
118.9	520.6	1524.0	2380.1	3277.0
123.0	539.9	1542.1	2375.0	3314.8
125.6	551.0	1533.5	2383.8	3314.1
126.9	523.1	1544.2	2430.9	3340.4
126.2	556.8	1560.3	2389.8	3327.4
124.6	574.7	1539.8	2445.5	3365.8
122.1	619.7	1514.0	2377.8	3387.0
118.6	626.2	1497.6	2413.4	3426.2
112.8	580.8	1474.3	2409.5	3466.7
106.6	529.0	1428.8	2432.7	3573.5
99.8	491.4	1384.5	2396.9	3613.7
94.5	468.0	1287.4	2371.3	3551.7
86.3	553.0	1215.8	2353.3	3325.6
84.5	541.0	1307.3	2373.9	3338.6
88.2	247.9	1295.0	2382.6	3366.1
91.6	277.5	1204.2	2376.6	3321.2
68.5	836.1	1301.5	2449.2	3268.8
69.8	1129.3	1670.1	2668.1	3488.6
68.7	767.3	1795.1	2592.6	3508.5
111.1	975.7	1657.6	2451.7	3467.6
115.4	440.9	1451.9	2526.0	3295.6
108.1	655.6	1270.3	2483.0	3315.7
0.0	639.3	1189.6	2332.2	3439.4
400.0	657.8	1189.7	2305.3	3364.4
0.0	678.8	1217.0	2349.3	3384.2
119.4	668.3	1250.3	2373.5	3368.0
88.6	617.5	1302.9	2378.4	3349.5
87.6	590.3	1340.5	2312.2	3288.5
86.7	563.2	1418.3	2330.7	3400.4
85.9	516.4	1492.9	2400.5	3549.5
85.6	492.1	1519.4	2437.9	3532.1
84.7	398.4	1548.1	2506.7	3467.3
92.8	639.2	1641.2	2623.9	3411.9
342.9	821.6	1887.1	2842.7	3585.8
285.7	863.4	1927.8	2844.4	3582.8
0.0	1027.9	1975.4	2890.6	3599.3
68.2	960.6	1965.5	2793.3	3500.5
0.0	860.7	2009.0	2635.8	3461.5
0.0	864.9	2163.6	2639.7	3496.9
0.0	347.7	1688.2	2474.4	3455.8
0.0	1168.3	1689.0	2594.3	3523.9
116.5	1140.2	1607.9	2512.8	3483.1
0.0	1103.1	1381.1	2438.6	3439.1
0.0	981.5	1267.1	2381.8	3413.1
0.0	1009.9	1225.5	2413.5	3375.4
0.0	1135.6	1563.7	2453.9	3355.2
0.0	624.5	1492.5	2115.2	3348.2
0.0	488.5	1483.1	2010.3	3208.2
0.0	447.7	1507.1	1984.3	3178.1
112.1	433.5	1523.6	1977.1	3193.7
101.5	438.1	1517.4	1955.6	3226.0
99.4	434.2	1496.4	1866.0	3248.7
99.2	436.4	1484.6	1793.2	3281.3
98.3	437.5	1433.2	1725.3	3315.5
99.7	430.6	1403.5	1690.9	3318.0
99.9	425.4	1387.5	1651.5	3318.9
99.9	425.5	1365.7	1613.7	3327.8
100.1	429.4	1356.3	1610.1	3323.7
100.1	431.3	1359.1	1615.6	3321.9
100.1	434.8	1364.2	1630.8	3303.1
100.0	439.4	1384.4	1662.2	3261.7
100.8	442.0	1410.9	1736.8	3198.6
100.7	440.4	1434.4	1775.9	3178.3
100.1	424.4	1501.7	2011.0	3365.5
99.2	395.5	1504.5	2280.5	3501.1
97.6	437.0	1490.8	2323.4	3476.8
92.6	502.0	1485.1	2340.8	3473.8
92.0	408.4	1510.2	2424.7	3451.6
91.1	427.2	1520.2	2536.3	3473.4
92.4	450.0	1539.5	2542.9	3463.5
94.2	451.2	1538.9	2496.7	3466.6
95.4	463.1	1537.4	2468.5	3483.7
95.6	461.2	1540.4	2491.3	3477.5
94.9	458.7	1505.2	2472.9	3452.3
93.8	450.0	1451.5	2418.8	3341.1
92.6	438.1	1363.7	2357.7	2903.7
91.2	431.3	1363.9	2516.3	3277.0
89.4	301.4	1354.9	2551.2	3504.9
88.8	349.9	1192.2	2555.8	3393.1
88.9	358.7	1103.8	2200.9	3195.0
87.0	351.6	1084.8	2120.2	3358.7
85.8	506.1	1115.1	2201.1	3294.6
0.0	568.4	1153.7	2363.4	3314.9
169.5	625.2	1177.3	2388.9	3361.4
85.2	668.6	1163.9	2401.4	3333.5
83.5	645.3	1189.2	2381.5	3309.1
82.0	646.9	1203.9	2472.0	3350.2
80.9	673.0	1234.7	2671.0	3373.5
80.1	709.0	1293.8	2469.9	3398.9
80.7	691.7	1318.6	2473.9	3340.1
80.5	665.8	1274.7	2353.4	3227.3
80.6	512.3	1207.6	2070.2	3197.5
80.5	432.6	1173.7	2013.9	3135.7
76.6	440.2	1174.1	1997.0	3056.2
82.8	387.8	1165.5	2001.2	3127.2
82.8	416.2	1165.3	2009.7	3176.8
83.8	458.1	1171.9	2016.0	3159.7
83.9	542.8	1317.3	2040.4	3125.2
176.5	618.3	1409.2	2234.9	3188.6
88.3	645.3	1475.8	2343.7	3266.9
86.9	671.4	1541.5	2371.7	3259.4
88.9	685.5	1544.6	2379.3	3268.1
90.1	692.0	1543.5	2406.3	3263.2
90.3	746.7	1530.6	2413.7	3295.8
91.1	748.3	1535.3	2374.9	3326.3
91.6	757.1	1552.4	2351.6	3304.0
92.9	729.2	1531.3	2380.6	3312.5
93.1	671.3	1502.4	2367.4	3322.0
92.2	636.1	1471.2	2352.1	3296.1
90.8	602.4	1441.2	2352.5	3227.0
89.3	526.0	1413.6	2379.0	3312.3
85.5	533.7	1470.6	2413.6	3246.2
73.9	497.2	1434.6	1993.5	2932.4
0.0	499.7	1426.0	1915.5	3029.0
78.8	486.2	1423.4	1709.4	3178.4
78.6	490.1	1417.4	1659.7	3260.7
78.2	475.3	1384.9	1611.7	3320.4
73.2	471.3	1365.5	1571.0	3355.2
72.4	461.2	1347.0	1548.9	3380.6
0.0	491.3	1339.4	1538.1	3411.6
0.0	505.3	1340.9	1575.2	3416.5
116.5	510.5	1342.6	1579.0	3355.3
100.8	490.8	1350.7	1546.5	3277.7
0.0	599.3	1501.9	1719.8	3205.3
86.3	752.8	1512.3	1675.7	3016.0
88.2	360.9	1549.3	1720.5	2939.2
89.6	622.3	1588.6	2446.1	3296.6
218.2	609.8	1264.4	2501.3	3327.9
0.0	560.9	1246.8	2534.9	3363.0
0.0	676.7	1296.9	2551.4	3367.8
0.0	654.3	1397.6	2456.6	3321.5
0.0	626.8	1437.2	2418.9	3251.1
0.0	689.4	1438.1	2542.2	3370.3
0.0	535.3	1408.3	2509.5	3423.2
