0.0	0.0	0.0	0.0	0.0
0.0	0.0	0.0	0.0	0.0
0.0	0.0	0.0	0.0	0.0
0.0	751.4	1744.0	2714.3	3846.6
0.0	706.6	1605.0	2577.8	3495.4
0.0	776.7	1661.8	2578.8	3461.6
0.0	871.5	1820.0	2731.6	3548.6
0.0	930.0	1844.4	2644.2	3506.5
0.0	1028.8	1788.4	2613.6	3470.7
0.0	876.2	1801.8	2643.7	3511.4
0.0	825.1	1795.5	2536.4	3446.4
0.0	601.2	1721.7	2591.5	3380.0
0.0	643.8	1696.7	2669.4	3414.7
0.0	577.1	1758.2	2701.5	3380.7
0.0	619.5	1852.4	2733.8	3385.3
200.0	807.3	1895.8	2755.8	3300.1
206.7	560.2	1894.0	2620.5	3209.5
240.0	555.3	1900.4	2730.6	3405.6
0.0	396.6	1981.2	2779.1	3631.5
139.0	410.6	2042.6	2788.0	3733.4
120.1	399.4	2047.2	2734.4	3636.2
117.1	417.5	2035.3	2735.7	3592.5
115.7	426.9	2030.6	2710.8	3547.3
116.1	436.2	2026.0	2692.3	3502.3
114.7	451.9	2020.7	2661.4	3534.4
114.1	458.1	2022.7	2595.9	3638.0
112.5	452.3	2031.3	2535.3	3649.6
110.5	443.8	2037.4	2487.9	3717.5
108.8	437.6	2076.8	2416.9	3694.1
106.6	401.5	2070.5	2339.6	3801.5
104.2	352.4	2067.7	2278.6	3760.7
99.7	324.7	1855.0	2324.1	3556.6
82.7	537.8	1773.0	2394.4	3441.2
0.0	554.5	1384.3	2476.2	3350.4
0.0	585.1	1716.7	2408.2	3450.2
0.0	442.2	1132.4	2273.8	3177.8
0.0	456.6	1223.2	2297.8	3148.7
104.6	439.1	917.0	2362.8	3237.1
104.3	525.8	1268.0	2396.1	3354.7
104.0	528.6	1361.3	2426.8	3471.3
103.5	544.4	1700.8	2446.0	3416.3
103.0	541.0	1583.4	2461.3	3237.5
102.8	556.5	1510.9	2476.4	3259.2
102.8	466.5	1589.8	2450.1	3358.4
104.9	448.4	1575.2	2331.3	3432.1
103.6	457.0	1481.7	2281.4	3495.1
104.1	460.5	1343.5	2268.6	3509.9
104.1	461.3	1211.1	2201.1	3460.1
104.0	451.3	1099.2	2184.7	3504.9
103.3	458.5	1023.8	2141.2	3620.7
103.9	479.6	963.7	2107.2	3704.1
104.6	466.9	893.2	2139.1	3773.7
105.0	454.3	854.0	2121.5	3795.9
107.1	449.9	860.6	2073.6	3765.0
108.4	464.0	857.5	2050.5	3786.4
109.5	458.6	869.3	1956.8	3767.5
109.7	459.0	881.4	1971.8	3786.7
109.5	467.6	891.1	1873.7	3804.2
109.5	473.7	907.7	1784.9	3774.6
109.2	479.0	961.1	1760.5	3785.7
109.9	441.2	991.3	1749.6	3690.9
109.0	485.4	1044.5	1714.4	3580.2
109.3	475.2	1100.9	1713.5	3528.0
109.3	475.4	1141.9	1709.0	3478.0
108.6	468.4	1230.4	1731.3	3352.6
108.2	461.2	1356.1	1775.9	3182.5
106.9	458.6	1419.9	1838.6	3087.0
105.4	554.1	1458.0	2024.0	3095.0
104.2	602.9	1693.3	2278.9	3028.9
100.0	654.9	2048.4	2435.5	3219.4
93.8	696.3	1954.8	2535.7	3302.5
387.1	1170.4	1876.7	2555.5	3317.2
0.0	743.1	1654.5	2574.8	3352.6
342.9	1124.3	1745.3	2764.9	3454.8
70.6	1198.7	1773.7	2904.5	3473.5
0.0	1406.0	1838.0	2874.0	3380.2
200.0	1297.7	1744.4	2708.0	3346.8
218.2	689.7	1541.5	2588.3	3409.7
0.0	826.9	1665.1	2573.8	3552.7
0.0	786.5	1720.4	2636.0	3432.8
0.0	745.8	1699.1	2682.4	3433.3
0.0	750.1	1705.0	2685.4	3451.3
0.0	769.7	1669.3	2502.3	3468.1
0.0	1071.0	1766.8	2319.4	3353.0
428.6	671.6	1753.4	2275.6	3387.0
428.6	501.5	1703.7	2313.8	3506.0
0.0	486.0	1640.5	2136.3	3453.2
0.0	524.4	1558.8	2180.0	3390.4
105.0	588.9	1489.9	2202.4	3452.4
103.8	624.8	1467.8	2219.5	3443.7
101.9	649.3	1465.1	2212.0	3276.8
100.5	661.0	1465.7	2228.7	3179.8
100.2	676.1	1464.1	2249.0	3226.3
99.8	680.8	1474.0	2300.2	3302.3
99.5	682.1	1469.3	2315.6	3430.5
99.6	676.7	1495.6	2326.3	3369.5
99.7	648.0	1513.5	2320.8	3034.4
100.0	615.9	1523.0	2352.7	3152.9
100.1	580.6	1530.1	2349.9	3265.8
100.2	535.0	1509.3	2372.5	3329.5
100.1	434.5	1487.7	2361.5	3249.9
99.1	393.1	1433.4	2383.8	3324.2
91.2	359.2	1482.2	2396.8	3328.5
97.4	365.8	1512.2	2468.6	3395.9
93.4	309.6	1515.5	2481.6	3377.9
91.3	317.7	1665.0	2612.0	3347.9
85.8	294.4	1539.6	2526.7	3363.2
83.3	277.9	1399.2	2452.3	3299.1
82.2	631.4	1367.8	2390.7	3195.9
0.0	506.4	1274.2	2244.4	3319.4
0.0	433.6	1258.5	2300.1	3640.3
0.0	424.6	1247.9	2274.0	3669.0
96.4	462.7	1263.4	2256.0	3654.4
97.1	508.7	1285.2	2252.7	3652.8
97.4	540.5	1293.3	2221.6	3668.1
97.4	514.1	1283.6	2186.4	3675.2
98.6	537.1	1271.0	2174.7	3649.9
98.0	640.6	1280.8	2153.8	3579.8
94.3	346.6	1240.0	2148.7	3465.0
89.8	305.6	1243.5	2307.0	3283.3
64.0	965.4	1700.0	2626.3	3447.9
0.0	707.4	1697.1	2682.0	3391.0
0.0	896.5	1830.1	2686.7	3451.5
0.0	954.1	1756.7	2561.2	3379.3
0.0	994.7	1728.7	2530.7	3321.0
0.0	854.8	1622.6	2531.1	3429.1
0.0	876.5	1657.0	2530.2	3436.2
0.0	810.5	1589.4	2621.7	3415.5
120.0	909.6	1558.5	2552.0	3486.8
481.7	1091.1	1730.0	2542.4	3392.5
467.8	1043.8	1781.4	2656.8	3356.0
66.7	954.4	1731.5	2624.1	3465.4
0.0	1066.4	1879.4	2737.0	3507.5
0.0	856.6	1543.4	2484.4	3368.6
0.0	975.6	1620.9	2440.6	3261.8
0.0	936.4	1689.9	2542.0	3253.0
0.0	852.4	1748.2	2796.4	3519.2
0.0	973.4	1794.9	2691.1	3443.5
0.0	773.3	1649.7	2454.6	3275.8
0.0	683.7	1543.9	2314.1	3236.6
0.0	581.5	1285.0	2190.9	3346.4
0.0	597.0	1298.1	2204.1	3494.4
98.6	612.1	1354.2	2235.7	3645.7
99.0	629.4	1391.0	2244.4	3546.3
98.4	657.3	1414.5	2264.6	3537.2
97.0	692.0	1461.3	2280.8	3513.4
95.6	703.2	1470.7	2316.7	3503.8
94.7	695.0	1499.9	2333.6	3414.7
92.5	686.6	1520.7	2325.3	3282.5
90.1	687.6	1517.7	2275.2	3121.4
90.0	684.0	1504.7	2304.3	3164.6
85.8	684.8	1505.3	2347.8	3290.7
84.3	676.4	1505.3	2306.1	3156.7
82.4	673.7	1510.0	2275.5	3258.2
80.5	677.6	1527.0	2256.8	3024.3
80.8	656.5	1539.1	2153.3	3057.6
73.3	668.0	1529.6	2111.9	3130.2
69.0	626.8	1564.4	2084.6	3184.3
68.4	538.4	1595.4	2005.8	3214.8
69.8	465.4	1605.1	1964.7	3392.0
157.8	506.7	1676.6	2018.4	3320.2
65.6	735.9	1707.5	2467.7	3250.6
63.5	937.2	1837.5	2726.5	3546.2
0.0	561.0	1819.0	2737.5	3575.6
0.0	534.7	1653.5	2674.4	3466.9
0.0	972.5	1808.7	2692.7	3555.7
63.5	927.7	1798.3	2548.4	3476.0
0.0	726.5	1792.7	2532.5	3587.4
0.0	767.1	1717.4	2519.0	3650.5
0.0	658.7	1737.1	2688.6	3627.9
0.0	964.0	2087.8	2947.2	3696.9
176.5	915.8	2220.8	3164.1	3683.6
0.0	784.6	2135.9	3007.0	3686.2
0.0	651.4	2063.1	3074.5	3773.9
0.0	728.8	2166.0	3179.3	3761.5
0.0	1216.8	2288.8	3313.4	3776.4
210.5	1085.9	1931.3	3090.8	3710.2
0.0	1002.4	1920.7	2799.8	3650.8
0.0	898.6	2096.4	2728.2	3630.1
0.0	637.1	1559.5	2446.6	3603.5
0.0	702.8	1561.6	2596.9	3602.6
0.0	658.4	1518.0	2412.4	3503.7
315.8	501.9	1450.2	2395.4	3411.8
96.0	630.3	1436.8	2434.7	3320.2
144.6	745.4	1413.1	2447.2	3333.4
102.3	705.5	1366.9	2382.1	3383.7
0.0	952.9	1457.3	2442.0	3449.3
65.2	941.6	1494.9	2552.2	3411.5
66.7	738.4	1438.4	2562.2	3474.8
0.0	734.9	1506.1	2534.0	3461.1
0.0	693.2	1544.0	2538.7	3263.1
139.5	643.4	1520.2	2477.8	3165.9
