0.0	0.0	0.0	0.0	0.0
0.0	0.0	0.0	0.0	0.0
0.0	0.0	0.0	0.0	0.0
0.0	752.2	1699.2	2188.8	3161.4
0.0	885.8	1721.8	2307.0	3181.1
0.0	839.0	1795.8	2555.9	3367.0
0.0	784.6	1773.3	2567.6	3363.5
0.0	828.0	1844.1	2670.9	3474.5
0.0	726.8	1652.0	2599.4	3496.7
0.0	867.0	1659.1	2607.6	3467.0
0.0	720.9	1735.3	2629.3	3437.1
0.0	767.7	1705.5	2633.8	3418.4
0.0	751.2	1736.3	2659.1	3438.0
0.0	868.0	1738.4	2605.0	3433.1
0.0	924.2	1718.9	2600.3	3434.7
0.0	597.0	1650.3	2524.6	3327.8
0.0	529.8	1813.4	2506.2	3389.8
0.0	610.2	1979.7	2537.6	3512.9
0.0	620.0	1977.4	2542.4	3660.2
0.0	520.7	1950.8	2511.9	3701.5
0.0	515.1	2024.3	2638.0	3763.8
0.0	472.6	2031.4	2701.4	3806.8
0.0	409.9	2059.7	2626.9	3882.8
139.5	353.8	2032.7	2611.3	3907.9
0.0	420.6	2007.4	2598.1	3807.2
0.0	432.9	1985.3	2564.9	3790.4
143.0	474.3	1963.4	2533.8	3750.1
144.6	439.8	1917.0	2524.7	3788.2
146.7	465.6	1867.1	2507.0	3817.1
148.1	493.1	1789.3	2471.2	3778.2
154.3	508.7	1735.8	2482.7	3743.9
158.7	522.4	1697.6	2511.3	3810.8
164.2	522.2	1645.0	2519.1	3860.0
166.7	519.5	1632.9	2517.7	3842.9
166.7	574.1	1582.1	2616.1	3762.0
162.2	805.1	1645.1	2703.9	3744.7
81.1	979.7	1829.2	2776.9	3789.8
134.8	1012.5	1766.9	2895.7	3768.4
83.9	818.3	1830.1	2946.4	3743.5
255.3	1174.5	1959.5	3051.0	3838.7
0.0	1045.6	1902.8	2996.8	3862.2
571.4	1058.1	1978.1	2885.7	3907.7
352.9	1043.7	1875.5	2863.9	3886.7
0.0	907.6	1675.1	2829.6	3770.6
461.5	523.6	1640.7	2610.1	3560.1
210.5	793.2	1580.2	2477.4	3485.5
89.6	667.4	1631.3	2561.5	3522.0
63.9	849.4	1692.6	2569.9	3452.5
0.0	825.4	1718.4	2451.3	3372.1
0.0	411.1	1464.1	2336.8	3409.5
0.0	354.1	1356.4	2308.9	3613.4
157.9	345.9	1352.2	2343.9	3604.2
153.1	330.7	1355.5	2324.8	3631.4
150.0	325.2	1342.6	2275.0	3542.7
148.1	541.9	1517.5	2345.2	3441.8
153.8	556.6	1647.1	2441.5	3516.6
146.0	562.3	1737.3	2446.8	3541.6
143.5	560.7	1832.3	2486.1	3588.4
143.1	551.5	1874.9	2496.2	3590.2
142.9	563.3	1912.4	2531.5	3623.5
142.2	556.2	1917.5	2541.9	3612.9
141.2	554.2	1918.7	2563.3	3583.7
141.2	564.5	1892.8	2566.3	3627.4
142.9	567.3	1879.4	2550.5	3662.6
142.3	582.9	1830.8	2545.0	3700.0
142.8	594.8	1786.1	2532.6	3724.8
143.3	608.7	1710.8	2502.2	3742.0
144.3	622.9	1661.3	2498.6	3718.9
144.4	607.0	1643.7	2510.3	3686.1
144.6	598.3	1587.0	2497.1	3685.2
144.6	600.4	1474.9	2468.9	3660.0
146.3	549.4	1323.8	2423.6	3603.2
146.3	487.0	1221.8	2396.6	3613.2
143.8	319.9	1198.3	2462.3	3694.8
71.0	337.6	1199.2	2479.3	3753.6
148.5	303.1	1234.5	2523.7	3809.1
149.8	328.4	1256.1	2590.0	3772.3
150.0	309.1	1329.6	2628.5	3599.8
150.0	322.5	1490.1	2638.2	3576.0
150.0	299.8	1532.5	2588.5	3500.7
148.7	307.3	1499.3	2590.4	3609.3
147.3	303.4	1453.9	2587.8	3503.0
145.6	313.6	1381.1	2566.3	3518.2
144.6	294.5	1536.9	2588.1	3538.3
140.5	298.5	1540.3	2608.0	3764.7
134.8	446.3	1602.9	2591.1	3977.3
133.3	417.9	1660.2	2597.8	3996.9
129.0	490.4	1706.3	2604.6	3976.6
125.0	525.3	1725.5	2646.7	3858.6
122.4	518.9	1707.2	2723.7	3595.7
120.0	719.3	1606.6	2725.4	3379.4
104.3	1015.1	1680.7	2602.9	3492.2
0.0	862.9	1637.8	2517.9	3488.8
0.0	841.8	1737.0	2660.7	3360.6
0.0	761.6	1968.8	2804.7	3331.0
366.6	924.6	2208.3	2864.5	3493.5
0.0	994.0	2283.2	2860.3	3544.7
571.4	958.1	2239.9	2767.7	3446.6
0.0	684.6	2155.1	2689.4	3333.0
187.5	647.0	2100.4	2678.0	3385.0
0.0	788.7	2077.4	2631.5	3387.2
100.8	767.2	1945.2	2479.8	3340.2
102.6	782.1	1984.9	2467.1	3362.9
93.8	689.7	1912.8	2466.7	3309.1
82.8	626.5	1871.3	2418.1	3383.8
125.0	804.9	1838.5	2417.0	3346.7
134.8	522.2	1723.8	2260.1	3344.3
0.0	475.3	1645.3	2249.1	3358.9
153.8	445.1	1546.3	2270.2	3401.4
150.0	449.7	1415.0	2232.0	3486.8
146.3	458.0	1318.1	2441.7	3453.6
148.1	457.0	1203.8	2556.1	3427.9
148.1	486.6	1097.1	2618.6	3506.0
146.3	491.8	993.6	2723.1	3691.7
145.8	483.6	941.3	2754.3	3726.9
142.9	442.7	893.1	2831.3	3736.7
141.2	438.7	866.2	2853.7	3760.5
141.2	430.8	873.8	2840.3	3713.4
141.2	433.5	919.7	2774.7	3596.5
140.5	272.9	978.2	2645.2	3520.6
68.2	311.0	1065.4	2473.1	3361.9
68.7	283.7	1101.1	2462.7	3272.7
136.9	271.5	1166.1	2484.5	3275.5
136.4	274.2	1226.8	2476.9	3201.7
134.7	500.0	1349.9	2465.5	3204.9
0.0	483.0	1541.6	2432.2	3273.1
136.4	352.1	1452.2	2290.9	3370.4
131.9	413.6	1365.3	1776.0	3051.2
131.9	406.8	1304.9	1744.3	3099.6
133.1	457.2	1321.7	1745.6	3080.7
133.4	486.3	1341.9	1796.5	2932.8
133.3	594.9	1359.5	1843.1	2766.8
133.3	568.1	1454.3	1794.2	2625.3
133.3	613.0	1507.4	1780.0	2505.4
131.5	637.7	1530.0	2293.9	2727.3
129.1	527.7	1454.1	2350.1	3128.6
128.7	547.7	1422.2	2371.4	3305.7
128.8	639.5	1600.5	2385.7	3300.6
129.1	565.6	1816.1	2405.5	3358.1
127.3	520.1	1543.0	2403.2	3228.1
123.7	952.6	1630.0	2462.5	3153.5
120.1	421.6	1523.0	2412.7	3234.3
116.5	887.1	1971.2	2712.3	3349.9
114.3	894.0	2014.2	2785.1	3406.1
105.3	879.2	1984.2	2777.0	3499.2
0.0	812.1	1575.1	2632.3	3528.7
0.0	876.7	1173.8	2422.0	3549.8
0.0	796.4	1117.6	2255.2	3559.4
206.0	1002.1	1199.3	2257.4	3440.7
0.0	837.7	1148.2	2281.1	3420.9
0.0	904.6	1292.5	2469.2	3492.7
179.1	917.2	1212.7	2541.9	3433.0
166.7	667.2	1011.0	2507.5	3390.8
166.7	744.0	1027.4	2398.2	3326.9
0.0	598.4	933.9	2142.2	3341.2
0.0	566.6	848.6	1986.4	3342.8
141.2	529.1	871.3	1934.6	3279.2
133.3	532.7	899.5	1909.7	3206.6
131.9	533.6	917.3	1852.2	3188.9
131.9	526.3	930.5	1779.7	3278.0
130.8	514.1	949.4	1708.6	3414.9
131.5	536.3	975.9	1598.1	3518.5
131.9	526.9	1010.1	1535.5	3508.7
131.9	529.0	1053.1	1492.7	3400.0
131.9	522.3	1057.7	1455.6	3433.4
130.4	504.5	1103.3	1453.1	3327.3
130.4	513.3	1151.6	1464.3	3268.4
130.4	525.6	1170.2	1475.2	3153.1
129.0	518.3	1188.0	1511.0	3059.7
129.0	495.9	1204.4	1611.9	2983.5
131.9	495.8	1277.8	1666.1	2954.4
127.7	506.3	1334.8	1739.5	2904.2
126.3	499.1	1380.2	1839.0	2803.4
125.0	500.1	1416.7	1919.3	2762.9
124.5	563.5	1499.9	2123.7	2798.7
121.6	564.9	1495.2	2340.8	3343.0
123.7	530.3	1522.5	2439.0	3453.6
121.3	724.5	1583.1	2570.1	3494.0
121.2	804.4	1751.5	2860.6	3606.2
123.7	1033.4	1826.7	2842.5	3624.2
0.0	956.7	2003.7	2981.1	3615.9
0.0	848.1	2214.7	3164.9	3697.7
0.0	641.6	2164.1	3094.7	3617.5
0.0	1115.1	2256.8	3368.0	3378.7
93.8	911.4	2088.0	3034.9	3494.3
93.8	898.0	2205.4	3068.2	3599.3
131.9	1039.2	2356.8	3140.8	3566.3
0.0	727.8	2259.3	3088.4	3420.4
0.0	691.8	1903.7	2559.4	3320.9
0.0	806.1	1814.2	2494.3	3267.3
86.3	805.5	1577.8	2356.5	3290.8
315.8	797.8	1537.1	2257.6	3268.3
85.1	777.1	1444.5	2051.1	3268.6
0.0	780.8	1366.3	2010.0	3195.1
0.0	782.7	1342.1	1970.7	3291.3
500.0	744.1	1248.0	1960.5	3381.6
0.0	678.8	1195.4	1914.6	3418.4
139.4	663.8	1155.6	1882.7	3554.0
134.8	681.5	1156.2	1851.5	3552.4
131.9	636.2	1143.8	1806.6	3374.8
127.7	604.0	1150.4	1765.4	3442.8
126.3	599.8	1162.9	1747.3	3472.7
126.4	599.8	1159.1	1693.0	3506.7
126.3	581.1	1200.6	1636.3	3614.0
126.6	576.1	1239.6	1630.5	3711.2
126.5	523.6	1293.7	1581.0	3630.0
128.5	528.8	1290.0	1528.1	3302.0
127.7	470.5	1297.2	1522.1	3047.0
127.7	432.2	1317.2	1535.1	2989.3
129.0	622.9	1466.8	2021.7	2975.1
126.3	429.6	1229.2	1838.5	2698.0
0.0	634.2	1277.8	2478.4	3062.8
131.9	517.8	1143.8	2546.5	3748.2
129.0	458.5	1060.2	2611.7	3832.7
129.0	438.5	1015.5	2671.2	3839.1
127.7	423.7	971.3	2713.2	3851.2
129.0	414.3	933.3	2750.6	3829.0
130.4	421.2	923.0	2759.7	3840.4
130.4	390.2	947.3	2679.5	3798.1
131.9	385.1	983.7	2596.2	3753.3
131.9	428.2	1071.9	2635.3	3782.2
131.9	497.9	1274.5	2641.6	3810.1
136.4	500.5	1396.7	2644.9	3785.2
136.7	488.9	1539.6	2608.7	3746.9
137.7	480.7	1698.9	2578.2	3655.3
139.3	478.8	1842.0	2529.4	3644.5
139.5	448.2	1977.6	2524.1	3685.0
141.2	460.4	2040.9	2536.8	3720.9
141.2	426.2	2111.3	2522.8	3759.4
142.9	448.4	2208.2	2542.3	3788.1
144.6	520.0	2267.5	2584.5	3699.3
141.2	612.2	2240.0	2586.2	3473.4
145.4	669.4	2041.3	2471.8	3417.0
143.8	540.5	1818.6	2354.1	3373.9
135.8	1070.5	1733.6	2435.3	3326.4
68.2	1093.5	1418.7	2350.4	3343.4
0.0	1147.9	1896.3	2581.1	3437.4
0.0	899.6	1951.4	2572.6	3358.7
0.0	1188.0	2053.0	2678.5	3427.5
0.0	554.7	1827.2	2592.5	3427.3
0.0	952.7	1909.7	2771.8	3555.0
