0.0	0.0	0.0	0.0	0.0
0.0	0.0	0.0	0.0	0.0
0.0	0.0	0.0	0.0	0.0
0.0	492.3	1271.3	2564.0	3553.7
0.0	550.9	1498.2	2505.4	3384.0
230.8	568.0	1629.6	2529.5	3375.6
75.9	552.1	1604.4	2512.7	3333.4
0.0	530.7	1620.4	2527.5	3336.3
0.0	779.1	1795.1	2503.6	3313.6
0.0	794.1	1791.7	2475.5	3268.3
0.0	782.7	1917.5	2696.5	3359.7
0.0	723.0	1768.7	2704.1	3325.0
0.0	626.4	1701.4	2672.2	3471.4
0.0	757.0	1637.2	2683.2	3504.3
0.0	590.4	1390.3	2518.3	3377.9
0.0	604.1	1495.1	2464.0	3352.3
0.0	695.9	1490.6	2539.9	3409.0
0.0	762.0	1520.9	2507.3	3494.6
0.0	767.1	1703.9	2489.2	3386.4
0.0	946.7	1769.3	2635.9	3425.7
179.1	976.3	1736.7	2698.4	3498.8
0.0	876.5	1759.8	2748.5	3683.3
150.0	872.6	1787.0	2804.1	4127.9
571.4	823.3	1781.6	2830.5	3968.5
333.3	813.8	1953.3	2948.4	4440.8
98.4	861.7	2031.4	3056.4	4408.8
0.0	889.8	1866.4	3049.1	4131.0
0.0	865.2	1824.8	3067.0	4504.0
94.5	768.6	1825.0	2983.6	4427.7
428.6	828.0	1689.1	2799.6	3900.2
400.0	809.2	1747.5	2726.3	3577.9
375.0	627.1	1704.4	2594.8	3492.2
116.5	596.8	1441.9	2557.3	3603.0
0.0	579.0	1336.0	2546.6	3693.1
150.8	578.6	1370.1	2543.0	3627.9
144.6	610.1	1401.2	2563.1	3597.5
141.5	609.3	1395.4	2575.6	3622.0
141.4	593.2	1412.8	2546.9	3640.8
141.5	585.5	1421.5	2457.0	3678.2
142.3	570.1	1334.9	2403.3	3560.3
143.7	565.8	1258.4	2346.2	3421.6
145.9	483.9	1521.0	2489.9	3320.4
147.2	399.2	1498.0	2424.4	3258.7
74.8	353.6	1084.3	2190.6	3024.3
152.2	768.5	1695.5	2593.1	3298.1
154.8	688.0	1840.6	2659.4	3197.6
156.3	804.9	2028.2	2716.0	3309.1
155.9	622.1	1844.1	2672.8	3321.5
155.1	735.4	2105.0	2756.1	3649.1
155.0	605.6	2031.5	2760.6	3549.4
151.2	627.2	2028.7	2758.7	3569.5
150.4	571.7	1950.5	2762.5	3569.0
148.5	571.5	1964.9	2760.7	3599.1
148.7	518.8	936.5	2560.7	3241.2
149.9	509.6	911.5	2326.6	3204.5
149.9	514.5	919.1	2212.5	3277.9
149.9	547.8	954.5	2163.3	3293.9
150.4	544.9	1024.2	2151.4	3313.2
151.9	533.9	1113.3	2204.6	3329.1
152.9	564.5	1190.5	2248.7	3331.0
153.7	539.1	1262.7	2238.0	3351.6
155.3	534.6	1327.9	2283.9	3378.3
156.1	528.2	1362.2	2235.4	3437.2
157.2	519.0	1408.8	2237.0	3501.8
158.4	511.6	1446.3	2207.0	3332.0
158.6	496.5	1467.4	2188.9	2923.4
159.3	483.8	1457.0	2141.5	2800.2
155.5	477.7	1735.5	2609.8	3108.9
154.6	463.3	1645.1	2338.4	2805.7
155.2	462.0	1375.5	2348.3	3124.2
153.3	459.5	1333.9	2327.1	3552.8
151.0	480.8	1305.4	2301.3	3618.6
148.3	509.5	1339.3	2169.4	3235.3
145.6	477.1	1170.3	1869.7	3296.9
142.1	504.0	1115.3	1838.8	3450.4
138.0	504.6	1079.9	1788.9	3532.8
136.5	497.3	1164.7	2131.2	3604.7
134.9	497.6	1189.6	2165.2	3624.8
134.5	457.2	1162.7	1946.9	3554.4
134.1	435.3	1094.7	1504.4	3547.1
134.5	418.3	1176.7	1591.8	3575.2
135.3	418.7	1281.5	1645.5	3560.6
135.2	430.2	1373.3	1696.5	3555.9
136.1	415.0	1488.7	1803.6	3567.0
135.3	408.4	1578.3	1898.8	3552.2
135.3	418.1	1682.4	2008.6	3546.1
136.8	415.9	1757.2	2186.6	3578.9
137.7	417.3	1835.8	2407.6	3595.9
138.6	415.9	1848.7	2474.1	3676.0
139.6	468.5	1826.0	2461.9	3661.2
139.5	449.7	1785.8	2473.3	3629.3
139.4	412.1	1770.5	2490.5	3752.8
138.4	422.2	1789.1	2576.6	3843.1
137.9	410.3	1803.9	2832.9	4342.7
136.4	926.4	1897.4	2924.1	4439.0
134.8	790.8	1808.7	2775.3	3906.5
210.5	747.8	1800.4	2758.5	4113.8
0.0	771.7	1795.6	2709.1	3831.9
0.0	477.6	1735.4	2646.5	3586.1
0.0	472.1	1702.2	2611.2	3461.4
148.1	446.3	1608.0	2551.2	3265.3
139.5	459.7	1565.6	2451.9	3030.6
142.4	434.8	1512.5	2429.3	3097.7
142.8	440.1	1458.2	2402.2	3048.0
143.0	450.8	1417.7	2411.9	3056.9
142.6	452.9	1341.1	2415.5	3067.0
141.6	417.5	1273.9	2553.0	3605.2
139.4	396.9	1204.6	2328.9	3464.0
137.7	437.9	1180.2	2218.1	3452.6
135.8	444.5	1129.1	2256.3	3456.7
131.8	420.0	1067.0	2298.4	3511.4
131.2	418.1	1055.3	2352.2	3608.9
131.4	411.5	1035.6	2350.4	3475.4
131.6	393.2	1024.8	2371.6	3330.0
131.1	396.7	953.5	2490.7	3439.1
130.4	388.1	955.9	2463.9	3469.2
131.9	416.0	978.6	2336.2	3439.4
132.0	426.2	965.9	2598.0	3575.8
133.5	395.5	1009.9	2687.9	3623.2
132.9	367.7	1103.0	2628.6	3640.8
132.3	412.2	1163.2	2608.1	3610.3
132.1	424.6	1272.4	2616.1	3647.4
133.3	453.5	1511.2	2585.4	3675.6
133.8	469.5	1655.3	2557.9	3650.0
135.0	472.2	1803.2	2564.2	3631.0
135.2	434.7	1879.7	2553.5	3629.6
135.2	433.3	1958.7	2538.5	3593.1
134.9	418.5	1976.0	2523.8	3596.2
134.1	421.6	1975.2	2530.9	3603.8
133.6	422.7	2077.7	2562.5	3600.4
133.2	392.5	2093.5	2579.5	3615.9
132.3	411.0	2113.1	2607.9	3656.8
131.8	418.6	2154.6	2717.5	3690.8
130.6	435.4	2189.6	2735.0	3739.6
126.5	467.2	2143.9	2762.5	3681.8
128.3	1033.5	2036.6	2587.9	3384.2
131.9	662.0	1826.7	2390.0	3278.3
68.2	724.9	1720.2	2382.7	3153.2
0.0	602.2	1757.0	2441.9	3218.1
500.0	604.9	1862.9	2457.3	3297.9
0.0	612.4	1819.3	2472.4	3327.0
0.0	647.6	1880.1	2725.0	3454.4
200.0	778.0	1994.6	2646.5	3510.6
0.0	783.5	2079.3	2556.6	3511.1
0.0	808.2	1949.0	2434.1	3397.2
0.0	858.1	1947.6	2473.5	3287.5
0.0	853.9	1911.9	2468.1	3317.0
0.0	906.7	1641.4	2397.2	3220.6
0.0	635.9	1509.4	2208.4	3113.0
153.8	715.8	1550.0	2217.4	3273.4
80.5	631.4	1435.8	1920.2	3357.3
0.0	574.6	1320.5	1703.1	3426.4
137.4	572.7	1302.7	1731.6	3420.7
132.2	586.8	1320.4	1786.3	3375.2
129.2	603.6	1357.1	1896.3	3355.2
126.4	610.3	1395.6	2148.4	3329.7
125.9	635.5	1411.4	2290.6	3340.6
125.1	694.3	1521.4	2367.5	3404.5
123.1	760.1	1545.8	2447.3	3568.4
118.2	747.0	1486.2	2542.6	3593.8
116.5	748.1	1396.2	2568.6	3626.8
113.2	828.4	1790.5	2703.4	3857.4
0.0	822.9	1896.8	2996.5	4530.5
100.0	594.9	1904.3	3060.4	4763.2
100.0	606.9	1883.9	3045.3	4549.7
214.3	675.2	1801.5	3070.9	4282.3
480.0	780.6	1735.9	2934.3	3863.7
0.0	867.9	1729.7	2912.4	3658.6
118.8	881.8	1680.7	2513.8	3358.6
203.4	1055.6	1706.2	2474.8	3375.1
315.8	860.2	1618.3	2570.8	3367.6
75.5	859.5	1521.5	2538.1	3292.7
111.1	917.4	1489.4	2394.4	3188.9
137.9	520.8	1071.1	2164.4	3107.5
0.0	447.1	809.4	1981.3	3163.3
113.8	464.0	833.9	1904.1	3229.7
117.0	474.2	865.8	1889.6	3246.3
93.0	488.5	919.6	1800.9	3301.7
112.3	479.5	972.0	1777.6	3341.7
88.3	501.5	1056.5	1757.4	3326.2
136.2	509.1	1146.8	1748.6	3247.0
90.5	532.7	1229.4	1736.4	3223.5
122.5	535.0	1312.3	1962.7	3215.3
101.2	595.3	1510.2	2104.6	3206.1
108.2	616.1	1641.9	2252.2	3423.8
110.2	536.0	1640.4	2385.5	3552.1
104.4	654.5	1659.7	2485.5	3484.5
110.1	776.1	1752.8	2573.7	3392.7
108.1	612.3	1945.8	2648.8	3464.5
117.6	638.8	2041.8	2399.4	3399.9
0.0	909.4	2026.2	2332.0	3349.0
0.0	965.9	2037.0	2387.6	3342.3
0.0	866.1	1745.1	2360.3	3440.7
0.0	955.2	1722.4	2486.6	3394.5
0.0	942.2	1783.7	2539.4	3592.3
571.4	537.7	1814.5	2562.6	3713.5
0.0	506.8	1800.1	2614.4	3721.6
0.0	496.8	1794.2	2609.0	3712.6
196.4	501.1	1849.0	2622.6	3651.2
135.7	496.8	1882.4	2615.8	3599.1
135.1	475.5	1931.8	2641.1	3623.9
147.6	496.7	1958.9	2649.4	3619.0
147.6	508.2	2040.2	2676.0	3638.3
150.5	489.8	2087.4	2722.4	3657.4
161.9	487.0	2109.5	2693.8	3602.1
152.5	487.6	2178.1	2676.1	3461.4
107.5	455.6	2258.2	2740.0	3516.5
115.4	643.2	2257.4	2771.6	3645.6
122.9	630.3	2298.4	2733.0	3659.3
122.6	604.3	2266.1	2600.6	3546.6
122.2	608.5	2252.3	2678.9	3462.0
114.9	623.6	2305.9	2780.6	3505.1
127.3	695.7	2320.2	2758.9	3520.2
64.9	768.2	2330.9	2706.2	3466.7
164.3	770.9	2223.6	2714.3	3344.3
164.4	755.2	2132.3	2698.1	3396.3
0.0	677.8	1867.6	2649.9	3424.1
0.0	648.8	1852.5	2540.7	3326.4
