0.0	0.0	0.0	0.0	0.0
0.0	0.0	0.0	0.0	0.0
0.0	0.0	0.0	0.0	0.0
0.0	773.9	1482.2	2259.4	3417.0
461.5	726.2	1579.0	2282.7	3302.7
0.0	701.2	1704.1	2426.1	3345.8
0.0	567.2	1754.6	2436.2	3419.6
200.0	563.2	1793.4	2562.1	3487.3
97.6	590.1	1570.5	2600.8	3401.2
0.0	585.4	1581.1	2613.0	3442.5
0.0	855.7	1781.1	2721.4	3518.9
0.0	899.5	1681.5	2636.8	3336.2
0.0	893.0	1653.8	2611.4	3328.6
0.0	891.0	1738.1	2639.2	3362.4
0.0	907.5	1759.9	2646.9	3490.4
0.0	789.5	1781.1	2654.3	3542.4
0.0	782.0	1551.1	2489.0	3487.9
0.0	710.9	1418.8	2479.4	3329.2
0.0	700.1	1635.7	2537.5	3391.8
0.0	652.2	1690.9	2504.9	3477.9
0.0	775.2	1690.0	2510.7	3497.0
0.0	819.4	1741.5	2526.3	3469.1
0.0	812.9	1787.1	2624.5	3449.1
0.0	785.2	1616.0	2654.9	3408.8
0.0	804.3	1808.6	2593.6	3385.0
0.0	659.0	1772.4	2512.0	3396.3
0.0	290.7	1540.3	2424.4	3310.8
0.0	349.5	1055.9	2282.3	3243.5
0.0	441.4	1169.8	2164.2	3312.7
197.8	447.2	1301.6	2161.2	3293.0
63.5	468.4	1514.4	2150.1	3247.6
117.7	481.7	1667.2	2240.6	3180.5
131.8	556.1	1761.2	2401.6	3417.1
126.5	562.0	1958.4	2520.9	3625.0
129.4	598.8	1805.5	2550.2	3665.0
130.7	570.8	1701.0	2487.6	3746.7
130.4	542.0	1703.8	2564.3	3757.8
129.1	499.8	1894.1	2850.5	3646.9
123.1	608.9	2130.1	3128.0	3611.3
123.7	619.5	2390.8	2973.0	3637.5
122.4	753.5	2452.5	3139.2	3618.1
375.0	889.5	2431.3	3185.0	3591.9
0.0	982.4	2385.5	2976.5	3602.6
375.0	599.7	2403.0	3030.2	3631.3
0.0	844.9	2356.5	3019.8	3599.8
250.0	868.8	2278.1	2887.0	3623.3
0.0	676.3	2270.9	2867.6	3581.3
0.0	801.1	2102.7	2705.5	3546.0
0.0	790.2	2105.2	2694.3	3543.3
0.0	729.4	1932.1	2671.2	3570.5
461.5	657.9	1884.5	2698.2	3618.8
0.0	457.6	1780.9	2710.4	3664.2
0.0	379.9	1981.7	2708.0	3625.1
193.5	323.5	2050.5	2675.3	3632.1
158.1	320.2	2091.7	2669.2	3671.9
78.5	341.6	2114.9	2665.0	3716.6
156.4	381.8	2106.9	2626.1	3743.3
157.6	379.7	2109.4	2585.6	3710.5
159.9	401.1	2114.9	2532.4	3662.0
160.9	401.7	2086.7	2439.9	3670.6
161.9	428.5	2027.8	2403.5	3690.0
162.3	485.5	1908.7	2409.6	3627.3
164.2	494.2	1769.6	2380.7	3523.3
165.2	497.4	1696.9	2333.7	3563.5
165.3	508.3	1539.3	2284.9	3495.5
166.5	509.9	1442.6	2245.9	3432.7
166.1	513.3	1322.5	2238.7	3396.1
165.3	485.5	1153.8	2245.9	3325.4
164.7	477.6	1078.5	2262.3	3278.8
162.6	444.6	933.0	2281.0	3274.5
160.6	481.2	923.2	2326.6	3251.0
156.8	433.2	916.8	2355.0	3209.2
152.7	467.0	944.1	2328.5	3192.8
148.8	441.2	903.9	2400.8	3196.4
145.6	506.1	1205.1	2483.0	3224.9
142.9	412.5	803.1	2505.9	3234.2
142.0	428.5	806.8	2555.7	3228.3
141.1	440.0	841.2	2583.0	3258.6
142.6	449.3	810.6	2506.7	3237.6
144.4	492.3	828.8	2491.7	3217.9
145.8	505.9	826.8	2468.8	3243.7
146.9	560.1	960.9	2456.6	3279.8
147.8	567.4	1014.5	2441.8	3274.3
148.0	611.3	1048.4	2431.8	3304.5
148.2	604.4	1060.4	2405.2	3298.3
148.2	598.9	1095.3	2378.0	3315.5
148.3	608.9	1161.7	2376.1	3338.0
148.1	606.3	1176.7	2375.3	3338.0
147.0	615.1	1175.8	2345.6	3364.7
146.4	633.0	1175.5	2359.6	3382.6
143.8	627.0	1195.8	2357.2	3349.0
141.0	629.1	1198.5	2357.6	3366.8
136.6	644.3	1213.5	2360.4	3348.8
134.4	626.0	1220.2	2364.3	3329.5
131.6	610.0	1209.2	2385.4	3323.4
127.3	573.9	1194.6	2403.5	3300.5
127.5	538.3	1156.9	2420.2	3302.9
127.6	510.7	1136.6	2406.4	3287.3
127.5	484.1	1135.2	2416.8	3328.1
126.6	477.5	1117.2	2473.5	3412.2
125.1	437.5	1091.4	2465.1	3543.7
125.3	400.7	1081.3	2445.7	3716.1
95.2	392.3	1094.6	2536.5	3771.1
112.1	247.3	1157.7	2565.0	3572.7
105.3	757.0	1651.3	2471.7	3260.6
78.9	844.6	1768.8	2500.4	3359.9
0.0	803.2	1825.9	2572.5	3415.2
0.0	907.8	1811.9	2615.0	3380.5
0.0	849.4	1538.9	2551.3	3277.9
0.0	781.8	1570.7	2334.8	3348.3
0.0	699.1	1671.2	2338.7	3492.1
521.7	660.6	1708.5	2462.4	3491.0
521.7	633.7	1672.4	2486.2	3324.9
0.0	640.9	1712.8	2282.6	3289.6
0.0	724.7	1716.1	2232.7	3465.9
0.0	660.6	1660.5	2218.8	3429.4
203.4	693.6	1660.2	2258.6	3275.7
104.3	735.1	1641.8	2137.9	3297.4
0.0	711.9	1609.3	2021.4	3339.8
90.2	747.2	1629.5	2110.6	3323.6
181.8	749.8	1640.7	2127.7	3382.3
101.7	635.0	1565.3	2068.6	3398.1
173.9	640.9	1557.1	2066.9	3419.4
0.0	731.6	1567.9	2095.6	3470.9
103.4	652.2	1524.9	2165.1	3392.0
103.4	634.1	1499.8	2178.5	3358.8
100.8	664.7	1551.8	2170.6	3308.6
106.2	604.6	1653.4	2218.4	3259.8
0.0	598.5	1564.6	2161.6	3410.3
0.0	629.0	1492.2	2181.9	3410.7
0.0	687.5	1542.7	2243.2	3347.7
0.0	657.2	1537.6	2155.2	3405.6
0.0	633.2	1502.9	2155.3	3336.1
121.2	621.3	1542.9	2358.8	3427.3
0.0	664.5	1563.5	2363.1	3409.2
0.0	611.1	1576.2	2260.8	3331.4
0.0	577.6	1574.1	2260.6	3315.5
144.6	600.2	1583.7	2315.8	3289.2
0.0	693.6	1652.9	2323.6	3385.6
0.0	735.0	1674.3	2332.5	3427.3
130.4	892.2	1733.4	2304.2	3419.3
203.4	686.6	1780.3	2446.2	3526.7
0.0	707.7	1676.7	2368.9	3393.2
0.0	658.3	1610.3	2324.0	3156.4
0.0	634.2	1619.6	2365.5	3377.8
0.0	594.8	1690.9	2454.4	3476.3
81.1	571.9	1844.3	2514.8	3372.8
0.0	517.6	1834.4	2472.2	3194.0
0.0	637.4	1924.5	2511.7	3367.4
0.0	640.9	2030.2	2618.0	3429.9
0.0	615.8	1907.6	2586.5	3334.8
0.0	651.0	1967.8	2614.3	3296.6
0.0	937.6	2276.3	2758.8	3384.5
0.0	806.8	2269.3	2694.8	3377.2
0.0	905.8	2258.0	2684.1	3425.5
0.0	838.3	2083.2	2663.0	3452.9
0.0	1125.5	2034.5	2693.8	3488.2
144.6	975.7	1975.0	2724.8	3492.0
0.0	1094.2	2170.9	2747.5	3567.5
307.7	698.9	2215.3	2707.8	3532.9
0.0	350.3	2021.6	2596.8	3429.7
0.0	353.6	2033.9	2489.4	3464.9
0.0	366.6	2004.4	2316.8	3522.0
131.8	429.0	1918.9	2213.2	3542.5
132.3	428.5	1744.9	2220.4	3539.5
131.4	403.4	1458.9	2212.9	3544.7
131.8	423.6	1250.9	2217.1	3545.7
130.7	416.9	1104.9	2217.4	3488.0
130.1	469.7	1048.6	2204.9	3446.4
128.9	460.8	1021.6	2240.0	3459.3
127.6	454.6	1031.7	2303.9	3403.7
127.5	464.4	1078.7	2278.5	3322.5
127.9	464.1	1135.0	2265.3	3259.4
128.3	470.9	1249.0	2276.5	3328.4
127.6	504.2	1324.6	2294.0	3393.2
126.7	520.1	1442.7	2313.0	3370.0
126.0	511.2	1504.2	2373.9	3412.0
126.3	497.9	1521.0	2441.5	3559.7
125.4	495.5	1545.4	2519.3	3706.0
125.7	485.5	1529.2	2524.5	3811.2
125.2	467.3	1532.5	2540.4	3842.6
123.9	497.2	1609.4	2610.8	3761.3
120.0	796.8	1784.8	2774.1	3908.6
113.2	885.1	1820.1	2805.1	4782.4
123.7	661.0	1720.0	2742.9	4222.4
545.5	837.4	1823.1	2835.1	3951.1
363.6	863.3	1860.9	2760.2	3768.3
139.5	907.7	1825.0	2692.3	3626.8
0.0	897.5	1783.6	2673.7	3591.9
0.0	863.9	1805.7	2705.6	3802.6
0.0	873.5	1888.3	2841.4	3778.1
160.0	812.9	1807.8	2759.9	3585.0
352.9	684.2	1814.8	2656.2	3630.4
300.0	468.5	1670.7	2527.8	3778.2
0.0	449.7	1538.4	2513.8	3819.5
122.0	464.3	1580.4	2532.2	3877.6
118.5	464.0	1651.9	2574.0	3902.8
119.2	471.1	1743.9	2580.1	3893.6
117.1	472.8	1737.9	2592.7	3877.6
112.4	717.3	1780.1	2622.5	3886.2
115.4	717.5	2166.0	2648.7	3823.2
0.0	762.8	2190.2	2749.4	3690.1
0.0	806.8	2122.2	2683.2	3478.9
0.0	636.2	2142.2	2786.3	3525.5
0.0	722.9	2256.6	3054.0	3580.2
96.0	874.5	2338.0	3142.8	3586.4
0.0	1064.9	2432.0	3115.8	3543.9
0.0	1058.3	2406.4	3055.7	3457.3
0.0	879.0	2195.3	2778.0	3388.8
0.0	911.3	2200.5	2829.0	3403.7
176.5	837.9	2208.4	2860.1	3517.5
0.0	904.5	2241.6	2829.4	3520.1
500.0	854.0	2062.9	2675.7	3420.0
0.0	618.1	1899.5	2658.4	3488.3
121.2	740.1	1941.1	2655.8	3460.6
0.0	570.3	1943.0	2547.7	3473.7
0.0	454.2	1912.9	2539.7	3482.1
117.8	471.0	1953.0	2553.7	3480.3
117.5	470.0	1903.4	2537.7	3488.3
115.2	517.6	1863.1	2507.0	3507.3
113.7	539.0	1838.0	2478.2	3503.5
104.6	553.2	1792.1	2439.3	3458.0
110.5	552.7	1725.8	2417.2	3497.1
100.6	560.4	1652.8	2397.9	3476.4
119.5	547.2	1569.7	2314.1	3459.8
85.7	503.3	1440.7	2254.9	3462.9
123.6	486.4	1390.8	2280.9	3439.1
199.7	509.2	1494.4	2425.3	3431.0
63.5	254.8	1620.6	2590.6	3359.9
169.0	322.5	1516.0	2508.5	3292.9
0.0	427.5	1397.2	2491.2	3378.7
187.5	784.3	1568.1	2511.4	3405.2
90.2	773.6	1643.2	2553.7	3426.0
0.0	521.3	1728.3	2478.0	3318.1
0.0	728.5	1710.4	2463.4	3266.9
260.9	951.8	1825.5	2733.7	3466.0
0.0	963.3	1795.7	2656.5	3440.3
63.8	937.7	1834.5	2527.5	3394.5
0.0	831.5	1813.9	2608.8	3450.9
0.0	961.3	1833.2	2676.4	3492.5
0.0	795.0	1684.8	2506.5	3430.8
0.0	743.9	1466.5	2220.7	3297.4
0.0	829.7	1421.7	2245.9	3421.0
0.0	819.4	1444.0	2293.8	3462.4
63.5	820.7	1519.7	2296.0	3378.1
0.0	783.9	1572.8	2291.3	3382.7
71.4	869.2	1597.2	2294.6	3384.0
285.7	882.5	1564.7	2401.5	3436.5
300.0	669.4	1535.3	2366.5	3461.9
103.4	687.2	1604.9	2354.1	3442.3
99.2	684.8	1626.4	2474.9	3493.8
