0.0	0.0	0.0	0.0	0.0
0.0	0.0	0.0	0.0	0.0
0.0	0.0	0.0	0.0	0.0
0.0	715.2	1624.2	2611.1	3352.2
0.0	794.2	1676.9	2668.2	3415.1
0.0	870.1	1705.5	2674.9	3462.0
66.7	900.7	1809.1	2615.1	3479.2
141.2	947.3	1845.1	2625.1	3557.2
0.0	943.1	1834.9	2633.1	3582.5
0.0	490.5	1742.7	2583.0	3610.2
352.9	555.0	1639.3	2568.1	3524.3
0.0	558.5	1733.1	2633.4	3423.4
0.0	915.0	1913.3	2796.8	3577.9
0.0	820.7	1833.4	2770.8	3539.5
0.0	825.0	1834.5	2663.0	3450.4
0.0	820.5	1844.5	2587.7	3437.6
0.0	910.9	1875.5	2657.1	3463.4
65.6	897.4	1869.3	2912.1	3442.8
0.0	865.3	1867.4	2941.0	3526.6
0.0	747.0	1841.9	2643.3	3549.8
461.5	777.6	1826.4	2597.6	3533.7
0.0	753.8	1924.2	2615.5	3483.2
0.0	640.5	1910.7	2535.0	3428.0
75.9	976.7	1900.4	2499.7	3387.5
133.3	713.6	1919.1	2428.3	3322.0
0.0	311.4	1913.9	2290.4	3285.9
0.0	361.5	1861.9	2232.8	3296.5
0.0	374.6	1789.4	2232.6	3270.9
108.3	412.2	1619.1	2233.4	3265.6
110.4	345.5	1275.1	2214.7	3255.4
108.7	301.5	1198.6	2197.7	3117.2
105.3	305.8	1200.9	2179.7	2933.6
102.6	307.7	1204.3	2177.4	2999.2
105.3	309.2	1222.7	2162.9	2928.2
99.2	314.3	1223.6	2175.9	2951.1
101.7	318.5	1209.7	2173.1	2947.6
101.7	316.7	1211.6	2157.3	2908.4
99.2	333.8	1247.8	2176.0	3188.5
103.4	586.8	1682.2	2235.0	3355.2
108.6	605.6	1768.3	2279.4	3360.9
107.5	580.9	1760.6	2307.1	3357.6
107.4	595.5	1764.9	2326.6	3344.2
108.3	610.8	1770.9	2351.8	3440.1
110.0	614.7	1776.3	2351.1	3381.4
112.0	597.8	1791.5	2344.7	3188.0
112.8	600.6	1773.1	2388.4	3069.7
114.3	550.3	1522.4	2302.9	2785.7
115.4	298.8	1401.1	2399.0	2786.1
244.9	533.6	1828.6	2446.8	3116.7
123.7	573.4	1944.5	2616.6	3308.1
121.2	587.2	2024.6	2722.0	3447.4
118.1	561.8	2103.4	2732.6	3465.1
120.2	561.8	2142.3	2767.6	3352.9
121.9	498.0	2204.1	2796.2	3443.9
122.9	450.6	2142.9	2711.4	3319.3
123.9	479.6	1162.7	2482.0	3106.2
123.7	502.2	1232.3	2506.9	3219.1
126.3	495.7	1251.0	2595.8	3272.9
125.0	502.8	2238.9	2818.9	3586.2
123.7	357.3	2260.6	2805.5	3423.2
122.4	543.5	2227.4	2680.6	3108.8
125.2	510.5	2263.3	2676.9	3103.0
126.3	546.4	2237.3	2671.7	3258.1
126.3	547.5	2190.3	2562.3	3397.4
129.0	648.8	2140.5	2525.4	3483.5
125.0	729.0	2028.6	2567.9	3431.6
125.0	682.9	1968.0	2460.5	3224.0
126.1	673.2	1879.1	2385.9	3282.2
123.7	732.6	1731.6	2402.9	3497.7
120.0	658.1	1653.0	2342.5	3632.1
112.1	628.5	1539.7	2293.5	3577.6
109.1	591.0	1480.9	2315.2	3522.6
106.2	586.6	1362.9	2244.6	3511.6
102.6	602.8	1284.0	2210.9	3509.9
100.8	614.3	1255.1	2234.4	3439.1
95.2	391.4	1201.3	2296.5	3270.4
89.6	293.3	1307.1	2433.8	3328.3
87.6	282.1	1317.2	2512.6	3318.4
100.8	257.1	1393.7	2575.3	3336.4
88.9	245.2	1469.3	2609.6	3413.3
114.3	239.2	1656.6	2592.2	3378.9
108.1	241.3	1701.3	2558.5	3365.4
118.8	328.8	1531.3	2614.5	3474.6
125.0	348.2	1407.0	2612.4	3397.6
125.0	252.8	1480.1	2560.2	3321.1
131.9	226.7	1588.5	2578.2	3348.3
137.9	1046.1	1783.5	2458.1	3346.7
0.0	610.2	1241.5	2253.8	3307.5
0.0	550.1	922.7	2266.4	3532.1
0.0	565.4	945.0	2295.1	3643.4
0.0	593.5	985.5	2304.5	3699.5
103.4	605.8	1014.7	2319.7	3728.5
106.2	619.8	1039.9	2310.9	3723.1
106.2	622.1	1050.3	2309.5	3703.9
106.2	634.6	1065.1	2294.3	3723.5
106.2	636.7	1080.2	2282.0	3683.5
106.2	650.4	1105.2	2273.4	3568.6
107.1	642.8	1133.6	2255.5	3479.5
107.1	631.6	1172.4	2196.5	3376.4
110.1	608.8	1216.9	2148.0	3411.6
107.1	569.3	1270.1	2117.4	3378.8
108.1	491.7	1316.6	2087.1	3530.0
108.1	468.6	1321.6	2064.1	3824.5
108.0	353.7	1349.0	2043.9	3579.5
107.1	291.7	1419.5	2090.0	3266.7
104.7	306.3	1502.9	2114.1	3370.4
104.7	310.0	1631.8	2085.2	3332.9
103.7	305.2	1877.2	2231.6	3296.8
100.0	292.5	1886.9	2283.7	3266.6
96.8	292.2	1497.4	2252.4	3301.9
96.0	288.5	1523.7	2562.3	3287.8
96.0	262.9	1650.6	2608.7	3362.0
95.2	287.2	1852.5	2562.0	3610.0
100.0	981.5	2047.5	2758.8	3689.7
0.0	826.3	1879.7	2623.0	3725.3
0.0	685.5	1861.4	2603.6	3762.5
0.0	428.2	1818.7	2615.7	3656.5
0.0	453.5	1837.5	2585.9	3516.0
109.1	475.6	1843.7	2585.5	3538.9
106.5	540.4	1854.7	2551.1	3501.5
106.0	565.5	1853.9	2463.2	3110.2
105.8	594.6	1814.2	2390.0	3280.5
105.9	622.7	1790.0	2356.1	3458.9
105.3	627.2	1743.5	2327.8	3509.5
104.3	638.4	1664.8	2266.2	3470.7
102.6	655.0	1599.5	2146.5	3475.8
102.6	659.3	1513.7	2131.1	3517.6
102.6	674.5	1469.7	2136.2	3597.5
100.8	675.7	1429.2	2141.3	3753.0
103.4	667.4	1369.5	2111.0	3431.6
102.6	643.4	1360.8	2119.3	3171.2
105.3	677.4	1384.8	2141.2	2981.2
106.2	633.2	1321.6	2199.8	2657.8
108.1	447.6	1211.8	2294.0	2650.0
106.2	448.7	1225.5	2302.6	2626.9
107.1	408.4	1223.6	2343.5	2809.7
112.1	539.2	1441.1	2319.4	2963.8
111.1	570.3	1702.8	2442.3	3293.2
107.1	535.1	1742.2	2540.1	3110.5
102.6	478.3	1762.2	2484.3	3034.4
100.8	390.8	1756.0	2467.2	3393.2
100.8	308.7	1667.1	2531.6	3438.0
100.0	315.8	1340.5	2543.5	2926.4
100.0	350.0	1472.8	2565.9	2779.1
99.2	373.4	1493.5	2571.4	2870.6
100.0	374.3	1406.8	2561.1	2785.6
100.8	322.5	1527.4	2602.1	3102.7
98.4	329.5	1346.8	2577.7	3136.6
99.2	311.3	1612.9	2577.4	3386.4
97.7	296.6	1771.9	2446.4	3523.7
94.2	298.5	1400.3	2342.6	3385.6
90.6	274.1	1429.9	2473.8	3342.1
89.6	269.0	1365.5	2436.7	3393.7
89.6	275.7	1303.3	2291.4	3304.9
92.9	725.1	1592.1	2436.6	3377.6
0.0	484.2	1660.2	2317.2	3419.2
0.0	443.1	1692.9	2289.5	3439.5
109.1	445.4	1677.9	2261.9	3453.1
108.7	435.2	1679.4	2214.2	3480.6
107.0	418.9	1691.0	2156.0	3505.0
106.2	408.4	1702.1	2086.1	3558.4
106.2	392.4	1684.8	2047.8	3626.0
104.3	390.0	1646.7	2066.9	3645.0
96.9	342.5	1606.1	2252.3	3572.9
91.6	888.2	1615.4	2292.0	3488.2
73.6	911.9	1691.1	2438.2	3632.8
0.0	520.4	1691.9	2476.3	3611.1
428.6	521.1	1667.2	2415.0	3519.9
0.0	539.2	1599.9	2116.1	3456.4
0.0	439.5	1451.9	1772.4	3387.6
0.0	428.4	1359.1	1579.3	3297.9
100.9	392.2	1229.8	1504.5	3292.2
98.6	420.8	1234.5	1506.7	3069.1
100.5	441.2	1248.5	1526.7	2951.5
102.5	521.8	1320.8	1605.1	3225.4
103.3	521.9	1382.5	1683.7	3273.1
102.8	530.2	1426.8	1754.6	3233.9
103.7	530.2	1495.1	1863.9	3210.6
105.1	540.1	1568.3	1962.7	3206.2
103.4	573.8	1614.0	2065.3	3187.0
104.1	484.1	1741.3	2130.1	3150.0
103.4	435.3	1709.4	2133.8	3148.0
102.6	305.3	1268.2	2162.3	2975.2
101.7	292.7	1168.9	2177.9	2859.8
100.0	292.7	1195.6	2169.7	2816.9
0.0	293.5	1350.4	2238.9	2745.0
0.0	303.7	1222.1	2385.1	2771.4
0.0	306.4	1225.1	2358.1	2761.9
0.0	305.1	1463.7	2329.3	2822.7
95.2	309.0	1446.9	2351.0	2893.8
106.2	880.3	1424.9	2331.8	2775.5
106.2	864.8	1562.3	2323.1	2798.2
109.1	802.2	1942.2	2433.8	3030.6
285.7	1054.2	1566.2	2315.8	2910.0
0.0	1028.8	1799.9	2359.5	2939.1
0.0	1015.8	1914.8	2442.0	3019.7
73.6	1181.3	1751.8	2408.1	3157.1
0.0	1277.9	1996.1	2632.4	3467.5
0.0	1166.2	2030.3	2656.8	3442.9
0.0	916.6	1882.1	2595.6	3150.3
0.0	883.1	1590.1	2615.9	3124.0
0.0	681.4	1324.5	2463.0	3032.9
0.0	1097.8	1653.9	2532.2	3347.0
0.0	713.6	1634.2	2378.5	3355.3
0.0	954.2	1753.5	2473.6	3204.4
0.0	930.6	1764.5	2572.7	3404.1
0.0	994.7	1780.2	2573.2	3351.0
0.0	1157.9	1822.9	2489.8	3203.5
0.0	1172.3	1836.5	2587.8	3333.6
0.0	1048.1	1874.4	2613.9	3374.7
0.0	1113.8	1902.1	2628.9	3446.6
0.0	894.7	1491.9	2372.8	3481.3
