0.0	0.0	0.0	0.0	0.0
0.0	0.0	0.0	0.0	0.0
0.0	0.0	0.0	0.0	0.0
0.0	777.9	1491.8	2493.4	3271.6
0.0	776.4	1517.8	2724.7	3467.7
0.0	850.5	1541.8	2678.4	3533.9
0.0	834.3	1482.0	2582.4	3444.4
0.0	795.6	1608.9	2595.6	3441.4
0.0	739.6	1337.2	2506.4	3433.2
0.0	730.2	1270.3	2586.8	3454.8
0.0	851.8	1301.7	2589.0	3423.9
0.0	912.7	1395.0	2460.9	3415.9
0.0	918.1	1448.0	2434.4	3359.6
0.0	965.0	1655.4	2774.8	3443.3
0.0	864.4	1707.7	2712.9	3457.2
0.0	847.0	1637.4	2537.4	3385.1
0.0	314.2	1248.8	2316.6	3247.1
0.0	528.2	1225.7	2379.4	3239.1
0.0	464.8	890.6	2413.0	3225.0
140.3	467.3	943.2	2385.0	3210.1
132.0	496.3	1011.2	2407.4	3247.6
124.7	524.5	1083.5	2419.3	3286.0
128.0	510.1	1137.4	2411.1	3307.2
129.9	512.4	1198.0	2417.1	3337.5
127.2	495.0	1270.1	2409.1	3375.5
125.7	492.3	1320.1	2437.9	3512.5
123.6	503.5	1352.9	2470.2	3490.5
120.1	502.0	1410.9	2977.7	3543.0
114.3	698.5	1615.8	3098.9	3659.9
110.1	664.2	1515.5	3021.6	3745.0
112.1	574.1	1445.1	2827.2	3727.3
112.1	517.6	1420.0	2674.3	3692.0
0.0	458.0	1381.2	2557.9	3641.1
112.1	453.0	1362.5	2443.1	3579.5
0.0	382.5	1358.3	2448.1	3481.0
121.2	425.7	1338.3	2462.2	3429.4
121.2	476.3	1328.0	2475.9	3405.6
120.0	522.8	1319.7	2480.4	3385.8
121.2	464.8	1284.2	2490.9	3395.4
118.7	433.2	1244.6	2451.8	3425.3
117.1	536.3	1246.2	2404.2	3426.3
115.4	510.1	1260.1	2450.0	3445.1
118.7	472.2	1240.0	2462.6	3438.9
124.0	507.1	1227.0	2438.6	3426.6
128.0	523.5	1199.9	2474.1	3412.6
127.9	539.3	1159.2	2480.3	3354.6
128.9	548.7	1126.7	2524.9	3457.9
129.0	554.9	1088.0	2563.5	3532.0
129.5	563.3	1058.1	2585.5	3452.0
129.7	561.5	1022.6	2579.2	3305.5
129.5	563.6	1022.7	2586.6	3294.3
129.0	569.3	1034.6	2608.5	3346.8
129.3	591.3	1008.4	2607.7	3359.9
130.1	559.9	953.1	2607.2	3361.2
130.6	574.6	913.0	2611.5	3341.3
130.6	576.5	864.7	2611.3	3314.0
130.7	545.2	843.7	2597.9	3313.1
130.3	555.8	835.2	2586.6	3311.0
129.8	533.0	838.4	2574.5	3288.5
129.2	540.0	864.3	2550.1	3264.9
128.5	510.0	897.3	2530.0	3245.2
127.5	496.9	956.3	2516.5	3211.6
124.7	552.8	975.4	2504.4	3164.7
118.1	662.2	1259.2	2512.3	3155.4
114.4	538.5	979.7	2500.1	3231.5
113.1	570.4	1030.3	2501.3	3217.9
113.3	609.9	1147.1	2492.9	3197.2
120.4	501.4	1159.1	2455.8	3199.4
125.2	510.4	1215.4	2436.2	3248.3
128.5	494.2	1285.7	2456.2	3305.7
128.9	520.8	1354.0	2466.7	3307.1
128.1	584.8	1423.7	2470.7	3292.5
128.9	600.7	1463.3	2509.7	3387.0
128.7	625.0	1515.2	2517.8	3399.9
129.2	623.5	1580.4	2457.5	3419.5
129.2	614.3	1646.3	2506.4	3417.8
129.3	621.0	1674.7	2573.0	3416.8
129.7	593.4	1697.9	2575.3	3413.9
130.1	564.3	1692.4	2602.1	3461.7
129.9	585.1	1816.3	2581.4	3469.3
130.3	694.7	1844.8	2529.0	3481.1
130.6	496.9	1864.8	2471.9	3452.0
129.4	538.7	1875.2	2462.4	3436.7
128.7	476.1	1933.6	2474.1	3460.3
128.2	545.4	1842.3	2420.1	3472.3
127.7	540.6	1663.0	2404.7	3482.7
127.1	556.1	1484.5	2322.8	3472.5
126.3	322.8	1351.1	2364.6	3403.1
122.0	258.0	1235.1	2388.0	3353.5
125.4	253.6	1221.0	2473.8	3367.9
125.2	324.8	1179.1	2535.6	3449.0
124.7	595.4	1146.0	2573.0	3480.5
124.3	555.1	1117.7	2638.0	3478.8
124.4	469.7	1083.0	2640.0	3484.6
125.0	518.4	1096.2	2622.1	3489.7
124.9	543.9	1165.4	2588.3	3469.5
126.8	586.7	1229.5	2603.8	3423.4
127.5	591.7	1275.1	2607.7	3403.8
127.7	585.1	1297.1	2593.1	3354.6
128.7	586.2	1319.6	2582.6	3325.3
130.4	557.2	1354.6	2565.0	3278.9
131.6	535.0	1435.7	2539.3	3261.7
132.0	522.2	1470.1	2537.3	3251.3
135.3	516.4	1464.6	2477.7	3227.5
135.8	494.9	1453.8	2427.3	3199.0
136.5	462.1	1414.3	2347.5	3172.6
137.2	427.5	1300.7	2199.7	3127.0
137.0	421.8	1163.3	2091.8	3080.0
132.7	372.0	1090.6	2019.1	3148.2
65.5	361.2	1091.2	2039.1	3102.7
65.3	395.7	1098.0	1988.4	3135.1
139.3	439.6	1133.2	1955.2	3113.8
138.9	428.0	1138.3	1922.0	3092.3
139.1	443.8	1200.8	1929.6	3083.9
138.7	457.4	1229.6	1912.2	3072.0
137.6	509.8	1238.1	1922.4	3059.4
135.2	536.0	1324.7	1931.5	3091.4
132.5	709.6	1458.7	1963.6	3062.5
132.6	680.1	1369.7	2034.2	3047.4
123.3	680.8	1269.6	2141.7	3131.8
111.1	1003.4	1474.8	2260.1	3099.5
0.0	927.3	1424.9	2154.6	3076.3
142.2	920.7	1464.2	2197.2	3165.0
70.2	827.2	1408.8	2135.9	3038.3
181.8	891.3	1432.9	2103.6	3044.3
179.1	948.5	1493.4	2169.2	3126.2
75.5	982.0	1522.2	2291.6	3059.6
0.0	957.7	1494.2	2279.8	3075.9
87.6	888.4	1376.7	2331.8	3175.0
0.0	891.8	1342.5	2392.2	3307.8
133.3	869.5	1423.1	2372.2	3342.8
0.0	866.8	1408.3	2417.7	3282.0
160.0	875.1	1370.3	2419.7	3292.6
