0.0	0.0	0.0	0.0	0.0
0.0	0.0	0.0	0.0	0.0
0.0	0.0	0.0	0.0	0.0
0.0	775.8	1757.3	2415.9	3256.9
545.5	781.0	1797.8	2479.6	3258.4
373.7	786.0	1854.4	2518.5	3410.4
333.3	796.0	1834.5	2518.5	3494.3
240.0	778.9	1762.7	2510.8	3479.9
0.0	709.6	1769.3	2664.8	3504.4
0.0	639.7	1733.2	2704.7	3450.0
0.0	932.0	1772.8	2637.3	3398.8
0.0	553.0	1705.1	2574.1	3465.6
0.0	886.7	1796.7	2475.2	3473.7
0.0	879.5	1815.2	2458.1	3411.5
0.0	917.0	1840.6	2561.4	3466.6
0.0	855.3	1850.5	2533.4	3433.6
0.0	583.9	1731.7	2591.8	3381.0
0.0	858.9	1842.2	2739.6	3594.5
0.0	879.3	1929.8	2555.4	3586.6
387.1	545.4	1917.8	2447.9	3515.8
0.0	423.8	1871.5	2376.3	3464.3
129.6	413.8	1823.9	2368.6	3486.1
127.0	424.0	1790.8	2377.3	3391.1
125.0	371.8	1573.9	2386.2	3368.2
112.8	381.5	1517.3	2367.9	3302.1
115.4	414.5	1538.2	2333.4	3170.7
116.6	457.3	1489.7	2309.2	2844.9
121.0	522.2	1439.7	2265.0	2975.9
129.1	588.1	1399.5	2258.3	3163.6
127.7	596.9	1318.4	2236.5	3250.1
128.9	612.0	1222.3	2180.3	3328.4
132.0	634.9	1213.2	2232.8	3300.2
136.3	647.2	1214.2	2214.2	3346.0
139.0	641.2	1302.5	2151.0	3422.8
141.9	645.3	1384.5	2181.6	3456.8
143.2	620.3	1455.7	2186.8	3547.8
145.6	604.4	1553.6	2172.4	3322.7
147.1	569.3	1620.0	2196.7	2932.2
147.3	395.3	1637.1	2205.6	2936.0
145.8	389.1	1556.1	2344.1	3312.1
68.8	608.3	1252.2	2373.1	3258.5
65.0	901.4	1883.8	2471.5	3371.5
132.1	757.3	1855.4	2603.0	3473.8
0.0	808.7	1874.5	2866.8	3224.9
0.0	1030.2	2000.8	2834.3	3245.5
0.0	974.1	2058.8	2696.1	3404.0
0.0	1024.0	1963.8	2507.3	3311.2
0.0	927.1	1700.9	2329.2	3163.6
214.3	1274.6	1724.3	2333.1	3264.6
77.9	811.2	1562.7	2340.1	3298.6
0.0	443.2	1446.6	2109.8	3211.3
131.9	458.1	1271.8	1673.4	3367.9
131.9	428.4	1165.0	1597.8	3437.3
133.0	412.1	1152.9	1591.8	3448.6
134.7	450.0	1146.3	1563.6	3451.3
136.1	481.2	1112.2	1572.2	3517.9
137.4	550.9	1099.8	1638.6	3573.4
137.1	561.0	1068.3	1723.1	3639.6
136.5	569.7	1060.6	1787.2	3664.8
135.7	567.4	988.7	1828.8	3624.1
134.8	585.5	1059.7	1886.7	3589.3
134.5	580.1	1075.8	1945.6	3633.0
133.6	590.7	1097.5	1990.5	3634.5
133.1	601.8	1171.2	1990.9	3613.2
132.6	596.1	1256.8	2004.7	3610.1
132.4	585.5	1301.6	2049.4	3614.7
131.6	580.9	1401.7	2065.5	3574.9
130.6	561.1	1475.9	2086.3	3554.2
129.7	527.2	1596.7	2065.8	3533.0
127.8	480.5	1702.6	2050.8	3519.5
127.7	429.7	1826.8	2188.9	3517.4
127.5	388.4	1968.4	2652.3	3550.0
125.9	372.1	2037.2	2874.4	3571.4
124.1	365.6	2046.7	2971.6	3557.6
123.8	319.2	2055.4	2984.7	3521.9
122.0	335.0	2061.8	2899.2	3481.2
121.3	353.0	2058.5	2893.4	3496.9
117.6	341.6	2044.3	2820.3	3505.2
118.0	402.9	2019.8	2703.1	3467.2
120.1	398.7	1962.0	2474.2	3386.0
123.4	398.9	1802.2	2118.9	3395.2
126.6	433.3	1567.8	2115.7	3389.8
128.6	449.4	1400.9	2080.0	3393.2
128.9	526.4	1312.2	2072.1	3431.6
128.1	575.4	1214.4	2082.1	3377.6
126.8	599.0	1130.3	2088.9	3374.1
125.9	605.8	1085.7	2100.5	3371.0
125.2	616.1	1046.1	2101.6	3368.4
124.4	621.1	1023.8	2087.2	3365.5
125.0	624.5	1044.0	2066.3	3273.9
124.6	621.2	1043.4	2024.0	3264.9
124.1	620.9	1052.9	1976.9	3299.7
123.5	617.1	1106.6	1930.0	3329.4
122.6	609.8	1164.9	1884.9	3363.2
121.4	612.0	1200.5	1820.6	3391.8
120.5	600.1	1237.7	1788.5	3379.0
119.7	597.3	1294.5	1777.8	3360.3
118.1	574.9	1367.1	1761.5	3342.9
118.1	561.4	1423.7	1758.3	3280.3
116.4	533.8	1491.8	1755.3	3246.3
115.6	513.7	1551.4	1725.7	3106.5
115.0	519.0	1609.7	2704.3	3710.7
112.9	589.5	1606.7	2731.7	3810.6
114.1	533.7	1589.4	2734.9	3868.5
115.1	659.7	1698.5	2734.5	3919.6
114.3	457.1	1778.2	2746.9	3881.8
110.5	364.5	1767.2	2669.0	3804.5
106.2	616.6	1845.7	2541.4	3604.7
98.4	653.8	1532.3	2333.6	3464.9
0.0	587.0	1430.5	2239.0	3301.7
0.0	650.1	1542.5	2377.9	3246.0
0.0	782.3	1673.1	2664.3	3724.4
0.0	758.4	1697.8	2905.9	3872.6
428.6	849.3	1902.5	3149.2	3855.0
110.1	806.6	1944.7	2739.1	3707.9
235.3	669.8	1948.1	2589.4	3665.5
0.0	533.6	1930.8	2560.0	3552.3
80.5	568.1	1925.4	2473.7	3469.5
0.0	371.0	1926.7	2314.8	3456.9
0.0	376.9	1929.7	2294.2	3406.8
123.4	379.1	1930.7	2282.1	3447.5
121.9	383.3	1931.8	2277.7	3432.6
120.9	396.1	1945.4	2320.2	3361.5
119.4	343.1	1957.5	2364.4	3385.6
117.4	367.9	1954.4	2499.0	3279.1
113.5	339.6	1932.5	2636.2	3265.4
103.4	255.2	1703.5	2520.5	3321.5
85.1	770.9	1813.1	2578.6	3412.0
0.0	682.9	1709.6	2520.8	3339.5
0.0	680.3	1707.6	2555.7	3407.5
428.6	712.8	1850.8	2757.4	3682.3
0.0	606.4	1867.1	2726.8	3732.7
0.0	487.6	1867.8	2588.1	3607.6
193.5	760.2	1814.4	2572.4	3507.3
148.1	900.7	1774.0	2530.5	3497.0
0.0	652.6	1625.0	2462.0	3389.6
159.6	629.6	1637.6	2389.6	3365.7
0.0	640.5	1658.3	2330.7	3414.9
0.0	635.7	1587.1	2333.7	3435.7
122.0	618.9	1556.5	2292.9	3482.2
120.9	612.3	1539.6	2306.0	3451.6
118.1	608.0	1545.8	2301.3	3372.1
115.8	610.6	1569.2	2305.8	3352.7
112.8	603.8	1573.2	2305.2	3352.6
110.1	586.3	1617.8	2311.1	3431.1
107.6	587.5	1655.3	2301.9	3272.2
105.4	573.4	1689.0	2304.0	3322.6
103.6	557.9	1716.9	2307.7	3452.4
102.2	529.9	1762.8	2331.0	3426.8
100.9	501.7	1795.5	2322.8	3364.7
100.0	487.9	1871.8	2395.5	3406.8
99.0	474.0	1890.3	2369.3	3422.6
97.7	464.2	1918.8	2347.4	3488.0
97.5	425.0	1944.1	2393.6	3547.7
97.2	417.9	1938.5	2427.6	3564.9
95.6	399.0	1913.7	2424.6	3568.4
92.8	391.5	1894.7	2568.9	3512.0
97.2	533.0	2074.8	2931.1	3668.9
96.0	570.0	2003.8	2846.1	3638.6
0.0	635.4	1783.1	2525.4	3674.2
0.0	676.8	1768.8	2530.8	3616.9
0.0	532.8	1748.9	2565.8	3582.5
0.0	613.7	1766.3	2586.9	3578.3
0.0	666.5	1778.2	2575.1	3642.7
0.0	751.8	1775.5	2583.0	3597.9
315.8	780.0	1777.9	2576.8	3562.9
428.6	652.7	1650.1	2556.6	3574.1
0.0	630.2	1571.8	2490.9	3360.8
0.0	638.6	1685.1	2496.8	3248.2
140.6	576.7	1674.1	2465.3	3390.9
120.1	706.7	1670.7	2494.6	3390.6
0.0	694.3	1678.9	2520.2	3421.5
0.0	700.9	1619.8	2478.6	3428.6
0.0	691.4	1577.6	2451.0	3351.7
0.0	806.0	1647.8	2492.9	3362.9
444.4	762.4	1668.8	2436.1	3381.7
0.0	639.1	1626.2	2522.0	3397.8
80.5	659.3	1525.2	2606.2	3394.1
