0.0	0.0	0.0	0.0	0.0
0.0	0.0	0.0	0.0	0.0
0.0	0.0	0.0	0.0	0.0
0.0	736.1	1626.0	2660.5	3491.4
0.0	786.3	1748.4	2653.5	3495.8
0.0	745.6	1756.8	2631.2	3446.6
0.0	686.2	1707.5	2603.8	3403.5
0.0	766.8	1714.4	2564.0	3445.5
0.0	796.3	1695.7	2587.1	3430.6
0.0	826.0	1755.1	2658.1	3469.6
0.0	831.4	1765.1	2654.9	3461.5
0.0	758.5	1750.7	2737.9	3483.8
0.0	836.5	1745.6	2699.4	3447.7
0.0	775.4	1662.9	2690.8	3382.8
0.0	715.8	1736.5	2656.2	3375.1
0.0	832.4	1789.4	2594.0	3400.9
0.0	200.0	1697.5	2532.0	3449.2
0.0	731.1	1702.1	2670.9	3474.2
0.0	816.9	1745.9	2694.3	3540.8
0.0	585.1	1779.0	2750.0	3646.1
240.0	673.8	1834.7	2711.7	3503.2
0.0	480.4	1865.9	2669.2	3403.7
0.0	471.9	1906.9	2650.9	3400.7
115.8	441.5	1961.8	2606.7	3407.1
111.6	420.8	2011.0	2509.0	3411.0
109.7	418.4	2076.8	2412.6	3375.4
109.6	389.0	2113.3	2286.9	3366.3
108.0	367.3	2105.2	2259.4	3326.9
103.7	243.4	1949.7	2263.6	3346.4
86.8	258.6	1714.8	2417.8	3447.0
76.9	762.5	1678.2	2573.7	3443.4
0.0	887.7	1775.7	2624.9	3464.8
0.0	883.3	1793.3	2611.8	3402.4
0.0	932.0	1706.2	2663.4	3362.9
0.0	793.4	1840.4	2632.4	3369.7
0.0	915.9	2090.0	2747.5	3405.2
0.0	738.5	1984.7	2768.5	3452.1
0.0	660.7	1862.7	2711.4	3397.6
342.9	710.2	1915.1	2727.9	3397.8
71.9	804.3	1961.7	2716.7	3307.8
150.0	479.4	1896.4	2648.2	3241.1
0.0	432.0	1863.2	2588.7	3275.6
0.0	459.2	1837.1	2429.8	3271.5
122.6	514.0	1806.4	2316.0	3208.5
123.7	502.4	1748.1	2255.9	3166.4
123.7	500.9	1708.8	2164.4	3158.5
125.0	501.4	1681.8	2048.1	3154.8
125.0	500.1	1633.3	2045.6	3150.9
126.1	503.0	1603.5	2016.1	3161.0
126.6	504.6	1579.6	2075.3	3179.8
127.3	511.9	1561.3	2052.3	3344.3
126.3	516.5	1522.1	2053.5	3422.6
124.9	529.2	1514.2	2084.8	3384.6
123.8	520.3	1519.5	2094.2	3271.9
122.4	507.5	1513.9	2079.2	3227.5
119.6	482.9	1508.6	2091.0	3268.9
117.6	476.7	1474.0	2141.2	3314.8
114.4	521.2	1541.2	2236.1	3315.3
109.5	371.5	1621.1	2341.3	3273.9
105.3	343.1	1697.1	2524.3	3262.5
100.0	333.8	1679.0	2525.5	3240.4
97.6	397.1	1818.6	2484.0	3268.1
97.6	373.8	1872.0	2402.7	3260.2
104.3	351.5	1847.2	2238.6	3209.7
105.3	351.5	1861.9	2221.0	3209.1
103.4	403.0	1848.9	2240.5	3201.2
101.7	426.2	1819.1	2335.8	3192.5
100.2	421.1	1797.6	2446.8	3193.2
98.3	425.3	1735.3	2539.1	3224.1
95.4	423.5	1704.6	2562.8	3305.9
92.3	437.9	1674.5	2592.8	3407.1
92.3	436.8	1633.7	2612.1	3576.7
90.8	673.0	1667.1	2825.8	3651.9
79.5	679.4	1666.4	3070.9	3785.1
0.0	715.7	1672.7	3050.5	3844.2
150.0	714.7	1695.9	3052.0	3834.2
0.0	773.1	1737.5	3025.8	3832.1
222.2	598.9	1698.7	2970.4	3849.1
285.7	703.2	1651.1	2869.2	3805.3
285.7	695.7	1691.6	2839.9	3839.9
428.6	615.0	1688.1	2867.6	3882.4
250.0	522.7	1494.7	2789.3	3704.7
121.2	589.1	1449.5	2683.1	3348.4
0.0	502.8	1373.7	2621.2	3204.4
0.0	529.6	1343.6	2607.1	3187.9
96.1	559.7	1325.5	2582.8	3192.9
94.8	573.9	1312.4	2562.4	3180.5
94.5	578.7	1278.7	2628.3	3221.1
94.3	592.2	1245.2	2678.2	3228.6
93.0	593.9	1187.9	2682.0	3346.7
91.6	589.6	1165.6	2699.6	3420.7
91.6	600.3	1152.5	2695.1	3254.2
89.6	611.0	1139.6	2676.3	3326.8
88.8	627.0	1125.2	2668.4	3325.3
87.4	621.3	1141.9	2679.1	3347.9
83.9	695.7	1206.4	2609.5	3404.5
78.4	738.4	1473.4	2553.0	3537.9
76.4	878.1	1686.6	2541.4	3405.4
74.1	867.7	1720.4	2628.0	3439.2
292.7	759.9	1781.4	2658.0	3430.0
260.9	715.2	1868.7	2762.1	3461.0
0.0	933.7	1967.1	2783.0	3580.4
545.5	1052.7	1831.4	2762.2	3544.7
545.5	956.1	1860.3	2704.9	3427.5
187.5	1010.5	1874.5	2711.3	3434.7
0.0	860.2	1633.1	2663.0	3367.6
0.0	674.9	1542.7	2577.1	3355.8
500.0	622.2	1531.2	2555.3	3224.8
148.1	562.2	1545.1	2545.8	3267.0
0.0	519.8	1614.3	2548.4	3306.4
102.0	531.7	1635.4	2555.0	3330.1
91.5	614.3	1638.5	2593.9	3392.7
91.6	624.8	1657.3	2617.6	3415.3
90.8	648.0	1661.2	2647.9	3429.6
89.5	621.9	1650.5	2636.6	3359.2
87.8	644.9	1655.7	2608.2	3364.9
86.5	662.6	1668.1	2662.5	3468.5
86.1	663.7	1667.2	2690.8	3424.0
84.3	646.3	1663.0	2692.1	3368.1
83.8	654.1	1655.0	2706.0	3389.5
82.9	646.3	1649.4	2697.0	3374.7
79.5	589.3	1622.2	2697.7	3439.5
81.6	535.6	1529.6	2701.6	3467.0
82.0	380.4	1222.2	2628.7	3527.7
80.6	277.2	1461.7	2536.4	3288.3
76.9	367.6	1586.8	2596.7	3248.0
84.6	357.3	1597.1	2652.7	3374.2
86.3	263.2	1466.1	2598.9	3389.3
88.1	285.2	1467.9	2531.4	3417.9
85.7	400.6	1547.3	2572.6	3411.9
86.3	322.8	1611.6	2545.0	3339.7
89.6	292.0	1459.1	2397.5	3313.5
0.0	760.6	1599.1	2546.3	3398.3
