0.0	0.0	0.0	0.0	0.0
0.0	0.0	0.0	0.0	0.0
0.0	0.0	0.0	0.0	0.0
0.0	730.3	1528.4	2407.2	3167.7
324.3	765.6	1593.8	2386.6	3279.6
375.0	731.7	1583.9	2450.4	3427.5
0.0	745.8	1625.7	2417.0	3376.8
0.0	770.7	1690.9	2482.7	3400.2
0.0	787.3	1686.4	2644.1	3466.5
0.0	614.9	1556.2	2468.9	3407.6
0.0	566.9	1530.8	2426.4	3405.3
0.0	875.5	1675.5	2507.1	3374.9
0.0	787.5	1712.3	2514.2	3363.2
0.0	861.4	1555.8	2361.5	3391.8
0.0	1047.2	1599.8	2390.6	3460.6
0.0	609.4	1397.6	2303.3	3406.8
0.0	715.9	1465.4	2308.2	3234.1
0.0	977.4	1693.3	2430.6	3439.5
0.0	974.5	1705.8	2644.7	3460.1
0.0	924.8	1810.5	2734.2	3418.2
120.0	841.9	1744.6	2511.8	3347.0
0.0	735.4	1719.5	2534.0	3403.0
0.0	778.1	1570.0	2511.3	3367.8
571.4	1034.2	1748.2	2528.7	3418.9
0.0	995.5	1739.8	2542.0	3388.3
0.0	820.8	1678.5	2385.9	3220.6
428.6	528.6	1431.1	2080.1	3202.7
0.0	493.7	1300.1	1819.1	3277.7
181.8	485.6	1311.2	1833.2	3347.2
73.6	463.2	1284.3	1839.6	3324.2
138.6	458.0	1245.9	1848.0	3321.0
138.2	392.5	1204.7	1877.2	3260.3
130.7	324.4	1202.7	1954.2	3159.3
124.7	312.1	1168.4	2029.2	3135.4
124.0	330.0	998.0	2093.4	3047.2
126.3	452.6	1492.1	2226.2	3181.1
126.4	1015.2	1872.0	2681.2	3343.1
123.0	998.5	1784.2	2785.9	3285.3
118.8	569.2	1568.3	2497.6	3227.1
395.4	550.8	2021.5	2955.6	3566.4
404.0	574.7	2457.9	3060.5	3519.1
0.0	902.5	2405.0	2824.9	3512.2
0.0	857.1	2469.5	2828.0	3575.5
0.0	617.1	2269.1	2819.5	3519.7
0.0	634.6	2129.8	2716.4	3473.3
279.1	798.0	2002.5	2595.7	3480.3
151.9	546.9	1807.3	2440.8	3356.1
67.8	540.0	1733.4	2380.6	3398.7
0.0	501.1	1664.1	2318.6	3403.7
172.8	512.1	1647.9	2304.4	3374.6
167.8	546.3	1605.8	2315.6	3356.6
168.4	589.0	1594.0	2301.6	3363.4
171.4	624.5	1569.2	2282.9	3357.7
170.7	658.6	1568.6	2271.5	3350.6
169.1	675.4	1566.9	2256.2	3364.2
169.0	678.4	1555.9	2266.7	3369.7
169.6	685.0	1538.0	2272.0	3352.8
169.4	694.0	1525.1	2254.9	3341.6
170.2	701.0	1495.2	2287.8	3369.3
171.9	702.2	1425.5	2330.0	3377.0
171.6	698.5	1377.1	2345.5	3358.5
172.4	687.1	1341.1	2369.4	3361.8
173.8	689.6	1279.0	2348.3	3355.3
175.9	661.9	1234.3	2340.3	3361.9
176.5	624.3	1193.3	2363.7	3155.5
176.6	574.4	1156.4	2259.2	2900.4
175.9	474.8	1143.3	2161.5	2977.7
170.6	459.4	1186.3	2060.4	3053.9
163.3	448.4	1437.6	2295.8	3228.8
157.0	443.4	1614.1	2445.9	3342.3
142.9	804.7	1729.1	2506.1	3403.3
138.6	709.8	1698.4	2598.0	3411.8
134.8	871.8	1638.3	2536.3	3478.4
137.9	837.0	1498.6	2472.5	3502.0
142.9	551.2	1366.8	2489.8	3437.2
141.0	556.2	1339.6	2482.4	3438.5
141.2	506.5	1283.4	2484.2	3518.0
146.3	484.1	1234.7	2463.2	3529.3
142.9	489.3	1197.0	2432.0	3533.9
141.2	489.2	1212.2	2453.5	3539.1
138.0	513.7	1259.5	2435.5	3539.0
137.9	524.6	1324.5	2429.8	3540.0
134.8	525.1	1344.8	2421.7	3580.7
134.3	535.9	1383.2	2427.1	3598.3
132.3	522.6	1468.4	2415.5	3637.7
130.4	497.3	1565.4	2415.1	3636.1
130.6	459.3	1640.0	2382.7	3083.0
127.8	447.8	1644.1	2411.8	3042.9
123.7	269.4	1580.7	2485.7	3224.4
110.7	474.3	1768.7	2598.4	3371.1
0.0	612.0	1884.1	2656.4	3552.1
0.0	510.8	2063.6	2662.2	3507.9
134.8	474.4	2187.7	2704.4	3429.1
129.0	571.8	2225.7	2762.4	3489.8
132.0	414.0	2202.0	2831.0	3515.6
134.0	337.3	2193.3	2792.0	3560.8
139.5	335.9	2201.6	2720.9	3595.3
138.3	344.9	2193.6	2709.8	3616.6
140.8	336.5	2173.6	2722.2	3639.9
141.6	330.2	2172.7	2630.6	3619.8
140.9	480.8	2162.1	2632.9	3601.9
140.3	394.5	2152.1	2616.4	3614.9
140.7	425.1	2106.7	2587.8	3589.2
139.8	428.8	2064.9	2554.7	3575.9
140.0	441.2	1996.2	2556.8	3560.0
137.5	495.7	1915.5	2531.8	3610.5
136.3	519.6	1878.1	2528.6	3611.3
132.5	541.2	1834.6	2530.2	3573.0
132.6	529.2	1780.9	2517.9	3599.7
131.6	510.5	1739.2	2506.6	3629.3
129.5	494.4	1669.3	2519.4	3487.6
128.5	412.7	1595.9	2570.5	3411.0
146.3	354.4	1612.3	2558.3	3405.8
107.1	372.5	1632.9	2600.0	3332.5
118.8	724.7	1623.7	2437.8	3206.2
121.2	728.0	1632.7	2487.5	3174.4
130.6	355.3	1445.1	2525.2	3250.1
124.7	374.2	1402.0	2530.8	3102.8
125.1	374.4	1451.1	2530.5	3130.9
127.9	441.6	1541.6	2565.8	3640.0
127.5	535.0	1563.2	2592.3	3648.7
133.5	564.1	1565.0	2567.2	3532.4
130.0	565.7	1543.5	2536.3	3426.4
131.0	576.3	1451.6	2501.3	3330.4
131.3	574.7	1365.4	2423.5	3304.1
130.7	564.5	1290.7	2256.9	3310.8
133.1	551.7	1195.2	1951.6	3312.7
133.3	546.8	1095.0	2123.7	3356.3
132.0	569.4	1069.5	2346.6	3437.8
132.4	538.2	1092.3	2461.4	3510.0
132.9	525.6	1078.0	2509.4	3471.1
131.7	530.9	1094.2	2479.7	3469.9
130.4	540.3	1102.7	2310.7	3479.9
131.6	541.2	1135.4	2248.7	3487.4
131.4	527.5	1173.9	2319.4	3415.0
134.8	551.4	1185.8	2008.1	2654.5
132.5	388.0	1177.7	2222.6	2787.3
131.4	411.8	1178.4	2361.7	2960.3
130.8	543.8	1198.3	1898.7	2978.7
131.5	559.6	1202.9	1943.7	3163.1
128.9	557.1	1173.3	2067.2	3212.1
127.9	574.4	1149.2	2091.1	3235.1
128.2	591.4	1119.7	1991.7	3234.3
127.7	570.7	1062.4	2223.6	3239.2
127.5	602.7	1030.9	2380.7	3139.5
127.3	635.2	1028.1	2391.7	3076.9
126.3	642.3	1017.2	2427.9	3100.4
125.4	624.8	1004.0	2496.4	3128.0
124.6	627.2	1009.7	2501.8	3200.5
125.8	603.6	1020.2	2487.1	3289.6
127.1	614.4	1021.2	2516.4	3408.5
127.9	615.3	1012.5	2513.6	3510.6
127.7	568.2	979.0	2496.5	3598.4
127.1	534.7	972.4	2507.6	3625.4
126.0	533.8	954.2	2488.2	3554.5
125.9	513.3	941.9	2481.5	3545.8
125.7	574.7	1010.7	2485.0	3547.1
126.2	584.7	1070.8	2493.0	3454.6
126.5	562.6	1101.7	2500.6	3326.8
124.6	538.5	1092.0	2466.3	3258.7
122.3	440.3	1057.5	2414.1	3226.6
109.1	285.2	1110.3	2386.9	3293.0
123.7	257.3	1236.9	2476.4	3377.2
129.0	380.1	1499.2	2440.7	3372.7
129.0	455.3	1580.2	2401.8	3391.5
131.7	206.6	1637.4	2523.9	3414.4
133.3	609.5	1540.9	2520.9	3344.2
0.0	563.8	1160.9	2387.1	3246.8
0.0	589.4	1179.0	2362.5	3248.6
126.1	620.8	1201.0	2334.9	3237.5
125.9	614.5	1195.0	2316.2	3248.1
122.3	616.5	1166.4	2302.6	3232.3
124.3	602.5	1138.2	2283.3	3221.0
123.8	590.0	1124.0	2263.0	3164.6
124.0	556.3	1105.6	2251.2	3169.4
123.7	547.2	1103.8	2234.1	3039.0
127.8	558.1	1113.0	2199.4	2863.2
125.6	569.7	1155.5	2123.4	2836.5
126.4	508.9	1184.3	2205.3	2908.7
121.7	386.1	1186.2	2319.4	3159.9
114.8	385.3	1203.4	2279.8	3168.6
88.2	394.8	1229.1	2241.7	3022.8
127.7	406.9	1270.2	2214.0	3052.6
133.3	382.2	1247.1	2172.2	3010.4
140.7	383.4	1232.1	2170.2	3035.9
137.5	399.7	1246.6	2126.2	2879.7
137.1	559.6	1287.1	1994.2	2908.5
131.4	560.8	1380.1	2169.8	3443.0
123.1	570.4	1429.7	2270.5	3480.8
119.7	588.3	1433.0	2280.4	3410.9
119.8	608.6	1426.9	2359.6	3387.2
120.7	609.3	1455.8	2326.1	3372.5
121.2	609.7	1475.3	2350.5	3342.4
118.8	620.2	1436.9	2347.9	3325.5
119.4	627.4	1426.2	2209.0	3201.9
120.1	624.7	1416.3	2259.8	3266.9
120.0	615.8	1421.8	2305.7	3284.3
120.5	617.3	1421.5	2323.7	3241.2
120.0	611.4	1430.1	2361.8	3260.6
119.9	618.3	1445.4	2315.7	3232.1
119.9	646.0	1463.3	2392.4	3281.8
119.1	633.3	1534.4	2345.2	3284.3
119.0	624.6	1587.8	2299.5	3269.3
119.4	599.0	1644.1	2342.3	3317.6
119.1	603.8	1681.9	2342.8	3329.9
119.2	592.5	1714.6	2343.9	3326.2
119.8	572.7	1768.9	2401.2	3346.1
120.1	546.4	1783.5	2398.3	3437.6
121.5	512.9	1764.8	2373.1	3483.8
122.1	479.6	1684.5	2334.7	3462.5
122.4	455.3	1625.2	2308.5	3393.9
118.4	345.1	1608.1	2304.7	3308.9
117.6	795.5	1634.7	2476.3	3329.0
137.4	773.3	1562.9	2664.7	3320.9
134.8	876.5	1773.5	2608.2	3415.2
352.9	831.0	1667.0	2868.8	3651.2
0.0	759.1	1636.6	3037.0	3752.1
0.0	801.4	1753.6	2969.7	3785.2
260.9	821.1	1644.6	2892.6	3825.3
0.0	656.7	1683.9	2996.9	3892.4
363.6	881.3	1705.6	2977.1	3863.7
521.7	872.6	1720.8	2976.7	3815.6
521.7	926.5	1745.1	3095.0	3740.8
107.1	1265.2	1749.6	3151.4	3729.6
109.1	1131.3	1555.4	2976.9	3744.1
0.0	877.8	1533.2	2977.0	3774.8
0.0	745.2	1459.9	2861.1	3704.9
571.4	943.6	1614.2	2974.7	3691.2
70.2	877.1	1651.7	2996.0	3575.0
0.0	931.5	1478.9	2907.2	3515.0
0.0	985.3	1647.1	2927.7	3408.3
0.0	840.4	1819.4	2700.4	3235.2
151.9	878.0	1492.8	2245.5	3191.1
171.4	715.0	1328.4	2239.6	3211.2
0.0	645.8	1297.5	2349.2	3213.1
250.0	747.9	1274.9	2437.9	3279.5
0.0	1060.6	1854.2	2755.7	3335.4
0.0	787.2	1725.9	2470.8	3319.9
169.0	617.4	1543.1	2086.4	3338.8
