0.0	0.0	0.0	0.0	0.0
0.0	0.0	0.0	0.0	0.0
0.0	0.0	0.0	0.0	0.0
0.0	808.4	1788.7	2655.4	3261.9
0.0	920.8	1867.2	2717.5	3466.2
0.0	911.9	1898.5	2646.9	3466.6
0.0	907.5	1794.9	2537.8	3365.5
0.0	947.4	1716.9	2654.1	3357.8
0.0	856.5	1824.2	2636.7	3412.9
0.0	761.8	1795.6	2607.4	3366.2
0.0	746.2	1634.3	2591.4	3345.6
285.7	812.1	1767.2	2592.5	3434.3
0.0	773.1	1804.3	2576.7	3501.3
0.0	776.1	1801.9	2542.8	3443.5
0.0	919.8	1871.3	2665.1	3444.9
88.2	859.8	1626.5	2604.7	3538.5
160.0	466.7	1547.7	2502.9	3515.1
148.1	709.1	1682.0	2519.6	3345.7
0.0	557.2	1466.8	2481.1	3465.9
0.0	440.2	1374.8	2470.8	3602.6
0.0	457.8	1440.0	2540.8	3463.5
142.9	501.8	1438.4	2655.3	3302.8
142.9	513.9	1460.3	2325.1	3178.6
142.7	507.4	1407.1	2042.7	3130.0
142.8	539.6	1385.9	1862.1	3071.3
144.5	503.8	1319.1	1692.1	3084.4
146.0	507.2	1237.3	1586.4	3067.4
148.6	493.5	1153.1	1534.6	3106.7
149.3	473.7	1070.0	1477.6	3121.8
149.3	480.6	933.2	1530.6	3101.7
147.9	437.5	864.0	1541.7	3063.8
146.2	455.3	871.3	1587.2	3057.8
144.4	462.6	865.7	1598.9	3069.5
144.1	457.7	909.3	1635.1	3144.7
144.8	489.7	951.3	1678.6	3148.2
144.7	493.4	1071.8	1701.7	3145.7
143.6	500.5	1163.2	1713.6	3162.9
143.1	500.8	1228.2	1709.4	3224.7
142.5	480.6	1307.4	1723.3	3089.1
142.8	467.6	1582.1	2039.2	3404.5
140.9	461.9	1321.5	2182.2	3421.4
144.6	373.0	726.6	2209.5	3309.2
146.3	368.5	781.0	2230.7	3285.2
146.3	392.0	864.4	2225.3	3302.9
151.9	450.8	1170.5	2253.8	3330.3
150.2	458.1	1231.5	2300.0	3201.6
155.9	525.8	1232.6	2325.7	3100.8
152.5	539.8	1195.1	2267.7	3229.1
157.0	507.0	1095.1	2267.0	3183.6
161.1	494.2	1027.0	2313.4	3167.3
163.7	482.9	981.8	2342.5	3187.2
167.1	496.1	944.0	2374.0	3212.9
169.3	439.3	920.5	2383.1	3259.3
170.1	438.8	994.4	2357.0	3310.3
169.5	455.6	1080.6	2298.3	3398.5
165.2	480.4	1142.6	2216.4	3389.2
158.2	489.0	1525.9	2241.8	3304.0
153.0	504.9	1724.9	2096.2	3372.8
112.1	1143.9	1853.1	2325.2	3370.3
0.0	530.7	1780.1	2585.6	3440.4
0.0	675.6	1680.0	2737.0	3510.2
0.0	815.5	1635.6	2551.9	3383.5
0.0	897.2	1646.2	2231.0	3209.0
0.0	785.4	1660.9	2278.5	3026.9
0.0	748.9	1596.6	2243.7	3050.7
0.0	744.3	1589.3	2385.5	3094.2
0.0	968.0	1643.4	2629.4	3169.7
413.8	852.8	1601.9	2528.1	3176.7
428.6	568.2	1354.0	1732.4	2969.9
0.0	551.0	1215.3	1738.1	2945.1
173.7	559.4	1292.3	1796.4	2971.0
169.5	571.7	1341.0	1914.9	3030.6
169.4	587.7	1359.5	2055.5	3033.2
169.9	599.2	1370.3	2046.2	2987.7
167.5	609.6	1422.5	2300.7	2986.3
166.9	614.4	1491.6	2783.0	3084.0
165.9	621.0	1504.8	2660.3	3136.5
166.7	631.7	1510.3	2307.8	2990.2
169.0	630.3	1523.8	2252.1	2983.9
169.0	623.5	1546.1	2279.7	2977.9
171.6	616.2	1582.1	2531.5	2996.4
171.4	589.9	1605.0	2381.4	3074.1
176.5	558.1	1613.0	2015.9	3145.3
179.1	543.9	1621.4	1956.2	3150.0
179.1	478.8	1633.8	1960.0	3306.7
178.5	460.4	1686.8	2009.3	3425.3
173.5	585.5	1705.4	2107.9	3238.0
163.9	1015.9	1714.6	2253.2	3167.8
144.4	964.9	1661.9	2245.6	3095.1
0.0	889.7	1598.7	2191.9	3156.6
0.0	971.6	1691.4	2361.7	3456.7
0.0	1081.2	2011.4	3007.6	3597.2
0.0	1149.6	2038.8	2994.6	3617.8
78.9	1125.5	2127.9	3093.9	3604.3
181.8	1196.2	2201.3	3161.0	3687.6
0.0	1259.3	2216.3	3075.6	3663.1
0.0	1111.6	1957.0	3029.6	3540.2
500.0	611.5	1435.1	2695.5	3524.3
0.0	465.5	1378.5	2390.4	3402.6
162.2	480.6	1349.1	2325.0	3270.6
156.7	474.5	1398.8	2323.3	3320.2
154.3	480.9	1416.5	2262.5	3307.4
152.0	440.9	1351.4	2221.0	3355.6
149.5	443.2	1283.9	2204.1	3494.3
146.3	414.9	1204.8	2142.6	3526.7
143.1	446.6	1263.9	2216.9	3478.0
141.8	438.3	1256.6	2163.3	3510.9
141.5	423.0	1322.1	2108.1	3582.7
144.2	406.0	1473.8	2118.4	3448.3
146.5	395.1	1644.2	2174.7	3412.7
150.1	395.9	1777.7	2171.2	3375.6
151.4	385.7	1839.0	2192.0	3421.8
151.7	375.1	1871.5	2223.8	3395.2
152.3	364.3	1876.0	2240.6	3284.4
153.4	369.2	1867.2	2297.4	3302.6
154.0	388.1	1840.8	2344.4	3311.1
154.3	388.1	1772.8	2347.7	3352.9
154.1	390.1	1646.8	2344.6	3337.0
151.9	443.0	1443.6	2313.1	3366.8
151.9	389.9	1392.1	2323.4	3371.4
70.7	316.7	1385.2	2331.3	3393.3
139.9	306.0	1432.6	2356.7	3391.0
139.5	374.5	1495.8	2414.9	3416.2
0.0	453.8	1564.1	2443.3	3412.2
153.8	451.9	1609.5	2374.2	3412.7
153.0	441.7	1592.1	2253.4	3455.4
149.9	434.7	1535.0	2108.5	3437.9
145.4	430.0	1472.1	2146.8	3520.6
140.9	479.4	1432.3	2163.2	3485.1
134.6	489.1	1418.1	2222.5	3338.6
125.0	489.5	1394.1	2287.4	3416.4
120.0	511.1	1416.0	2308.3	3496.0
120.0	462.8	1432.9	2373.8	3607.9
120.2	469.1	1392.2	2359.9	3521.7
120.5	450.9	1385.1	2349.5	3516.9
129.6	454.5	1353.8	2334.9	3587.3
137.9	468.2	1305.6	2332.3	3597.2
149.8	455.1	1270.2	2344.6	3522.4
155.7	396.7	1275.3	2341.9	3437.4
163.5	387.5	1247.3	2349.3	3296.9
166.7	387.4	1218.5	2354.2	3250.8
169.5	383.6	1205.1	2355.2	3228.0
169.4	390.0	1197.8	2365.1	3295.3
168.9	396.0	1199.7	2341.9	3344.5
168.2	401.7	1194.4	2362.8	3296.8
166.1	415.6	1193.4	2384.3	3257.5
163.9	416.0	1194.8	2415.8	3312.7
163.5	416.2	1188.0	2418.4	3328.7
162.5	416.1	1163.7	2431.7	3308.9
162.3	419.5	1167.0	2420.0	3321.0
162.7	418.2	1154.3	2415.4	3376.5
162.9	414.5	1141.5	2404.3	3411.5
163.7	417.6	1138.9	2412.2	3347.3
163.6	416.3	1124.4	2421.3	3332.4
162.9	422.5	1129.2	2402.4	3339.8
163.9	411.0	1104.6	2379.6	3318.1
164.0	402.7	1099.8	2356.9	3351.6
163.1	410.0	1098.9	2321.2	3437.4
162.3	424.4	1102.5	2278.0	3411.0
158.5	427.4	1119.6	2285.4	3341.3
157.6	415.0	1157.3	2235.4	3291.4
153.8	412.7	1148.4	2262.0	3139.4
150.0	431.4	1288.5	2330.1	3151.7
144.6	589.0	1995.9	2428.6	3249.9
139.5	759.8	2162.9	2405.1	3346.5
140.7	643.8	2216.1	2556.3	3296.2
139.9	684.6	2217.1	2492.1	3158.0
146.3	556.6	2222.5	2421.7	3088.0
155.8	858.6	2220.1	2589.7	3031.0
160.5	351.4	2143.6	2640.0	2866.2
170.9	416.2	1076.5	2163.4	3211.5
167.0	493.8	1130.8	2156.6	3241.6
161.9	527.8	1127.1	2023.0	3185.4
160.6	553.8	1129.3	1930.3	3211.0
157.6	536.0	1126.3	1854.3	3213.5
154.0	535.9	1115.4	1789.1	3076.5
150.9	520.2	1114.3	1731.6	3082.9
147.8	524.7	1097.0	1649.8	3198.6
143.6	604.5	1087.9	1590.9	3121.7
141.2	609.7	1089.2	1530.1	3091.7
138.3	628.3	1097.1	1514.0	3111.8
136.1	588.5	1088.7	1443.5	3154.5
133.3	564.4	1106.5	1434.1	3148.8
133.9	548.0	1142.1	1524.6	3138.7
137.2	505.2	1062.0	1966.5	3242.6
135.5	555.9	1177.2	2282.3	3318.1
128.4	266.7	1011.7	2364.4	3235.5
66.1	377.0	1339.5	2501.6	3296.6
136.5	374.2	1545.1	2484.3	3388.8
137.5	419.2	1646.2	2356.5	3390.0
135.6	386.8	1397.9	2487.4	3365.0
134.5	271.1	920.3	2381.9	3338.6
132.1	267.7	901.0	2157.3	3249.9
130.4	894.4	1158.0	2203.9	3195.7
0.0	413.4	1121.1	2290.8	3285.3
142.9	423.4	1142.4	2280.9	3450.8
142.1	415.8	1158.5	2239.3	3547.0
145.0	411.4	1177.5	2240.5	3615.4
146.0	419.4	1188.6	2286.6	3571.1
145.8	434.9	1177.1	2334.7	3518.5
144.1	459.1	1173.1	2313.0	3573.9
143.3	381.2	1207.9	2282.8	3591.5
143.3	371.0	1246.0	2291.3	3596.5
142.6	347.6	1252.8	2289.0	3398.1
141.8	343.5	1250.1	2284.4	3141.4
141.7	328.9	1263.2	2270.4	3162.8
140.9	312.8	1289.2	2289.1	3173.2
140.7	298.6	1325.8	2295.0	3105.8
142.7	334.3	1343.6	2252.1	3270.7
144.0	306.0	1410.0	2382.5	3297.7
155.7	253.4	1494.9	2479.8	3264.2
97.6	1049.5	1906.4	2543.3	3422.8
218.2	913.4	1816.3	2604.1	3515.2
0.0	940.4	1757.7	2620.9	3465.9
0.0	912.8	1842.2	2457.9	3479.1
0.0	666.9	1619.1	2372.7	3346.9
0.0	827.6	1706.4	2469.2	3170.8
0.0	864.3	1664.6	2499.2	3070.9
0.0	889.1	1785.0	2767.2	3158.2
375.0	1256.5	2353.8	3078.4	3385.8
110.5	771.9	2332.7	3086.5	3469.6
0.0	445.2	2384.4	3131.3	3525.9
0.0	941.4	2390.7	3103.6	3480.5
133.3	1117.5	2432.7	3060.2	3380.4
0.0	1127.1	2219.5	3027.6	3211.2
0.0	809.6	2359.3	3015.3	3385.6
0.0	758.9	2355.5	3011.7	3529.0
352.9	1107.4	2401.2	2969.3	3491.4
96.8	1011.3	2345.9	2895.9	3567.4
0.0	1071.8	2349.7	2829.9	3514.8
0.0	883.6	2284.8	2780.0	3435.2
106.2	825.9	2235.2	2725.3	3321.9
0.0	690.9	1770.1	2545.6	3226.3
0.0	642.7	1380.5	2433.3	3154.9
0.0	570.6	1297.0	2305.8	3429.4
99.2	702.3	1878.9	2721.5	3743.9
70.6	752.6	1852.8	2783.8	3856.0
0.0	775.6	2050.4	2821.5	3914.0
0.0	772.2	1749.1	2676.8	3883.2
0.0	754.8	1661.3	2611.6	3864.0
428.6	774.0	1639.7	2609.6	3856.8
363.6	745.9	1670.6	2632.0	3829.0
157.9	755.5	1695.6	2656.5	3868.5
0.0	775.8	1678.3	2591.8	3833.5
0.0	747.1	1611.3	2585.7	3808.1
0.0	760.0	1611.6	2625.8	3842.8
0.0	776.2	1626.5	2592.8	3750.4
500.0	762.5	1577.3	2496.1	3517.9
150.0	762.4	1581.8	2604.8	3541.8
0.0	785.1	1636.7	2652.1	3464.1
