0.0	0.0	0.0	0.0	0.0
0.0	0.0	0.0	0.0	0.0
0.0	0.0	0.0	0.0	0.0
0.0	1123.5	1772.6	2626.3	3448.2
0.0	903.3	1802.2	2627.3	3443.0
0.0	711.2	1712.1	2556.9	3389.2
0.0	861.4	1911.8	2565.7	3297.6
0.0	825.1	1867.9	2665.7	3410.3
0.0	812.5	1931.3	2649.8	3420.8
0.0	770.2	1879.8	2615.6	3432.8
89.6	822.8	1852.8	2561.0	3461.1
0.0	766.9	1956.2	2568.7	3435.8
0.0	760.4	1984.1	2661.0	3501.9
0.0	714.6	2100.3	2726.7	3446.3
0.0	789.1	2049.5	2774.5	3509.4
0.0	789.3	2128.7	2823.2	3639.6
108.1	781.9	2214.0	2838.6	3603.8
279.1	696.6	2190.1	2828.2	3397.0
0.0	777.7	2031.9	2748.6	3318.7
0.0	828.1	2184.0	2784.0	3489.2
300.0	815.5	2226.0	2783.1	3499.7
400.0	641.5	2123.4	2885.0	3389.2
0.0	892.9	2214.0	2937.0	3560.8
148.1	881.1	2251.6	2938.0	3684.6
155.8	732.6	1943.2	2902.8	3670.9
0.0	773.4	2036.6	2868.4	3663.4
92.3	833.1	2126.7	2911.2	3503.7
324.3	796.2	2205.5	2950.0	3468.0
0.0	766.8	2132.6	2902.2	3367.7
222.2	625.7	2190.9	2915.2	3400.4
0.0	525.2	2222.6	2913.2	3516.7
0.0	369.9	2259.8	2921.4	3599.9
187.3	336.8	2276.5	2956.0	3656.1
147.7	324.0	2283.2	2927.9	3636.8
147.9	340.0	2298.2	2921.6	3624.3
148.4	328.3	2309.9	2890.0	3588.6
149.4	329.3	2321.0	2854.0	3582.9
150.3	343.3	2311.9	2805.6	3549.8
151.0	329.3	2261.1	2735.0	3512.0
150.4	345.5	2158.5	2680.7	3457.5
150.3	333.3	2029.8	2669.6	3425.6
150.4	332.6	1833.5	2655.8	3376.0
150.1	332.8	1624.6	2654.3	3351.5
149.2	341.0	1379.1	2654.1	3309.8
148.0	382.7	1228.4	2644.0	3296.8
144.9	398.7	1128.7	2655.7	3293.8
142.8	421.9	1125.3	2613.7	3289.7
140.4	422.5	1158.5	2611.9	3306.8
138.0	439.0	1217.7	2612.6	3311.9
136.8	419.2	1265.3	2612.2	3327.5
137.5	404.7	1366.1	2625.9	3362.8
134.5	407.1	1491.8	2643.1	3361.0
133.5	402.4	1584.4	2672.2	3400.7
133.0	394.6	1667.8	2705.1	3394.2
131.9	382.8	1675.1	2738.3	3244.7
131.6	345.1	1591.1	2762.1	3226.6
130.0	249.0	1561.5	2715.7	3237.4
77.8	253.3	1575.8	2661.7	3362.5
121.5	260.7	1555.1	2662.4	3318.9
131.6	247.3	1542.8	2516.3	3150.8
205.7	322.9	1694.7	2355.9	3465.8
0.0	317.0	1888.3	2447.0	3603.6
188.4	331.9	1257.4	2276.9	3005.6
185.3	315.1	1168.3	2260.9	2873.7
0.0	409.8	1310.6	2483.5	2979.9
275.4	624.4	1432.0	2892.1	3421.6
270.4	647.1	1443.7	2910.2	3570.4
128.1	658.5	1440.3	2805.9	3513.8
125.6	673.1	1430.8	2824.0	3547.1
124.5	683.7	1433.7	2800.2	3403.1
124.5	689.5	1410.1	2868.4	3443.6
123.6	691.9	1420.1	2758.8	3482.4
123.5	695.5	1413.2	2747.2	3582.1
122.4	688.2	1436.7	2836.7	3537.1
131.4	680.1	1474.3	2666.3	3208.3
63.5	661.4	1490.2	2706.8	3291.3
63.5	598.2	1563.7	2674.2	3409.2
210.3	549.9	1639.4	2699.9	3635.7
0.0	502.2	1645.1	2650.9	3499.9
0.0	403.7	1747.2	2611.4	3262.4
87.0	245.5	1893.3	2574.0	3191.4
106.2	282.6	1967.2	2505.0	3291.8
222.2	1112.0	2058.1	2554.7	3427.2
255.3	1142.3	2025.1	2452.8	3507.1
0.0	265.4	1040.5	2245.4	3359.5
244.9	241.2	1005.0	2201.9	3274.5
244.9	635.8	1683.5	2558.4	3271.8
266.7	604.3	1962.1	2670.3	3345.0
250.0	668.3	1907.7	2714.6	3253.6
222.2	554.4	1792.4	2672.9	3237.9
0.0	476.4	1907.6	2761.2	3412.1
352.9	562.8	2068.7	2828.3	3506.6
400.0	960.3	2083.3	2809.8	3450.0
428.6	987.8	2120.3	2739.0	3371.4
292.7	562.5	2087.2	2662.4	3481.5
100.8	627.9	1955.8	2732.1	3483.1
0.0	575.5	1898.8	2595.6	3327.0
175.2	464.0	1909.3	2498.6	3309.0
143.0	503.4	1876.8	2471.4	3298.4
138.2	528.5	1813.3	2371.2	3257.4
134.1	522.0	1785.5	2311.5	3266.2
129.8	532.3	1757.1	2302.3	3305.2
127.7	529.4	1692.1	2200.7	3310.5
127.8	526.5	1611.1	2141.4	3294.9
127.2	529.8	1611.7	2153.9	3262.7
127.9	530.4	1601.1	2067.0	3294.3
127.5	527.8	1551.9	1961.8	3323.6
127.2	526.7	1556.4	1938.7	3320.6
126.7	525.3	1552.1	1934.0	3297.7
126.7	522.2	1551.9	1980.3	3298.6
126.3	520.9	1536.6	2034.8	3332.1
126.2	511.7	1556.2	2100.4	3381.8
125.0	503.0	1608.4	2138.1	3344.5
124.1	489.0	1707.0	2143.7	3327.5
123.8	480.0	1735.9	2231.9	3324.3
124.1	462.0	1754.8	2289.8	3355.4
123.5	446.2	1825.4	2397.2	3352.7
123.8	425.0	1951.4	2423.9	3402.5
122.3	401.1	2022.0	2482.9	3387.7
120.7	399.7	2081.6	2601.1	3390.5
118.5	392.6	2137.8	2705.0	3388.7
116.7	387.2	2097.5	2767.8	3347.9
120.3	391.4	2080.5	2818.7	3406.8
113.6	416.0	2102.0	2833.4	3378.5
0.0	429.5	2056.6	2799.1	3373.3
0.0	434.5	2001.7	2730.8	3402.5
106.0	439.0	1920.6	2681.2	3383.4
136.2	465.8	1817.0	2606.1	3343.3
0.0	479.5	1694.0	2497.7	3317.5
0.0	501.9	1551.2	2356.7	3290.9
133.2	464.7	1433.5	2318.0	3282.0
104.5	507.6	1227.6	2173.1	3263.0
103.8	243.1	1100.2	2116.1	3227.2
108.7	239.7	1046.6	2284.9	3355.4
116.5	259.8	1027.3	2309.6	3325.8
118.0	254.0	1071.4	2352.7	3322.6
123.7	265.2	1321.1	2447.7	3311.9
128.8	259.8	1492.5	2484.9	3193.6
134.8	264.1	1760.8	2519.9	3295.2
127.7	937.7	1810.3	2682.9	3412.6
135.8	845.2	1459.5	2322.9	3162.7
0.0	391.9	1165.1	1886.0	3117.7
0.0	385.3	1226.7	1879.6	3165.2
0.0	394.0	1345.9	1900.4	3186.5
122.1	412.3	1485.0	1969.4	3178.2
122.1	408.9	1592.8	2050.6	3185.2
121.4	406.7	1695.1	2134.2	3181.4
120.4	393.1	1797.9	2287.8	3189.3
120.3	400.8	1873.1	2396.2	3214.2
120.7	399.2	1928.5	2553.0	3204.2
121.1	385.4	1978.9	2710.8	3249.5
124.2	374.1	2024.7	2772.0	3299.0
124.5	377.7	2041.0	2798.0	3339.6
125.3	387.1	2080.9	2834.1	3400.1
125.4	380.5	2086.2	2812.3	3479.7
125.3	380.2	1957.8	2747.0	3516.8
121.6	878.3	1764.2	2712.9	3537.2
118.0	943.3	1862.4	2744.5	3553.8
123.7	1201.4	1865.3	2674.1	3548.9
0.0	954.1	1661.2	2599.8	3489.8
285.7	945.2	1716.3	2488.6	3490.9
0.0	1152.0	1839.2	2503.7	3479.4
352.9	1006.7	1943.9	2547.8	3464.3
500.0	870.5	2023.4	2809.6	3573.5
65.6	645.7	2050.0	2945.9	3545.3
203.4	1158.9	2387.0	2937.0	3602.3
84.5	1109.9	2369.8	2929.2	3588.8
521.7	957.5	2282.3	2886.1	3540.1
0.0	923.4	2340.5	2921.1	3476.3
0.0	713.2	2324.5	2977.7	3509.9
0.0	785.4	2242.7	2949.4	3504.5
0.0	759.9	2144.4	2893.7	3435.9
0.0	702.0	2190.7	2883.7	3446.3
0.0	731.4	2160.4	2783.5	3385.8
0.0	777.3	2153.4	2750.5	3397.0
0.0	436.3	2165.7	2759.0	3501.6
0.0	489.6	2117.5	2751.9	3509.5
137.2	519.9	2061.9	2667.2	3500.7
127.6	512.0	2038.0	2677.8	3378.7
122.6	509.1	2015.4	2690.8	3419.2
115.9	539.2	2014.0	2733.2	3462.2
110.2	528.5	1994.7	2735.3	3388.8
125.8	532.7	2014.5	2738.2	3320.0
0.0	520.3	2022.7	2769.6	3467.6
0.0	506.7	2016.0	2778.3	3439.5
0.0	487.0	2068.5	2786.1	3324.7
0.0	479.2	2088.0	2779.6	3368.0
0.0	481.6	2098.9	2764.8	3533.4
0.0	447.4	2088.9	2784.9	3404.9
0.0	455.1	2101.6	2744.8	3245.7
0.0	493.1	2089.3	2690.1	3312.4
0.0	441.7	2054.3	2747.7	3251.3
116.5	544.2	2008.2	2613.3	3019.9
125.0	752.5	1985.1	2732.0	3611.7
126.5	786.7	1925.1	2697.6	3706.0
127.7	759.0	1893.6	2730.9	3777.7
0.0	828.0	1936.9	2840.4	3763.4
461.5	729.1	1857.1	2830.9	3639.7
105.3	728.7	1885.9	2908.6	3696.5
461.5	719.3	1927.6	2904.4	3767.6
461.5	819.1	1842.6	2936.6	3630.5
300.0	730.5	1809.8	2894.0	3585.5
400.0	759.8	1810.1	2812.3	3593.1
571.4	776.6	1780.6	2895.5	3585.8
142.9	783.6	1737.3	2889.2	3517.7
0.0	817.5	1727.7	2909.4	3576.1
68.2	743.3	1726.9	2921.1	3572.0
129.0	748.3	1779.7	2887.6	3587.6
176.5	632.5	1812.6	2824.3	3563.5
214.3	801.7	1793.8	2820.3	3534.9
157.9	732.9	1730.4	2756.5	3521.4
292.7	777.4	1718.9	2814.7	3513.9
240.0	767.1	1680.1	2817.9	3463.6
129.0	700.0	1711.9	2788.9	3488.3
0.0	806.6	1776.6	2722.6	3353.2
0.0	881.4	1754.0	2540.0	3337.5
0.0	878.0	1711.5	2447.9	3331.8
0.0	714.8	1684.2	2363.3	3330.7
83.9	814.5	1693.9	2507.5	3365.5
0.0	782.9	1625.8	2423.8	3287.0
0.0	795.6	1620.2	2500.7	3248.0
0.0	798.4	1646.1	2345.1	3264.2
480.0	980.4	1633.9	2310.8	3216.4
131.9	817.3	1614.3	2534.3	3331.4
0.0	791.6	1553.9	2472.9	3418.2
0.0	837.7	1556.9	2450.0	3267.9
0.0	811.5	1570.1	2480.2	3263.5
70.6	799.7	1591.0	2463.3	3336.5
0.0	771.3	1510.9	2160.8	3260.6
0.0	753.6	1493.7	2205.1	3291.3
171.4	546.8	1540.8	2253.7	3303.5
125.0	657.1	1498.1	2226.2	3310.3
