0.0	0.0	0.0	0.0	0.0
0.0	0.0	0.0	0.0	0.0
0.0	0.0	0.0	0.0	0.0
0.0	812.8	1713.2	2410.6	3504.9
0.0	734.5	1770.5	2337.4	3298.8
0.0	837.4	1799.3	2333.5	3206.3
206.9	821.0	1818.3	2410.6	3253.9
0.0	638.9	1777.8	2339.8	3177.4
0.0	679.7	1703.9	2356.4	3197.8
0.0	679.1	1851.1	2477.0	3412.0
0.0	893.0	1905.0	2645.1	3482.7
0.0	739.4	1836.2	2664.9	3496.5
0.0	685.5	1853.5	2671.4	3489.1
0.0	838.0	1836.3	2670.8	3357.2
0.0	864.4	1732.9	2640.9	3330.9
0.0	856.1	1819.5	2484.3	3219.0
0.0	559.0	1928.6	2438.8	3231.3
0.0	565.1	2170.2	2747.3	3463.4
0.0	745.0	2111.3	2811.6	3317.2
250.0	761.4	2101.7	2771.7	3143.5
250.0	622.0	2025.9	2788.2	3173.7
110.1	603.1	2280.9	2801.4	3283.9
113.2	601.8	2316.6	2792.9	3345.0
0.0	641.5	2198.0	2725.8	3259.6
0.0	349.6	2212.6	2719.2	3295.6
0.0	356.2	2327.4	2808.4	3522.6
107.3	363.7	2327.2	2780.5	3570.9
102.7	362.2	2315.0	2701.9	3497.0
100.3	344.0	2259.1	2686.7	3491.3
100.1	372.7	2210.4	2603.5	3455.7
100.0	366.1	2155.2	2514.8	3360.2
100.3	385.5	2063.3	2382.8	3295.6
100.4	439.0	1912.2	2300.6	3314.1
100.9	456.6	1809.5	2171.1	3270.0
101.0	483.7	1614.7	2036.7	3236.8
100.7	508.2	1487.9	1901.4	3195.5
100.6	534.7	1433.5	1736.8	3280.6
100.5	570.5	1409.7	1704.3	3331.4
100.6	569.7	1414.8	1714.3	3308.7
101.1	584.3	1439.4	1726.5	3248.8
102.6	592.8	1463.6	1723.1	3214.2
105.1	588.5	1501.9	1722.1	3220.4
106.7	605.7	1533.6	1758.5	3500.3
108.1	598.8	1553.6	1815.5	3526.2
109.2	571.9	1569.8	1990.7	3551.9
108.7	529.6	1479.3	2186.7	3554.0
111.0	439.5	1495.5	2258.8	3577.9
115.6	388.3	1487.6	2292.8	3591.1
115.5	599.8	1607.0	2413.4	3528.9
118.5	596.4	1643.9	2568.3	3550.0
121.0	607.1	1652.4	2604.7	3558.5
117.3	599.1	1658.7	2699.3	3578.1
115.0	574.9	1634.1	2687.7	3592.1
112.6	665.6	1586.6	2701.8	3670.8
109.2	688.0	1640.5	2693.3	3635.4
125.0	705.1	1709.3	2720.5	3724.2
0.0	753.2	1958.6	3113.7	4019.8
141.2	957.9	2090.4	3178.4	4421.2
120.0	965.5	2178.1	3181.9	4667.8
0.0	537.0	1939.3	3061.8	4144.9
200.0	820.0	2061.9	3074.1	4185.7
200.0	972.0	2038.6	3069.3	4178.9
153.8	997.9	2113.0	3073.7	4327.2
0.0	683.8	2157.8	2994.4	4061.6
0.0	413.7	1687.3	2885.2	3821.7
0.0	841.6	1781.1	2918.3	3974.3
126.3	975.0	1817.8	2760.0	3627.4
88.9	736.7	1705.9	2640.4	3609.1
92.3	880.8	1672.6	2601.1	3633.0
0.0	883.3	1676.5	2462.6	3546.2
0.0	936.6	1840.7	2573.4	3320.5
0.0	1113.8	1926.8	2569.0	3217.1
0.0	448.5	1114.0	2686.7	3307.8
144.7	490.4	1057.5	2721.2	3453.9
122.5	549.7	1048.8	2728.3	3572.7
116.9	540.6	1080.3	2704.8	3517.7
113.6	548.0	1166.6	2711.9	3450.5
111.7	537.9	1329.4	2701.5	3552.5
112.1	543.4	1533.6	2615.3	3567.2
110.7	554.6	1780.4	2653.3	3481.7
110.9	558.3	1918.2	2600.9	3271.1
110.1	540.1	2037.5	2571.1	3121.8
110.1	493.6	2100.9	2589.4	3243.8
108.5	510.0	2153.8	2552.1	3160.5
106.6	501.1	2182.5	2553.5	3204.9
105.4	522.3	2153.7	2557.5	3308.7
104.2	501.4	2108.7	2526.6	3297.0
102.7	527.9	2051.7	2472.4	3229.6
101.1	545.9	1990.6	2406.1	3206.5
99.7	531.8	1851.1	2298.9	3169.0
97.2	498.9	1746.1	2204.2	3246.1
96.3	587.8	1610.6	2109.9	3256.7
95.9	665.2	1507.1	1968.9	3254.1
95.9	681.6	1481.6	1880.8	3255.1
96.0	667.9	1461.1	1811.0	3291.4
95.7	650.5	1447.3	1757.2	3277.6
96.0	654.0	1434.2	1746.0	3256.4
96.2	656.6	1423.5	1756.1	3234.6
96.4	618.2	1490.8	1791.2	3215.7
97.1	514.0	1532.8	1820.0	3167.6
98.4	519.3	1568.0	1905.7	3116.3
99.1	513.8	1599.9	1973.9	3074.6
99.3	553.4	1668.6	2023.3	3071.2
99.6	532.3	1698.6	2122.0	2983.8
99.2	543.2	1700.6	2388.2	3287.4
98.2	562.5	1736.2	2453.4	3587.3
96.2	528.0	1733.0	2394.6	3541.1
94.3	532.8	1804.7	2661.6	3390.0
90.2	1390.0	2263.5	3029.6	3379.7
85.1	1279.5	2543.2	3081.3	3456.5
87.0	1181.6	2568.7	3041.0	3502.6
0.0	1072.6	2415.2	2974.2	3561.5
461.5	1145.4	2350.4	3001.4	3560.9
0.0	1104.1	2471.0	3008.0	3500.9
0.0	607.0	2406.1	3030.9	3509.0
0.0	590.1	2413.4	3056.3	3469.6
200.0	542.9	2425.0	3082.4	3437.9
285.7	1448.7	2429.8	3121.1	3461.2
155.8	1091.5	2388.2	3113.8	3413.1
65.6	1135.8	2285.3	3087.5	3538.2
0.0	1155.4	2185.4	3005.4	3567.4
0.0	816.1	1993.7	2969.0	3578.3
480.0	1076.0	2186.3	3135.7	3581.0
0.0	1382.8	2271.7	3146.6	3623.5
0.0	898.2	1683.6	2761.0	3615.1
0.0	608.9	1666.5	2534.0	3566.1
0.0	456.7	1646.1	2556.1	3573.0
0.0	565.2	1648.1	2663.9	3553.0
0.0	559.9	1650.9	2683.6	3463.5
98.8	541.2	1631.2	2737.3	3586.0
96.5	514.1	1640.5	2722.8	3570.5
92.9	704.1	1475.6	2562.4	3446.8
91.5	793.4	1688.8	2704.5	3669.2
93.0	737.0	1668.6	2858.7	3868.0
500.0	888.5	1920.2	2996.1	3913.0
240.0	919.3	1915.0	2971.9	3757.6
85.7	847.1	1808.6	3040.2	3902.9
0.0	803.1	1801.3	2956.0	3864.5
155.8	1008.4	1896.2	2885.2	3917.1
102.6	1041.9	1835.8	3046.0	4710.3
0.0	903.6	1973.5	3021.9	5313.2
352.9	789.3	1869.5	2863.6	5282.3
352.9	695.7	1739.9	3026.6	4998.9
444.4	947.6	1848.9	2998.8	4630.6
162.2	1009.5	1936.2	2874.5	4254.7
352.9	977.1	1930.0	2865.6	4027.3
333.3	885.0	1888.2	2767.6	3808.4
166.7	841.8	1921.5	2678.2	3647.2
77.4	803.3	1926.4	2690.1	3467.1
85.7	547.6	1965.3	2601.3	3248.7
0.0	393.1	2098.3	2687.6	3305.3
0.0	418.7	2201.7	2703.5	3181.5
0.0	419.0	2265.5	2702.8	3163.6
99.2	428.7	2302.2	2750.1	3341.4
99.8	434.4	2386.8	2805.8	3394.8
97.5	388.6	2405.3	2781.7	3503.2
95.6	376.0	2413.7	2759.0	3455.7
93.5	325.5	2388.5	2747.5	3170.3
90.9	456.1	2326.5	2699.0	3237.8
87.5	496.9	2226.3	2627.0	3321.3
82.1	863.7	2122.8	2731.2	3525.8
79.8	870.6	2022.9	2796.9	3704.6
0.0	905.8	1940.4	2890.1	4401.2
218.2	706.0	1817.6	2895.8	4222.8
0.0	805.6	1776.7	2804.0	4038.5
0.0	831.2	1879.8	2805.0	3926.2
500.0	973.4	1881.6	2868.2	3840.1
196.7	954.9	1854.5	2881.3	3702.4
571.4	817.5	1752.2	2741.0	3632.2
571.4	991.4	1773.5	2722.1	3632.3
375.0	982.6	1721.2	2937.4	4211.8
181.8	900.8	1760.0	2969.5	4753.0
127.7	821.2	1706.9	2970.5	4839.9
0.0	792.6	1722.9	2902.8	4477.0
413.8	952.0	1709.1	2716.4	3741.9
545.5	986.6	1847.5	2759.7	3736.6
181.8	964.7	1948.8	2788.6	3674.7
545.5	937.0	1838.1	2761.9	3475.8
0.0	679.3	1730.6	2697.9	3514.8
0.0	710.2	1659.4	2615.2	3464.2
413.8	664.8	1589.2	2535.9	3474.5
110.1	703.3	1605.6	2544.7	3412.6
0.0	791.0	1554.5	2635.3	3305.8
0.0	816.6	1388.6	2544.8	3269.9
0.0	768.1	1318.1	2482.1	3246.6
0.0	661.1	1337.1	2519.3	3364.5
0.0	667.8	1291.8	2562.6	3482.1
0.0	688.7	1247.0	2617.0	3528.5
92.5	723.2	1262.3	2603.6	3505.7
94.1	738.6	1253.4	2641.5	3493.0
93.3	718.7	1257.9	2657.2	3487.1
93.3	702.3	1268.4	2701.3	3583.3
93.2	726.8	1299.0	2655.5	3596.6
93.1	735.8	1344.5	2643.0	3572.3
92.9	730.0	1349.7	2640.6	3572.9
92.8	755.4	1397.3	2520.8	3393.8
91.5	736.7	1465.5	2459.4	3461.7
90.9	716.2	1523.4	2465.6	3568.4
91.0	741.2	1587.5	2468.7	3477.6
90.3	714.9	1618.3	2435.1	3420.2
89.0	704.8	1637.2	2375.4	3417.7
87.0	694.4	1654.9	2314.2	3424.7
86.8	681.1	1665.1	2242.7	3369.7
85.5	676.7	1643.5	2172.5	3264.1
83.9	680.8	1627.4	2123.7	3292.0
82.6	680.2	1594.8	2028.3	3280.2
81.6	655.2	1558.0	1953.0	3155.7
80.0	673.7	1548.3	1916.9	3142.7
79.5	677.8	1557.6	1894.5	3210.0
79.1	660.2	1517.6	1869.6	3257.6
77.5	655.0	1456.6	1796.4	3317.6
77.9	676.0	1445.4	1765.2	3268.4
78.3	682.7	1413.4	1711.1	3182.3
78.0	744.3	1388.8	1703.8	3189.2
78.2	750.9	1426.4	1760.0	3227.0
77.6	719.5	1445.9	1798.4	3320.3
77.1	718.4	1441.9	1848.4	3306.2
76.8	720.5	1471.9	1881.4	3320.3
0.0	736.4	1422.3	1949.1	3307.8
83.3	783.2	1489.1	2012.9	3430.1
84.4	732.8	1511.7	2104.3	3485.8
81.4	783.8	1501.6	2109.2	3438.4
79.3	740.7	1467.9	2017.4	3366.1
79.5	791.1	1554.5	2103.2	3458.6
80.0	782.6	1556.6	2088.7	3405.1
82.7	725.5	1512.9	2073.1	3263.5
92.3	808.0	1590.2	2406.2	3248.2
0.0	847.2	1516.9	2232.2	3221.5
0.0	769.6	1425.3	2258.1	3236.8
0.0	791.9	1382.8	2281.0	3364.0
0.0	805.3	1446.0	2188.3	3365.7
0.0	778.6	1372.1	2240.4	3247.9
65.2	799.8	1397.3	2305.0	3379.3
