0.0	0.0	0.0	0.0	0.0
0.0	0.0	0.0	0.0	0.0
0.0	0.0	0.0	0.0	0.0
0.0	655.9	1743.4	2516.0	3250.3
0.0	636.3	1707.0	2512.7	3305.9
0.0	753.7	1701.7	2397.3	3312.9
0.0	739.5	1690.0	2348.0	3184.9
0.0	648.7	1528.6	2263.4	3194.7
0.0	660.6	1504.0	2267.7	3259.2
0.0	751.2	1565.4	2332.6	3377.3
0.0	708.2	1667.2	2403.3	3383.2
0.0	609.6	1708.1	2483.4	3275.2
0.0	797.7	1632.0	2524.2	3345.6
0.0	526.0	1616.5	2576.1	3422.3
0.0	466.4	1666.3	2579.8	3409.4
0.0	590.7	1662.0	2605.3	3421.5
0.0	664.0	1684.9	2605.2	3533.4
0.0	973.8	1904.1	2612.5	3640.3
0.0	833.3	1737.2	2658.2	3509.7
0.0	790.6	1665.9	2592.6	3526.4
0.0	768.3	1681.3	2649.7	3658.4
0.0	786.6	1704.9	2890.1	3755.1
0.0	605.7	1792.9	2966.2	3701.7
0.0	933.2	2067.7	3082.4	3835.1
0.0	943.6	2064.5	3113.4	3776.4
352.9	792.6	2024.1	3135.3	3714.0
0.0	1009.5	1909.9	3204.4	3736.2
500.0	751.2	1696.5	3252.6	3718.9
292.7	1007.5	1751.6	2877.3	3662.7
222.2	852.8	1593.2	2446.6	3594.4
68.6	711.6	1611.1	2476.0	3611.9
0.0	424.9	1453.8	2307.0	3491.5
0.0	327.1	1380.2	2292.9	3346.1
142.9	337.8	1388.7	2285.6	3210.5
142.5	388.7	1378.7	2293.0	3398.4
146.5	552.2	1457.2	2389.3	3484.1
153.5	567.8	1561.6	2462.7	3682.1
151.2	604.0	1620.1	2465.9	3629.2
151.9	596.7	1663.0	2466.3	3665.3
157.1	596.4	1691.8	2419.6	3704.5
159.8	593.1	1721.8	2393.6	3584.0
165.9	591.9	1752.5	2398.2	3652.8
171.1	571.6	1813.5	2427.1	3746.3
176.7	559.8	1869.0	2399.1	3736.0
179.1	554.9	1936.4	2386.6	3664.8
186.7	541.7	1980.4	2367.1	3708.5
187.5	471.1	2021.7	2316.8	3660.4
189.4	414.0	2052.5	2299.2	3702.2
188.3	391.5	2090.6	2282.0	3755.4
187.5	376.5	2153.6	2364.6	3757.4
187.5	400.9	2162.2	2463.4	3557.4
87.6	781.0	2111.6	2567.5	3675.6
82.2	855.1	1995.8	2570.4	3720.8
0.0	779.2	1918.2	2517.7	3617.0
255.3	763.7	1802.7	2446.2	3637.8
0.0	662.9	1750.5	2456.8	3794.4
0.0	739.3	1736.4	2542.7	3827.1
0.0	733.5	1645.0	2545.6	3597.2
571.4	753.6	1663.3	2518.7	3507.3
0.0	685.4	1607.1	2511.7	3559.1
0.0	572.7	1489.0	2355.5	3541.9
123.7	484.9	1419.8	2281.6	3406.3
144.6	515.3	1335.0	2275.2	3400.2
134.8	566.9	1253.3	2214.4	3165.0
122.4	583.6	1171.4	2111.5	2942.5
122.4	600.1	1109.2	2100.7	2935.2
130.8	585.1	1052.3	2101.4	2933.7
136.4	598.2	1028.0	2076.1	2962.7
140.1	596.5	992.9	2085.3	2959.8
140.5	598.7	1018.9	2097.3	2950.0
136.9	604.3	1033.7	2065.9	2939.1
134.7	621.4	1050.8	2013.1	2936.9
132.7	626.0	1052.1	1956.5	2971.6
130.9	617.9	1066.7	1893.6	2999.3
128.3	630.1	1105.4	1848.5	2981.9
126.9	616.0	1121.9	1804.9	2947.7
126.3	609.3	1136.9	1759.1	2955.0
124.1	611.5	1161.1	1711.3	2942.4
121.8	592.8	1182.1	1690.5	2931.7
119.7	586.6	1183.1	1672.9	2900.5
117.1	574.4	1198.4	1663.9	2883.5
115.0	569.1	1211.6	1683.7	3082.9
113.2	586.1	1227.3	1733.2	3135.8
107.1	583.2	1232.8	1781.0	2960.8
101.7	595.1	1215.5	1802.3	2956.8
95.2	595.7	1192.3	1851.9	3116.7
85.1	600.5	1187.1	1927.2	3028.0
80.5	610.6	1167.2	1975.5	2983.7
84.5	619.9	1143.0	2024.7	3012.5
0.0	644.2	1143.2	2077.9	3047.9
0.0	621.9	1151.2	2115.2	3111.5
129.0	599.9	1118.9	2129.7	3094.7
141.2	606.2	1095.0	2140.8	3136.2
143.2	617.7	1128.2	2165.1	3196.2
144.1	629.1	1149.7	2161.4	3141.9
144.6	611.6	1158.4	2137.9	3129.0
142.9	601.0	1178.1	2172.4	3181.4
142.9	580.5	1218.2	2176.4	3241.4
142.9	560.7	1261.0	2210.7	3406.5
141.2	529.6	1279.4	2217.8	3516.3
140.5	441.3	1279.1	2227.4	3557.4
138.3	410.5	1307.7	2269.4	3406.7
132.2	318.7	1339.3	2273.0	3258.5
64.2	320.4	1337.1	2234.2	3300.1
63.5	302.0	1330.1	2319.5	3310.2
118.6	323.0	1417.8	2426.4	3314.2
115.5	548.1	1106.3	2343.0	3370.6
112.1	505.1	969.9	2218.0	3434.4
0.0	492.6	924.4	2275.9	3461.7
126.4	413.1	946.5	2306.4	3469.0
123.6	448.6	993.0	2321.5	3442.6
119.6	417.0	1062.5	2309.7	3463.5
116.7	468.4	1281.6	2288.2	3410.9
113.4	452.2	1443.7	2298.3	3360.1
111.1	441.3	1534.2	2316.3	3371.3
109.5	425.4	1714.2	2334.5	3378.3
107.4	426.7	1829.8	2333.5	3387.1
106.3	436.6	1918.5	2336.3	3383.4
104.7	421.6	1970.6	2363.1	3340.0
102.9	405.8	2041.5	2386.8	3354.4
100.9	391.1	2092.3	2413.8	3418.5
98.4	386.9	2114.0	2419.3	3406.6
95.2	387.4	2121.6	2475.7	3408.8
94.5	395.0	2132.3	2547.9	3381.4
91.6	546.4	2146.3	2511.9	3319.7
97.6	616.0	2201.2	2502.4	3441.3
96.8	625.8	2204.5	2537.4	3503.7
104.3	646.8	2208.2	2567.4	3358.2
107.1	618.6	2175.9	2602.1	3445.8
107.1	546.8	2189.0	2615.7	3470.1
428.6	548.7	2229.4	2611.9	3427.9
0.0	446.4	2215.0	2600.9	3460.1
0.0	414.9	2185.8	2561.3	3425.0
0.0	415.9	2165.3	2554.5	3377.5
123.7	359.5	2187.2	2615.7	3508.1
118.8	341.3	2201.3	2662.4	3496.0
117.6	427.2	2188.6	2657.9	3554.4
117.6	332.4	2169.4	2688.8	3653.5
116.5	374.2	2152.1	2684.7	3514.9
116.5	380.0	2142.8	2638.6	3471.6
112.1	323.6	2107.4	2577.4	3475.0
111.1	319.8	1938.9	2516.9	3512.2
108.1	791.6	1844.4	2521.5	3502.2
101.7	858.3	1840.3	2666.3	3521.8
0.0	755.3	1819.5	2646.2	3540.6
0.0	904.5	1784.3	2553.0	3697.6
315.8	836.5	1756.4	2540.2	3696.9
0.0	868.9	1746.9	2619.6	3812.0
244.9	856.1	1694.8	2531.1	3608.6
480.0	878.0	1693.5	2566.9	3613.2
315.8	614.0	1684.7	2572.9	3519.8
352.9	597.2	1662.8	2428.3	3393.7
500.0	535.5	1662.9	2318.0	3431.3
0.0	481.0	1599.4	2214.4	3361.5
196.7	483.1	1584.4	2237.3	3318.7
123.5	490.2	1593.3	2253.9	3362.3
117.6	514.2	1601.7	2258.9	3396.1
116.5	547.8	1606.8	2262.6	3280.1
114.3	560.6	1608.6	2285.5	3310.9
114.3	562.5	1608.6	2306.8	3345.8
114.5	555.7	1604.4	2314.9	3317.5
113.4	532.1	1595.3	2340.1	3355.3
113.2	490.0	1551.8	2354.4	3407.4
111.7	450.4	1496.8	2342.2	3369.8
109.1	452.0	1557.4	2359.8	3351.6
108.0	444.6	1662.2	2380.2	3287.9
109.7	436.9	1754.4	2393.3	3262.3
108.5	423.1	1843.3	2423.6	3335.8
107.0	410.7	1934.4	2466.3	3321.9
106.1	418.0	2007.3	2493.5	3332.3
106.3	451.2	2054.1	2534.6	3348.3
107.1	386.4	2068.8	2532.4	3341.0
107.1	387.8	2088.2	2511.4	3301.9
105.9	379.2	2128.1	2532.1	3324.7
104.9	341.0	2132.5	2509.5	3346.8
103.9	344.2	2107.9	2597.7	3389.0
102.4	342.5	2107.5	2621.2	3367.3
102.6	345.2	2074.1	2637.2	3339.3
106.2	428.1	2049.9	2584.1	3324.8
109.3	475.9	2049.6	2499.7	3345.0
112.6	457.7	2015.9	2471.0	3278.5
113.2	461.9	1970.8	2459.4	3276.0
113.2	471.6	1949.3	2461.9	3252.2
112.1	483.6	1917.2	2478.1	3281.2
112.1	502.9	1895.3	2496.4	3229.7
113.8	516.4	1866.9	2501.1	3118.1
114.5	531.7	1801.8	2548.4	3266.6
117.1	524.9	1755.3	2568.1	3183.2
119.6	529.0	1723.7	2619.0	3078.7
118.8	537.8	1701.1	2643.6	3254.7
118.8	543.0	1667.8	2667.4	3305.2
119.7	523.7	1653.9	2675.6	3337.3
120.9	506.1	1617.7	2671.7	3331.9
121.3	497.3	1562.8	2543.8	3205.2
121.1	494.6	1554.5	2461.2	3122.0
121.2	478.6	1541.7	2463.4	3026.4
126.3	440.9	1550.6	2543.9	3248.6
125.9	455.0	1540.2	2476.7	3266.1
126.3	505.2	1574.3	2297.1	3189.3
126.3	735.3	1620.1	2454.1	3298.6
137.9	927.9	1618.9	2466.9	3358.2
138.0	743.5	1595.0	2411.7	3433.6
138.0	782.7	1592.2	2371.4	3502.1
134.8	790.3	1590.9	2325.5	3331.3
0.0	705.4	1605.3	2400.8	3227.3
0.0	706.1	1681.9	2635.4	3213.4
0.0	759.8	1719.1	2689.5	3357.1
