0.0	0.0	0.0	0.0	0.0
0.0	0.0	0.0	0.0	0.0
0.0	0.0	0.0	0.0	0.0
0.0	709.2	1650.8	2367.5	3335.3
0.0	854.6	1649.3	2272.8	3294.5
0.0	855.0	1646.3	2341.3	3467.9
0.0	866.6	1656.7	2335.2	3447.9
111.1	919.5	1670.2	2380.1	3443.5
0.0	872.8	1666.6	2379.4	3451.4
0.0	793.0	1585.8	2394.5	3387.4
0.0	864.5	1575.6	2423.1	3373.6
0.0	658.8	1472.6	2329.0	3255.4
0.0	850.9	1555.2	2475.7	3316.7
0.0	801.2	1484.0	2536.0	3394.5
0.0	640.9	1434.4	2560.6	3371.4
0.0	730.6	1656.6	2609.1	3462.0
0.0	838.7	1782.6	2656.2	3476.2
0.0	801.5	1790.9	2700.3	3467.6
0.0	792.9	1685.3	2558.7	3455.2
0.0	885.3	1581.4	2585.9	3426.2
0.0	615.5	1604.4	2591.9	3483.7
0.0	647.2	1542.1	2573.1	3648.1
0.0	531.0	1445.8	2579.8	3675.4
0.0	473.8	1377.9	2489.5	3520.1
196.7	463.1	1411.3	2490.6	3356.8
206.9	428.3	1334.7	2167.2	3038.7
185.4	423.1	1264.1	1899.5	2949.6
164.1	479.6	1236.7	1600.9	2965.8
156.7	434.3	1191.4	1528.6	2952.7
153.2	484.3	1138.4	1526.2	2989.0
150.6	453.7	1084.2	1503.9	2990.3
148.9	464.8	1059.3	1676.2	2981.6
146.7	450.0	1043.0	1575.5	2974.2
146.7	490.2	1065.2	1728.0	2948.4
150.0	509.3	1105.0	1535.6	2962.7
154.0	538.1	1216.2	1613.7	2968.1
157.9	549.3	1298.6	1693.8	2935.4
166.7	528.1	1316.8	1783.4	2948.1
170.7	559.6	1348.1	1928.3	2948.0
179.1	570.6	1372.8	2102.6	2966.0
189.6	622.9	1411.9	2233.2	2980.3
196.6	602.6	1441.7	2305.3	3013.9
203.8	640.7	1506.5	2359.6	3090.6
210.9	648.0	1602.0	2363.2	3125.0
216.4	668.4	1711.1	2346.2	3142.7
220.2	623.8	1732.7	2189.6	3169.0
222.5	561.9	1806.7	2106.8	3312.3
223.5	468.5	1856.0	2122.2	3504.7
231.8	506.8	1938.5	2387.0	3596.2
108.6	670.6	1946.2	2374.7	3647.7
67.8	729.4	1981.6	2429.9	3646.1
0.0	710.0	2043.1	2579.4	3584.6
0.0	975.8	1963.4	2540.9	3552.7
0.0	787.6	1887.0	2403.6	3488.5
0.0	932.9	1848.3	2295.1	3422.0
480.0	1000.9	1835.0	2636.7	3604.9
235.3	382.6	1708.0	2473.7	3557.0
0.0	480.3	1599.8	2013.5	3592.7
224.2	452.8	1539.4	1781.1	3632.3
204.0	425.0	1503.0	1765.5	3593.3
187.8	410.8	1532.6	1800.5	3479.2
177.3	411.1	1572.9	1849.6	3373.5
168.9	386.3	1605.0	1865.6	3176.8
162.8	400.3	1639.3	1897.3	3026.8
155.7	470.1	1672.6	1962.0	2828.7
152.3	461.8	1658.2	2046.3	2780.6
143.3	274.0	1671.9	2281.6	3140.2
69.1	259.6	1615.0	2400.6	3367.3
67.4	322.2	1661.7	2663.1	3498.5
123.7	804.4	1691.2	2592.5	3332.0
0.0	704.5	1563.5	2428.6	3414.0
0.0	726.8	1771.0	2551.3	3494.4
0.0	800.6	1878.6	2612.5	3522.2
0.0	803.5	1878.8	2658.9	3576.8
0.0	839.8	1851.4	2680.9	3555.2
0.0	832.8	1846.6	2624.0	3408.4
0.0	731.8	1639.7	2469.3	3355.9
0.0	838.3	1778.6	2625.7	3318.3
0.0	776.1	1838.0	2815.8	3525.3
0.0	905.6	1967.8	2778.6	3700.4
0.0	791.2	1993.4	2790.6	3716.8
400.0	884.0	1975.5	2841.8	3587.5
0.0	913.3	1959.3	2836.3	3601.0
0.0	789.8	2051.9	2841.4	3553.9
85.7	556.5	2174.7	2834.0	3611.6
236.2	446.7	2200.5	2868.1	3711.5
239.8	408.2	2225.4	2843.3	3698.8
242.9	431.6	2230.8	2776.0	3716.5
248.8	411.1	2262.2	2779.3	3794.8
250.9	426.4	2295.0	2813.1	3789.0
255.3	401.0	2332.3	2799.8	3799.5
256.9	406.7	2385.3	2754.6	3792.3
254.8	417.0	2418.6	2737.5	3781.0
253.1	426.1	2415.4	2757.5	3797.7
246.5	463.9	2393.0	2763.4	3805.9
240.4	460.3	2372.2	2719.9	3735.8
232.1	449.2	2361.4	2704.7	3789.2
223.0	503.4	2313.7	2701.8	3747.5
214.6	481.2	2247.0	2622.4	3581.5
203.9	411.1	2089.8	2442.8	3496.5
193.8	378.9	1776.6	2333.3	3438.9
185.0	341.5	1469.7	2334.2	3428.5
177.7	341.2	1280.6	2318.5	3351.2
168.9	331.3	1370.4	2296.5	3057.9
168.5	313.4	1445.7	2253.5	2980.7
157.9	321.3	1463.2	2349.5	3196.9
154.6	313.3	1320.5	2369.3	3017.3
152.7	313.9	1420.5	2456.5	3047.5
151.7	308.9	1529.6	2495.0	3362.5
153.1	287.8	1509.9	2613.6	3584.2
148.6	681.8	1598.4	2937.7	3703.0
144.6	698.8	1610.0	3072.6	3693.7
137.9	755.7	1668.2	3136.1	3701.5
131.9	985.7	1771.4	3170.4	3655.9
0.0	774.5	1802.5	3017.9	3540.8
0.0	547.4	1462.4	2763.0	3353.8
222.2	548.7	1474.7	2726.1	3242.4
113.2	942.5	1544.1	2629.5	3168.0
77.4	992.1	1619.0	2650.7	3242.0
169.0	545.1	1429.8	2694.3	3242.6
176.5	416.4	1071.5	2340.6	3145.0
162.2	393.8	1015.4	2315.7	3097.0
151.8	420.5	993.8	2235.5	3050.5
153.5	463.6	1067.9	2187.1	3056.5
152.6	490.4	1120.5	2160.2	3109.6
153.3	429.1	1228.4	2161.5	3194.3
152.0	443.8	1280.5	2212.9	3257.2
150.8	438.1	1340.2	2260.7	3379.1
146.5	431.7	1342.2	2296.6	3594.9
143.1	461.0	1317.8	2455.4	3689.0
139.5	763.8	1556.7	2664.4	3675.8
78.4	799.1	1550.4	2452.9	3564.8
0.0	935.9	1949.3	2459.7	3441.1
413.8	922.9	2060.4	2734.1	3363.2
0.0	860.8	1866.8	2718.2	3317.7
0.0	711.1	1603.6	2477.4	3193.3
122.4	899.4	1453.3	2258.7	3181.0
176.5	507.1	1352.0	2203.2	3298.5
0.0	477.3	1097.9	2158.1	3228.7
175.2	383.6	981.4	1234.0	2899.5
166.9	397.4	986.1	1246.5	2985.9
166.4	411.4	1017.3	1285.8	3025.9
168.7	408.2	1027.6	1353.4	2977.9
170.8	443.4	1045.8	1406.1	2913.0
173.2	492.2	1068.9	1474.6	2831.8
176.8	546.1	1094.1	1633.6	2811.0
179.1	572.7	1101.1	1784.3	2847.7
190.5	590.2	1085.0	1913.3	2902.3
184.6	609.2	1045.1	2055.9	2912.2
187.5	609.1	999.0	2302.5	2978.8
190.5	601.2	966.1	2355.7	3064.1
190.7	617.6	956.3	2454.6	3302.4
191.0	622.3	950.8	2513.5	3445.8
191.0	623.1	944.8	2454.3	3346.8
190.4	580.2	938.6	2343.7	3227.3
188.7	532.3	979.4	2421.4	3494.5
186.4	376.0	1449.8	2525.5	3731.7
184.3	359.8	1487.1	2540.1	3818.3
181.6	357.3	1402.3	2449.8	3786.3
179.5	355.9	1373.1	2452.1	3725.2
177.4	355.9	1251.3	2318.5	3525.5
176.5	592.8	1263.1	2181.8	3155.1
181.8	607.4	1369.0	2206.8	3150.7
173.2	626.5	1488.9	2232.2	3172.7
171.6	624.5	1554.8	2234.1	3190.9
171.4	629.8	1627.8	2265.8	3222.2
171.1	640.6	1678.1	2316.9	3203.2
170.8	645.1	1696.5	2322.3	3204.6
171.1	636.2	1711.3	2311.7	3247.4
171.3	636.2	1720.7	2296.6	3277.9
171.9	646.0	1722.9	2312.4	3310.5
173.4	634.5	1721.5	2310.9	3436.1
173.8	635.5	1714.0	2323.5	3462.6
174.2	643.3	1697.8	2333.8	3495.3
174.6	648.3	1661.3	2346.2	3528.7
175.1	604.2	1606.0	2345.8	3605.9
173.2	537.4	1579.5	2346.5	3644.2
170.1	435.7	1525.5	2349.4	3645.4
168.7	297.7	1590.2	2430.5	3566.6
83.3	519.9	1896.7	2695.4	3685.7
80.5	913.9	1902.1	3036.5	4152.2
93.8	888.2	1914.9	3038.8	4473.1
0.0	797.9	1833.0	3054.8	4541.9
352.9	901.4	2148.1	3154.0	4273.8
0.0	812.0	2107.2	2760.5	3746.8
0.0	816.4	2054.3	2803.3	3676.1
0.0	626.7	1615.4	2607.6	3591.4
166.7	765.0	1533.5	2571.3	3601.7
160.0	449.6	1430.0	2482.6	3559.4
0.0	452.8	1406.0	2434.8	3491.5
180.5	475.8	1403.6	2384.6	3343.1
161.8	402.5	1350.2	2331.1	3038.0
159.0	334.2	1336.2	2354.2	2788.5
153.0	340.5	1317.1	2370.6	2675.6
160.0	319.9	1303.0	2377.8	2671.2
153.8	335.9	1272.4	2385.1	2626.5
153.8	325.8	1338.7	2386.3	2605.3
151.3	343.4	1459.9	2351.7	2654.1
155.5	320.2	1437.8	2190.3	2759.1
152.2	363.6	1413.8	2120.8	2843.0
146.4	367.4	1410.1	2154.4	2968.6
144.1	305.5	1391.6	2135.6	3072.1
142.4	329.7	1374.5	2173.8	3161.4
139.5	272.6	1385.8	2172.5	3246.9
136.4	280.3	1388.2	2237.8	3311.4
139.5	257.7	1630.5	2535.8	3330.8
139.5	267.9	1969.2	2568.8	3321.4
142.9	665.0	1885.6	2594.4	3317.3
139.5	828.9	1870.1	2542.1	3334.7
144.6	517.0	1462.3	2339.7	3279.8
152.6	429.2	1478.9	2316.8	3273.3
151.9	497.7	1515.7	2330.5	3226.6
153.4	541.6	1533.3	2339.0	3204.4
153.0	558.5	1545.6	2327.1	3225.0
152.8	560.8	1557.5	2304.4	3235.4
152.2	559.3	1599.1	2332.6	3177.7
152.1	544.1	1644.5	2396.6	3212.1
151.7	522.0	1654.7	2319.8	3205.3
150.6	508.3	1660.1	2309.6	3131.9
150.1	485.3	1685.0	2320.7	3040.0
150.8	415.1	1679.7	2369.3	2823.6
150.4	326.7	1596.2	2422.6	2662.7
148.6	304.2	1560.5	2373.2	2661.9
149.2	290.8	1735.9	2426.4	3017.2
145.8	719.6	2003.7	2269.6	3248.8
144.6	1521.0	2166.3	2571.8	3299.0
137.8	1412.1	2134.3	2568.4	3333.0
0.0	1180.9	2089.1	2462.3	3153.3
0.0	1598.7	2152.2	2668.8	3266.3
0.0	1255.7	2006.3	2371.7	3203.6
0.0	871.5	1993.4	2240.8	3220.7
0.0	897.8	1682.6	2058.9	3110.4
0.0	417.2	1551.7	1938.5	3068.7
167.9	424.5	1501.0	1820.7	2969.5
168.4	434.6	1436.0	1766.0	2995.4
84.0	436.3	1390.9	1741.5	2991.4
79.0	428.2	1363.7	1721.4	2994.5
78.4	445.8	1375.8	1709.3	3046.4
78.5	470.7	1376.2	1678.5	2954.3
150.5	488.3	1465.0	1654.6	2997.7
150.2	567.9	1454.5	1690.8	2992.2
0.0	549.7	1417.7	1711.7	2997.5
69.4	630.4	1300.2	1711.9	2988.6
164.2	777.7	1341.3	1680.2	2924.1
155.0	751.8	1399.8	1705.3	2940.9
148.0	719.0	1451.1	1755.0	2993.7
72.5	768.2	1524.6	1746.4	3085.8
70.2	837.2	1571.7	2464.5	3217.3
71.4	819.4	1575.0	2548.0	3322.4
0.0	771.0	1615.9	2490.2	3229.7
0.0	807.9	1584.7	2641.2	3375.8
0.0	869.1	1523.6	2650.8	3412.2
0.0	832.1	1614.7	2531.7	3411.3
0.0	791.6	1792.1	2577.9	3499.4
63.5	670.6	1639.7	2601.9	3478.3
