0.0	0.0	0.0	0.0	0.0
0.0	0.0	0.0	0.0	0.0
0.0	0.0	0.0	0.0	0.0
0.0	785.2	1768.1	2634.5	3642.1
333.3	768.0	1806.3	2542.0	3424.7
0.0	642.9	1796.2	2549.4	3296.5
272.7	816.0	1713.1	2521.8	3274.9
272.7	707.8	1640.9	2463.9	3363.4
0.0	704.8	1611.0	2568.3	3423.6
0.0	716.8	1788.5	2630.5	3527.8
0.0	743.6	1768.5	2586.3	3536.8
67.4	836.9	1661.5	2555.1	3364.3
0.0	940.3	1691.6	2463.1	3356.6
0.0	944.3	1768.3	2621.1	3388.7
0.0	654.1	1699.8	2626.6	3350.6
0.0	631.8	1641.0	2618.2	3470.5
0.0	454.6	1581.8	2460.8	3600.9
0.0	503.6	1588.3	2452.0	3526.5
0.0	476.1	1636.0	2556.0	3795.0
0.0	483.4	1662.7	2579.4	3817.8
125.9	481.1	1741.8	2602.2	3753.9
123.8	489.4	1813.9	2607.1	3747.8
122.8	464.0	1907.0	2636.2	3735.9
121.5	444.2	1939.1	2650.0	3539.8
120.0	481.5	1864.8	2682.2	3202.1
118.2	474.0	1760.3	2721.9	3223.6
139.0	251.4	1793.0	2667.7	3252.6
89.0	278.2	1663.1	2564.6	3288.0
0.0	436.0	1738.8	2546.7	3344.6
134.8	769.9	1760.7	2600.3	3451.5
0.0	795.2	1773.6	2702.3	3428.2
0.0	682.3	1814.0	2657.9	3273.8
0.0	693.9	1748.4	2587.7	3330.6
428.6	793.8	1621.4	2524.3	3412.7
0.0	465.9	1507.8	2299.0	3389.4
0.0	495.7	1418.9	2163.7	3467.5
159.7	501.1	1351.4	2159.8	3557.5
153.1	508.9	1322.0	2168.2	3569.2
149.7	496.6	1297.4	2132.3	3580.2
145.5	522.3	1279.7	2119.7	3692.9
142.0	530.6	1281.0	2137.3	3746.2
135.9	716.2	1279.2	2306.6	3607.7
63.5	564.9	1277.8	2440.3	3410.1
66.3	838.9	1493.8	2521.5	3378.7
68.2	851.9	1382.3	2359.3	3430.9
0.0	822.3	1396.6	2219.2	3467.3
0.0	515.7	1428.7	2242.6	3494.4
444.4	600.9	1470.3	2225.3	3527.6
0.0	508.8	1514.1	2133.3	3666.0
154.4	519.5	1501.2	2141.4	3692.8
146.0	534.1	1479.0	2171.1	3629.6
141.3	518.0	1463.6	2190.3	3429.7
137.0	499.8	1429.6	2185.0	2929.9
131.3	470.3	1427.0	2317.9	3114.1
127.8	481.9	1421.5	2180.9	2818.7
123.6	489.2	1467.7	2094.1	2807.4
121.4	491.6	1552.7	2189.1	3054.7
120.3	488.3	1294.6	2183.5	3031.3
118.4	477.8	1187.6	2198.9	3198.4
117.8	471.2	1048.0	2240.6	3346.4
118.5	460.4	954.6	2224.9	3464.9
118.5	439.7	819.8	2242.3	3542.7
117.5	440.6	754.2	2216.9	3545.3
111.2	443.6	746.2	2210.3	3531.0
109.6	450.1	746.2	2220.4	3519.2
109.9	453.4	758.0	2219.4	3533.9
109.5	459.4	780.4	2243.4	3503.5
110.7	465.8	791.7	2253.2	3489.1
110.9	465.1	832.8	2255.8	3505.7
111.3	514.9	932.0	2252.0	3521.6
111.7	556.7	1038.5	2248.5	3548.4
108.0	574.4	1123.9	2245.5	3557.2
108.5	579.9	1201.4	2221.9	3552.7
108.2	589.7	1326.7	2246.2	3540.6
108.6	594.6	1414.4	2238.8	3554.0
107.1	597.8	1516.8	2270.9	3554.0
108.1	605.4	1570.1	2287.3	3531.8
107.8	584.8	1636.2	2322.6	3492.6
106.5	584.9	1664.1	2349.2	3473.0
104.9	575.7	1683.8	2363.5	3532.4
104.1	575.0	1722.2	2389.9	3613.6
101.4	567.3	1752.9	2411.1	3588.5
100.9	556.6	1786.4	2409.8	3569.5
100.3	540.1	1820.0	2432.6	3689.6
100.6	522.7	1850.2	2453.7	3708.0
0.0	499.6	1877.1	2552.4	3607.3
0.0	482.6	1925.3	2586.0	3719.6
80.4	457.0	1973.0	2600.1	3751.9
80.0	449.5	1996.0	2621.0	3705.5
92.0	422.5	2020.8	2616.0	3764.9
130.1	409.5	2037.2	2588.9	3778.4
97.5	397.2	2050.6	2601.5	3731.5
132.1	639.3	1990.6	2588.3	3759.5
96.8	671.5	1961.1	2554.4	3590.3
121.6	753.5	2016.7	2566.6	3409.7
107.9	755.0	1909.4	2563.0	3425.6
99.7	711.0	1835.9	2555.1	3375.8
94.5	823.8	1830.2	2568.2	3331.9
97.6	804.8	1754.8	2593.4	3307.6
90.9	836.7	1690.4	2515.4	3433.6
0.0	759.3	1643.1	2381.9	3538.7
0.0	828.6	1618.1	2511.2	3462.1
0.0	860.1	1527.6	2501.7	3395.1
97.6	803.0	1326.2	2444.2	3499.1
0.0	759.2	1328.7	2384.6	3507.9
0.0	758.0	1219.6	2359.7	3433.7
226.1	356.2	1207.8	2345.7	3443.3
255.3	823.6	1736.0	2533.6	3451.0
69.4	734.7	1649.9	2556.3	3440.1
0.0	724.6	1569.4	2581.3	3393.7
0.0	621.1	1667.8	2480.1	3310.0
500.0	580.3	1209.2	2395.9	3431.1
0.0	641.0	1079.6	2445.0	3447.8
187.7	531.8	1009.0	2419.4	3430.0
0.0	523.4	1002.8	2430.3	3426.0
0.0	543.8	994.9	2469.9	3425.9
0.0	518.8	960.8	2469.7	3407.4
106.6	507.7	956.4	2493.3	3423.3
117.0	498.2	936.0	2533.5	3421.4
123.4	502.4	899.7	2511.9	3372.8
126.6	517.3	885.1	2523.8	3340.3
127.0	475.5	873.1	2531.3	3286.7
127.3	458.2	811.8	2548.0	3243.8
128.3	439.6	767.2	2557.4	3267.4
129.2	441.2	764.2	2535.4	3239.0
128.5	420.6	761.8	2517.1	3146.0
127.2	533.8	1020.4	2433.5	3143.5
122.8	583.5	1403.0	2462.3	3206.9
119.3	765.9	1403.5	2601.4	3227.8
116.4	700.5	1312.6	2455.5	3142.1
113.0	852.8	1549.6	2434.7	3265.2
110.4	535.0	910.6	1992.4	3342.0
112.1	466.5	925.3	1801.7	3360.6
113.8	470.7	947.1	1658.3	3325.5
113.3	467.7	968.2	1559.4	3261.3
112.2	469.9	991.8	1486.6	3171.6
110.2	471.0	999.6	1412.9	3102.2
107.7	495.2	1018.6	1367.7	3049.6
105.1	515.5	1001.6	1349.9	3014.6
102.5	508.8	986.3	1367.5	3036.5
100.9	528.4	991.0	1407.6	3032.4
105.9	534.8	1011.5	1543.9	2962.8
101.6	563.3	1022.5	1718.4	2974.8
100.1	574.6	1028.9	1852.5	3021.9
99.2	598.1	1011.3	1972.9	3079.7
98.8	615.8	1009.1	2057.5	3166.8
102.6	635.9	993.2	2104.7	3224.2
103.7	672.3	995.2	2134.0	3248.9
105.8	665.1	997.9	2165.8	3269.2
115.2	662.5	989.2	2225.3	3281.4
97.5	634.5	922.6	2244.9	3334.4
110.1	635.9	898.8	2281.5	3364.1
98.5	645.4	881.6	2286.5	3366.0
109.1	624.2	857.6	2327.7	3351.1
82.3	608.6	805.6	2356.3	3322.5
131.1	575.4	814.5	2372.2	3362.4
79.9	576.3	821.3	2393.0	3396.5
129.7	578.8	885.3	2413.4	3386.4
0.0	571.4	896.7	2395.3	3356.1
136.8	563.6	969.4	2365.4	3367.1
118.9	530.8	1001.8	2326.1	3358.5
214.3	498.4	1020.4	2359.8	3491.8
99.5	514.4	1277.5	2485.5	3589.5
102.5	702.9	2027.0	3274.6	3679.5
101.3	869.0	2266.2	3364.1	3721.4
89.6	924.4	2337.1	3261.2	3708.0
0.0	974.2	2219.6	3186.3	3589.6
0.0	960.5	2130.4	3167.1	3498.4
0.0	938.6	2101.5	2989.9	3430.3
0.0	874.1	1957.9	2620.6	3275.2
0.0	598.4	1938.1	2317.1	3216.6
0.0	433.1	1346.3	1991.7	3182.7
80.7	439.1	1187.3	2365.7	3330.7
81.1	445.3	1608.6	2522.8	3356.6
83.3	596.4	1459.7	2441.5	3325.4
545.5	497.7	1397.5	2313.6	3284.2
0.0	475.2	1152.6	1489.5	3362.9
174.2	455.5	1153.7	1432.2	3362.4
0.0	444.1	1168.3	1470.0	3351.9
0.0	438.5	1322.8	2126.7	3366.9
130.8	437.1	1313.6	1619.2	3353.2
116.0	489.3	1347.4	1714.0	3290.3
104.9	628.1	1506.7	1737.6	3230.5
99.1	520.4	1660.6	2039.6	3308.9
87.0	1054.2	1860.4	2363.2	3412.5
82.8	1278.6	1979.8	2574.1	3475.2
83.9	1121.4	2133.0	2803.1	3397.4
90.9	992.0	2192.4	3017.2	3415.0
105.3	1055.5	2324.5	3194.4	3611.6
76.4	1156.4	2309.4	3249.5	3616.1
0.0	1124.1	2269.2	3221.1	3627.5
0.0	678.6	2016.7	2667.5	3619.7
0.0	591.6	1463.2	2465.3	3575.7
0.0	582.9	1344.1	2407.1	3541.6
0.0	625.5	1296.2	2432.3	3555.6
112.0	648.2	1250.7	2412.3	3529.9
102.2	657.9	1165.2	2387.0	3304.6
107.3	656.3	1099.4	2218.6	3199.6
108.1	633.1	1093.6	2195.0	3358.2
108.5	629.2	1179.7	2237.5	3503.2
107.5	274.3	1218.0	2304.2	3378.3
109.1	274.9	1221.2	2396.4	3200.3
111.8	267.8	1227.3	2384.4	3294.9
109.0	272.1	1220.3	2374.7	3402.9
108.1	260.5	1228.6	2386.0	3284.8
98.7	269.8	1247.9	2413.3	3485.4
88.2	281.0	1355.7	2483.1	3497.3
78.9	740.0	1770.4	2600.8	3488.8
0.0	828.5	1886.5	2815.2	3658.3
0.0	709.0	1457.4	2576.8	3606.2
0.0	657.9	1392.3	2552.1	3604.6
0.0	581.6	1491.7	2548.0	3635.7
133.3	567.5	1593.3	2539.0	3569.8
0.0	585.2	1638.0	2518.2	3468.8
114.0	601.2	1698.7	2516.9	3427.8
90.1	642.6	1788.8	2534.4	3412.5
122.2	725.8	1891.9	2487.5	3440.2
91.5	578.5	1959.8	2484.2	3470.8
111.1	644.9	1976.9	2494.0	3586.0
96.1	682.3	1927.2	2538.3	3714.0
93.9	554.1	1636.0	2483.0	3699.0
93.8	297.7	1386.9	2424.5	3435.2
89.6	772.7	1422.5	2507.0	3273.6
90.9	275.0	1387.7	2480.6	3232.4
89.0	280.6	1389.4	2423.3	3301.8
86.4	281.3	1396.2	2334.4	3362.5
82.2	306.6	1464.7	2361.3	3334.0
115.4	295.4	1789.5	2449.3	3355.4
95.8	717.2	1798.8	2446.1	3338.8
114.8	781.2	1695.8	2478.8	3268.2
110.1	801.7	1613.1	2501.8	3268.7
110.1	794.4	1623.5	2569.7	3476.8
0.0	833.0	1712.0	2572.8	3545.0
