0.0	0.0	0.0	0.0	0.0
0.0	0.0	0.0	0.0	0.0
0.0	0.0	0.0	0.0	0.0
0.0	625.5	1579.5	2558.8	3406.8
0.0	720.5	1662.6	2505.0	3469.9
0.0	768.6	1830.0	2614.6	3483.1
0.0	922.8	1757.5	2751.1	3446.5
0.0	954.2	1735.9	2693.0	3519.5
0.0	806.8	1737.9	2615.6	3471.3
0.0	703.8	1635.3	2533.3	3401.3
0.0	875.7	1787.7	2613.0	3512.5
0.0	811.2	1768.2	2661.0	3451.7
0.0	857.9	1742.3	2655.9	3419.9
0.0	911.0	1736.0	2649.3	3467.9
0.0	886.9	1642.6	2637.7	3401.4
0.0	908.6	1682.9	2631.9	3394.1
0.0	881.8	1801.0	2645.5	3467.4
0.0	515.8	1440.6	2408.2	3337.2
0.0	438.5	1325.3	2406.0	3359.4
0.0	690.4	1609.5	2390.9	3254.2
103.4	845.3	1809.5	2440.3	3246.7
0.0	908.6	1798.2	2575.3	3330.6
0.0	962.6	1702.6	2600.4	3421.2
0.0	914.3	1797.2	2610.5	3466.6
0.0	977.0	2023.4	2717.7	3578.6
0.0	628.8	2219.6	2836.8	3768.3
428.6	458.7	2224.2	2756.9	3768.4
324.3	437.4	2238.3	2695.4	3741.1
0.0	415.1	2260.4	2708.7	3754.5
0.0	391.5	2147.6	2623.2	3485.4
0.0	386.1	2046.4	2601.3	3673.4
125.0	384.2	2035.1	2602.9	3627.7
120.0	394.5	1921.9	2550.8	3540.5
113.2	413.4	1816.8	2533.2	3487.3
113.2	658.8	1786.7	2592.0	3575.6
111.1	591.2	1749.5	2668.7	3714.0
108.1	969.0	1872.6	2770.0	3739.2
99.2	968.6	1944.1	2862.3	3967.2
65.6	1047.1	2032.0	2902.9	4102.1
0.0	892.0	1859.0	2786.3	3836.5
461.5	829.0	1838.6	2812.3	3844.7
0.0	597.2	1841.9	2864.7	3870.5
113.2	852.0	1840.0	2705.0	3537.6
0.0	515.9	1742.4	2554.4	3353.1
0.0	420.2	1847.6	2516.1	3295.6
134.8	402.9	1893.9	2492.4	3395.0
122.4	444.0	1867.4	2493.7	3623.7
117.6	419.6	1811.8	2490.7	3582.8
112.1	439.6	1785.7	2504.8	3590.1
108.1	431.1	1754.7	2509.3	3494.1
106.2	433.8	1695.4	2509.8	3529.5
105.3	419.4	1742.3	2569.6	3590.9
102.6	454.9	1735.0	2599.1	3637.2
98.4	921.8	1816.4	2675.7	3838.6
97.6	999.8	1887.8	2697.3	3673.7
100.0	811.1	1755.2	2702.0	3718.6
96.8	626.3	1705.4	2623.4	3839.1
95.2	637.0	1766.8	2627.1	3666.9
99.2	452.4	1772.7	2564.2	3489.2
0.0	430.4	1733.1	2534.5	3301.4
111.1	447.0	1840.6	2502.3	3367.0
110.1	454.2	1863.6	2458.7	3229.2
110.1	520.9	1821.7	2451.9	3214.4
108.3	566.4	1794.2	2463.3	3227.1
109.1	612.3	1782.2	2424.6	3206.0
109.1	605.7	1717.1	2327.0	3082.9
109.8	610.6	1670.0	2296.1	3062.0
112.1	636.5	1639.8	2252.9	3270.4
112.3	657.0	1579.2	2272.1	3431.6
116.2	651.7	1513.7	2237.4	3463.3
116.7	610.3	1433.2	2291.6	3339.6
124.9	459.8	1410.4	2359.6	3211.7
122.4	636.6	1494.2	2420.1	3305.2
129.0	760.9	1705.3	2452.1	3307.4
63.5	766.5	1615.7	2491.3	3392.9
77.9	787.6	1612.3	2411.4	3439.9
63.8	694.2	1665.7	2553.6	3420.4
0.0	777.8	1645.9	2598.9	3400.6
0.0	626.5	1573.4	2413.1	3443.4
400.0	418.8	1626.6	2299.9	3337.0
0.0	415.2	1693.9	2321.3	3197.2
152.2	445.1	1652.8	2342.0	3207.6
148.1	295.6	1581.9	2349.3	3252.8
68.6	831.8	1807.2	2523.3	3457.0
150.0	816.2	1902.2	2713.8	3481.8
68.6	806.1	1872.1	2603.1	3428.7
0.0	852.4	1746.9	2631.5	3627.9
0.0	874.2	1784.2	2560.7	3744.6
480.0	899.3	1796.7	2488.2	3748.6
0.0	854.9	1672.2	2407.7	3417.2
0.0	888.1	1575.7	2314.7	3265.6
162.2	592.8	1503.0	2304.2	3214.2
146.3	596.6	1667.9	2337.4	3533.3
140.1	660.8	1646.5	2300.7	3394.8
140.9	628.0	1596.9	2349.3	3240.4
138.4	627.7	1549.2	2298.3	3186.6
139.7	580.4	1604.3	2365.0	3201.3
143.0	583.3	1676.5	2353.2	3214.3
144.2	583.3	1631.0	2364.8	3073.8
148.5	523.2	1734.2	2366.9	2947.2
151.8	476.4	1881.3	2429.1	2998.0
156.6	478.9	1924.0	2479.8	3127.4
160.9	508.6	1877.2	2440.1	3175.5
163.2	416.4	1752.5	2500.9	3244.3
164.2	377.8	1653.3	2522.4	3299.3
87.0	519.5	1742.6	2540.2	3375.8
184.2	377.4	1869.1	2518.0	3442.0
187.5	327.3	1930.9	2503.7	3433.2
181.8	361.7	2008.8	2489.1	3436.6
166.7	377.1	1957.4	2399.1	3353.4
0.0	404.3	1862.8	2251.2	3284.7
131.8	402.7	1623.4	2222.7	3193.9
127.9	385.2	1406.1	2289.9	3241.0
110.9	318.8	1434.6	2313.9	3299.7
103.6	320.1	1493.3	2316.4	3293.8
103.4	325.0	1470.5	2263.6	3258.0
103.4	317.5	1449.5	2202.5	3301.7
101.7	332.8	1504.9	2315.6	3487.2
100.8	626.9	1675.2	2470.1	3589.6
99.4	467.3	1565.9	2550.7	3575.5
96.8	496.2	1467.8	2488.0	3409.4
173.9	501.0	1714.7	2599.0	3366.6
90.2	500.7	1547.0	2393.0	3299.5
0.0	636.6	1465.7	2262.4	3272.4
0.0	649.4	1399.1	2221.0	3285.2
0.0	757.4	1396.7	2237.9	3115.2
444.4	1089.1	1468.5	2473.3	3307.2
0.0	507.7	1364.9	2223.7	3216.0
103.4	498.9	1410.8	2188.5	3234.8
112.1	498.2	1417.5	2070.6	3306.8
112.3	415.2	1428.1	1748.8	3465.4
112.4	431.8	1459.4	1765.1	3518.4
113.6	438.3	1495.6	1797.6	3520.4
114.0	407.9	1529.7	1840.5	3487.2
115.0	399.5	1553.2	1922.4	3470.1
115.4	402.4	1563.1	1944.6	3398.1
115.9	394.4	1559.3	1968.6	3379.7
118.0	393.3	1580.3	2043.5	3380.7
120.0	382.8	1592.4	2092.8	3391.9
124.6	386.4	1553.3	2118.3	3402.1
127.2	400.0	1539.9	2138.9	3421.7
130.8	365.8	1531.2	2158.3	3505.1
138.2	350.7	1517.0	2179.5	3504.7
143.5	340.8	1509.9	2234.2	3444.2
151.9	335.4	1506.0	2266.3	3463.3
160.1	342.2	1520.3	2305.0	3527.0
167.9	353.9	1477.6	2280.4	3507.2
175.6	361.9	1502.5	2266.1	3533.8
182.9	374.1	1526.7	2344.9	3532.2
185.4	405.5	1506.0	2381.3	3502.4
189.5	380.9	1460.8	2404.6	3508.5
214.3	425.9	1401.7	2295.3	3441.8
229.1	343.8	1424.0	2371.0	3403.3
226.4	317.4	1658.1	2523.0	3478.2
71.9	286.7	1661.3	2509.7	3427.0
102.6	584.6	1636.0	2614.8	3401.6
203.4	1235.9	2096.3	2826.3	3422.8
196.7	987.5	2114.5	2762.6	3360.7
95.2	868.7	2001.0	2623.6	3299.3
90.2	1114.8	1945.0	2631.6	3400.4
0.0	583.1	1836.4	2643.3	3356.2
0.0	422.0	1728.8	2629.0	3537.7
0.0	416.4	1792.8	2547.3	3678.3
315.8	542.7	1779.8	2394.3	3325.6
67.0	593.3	1754.6	2398.7	3371.1
78.9	804.9	1766.1	2428.9	3508.6
413.8	899.4	1725.4	2415.1	3480.1
0.0	804.4	1700.2	2428.7	3324.1
0.0	823.8	1688.9	2464.0	3364.5
0.0	812.9	1768.2	2539.0	3496.6
0.0	830.9	1733.8	2569.4	3474.3
0.0	1047.2	1874.4	2675.4	3610.7
0.0	870.4	1842.5	2654.4	3594.7
