0.0	0.0	0.0	0.0	0.0
0.0	0.0	0.0	0.0	0.0
0.0	0.0	0.0	0.0	0.0
0.0	822.2	1775.3	2682.5	3374.0
0.0	994.0	1848.5	2552.5	3375.2
0.0	773.3	1797.1	2560.4	3361.6
0.0	1035.3	1815.5	2725.5	3540.7
0.0	887.3	1835.0	2648.1	3556.5
0.0	873.4	1806.1	2526.4	3498.7
0.0	675.3	1793.5	2589.6	3298.3
0.0	870.9	1791.3	2719.0	3302.2
0.0	1000.0	1833.3	2652.5	3332.7
0.0	1092.2	1857.8	2638.0	3389.1
0.0	946.2	1661.7	2601.3	3489.2
0.0	775.3	1645.8	2618.9	3467.6
0.0	841.2	1722.3	2561.3	3444.1
0.0	546.4	1681.7	2546.2	3422.3
0.0	685.0	1226.1	1806.1	3248.7
0.0	666.5	1256.9	1796.0	3316.4
0.0	633.3	1284.9	1768.1	3353.3
0.0	624.9	1245.6	1755.8	3383.5
149.9	623.6	1270.7	1768.0	3371.2
0.0	599.3	1324.3	1797.0	3368.4
130.5	573.9	1436.9	1812.6	3380.8
128.8	523.0	1585.1	1910.3	3369.2
128.1	488.3	1677.8	1958.7	3395.8
127.9	415.7	1803.4	2422.9	3433.5
130.3	377.3	1865.5	2702.2	3477.2
131.9	379.6	1921.7	2792.5	3520.9
131.9	432.2	1968.7	2814.7	3556.5
131.9	446.6	1989.1	2711.6	3580.8
130.4	443.5	1975.9	2622.7	3578.7
130.4	402.6	1973.2	2496.9	3551.3
128.8	385.9	1944.1	2376.8	3506.0
126.5	379.8	1822.1	2245.9	3423.2
126.3	366.0	1649.9	2195.0	3341.0
122.4	325.7	1181.0	2133.1	3240.5
116.4	358.5	1114.3	2243.6	3273.9
114.0	330.8	1299.1	2603.8	3426.3
123.7	318.4	1641.9	2534.8	3323.5
118.8	887.9	1717.8	2565.9	3313.9
0.0	770.0	1719.9	2623.2	3439.7
0.0	758.0	1605.1	2566.1	3482.8
0.0	1076.9	1623.4	2559.7	3507.1
0.0	958.1	1598.4	2526.6	3324.6
0.0	700.4	1257.2	2558.9	3243.7
0.0	726.7	1306.5	2470.5	3228.6
480.0	780.4	1312.4	2271.8	3306.2
0.0	757.5	1236.3	2223.1	3362.0
0.0	681.1	1156.9	2210.1	3402.3
146.3	649.8	1143.3	2223.0	3476.0
142.9	652.4	1130.1	2231.0	3493.8
140.5	677.9	1150.7	2243.9	3526.7
133.3	682.9	1139.4	2248.6	3507.0
134.8	672.0	1184.6	2219.5	3506.0
135.0	647.3	1217.0	2185.0	3512.8
136.3	615.4	1240.2	2318.7	3469.5
136.5	590.1	1281.7	2465.5	3562.1
136.4	553.5	1379.4	2463.0	3604.5
136.8	515.2	1292.7	2494.0	3652.6
136.1	393.8	1291.4	2490.8	3667.0
136.4	418.3	1431.6	2617.5	3715.6
130.4	826.2	2012.3	2992.0	4197.4
126.3	850.2	1994.2	2858.3	4005.3
117.6	1137.9	2104.0	3085.8	4628.9
63.5	1182.2	2138.3	3192.4	4795.8
0.0	432.4	1665.8	2618.8	3600.0
500.0	695.9	1701.4	2584.5	3436.0
413.8	521.8	1606.5	2612.6	3457.8
272.7	437.6	1525.7	2542.3	3517.0
0.0	446.3	1462.5	2508.9	3557.7
142.9	370.7	1457.8	2469.3	3488.4
130.3	306.9	1465.1	2468.1	3464.0
133.0	279.2	1447.8	2474.9	3464.3
130.1	326.9	1485.7	2453.0	3398.2
129.8	381.0	1559.7	2457.9	3429.6
129.6	388.7	1623.4	2460.0	3424.4
137.3	394.4	1667.0	2426.7	3290.0
132.5	394.7	1649.6	2346.7	3170.6
131.9	383.2	1620.3	2236.1	3131.5
130.7	369.2	1574.9	2238.6	3128.1
129.3	337.2	1549.9	2220.2	3228.8
126.6	352.5	1510.2	2128.0	3269.5
122.4	365.7	1569.2	2095.7	3313.0
122.4	369.3	1607.7	2106.5	3305.9
122.4	428.6	1662.9	2109.4	3229.0
122.4	396.7	1783.6	2094.3	3196.2
122.0	357.2	1855.3	2171.6	3230.8
122.1	415.5	1920.7	2306.2	3308.4
121.3	357.2	1925.9	2382.7	3254.6
120.5	398.2	1891.6	2371.4	3209.4
123.6	366.0	1812.6	2354.6	3208.4
127.7	401.3	1682.8	2345.1	3197.7
123.7	435.6	1549.9	2385.0	3204.2
127.7	451.8	1332.9	2458.0	3166.7
125.0	459.6	1209.9	2546.1	3122.1
125.0	429.4	1049.3	2610.3	3100.0
125.0	413.5	895.6	2620.1	3129.9
125.0	404.8	842.6	2592.1	3109.1
124.6	413.4	887.7	2516.5	3201.9
119.0	240.1	815.4	2479.5	3350.1
119.5	234.9	901.9	2431.7	3326.1
120.0	241.5	913.7	2381.7	3291.7
119.9	238.6	974.3	2337.3	3144.2
118.8	248.6	1041.9	2300.4	3083.7
121.2	246.4	1043.1	2229.4	3080.3
120.0	299.4	1366.1	2157.4	3088.0
0.0	371.1	1618.4	2261.9	3160.7
0.0	411.2	1827.1	2340.8	3260.7
260.9	378.0	1923.5	2403.6	3292.2
123.7	369.6	1954.5	2453.8	3292.9
123.7	376.9	1966.6	2465.9	3275.7
121.2	370.5	1931.5	2478.0	3264.0
120.0	375.2	1891.2	2457.4	3284.7
118.8	415.3	1781.4	2418.9	3282.0
120.0	463.9	1647.4	2411.4	3248.2
118.8	491.3	1479.9	2425.7	3229.2
118.8	506.4	1350.5	2483.3	3221.6
115.4	530.6	1243.0	2480.0	3278.5
116.4	569.8	1167.4	2382.4	3387.2
118.3	607.5	1120.4	2318.1	3382.9
118.2	629.6	1090.0	2311.8	3357.6
118.5	648.2	1066.6	2321.5	3391.3
118.8	645.8	1057.2	2310.6	3268.2
120.0	633.1	1022.4	2310.4	3212.1
120.0	597.3	976.4	2281.2	3078.5
120.0	604.0	983.9	2199.8	2900.9
116.5	558.0	978.0	2049.3	2729.3
118.8	502.6	994.5	1759.1	2683.8
116.5	479.5	958.1	1564.7	2710.7
116.5	478.2	1006.7	1490.0	2759.6
118.8	471.8	1033.6	1463.5	2760.0
118.8	470.8	1033.8	1494.8	2749.8
116.5	486.0	1041.3	1545.3	2768.4
117.6	492.2	1042.6	1604.0	2777.3
118.8	518.4	1105.7	1739.0	2791.7
122.4	543.7	1164.6	1874.6	2844.6
120.0	569.9	1230.7	1935.6	2925.6
125.0	592.4	1306.8	1983.3	2941.7
122.4	589.9	1393.6	2069.1	2944.2
121.2	548.9	1487.9	2121.1	2985.8
121.2	515.9	1576.7	2156.3	2973.9
121.2	485.9	1680.8	2201.3	3126.6
122.4	469.8	1746.9	2236.5	3201.5
121.2	449.9	1802.1	2395.5	3289.9
121.2	414.8	1777.2	2349.0	3286.6
113.3	348.6	1674.3	2342.0	3396.9
103.7	238.9	1579.6	2302.2	3393.5
93.0	245.8	1478.3	2359.5	3338.4
81.6	255.1	1476.3	2491.4	3426.8
190.5	222.3	1716.4	2554.4	3404.1
194.4	704.2	1746.3	2615.0	3397.4
204.3	274.6	1547.5	2386.0	3365.9
100.0	280.6	1478.5	2455.6	3372.3
0.0	271.3	1152.4	2238.7	3174.8
0.0	262.7	945.9	2160.3	3142.4
0.0	502.1	1178.8	2178.7	3106.0
0.0	515.8	1211.3	2207.9	3064.6
120.0	542.1	1263.8	2245.8	3034.5
116.5	574.1	1321.6	2247.4	3047.4
114.3	573.5	1384.8	2262.8	3078.6
113.2	574.7	1457.0	2271.2	3093.4
114.3	580.6	1545.7	2264.7	3120.9
112.1	522.7	1651.2	2251.7	3117.1
111.1	473.7	1722.1	2244.6	3136.8
111.1	450.5	1797.7	2250.6	3199.6
111.1	436.2	1850.4	2263.6	3255.9
112.1	408.2	1897.3	2243.6	3259.8
112.1	400.4	1899.3	2209.8	3221.8
109.1	367.1	1882.5	2135.9	3188.6
111.1	363.3	1867.5	2113.1	3151.8
111.1	378.6	1857.2	2092.6	3158.7
110.1	386.0	1818.2	2073.3	3139.5
113.2	413.6	1741.9	2048.2	3108.7
114.3	402.6	1723.7	2043.2	3117.2
112.1	413.8	1698.0	2044.3	3106.4
113.2	420.4	1646.5	2081.1	3084.4
111.1	445.0	1685.1	2198.1	3078.7
110.1	469.5	1720.3	2398.5	3107.5
81.6	971.7	1926.2	2778.3	3235.4
83.3	992.7	2113.0	3018.8	3376.4
0.0	1165.8	2125.4	3008.9	3580.9
0.0	986.2	2078.2	2996.8	3737.6
0.0	932.0	1995.7	3075.5	3708.4
272.7	1006.6	2085.9	3134.0	3852.7
0.0	1027.0	2018.8	3067.0	3843.2
0.0	931.7	1823.4	2809.7	3736.8
0.0	966.8	1741.2	2769.1	3512.4
352.9	547.7	1561.1	2536.5	3520.5
545.5	595.1	1526.1	2462.3	3541.2
0.0	526.4	1459.4	2448.9	3497.8
133.3	510.6	1449.3	2438.6	3445.8
0.0	522.0	1439.4	2457.3	3412.5
118.8	548.9	1438.6	2470.0	3410.7
118.8	583.6	1382.9	2454.5	3350.8
117.6	620.1	1337.2	2438.7	3326.7
117.6	634.6	1300.2	2432.5	3381.6
115.5	650.8	1259.3	2451.8	3430.0
113.2	626.4	1194.1	2470.3	3468.4
112.1	624.5	1131.0	2463.0	3512.7
109.3	623.1	1093.7	2448.3	3476.7
106.2	637.2	1089.9	2452.9	3554.5
117.6	604.8	1032.1	2432.1	3593.0
0.0	677.2	1112.2	2411.4	3371.0
184.6	702.1	1165.1	2385.3	3173.0
63.5	685.1	1108.7	2361.9	3135.9
108.1	599.5	1131.0	2423.6	3243.9
137.9	627.3	1157.1	2446.4	3356.5
179.1	662.1	1138.8	2417.7	3402.5
0.0	783.1	1404.7	2541.3	3263.4
387.1	847.7	1370.0	2475.5	3291.1
0.0	763.0	1329.3	2445.8	3353.2
0.0	796.6	1407.0	2541.4	3327.3
0.0	835.2	1528.0	2654.4	3357.2
0.0	860.1	1684.3	2728.4	3430.6
0.0	885.2	1693.4	2617.3	3346.2
0.0	949.1	1632.0	2572.8	3408.8
160.0	974.9	1745.1	2715.2	3477.2
0.0	868.9	1685.2	2617.9	3466.5
0.0	787.3	1629.7	2607.5	3466.0
0.0	1008.7	1665.0	2664.4	3398.2
0.0	1121.9	1716.0	2702.1	3402.4
0.0	909.6	1714.1	2662.4	3386.1
0.0	894.4	1824.8	2752.7	3321.0
70.6	900.8	1734.1	2603.1	3219.1
131.9	757.7	1560.1	2472.3	3139.6
113.2	768.1	1528.5	2552.2	3174.8
187.5	706.6	1424.8	2622.4	3222.9
0.0	900.6	1407.7	2450.2	3293.2
0.0	1057.3	1404.8	2301.3	3267.1
242.8	994.8	1380.4	2310.8	3392.4
0.0	917.4	1413.1	2423.4	3443.4
500.0	952.2	1440.1	2502.9	3419.6
0.0	745.4	1417.4	2274.9	3388.2
113.2	695.9	1405.0	2031.1	3370.3
500.0	837.7	1432.1	2348.3	3434.6
103.4	830.5	1484.8	2194.2	3484.1
0.0	1011.1	1531.9	2768.9	3515.1
0.0	931.9	1490.6	2444.4	3481.2
0.0	820.3	1445.7	2159.4	3486.9
0.0	776.3	1368.7	2448.4	3521.4
0.0	758.0	1344.9	2426.2	3573.0
528.3	943.0	1431.2	2370.2	3626.6
0.0	796.8	1475.6	2285.6	3575.5
0.0	767.4	1385.6	1908.0	3389.8
0.0	689.0	1377.9	2261.7	3434.7
0.0	703.5	1414.0	2388.1	3553.9
480.0	767.6	1453.3	2285.2	3557.1
