0.0	0.0	0.0	0.0	0.0
0.0	0.0	0.0	0.0	0.0
0.0	0.0	0.0	0.0	0.0
0.0	1047.7	1872.7	2946.4	3668.0
0.0	788.3	1740.1	2727.3	3597.8
0.0	819.0	1781.8	2706.2	3509.1
0.0	843.1	1795.4	2722.4	3558.3
0.0	816.9	1731.7	2577.0	3410.2
0.0	1041.7	1701.6	2600.9	3424.5
0.0	1250.2	1972.4	2901.1	3606.4
0.0	1071.5	1904.6	2901.3	3548.1
0.0	867.2	1854.8	2766.9	3493.2
0.0	706.3	1624.1	2666.7	3477.6
0.0	804.7	1703.5	2671.2	3483.9
0.0	728.5	1714.4	2540.3	3420.5
0.0	919.3	1824.5	2587.2	3443.1
0.0	941.1	1860.5	2621.2	3481.5
0.0	1010.9	2109.0	2421.1	3362.0
0.0	609.8	1624.6	2441.8	3369.9
121.2	417.0	1511.0	2494.4	3462.6
0.0	337.3	1276.4	2491.0	3184.7
0.0	333.4	1272.9	2529.3	3025.7
74.5	353.4	1261.7	2576.0	2955.6
0.0	358.6	1253.2	2601.9	2998.6
0.0	381.8	1260.4	2610.4	3062.0
0.0	360.9	1256.8	2617.1	3003.6
112.1	371.2	1268.1	2625.9	3011.2
118.8	400.1	1291.5	2606.3	3033.5
120.0	512.7	1337.3	2547.2	3109.1
122.4	522.6	1358.2	2463.1	3356.0
123.8	544.1	1356.0	2390.3	3360.1
124.1	531.0	1336.5	2325.6	3416.8
123.6	492.5	1288.5	2202.1	3387.9
121.8	500.2	1295.7	2137.1	3268.8
117.4	477.0	1295.8	2140.4	3350.6
106.4	296.6	1314.9	2252.1	3220.5
89.6	916.1	1529.4	2382.3	3216.7
282.1	993.7	1541.7	2455.4	3224.1
103.4	966.1	1509.9	2357.1	3190.2
0.0	1155.3	1845.4	2859.9	3299.2
0.0	1176.1	1858.6	2980.9	3447.8
0.0	901.5	1669.1	2968.9	3507.0
0.0	1259.7	2001.8	3124.8	3628.5
413.8	786.1	1723.4	3067.2	3636.0
0.0	813.5	1673.6	3016.0	3661.3
114.3	1166.2	2128.2	3156.1	3735.8
112.1	962.7	1920.4	2868.3	3639.6
0.0	897.3	1729.2	2832.4	3678.6
0.0	801.4	1700.3	2805.8	3765.4
153.8	1016.3	1778.0	2954.5	3773.2
153.8	939.5	1770.5	2875.6	3747.0
0.0	484.8	1593.8	2628.8	3660.8
0.0	507.1	1345.3	2567.7	3447.8
0.0	550.9	1337.1	2577.0	3216.3
0.0	587.5	1351.6	2602.0	3259.6
113.7	598.0	1382.4	2585.6	3470.5
115.6	617.1	1353.8	2596.9	3502.7
115.4	621.2	1281.4	2578.3	3484.9
114.5	616.3	1183.1	2481.2	3410.4
114.0	597.8	1062.8	2234.5	3401.4
113.7	560.4	1047.6	2372.0	3531.1
115.0	370.5	1019.6	2619.7	3475.0
115.9	440.3	1002.8	2704.6	3478.3
116.2	471.6	991.9	2665.4	3495.8
116.3	466.4	1030.2	2575.0	3425.2
116.5	483.8	1078.4	2472.4	3487.2
116.2	509.2	1047.5	2475.7	3615.4
115.2	533.9	969.1	2555.0	3739.9
114.7	560.9	887.9	2520.5	3764.5
114.7	579.4	831.3	2405.9	3708.9
114.6	587.9	806.5	2260.8	3700.6
114.1	612.5	855.5	2117.7	3715.9
112.9	598.1	942.4	2006.5	3676.5
112.6	607.9	1000.3	1896.5	3713.5
112.6	594.9	1058.2	1820.8	3752.5
111.0	560.3	1117.7	1755.1	3556.2
110.0	556.3	1179.7	1722.8	3671.5
109.2	545.9	1247.6	1735.4	3641.7
108.7	534.9	1308.4	1749.1	3583.2
107.9	531.0	1360.9	1790.8	3571.9
107.2	526.7	1419.9	1840.1	3600.2
106.7	525.4	1515.2	1903.3	3520.2
106.0	531.3	1579.5	1995.6	3519.9
105.6	527.1	1619.5	2055.8	3571.6
106.3	528.4	1650.3	2106.8	3562.7
106.8	546.2	1666.3	2140.8	3436.4
107.3	545.1	1678.3	2168.7	3395.6
108.5	553.0	1685.0	2185.2	3522.3
109.8	553.0	1681.7	2173.5	3474.3
110.2	553.3	1665.6	2157.7	3468.2
110.6	556.1	1643.1	2291.3	3482.3
110.4	556.1	1617.8	2337.5	3386.5
109.4	573.4	1598.5	2380.6	3568.2
108.3	588.2	1555.7	2406.0	3637.4
106.6	626.1	1487.4	2432.8	3631.1
105.2	633.0	1425.9	2504.9	3584.7
101.2	636.8	1345.2	2546.9	3591.7
99.1	625.8	1269.8	2550.3	3594.9
93.5	615.5	1227.9	2509.6	3617.6
87.1	612.5	1193.7	2509.5	3633.1
83.0	629.7	1165.8	2534.3	3609.5
81.3	623.3	1118.8	2532.0	3565.3
76.3	599.8	1063.4	2526.3	3572.6
99.6	590.7	1063.9	2523.7	3564.0
86.1	628.0	1438.6	2535.7	3509.4
93.0	703.0	1560.2	2595.4	3568.8
92.5	965.3	2059.8	2770.9	3678.7
88.2	917.8	1934.2	2944.5	3598.6
0.0	948.2	1880.0	2918.4	3615.7
0.0	913.0	1858.4	2892.8	3645.0
0.0	806.9	1725.4	2879.6	3610.6
0.0	1126.1	2235.9	2916.5	3653.3
0.0	973.8	1896.7	2837.2	3661.6
0.0	964.6	1808.0	2928.5	3669.3
0.0	984.4	1889.7	2917.2	3622.6
0.0	1079.1	2158.5	3022.7	3690.3
0.0	1113.4	1817.2	2763.4	3648.7
400.0	989.6	1931.0	2683.9	3681.5
235.3	829.0	1847.9	2592.8	3683.2
121.2	789.4	1709.5	2547.9	3706.2
235.3	809.9	1692.6	2685.8	3726.8
0.0	812.7	1744.6	2687.2	3591.8
324.3	737.7	1678.0	2594.7	3526.4
428.6	862.5	1657.5	2551.1	3633.9
0.0	856.3	1573.2	2510.0	3708.1
0.0	845.9	1414.0	2487.8	3655.8
0.0	607.1	1369.9	2547.4	3612.7
0.0	681.1	1402.2	2451.4	3598.6
0.0	733.0	1382.5	2356.1	3580.8
0.0	788.7	1522.2	2534.3	3465.4
0.0	743.2	1692.4	2546.8	3415.5
0.0	709.9	1407.9	2384.8	3322.4
206.9	641.6	1330.0	2368.4	3422.6
0.0	799.0	1816.8	2466.7	3573.3
99.2	820.1	1865.1	2604.2	3578.9
153.8	898.0	1894.5	2614.6	3559.0
157.9	822.8	1995.9	2600.1	3584.7
90.2	614.2	1715.7	2513.1	3633.7
97.6	704.9	1654.5	2550.2	3553.0
97.6	1094.0	1943.7	2796.2	3610.2
0.0	600.1	1932.4	2606.2	3531.5
0.0	449.1	1897.8	2683.8	3467.5
0.0	525.9	1495.7	2520.6	3523.6
0.0	847.3	1767.0	2628.2	3581.2
116.5	886.7	2001.3	2485.4	3602.1
134.8	877.8	2031.5	2565.1	3633.8
0.0	1057.5	1970.9	2663.4	3665.3
0.0	1031.8	1875.3	2630.2	3602.8
0.0	730.8	1871.1	2618.5	3509.8
117.6	854.4	1974.2	2648.1	3554.2
103.4	618.2	1873.7	2548.5	3616.6
571.4	632.0	1742.3	2419.7	3385.1
0.0	929.2	1976.5	2655.5	3459.4
76.4	883.1	1935.8	2571.0	3490.7
0.0	711.3	1853.3	2609.3	3560.0
307.7	611.1	1888.3	2458.8	3486.8
0.0	507.8	1840.5	2396.7	3477.0
444.4	599.9	1797.0	2577.9	3326.0
0.0	613.4	1709.4	2468.0	3287.7
0.0	789.9	1615.3	2541.0	3438.0
333.3	660.9	1458.0	2624.0	3486.9
0.0	660.1	1971.5	2628.1	3520.1
0.0	584.1	2020.1	2723.0	3586.2
0.0	594.5	1897.5	2632.7	3524.9
571.4	492.3	1664.0	2491.4	3482.0
0.0	527.5	1761.8	2635.9	3574.9
