0.0	0.0	0.0	0.0	0.0
0.0	0.0	0.0	0.0	0.0
0.0	0.0	0.0	0.0	0.0
0.0	995.0	1792.4	2663.9	3515.5
0.0	867.9	1542.1	2548.0	3408.0
0.0	707.0	1510.6	2489.7	3353.7
0.0	885.8	1612.6	2589.5	3452.6
0.0	925.4	1612.1	2551.3	3382.0
0.0	829.0	1583.2	2536.3	3350.1
0.0	904.7	1644.0	2554.4	3385.3
0.0	875.0	1436.6	2456.5	3335.4
90.9	823.2	1485.2	2447.2	3348.7
0.0	880.0	1525.5	2425.7	3287.4
0.0	858.7	1557.6	2423.2	3311.0
0.0	771.6	1598.2	2374.2	3203.9
0.0	869.3	1643.5	2418.3	3096.5
0.0	857.1	1626.8	2444.7	3252.8
0.0	978.3	1626.5	2401.6	3196.1
0.0	970.2	1636.4	2266.1	3157.0
210.5	910.4	1716.8	2348.2	3275.7
196.7	712.8	1744.0	2403.7	3303.1
226.9	675.9	1720.5	2403.4	3277.1
250.0	698.7	1754.2	2543.5	3340.0
444.4	732.4	2119.8	2638.7	3387.5
0.0	717.6	2005.7	2562.0	3310.5
266.7	822.9	2064.7	2619.2	3244.5
0.0	909.3	2228.5	2690.6	3383.7
0.0	684.1	2148.9	2630.9	3477.5
0.0	774.5	1942.3	2717.8	3343.5
0.0	861.0	2073.9	2746.2	3321.6
0.0	704.7	2072.5	2576.5	3327.5
0.0	837.2	1978.4	2594.9	3297.2
0.0	816.1	1971.0	2617.7	3245.8
0.0	720.1	1976.2	2542.6	3234.2
0.0	654.9	1944.6	2512.2	3295.8
96.0	418.7	1859.2	2453.6	3240.2
0.0	357.6	1953.8	2383.1	3205.1
145.2	344.0	1975.7	2231.5	3306.0
129.0	358.1	1897.9	2098.9	3331.7
129.4	360.2	1738.6	2048.7	3357.9
129.4	353.6	1311.0	2102.2	3329.8
127.7	308.0	1117.4	2134.5	3313.9
125.0	333.0	1285.6	2171.2	3446.7
127.7	321.1	1215.7	2172.7	3452.1
129.0	311.5	1216.8	2185.0	3319.0
129.0	330.7	1204.8	2171.0	3229.9
130.4	324.8	1176.5	2155.7	3145.7
127.7	602.8	1101.3	2133.3	3039.5
134.8	580.4	1114.2	2131.7	3029.0
143.0	602.7	1159.9	2120.4	3013.5
139.6	618.8	1195.7	2135.5	3161.6
141.0	623.9	1221.8	2196.3	3302.0
144.2	630.3	1259.6	2202.8	3284.5
144.6	628.3	1284.4	2204.4	3318.8
145.2	619.2	1293.7	2248.8	3346.8
144.6	620.3	1320.5	2455.5	3353.5
144.3	721.6	1496.1	2548.2	3571.5
146.1	654.2	1514.8	2599.2	3549.4
149.5	927.9	2135.7	3135.1	3698.1
150.9	877.2	2286.2	3164.3	3756.7
64.2	760.3	1964.0	3082.7	3792.4
0.0	726.8	2114.9	3168.8	3810.7
0.0	649.3	2055.6	3033.4	3749.0
250.0	965.5	1905.9	3010.6	3771.2
129.0	1083.2	1870.5	2882.9	3690.5
0.0	1013.2	2095.4	2942.5	3754.8
0.0	765.1	2293.6	3151.3	3764.1
0.0	737.9	2348.6	3027.6	3560.2
0.0	790.6	2344.6	2718.8	3442.2
0.0	473.6	1467.3	2319.2	3256.8
0.0	407.9	1441.2	2207.0	3227.0
0.0	340.4	1398.0	2111.6	3206.3
124.0	458.7	1282.6	2043.8	3225.4
124.9	357.8	1112.0	2012.3	3234.8
117.6	278.6	1066.0	2008.7	3125.4
105.3	338.1	1783.7	2604.5	3343.7
120.0	642.1	1747.0	2547.9	3301.0
136.4	1071.4	1844.5	2634.3	3444.4
71.4	912.9	1760.6	2724.1	3469.1
65.9	890.1	1775.3	2683.4	3525.1
0.0	723.8	1704.9	2730.1	3532.7
0.0	618.6	1696.6	2671.2	3447.6
0.0	682.2	1602.8	2507.2	3333.6
0.0	938.1	1628.0	2491.3	3313.7
0.0	940.6	1615.9	2317.1	3353.7
0.0	543.9	1196.4	2147.7	3285.6
0.0	446.7	1115.7	2105.1	3315.8
146.1	443.4	1191.2	2129.5	3195.5
146.4	433.6	1246.8	2148.8	3166.8
146.0	432.7	1320.3	2147.7	3123.6
145.3	426.8	1384.7	2112.2	3095.6
144.4	431.9	1500.2	2009.6	3077.0
141.9	233.6	1602.7	1994.9	3067.2
68.3	385.7	1686.5	2240.6	3329.8
133.3	418.4	1683.2	2367.9	3269.9
131.9	395.9	1551.6	2431.9	3177.4
132.9	392.6	1531.9	2463.5	3215.8
132.1	398.7	1545.6	2485.5	3265.0
130.1	399.7	1573.0	2472.5	3261.7
128.3	389.1	1561.6	2489.9	3316.9
126.3	363.7	1564.1	2510.3	3361.7
123.7	364.4	1587.2	2493.0	3435.4
119.0	390.2	1662.2	2697.7	3596.0
113.2	400.2	1898.0	3206.7	3692.6
111.1	502.8	1874.6	3407.3	3631.2
101.7	889.4	1760.3	3274.6	3597.1
0.0	791.6	1843.2	3127.1	3614.3
0.0	699.3	1840.1	3077.5	3611.4
0.0	535.9	1639.6	2780.9	3533.4
0.0	1308.4	1534.5	2702.0	3576.3
97.6	1310.5	1428.5	2715.0	3570.9
64.9	704.0	1326.9	2598.3	3516.3
0.0	865.6	1397.1	2619.0	3425.9
0.0	1051.9	1191.6	2241.7	3550.1
0.0	1019.8	1187.4	2361.2	3587.6
0.0	943.0	1368.9	2555.2	3502.9
103.3	591.1	1169.4	2445.3	3450.3
0.0	654.7	1142.9	2563.9	3360.4
315.8	805.8	1325.8	3086.9	3205.4
571.4	633.7	1079.7	2403.6	3333.4
0.0	504.7	911.8	2248.8	3344.1
0.0	482.3	918.7	2317.8	3287.4
131.9	534.9	962.9	2320.5	3237.2
136.4	530.3	992.2	2298.5	3225.6
134.8	536.0	1023.7	2242.3	3199.3
134.8	549.0	1027.1	2199.4	3135.0
134.2	548.9	1031.2	2208.7	3105.3
134.8	550.6	1035.0	2220.9	3085.5
134.3	557.8	1033.2	2224.0	3079.1
134.6	542.7	1031.6	2241.5	3080.4
134.5	546.8	1043.6	2272.1	3082.6
133.8	547.2	1036.7	2268.1	3075.7
133.4	530.0	1028.0	2294.5	3093.1
132.3	535.4	1026.5	2243.5	3113.9
131.7	531.8	1020.5	2252.1	3119.6
130.7	516.7	1018.8	2320.1	3131.7
129.2	510.9	1042.8	2379.3	3152.0
128.3	500.9	1080.0	2384.4	3173.4
126.9	499.9	1122.2	2369.4	3199.4
125.0	490.8	1151.1	2465.4	3241.6
123.7	484.3	1207.9	2489.6	3293.5
121.9	467.9	1245.9	2488.3	3372.7
119.2	535.8	1272.8	2502.0	3423.1
117.0	433.9	1297.3	2558.2	3472.6
113.5	509.4	1360.1	2978.5	3626.6
110.1	689.8	1593.8	3085.9	3747.3
105.3	985.9	1863.2	3182.6	3842.1
0.0	916.6	1809.4	3255.7	3984.2
500.0	669.8	1643.0	3084.5	3865.7
0.0	919.5	1810.4	2977.9	3814.9
0.0	1161.0	2266.1	3160.8	3821.0
72.7	688.6	1961.6	2873.8	3657.8
0.0	443.1	1481.8	2560.9	3554.8
0.0	462.7	1327.9	2364.8	3520.7
230.8	456.2	1281.7	2373.0	3452.3
111.1	392.8	1258.8	2395.5	3106.0
109.1	377.0	1235.8	2233.8	2558.0
111.1	363.0	1220.5	2206.6	2559.7
111.1	400.6	1228.2	2419.4	3002.0
111.1	385.2	1208.8	2414.6	3224.1
110.1	416.0	1227.8	2356.9	3407.5
112.1	475.6	1256.2	2337.5	3434.3
235.3	520.4	1329.0	2416.4	3390.0
111.2	553.9	1417.5	2412.2	3293.5
110.6	555.9	1473.1	2342.6	3239.0
108.3	536.3	1503.7	2268.2	3315.3
108.0	494.4	1465.3	2145.4	3343.1
109.0	432.1	1354.7	2125.1	3406.4
106.5	304.9	1345.2	2278.1	3416.8
100.8	717.6	1472.3	2360.6	3464.2
70.5	1195.8	2049.7	2722.2	3599.3
78.9	1196.0	1532.6	2412.3	3552.1
0.0	317.9	1200.9	2396.3	3454.8
148.1	1015.1	1125.4	2334.3	3423.8
0.0	880.9	1104.5	2220.8	3392.0
222.2	743.6	1166.3	2371.2	3266.6
0.0	776.8	1193.3	2925.3	3466.4
0.0	827.2	1572.4	3129.7	3482.8
226.4	823.2	1656.0	2381.9	3567.6
0.0	737.2	1616.3	2341.2	3582.0
0.0	771.2	1404.8	2526.6	3591.6
0.0	560.4	1164.7	2402.4	3534.1
0.0	508.3	925.7	2296.6	3423.3
0.0	522.6	917.8	2307.9	3311.8
121.5	565.7	955.9	2367.0	3157.3
121.3	604.4	960.2	2379.9	3163.0
119.1	621.5	972.7	2392.1	3188.7
120.0	646.1	987.1	2407.2	3145.3
119.3	661.9	1013.2	2416.5	3119.3
119.0	669.8	1035.8	2451.1	3117.0
118.4	679.6	1062.9	2419.3	3060.5
117.8	682.3	1063.8	2400.8	3026.5
117.6	688.1	1076.0	2395.4	3064.9
119.1	678.0	1078.7	2403.9	3080.9
117.7	686.4	1103.0	2391.5	3012.7
116.7	689.6	1134.6	2390.0	2991.2
116.5	697.3	1151.3	2370.5	2958.0
116.4	697.5	1169.3	2367.4	3007.2
116.5	702.2	1183.1	2365.5	3009.7
115.4	700.3	1222.8	2318.8	3007.8
114.4	661.3	1262.4	2335.2	2996.2
115.1	632.2	1289.2	2406.9	2957.3
115.4	608.9	1296.7	2442.5	3130.2
112.8	572.7	1300.2	2468.8	3284.9
112.1	504.4	1345.0	2485.9	3504.2
109.9	428.6	1410.7	2736.3	3549.7
108.4	391.8	1881.5	2979.9	3681.7
104.3	1112.8	1998.1	3099.3	3775.4
73.6	668.6	1778.4	2953.8	3648.4
0.0	778.3	1831.1	2936.7	3725.3
444.4	989.5	1787.7	2822.0	3682.1
0.0	809.8	1759.0	2871.7	3692.0
0.0	628.9	1782.5	2648.2	3571.5
196.7	472.3	1572.8	2504.6	3487.2
0.0	448.6	1438.4	2468.1	3469.2
0.0	460.0	1446.1	2478.1	3447.7
177.9	468.7	1486.5	2495.5	3442.7
176.4	462.7	1497.0	2511.4	3363.9
63.5	457.7	1489.0	2532.8	3371.3
93.3	447.3	1510.3	2533.6	3421.4
169.6	452.3	1501.8	2528.9	3365.6
89.1	464.7	1488.9	2536.3	3437.4
169.9	351.7	1484.8	2558.8	3449.8
112.4	357.7	1491.7	2588.8	3443.0
206.4	302.0	1548.0	2454.7	3503.6
88.5	306.2	1762.6	2563.5	3503.4
92.3	783.2	1852.7	2642.9	3421.7
280.6	882.8	1844.7	2646.2	3449.5
0.0	947.2	1905.2	2704.9	3486.9
0.0	980.9	1878.6	2761.9	3501.3
0.0	949.1	1819.9	2692.4	3410.5
0.0	958.0	1726.6	2670.1	3445.3
