0.0	0.0	0.0	0.0	0.0
0.0	0.0	0.0	0.0	0.0
0.0	0.0	0.0	0.0	0.0
0.0	716.8	1770.9	2728.9	3417.1
0.0	998.3	1845.6	2714.6	3416.4
0.0	991.8	1747.3	2578.6	3458.3
0.0	775.2	1606.9	2574.6	3515.6
0.0	933.5	1664.8	2559.2	3527.8
0.0	988.5	1850.4	2717.3	3551.2
0.0	720.3	1765.6	2720.4	3568.9
0.0	743.3	1670.4	2619.6	3496.2
0.0	893.4	1844.6	2534.8	3465.7
0.0	748.4	1641.6	2555.7	3484.8
0.0	676.6	1442.7	2338.3	3404.1
0.0	691.1	1386.7	2421.5	3470.7
0.0	632.7	1507.8	2407.6	3465.2
173.9	470.1	1024.3	2388.0	3454.5
0.0	444.3	1006.8	2348.9	3405.9
0.0	461.9	1254.7	2392.4	3291.0
161.3	513.2	1498.2	2431.8	3451.5
157.4	414.6	1833.2	2453.7	3498.1
163.5	367.9	2075.1	2418.9	3516.0
168.4	359.4	2252.1	2620.0	3541.8
174.9	369.6	2306.9	2745.2	3626.0
184.4	383.6	2329.4	2793.1	3540.5
185.5	376.3	2286.8	2751.9	3349.0
186.6	381.8	1997.1	2710.5	3295.1
91.7	283.9	1862.6	2795.2	3239.2
83.3	916.7	1694.6	2735.4	3290.6
85.1	763.4	1480.5	2462.5	3302.6
81.6	781.0	1794.0	2566.5	3259.0
480.0	897.6	1816.1	2537.6	3128.1
480.0	847.4	1797.2	2555.1	3352.9
0.0	728.0	1873.1	2528.5	3472.1
0.0	833.9	1871.0	2565.8	3600.0
255.3	743.2	1668.2	2490.5	3505.8
0.0	406.8	1644.5	2409.0	3446.6
206.9	389.8	1602.4	2426.3	3439.7
191.3	429.8	1659.8	2627.7	3401.7
181.8	471.0	1745.2	2671.7	3455.2
176.2	495.1	1726.8	2644.5	3471.9
173.0	487.6	1703.5	2659.2	3554.6
169.5	498.1	1678.4	2692.5	3590.4
168.9	480.5	1672.9	2714.1	3602.3
168.5	470.5	1636.0	2779.3	3744.2
163.6	461.8	1636.4	2757.8	3754.4
160.0	741.7	1758.6	2800.0	3950.9
160.0	811.3	1903.1	2905.6	4223.1
0.0	839.3	1870.0	2862.1	3951.9
0.0	789.4	1798.8	2946.5	3910.2
155.8	1012.4	1785.0	3076.8	4072.0
76.9	842.0	1762.6	2876.7	3890.6
0.0	885.5	1842.3	2899.8	4087.7
461.5	785.3	1859.1	2803.8	3898.7
0.0	891.9	1756.6	2843.7	3794.4
218.2	639.9	1656.1	2854.9	3775.3
69.4	492.0	1586.7	2843.2	3642.1
216.5	473.4	1599.0	2785.2	3482.4
173.7	489.6	1561.0	2778.3	3532.8
167.4	476.0	1531.5	2738.3	3527.8
158.4	450.0	1504.2	2500.0	3433.7
154.8	410.1	1466.3	2286.0	3447.4
148.7	400.1	1416.9	2270.8	3368.3
146.7	373.6	1410.0	2328.1	3237.6
141.0	438.4	1305.8	2260.0	3157.7
142.9	393.5	1275.1	2298.5	3187.3
142.9	404.6	1263.0	2403.3	3319.9
141.2	420.1	1227.6	2348.7	3295.4
141.8	406.8	1144.8	2434.7	3212.0
141.5	411.3	1107.2	2593.4	3338.8
141.4	419.3	1101.9	2510.8	3228.4
141.0	431.0	1096.3	2620.2	3438.7
141.3	402.0	1112.8	2708.8	3596.1
141.2	446.1	1198.3	2702.1	3431.4
142.7	459.9	1469.4	2751.9	3483.1
149.0	444.0	1657.1	2748.2	3507.9
151.7	446.9	1870.7	2639.6	3522.5
153.8	444.6	2042.6	2648.7	3495.4
156.5	364.1	2117.5	2633.9	3529.5
158.3	339.1	2197.6	2669.7	3531.5
160.7	337.1	2249.9	2696.7	3544.4
165.7	355.7	2263.5	2639.7	3611.3
171.4	350.3	2219.6	2601.7	3579.3
175.1	355.9	2111.4	2508.8	3291.8
176.3	354.5	1946.7	2454.3	3342.5
172.6	370.4	1872.6	2475.1	3384.4
162.2	399.7	1890.0	2377.0	3266.1
162.0	425.0	1901.0	2293.0	3262.3
162.9	467.7	1846.7	2197.4	3297.4
164.7	459.7	1722.0	2087.8	3369.0
160.7	473.4	1658.5	2051.6	3368.9
157.0	466.6	1636.2	2036.0	3405.6
152.5	439.6	1618.5	2008.8	3338.2
148.4	426.3	1625.8	1983.2	3253.4
142.5	414.7	1671.6	1996.2	3254.9
139.1	421.3	1718.2	2142.3	3202.3
133.1	466.4	1726.3	2408.8	3278.2
129.3	799.6	1886.8	2521.7	3293.7
117.6	643.2	2021.9	2590.7	3358.7
0.0	743.4	2101.8	2637.5	3352.4
0.0	748.6	2101.1	2756.8	3376.2
0.0	815.9	2089.0	2764.6	3350.8
0.0	692.2	2057.8	2701.3	3368.6
0.0	803.5	2077.8	2681.7	3357.4
0.0	738.8	2024.4	2720.0	3362.6
0.0	831.1	2067.6	2691.5	3251.3
0.0	839.4	2012.1	2707.3	3296.1
292.7	894.9	1983.1	2676.0	3323.3
0.0	772.8	1936.3	2627.4	3285.2
0.0	642.5	1909.7	2631.5	3361.7
0.0	444.9	1900.4	2581.4	3411.2
0.0	447.2	1884.8	2566.4	3416.9
141.0	491.9	1852.5	2558.1	3445.7
134.3	509.9	1827.7	2525.7	3444.8
130.4	508.1	1798.8	2517.0	3450.5
126.8	516.5	1772.1	2517.7	3469.6
125.6	520.1	1716.7	2522.8	3432.8
125.9	510.3	1665.6	2460.9	3421.5
126.5	504.0	1600.2	2465.2	3376.6
125.6	519.7	1538.5	2453.0	3302.2
125.5	527.0	1429.0	2442.0	3296.4
125.7	501.7	1316.6	2393.8	3338.9
125.1	473.1	1207.2	2319.7	3296.0
122.5	363.0	1095.3	2265.8	3399.3
128.6	396.7	1810.9	2505.1	3441.2
254.0	377.9	1885.7	2483.7	3427.5
0.0	370.0	1422.8	2410.3	3380.1
232.4	323.7	1490.7	2590.8	3419.5
100.8	334.9	1254.0	2473.3	3399.9
244.9	376.8	1687.7	2660.0	3509.1
250.0	369.8	1852.3	2592.7	3548.6
0.0	282.7	1899.6	2658.0	3540.7
0.0	297.2	1592.6	2595.9	3496.3
292.7	310.3	1094.8	2328.8	3415.4
0.0	332.1	1324.8	2447.8	3390.1
266.7	428.0	1653.5	2455.3	3379.0
