0.0	0.0	0.0	0.0	0.0
0.0	0.0	0.0	0.0	0.0
0.0	0.0	0.0	0.0	0.0
0.0	780.9	1765.3	2376.9	3337.0
0.0	829.6	1780.7	2377.4	3346.5
0.0	901.3	1789.2	2460.8	3381.1
0.0	908.9	1777.1	2558.9	3457.9
0.0	955.1	1762.5	2578.1	3366.6
0.0	668.7	1660.7	2460.3	3296.2
0.0	728.9	1729.7	2426.9	3289.9
0.0	780.9	1796.2	2474.6	3188.6
0.0	839.2	1754.6	2576.9	3202.5
479.6	660.4	1697.6	2589.8	3197.4
0.0	626.3	1591.9	2165.4	3071.2
0.0	800.5	1638.8	2323.6	3060.6
0.0	871.3	1732.0	2592.8	3353.4
0.0	769.5	1570.9	2450.3	3319.0
0.0	777.1	1591.5	2619.9	3452.3
0.0	810.3	1711.6	2624.7	3459.7
0.0	774.3	1835.2	2665.7	3407.0
0.0	815.2	1735.5	2684.9	3420.2
0.0	866.8	1479.9	2690.6	3393.5
0.0	933.5	1580.9	2655.7	3438.6
0.0	976.7	1555.5	2617.0	3410.9
173.9	922.5	1449.8	2649.8	3337.5
0.0	864.4	1428.3	2585.2	3417.5
0.0	756.6	1291.1	2596.6	3397.8
0.0	743.7	1210.0	2662.2	3372.5
192.6	717.4	1180.8	2704.3	3369.7
185.1	693.3	1143.4	2728.0	3305.8
186.9	668.7	1147.5	2744.8	3278.6
192.0	600.0	1166.9	2746.8	3220.4
195.8	588.7	1185.9	2763.1	3285.3
198.6	580.2	1193.3	2811.6	3454.9
198.2	554.6	1193.5	2897.4	3568.6
194.7	515.1	1231.7	2892.5	3606.5
190.5	494.1	1278.7	2838.5	3689.9
181.8	557.6	1374.9	2847.0	3792.5
187.5	679.0	1686.3	2939.1	3830.1
179.1	468.4	1804.3	2894.1	3856.4
81.6	796.1	1825.9	2932.3	4023.7
90.2	513.0	1731.9	2887.0	3831.3
0.0	494.4	1514.7	2850.6	3738.4
0.0	447.5	1506.5	2907.4	3718.4
184.6	414.5	1543.7	2889.4	3673.6
184.6	409.9	1537.5	2856.7	3605.6
180.6	417.6	1563.1	2831.6	3551.7
176.5	473.5	1584.1	2863.2	3668.9
173.6	491.7	1624.8	2855.8	3718.2
170.4	464.6	1639.5	2866.9	3683.0
164.4	763.6	1735.7	2899.6	3738.7
160.0	754.6	1809.4	2995.7	3792.7
160.0	795.3	1834.8	2954.8	3840.0
121.2	941.8	1854.0	2887.4	3847.9
0.0	906.1	1782.2	2920.0	3887.8
0.0	958.6	1821.7	2996.2	3840.3
0.0	1024.1	2199.2	3047.9	3745.8
118.8	524.6	1923.7	2956.2	3636.3
255.3	482.8	1819.9	2886.7	3555.8
86.3	896.7	1777.3	2754.0	3473.0
67.4	742.7	1670.0	2389.4	3254.9
0.0	835.9	1923.2	2381.1	3244.3
0.0	835.9	1834.5	2455.6	3280.4
0.0	903.9	1872.8	2511.8	3368.3
0.0	496.3	1567.0	2242.2	3316.8
0.0	483.5	1494.8	2097.2	3274.3
193.8	594.5	1497.2	2053.4	3237.6
189.8	588.3	1487.4	2052.5	3195.9
187.5	593.9	1491.8	2066.0	3196.2
185.6	591.3	1562.1	2100.9	3221.5
184.8	579.0	1631.7	2173.9	3250.0
182.1	560.6	1684.6	2218.1	3329.6
181.5	535.9	1793.3	2321.2	3461.9
180.4	514.4	1960.0	2382.1	3549.8
177.4	427.3	2136.0	2404.6	3577.9
174.2	389.2	2179.8	2493.9	3551.8
170.8	397.6	1698.0	2532.6	3424.3
83.7	1272.6	1802.7	2731.5	3216.8
75.5	889.5	1840.3	2792.1	3355.6
83.2	731.9	1717.9	2654.5	3356.4
86.3	889.5	1735.7	2765.3	3409.3
0.0	786.4	1718.3	2858.5	3325.5
292.7	774.5	1611.6	2911.9	3337.5
352.9	942.8	2027.5	2959.6	3340.4
139.5	366.2	2188.7	2984.5	3509.4
0.0	378.7	2224.9	2841.2	3460.2
218.9	394.0	2213.1	2708.3	3350.8
208.1	482.8	2209.2	2625.6	3327.2
211.2	441.8	2147.7	2515.6	3276.7
211.2	439.5	2017.2	2470.4	3313.0
212.7	475.7	1819.3	2407.3	3253.7
213.9	466.5	1650.9	2418.5	3255.8
213.0	433.4	1481.2	2450.0	3288.1
210.2	407.2	1367.4	2464.1	3426.4
204.0	397.3	1239.5	2468.6	3445.7
196.9	370.6	1101.8	2476.4	3506.0
185.9	349.7	1034.4	2435.0	3498.0
176.4	356.8	979.2	2453.3	3450.3
160.1	390.3	959.6	2425.0	3441.9
154.9	437.2	954.0	2440.8	3452.3
144.5	423.0	958.9	2474.0	3372.8
139.9	416.5	929.0	2448.3	3349.3
134.7	440.3	921.6	2395.1	3325.4
132.6	456.4	918.0	2369.9	3318.0
130.2	466.4	897.6	2430.8	3348.5
128.9	477.2	888.2	2515.0	3326.8
127.6	476.3	887.2	2499.1	3309.8
126.3	461.8	880.0	2505.0	3313.1
125.1	454.0	861.3	2487.8	3320.3
123.7	490.3	862.0	2394.1	3297.7
121.2	447.3	862.7	2325.4	3349.1
121.2	522.8	1108.7	2345.9	3347.4
120.1	528.8	1383.3	2406.2	3331.6
119.9	876.7	1635.6	2532.8	3361.1
115.8	858.2	1533.2	2439.7	3402.2
123.7	847.9	1639.5	2545.1	3381.7
101.7	866.8	1702.7	2659.7	3329.4
0.0	939.1	1720.0	2669.1	3370.9
0.0	1015.2	1724.1	2759.2	3463.2
0.0	1029.9	1772.1	2748.6	3447.9
0.0	975.7	1852.1	2719.6	3435.9
0.0	902.3	1780.4	2614.4	3400.5
0.0	958.0	1684.4	2506.1	3308.5
0.0	1008.3	1734.0	2519.2	3294.5
0.0	816.5	1527.8	2635.9	3389.0
222.2	796.8	1698.4	2593.2	3406.9
0.0	851.9	1682.5	2547.6	3425.6
0.0	825.4	1696.5	2491.5	3463.7
272.7	727.8	1376.2	2471.5	3323.9
0.0	596.6	1154.0	2543.0	3186.1
0.0	608.2	1098.1	2554.6	3268.8
155.8	633.6	1045.9	2564.1	3317.7
151.9	670.1	1039.5	2578.0	3314.4
147.2	673.8	1023.7	2587.0	3332.7
147.6	716.2	1038.2	2598.0	3319.3
148.3	691.5	1011.1	2608.6	3375.4
148.1	713.6	1000.6	2630.6	3360.9
149.1	669.0	983.5	2641.2	3378.4
151.2	662.1	970.5	2653.8	3376.9
151.9	633.4	929.9	2669.6	3387.4
153.8	620.3	929.1	2691.5	3355.9
153.8	617.4	907.5	2702.2	3383.3
153.8	619.3	902.0	2718.8	3329.3
155.8	586.7	831.9	2734.9	3293.5
155.8	564.5	808.2	2759.1	3309.7
158.2	511.4	797.1	2790.0	3374.8
159.8	502.2	807.0	2811.4	3375.7
160.8	481.6	814.7	2842.3	3415.1
162.2	476.2	811.9	2885.5	3411.4
162.6	468.7	824.2	2915.8	3422.6
162.4	461.6	907.0	2915.8	3394.0
161.2	375.2	893.6	2885.3	3360.7
159.5	345.5	921.3	2836.5	3298.7
158.5	390.9	947.4	2774.3	3250.8
158.3	483.3	1007.6	2617.8	3363.3
162.4	469.8	1100.5	2464.7	3308.2
162.6	468.3	1141.1	2175.9	3299.5
161.6	467.3	1156.7	2018.7	3444.9
161.6	454.3	1175.4	1936.0	3490.2
160.1	451.4	1211.4	1884.2	3439.1
159.6	439.1	1241.6	1825.4	3356.5
156.8	449.3	1256.4	1808.5	3287.4
153.9	450.8	1464.8	2345.9	3104.2
150.2	630.1	1585.0	2432.6	3172.1
144.4	929.5	1735.2	2497.5	3303.8
127.7	1078.2	1755.7	2632.9	3407.3
0.0	722.4	1611.9	2634.2	3412.6
0.0	915.9	1651.6	2669.6	3454.0
0.0	879.9	1768.6	2583.7	3462.2
0.0	992.1	2043.4	2668.4	3571.7
0.0	926.2	1771.9	2549.1	3428.5
0.0	840.5	1625.0	2589.9	3339.6
0.0	929.7	1653.9	2640.9	3378.5
100.0	929.7	1653.9	2640.9	3378.5
190.5	938.2	1779.3	2419.6	3496.4
0.0	768.9	1725.9	2474.7	3409.5
0.0	622.5	1664.2	2386.3	3357.1
0.0	472.5	1569.0	2245.8	3367.1
181.4	540.6	1620.8	2258.6	3425.2
175.5	522.7	1677.9	2274.5	3484.5
175.3	528.5	1757.4	2294.7	3552.2
175.6	532.7	1787.5	2319.5	3502.2
175.9	538.5	1825.5	2362.6	3514.2
176.8	523.7	1844.1	2367.1	3488.2
177.4	533.8	1847.7	2370.1	3454.1
176.2	521.9	1850.3	2341.9	3415.1
173.9	526.4	1835.1	2239.2	3412.9
172.1	505.7	1803.3	2160.7	3501.2
169.8	505.9	1784.0	2145.5	3488.1
165.6	510.3	1744.3	2103.3	3429.1
160.7	533.0	1720.1	2054.6	3382.6
155.8	538.3	1713.0	2006.1	3362.5
148.1	547.9	1706.0	1987.6	3367.2
144.6	561.4	1664.3	1955.4	3326.7
137.9	615.0	1635.6	1906.4	3349.6
135.9	498.3	1644.0	1890.8	3379.1
134.8	516.2	1623.1	1882.1	3376.9
131.9	477.1	1638.8	1877.2	3362.9
127.7	532.7	1652.2	1888.9	3342.3
126.3	469.9	1632.9	1874.1	3326.3
126.3	471.3	1597.4	1877.2	3312.4
123.7	474.7	1555.8	1872.2	3314.5
123.7	467.1	1553.7	1894.7	3278.4
123.7	443.4	1546.9	1881.9	3213.6
123.7	423.2	1550.9	1891.0	3190.6
123.7	400.2	1530.4	1887.7	3232.9
126.3	399.1	1430.1	1920.7	3264.1
123.7	753.2	1371.7	1925.9	3160.8
122.3	435.1	1368.0	1988.3	3155.5
122.4	689.8	1888.6	2809.7	3290.2
121.2	727.1	1768.0	2575.2	3304.0
120.0	404.8	1508.7	2305.2	3292.6
120.0	426.4	1574.9	2220.1	3272.2
120.0	1117.0	1873.2	2604.1	3373.5
120.0	952.5	1711.8	2401.8	3313.9
121.2	863.3	1672.3	2334.2	3258.8
109.1	888.7	1704.7	2414.2	3280.3
0.0	764.4	1636.6	2429.1	3383.6
0.0	645.6	1333.6	2233.2	3381.7
272.7	856.7	1999.0	2642.2	3506.0
0.0	865.0	1925.7	2684.0	3471.0
171.4	801.5	1405.9	2389.5	3347.3
0.0	760.9	1394.3	2421.0	3315.8
0.0	857.0	1941.5	2723.6	3267.6
0.0	855.7	1982.9	2755.1	3336.0
0.0	887.8	1798.5	2701.3	3424.8
0.0	809.8	1809.2	2796.1	3390.8
0.0	796.4	1896.8	2729.2	3338.9
0.0	739.0	1917.9	2580.9	3398.9
0.0	814.6	1971.2	2659.8	3417.9
0.0	796.1	1929.4	2624.6	3328.1
0.0	717.5	1928.2	2578.2	3367.2
0.0	672.1	1919.6	2468.7	3380.4
0.0	602.1	1669.0	2389.8	3303.9
0.0	758.0	1712.1	2510.2	3337.9
0.0	751.8	1660.7	2443.3	3365.9
0.0	686.3	1580.9	2511.0	3305.4
148.1	698.2	1717.3	2619.3	3343.4
0.0	794.2	1769.4	2639.3	3451.6
0.0	788.4	1749.2	2599.5	3471.4
0.0	1109.8	1828.2	2554.5	3393.1
400.0	1080.5	1777.2	2545.1	3351.7
0.0	944.9	1719.1	2632.2	3432.8
0.0	1020.0	1827.4	2640.3	3366.7
0.0	860.5	1877.5	2742.8	3421.2
0.0	735.1	1784.0	2605.1	3480.6
0.0	1043.8	1880.9	2646.6	3486.0
0.0	915.0	1757.0	2493.1	3383.1
0.0	851.9	1712.0	2489.8	3277.1
0.0	851.0	1659.7	2557.5	3365.1
0.0	921.3	1785.8	2580.6	3497.5
