0.0	0.0	0.0	0.0	0.0
0.0	0.0	0.0	0.0	0.0
0.0	0.0	0.0	0.0	0.0
0.0	819.0	1714.7	2558.7	3090.5
0.0	842.4	1711.8	2588.4	3115.4
0.0	855.5	1687.9	2602.7	3114.1
71.4	777.0	1656.5	2584.5	3074.2
117.6	939.0	1685.5	2552.0	3068.4
166.7	874.4	1670.0	2495.3	3107.3
375.0	900.3	1700.9	2618.3	3222.1
0.0	786.8	1706.0	2541.1	3358.0
0.0	820.1	1663.2	2632.5	3340.3
0.0	868.7	1721.8	2663.5	3335.3
0.0	834.6	1835.3	2712.0	3503.6
0.0	802.9	1628.6	2495.3	3355.4
0.0	730.0	1540.4	2610.1	3361.8
0.0	780.3	1538.4	2622.7	3410.6
0.0	696.6	1487.5	2560.1	3378.2
71.4	690.9	1462.4	2504.4	3440.9
545.5	640.8	1398.5	2491.4	3396.9
0.0	629.7	1420.6	2564.7	3423.1
0.0	515.0	1427.8	2600.9	3378.8
123.6	303.5	1455.7	2645.8	3183.4
110.2	428.2	1475.4	2646.2	3180.4
108.1	403.0	1543.5	2621.1	3314.5
104.7	628.2	1617.4	2553.6	3349.8
101.7	765.7	1662.5	2544.1	3305.5
99.2	697.6	1763.2	2717.2	3365.1
0.0	474.4	1829.1	2764.2	3469.5
120.7	494.8	1893.4	2759.7	3467.3
117.2	499.4	1944.7	2724.4	3574.0
116.3	496.3	1973.8	2615.9	3571.4
115.8	481.4	2016.0	2576.4	3555.8
115.4	482.0	2043.7	2549.5	3545.2
115.3	467.6	2028.8	2492.0	3510.2
114.7	453.4	1880.6	2330.2	3469.1
114.1	450.2	1706.1	2313.5	3435.0
113.6	441.8	1513.4	2316.1	3393.6
112.9	430.5	1312.7	2321.4	3336.5
110.9	416.6	1148.1	2283.9	3255.3
107.9	407.1	1043.5	2255.9	3197.0
104.3	436.2	958.8	2227.7	3181.0
99.2	555.6	1056.9	2170.3	3107.3
93.7	574.0	1051.0	2158.0	3190.3
90.2	529.6	991.4	2202.7	3205.1
90.9	468.4	958.6	2042.6	3146.2
92.3	424.8	920.7	1930.3	3134.5
96.8	416.4	919.4	1797.1	3099.3
103.3	456.5	942.7	1752.1	3101.8
102.6	478.0	1001.3	1650.1	3092.3
101.6	494.1	1053.9	1610.0	3154.9
101.3	480.3	1110.3	1594.3	3165.8
101.3	520.5	1127.9	1556.0	3134.7
101.7	502.2	1127.7	1544.8	3129.0
101.8	523.1	1156.7	1531.5	3097.4
101.8	501.1	1163.0	1537.3	3081.1
100.0	508.2	1136.6	1576.8	3075.0
96.2	531.7	1121.8	1635.1	3025.8
93.1	576.6	1110.8	1864.2	3030.3
86.4	598.6	1080.9	2256.2	3115.1
0.0	597.9	1053.0	2484.2	3265.8
0.0	606.7	1080.8	2608.3	3573.3
480.0	630.8	968.2	2652.0	3602.1
480.0	678.1	968.9	2668.2	3481.0
0.0	804.9	981.8	2688.7	3390.0
0.0	713.6	991.4	2707.6	3552.7
0.0	659.5	974.4	2721.1	3626.7
0.0	664.3	988.1	2743.7	3641.5
100.8	688.6	968.1	2766.3	3704.0
102.8	710.8	971.5	2794.8	3689.6
105.1	742.3	1013.0	2826.0	3709.3
108.7	731.0	1023.3	2837.0	3683.9
110.9	729.3	978.1	2851.4	3699.9
112.7	708.9	926.3	2870.0	3768.7
113.8	666.7	956.4	2889.3	3779.4
115.5	637.1	952.3	2900.7	3772.3
116.3	653.1	922.5	2911.2	3829.4
117.7	677.7	893.2	2922.2	3840.2
118.0	617.2	887.4	2933.9	3831.7
119.3	620.4	871.4	2940.0	3854.9
120.9	603.1	879.2	2936.0	3903.0
123.6	581.9	864.3	2916.1	3884.1
125.6	577.2	851.8	2895.8	3880.2
127.4	574.6	813.1	2867.8	3916.0
128.8	552.5	782.4	2832.7	3910.3
130.3	516.2	780.2	2799.1	3899.4
130.3	488.3	798.3	2786.4	3896.0
131.4	456.0	773.0	2768.3	3904.0
135.3	474.5	756.1	2751.1	3820.7
134.0	602.1	1488.9	2733.2	3645.1
130.3	760.6	1553.3	2623.3	3564.9
123.3	710.8	1582.2	2601.8	3574.9
65.6	714.0	1592.1	2669.2	3559.1
181.8	763.7	1601.9	2675.8	3577.4
0.0	710.5	1586.1	2636.6	3425.3
0.0	680.4	1485.3	2645.8	3469.3
0.0	769.4	1696.4	2634.5	3522.0
218.2	872.2	1877.6	2783.0	3525.6
0.0	937.4	1877.1	2702.8	3556.2
0.0	803.5	1740.0	2643.0	3455.2
0.0	747.0	1729.8	2663.8	3353.6
0.0	675.4	1704.4	2724.9	3400.4
127.7	735.7	1587.1	2775.9	3607.2
266.7	773.4	1747.6	2718.0	3629.9
214.3	781.3	1614.9	2577.8	3597.9
0.0	492.7	1557.6	2575.2	3625.3
96.0	500.2	1600.4	2621.9	3636.4
0.0	503.7	1709.3	2643.8	3545.6
128.0	500.0	1779.6	2664.6	3565.1
123.5	494.8	1834.9	2674.1	3569.5
121.5	478.3	1969.7	2677.6	3420.3
119.5	469.4	2127.5	2731.1	3345.2
118.2	464.2	2168.9	2730.6	3355.3
116.5	451.1	2227.3	2717.3	3407.3
114.5	450.1	2268.2	2716.4	3538.1
112.4	468.1	2263.2	2726.4	3588.1
111.7	459.6	2221.9	2699.1	3605.4
110.8	445.0	2198.2	2688.5	3647.2
108.9	433.2	2186.9	2694.9	3659.6
106.8	418.5	2095.6	2658.5	3620.8
104.3	433.2	1900.3	2611.5	3585.5
102.3	304.0	1724.0	2601.5	3549.8
91.1	288.9	1756.2	2620.4	3638.3
187.0	523.0	1835.9	2644.1	3559.5
0.0	402.9	1920.2	2669.6	3611.9
179.6	441.6	1919.6	2711.1	3627.3
98.5	461.7	1916.4	2708.8	3646.8
91.7	446.1	1899.3	2675.0	3685.8
88.3	450.9	1889.8	2672.2	3710.9
89.9	440.4	1874.3	2673.7	3744.8
89.1	425.5	1848.0	2675.0	3747.0
88.0	408.2	1777.7	2644.2	3692.4
87.6	314.3	1738.9	2627.5	3627.5
84.3	250.1	1751.4	2667.9	3519.1
91.1	256.4	1752.8	2683.8	3502.6
84.9	241.4	1743.7	2651.9	3414.6
82.4	332.1	1797.8	2652.5	3475.0
82.0	740.2	1820.5	2705.9	3670.7
342.9	450.3	1837.0	2678.6	3719.6
342.9	449.2	1808.1	2668.7	3692.6
0.0	436.4	1788.8	2667.6	3595.6
100.9	413.6	1814.7	2678.3	3376.8
100.9	425.9	1825.9	2705.9	3426.5
81.1	528.3	1845.4	2696.6	3496.3
92.5	604.0	1854.7	2674.5	3453.8
112.6	626.9	1818.7	2708.8	3600.8
109.0	665.8	1803.8	2658.1	3519.6
99.3	621.8	1742.5	2527.5	3102.7
0.0	674.6	1807.3	2690.8	3515.6
99.2	648.7	1790.0	2682.1	3487.5
119.4	523.4	1795.6	2729.2	3256.8
0.0	482.5	1752.0	2764.0	3415.5
0.0	845.6	1718.6	2771.3	3396.3
76.5	714.1	1717.0	2786.1	3269.2
93.5	724.0	1680.0	2722.2	3337.6
271.2	716.6	1670.6	2600.0	3561.0
200.2	712.5	1669.3	2686.6	3498.6
0.0	643.6	1614.3	2497.4	3289.6
114.3	583.7	1624.2	2515.4	3138.4
114.3	611.6	1628.5	2582.6	3300.2
0.0	594.2	1592.9	2430.7	3357.7
0.0	626.0	1599.3	2532.2	3400.8
106.2	619.2	1604.7	2531.2	3398.1
0.0	674.6	1642.6	2439.5	3343.1
85.8	678.4	1601.0	2316.0	3358.7
86.3	614.6	1570.2	2472.3	3451.5
0.0	593.6	1589.1	2576.5	3368.7
176.5	668.2	1590.8	2397.4	3274.3
