0.0	0.0	0.0	0.0	0.0
0.0	0.0	0.0	0.0	0.0
0.0	0.0	0.0	0.0	0.0
0.0	682.3	1771.3	2731.4	3542.6
0.0	783.7	1769.6	2679.7	3542.1
0.0	838.1	1668.0	2631.8	3436.1
0.0	868.7	1860.4	2777.5	3480.0
0.0	856.7	1737.3	2603.9	3444.1
0.0	903.9	1781.4	2613.6	3529.9
0.0	977.5	1835.7	2678.1	3500.9
0.0	785.9	1767.5	2609.2	3426.0
0.0	911.3	1808.5	2610.5	3534.6
0.0	865.0	1870.3	2580.4	3501.8
0.0	796.8	1780.4	2453.4	3332.9
0.0	734.1	1731.0	2554.9	3460.6
0.0	686.7	1638.4	2661.4	3505.1
0.0	699.0	1737.7	2705.3	3421.3
0.0	400.5	942.6	2222.0	3340.9
0.0	412.6	831.1	2095.0	3149.2
138.6	480.3	894.7	2046.0	3112.6
139.5	477.8	1048.0	2018.1	3037.5
144.2	478.0	1192.8	1971.0	2918.9
147.6	458.6	1320.7	1970.4	2922.0
151.0	484.5	1437.4	1933.7	2933.9
154.2	484.2	1488.5	1895.0	2978.5
156.2	467.7	1531.5	1882.4	2958.8
157.9	452.0	1557.2	1887.4	2895.5
155.8	449.5	1602.1	1893.6	2916.4
151.9	450.9	1610.9	1937.9	2953.5
151.9	436.0	1680.3	2009.2	2927.3
137.9	473.4	1747.5	1991.8	2941.7
134.8	519.6	1687.9	2090.7	3096.1
131.9	643.4	1711.7	2160.4	3092.6
127.7	589.8	1816.4	2228.3	3170.9
120.0	668.5	1839.7	2239.3	3097.9
116.5	680.0	1843.2	2230.3	3112.1
130.9	450.9	1894.5	2213.7	3076.0
136.1	441.8	1945.4	2234.7	3065.2
153.8	435.3	1856.4	2168.3	3101.5
164.0	470.4	1872.8	2124.7	3054.6
171.4	412.0	1869.6	2099.0	3102.0
173.9	394.7	1850.7	2083.5	3195.9
179.1	396.9	1830.3	2061.3	3208.0
92.3	412.2	1776.3	2040.2	3145.1
190.5	446.0	1716.6	2016.1	3139.4
190.5	457.2	1682.5	1981.2	3135.2
189.1	602.0	1633.4	1934.3	3121.1
185.2	548.3	1603.6	1907.0	3152.2
181.8	514.3	1589.2	1892.3	3124.7
171.4	486.4	1586.2	1869.0	2974.9
166.7	461.7	1581.2	1843.2	2890.2
153.8	432.4	1571.9	1823.1	2813.0
149.4	407.5	1547.4	1774.5	2771.3
140.9	579.7	1521.0	1819.4	2847.5
128.2	245.8	1525.1	1995.3	3029.2
63.5	310.9	1521.7	1990.2	3124.1
260.9	516.9	1605.8	2124.0	3107.1
0.0	479.6	1654.9	2336.2	3276.7
118.6	472.2	1674.1	2334.5	3287.1
116.5	480.4	1674.1	2299.5	3178.7
115.1	557.1	1665.5	2277.0	3262.5
110.5	368.3	1638.6	2191.4	3259.9
107.1	321.6	1598.3	2334.9	3245.0
100.0	281.8	1582.3	2402.8	3333.5
68.6	981.6	1805.5	2354.2	3343.6
0.0	994.1	1838.5	2207.5	3271.7
0.0	1118.4	1853.2	2246.4	3322.2
0.0	1353.8	1865.8	2468.5	3392.5
0.0	1383.2	1791.3	2670.6	3433.9
0.0	1422.7	1847.7	2683.2	3374.0
0.0	708.3	1765.9	2255.4	3103.4
0.0	819.7	1599.9	2247.7	3158.6
117.6	722.4	1541.9	2062.8	3090.7
0.0	635.6	1504.3	1966.9	2660.6
157.5	631.3	1540.3	2004.2	2735.7
149.8	642.8	1589.3	2076.2	2953.0
146.3	631.7	1655.9	2166.0	3058.3
141.2	630.0	1716.0	2198.0	3113.9
139.5	630.0	1750.2	2216.7	2918.6
137.9	622.6	1757.1	2237.9	2833.2
137.9	621.8	1690.6	2216.2	2650.8
141.2	616.1	1628.6	2318.6	2726.2
141.2	599.2	1606.9	2402.7	2999.7
136.4	616.3	1579.3	2392.7	3025.1
135.9	560.3	1515.4	2397.2	2911.7
131.9	433.3	1449.8	2266.5	2704.3
131.9	493.4	1541.4	2334.0	3396.1
133.0	542.0	1562.7	2375.2	3547.2
129.4	722.8	1703.4	2540.9	3601.5
120.1	795.8	1850.6	2838.1	3788.1
105.3	1067.3	1870.7	2754.9	3779.4
99.2	1117.1	1878.1	2700.7	3691.6
0.0	1055.6	1817.9	2721.8	3565.1
0.0	960.3	1781.1	2788.6	3612.2
0.0	815.7	1782.9	2700.8	3744.0
260.9	541.3	1555.0	2578.6	3679.4
0.0	557.1	1529.3	2509.9	3658.9
137.9	577.9	1545.3	2490.8	3678.4
134.8	601.7	1583.8	2459.2	3633.4
132.9	642.9	1600.4	2461.9	3601.5
130.4	635.1	1612.9	2466.2	3555.4
129.0	632.2	1632.3	2456.3	3495.7
127.7	671.4	1666.1	2454.9	3465.4
127.7	688.7	1658.3	2434.8	3446.5
129.0	672.7	1665.5	2377.3	3446.5
129.0	679.1	1680.6	2315.2	3420.1
130.4	724.2	1709.6	2208.8	3427.2
130.4	647.7	1732.0	2145.2	3438.8
129.0	613.9	1756.9	2055.2	3437.1
127.7	609.7	1817.0	2034.0	3253.6
122.7	820.1	1792.5	2107.2	3077.6
115.0	522.4	1729.5	2304.1	3212.9
70.2	734.8	1782.7	2380.1	3434.0
0.0	693.1	1786.1	2525.5	3409.2
0.0	533.8	1611.4	2472.5	3349.3
0.0	605.8	1649.5	2559.3	3393.7
0.0	988.7	1763.1	2666.3	3406.6
0.0	1021.2	1790.0	2661.0	3479.4
0.0	869.1	1738.2	2659.0	3551.9
0.0	950.6	1828.8	2754.1	3597.6
0.0	985.0	1910.5	2750.5	3494.5
0.0	315.5	1846.2	2597.6	3370.2
0.0	303.6	1350.7	2270.9	3301.5
0.0	274.4	1113.6	1979.7	3166.8
0.0	407.6	1408.8	2030.1	3200.6
0.0	394.1	1602.2	2133.0	3404.7
0.0	395.7	1679.8	2223.0	3439.4
133.6	413.3	1709.0	2282.6	3429.4
136.2	420.7	1682.4	2302.7	3518.5
136.1	431.9	1672.3	2317.2	3531.2
132.8	468.0	1668.2	2327.7	3361.7
130.9	552.9	1645.6	2373.3	3302.2
129.1	635.6	1606.9	2399.4	3340.0
126.0	675.9	1577.4	2443.2	3318.5
118.0	525.9	1563.7	2612.6	3433.4
112.1	639.3	1664.9	2865.7	3490.1
100.8	770.8	1977.9	2985.2	3549.1
88.9	826.0	1908.1	3076.7	3573.5
78.9	1048.3	1828.0	2991.5	3560.0
0.0	472.7	1496.3	2447.6	3471.0
0.0	512.3	1521.6	2442.6	3389.0
218.2	567.3	1503.5	2389.3	3314.2
213.4	500.7	1500.8	2357.2	3321.4
104.3	489.2	1510.4	2342.4	3371.6
99.9	490.5	1515.1	2333.1	3331.7
95.3	492.1	1496.2	2337.1	3170.1
89.8	484.8	1481.2	2355.9	3196.6
83.1	477.1	1479.8	2369.3	3258.1
79.8	484.8	1480.5	2366.2	3130.2
77.7	541.0	1502.9	2368.7	3222.6
68.6	539.4	1524.5	2422.2	3270.3
93.7	802.3	1615.8	2668.3	3377.3
96.0	815.8	1680.9	2896.6	3605.6
0.0	975.2	1687.1	2709.8	3577.1
0.0	938.7	1761.3	2673.5	3530.1
0.0	888.9	1858.8	2698.2	3621.4
130.4	875.8	1788.6	2678.2	3530.8
279.1	948.0	1735.7	2737.9	3582.1
500.0	962.7	1762.7	2752.2	3597.6
142.9	865.5	1750.2	2705.4	3567.8
0.0	820.4	2015.2	2791.8	3564.4
0.0	879.8	2097.6	2849.2	3491.6
0.0	842.4	1786.9	2834.6	3467.2
0.0	755.7	1584.8	2713.8	3417.5
0.0	759.2	1565.4	2638.5	3436.6
153.8	824.2	1589.3	2557.5	3315.5
108.1	836.0	1567.9	2450.2	3175.0
81.1	915.7	1588.9	2457.4	3104.6
75.0	938.3	1598.7	2445.4	3033.1
0.0	796.3	1588.1	2412.7	3011.8
76.9	692.4	1450.2	2274.3	3112.9
298.1	775.7	1485.2	2306.7	3060.8
102.6	802.5	1501.5	2408.5	3132.3
272.7	786.6	1552.6	2441.0	3256.4
81.1	794.3	1573.2	2506.8	3327.8
0.0	871.0	1615.9	2426.4	3249.3
0.0	779.5	1593.2	2356.4	3285.2
0.0	652.8	1560.5	2412.9	3422.3
