0.0	0.0	0.0	0.0	0.0
0.0	0.0	0.0	0.0	0.0
0.0	0.0	0.0	0.0	0.0
0.0	700.5	1476.4	2555.0	3448.5
0.0	907.5	1493.5	2614.0	3361.9
0.0	869.5	1523.7	2641.5	3336.5
0.0	751.0	1508.8	2442.4	3356.3
0.0	758.8	1496.2	2495.1	3398.6
0.0	734.2	1551.8	2599.0	3511.5
0.0	837.1	1579.6	2562.2	3438.2
0.0	902.9	1754.7	2656.5	3336.0
0.0	837.9	1882.2	2707.9	3472.4
0.0	917.0	1831.2	2699.3	3541.0
0.0	866.6	1466.2	2343.3	3338.1
0.0	876.4	1408.8	2247.1	3258.0
0.0	794.4	1354.6	2205.4	3239.3
375.0	787.5	1291.9	2235.3	3276.5
0.0	661.3	1180.2	2183.3	3560.4
0.0	643.7	1147.0	2183.1	3718.9
118.6	631.1	1107.1	2189.1	3735.6
134.8	629.4	1081.2	2207.1	3742.1
131.9	640.0	1045.4	2256.1	3730.0
131.9	606.1	1045.0	2257.2	3712.8
131.9	581.3	1022.3	2302.2	3712.3
132.0	593.0	1059.7	2335.4	3699.8
132.8	552.6	1080.1	2359.3	3661.8
134.7	569.0	1174.4	2384.8	3553.6
133.7	538.7	1397.8	2353.3	3363.2
128.2	479.8	1524.2	2329.2	3223.0
126.0	452.1	1634.9	2305.9	3201.5
123.7	405.0	1737.7	2435.9	3269.6
133.3	443.8	1865.4	2274.5	3275.8
139.9	431.0	1947.9	2324.1	3245.5
157.5	457.6	1966.6	2356.8	3177.5
170.9	461.8	1940.2	2346.7	3212.1
170.4	474.3	1890.6	2319.4	3214.4
171.0	485.6	1820.4	2287.5	3173.5
176.5	491.5	1733.7	2269.7	3258.3
187.5	570.6	1590.1	2284.6	3459.0
200.0	596.0	1421.8	2260.2	3467.3
203.4	597.5	1264.5	2295.0	3477.6
203.4	592.4	1147.7	2297.8	3493.3
203.4	592.0	1031.4	2278.0	3501.9
196.7	593.1	976.4	2303.2	3418.3
196.7	557.1	1005.0	2337.4	3363.5
203.4	547.7	982.6	2356.0	3348.5
176.5	370.9	956.2	2422.6	3336.1
176.5	313.2	1019.2	2375.1	3322.7
161.8	353.2	1078.5	2304.5	3274.8
158.0	300.8	1082.2	2136.5	3276.2
153.8	383.4	1125.8	2098.5	3228.6
153.8	367.3	1469.4	2162.1	3240.8
0.0	402.3	1696.4	2220.8	3266.3
155.8	392.5	1776.0	2263.8	3223.9
160.0	400.1	1849.9	2346.3	3216.0
160.0	378.9	1886.1	2352.0	3219.1
157.9	379.1	1916.0	2364.6	3270.9
155.8	497.5	1931.3	2393.1	3375.2
152.3	434.7	1899.9	2373.6	3538.8
148.5	457.5	1838.7	2304.3	3505.6
146.3	501.0	1723.6	2263.0	3480.8
141.2	541.4	1637.4	2247.1	3577.4
134.5	578.2	1511.5	2225.1	3593.4
127.7	606.1	1369.8	2162.0	3555.6
126.3	612.8	1305.5	2223.8	3539.8
120.0	616.6	1177.2	2255.5	3483.2
118.0	631.5	1083.5	2264.1	3381.8
114.3	322.9	1286.3	2375.3	3380.6
101.7	257.0	1355.0	2428.0	3232.3
113.2	506.5	1406.8	2428.1	3212.5
69.8	673.4	1694.0	2626.0	3407.3
85.1	816.7	1829.3	2675.8	3504.8
0.0	847.7	1772.4	2607.8	3326.0
0.0	888.8	1718.0	2606.8	3230.1
0.0	808.6	1670.4	2538.0	3293.9
0.0	886.2	1916.2	2747.4	3301.2
0.0	628.4	1703.4	2870.0	3377.6
300.0	636.6	1673.1	2848.2	3578.3
300.0	647.4	1827.5	2938.3	3645.7
333.3	651.5	1788.2	3036.2	3640.5
0.0	607.2	1015.2	2754.1	3512.4
0.0	562.8	911.2	2791.8	3347.0
179.1	620.0	1013.1	2925.5	3400.5
181.8	655.1	1113.1	2874.8	3335.1
173.9	671.7	1156.5	2835.5	3367.0
187.5	688.3	1202.0	2790.2	3354.9
181.8	700.4	1228.7	2716.8	3370.2
184.6	677.8	1247.4	2629.6	3355.5
184.6	683.8	1248.8	2525.8	3296.0
184.6	648.3	1222.2	2352.3	3214.9
181.8	480.4	1185.9	2057.6	3119.2
173.9	334.5	1130.8	1921.2	3069.4
171.4	322.3	1154.2	1816.0	3073.5
160.0	301.9	1145.3	1743.0	3094.6
153.8	309.6	1128.7	1693.2	3107.1
144.6	484.0	1154.9	1722.8	3095.2
279.1	577.4	1117.3	1684.7	3085.5
129.0	584.9	1135.0	1664.5	3098.0
240.0	593.7	1208.4	1681.8	3103.7
108.2	612.7	1232.4	1695.0	3123.7
102.4	622.0	1231.4	1697.8	3126.5
96.0	595.7	1239.9	1667.7	3147.0
91.5	597.4	1263.0	1650.1	3151.3
86.5	590.3	1292.8	1650.5	3196.5
84.7	587.7	1354.5	1640.7	3170.4
81.7	591.5	1401.0	1689.9	3178.3
78.9	593.8	1404.6	1700.6	3260.8
86.9	857.5	1487.2	1850.9	3273.2
96.8	772.6	1488.1	1950.2	3258.3
101.4	827.5	1629.6	2364.3	3373.6
82.0	726.0	1591.9	2239.9	3398.3
0.0	760.3	1511.8	2185.0	3403.5
0.0	810.9	1523.0	2292.4	3611.9
0.0	921.6	1765.5	2447.8	3725.1
0.0	924.3	1635.4	2337.6	3721.4
0.0	1041.5	1626.9	2457.0	3703.9
0.0	936.4	1710.0	2535.8	3708.2
0.0	736.8	1538.0	2473.4	3584.7
160.0	728.8	1696.0	2272.8	3395.7
235.1	789.7	1882.6	2511.4	3512.5
245.6	657.2	1971.2	2336.3	3287.9
0.0	643.9	2057.2	2500.2	3202.4
0.0	591.1	2004.7	2522.4	3203.2
400.0	530.7	1736.9	2427.5	3159.3
0.0	510.4	1915.3	2399.8	3232.6
0.0	503.4	1918.9	2344.2	3358.2
125.5	490.5	1927.6	2291.2	3557.7
122.2	503.3	1949.8	2362.4	3697.5
119.3	511.2	1980.6	2362.8	3643.4
118.4	514.9	1995.7	2399.0	3621.8
116.4	511.6	1961.4	2372.7	3518.6
113.4	492.8	1825.6	2286.5	3186.7
111.1	423.8	1380.9	2178.3	3364.4
108.4	291.1	1190.9	2101.6	3563.2
106.2	279.7	1197.0	2312.3	3644.5
106.2	308.3	1204.4	2441.5	3790.4
105.3	288.7	1236.6	2445.9	3791.9
104.9	364.4	1281.5	2437.8	3715.5
100.8	368.3	1565.4	2401.5	3648.4
99.2	378.8	1624.9	2420.2	3641.6
97.0	430.3	1813.2	2524.4	3470.6
96.0	471.0	1991.0	2550.6	3507.8
100.8	456.6	2075.6	2586.6	3558.0
99.4	453.2	2138.7	2600.0	3598.9
100.6	449.9	2162.4	2593.7	3511.7
102.4	451.3	2185.1	2533.1	3564.9
102.9	465.5	2200.0	2482.5	3635.6
102.6	464.2	2182.8	2450.7	3591.5
103.2	488.6	2161.4	2396.7	3570.2
103.1	505.9	2129.6	2367.8	3700.2
102.8	529.9	2100.6	2380.3	3735.2
102.9	537.1	2076.1	2354.6	3786.1
102.8	543.5	2040.3	2349.0	3747.8
103.9	551.9	2031.1	2358.9	3735.5
105.5	565.9	1994.1	2362.8	3841.9
106.6	582.2	1957.7	2368.6	3917.8
108.2	585.8	1894.6	2346.0	3876.7
109.1	619.2	1827.1	2347.3	3887.5
110.0	613.8	1728.7	2325.2	3907.5
111.8	621.4	1648.3	2317.7	3915.2
114.3	604.8	1560.7	2262.7	3833.7
115.2	575.9	1473.6	2268.8	3817.5
115.1	536.4	1405.0	2298.1	3614.0
115.6	476.3	1347.2	2252.7	3426.7
117.0	687.9	1739.8	2586.3	3687.7
115.9	1011.9	1932.6	2648.5	3774.3
100.0	966.5	1781.6	2548.0	3582.5
0.0	900.2	1695.2	2810.1	3566.0
0.0	842.1	1726.7	2856.1	3691.1
0.0	819.6	1701.4	2689.6	3677.8
0.0	837.3	1752.1	2822.4	3640.8
0.0	950.8	1903.6	2841.0	3503.1
0.0	1051.9	1911.7	2498.2	3359.0
0.0	528.0	1446.1	2045.0	3164.0
0.0	510.6	1391.2	1833.6	3002.8
153.4	520.5	1392.2	1774.2	2966.8
139.0	534.0	1377.0	1699.4	3017.3
135.8	507.1	1374.1	1682.4	3064.4
132.7	513.6	1380.2	1673.2	3065.3
130.3	531.4	1372.5	1720.5	3029.8
129.5	610.8	1397.4	1722.6	3002.8
128.3	658.4	1464.3	1745.5	3041.4
129.7	634.5	1534.0	1794.4	3109.0
128.5	664.4	1513.2	1836.4	3112.1
127.7	828.9	1587.7	1979.7	3025.4
124.6	894.9	1567.0	2065.2	3122.2
116.5	829.3	1579.6	2118.0	3178.2
142.5	745.3	1576.3	2035.4	3137.8
300.0	846.2	1541.3	2045.7	3176.8
0.0	916.7	1570.5	2169.4	3149.1
0.0	797.7	1601.1	2085.3	3170.2
69.8	772.3	1590.2	1944.4	3133.5
0.0	740.9	1564.7	2034.2	3144.4
77.4	781.1	1455.4	1986.3	3160.7
77.4	761.6	1426.9	1989.5	3152.2
0.0	774.5	1520.5	2089.5	3242.7
87.0	763.8	1461.3	2035.9	3269.7
0.0	907.4	1457.6	2082.6	3226.7
