0.0	0.0	0.0	0.0	0.0
0.0	0.0	0.0	0.0	0.0
0.0	0.0	0.0	0.0	0.0
0.0	936.8	1870.5	2761.1	3572.7
0.0	897.2	1806.7	2659.2	3477.0
0.0	830.9	1730.2	2584.3	3402.0
0.0	834.8	1646.9	2512.5	3444.4
0.0	902.9	1589.1	2510.4	3548.2
0.0	944.8	1683.7	2610.3	3545.1
74.1	768.8	1616.4	2618.2	3392.0
0.0	933.5	1605.8	2565.2	3283.2
0.0	1106.6	1610.1	2663.9	3385.3
0.0	951.2	1629.6	2531.9	3481.2
0.0	910.9	1696.2	2435.3	3487.9
0.0	624.9	1667.3	2493.8	3451.5
0.0	803.7	1650.0	2472.2	3532.5
240.0	772.5	1625.7	2433.5	3456.7
0.0	889.1	1565.7	2398.0	3393.9
0.0	1269.8	1801.1	2420.8	3492.8
148.1	990.6	1761.8	2431.0	3503.4
123.7	361.0	1818.9	2487.2	3545.9
0.0	934.7	2052.5	2719.6	3695.3
0.0	278.4	2059.8	2732.8	3670.2
0.0	343.3	2112.9	2780.7	3708.6
0.0	333.2	2133.1	2777.8	3694.9
116.3	351.7	2134.3	2768.4	3650.7
118.9	342.1	2126.1	2793.3	3624.9
117.7	347.5	2116.0	2740.2	3618.0
117.0	323.7	2096.6	2696.7	3668.5
116.9	366.4	2048.0	2593.6	3603.5
115.6	393.0	1913.7	2492.2	3615.7
114.9	378.6	1679.0	2449.2	3714.2
111.4	285.9	1637.4	2402.3	3760.8
117.3	247.8	1658.5	2412.4	3761.9
118.8	236.9	1664.1	2453.3	3795.8
119.1	255.2	1575.3	2428.0	3721.0
117.7	540.3	1653.1	2513.5	3594.2
258.3	575.9	1704.3	2594.1	3454.0
125.3	610.0	1622.8	2495.0	3447.9
122.2	601.3	1505.7	2451.1	3458.8
123.8	622.4	1368.4	2439.8	3466.4
125.1	628.4	1231.4	2483.5	3434.6
126.3	623.5	1107.4	2492.2	3445.8
127.9	633.8	1010.3	2499.6	3475.8
128.5	627.2	958.1	2490.9	3477.9
127.9	588.2	887.4	2462.0	3452.9
127.6	575.5	885.2	2377.6	3444.2
128.3	570.6	915.5	2273.0	3383.2
127.3	576.1	980.5	2100.9	3283.9
126.8	574.9	1007.2	2010.4	3174.9
126.3	567.4	1057.4	1932.5	3046.9
126.1	564.6	1107.7	1785.0	2970.3
125.8	567.6	1154.8	1706.0	2931.9
125.3	571.7	1189.5	1631.4	2939.3
123.2	540.0	1205.0	1582.6	2930.2
123.5	521.5	1220.2	1559.5	2932.9
121.8	529.8	1206.7	1561.3	2909.5
121.2	512.4	1189.1	1563.0	2893.5
120.7	491.7	1138.3	1594.4	2892.2
122.1	433.4	1116.9	1694.2	2963.8
117.4	309.4	1167.1	1826.8	3235.5
116.5	242.3	1174.9	1971.0	3508.3
121.2	238.4	1211.5	2080.5	3492.0
118.8	234.2	1221.9	2194.9	3486.4
116.5	238.0	1172.8	2320.0	3521.3
118.4	264.2	1210.0	2389.0	3517.8
118.0	252.8	1277.8	2376.0	3422.5
0.0	665.6	1144.2	2549.4	3350.5
261.0	685.1	1175.7	2654.7	3364.1
122.5	734.8	1212.0	2657.3	3410.9
120.1	754.6	1240.7	2668.7	3435.4
120.3	751.9	1295.1	2646.2	3456.6
121.0	745.5	1376.1	2545.2	3450.0
122.4	738.0	1454.7	2489.0	3442.6
123.0	708.9	1523.8	2418.8	3502.6
125.6	705.2	1553.6	2357.4	3594.3
125.0	673.1	1579.2	2291.7	3595.8
124.9	651.0	1535.6	2257.6	3570.2
124.5	603.0	1429.7	2189.1	3513.6
122.4	277.6	1360.1	2192.9	3476.3
116.1	474.2	1399.8	2182.6	3512.2
121.8	470.8	1333.7	2079.9	3439.1
117.8	534.4	1253.1	2129.1	3242.2
113.4	534.6	1226.9	2217.7	3322.0
108.5	409.3	1272.9	2326.3	3487.9
106.8	549.0	1287.6	2331.8	3616.4
107.0	347.9	1067.5	2364.7	3695.3
108.9	261.3	1166.0	2470.8	3589.0
113.2	255.3	1256.3	2410.3	3337.3
113.1	238.6	1285.5	2320.6	3344.9
0.0	973.9	1596.2	2511.0	3555.2
108.2	373.3	1499.5	2364.6	3527.4
0.0	394.1	1593.9	2348.2	3681.7
0.0	410.7	1643.8	2364.1	3780.4
121.2	513.1	1643.2	2399.3	3759.3
120.6	569.2	1629.9	2428.6	3725.8
119.9	637.8	1575.5	2479.3	3660.7
119.4	680.6	1515.2	2548.8	3563.5
119.5	710.7	1455.7	2536.9	3500.8
120.8	726.7	1380.5	2540.6	3440.5
121.4	766.5	1308.1	2601.1	3385.6
121.9	736.4	1266.1	2640.8	3383.5
122.9	729.7	1218.4	2690.3	3391.2
125.0	729.4	1175.0	2746.2	3388.1
126.9	810.7	1167.6	2810.4	3382.4
127.8	747.4	1158.1	2808.3	3366.3
129.1	754.9	1163.3	2781.1	3377.7
132.2	776.7	1177.8	2767.4	3371.6
132.8	742.3	1197.8	2772.5	3364.1
135.3	749.4	1197.7	2759.5	3367.0
135.4	757.8	1215.3	2665.4	3388.2
137.9	722.9	1216.4	2557.3	3447.0
138.6	685.7	1209.2	2488.5	3499.6
136.4	521.0	1293.9	2500.8	3651.5
68.2	376.1	1432.7	2645.8	3664.1
135.8	342.3	1509.6	2558.7	3667.3
134.4	384.6	1492.7	2413.8	3515.2
132.1	239.2	1511.0	2535.7	3390.4
129.0	232.1	1448.1	2363.8	3437.2
133.3	249.5	1373.9	2103.6	3158.2
130.4	825.1	1680.0	2439.5	3285.4
126.7	801.8	1641.8	2453.4	3310.7
125.0	818.3	1672.5	2634.4	3558.4
108.1	804.4	1712.7	2708.1	3489.8
125.0	980.5	1692.9	2684.7	3383.9
0.0	974.6	1782.0	2616.2	3327.9
0.0	1031.1	1742.6	2689.2	3398.2
0.0	1051.2	1788.4	2660.8	3417.9
0.0	1056.2	1861.0	2747.5	3413.6
129.0	777.2	1695.9	2529.5	3387.2
0.0	627.3	1666.3	2578.0	3468.0
0.0	1233.1	1815.5	2633.2	3442.1
0.0	622.5	1261.6	2472.7	3351.8
0.0	897.3	1588.8	2615.1	3403.4
0.0	974.9	1670.2	2697.0	3439.6
0.0	972.3	1699.1	2576.0	3372.7
0.0	930.5	1653.2	2605.7	3386.4
0.0	1106.1	1750.2	2662.3	3387.9
0.0	1128.9	1839.6	2701.2	3502.9
0.0	1029.7	1774.6	2651.2	3444.9
0.0	815.8	1752.4	2570.4	3483.1
0.0	769.1	1752.9	2584.8	3530.1
0.0	855.0	1738.9	2678.5	3455.7
0.0	837.3	1663.9	2523.5	3384.0
0.0	842.2	1703.9	2530.0	3459.2
0.0	779.6	1770.3	2589.0	3494.7
0.0	853.2	1824.1	2580.4	3429.8
0.0	1076.7	1802.7	2633.8	3364.4
0.0	949.7	1792.0	2724.8	3439.5
0.0	816.6	1732.6	2627.3	3393.5
0.0	1255.3	1941.9	2742.3	3500.6
0.0	1118.3	1854.9	2619.7	3415.6
0.0	1089.9	1878.3	2676.5	3385.1
0.0	1109.4	1749.2	2652.7	3344.8
0.0	1008.1	1659.9	2522.2	3278.4
0.0	1038.3	1763.8	2542.6	3441.4
0.0	988.2	1791.3	2590.8	3478.3
0.0	1034.5	1659.5	2472.7	3381.7
0.0	1086.9	1682.1	2576.7	3342.9
0.0	999.0	1669.0	2652.8	3287.4
0.0	1107.8	1667.0	2594.3	3248.0
0.0	1166.8	1768.9	2652.7	3373.0
0.0	1082.9	1800.5	2610.8	3373.7
0.0	1131.4	1814.3	2674.9	3426.2
0.0	883.7	1447.4	2512.1	3261.3
342.9	853.0	1553.7	2544.9	3347.2
0.0	972.1	1812.0	2488.5	3422.8
0.0	971.2	1847.8	2581.6	3455.9
0.0	1099.7	1942.8	2669.1	3520.8
63.5	1146.5	1859.2	2633.8	3556.9
0.0	1092.0	1707.5	2534.5	3400.4
0.0	1045.0	1640.4	2539.8	3357.8
0.0	1028.7	1662.7	2559.9	3362.9
0.0	1040.7	1634.1	2602.6	3402.1
0.0	1142.1	1897.8	2674.8	3323.8
63.5	892.0	1722.2	2625.4	3381.7
0.0	1022.1	1696.0	2661.3	3514.3
0.0	926.3	1705.5	2556.9	3386.0
0.0	839.1	1835.1	2640.7	3399.4
0.0	741.7	1881.2	2682.6	3512.7
0.0	832.6	1847.3	2632.7	3545.7
0.0	818.5	1705.4	2571.8	3391.8
0.0	873.7	1679.8	2572.4	3344.7
0.0	795.1	1668.0	2445.8	3389.1
0.0	1140.2	1818.1	2551.4	3466.7
0.0	1018.3	1848.1	2638.8	3468.4
0.0	784.0	1800.6	2606.1	3479.9
0.0	742.8	1852.5	2692.6	3474.9
0.0	1162.2	1857.8	2733.4	3407.6
0.0	1083.4	1856.2	2736.1	3422.4
63.5	911.6	1733.8	2664.4	3409.7
0.0	1016.4	1748.6	2551.0	3458.7
0.0	967.9	1760.6	2598.4	3486.0
0.0	732.0	1551.1	2532.6	3390.5
0.0	1053.2	1787.0	2630.2	3404.1
0.0	1147.0	1921.6	2738.2	3561.2
0.0	1155.5	1957.0	2659.6	3728.9
0.0	982.7	1836.3	2688.5	3557.8
0.0	973.6	1647.6	2644.9	3347.7
0.0	747.6	1829.0	2552.6	3319.1
0.0	941.8	1880.5	2600.9	3392.5
0.0	1100.9	1743.6	2605.7	3421.9
0.0	1056.4	1895.4	2695.2	3415.8
0.0	1000.3	1863.6	2716.8	3402.1
0.0	950.4	1702.4	2631.7	3436.6
0.0	937.5	1744.6	2690.1	3475.5
0.0	977.0	1848.8	2729.0	3463.3
0.0	757.8	1639.0	2441.4	3471.1
0.0	1228.4	1929.0	2659.0	3527.1
0.0	1100.8	1793.9	2596.2	3436.5
0.0	1077.2	1711.5	2688.5	3461.3
0.0	898.1	1692.5	2640.3	3469.2
0.0	904.2	1749.9	2626.8	3439.4
0.0	894.9	1668.3	2646.4	3333.2
0.0	881.7	1682.2	2615.9	3412.4
0.0	1204.3	1788.2	2593.0	3521.9
0.0	1151.5	1700.7	2684.1	3525.0
0.0	1148.3	1786.2	2725.4	3560.6
0.0	1065.5	1776.7	2574.8	3388.7
0.0	1078.0	1607.9	2664.5	3426.9
0.0	1035.0	1324.0	2505.5	3376.4
0.0	1089.4	1471.0	2494.7	3265.3
0.0	1039.7	1617.1	2643.0	3419.7
0.0	1027.8	1648.4	2682.8	3424.5
0.0	992.3	1743.0	2598.2	3423.5
136.4	743.8	1734.7	2548.3	3300.9
0.0	298.3	1558.9	2568.2	3253.9
545.5	1092.6	1400.7	2540.8	3429.2
0.0	1153.3	1593.3	2547.0	3407.9
0.0	702.4	1534.5	2596.4	3375.3
0.0	938.1	1743.2	2708.1	3463.6
102.6	907.0	1846.6	2631.6	3415.3
0.0	895.3	1774.9	2683.4	3394.1
0.0	1070.6	1791.1	2725.4	3444.1
0.0	1055.1	1793.1	2590.1	3397.2
