0.0	0.0	0.0	0.0	0.0
0.0	0.0	0.0	0.0	0.0
0.0	0.0	0.0	0.0	0.0
0.0	752.9	1592.7	2461.8	3516.2
0.0	780.2	1602.4	2439.6	3429.4
0.0	811.0	1624.4	2482.4	3384.6
107.1	908.4	1726.5	2519.0	3398.5
0.0	668.8	1695.0	2485.7	3477.3
0.0	769.8	1730.1	2571.8	3444.5
387.1	789.9	1860.8	2647.1	3550.8
0.0	710.9	1654.4	2491.3	3556.4
0.0	709.3	1690.5	2525.5	3441.1
0.0	724.8	1655.6	2444.1	3222.4
0.0	829.2	1773.7	2460.7	3369.8
157.9	684.5	1706.4	2540.1	3376.1
150.0	603.3	1785.6	2528.0	3612.6
153.8	329.9	1730.6	2500.1	3642.9
0.0	358.7	1305.1	2449.8	3464.9
0.0	575.0	1355.8	2547.2	3414.1
0.0	603.1	1361.3	2593.2	3397.9
122.8	611.9	1327.3	2594.8	3366.2
126.3	635.0	1243.5	2526.0	3339.1
130.3	628.0	1181.0	2487.9	3269.1
131.9	633.5	1164.1	2532.5	3285.1
132.0	621.1	1124.5	2492.4	3308.5
132.8	611.6	1084.2	2431.6	3361.3
133.0	567.2	1059.6	2430.5	3363.8
133.6	537.4	1051.8	2268.0	3255.1
133.3	501.4	1024.6	2181.0	3306.0
132.8	467.6	995.6	2120.6	3323.7
132.4	424.3	937.8	2026.3	3296.4
132.8	407.4	920.6	1952.1	3354.3
132.2	420.9	917.5	1853.9	3372.8
130.3	396.8	892.7	1742.6	3354.0
129.9	391.9	892.9	1666.4	3319.4
129.1	383.7	910.3	1654.0	3433.0
130.5	382.8	939.6	1590.5	3416.3
131.8	387.7	973.2	1551.9	3431.5
133.1	409.6	1068.4	1578.3	3508.9
136.1	403.9	1157.1	1648.8	3474.8
137.1	411.1	1229.8	1645.1	3450.2
138.6	419.5	1293.6	1712.4	3491.2
140.0	421.1	1381.8	1762.1	3416.1
140.7	446.1	1454.5	1857.2	3376.3
141.0	454.8	1481.4	1969.6	3345.8
140.4	467.0	1459.9	2099.7	3286.0
140.3	480.6	1403.3	2255.9	3223.5
140.2	479.2	1295.3	2363.5	3199.4
140.4	477.6	1248.9	2459.3	3264.3
140.1	460.1	1215.6	2491.0	3340.6
139.9	454.4	1156.5	2507.3	3375.8
139.1	447.0	1124.3	2524.3	3424.9
137.6	436.3	1140.9	2507.8	3426.4
136.8	441.6	1232.0	2489.1	3449.1
135.7	437.1	1327.2	2471.0	3461.4
133.9	426.3	1421.2	2433.1	3421.0
133.1	412.4	1549.5	2428.8	3409.6
131.8	403.0	1690.1	2405.9	3394.1
130.6	366.6	1768.4	2422.8	3309.7
129.6	403.4	1822.1	2492.3	3316.4
126.4	372.4	1846.0	2554.7	3284.4
124.2	388.1	1848.6	2501.6	3275.2
122.1	370.2	1844.8	2405.4	3256.3
120.9	371.8	1837.5	2205.5	3200.8
119.7	385.0	1732.5	2070.6	3220.4
119.0	376.6	1558.9	1895.1	3291.4
118.7	389.8	1420.7	1832.7	3285.2
117.7	393.1	1344.3	1857.6	3304.9
117.3	398.4	1242.4	1724.1	3253.0
117.5	399.5	1208.5	1697.3	3340.9
119.5	422.9	1220.5	1689.7	3496.3
123.0	465.7	1267.1	1734.0	3542.9
125.1	513.1	1278.0	1772.4	3545.7
126.6	538.3	1262.3	1800.6	3555.8
127.5	567.6	1281.0	1897.5	3590.2
127.9	621.5	1274.2	1986.3	3583.5
128.2	620.9	1252.8	1956.9	3510.0
128.4	631.3	1248.7	2095.3	3636.6
129.9	649.6	1272.9	2199.7	3696.4
130.3	645.3	1290.6	1983.5	3588.5
130.4	637.3	1317.7	2048.9	3561.9
130.8	628.8	1363.4	2075.4	3521.5
130.7	611.5	1450.5	2164.8	3517.6
131.0	594.3	1529.8	2234.5	3505.0
131.2	560.6	1640.9	2245.8	3480.9
134.0	534.6	1663.3	2309.9	3519.4
134.5	509.2	1665.5	2360.4	3397.6
134.3	458.1	1669.8	2382.9	3378.9
134.5	407.2	1642.3	2386.5	3333.1
134.5	385.2	1660.1	2379.6	3418.0
131.4	387.0	1700.9	2372.5	3426.0
130.0	401.2	1720.8	2372.4	3267.4
130.2	397.8	1682.0	2308.0	3240.7
129.5	410.1	1678.2	2264.2	3132.8
127.6	425.2	1674.9	2271.6	3056.8
124.9	466.9	1652.2	2268.8	3035.8
122.3	460.8	1678.5	2275.5	3057.9
119.3	467.8	1885.3	2151.6	3011.4
117.2	479.7	1995.3	2297.5	3043.1
123.7	393.6	1999.9	2433.7	3060.4
122.4	461.0	1930.4	2438.6	3110.9
120.0	484.4	1759.9	2315.5	3198.9
121.2	481.6	1658.6	2270.4	3259.6
125.0	473.1	1569.7	2227.1	3295.1
126.3	455.2	1257.7	2333.0	3275.5
124.9	436.0	1275.7	2384.8	3333.2
125.0	420.8	1129.5	1954.4	3358.7
125.0	418.7	1126.4	2160.3	3403.8
125.0	486.4	1159.3	1680.8	3366.3
125.2	655.3	1157.7	1805.2	3360.4
126.4	605.7	1157.3	1751.8	3343.6
126.7	616.3	1197.9	1710.9	3319.0
126.6	639.4	1256.7	1802.2	3337.0
126.2	646.0	1289.5	2046.4	3332.9
125.5	643.3	1311.1	2459.0	3342.5
124.6	649.5	1410.9	2302.6	3309.7
124.6	651.9	1438.4	2205.1	3300.0
124.0	643.7	1471.0	2156.2	3274.7
123.9	630.9	1586.2	2253.7	3253.9
122.2	652.1	1739.8	2343.4	3230.2
120.0	665.2	1794.5	2336.9	3242.7
117.8	669.5	1771.6	2336.3	3289.5
116.6	627.4	1828.7	2380.1	3285.1
116.1	652.7	1927.4	2401.9	3311.6
114.5	622.8	1999.7	2372.6	3333.9
111.9	546.5	2034.3	2477.7	3346.4
110.5	586.0	2054.8	2578.7	3448.1
110.0	413.7	2009.6	2544.1	3567.4
110.0	526.0	1976.8	2525.6	3618.8
110.7	462.7	1963.5	2391.4	3715.3
109.7	414.0	1603.5	2399.1	3669.4
110.1	422.9	1254.9	2369.8	3642.4
114.0	470.2	1455.8	2404.8	3675.4
115.1	370.6	1472.0	2498.9	3646.5
114.2	638.2	1834.7	2532.8	3607.4
106.2	802.3	1520.5	2414.7	3489.8
108.1	793.6	1602.9	2444.0	3546.5
101.1	676.8	1633.0	2496.2	3587.3
0.0	745.5	1506.5	2315.1	3570.0
99.2	625.6	1535.7	2290.4	3574.3
118.8	542.6	1573.3	2400.2	3522.2
0.0	560.2	1585.1	2539.9	3422.9
80.5	511.6	1574.7	2426.7	3492.3
69.8	607.3	1621.4	2399.5	3619.4
250.0	565.7	1621.9	2480.0	3613.5
0.0	788.8	1635.2	2526.7	3594.2
0.0	748.9	1732.7	2629.2	3612.7
0.0	707.7	1585.3	2490.0	3625.2
169.0	606.4	1556.6	2455.4	3656.5
333.3	516.9	1632.0	2495.8	3622.9
206.9	525.5	1625.4	2607.2	3642.4
0.0	789.5	1844.4	2691.1	3692.5
214.3	661.9	2025.4	2802.2	3709.4
0.0	603.6	1968.1	2817.8	3658.7
0.0	529.5	1884.9	2678.9	3601.3
0.0	550.5	1923.2	2738.9	3645.5
0.0	547.8	2006.1	2861.9	3703.1
98.5	448.4	1898.9	2735.6	3636.8
0.0	593.0	1692.1	2496.3	3649.7
0.0	534.8	1819.6	2600.3	3632.0
179.1	643.1	1783.6	2585.9	3705.0
0.0	616.7	1828.8	2593.7	3709.2
0.0	475.0	1897.9	2552.3	3624.7
0.0	614.7	1795.5	2493.6	3665.6
0.0	550.4	1706.4	2438.3	3724.1
0.0	504.7	1563.4	2352.2	3687.2
0.0	781.7	1721.3	2428.7	3620.2
160.0	379.5	1542.2	2445.2	3662.5
171.4	674.4	1751.5	2568.3	3669.0
157.9	764.0	1933.6	2463.1	3682.3
0.0	597.5	1778.2	2295.3	3655.1
99.2	531.1	1680.0	2285.0	3654.4
0.0	552.3	1882.7	2414.5	3667.1
0.0	571.0	1843.4	2392.1	3575.5
0.0	602.3	1882.7	2557.1	3597.8
0.0	762.5	2021.8	2616.6	3672.8
0.0	417.6	1671.9	2451.7	3628.3
0.0	988.5	1861.0	2727.8	3654.8
0.0	594.8	1921.7	2603.5	3636.1
0.0	505.2	1881.0	2546.7	3660.9
0.0	604.8	1836.6	2652.8	3611.9
0.0	739.9	1899.8	2643.4	3608.9
0.0	617.5	1768.5	2506.3	3624.4
123.7	591.4	1876.3	2526.4	3629.2
104.3	634.9	1909.2	2590.0	3686.0
