0.0	0.0	0.0	0.0	0.0
0.0	0.0	0.0	0.0	0.0
0.0	0.0	0.0	0.0	0.0
0.0	873.3	1566.0	2396.3	3233.7
0.0	841.0	1518.8	2426.2	3239.9
0.0	739.3	1514.9	2396.8	3249.6
0.0	691.3	1548.0	2367.9	3278.9
0.0	741.9	1535.9	2429.1	3224.7
0.0	762.3	1494.2	2473.8	3334.8
0.0	618.8	1446.8	2377.9	3367.5
0.0	719.3	1419.8	2360.0	3277.9
0.0	662.0	1421.5	2424.3	3407.1
0.0	656.7	1303.4	2387.1	3419.7
222.2	604.1	1232.4	2358.1	3283.4
176.5	597.9	1180.6	2375.5	3271.7
179.1	516.5	1214.5	2411.9	3424.8
160.0	333.5	1312.9	2497.5	3431.9
169.0	414.7	1105.6	2452.5	3293.9
165.1	421.5	1065.7	2365.1	3288.2
165.7	410.8	1062.6	2364.8	3308.3
129.2	425.8	1086.9	2376.6	3291.9
141.8	420.8	1127.3	2390.5	3255.7
137.9	398.8	1145.3	2368.7	3244.8
134.0	392.9	1206.0	2382.5	3308.4
129.4	400.1	1313.4	2423.9	3447.8
127.4	413.3	1387.7	2440.8	3495.2
125.2	461.6	1461.4	2420.8	3512.1
120.0	428.1	1469.1	2457.5	3578.0
121.2	422.1	1554.8	2578.5	3597.0
121.2	764.9	1808.0	2631.1	3703.0
116.5	649.4	1728.9	2717.5	3616.4
126.3	382.1	1697.7	2590.8	3586.8
126.3	391.2	1734.5	2519.1	3633.5
138.0	407.1	1784.1	2535.8	3629.7
138.2	417.1	1932.4	2536.7	3612.5
139.4	449.8	1993.6	2550.3	3547.2
140.7	372.3	2043.5	2558.3	3477.2
140.6	327.3	2119.3	2617.7	3595.7
141.4	283.5	2163.0	2665.2	3585.9
142.8	289.8	2168.3	2707.3	3512.5
144.6	293.9	2173.2	2710.9	3544.4
148.0	297.2	2150.0	2712.3	3582.4
150.2	310.0	2126.8	2702.7	3619.7
148.8	350.6	2119.2	2750.7	3683.9
148.9	632.6	2009.3	2837.1	3663.6
150.4	853.2	2075.5	3006.7	3652.4
75.6	977.2	2179.1	3154.5	3709.2
101.7	959.7	2080.8	3098.3	3767.1
0.0	868.3	1984.6	2948.2	3742.4
0.0	701.2	1856.1	2820.8	3708.3
0.0	730.6	1818.1	2802.4	3691.0
0.0	799.9	1769.1	2806.8	3719.8
480.0	686.4	1720.0	2803.9	3712.5
0.0	661.5	1678.2	2769.1	3701.3
0.0	663.5	1654.2	2708.2	3669.8
181.8	714.0	1621.8	2688.4	3651.6
272.7	743.3	1640.9	2615.6	3736.7
94.5	673.7	1552.7	2658.6	3734.7
0.0	577.8	1458.4	2638.0	3649.7
0.0	615.4	1388.3	2653.7	3599.7
155.0	626.3	1259.3	2624.7	3539.6
149.4	652.5	1228.0	2557.8	3503.0
146.8	661.1	1167.4	2584.3	3393.6
146.1	669.8	1126.1	2659.9	3381.6
144.2	673.3	1114.0	2556.6	3317.2
144.2	659.9	1051.9	2406.2	3186.7
144.0	663.5	1029.8	2298.3	3194.2
144.3	652.7	996.8	2224.8	3278.5
144.0	647.3	1000.7	2178.4	3288.7
144.2	643.9	1001.1	2138.0	3234.2
143.6	645.3	983.6	2197.4	3406.3
143.4	645.0	996.9	2221.5	3722.2
143.2	638.6	972.9	2269.1	3760.9
142.5	691.1	985.5	2289.9	3506.4
142.7	621.8	1014.3	2375.6	3087.1
142.3	483.9	1066.7	2357.1	3237.1
143.0	419.2	1152.9	2466.1	3537.5
142.1	453.4	1313.2	2421.7	3640.7
138.7	380.0	1579.8	2452.2	3669.7
135.5	396.2	1887.6	2550.5	3741.9
135.4	409.1	2011.5	2650.6	3710.7
134.9	407.6	2104.5	2707.9	3604.9
136.4	388.5	2107.1	2619.3	3553.8
138.4	419.5	2079.9	2586.5	3557.4
139.5	421.4	2144.2	2586.2	3578.4
140.6	409.3	2208.3	2587.8	3626.2
138.9	392.5	2215.6	2593.9	3673.0
138.5	409.4	2245.0	2552.5	3727.1
137.4	420.1	2250.8	2489.5	3734.0
135.4	447.2	1985.6	2428.1	3703.3
132.3	424.2	2079.5	2426.7	3712.3
129.8	394.6	2200.6	2520.7	3711.2
126.3	407.2	2247.0	2605.8	3723.7
127.7	392.0	2208.8	2589.7	3692.1
128.9	397.8	2119.7	2549.3	3626.5
132.7	426.8	1961.4	2537.1	3607.8
135.4	413.6	1937.0	2460.9	3642.3
136.5	426.6	1919.5	2473.6	3654.7
135.2	434.3	1909.0	2501.6	3570.1
134.6	414.8	1888.9	2429.6	3535.2
133.9	422.7	1935.2	2396.6	3547.0
133.7	417.0	1952.9	2410.7	3539.2
133.4	392.8	1923.1	2419.3	3515.4
132.9	392.8	1885.0	2373.2	3478.3
133.2	397.2	1830.6	2280.9	3407.7
130.8	409.1	1776.4	2180.2	3295.8
129.8	444.7	1613.5	2153.9	3323.7
127.2	438.1	1570.0	2176.8	3283.5
120.8	437.2	1446.4	2151.6	3298.9
118.0	449.4	1351.7	2191.6	3360.2
118.1	429.0	1198.9	2217.7	3411.6
119.3	393.7	1111.0	2172.0	3463.9
120.0	338.5	1137.1	2260.5	3271.3
121.2	374.7	1316.5	2352.6	3263.1
123.7	524.8	1530.7	2353.0	3404.8
125.6	489.6	1125.4	1839.7	3366.1
129.2	493.8	1121.4	1670.9	3424.5
131.7	527.2	1138.5	1602.9	3533.8
131.5	538.6	1148.5	1563.9	3584.7
131.4	535.4	1166.9	1496.7	3612.6
131.0	540.8	1176.8	1430.0	3592.8
131.5	535.4	1142.2	1426.5	3540.2
133.1	486.4	1144.3	1416.8	3631.0
133.7	482.7	1105.8	1419.4	3673.9
134.8	462.4	1078.7	1447.0	3650.5
135.8	431.1	1057.0	1462.9	3614.8
136.3	427.7	1025.3	1562.4	3435.3
134.5	426.4	979.0	1934.6	3262.7
131.1	390.7	988.8	1928.0	3266.7
127.1	420.4	1095.7	1951.7	3282.3
132.7	414.7	1146.9	2150.9	3201.5
134.2	410.9	1015.8	2181.7	3202.6
134.2	450.5	948.0	2175.0	3251.2
135.6	447.7	894.0	2272.2	3255.4
135.4	453.3	846.8	2352.0	3219.6
135.3	488.9	909.8	2398.4	3237.9
133.6	489.7	893.1	2441.2	3246.3
132.0	471.9	959.9	2379.8	3246.6
128.0	489.7	1147.5	2415.4	3313.7
126.0	437.5	1412.8	2569.6	3406.1
122.5	662.7	1574.1	2539.5	3444.1
117.6	942.1	1684.8	2473.3	3419.6
114.3	684.4	1481.9	2566.9	3441.1
0.0	587.1	1591.5	2521.4	3413.5
0.0	582.7	1624.3	2536.6	3445.0
0.0	678.4	1614.7	2636.7	3434.5
0.0	713.8	1700.6	2610.1	3443.6
0.0	709.7	1554.4	2495.8	3477.2
0.0	750.9	1556.2	2578.1	3469.9
0.0	727.1	1540.7	2540.6	3400.6
0.0	782.0	1502.1	2478.0	3375.2
0.0	292.1	1358.7	2486.2	3430.3
0.0	493.0	1159.4	2407.2	3445.0
0.0	480.0	1213.2	2608.8	3394.3
0.0	478.4	1240.9	2790.3	3446.8
134.9	464.9	1270.2	2614.8	3406.0
128.3	474.5	1304.4	2503.5	3397.8
122.9	445.2	1349.1	2494.0	3448.6
116.7	404.4	1456.3	2484.9	3492.2
101.9	386.7	1495.0	2494.8	3552.4
157.9	345.4	1491.4	2504.7	3591.5
0.0	316.9	1515.6	2477.2	3682.6
206.9	316.7	2046.7	2494.2	3781.9
70.2	372.6	2028.7	2513.7	3472.1
0.0	280.4	1707.1	2492.6	3231.6
0.0	553.8	1497.2	2512.9	3215.3
157.9	348.7	1220.7	2549.0	3335.4
0.0	323.7	1145.8	2438.2	2799.6
116.5	434.2	1936.3	2546.8	3531.0
114.3	543.0	1429.1	2478.9	3463.9
229.6	615.2	1331.6	2448.8	3427.7
112.8	641.2	1347.5	2555.6	3330.6
108.7	649.6	1298.1	2463.6	3313.8
106.4	641.5	1268.0	2387.6	3333.1
105.5	629.6	1261.1	2409.5	3267.9
106.3	618.5	1252.8	2516.1	3233.3
106.5	609.9	1220.9	2550.8	3329.1
106.2	577.7	1197.7	2391.3	3355.6
104.4	556.3	1139.2	2328.6	3350.8
103.2	532.9	1112.7	2435.6	3249.8
101.5	495.7	1154.0	2446.3	3199.0
98.8	444.9	1224.8	2309.1	3218.5
173.0	423.3	1313.9	2373.8	3267.5
260.2	626.7	1368.0	2404.2	3315.3
0.0	527.6	1432.3	2410.9	3463.0
202.1	326.0	1603.1	2419.7	3628.1
81.2	299.2	1485.7	2435.2	3459.8
200.0	1052.8	1699.3	2561.5	3388.7
68.3	796.0	1684.6	2429.5	3428.2
0.0	868.5	1908.8	2524.4	3472.1
0.0	953.9	1966.9	2617.7	3428.2
0.0	969.2	1841.4	2750.1	3174.1
0.0	980.7	1894.4	2935.0	3325.9
0.0	806.4	1817.4	2977.9	3498.4
0.0	694.2	1632.2	2935.5	3398.5
400.0	858.9	1565.2	3013.3	3323.8
0.0	709.0	1524.4	2987.9	3375.8
0.0	689.8	1524.2	2959.9	3443.1
0.0	877.5	1656.3	3071.7	3543.6
0.0	751.6	1505.7	3024.0	3429.8
0.0	858.4	1563.3	2886.9	3413.7
0.0	774.9	1584.8	2907.5	3463.8
0.0	796.7	1750.5	3026.2	3555.6
82.2	933.2	1688.5	2952.7	3473.3
74.1	923.1	1531.5	2723.7	3384.7
70.6	964.7	1661.2	2827.1	3427.0
0.0	970.8	1659.5	2851.5	3373.7
0.0	990.0	1626.8	2889.1	3395.8
0.0	875.8	1334.4	2458.1	3283.5
0.0	858.3	1572.2	2427.8	3374.0
0.0	788.4	1799.0	2399.8	3578.4
0.0	609.4	1858.8	2401.6	3647.5
0.0	640.5	1828.0	2488.5	3603.0
113.2	518.7	1663.1	2574.7	3526.5
0.0	608.6	1788.0	2604.1	3539.0
0.0	615.4	1709.3	2571.4	3644.2
0.0	430.5	1843.8	2535.6	3646.7
0.0	572.3	2048.2	2593.7	3677.1
0.0	527.8	1828.7	2335.1	3668.5
129.0	493.6	1691.5	2337.0	3604.1
0.0	663.7	1815.8	2456.6	3663.3
123.7	675.9	1968.2	2494.2	3702.4
0.0	442.9	1836.3	2401.3	3581.6
105.3	738.4	1719.6	2471.4	3593.5
127.7	685.5	1926.4	2598.9	3712.9
0.0	602.0	1932.8	2626.7	3752.5
0.0	504.0	1775.6	2633.4	3729.0
0.0	487.0	1918.3	2492.3	3608.9
0.0	795.5	2074.1	2579.4	3660.4
122.4	585.9	1939.2	2700.7	3716.7
