0.0	0.0	0.0	0.0	0.0
0.0	0.0	0.0	0.0	0.0
0.0	0.0	0.0	0.0	0.0
0.0	492.6	1705.0	2472.3	3277.1
0.0	473.5	1681.3	2542.2	3378.1
0.0	622.7	1721.2	2595.4	3407.9
0.0	872.4	1792.4	2530.6	3393.2
109.1	719.0	1742.2	2494.5	3405.7
0.0	531.9	1673.8	2450.0	3404.9
0.0	671.4	1694.5	2479.1	3419.7
0.0	784.3	1695.1	2459.6	3358.6
0.0	996.4	1707.9	2477.1	3407.2
0.0	734.6	1689.6	2441.2	3464.1
0.0	810.7	1624.4	2440.4	3454.0
0.0	908.6	1775.0	2530.4	3502.7
123.7	731.9	1751.8	2595.9	3452.7
400.0	825.1	1754.8	2607.2	3363.2
400.0	646.1	1661.9	2563.4	3370.5
0.0	850.9	1721.7	2607.9	3388.4
0.0	300.9	1688.2	2664.1	3377.8
0.0	318.8	1795.6	2645.8	3366.5
0.0	329.8	1845.5	2726.0	3406.1
133.3	327.8	1860.9	2754.2	3425.3
123.7	311.3	1877.7	2794.1	3407.0
123.7	322.6	1894.0	2811.3	3398.9
123.7	303.0	1890.9	2825.0	3376.5
123.7	307.7	1906.8	2832.7	3397.4
122.4	286.2	1930.0	2829.7	3418.0
122.4	305.5	1925.4	2843.0	3386.1
121.3	331.3	1931.5	2849.0	3363.7
121.2	292.5	1927.1	2827.6	3350.1
121.2	315.0	1932.9	2802.0	3321.5
120.0	320.6	1952.7	2784.5	3300.3
119.0	331.6	1963.5	2751.0	3308.5
118.8	339.2	1947.2	2753.3	3311.4
116.5	342.3	1942.1	2715.2	3295.6
112.1	362.7	1925.6	2579.9	3261.4
108.1	369.7	1906.3	2424.6	3262.6
109.1	737.9	1844.6	2335.1	3211.5
101.7	776.7	1695.3	2304.8	3139.9
98.1	898.3	1607.9	2272.9	3153.9
99.2	783.2	1530.3	2177.0	3145.8
92.1	872.6	1397.2	2204.1	3073.6
117.6	641.4	1306.9	2190.4	3043.6
0.0	826.7	1237.8	2246.4	3045.2
103.4	803.5	1148.6	2297.6	3064.6
111.1	749.4	1110.9	2276.8	3020.9
124.3	535.5	1078.3	2283.8	2987.4
129.5	524.6	1043.4	2273.0	3004.4
134.7	478.7	1004.1	2270.3	2989.5
137.4	474.6	992.0	2262.4	2965.0
136.5	452.1	986.7	2241.9	2948.9
139.1	437.4	1002.1	2246.8	2987.8
143.1	436.7	1012.4	2215.8	2996.6
145.7	458.2	1040.2	2204.9	3013.6
151.0	502.8	1076.9	2155.7	3047.1
151.9	450.5	1089.6	2134.0	3057.3
151.9	413.5	1165.7	2132.5	3093.7
152.8	405.5	1283.0	2100.5	3235.3
152.9	485.1	1450.9	2013.1	3303.9
152.0	489.6	1521.0	2145.5	3266.2
68.5	498.8	1518.1	2326.5	3283.3
67.4	780.6	1777.6	2376.6	3291.5
0.0	867.9	1869.7	2389.3	3334.3
0.0	773.1	1826.6	2489.6	3384.6
0.0	850.6	1837.3	2468.7	3373.5
0.0	614.8	1749.7	2632.0	3448.8
0.0	716.0	1692.2	2678.2	3580.6
0.0	568.9	1696.9	2329.6	3610.9
0.0	656.1	1714.4	2276.9	3552.4
0.0	899.5	1587.2	2241.9	3463.1
0.0	977.2	1591.7	2225.3	3506.1
0.0	556.1	1636.8	2243.6	3512.7
161.5	558.1	1550.5	2211.9	3500.2
151.3	592.9	1532.9	2206.9	3458.4
143.8	570.2	1502.4	2216.6	3434.4
139.2	552.5	1447.6	2222.1	3469.2
134.3	558.5	1417.6	2251.0	3490.3
130.4	579.6	1371.5	2277.9	3454.3
127.2	602.5	1308.9	2306.5	3389.5
124.3	596.5	1269.9	2368.7	3438.8
122.6	595.0	1226.0	2423.7	3472.1
120.9	567.9	1179.3	2440.8	3504.2
119.8	555.9	1153.2	2463.8	3527.2
119.4	548.0	1124.3	2485.5	3545.2
118.8	529.2	1080.0	2512.4	3563.5
118.0	507.3	1042.8	2518.3	3593.8
118.6	490.0	1034.4	2522.2	3619.7
117.5	475.9	1007.8	2522.3	3621.3
117.3	473.1	984.6	2528.5	3608.7
117.3	466.4	958.1	2553.2	3605.6
117.4	488.0	972.2	2521.4	3599.3
117.6	501.8	999.1	2536.3	3579.6
116.8	504.4	1020.4	2530.1	3556.7
116.2	501.8	1040.2	2549.4	3514.9
115.4	501.0	1048.1	2521.0	3453.1
115.3	476.2	1042.9	2573.9	3454.9
116.6	471.7	1033.7	2595.4	3446.5
117.8	477.5	1023.2	2617.8	3441.0
117.7	479.1	1023.2	2577.3	3438.3
117.8	474.0	1048.2	2543.1	3424.4
117.6	477.0	1068.8	2551.9	3381.1
117.6	483.6	1086.7	2524.6	3271.4
118.9	480.7	1133.9	2563.1	3099.9
120.0	501.0	1187.8	2507.1	2913.5
119.8	517.9	1246.2	2350.2	2756.7
122.4	526.2	1285.3	2489.2	3104.6
120.9	484.5	1342.0	2522.9	3384.9
114.9	487.3	1393.7	2525.8	3309.3
122.4	488.8	1470.8	2486.9	2898.4
122.4	373.6	1484.8	1801.0	2568.3
122.4	439.8	1476.8	1836.9	2664.3
122.4	413.8	1481.8	1828.4	2822.1
123.0	421.4	1508.3	1855.1	2945.5
122.2	426.7	1515.5	1842.1	3096.5
121.1	419.4	1508.9	1863.6	3140.3
120.0	443.0	1524.3	1851.9	3166.3
119.6	479.3	1536.9	1857.2	3176.6
119.1	457.6	1550.4	1855.0	3157.7
118.4	420.0	1570.4	1904.7	3246.4
117.8	405.3	1605.1	1952.4	3344.7
116.4	488.5	1634.0	1998.9	3165.7
112.6	720.3	1793.1	2270.9	3172.5
107.1	763.8	1897.0	2496.2	3272.3
99.2	768.8	1969.7	2638.9	3272.9
0.0	804.1	1959.0	2731.1	3262.3
428.6	1417.2	2198.9	2851.7	3478.2
428.6	1338.1	2082.3	2616.2	3317.7
0.0	941.7	1837.6	2551.3	3255.7
0.0	1164.3	2044.4	2539.9	3332.5
190.5	1569.3	2148.0	2771.8	3360.8
428.6	768.5	2023.0	2607.3	3313.3
461.5	717.7	1859.2	2421.0	3385.3
169.0	1085.8	2119.9	2510.1	3381.5
121.2	1416.3	2161.7	2593.6	3256.9
190.5	919.6	2053.8	2531.8	3279.1
0.0	1057.9	1906.8	2453.3	3294.3
0.0	550.6	1728.2	2299.6	3160.3
0.0	987.5	1653.8	2416.1	3192.7
0.0	883.1	1487.5	2291.5	3178.0
0.0	1180.1	1624.3	2321.1	3256.2
169.0	1036.2	1562.5	2351.2	3271.2
120.2	1032.1	1593.2	2543.7	3304.3
71.4	371.9	1292.3	2343.8	3226.1
0.0	542.8	1167.7	2324.2	3300.2
0.0	441.6	1011.7	1540.4	3258.6
141.2	496.4	1034.9	1548.2	3267.6
131.4	470.5	959.4	1428.1	3365.8
131.0	424.5	915.5	1376.5	3389.3
130.9	419.8	938.1	1350.5	3341.3
131.3	465.3	1041.6	1394.0	3332.3
132.1	410.1	1076.1	1479.3	3333.5
133.6	438.9	1128.5	1558.1	3327.4
133.8	472.2	1142.7	1639.7	3324.0
134.3	522.0	1212.2	1739.8	3296.7
133.9	533.7	1259.3	1807.1	3269.1
134.4	587.6	1291.3	1922.2	3295.0
134.4	561.7	1295.9	2005.3	3406.9
134.8	568.7	1304.4	2047.7	3410.0
134.6	567.2	1291.4	2108.4	3363.2
133.7	547.9	1278.0	2138.3	3304.3
132.6	549.6	1280.1	2175.9	3275.1
131.9	547.5	1284.0	2186.1	3250.6
130.5	542.6	1286.7	2188.4	3264.7
127.6	527.2	1301.7	2208.3	3173.8
125.0	514.7	1306.2	2184.2	3092.8
122.4	500.6	1300.0	2150.4	3069.6
118.4	483.7	1304.4	2137.7	3056.8
114.7	458.1	1330.7	2113.7	3040.9
113.9	436.9	1378.0	2059.4	3044.3
112.4	437.3	1394.4	1997.3	3093.0
111.6	361.2	1378.2	1936.1	3103.7
110.9	337.2	1394.3	1955.2	3152.5
109.3	339.9	1481.5	2020.5	3305.7
106.2	361.7	1721.0	2509.9	3490.4
109.1	334.8	1801.3	2427.4	3360.4
107.7	335.2	1731.7	2025.1	3299.9
109.7	327.4	1705.9	2061.4	3320.6
109.9	341.0	1771.8	2229.4	3342.7
109.3	359.1	1824.7	1910.4	3318.4
109.4	442.6	1598.5	1896.5	3292.0
110.9	397.5	1647.1	1971.5	3246.6
108.9	336.8	1575.9	2009.9	3267.7
104.4	302.2	1498.6	2076.4	3260.3
98.4	303.5	1504.3	2242.7	3309.1
101.9	304.0	1578.0	2528.3	3348.5
101.7	337.5	1645.1	2548.9	3399.9
100.5	247.0	1660.4	2475.7	3311.1
103.4	269.5	1752.9	2494.1	3391.9
107.1	696.9	1754.2	2552.4	3476.3
109.4	624.8	1773.0	2613.1	3350.8
107.1	651.1	1720.1	2624.9	3385.7
0.0	372.3	1695.1	2455.6	3464.0
0.0	416.9	1686.1	2429.3	3396.1
139.1	407.4	1634.7	2405.2	3338.1
134.8	415.5	1643.5	2250.6	3165.3
126.5	855.2	1601.1	2148.0	3266.2
121.2	445.7	1564.8	2137.8	3427.8
116.5	464.0	1540.7	2197.5	3419.9
108.1	713.2	1581.0	2238.6	3405.3
103.4	932.9	1570.5	2196.7	3486.8
98.4	828.9	1552.5	2104.9	3490.1
99.2	910.0	1534.5	2275.6	3305.5
88.2	993.7	1552.1	2364.8	3276.1
0.0	783.5	1588.5	2412.6	3347.6
0.0	1045.6	1593.0	2513.1	3407.0
0.0	857.6	1543.3	2478.3	3434.2
0.0	705.2	1512.5	2495.1	3393.2
0.0	632.9	1501.5	2578.5	3405.1
