0.0	0.0	0.0	0.0	0.0
0.0	0.0	0.0	0.0	0.0
0.0	0.0	0.0	0.0	0.0
0.0	605.4	1637.6	2683.8	3475.0
0.0	897.1	1755.7	2721.9	3522.3
0.0	893.9	1781.7	2671.5	3505.7
0.0	977.3	1865.6	2669.3	3430.1
0.0	574.5	1925.8	2642.1	3421.5
0.0	1031.3	1934.1	2672.2	3503.5
0.0	1033.3	1935.8	2694.1	3504.5
0.0	889.2	1764.4	2572.2	3353.0
0.0	726.4	1859.6	2648.7	3402.6
0.0	577.5	1824.0	2714.9	3470.4
0.0	395.0	1813.0	2532.0	3388.2
155.8	269.7	1829.9	2482.6	3419.2
151.9	327.9	1825.1	2474.3	3474.4
133.3	821.3	1709.5	2395.6	3344.3
133.5	545.0	1917.9	2496.3	3566.3
0.0	453.4	1919.0	2441.5	3558.0
0.0	453.6	1799.7	2370.9	3232.6
137.4	525.0	1717.7	2529.6	3151.5
133.8	552.1	1596.4	2525.8	3123.5
131.9	620.7	1473.9	2540.2	3354.6
131.2	665.6	1378.8	2543.9	3269.3
131.4	682.3	1340.0	2585.7	3353.1
131.5	711.0	1339.4	2604.6	3269.9
133.2	717.0	1322.5	2634.8	3309.8
135.7	718.8	1323.3	2669.2	3318.9
135.3	714.9	1340.2	2697.5	3286.4
122.9	676.9	1354.1	2710.9	3348.4
93.0	601.7	1329.2	2701.7	3148.7
73.2	573.9	1337.8	2680.3	3258.1
72.3	594.4	1474.1	2505.0	3398.7
100.8	515.3	1453.0	2416.0	3398.5
78.4	533.3	1676.0	2550.7	3497.5
71.4	764.5	1821.6	2577.1	3568.7
139.5	872.7	1872.2	2660.4	3495.2
0.0	845.5	1772.5	2710.4	3423.8
0.0	725.4	1719.2	2701.1	3527.9
0.0	683.7	1833.5	2736.1	3524.8
0.0	524.4	2022.1	2818.9	3389.4
0.0	344.7	2044.4	2625.3	3239.1
0.0	423.1	2235.0	2805.2	3244.4
132.3	386.7	2249.7	2831.7	3277.3
129.8	459.8	2299.9	2996.3	3356.4
130.1	408.3	2272.6	2929.4	3304.2
131.7	425.1	2214.2	2823.5	3164.3
134.8	469.5	2134.1	2763.6	3044.8
135.7	527.0	1960.9	2772.2	3306.0
135.0	550.9	1808.6	2770.0	3335.6
134.1	569.8	1651.4	2743.9	3257.0
133.2	554.6	1509.7	2633.5	3360.7
132.1	525.1	1431.4	2495.3	3497.7
128.7	532.1	1502.5	2440.7	3446.7
77.8	824.9	1772.7	2610.8	3408.1
63.5	716.9	1747.8	2746.9	3424.4
0.0	726.3	1723.2	2781.8	3463.2
0.0	848.0	1853.4	2863.9	3570.7
0.0	800.7	1932.3	2914.7	3607.6
413.8	628.2	2033.7	3087.5	3729.3
0.0	700.4	2107.4	3070.9	3880.3
0.0	616.6	1926.6	3013.7	3935.3
0.0	762.2	1793.5	3076.9	3872.8
260.9	388.2	1870.8	3036.5	3866.1
0.0	512.8	1797.5	2923.2	3759.2
400.0	787.7	1755.6	2707.1	3685.5
89.6	809.8	1922.8	2670.7	3641.2
69.4	871.9	1871.6	2660.1	3448.5
0.0	755.9	1790.0	2842.0	3543.9
461.5	652.5	1786.6	2893.8	3627.4
0.0	467.9	1808.6	2798.7	3520.9
0.0	511.0	1797.7	2569.1	3336.2
143.0	523.9	1800.2	2544.8	3397.9
137.3	546.0	1812.2	2513.4	3398.4
134.6	536.9	1790.6	2464.4	3390.0
132.8	523.5	1778.1	2391.8	3342.1
130.7	526.6	1755.0	2378.3	3318.5
130.2	519.5	1706.5	2359.4	3355.4
129.0	515.1	1686.3	2344.9	3371.2
129.0	512.8	1689.6	2370.3	3341.1
128.9	530.0	1672.5	2400.8	3231.0
128.0	528.5	1684.6	2459.8	3174.6
126.5	478.0	1687.1	2650.3	3335.2
123.2	471.8	1665.0	2715.8	3598.2
121.2	405.5	1648.2	2794.1	3669.4
118.8	457.5	1633.9	2764.5	3768.9
0.0	363.1	1705.6	2857.6	3869.2
0.0	330.3	1744.6	3027.0	3818.3
461.5	895.7	1790.8	3033.4	3853.0
111.1	347.7	1779.9	2876.8	3897.0
0.0	344.9	1754.0	2642.6	3696.4
109.1	519.6	1701.4	2561.8	3410.1
118.8	270.0	1798.8	2556.6	3305.6
0.0	252.5	1848.0	2467.7	3365.9
126.3	248.7	1724.1	2362.2	3408.8
125.0	255.2	1589.7	2337.9	3173.6
0.0	925.4	1658.8	2431.3	3177.3
254.3	939.8	1891.9	2503.5	3406.8
0.0	400.3	2050.2	2460.5	3517.5
0.0	444.7	2021.8	2445.9	3248.9
136.5	473.4	1913.3	2513.9	3235.9
136.2	538.6	1803.1	2460.2	3142.7
131.8	557.9	1714.1	2471.5	3160.0
131.1	591.3	1660.4	2470.3	3136.7
130.5	645.9	1610.2	2374.1	2755.3
132.2	687.4	1552.5	2634.8	3059.3
132.4	709.4	1487.4	2659.2	3066.4
133.1	717.6	1480.5	2752.2	2757.6
135.4	750.2	1491.1	2840.1	2857.4
136.2	739.0	1489.7	2741.4	3115.4
136.4	763.0	1496.1	2736.2	3112.8
137.5	766.4	1475.9	2722.8	3223.8
137.6	755.2	1489.8	2708.9	3254.0
138.3	781.2	1519.9	2676.1	3067.1
138.7	765.0	1512.9	2647.4	3092.3
139.1	762.0	1522.9	2653.5	3046.3
138.8	771.5	1518.2	2620.3	2989.2
138.3	760.1	1593.1	2633.0	3226.0
137.7	767.7	1652.6	2602.6	3171.0
137.5	757.4	1716.7	2605.2	3360.7
137.2	729.0	1754.5	2651.1	3473.1
136.9	722.9	1777.0	2630.9	3370.3
136.5	698.3	1825.0	2578.7	3374.9
135.3	650.9	1909.5	2587.2	3262.5
132.5	607.3	1998.8	2595.5	3321.5
130.5	563.5	2031.6	2440.2	2924.0
129.1	527.5	2106.0	2452.9	2997.5
125.9	494.3	1752.2	2372.2	2966.1
123.0	474.6	2018.4	2473.3	3069.9
120.2	467.5	2251.1	2538.2	3173.7
119.1	466.6	2367.3	2680.3	3203.5
117.0	456.5	2423.9	2875.1	3579.5
113.5	447.5	2436.4	2749.4	3506.6
111.3	432.9	2491.0	2852.9	3506.0
109.1	430.1	2483.8	2867.9	3410.6
104.9	554.4	2441.5	2774.3	3352.2
100.0	573.2	2396.8	2771.6	3303.7
101.7	590.9	2195.4	2759.6	3234.8
100.0	581.3	2103.0	2812.5	3347.0
96.8	520.5	2256.0	2929.7	3473.5
93.8	542.7	2094.0	2768.9	3415.0
96.0	444.2	2386.3	2822.8	3438.7
98.4	450.6	2394.3	2770.3	3346.9
98.4	418.1	2251.4	2729.3	3375.8
103.4	424.7	2049.9	2812.6	3466.2
105.3	362.9	2287.5	2879.4	3562.0
111.1	336.1	2399.9	2825.4	3599.5
111.4	342.2	2455.5	2856.1	3594.8
112.9	349.9	2553.7	2897.2	3735.3
113.4	347.3	2421.6	2710.7	3606.0
113.1	322.8	2102.8	2427.2	3107.9
112.4	324.1	1563.5	2515.8	3405.4
106.5	280.9	1447.3	2551.1	3487.2
104.6	255.0	1474.4	2545.7	3376.7
99.7	247.5	1596.1	2526.0	3444.1
96.0	257.7	1695.3	2658.4	3478.8
97.6	270.3	1638.4	2670.3	3393.8
97.6	422.1	1482.8	2548.4	3434.8
0.0	417.9	1522.4	2412.7	3456.9
0.0	493.0	1616.8	2442.2	3553.8
0.0	547.8	1626.5	2480.5	3597.0
112.7	584.8	1574.8	2539.3	3511.8
110.0	594.1	1525.7	2650.9	3628.9
108.7	617.2	1498.2	2742.3	3534.5
108.1	636.4	1458.0	2848.9	3541.1
107.7	645.8	1334.8	2899.7	3402.7
106.7	632.4	1234.6	2968.3	3409.0
106.8	608.4	1177.7	2959.6	3433.1
105.7	610.4	1156.1	3001.3	3405.6
105.7	566.2	1073.0	3010.5	3319.5
106.6	527.3	998.6	2729.7	3302.2
106.6	536.7	995.7	2887.1	3255.9
107.1	533.4	1025.3	2977.9	3346.3
107.4	525.8	1029.7	2905.3	3317.0
107.8	527.0	1053.9	2914.8	3240.9
107.2	564.3	1086.7	3048.9	3290.9
107.6	582.8	1125.4	3053.3	3380.8
107.4	590.7	1169.0	2999.4	3368.2
107.4	587.6	1176.9	2991.9	3389.0
107.0	569.5	1166.6	2990.5	3410.3
106.4	560.0	1171.6	2948.9	3420.6
106.2	534.8	1178.1	2919.1	3528.2
107.0	505.8	1168.6	2939.7	3449.7
107.3	503.8	1181.1	2941.5	3465.1
109.0	454.2	1192.3	2935.6	3481.6
110.8	445.9	1222.3	2908.5	3433.4
113.5	430.0	1251.3	2922.7	3513.1
115.3	431.7	1287.8	3024.1	3564.7
116.7	421.0	1314.8	3041.3	3475.7
117.7	380.9	1312.4	3072.2	3505.0
118.9	360.6	1301.3	3029.8	3706.0
118.3	354.2	1457.0	3017.2	3704.3
116.5	707.8	1776.1	3069.4	3781.1
116.5	898.3	2030.7	3142.5	3778.1
120.0	1027.4	2087.8	3138.7	3771.9
0.0	1037.3	1913.4	3141.2	3816.9
250.0	1113.9	1803.7	3226.7	3771.7
375.0	914.7	1741.2	3094.5	3711.0
0.0	848.8	1867.7	3234.0	3639.9
521.7	810.2	1759.8	3296.1	3656.2
0.0	762.2	1656.0	3250.4	3831.3
0.0	739.7	1492.6	3247.3	3902.9
0.0	654.8	1422.3	3107.3	3866.2
0.0	540.0	1406.3	3116.1	3871.5
255.3	774.9	1798.5	3185.9	3862.8
117.6	827.7	1773.7	3168.8	3891.9
352.9	802.2	1970.0	3063.1	3987.9
0.0	677.0	1703.9	2872.7	3896.4
292.7	718.0	1853.6	3002.4	3872.3
545.5	685.1	2008.7	3147.6	4032.9
113.2	874.5	1744.4	3037.6	3948.8
0.0	798.3	1942.6	3047.4	3832.0
0.0	725.5	1695.6	2931.3	3715.4
0.0	894.0	1759.4	2871.3	3736.1
0.0	742.4	1369.9	2704.3	3687.2
122.4	591.9	1309.0	2884.8	3713.3
292.7	863.4	1262.7	2750.3	3813.3
0.0	671.5	1251.9	2636.5	3732.8
0.0	827.1	1385.5	2650.0	3679.1
0.0	685.4	1302.0	2416.3	3439.5
0.0	732.7	1252.5	2513.4	3469.0
0.0	735.8	1244.9	2518.7	3552.8
0.0	1060.3	1711.7	2581.4	3450.9
0.0	977.1	1774.6	2723.1	3427.6
