0.0	0.0	0.0	0.0	0.0
0.0	0.0	0.0	0.0	0.0
0.0	0.0	0.0	0.0	0.0
0.0	768.8	1694.4	2537.9	3490.0
0.0	816.7	1812.8	2597.7	3460.9
0.0	693.6	1640.6	2523.2	3350.1
0.0	704.8	1597.2	2603.9	3448.2
0.0	771.4	1623.6	2696.0	3565.8
63.5	881.0	1852.1	2656.2	3578.2
0.0	863.1	1835.3	2552.7	3463.1
0.0	663.1	1704.7	2583.8	3479.6
0.0	822.6	1744.0	2650.9	3577.9
0.0	1008.1	1747.2	2669.0	3518.2
0.0	871.8	1745.9	2541.5	3384.1
0.0	843.5	1801.8	2606.6	3405.3
0.0	845.5	1793.8	2741.7	3568.7
0.0	860.1	1635.8	2683.7	3508.9
0.0	477.1	1675.1	2635.8	3468.2
0.0	847.3	1719.9	2736.1	3527.5
0.0	708.0	1657.7	2692.8	3526.6
0.0	812.4	1671.3	2658.0	3529.2
0.0	696.5	1775.9	2592.2	3456.4
0.0	464.3	1869.9	2511.3	3436.7
395.7	547.6	1860.2	2556.8	3459.9
428.6	437.6	1855.5	2564.6	3502.7
0.0	439.6	1823.1	2503.0	3540.1
0.0	420.2	1767.5	2466.4	3541.9
0.0	404.8	1773.7	2429.3	3566.1
125.5	390.0	1783.1	2694.3	3640.1
121.2	995.1	1954.4	2803.7	3739.8
63.5	1072.2	2135.0	2966.6	3775.2
444.4	992.1	2171.1	3166.9	3751.8
0.0	968.2	2140.9	3248.9	3738.4
0.0	856.5	2142.3	3116.9	3749.7
0.0	857.0	2204.9	3153.1	3703.2
0.0	1005.2	2255.3	3061.3	3658.2
0.0	482.6	1889.3	2535.8	3636.5
0.0	401.6	1735.6	2481.0	3627.8
127.7	377.1	1745.9	2405.8	3655.8
120.0	393.5	1734.4	2423.7	3650.7
113.2	414.7	2113.3	3319.5	3442.2
105.3	840.9	2139.3	3228.0	3636.4
100.8	859.1	2045.8	3079.4	3690.6
0.0	1074.1	2103.9	3137.7	3656.3
121.2	1037.6	2082.6	3191.5	3509.9
66.7	780.6	2095.9	3011.4	3555.0
0.0	895.7	2186.9	3037.9	3519.4
0.0	1010.2	2297.1	3133.9	3504.0
106.2	1071.5	2258.4	3022.1	3370.1
0.0	1011.5	2331.8	2937.0	3400.8
0.0	653.5	2221.6	2637.3	3315.5
88.2	911.5	2052.0	2555.8	3390.2
65.2	882.9	1725.4	2446.7	3289.5
70.6	422.8	1609.6	2405.4	3306.7
0.0	917.9	1872.1	2473.7	3294.2
0.0	717.0	1731.3	2388.5	3171.4
255.3	877.7	1591.8	2408.8	3323.5
0.0	1002.5	1532.4	2409.1	3308.2
0.0	762.6	1452.4	2288.7	3269.9
0.0	431.5	1439.4	1795.0	3473.2
0.0	506.2	1468.1	1641.6	3529.6
148.0	450.5	1556.0	1731.1	3531.8
142.7	430.3	1645.2	1831.8	3493.8
140.8	389.4	1729.2	1954.7	3476.9
140.1	423.5	1800.2	2078.4	3505.9
139.6	493.6	1843.2	2133.6	3519.7
139.5	433.6	1815.0	2193.0	3531.8
140.0	346.7	1683.2	2205.1	3504.0
142.1	435.8	1489.3	2184.0	3454.0
143.8	342.4	1193.3	2233.3	3388.7
142.8	309.1	1269.8	2301.4	3341.3
72.5	295.3	1197.6	2329.4	3334.2
144.6	303.1	1241.0	2406.3	3334.5
143.6	294.1	1101.2	2464.0	3283.3
142.9	297.5	1120.0	2475.7	3225.4
141.7	304.1	1113.9	2853.6	3560.3
141.2	485.0	1073.9	2916.7	3597.7
146.6	570.9	1030.4	2917.2	3657.2
142.5	605.9	1022.2	2952.6	3603.3
138.9	672.6	1012.5	2967.6	3553.9
138.1	671.9	994.4	2979.6	3514.2
136.8	721.8	1036.8	2969.6	3463.2
134.8	748.7	1091.1	2927.5	3434.3
134.5	719.1	1118.1	2860.1	3405.7
135.9	745.4	1176.3	2749.7	3400.2
135.2	778.2	1271.2	2627.8	3395.0
135.1	783.7	1370.1	2533.9	3429.1
135.3	747.6	1471.0	2436.2	3433.5
134.9	712.1	1566.6	2327.6	3492.5
134.2	657.7	1657.1	2293.4	3558.8
133.3	660.6	1713.0	2298.0	3598.4
132.3	636.6	1687.6	2220.8	3600.8
131.3	452.5	1627.9	2256.5	3723.9
127.2	276.1	1597.7	2371.8	3709.9
64.4	280.8	1510.3	2343.5	3701.4
129.5	282.5	1414.3	2262.8	3792.7
127.9	815.6	1590.7	2192.5	3774.2
262.5	509.8	999.4	1887.7	3714.3
124.4	544.2	1038.1	1841.8	3640.5
121.3	584.2	1078.8	1783.4	3648.1
120.8	621.8	1034.8	1761.1	3703.3
120.1	615.8	1036.8	1723.4	3677.2
120.6	612.9	1044.6	1640.3	3621.8
120.7	632.6	1076.0	1630.8	3599.6
121.0	690.8	1137.4	1684.4	3548.7
120.2	698.4	1173.7	1736.7	3494.2
120.1	714.0	1221.0	1840.6	3439.0
120.1	721.8	1247.9	1976.6	3445.7
119.4	722.4	1281.5	2043.0	3441.5
118.9	724.8	1372.3	2064.4	3425.4
118.8	719.6	1448.2	2078.7	3440.2
118.5	705.3	1532.7	2125.7	3548.3
119.5	669.9	1631.2	2158.4	3598.3
119.8	612.0	1702.4	2192.7	3595.5
120.7	599.6	1732.2	2196.8	3602.2
121.6	562.5	1739.2	2194.0	3609.8
123.2	534.1	1682.0	2164.7	3625.1
120.7	556.6	1551.9	2155.4	3634.5
118.7	651.4	1425.4	2293.7	3513.2
115.6	728.8	1762.4	2570.2	3415.8
102.6	840.9	1816.7	2657.3	3428.1
92.3	846.4	1789.5	2612.7	3439.9
324.3	902.0	1805.9	2719.4	3483.9
84.5	1009.9	1863.1	2767.3	3514.5
0.0	824.3	1739.5	2598.8	3454.4
0.0	761.8	1750.9	2660.0	3467.7
0.0	940.8	1749.2	2621.4	3451.6
0.0	999.8	1872.8	2593.9	3520.1
0.0	982.0	1801.7	2605.9	3618.4
0.0	1032.6	1772.8	2698.1	3558.3
0.0	946.6	1748.9	2737.5	3396.1
0.0	340.2	1497.0	2483.8	3360.3
0.0	517.4	797.8	2589.9	3325.9
0.0	513.1	768.8	2672.9	3276.7
127.7	515.8	764.8	2709.6	3253.4
129.0	528.4	756.0	2757.0	3250.7
126.3	533.6	739.7	2769.3	3229.4
124.8	519.9	703.2	2772.7	3219.1
124.0	620.3	892.9	2807.8	3223.9
125.3	646.9	1320.1	2814.5	3236.7
124.4	654.0	1374.9	2761.3	3242.7
122.2	621.1	1484.2	2676.6	3332.7
118.9	956.1	1540.0	2433.1	3409.8
114.1	1093.0	1582.6	2496.9	3405.1
133.3	994.9	1611.8	2617.9	3505.9
0.0	966.8	1697.7	2579.3	3545.4
571.4	992.2	1790.0	2639.0	3457.2
187.5	934.5	1807.6	2645.9	3503.7
0.0	1001.9	1841.6	2607.4	3485.0
315.8	1015.0	1646.7	2614.9	3439.1
300.0	1000.8	1669.7	2640.6	3488.0
285.7	1037.1	1866.4	2661.1	3613.1
110.1	1016.2	1883.8	2621.6	3602.6
0.0	984.0	1738.7	2731.9	3546.0
285.7	990.1	1831.2	2710.8	3413.3
0.0	955.9	1823.8	2591.9	3492.8
0.0	888.3	1609.0	2442.7	3589.6
0.0	602.2	1514.8	2313.6	3515.2
0.0	619.4	1533.8	2277.1	3550.2
124.4	667.9	1567.0	2253.8	3586.0
123.8	692.7	1587.5	2289.2	3577.1
121.9	671.6	1626.6	2299.9	3613.5
119.8	661.8	1663.7	2307.0	3603.3
118.5	665.3	1699.4	2311.0	3586.8
118.1	665.7	1727.7	2304.9	3581.9
118.0	657.8	1715.9	2302.7	3554.6
117.5	652.0	1701.2	2297.1	3627.2
116.5	655.4	1674.4	2291.7	3648.7
117.1	661.0	1642.9	2295.8	3655.7
117.1	691.5	1610.1	2351.6	3662.5
116.3	660.2	1615.0	2448.4	3695.4
114.3	623.7	1568.8	2461.8	3596.6
112.1	877.9	1622.5	2492.0	3516.2
107.7	809.9	1616.3	2613.0	3663.3
0.0	997.0	2211.5	3007.8	3685.9
0.0	803.4	2004.7	3076.4	3635.6
0.0	903.7	1783.9	3124.3	3730.7
0.0	813.0	1920.2	3157.5	3711.0
157.9	988.4	2266.7	3238.8	3761.4
184.6	910.2	2292.7	3152.8	3686.8
230.8	867.7	2097.9	3126.9	3614.9
78.4	907.6	1800.8	2816.9	3507.6
0.0	905.7	1844.1	2664.7	3506.2
0.0	754.6	1817.2	2578.7	3423.2
0.0	781.7	1621.3	2624.1	3443.0
0.0	718.1	1624.8	2584.8	3406.2
67.4	531.6	1607.6	2547.3	3426.1
0.0	598.1	1546.2	2510.9	3196.6
0.0	714.9	1489.3	2443.7	2949.7
120.1	260.5	1427.4	2296.6	2799.7
116.5	284.9	1333.7	2340.2	3000.5
116.5	304.8	1363.3	2425.9	3204.0
114.3	658.6	1361.1	2256.5	3036.8
113.0	474.8	1018.9	2150.7	3056.8
116.0	519.6	934.2	2284.0	3311.7
112.7	466.0	879.4	2419.1	3355.2
112.5	471.9	871.2	2447.0	3328.5
112.9	645.0	1065.7	2543.1	3326.9
111.5	573.6	784.1	2613.7	3321.8
111.0	606.5	806.3	2617.5	3320.7
112.4	588.3	868.8	2626.7	3303.2
112.1	573.7	940.6	2601.7	3277.9
113.6	599.2	1005.1	2584.6	3282.6
113.6	588.5	1073.7	2557.4	3306.7
112.1	594.6	1115.7	2569.6	3333.4
110.6	597.1	1109.0	2593.8	3306.4
110.5	605.0	1077.3	2617.6	3301.8
110.6	581.7	1014.8	2655.0	3319.9
110.7	594.7	949.2	2719.0	3300.8
110.4	562.6	888.3	2774.9	3280.3
108.4	566.0	836.2	2805.3	3219.9
109.9	618.4	1307.2	2808.4	3266.6
105.3	442.3	835.3	2716.6	3275.5
105.3	433.8	829.6	2695.4	3284.6
109.3	410.4	848.2	2714.7	3338.7
109.4	300.4	911.4	2709.5	3354.4
110.1	297.5	1111.9	2673.1	3348.0
109.9	307.6	1051.7	2616.3	3345.3
109.0	311.1	1082.1	2538.1	3319.9
108.2	385.8	1241.3	2511.9	3391.5
236.9	627.4	1409.6	2517.4	3452.8
112.5	619.2	1540.3	2452.7	3457.5
103.7	624.1	1639.7	2588.7	3457.3
105.2	615.2	1723.8	2572.6	3461.9
105.6	595.6	1771.2	2560.7	3520.8
103.2	578.6	1826.9	2545.6	3505.7
105.5	584.5	1888.8	2536.5	3472.7
103.9	608.0	1933.8	2557.9	3525.2
102.4	602.0	1936.0	2530.9	3495.8
102.5	608.6	1962.8	2533.8	3460.9
99.6	587.9	1994.9	2520.4	3472.6
101.9	530.7	2034.3	2529.8	3479.8
97.0	528.7	2062.4	2529.3	3481.7
101.7	544.1	2062.4	2544.4	3486.2
96.5	503.9	2060.8	2555.0	3476.9
96.6	486.7	2067.9	2557.5	3452.6
90.2	443.5	2084.1	2553.1	3473.8
96.5	459.6	2091.8	2527.9	3517.2
103.5	441.1	2065.7	2508.0	3496.7
78.8	376.8	1935.5	2451.7	3488.6
124.8	331.9	1823.8	2435.1	3543.0
234.6	291.7	1733.2	2448.6	3478.6
153.8	268.0	1566.6	2647.1	3388.1
144.6	317.9	1666.0	2548.1	3406.4
196.7	200.0	1713.2	2444.5	3514.7
74.1	879.4	1882.0	2697.6	3450.2
441.3	586.0	1763.6	2639.5	3412.8
0.0	598.5	1772.6	2532.4	3410.3
138.1	672.3	1751.7	2545.3	3406.4
0.0	638.0	1693.3	2633.1	3442.6
198.8	611.1	1666.8	2521.7	3533.0
91.0	546.4	1672.4	2423.2	3379.0
88.5	470.6	1636.7	2527.8	3369.1
80.2	592.4	1656.3	2474.9	3336.4
123.7	605.1	1669.2	2338.0	3252.9
116.5	390.7	1573.2	2213.6	3283.5
103.6	567.5	1589.4	2370.7	3304.5
