0.0	0.0	0.0	0.0	0.0
0.0	0.0	0.0	0.0	0.0
0.0	0.0	0.0	0.0	0.0
0.0	816.6	1848.6	2637.8	3308.3
0.0	857.4	1804.6	2569.7	3320.5
0.0	979.5	1888.9	2624.4	3477.5
0.0	894.1	1899.1	2652.3	3521.5
0.0	757.3	1541.3	2539.3	3315.8
0.0	726.4	1562.4	2612.6	3384.7
0.0	777.4	1685.6	2704.6	3559.2
0.0	866.9	1775.1	2679.9	3580.4
0.0	870.6	1737.0	2593.6	3312.0
0.0	775.6	1701.3	2575.8	3334.3
0.0	808.7	1836.6	2627.5	3411.1
0.0	884.7	1883.3	2661.2	3418.3
0.0	727.5	1825.1	2668.7	3466.7
0.0	668.0	1757.0	2961.7	3530.8
0.0	741.8	1767.4	2791.1	3528.9
0.0	678.0	1758.0	2562.5	3442.0
0.0	655.1	1693.0	2529.1	3381.7
0.0	634.9	1673.6	2510.5	3360.7
0.0	641.4	1608.7	2491.8	3377.6
125.6	671.1	1536.7	2460.2	3323.8
124.2	551.9	1457.4	2404.0	3281.4
123.1	454.2	1316.3	2383.4	3353.1
119.6	468.9	1233.3	2512.9	3549.6
115.4	624.9	1316.6	2539.3	3587.8
119.0	511.0	1310.7	2515.7	3562.6
121.1	535.1	1326.5	2472.3	3542.7
122.0	488.9	894.7	2364.4	3378.8
122.6	514.6	838.7	2396.9	3290.5
125.6	592.5	812.2	2447.5	3199.4
125.3	518.6	768.9	2531.4	3103.5
125.8	518.4	763.1	2569.2	3070.4
126.8	539.1	784.1	2545.6	3052.7
126.7	569.5	832.9	2510.2	3064.7
128.7	610.8	957.7	2419.4	3099.0
129.1	606.4	1070.2	2308.7	3137.7
129.9	627.9	1192.3	2223.2	3172.1
129.7	612.0	1294.9	2033.8	3275.5
130.1	569.5	1355.2	1834.7	3265.1
130.4	640.4	1383.2	1747.9	3209.8
124.2	641.2	1328.1	1746.3	3165.2
117.6	600.6	1326.3	1873.2	3259.7
121.1	623.8	1370.2	2081.2	3385.2
133.1	684.9	1340.2	2260.0	3435.2
125.2	737.7	1304.2	2148.1	3478.0
123.9	731.2	1204.3	2152.4	3467.3
122.7	723.3	1150.6	2206.4	3483.3
121.2	734.2	1130.0	2257.0	3432.6
121.2	736.3	1119.1	2297.5	3367.7
120.7	752.9	1094.6	2350.3	3336.8
120.7	773.0	1086.9	2396.4	3339.8
120.9	753.3	1104.4	2403.4	3396.3
121.7	762.2	1138.9	2379.5	3419.5
121.9	753.7	1199.9	2327.6	3449.5
121.7	763.1	1259.1	2276.1	3495.5
122.3	738.4	1343.5	2216.9	3540.0
122.1	679.9	1433.3	2165.7	3593.7
121.6	626.1	1533.4	2174.7	3637.3
120.7	587.1	1625.3	2179.8	3699.6
121.0	549.3	1681.1	2211.6	3708.0
121.9	521.3	1736.1	2469.9	3765.3
121.2	520.6	1759.5	2484.7	3732.2
122.4	469.5	1842.2	2461.7	3737.1
123.6	332.8	1817.8	2464.2	3749.4
123.4	394.7	1786.9	2527.0	3664.3
119.7	641.9	1855.9	3284.3	3523.9
112.1	732.4	1827.7	3062.4	3760.1
105.3	862.7	1744.1	3017.0	3753.6
0.0	911.6	1819.3	3092.6	3717.1
0.0	818.8	1874.9	2928.0	3697.1
0.0	880.1	1875.4	2804.9	3705.9
428.6	883.7	1773.4	2876.7	3753.7
100.0	883.7	1773.4	2876.7	3753.7
461.5	919.7	1786.0	2996.8	3698.1
255.3	962.4	2043.7	2965.9	3719.5
68.6	819.0	1879.2	2994.8	3763.8
0.0	821.0	1724.6	2971.0	3772.6
545.5	768.1	1612.4	2676.5	3679.1
0.0	468.4	1620.9	2400.1	3547.9
0.0	465.2	1692.7	2334.6	3516.0
112.3	466.9	1703.5	2310.1	3437.2
112.4	479.9	1699.7	2302.0	3412.8
109.0	460.6	1724.3	2216.9	3374.8
110.1	457.1	1690.5	2105.2	3375.2
112.1	446.1	1631.1	2093.7	3370.2
112.1	434.5	1529.5	2111.1	3397.5
112.0	418.1	1361.3	2158.4	3345.2
111.9	470.8	1143.1	2174.3	3308.3
111.8	503.0	986.9	2230.4	3317.2
110.0	360.8	836.7	2258.2	3313.1
107.7	304.3	763.9	2278.3	3332.1
106.5	363.0	758.7	2305.5	3304.9
106.6	469.0	1239.9	2290.5	3296.3
107.1	529.7	1448.1	2303.5	3300.5
106.9	548.1	1193.5	2271.2	3234.3
107.2	486.1	696.1	2239.7	3189.3
107.1	487.5	687.4	2229.9	3168.8
107.6	461.2	750.9	2204.8	3192.2
109.1	480.2	792.8	2156.5	3247.0
109.5	532.8	807.4	2093.3	3314.1
110.2	543.2	880.6	2032.8	3370.8
110.2	535.2	931.6	1925.0	3439.1
110.0	553.0	977.4	1751.0	3437.8
108.4	565.5	1011.4	1708.2	3474.9
107.9	532.9	1052.8	1612.8	3573.1
107.5	523.4	1067.1	1464.5	3578.9
105.0	536.7	1098.8	1428.0	3591.5
105.3	522.1	1112.6	1376.6	3651.8
104.8	525.6	1120.0	1361.7	3687.6
104.3	525.3	1127.5	1337.8	3679.0
102.5	529.7	1116.7	1318.3	3691.9
100.8	533.9	1121.2	1318.9	3731.0
100.9	564.9	1153.3	1362.7	3671.1
102.4	555.5	1150.5	1364.3	3485.1
97.9	560.6	1141.0	1358.4	3516.9
103.5	580.2	1195.6	1789.0	3428.3
98.5	599.8	1236.0	1690.3	3341.6
105.2	655.5	1280.7	1654.6	3332.7
111.5	706.2	1325.8	1740.3	3396.0
105.3	693.4	1345.2	1796.9	3514.6
111.1	752.7	1396.4	1902.2	3559.2
107.1	743.5	1394.9	2048.6	3627.6
127.7	806.8	1405.4	2309.9	3695.6
84.5	800.9	1418.7	2387.8	3555.0
296.0	700.9	1385.4	2330.7	3388.3
0.0	668.4	1325.6	2375.3	3510.0
87.0	628.0	1319.6	2446.6	3443.2
0.0	549.8	1359.2	2448.1	3367.3
133.8	764.2	1384.5	2445.5	3324.1
135.5	515.6	1316.9	2492.1	3359.5
90.2	548.2	1288.9	2515.3	3445.5
114.3	774.7	1330.3	2482.4	3450.9
