0.0	0.0	0.0	0.0	0.0
0.0	0.0	0.0	0.0	0.0
0.0	0.0	0.0	0.0	0.0
0.0	796.6	1877.3	2673.9	3622.9
0.0	627.5	1778.0	2609.3	3423.2
0.0	763.4	1758.4	2523.0	3477.3
137.9	712.6	1724.9	2546.3	3438.2
0.0	702.8	1685.1	2634.3	3422.7
0.0	986.5	1831.9	2726.5	3421.0
0.0	964.6	1823.3	2721.8	3377.7
0.0	791.8	1688.9	2606.1	3383.7
0.0	795.5	1627.5	2582.5	3419.0
0.0	858.3	1621.7	2571.3	3412.2
0.0	936.5	1688.8	2503.1	3414.5
0.0	936.7	1619.3	2587.6	3461.1
0.0	931.5	1680.0	2681.0	3497.9
0.0	806.8	1575.2	2604.5	3493.4
0.0	409.7	1377.0	2473.5	3507.2
0.0	458.3	1423.4	2436.4	3496.0
0.0	462.8	1476.0	2413.6	3387.7
0.0	488.2	1521.8	2338.7	3294.4
101.7	499.0	1540.3	2279.7	3275.2
111.1	474.6	1540.8	2085.5	3225.8
108.1	452.8	1458.5	1888.9	3234.2
110.1	446.2	1315.6	1793.4	3267.8
110.2	428.1	1190.0	1763.5	3364.2
113.2	437.5	1065.3	1717.3	3406.6
115.1	427.3	999.4	1659.1	3411.8
115.0	429.4	965.1	1596.4	3302.9
112.0	438.4	953.7	1532.3	3269.4
110.1	446.2	952.7	1522.8	3286.4
106.9	439.0	959.0	1507.2	3324.5
106.2	474.9	986.1	1520.0	3415.0
101.7	512.8	1013.1	1562.6	3456.3
100.0	535.4	1027.0	1604.3	3522.9
85.9	559.5	1021.6	1671.3	3542.9
66.7	574.7	1023.1	1765.0	3469.7
512.2	600.5	1009.2	1892.3	3464.0
0.0	620.3	1011.6	2025.0	3597.1
571.4	624.8	996.6	2158.1	3648.2
0.0	635.7	989.6	2246.1	3745.2
0.0	659.9	958.1	2354.7	3700.9
0.0	659.3	956.4	2432.1	3581.2
93.0	688.1	983.4	2486.3	3536.3
102.6	721.3	997.5	2526.7	3527.8
104.3	703.7	952.3	2559.5	3518.0
107.1	684.7	949.6	2582.0	3500.5
106.2	676.2	942.5	2608.6	3484.9
107.1	670.7	954.8	2629.6	3526.2
109.1	657.6	963.8	2629.2	3565.0
111.1	650.4	958.2	2635.3	3592.9
113.2	678.1	965.1	2630.6	3611.5
115.4	655.4	970.3	2624.4	3621.7
116.5	669.9	1025.1	2586.3	3648.9
116.5	674.6	1027.1	2559.9	3657.6
116.5	677.2	1046.2	2543.2	3643.6
116.4	670.1	1037.8	2502.6	3664.1
115.4	666.4	1039.6	2454.5	3649.7
115.4	643.5	1059.3	2396.8	3572.7
114.3	627.9	1096.9	2299.9	3619.7
112.4	595.6	1157.1	2219.7	3640.3
111.8	543.3	1194.6	2171.6	3738.8
109.4	536.1	1150.3	2114.8	3967.9
107.3	374.0	1099.0	2140.5	3827.0
105.3	334.2	1137.5	2187.8	3489.0
103.4	299.8	1171.8	2354.6	3310.0
105.3	292.5	1447.1	2552.2	3253.5
100.0	278.4	1796.6	2643.4	3386.2
95.2	296.2	1706.8	2630.4	3429.5
91.6	302.7	1474.4	2601.0	3317.1
88.2	310.5	1668.3	2499.3	3316.6
89.6	657.7	1730.0	2283.5	3421.0
0.0	722.9	1800.5	2235.0	3522.1
0.0	628.6	1832.0	2195.9	3415.8
0.0	337.9	1782.6	2175.3	3264.1
109.1	350.2	1745.8	2190.2	3255.4
109.1	369.4	1700.5	2227.1	3212.4
109.1	389.0	1669.2	2234.6	3229.1
109.1	414.0	1642.3	2210.6	3246.2
108.1	426.6	1620.5	2197.7	3163.0
109.1	430.3	1585.9	2225.9	3084.1
109.1	432.0	1562.2	2265.6	3113.0
108.1	432.4	1546.8	2294.0	3359.4
109.1	426.5	1542.8	2306.2	3482.5
108.1	409.2	1512.3	2328.1	3394.1
107.1	261.9	1485.3	2323.2	3106.4
94.8	253.5	1495.5	2283.7	3076.3
63.5	884.7	1456.5	2254.0	3205.5
205.3	285.3	1173.2	2177.7	3259.2
100.0	307.1	1191.6	2240.0	3143.1
190.5	329.7	1384.7	2330.3	3105.4
190.5	284.0	1277.1	1865.8	2551.6
95.2	343.3	1258.0	1919.5	3111.7
96.0	314.9	1264.3	1960.0	3536.6
96.8	337.3	1263.7	1988.7	3334.5
96.8	399.2	1267.2	1982.8	3389.6
96.8	431.5	1309.3	1960.3	3429.2
96.4	426.0	1563.3	2084.0	3387.1
99.2	482.2	1671.2	2231.8	3191.9
95.3	475.1	1721.5	2302.0	3055.3
95.2	486.5	1727.4	2446.3	3236.3
95.2	497.7	1727.5	2472.5	3491.7
94.5	503.8	1731.3	2456.6	3586.1
94.1	500.7	1711.3	2536.6	3582.5
93.7	530.5	1669.6	2563.9	3534.6
93.6	546.6	1636.5	2558.6	3568.2
93.0	536.4	1616.7	2510.3	3578.3
91.9	554.3	1583.3	2492.8	3583.7
90.8	558.7	1564.7	2531.5	3624.5
89.6	594.1	1536.7	2540.4	3586.6
89.1	591.2	1503.5	2558.1	3540.5
87.1	624.6	1480.6	2553.7	3517.7
84.7	647.7	1482.3	2513.7	3546.2
83.3	631.2	1512.6	2528.1	3549.7
82.2	634.7	1521.9	2552.5	3564.8
81.4	627.1	1517.0	2572.3	3587.9
80.0	586.2	1490.8	2547.2	3579.2
78.5	537.0	1474.3	2448.6	3556.7
77.9	375.8	1415.1	2312.8	3707.4
74.5	640.3	1486.7	2294.0	3813.4
76.9	418.2	1446.9	2384.9	3847.2
75.0	387.6	1428.6	2440.1	3895.1
72.9	323.1	1467.4	2553.0	3834.0
70.2	590.7	1496.3	2515.7	3692.1
66.3	732.9	1543.6	2385.6	3549.9
67.0	688.5	1706.8	2469.2	3489.5
0.0	687.3	1796.9	2581.4	3678.7
0.0	708.0	1743.2	2531.7	3541.4
74.1	530.0	1582.0	2529.0	3519.0
66.7	710.4	1756.6	2550.6	3596.5
0.0	723.5	1422.0	2552.2	3535.4
77.5	700.9	1519.1	2582.6	3470.9
0.0	830.4	1634.9	2600.0	3463.3
0.0	797.3	1535.4	2545.4	3365.0
