0.0	0.0	0.0	0.0	0.0
0.0	0.0	0.0	0.0	0.0
0.0	0.0	0.0	0.0	0.0
0.0	907.0	1682.9	2418.4	3319.6
0.0	653.8	1638.4	2392.2	3402.6
0.0	654.3	1686.3	2487.2	3510.7
0.0	929.1	1759.4	2641.4	3508.9
0.0	929.1	1699.2	2604.4	3445.9
0.0	1056.9	1762.8	2547.4	3437.0
0.0	296.8	1495.9	2541.9	3412.3
0.0	290.9	1465.1	2393.3	3397.6
0.0	279.1	1453.6	2281.1	3421.2
98.4	380.4	1441.9	2260.5	3453.8
112.1	384.7	1482.1	2297.0	3474.6
81.1	300.0	1509.8	2333.2	3482.7
118.1	387.6	1489.3	2297.0	3492.1
81.6	430.3	1522.0	2269.3	3511.4
113.2	507.2	1519.6	2354.3	3512.6
0.0	480.0	1522.2	2359.4	3493.5
0.0	532.9	1535.3	2369.6	3498.5
101.7	427.3	1547.3	2379.8	3514.7
101.7	455.4	1558.4	2402.4	3530.6
103.5	447.7	1578.8	2413.9	3513.1
103.9	464.0	1567.3	2408.2	3425.7
105.0	497.3	1564.2	2412.6	3382.6
106.0	540.8	1565.8	2374.4	3391.5
107.1	556.1	1561.4	2358.4	3298.8
107.1	547.0	1537.5	2311.3	3191.2
107.1	508.2	1488.7	2275.5	3172.8
108.1	360.0	1256.4	2158.9	3167.3
103.4	378.9	1209.7	2174.3	3099.3
112.1	378.2	1247.5	2246.1	2851.5
113.2	473.2	1288.0	2164.3	2903.0
118.8	519.9	1242.4	1929.7	2726.3
113.2	527.0	1220.3	2007.0	2893.3
113.2	526.6	1101.3	2018.2	3143.0
115.4	772.5	1145.3	2045.2	3200.6
116.5	494.0	926.1	2019.4	3229.4
117.6	496.0	990.4	1997.3	3241.3
115.4	531.5	1138.8	2002.9	3259.4
115.8	364.4	1270.5	1983.3	3265.3
115.4	360.7	1336.6	1960.6	3310.9
116.5	365.4	1352.4	1949.0	3336.9
116.5	339.3	1284.1	1927.3	3339.0
114.3	396.5	1213.0	1915.8	3397.7
114.3	464.8	1137.2	1900.6	3501.3
113.2	319.5	1038.0	1889.3	3497.2
111.1	333.7	941.2	1879.4	3459.4
107.1	442.0	869.9	1862.0	3410.8
107.1	465.3	846.7	1835.1	3536.4
105.3	442.5	865.9	1778.1	3648.0
101.0	396.9	899.5	1716.6	3677.5
97.6	396.3	893.0	1637.2	3610.7
97.0	416.4	904.7	1560.1	3607.3
96.6	440.9	959.9	1542.3	3614.3
95.2	499.9	982.8	1545.4	3551.3
93.8	508.8	982.6	1578.4	3466.0
93.8	551.6	994.4	1656.4	3421.7
94.4	572.6	992.6	1728.5	3377.7
88.8	581.4	982.9	1828.3	3205.0
75.8	591.8	988.1	1938.9	3334.5
0.0	603.2	996.0	2131.7	3493.0
0.0	615.8	986.1	2186.9	3487.5
0.0	614.2	994.9	2216.0	3592.0
571.4	653.3	992.9	2270.2	3662.7
0.0	650.1	976.3	2313.2	3549.3
83.9	654.0	979.5	2358.6	3537.5
88.2	620.2	981.0	2406.3	3542.7
92.3	643.0	979.3	2466.1	3531.4
90.9	656.1	982.0	2524.6	3501.3
90.9	670.5	980.6	2549.0	3522.0
89.6	680.7	989.7	2577.3	3531.3
89.6	681.8	982.6	2559.5	3568.0
88.9	715.5	1016.8	2543.0	3576.3
90.9	829.2	1077.9	2534.5	3508.0
88.9	736.5	1026.9	2535.7	3523.0
91.6	761.7	1164.8	2507.8	3590.0
93.0	692.8	1160.8	2472.5	3603.5
94.5	733.7	1169.3	2453.1	3649.7
93.8	692.6	1181.8	2431.6	3650.7
95.2	736.3	1212.3	2409.4	3661.9
96.8	776.9	1240.6	2374.2	3608.4
96.8	714.7	1589.2	2505.6	3547.4
97.7	779.2	1672.4	2602.5	3482.4
0.0	924.1	1652.3	2684.6	3534.6
0.0	907.0	1806.0	2655.2	3457.2
0.0	1004.5	1960.1	2746.6	3530.7
0.0	1049.0	1948.3	2724.8	3576.2
0.0	934.1	1744.5	2700.2	3504.3
0.0	792.1	1637.9	2607.0	3426.1
0.0	832.5	1616.8	2499.1	3432.9
0.0	536.6	1439.9	2376.6	3500.8
0.0	490.0	1346.2	2159.4	3658.0
0.0	482.9	1431.7	2107.4	3687.1
108.2	413.9	1519.7	2057.6	3521.2
106.2	354.2	1637.5	1975.8	3233.7
108.1	282.3	1856.2	2052.0	3237.6
95.2	280.0	2053.5	2080.7	3299.5
100.2	273.5	2015.1	2084.1	3171.8
95.0	301.0	2047.6	2129.2	3278.2
89.7	259.4	1990.7	2451.9	3455.7
85.7	309.1	1985.2	2488.3	3416.0
83.9	609.7	2006.6	2652.0	3587.3
0.0	679.2	1982.3	2778.8	3611.6
275.8	476.7	1929.0	2767.6	3598.5
150.0	360.0	1966.8	2726.9	3574.8
0.0	400.2	1990.9	2665.6	3497.5
97.6	397.9	2020.5	2760.6	3539.4
98.4	394.4	2037.0	2739.4	3526.6
95.2	395.9	2052.9	2685.0	3587.3
94.5	395.9	2081.3	2639.0	3610.1
94.5	396.8	2056.6	2560.1	3583.5
93.8	403.2	2016.7	2525.2	3565.4
91.6	402.7	1879.7	2485.8	3570.7
91.6	410.4	1815.8	2429.7	3505.7
90.2	437.6	1715.3	2376.4	3518.1
88.2	444.1	1655.6	2365.0	3530.0
85.7	521.0	1657.6	2383.5	3511.0
83.9	573.7	1582.6	2376.1	3501.5
81.6	596.6	1524.4	2319.9	3518.9
80.5	613.2	1472.5	2264.4	3491.1
80.5	620.4	1470.5	2333.2	3468.0
81.6	639.4	1474.9	2409.7	3405.5
79.5	609.5	1439.2	2402.4	3405.3
77.6	631.0	1430.7	2377.4	3430.9
76.6	638.5	1428.4	2380.6	3405.0
75.1	627.0	1454.8	2416.3	3393.0
71.1	591.4	1422.9	2434.9	3351.4
72.9	538.2	1442.5	2413.4	3428.7
72.9	347.7	1368.9	2221.3	3681.9
71.5	397.3	1294.6	2280.4	3716.0
71.9	508.4	1297.6	2353.4	3756.3
73.6	624.2	1309.3	2341.6	3807.7
72.7	597.4	1354.6	2354.9	3777.7
73.2	303.0	1338.2	2277.8	3681.9
75.5	263.5	1307.9	2274.9	3608.0
75.5	249.1	1366.4	2400.7	3679.3
75.0	263.4	1307.1	2365.8	3723.0
76.4	401.1	1284.7	2433.4	3617.6
77.4	580.5	1324.1	2438.5	3610.5
76.4	460.0	1412.5	2381.9	3562.4
69.0	933.9	1551.5	2555.7	3604.7
74.5	846.3	1499.9	2607.6	3571.5
67.8	873.6	1701.5	2681.6	3513.7
0.0	663.9	1661.7	2526.8	3552.0
0.0	446.4	1543.7	2508.3	3519.2
