0.0	0.0	0.0	0.0	0.0
0.0	0.0	0.0	0.0	0.0
0.0	0.0	0.0	0.0	0.0
0.0	812.9	1605.2	2485.9	3367.7
0.0	849.1	1659.4	2521.2	3447.7
0.0	860.4	1655.2	2538.5	3523.4
0.0	642.3	1564.5	2586.2	3450.2
0.0	813.1	1666.3	2601.0	3404.7
0.0	890.2	1702.1	2658.6	3376.1
0.0	808.0	1724.6	2573.6	3422.3
0.0	770.6	1645.6	2548.8	3378.8
0.0	743.5	1714.0	2651.2	3388.3
0.0	824.3	1907.2	2815.4	3565.4
0.0	774.1	1796.8	2683.7	3611.6
0.0	720.2	1725.9	2607.7	3430.6
0.0	761.1	1709.6	2502.3	3428.1
130.4	603.9	1357.3	2290.4	3334.6
0.0	445.0	732.5	2138.1	3176.3
112.8	427.1	712.0	2189.0	3200.9
130.4	454.2	745.0	2276.9	3241.1
133.3	485.3	784.6	2418.6	3273.1
146.3	522.0	841.4	2515.0	3323.9
153.8	559.7	922.6	2565.1	3366.3
171.4	584.2	983.0	2565.0	3387.2
176.5	599.9	1041.5	2547.5	3409.3
181.8	620.6	1116.7	2527.3	3397.6
184.6	629.5	1190.4	2602.3	3301.3
187.5	629.9	1245.9	2623.4	3202.1
189.5	583.5	1256.9	2480.6	2995.8
187.2	543.8	1257.4	2427.0	2731.0
176.5	392.6	1282.9	2610.9	3180.5
166.7	343.6	1314.7	2605.8	3296.9
166.7	320.1	1293.8	2575.9	3525.1
150.0	297.9	1269.2	2543.7	3613.8
144.6	259.8	1298.3	2503.0	3316.4
127.7	362.0	1422.3	2409.0	3061.8
122.4	478.7	1236.1	2227.3	3020.0
117.2	389.6	1272.0	2290.7	3205.9
107.3	755.6	1426.5	2444.2	3335.8
100.3	825.2	1693.1	2600.7	3332.9
93.0	954.8	1625.7	2619.5	3419.1
0.0	921.8	1701.8	2642.1	3493.3
0.0	663.0	1475.1	2299.9	3301.8
0.0	520.8	1416.1	2232.2	3163.3
0.0	541.0	1436.7	2249.3	3157.6
116.4	563.8	1488.8	2275.5	3223.4
110.2	606.5	1520.9	2305.3	3278.8
110.5	649.7	1543.0	2337.6	3311.1
112.1	672.5	1550.5	2340.8	3320.6
112.2	687.3	1549.3	2349.8	3250.8
113.9	709.5	1540.8	2360.2	3242.7
115.5	714.3	1494.7	2371.8	3230.2
116.7	723.6	1489.9	2397.1	3473.3
117.9	731.6	1471.9	2442.7	3579.3
118.5	736.0	1418.7	2505.0	3565.5
119.4	736.4	1336.7	2538.6	3587.3
119.1	719.4	1295.2	2552.9	3672.9
118.8	700.7	1246.3	2573.4	3686.9
118.7	688.1	1205.8	2555.0	3708.9
118.7	659.1	1162.1	2520.4	3813.8
118.7	639.2	1153.8	2496.4	3819.1
117.5	627.3	1159.4	2563.4	3813.6
116.6	617.8	1184.6	2616.7	3818.5
115.4	606.3	1238.4	2607.6	3838.0
113.5	589.4	1309.3	2573.4	3854.7
112.3	549.1	1370.4	2568.8	3773.9
111.5	520.5	1396.9	2569.2	3743.6
111.0	502.5	1388.2	2535.4	3683.9
108.1	397.1	1400.6	2502.4	3578.9
104.2	328.6	1406.8	2462.7	3547.9
106.0	521.3	1442.0	2465.0	3512.8
200.3	450.9	1543.7	2502.7	3591.8
0.0	484.0	1618.9	2466.1	3604.4
115.3	501.7	1660.2	2436.7	3558.4
115.5	510.2	1693.7	2398.1	3501.1
114.5	507.9	1724.7	2394.2	3498.5
113.2	492.6	1761.5	2412.2	3446.6
113.4	484.9	1794.2	2417.4	3391.9
114.4	477.4	1811.8	2395.1	3384.9
114.4	469.5	1818.2	2398.0	3404.3
114.5	464.5	1813.0	2417.5	3481.3
114.6	457.5	1794.0	2404.0	3516.8
114.5	455.3	1752.5	2382.8	3500.3
114.2	445.9	1724.3	2374.9	3520.3
113.5	450.6	1706.0	2373.6	3565.7
112.7	453.5	1689.9	2373.7	3579.1
111.2	457.7	1674.9	2379.3	3601.0
110.1	449.1	1658.4	2373.7	3616.5
109.6	434.5	1623.8	2367.1	3616.3
108.6	400.2	1562.2	2378.1	3571.3
106.7	415.3	1524.3	2387.6	3555.1
101.9	448.2	1544.7	2376.6	3584.3
101.1	452.9	1591.7	2399.5	3595.5
109.1	481.3	1636.6	2421.7	3621.2
112.9	535.3	1674.5	2436.3	3629.0
113.3	576.2	1690.8	2436.2	3632.0
113.4	601.7	1690.6	2433.7	3539.0
114.1	625.4	1677.8	2406.5	3440.8
114.9	642.0	1668.8	2364.9	3389.3
115.6	656.2	1655.3	2296.4	3270.0
116.2	666.9	1649.9	2285.1	3306.2
116.8	672.1	1657.0	2283.0	3282.6
117.5	664.6	1664.2	2281.1	3243.4
119.9	649.3	1696.5	2282.3	3234.4
121.1	634.3	1717.0	2271.3	3225.9
122.5	603.2	1775.2	2287.9	3257.6
123.1	591.1	1823.8	2295.1	3246.8
124.2	696.4	1848.4	2401.6	3346.9
125.4	812.3	1816.9	2555.0	3558.1
70.2	678.8	1579.5	2233.6	3348.8
63.8	735.4	1407.8	2293.4	3364.5
0.0	908.0	1590.3	2378.3	3465.6
500.0	973.9	1934.1	2621.8	3724.9
0.0	953.3	1954.4	2862.7	3868.4
0.0	726.2	1823.2	2922.8	3986.8
0.0	868.9	1922.1	2866.0	3911.8
545.5	531.7	1800.6	2584.5	3718.4
85.1	687.5	1647.9	2394.8	3521.9
89.6	421.6	1446.6	2200.9	3409.1
0.0	381.2	1271.2	2070.8	3340.5
99.9	385.0	1358.1	2258.3	3395.9
93.0	810.6	1638.6	2748.9	3660.5
200.0	863.7	1726.7	2888.6	3628.9
82.8	1002.5	1870.9	3183.9	3824.3
0.0	1114.0	1960.2	3315.8	3748.0
0.0	842.0	1776.1	3356.3	3710.7
0.0	1148.1	1950.7	3444.1	3816.2
255.3	1275.3	2095.3	3479.9	3851.2
521.7	1243.1	1959.4	3377.3	3828.5
444.4	1105.3	1735.5	3077.3	3735.1
444.4	1166.2	1818.7	2890.2	3709.8
80.5	681.1	1635.3	2701.0	3611.0
0.0	1017.6	1881.7	2672.2	3534.7
0.0	522.4	1752.7	2574.3	3548.0
0.0	980.2	1718.8	2443.4	3539.0
0.0	673.1	1625.5	2312.5	3458.8
0.0	331.0	1464.5	2320.4	3396.1
0.0	381.9	1249.6	2312.2	3280.3
177.7	377.6	1190.6	2361.1	3246.6
178.6	390.4	1114.6	2411.4	3241.7
179.3	395.7	1032.7	2452.4	3250.6
174.9	440.1	1005.0	2511.9	3284.5
173.2	389.2	970.8	2547.3	3305.2
168.4	390.9	932.5	2593.8	3327.3
160.2	549.1	941.2	2615.1	3360.6
157.7	456.0	904.4	2624.7	3409.5
153.8	455.8	899.4	2637.5	3451.8
144.6	414.1	926.7	2642.5	3484.4
136.4	406.2	972.9	2641.1	3496.3
129.0	400.9	994.5	2618.3	3444.3
122.4	660.9	1365.5	2589.5	3384.1
301.9	222.9	1133.4	2397.8	3286.2
98.6	210.0	1160.3	2472.1	3403.7
110.1	217.8	1208.8	2407.0	3401.5
104.3	203.8	1309.3	2458.8	3376.4
100.0	233.8	1422.7	2474.4	3351.3
87.6	200.0	1499.4	2423.2	3393.8
107.1	692.8	1545.4	2552.4	3512.2
0.0	690.2	1532.9	2460.5	3524.8
0.0	405.2	1533.8	2392.7	3484.8
0.0	393.7	1575.2	2340.8	3486.7
105.3	409.8	1597.1	2341.2	3492.5
103.4	402.3	1608.0	2338.3	3479.8
99.2	406.8	1595.9	2328.5	3478.1
96.0	423.7	1564.4	2310.0	3493.4
93.0	444.4	1540.3	2275.8	3498.7
92.8	470.6	1512.3	2262.6	3454.2
93.6	483.6	1497.3	2257.0	3452.1
94.0	470.2	1523.0	2278.4	3467.5
95.3	440.5	1616.6	2324.0	3580.5
94.5	503.8	1819.9	2605.4	3596.8
95.1	698.1	1949.4	3128.4	3634.1
97.6	662.4	1982.0	3182.5	3666.7
333.3	1108.2	1923.2	3154.8	3759.6
100.0	1021.7	1886.5	3097.7	3681.3
136.4	703.7	1812.3	3029.8	3530.9
190.5	1280.8	1895.6	3009.3	3544.0
235.3	1609.9	2122.5	2959.9	3599.9
65.9	1444.1	1948.6	2958.7	3529.9
0.0	1490.7	2141.5	3022.8	3548.8
0.0	738.1	1936.0	3008.6	3432.7
0.0	499.8	1949.9	3026.4	3395.4
400.0	1225.5	1961.3	3005.2	3404.0
0.0	520.8	1837.3	2870.4	3447.9
0.0	589.5	1668.4	2248.2	3210.8
315.8	436.8	1596.9	2152.2	3121.4
0.0	453.4	1574.2	2077.9	3171.4
0.0	448.6	1608.6	2081.9	3214.4
0.0	463.1	1624.2	2079.3	3164.9
316.6	462.6	1602.7	2018.6	3126.8
0.0	453.9	1575.5	2075.7	3158.6
0.0	444.8	1717.6	2132.1	3204.5
0.0	438.5	1721.7	2319.2	3367.6
200.0	476.7	1618.3	2456.6	3432.3
0.0	958.6	1733.4	2666.4	3541.9
0.0	794.3	1734.4	2665.7	3620.7
0.0	764.7	1717.1	2704.8	3444.8
0.0	867.4	1885.0	2777.2	3419.3
0.0	830.6	1441.3	2441.3	3403.5
0.0	774.2	1520.6	2238.1	3409.6
0.0	954.5	1782.2	2741.2	3546.5
0.0	907.6	1882.5	2996.8	3972.5
64.2	1126.6	1921.8	3028.2	4108.0
69.8	1211.1	1970.3	3063.6	4037.2
181.8	1142.8	1999.7	3267.3	4268.6
0.0	1038.6	2042.8	3141.9	4247.6
187.5	944.8	1923.8	2848.5	4133.6
0.0	1122.1	2116.3	2946.0	3787.6
0.0	998.1	2025.5	2775.4	3582.8
500.0	1071.7	1816.3	2664.8	3595.4
87.0	1123.7	1761.8	2634.6	3614.4
96.0	818.8	1562.6	2393.6	3640.1
94.5	876.2	1511.3	2226.7	3560.9
292.7	866.6	1259.4	2239.1	3608.2
0.0	798.8	1261.8	2369.3	3623.6
0.0	798.3	1428.8	2333.7	3570.6
0.0	827.5	1293.3	2216.3	3463.4
0.0	790.1	1221.4	2217.6	3362.0
0.0	880.5	1317.3	2253.6	3349.0
0.0	831.0	1347.0	2179.5	3366.5
0.0	633.0	1247.6	2109.3	3255.5
0.0	879.4	1482.9	2196.5	3252.5
