0.0	0.0	0.0	0.0	0.0
0.0	0.0	0.0	0.0	0.0
0.0	0.0	0.0	0.0	0.0
0.0	733.4	1816.5	2459.8	3418.1
0.0	773.0	1830.7	2556.3	3439.2
0.0	798.0	1629.7	2494.1	3410.0
171.4	893.1	1654.6	2431.2	3378.8
0.0	888.1	1797.7	2541.8	3484.0
125.0	695.1	1699.5	2669.6	3521.2
0.0	821.3	1771.0	2649.4	3434.5
130.4	312.7	1675.2	2542.4	3349.4
125.0	248.0	1609.1	2465.5	3313.8
116.5	237.1	1499.6	2459.9	3336.0
118.8	232.0	1475.9	2522.8	3393.5
116.5	225.9	1616.4	2635.4	3391.0
112.1	214.8	1611.3	2658.1	3410.7
0.0	980.8	1859.6	2599.9	3423.0
108.0	507.4	1511.2	2517.0	3273.4
0.0	539.1	1418.9	2417.5	3127.2
0.0	549.2	1428.9	2449.0	3194.7
135.4	520.4	1440.9	2479.3	3267.5
131.7	509.2	1425.2	2517.8	3466.3
129.6	479.9	1373.8	2598.5	3618.2
128.1	453.8	1372.0	2554.4	3443.7
124.2	282.7	1423.0	2525.5	3374.9
104.0	374.2	1549.4	2506.4	3427.2
101.7	992.4	1912.2	2685.2	3520.9
0.0	935.6	1710.3	2724.7	3446.5
0.0	977.6	1639.4	2656.8	3465.0
0.0	1036.5	1663.6	2675.7	3590.9
0.0	722.2	1559.3	2660.1	3567.7
0.0	683.2	1606.4	2648.3	3492.4
0.0	668.7	1525.8	2602.6	3549.8
0.0	765.6	1505.9	2695.1	3541.5
137.9	492.7	1495.7	2706.9	3346.3
0.0	456.9	1478.2	2904.6	3526.2
144.1	443.0	1502.8	2947.6	3676.4
140.8	421.3	1513.8	2971.0	3791.8
139.4	425.9	1503.7	2920.1	3659.3
137.6	432.7	1497.5	2904.3	3416.9
134.1	455.9	1494.2	2982.1	3713.8
130.9	607.0	1522.9	2978.3	3729.1
125.2	718.8	1639.1	2917.3	3704.8
116.5	692.0	1691.3	2881.1	3837.6
0.0	710.3	1715.0	2893.0	3935.9
307.7	619.4	1668.3	2948.6	3987.9
250.0	789.8	1687.5	2937.7	4022.9
110.1	785.1	1728.5	2931.2	3950.1
0.0	863.8	1830.5	2971.2	3805.2
142.9	884.8	1893.9	2915.0	4029.6
0.0	566.1	1759.5	2944.1	4166.0
142.9	986.6	1829.9	3004.5	4102.1
352.9	964.7	1863.0	2969.7	4044.9
400.0	944.1	1920.0	2921.2	3994.8
64.5	578.6	1897.3	2914.7	3808.1
0.0	421.0	1755.1	2826.1	3683.5
184.6	989.4	1849.0	2724.9	3604.1
72.3	685.0	1576.9	2671.6	3485.6
0.0	812.1	1678.2	2800.1	3436.5
0.0	627.4	1636.9	2725.0	3460.3
0.0	540.7	1655.5	2655.3	3448.6
0.0	524.0	1682.2	2585.3	3419.1
0.0	547.7	1657.7	2536.4	3361.0
138.6	559.6	1705.4	2491.1	3353.5
136.8	542.9	1772.1	2440.6	3378.0
134.0	539.3	1830.2	2324.0	3185.2
134.4	516.3	1902.0	2269.7	3071.3
135.4	475.8	1968.8	2340.9	3090.2
139.6	465.9	1990.3	2327.7	3191.3
141.6	442.0	1997.4	2342.8	3242.2
147.0	467.0	1934.7	2272.0	3150.7
150.3	466.5	1834.6	2195.1	3138.9
152.7	468.9	1618.5	2091.4	2990.0
154.6	372.9	1265.3	2175.5	3231.9
147.3	250.2	1294.0	2438.5	3403.0
63.7	653.2	1304.5	2472.5	3395.3
176.5	683.1	1406.3	2402.4	3379.3
160.0	883.3	1548.5	2352.3	3449.2
164.4	603.3	1321.3	2266.8	3399.2
160.0	467.6	1317.6	2428.6	3350.4
150.0	520.6	1287.2	2404.0	3349.0
148.1	453.3	1262.4	2293.6	3314.0
127.7	587.9	1353.5	2311.3	3311.4
126.3	624.8	1488.0	2349.8	3287.8
117.3	628.0	1562.1	2446.5	3191.4
115.6	597.8	1535.8	2512.1	3124.3
115.4	557.7	1501.7	2496.9	3133.6
111.7	380.3	1511.8	2507.0	3344.6
107.1	381.3	1450.2	2500.2	3484.0
111.4	343.4	1457.3	2472.8	3465.9
109.4	472.3	1516.0	2536.6	3477.9
108.2	657.9	1563.1	2580.6	3297.3
208.6	456.4	1576.9	2579.8	3345.2
109.1	449.3	1592.2	2531.4	3342.9
111.1	440.6	1558.1	2563.9	3333.4
114.3	448.1	1550.4	2608.4	3437.7
112.8	447.2	1543.7	2579.9	3433.9
108.1	454.7	1546.0	2575.5	3608.9
105.3	664.1	1610.4	2774.8	3719.2
102.6	813.7	1708.8	2887.8	3690.1
0.0	1084.2	1754.8	2914.3	3612.7
176.5	1016.0	2030.5	2784.2	3610.0
71.4	1283.1	2016.6	2756.7	3663.2
480.0	1205.7	1741.1	2879.7	3637.4
100.8	1016.5	1524.1	2782.8	3534.3
333.3	779.3	1834.8	2799.4	3509.8
77.9	1191.7	1820.6	2702.4	3461.4
0.0	639.4	1736.3	2507.0	3404.7
0.0	737.5	1766.9	2456.6	3548.5
0.0	674.2	1700.9	2455.5	3498.5
0.0	586.0	1466.0	2288.2	3255.1
206.9	589.0	1368.5	2256.1	3202.0
0.0	468.8	1105.9	2208.6	3153.2
131.9	391.8	1051.5	2189.8	3266.2
130.4	399.1	1080.4	2232.9	3210.6
121.2	362.2	1111.7	2323.5	3170.1
118.8	329.3	1164.8	2275.1	3266.5
116.5	343.5	1265.4	2387.7	3410.1
113.2	244.5	1497.7	2270.3	3425.5
108.1	818.7	1524.7	2252.5	3410.6
102.6	750.1	1573.8	2328.5	3366.3
96.1	591.2	1531.0	2471.8	3330.5
93.0	574.2	1400.2	2604.8	3189.3
0.0	604.3	1253.3	2686.0	3263.6
0.0	697.7	1278.3	2612.6	3390.0
0.0	650.8	1288.3	2545.7	3443.7
0.0	463.0	1235.2	2469.8	3492.1
142.0	433.8	911.7	2816.9	3406.3
132.9	400.1	943.9	2851.6	3333.2
131.5	426.4	1123.8	2436.5	3432.8
133.0	428.6	1303.5	2395.2	3408.3
133.6	429.9	1451.0	2430.2	3320.6
133.6	439.6	1521.7	2440.8	3391.1
132.9	453.9	1554.4	2422.4	3452.3
132.8	444.5	1586.8	2446.9	3477.4
130.9	446.3	1585.2	2441.8	3492.6
130.3	446.2	1531.8	2434.1	3422.2
130.3	454.5	1480.5	2446.1	3509.5
126.3	426.5	1365.6	2451.4	3737.6
125.3	373.8	1208.0	2446.0	3779.8
121.9	383.9	1162.8	2432.8	3735.8
120.4	384.8	1144.3	2416.5	3615.1
119.9	408.5	1163.3	2407.4	3595.0
117.9	446.4	1259.5	2413.3	3667.7
116.5	435.3	1389.0	2392.8	3604.2
113.7	466.2	1531.9	2407.2	3474.6
113.7	456.8	1653.5	2374.5	3404.5
114.7	436.7	1774.7	2370.5	3500.5
114.2	431.2	1819.5	2380.3	3636.1
112.1	435.5	1895.4	2369.6	3472.3
114.1	438.3	1879.4	2374.3	3353.6
115.2	501.9	1847.2	2423.2	3486.3
115.4	578.9	1768.7	2406.1	3541.7
114.1	577.4	1624.7	2403.1	3458.9
114.8	593.7	1542.2	2797.5	3378.2
116.1	603.9	1445.3	2752.3	3325.0
115.3	612.0	1403.8	2723.6	3323.1
117.6	614.7	1410.6	2652.7	3313.8
115.4	594.9	1437.4	2690.6	3280.2
115.2	618.2	1422.7	2569.7	3229.2
115.1	535.0	1248.8	2258.4	3356.1
112.4	418.0	1190.0	2198.0	3455.8
108.2	401.8	1027.7	2196.6	3398.7
110.1	496.5	1120.2	2274.3	3314.7
107.8	697.5	1702.7	2610.7	3238.2
107.0	653.9	1593.0	2395.5	3268.1
105.8	598.4	1562.7	2363.4	3264.3
84.5	733.2	1569.1	2257.3	3318.1
203.4	697.5	1561.9	2304.6	3260.1
0.0	797.5	1721.8	2341.1	3237.8
0.0	810.0	1785.7	2356.6	3176.5
0.0	762.8	1803.1	2343.9	3118.8
0.0	576.7	1768.6	2350.8	3045.9
0.0	587.8	1664.0	2412.6	3060.9
141.2	599.9	1555.6	2446.8	3186.9
116.7	549.2	1420.9	2461.9	3255.5
107.3	276.1	1412.7	2443.7	3371.8
110.5	297.3	1422.7	2382.9	3390.4
111.1	487.2	1418.1	2354.5	3424.4
109.1	444.3	1392.0	2323.3	3445.9
107.8	468.5	1399.0	2332.1	3351.8
105.3	459.9	1416.1	2432.0	3281.0
105.3	425.1	1449.3	2393.1	3260.8
102.6	415.4	1506.8	2413.1	3245.1
99.2	354.8	1513.2	2514.3	3256.5
98.4	1049.8	1819.8	2620.8	3303.4
96.9	534.9	1623.8	2428.7	3250.0
0.0	498.2	1614.6	2343.2	3146.5
0.0	531.1	1644.5	2377.9	3158.2
115.4	537.7	1661.2	2411.2	3164.4
116.7	549.9	1696.2	2460.3	3156.9
117.3	573.1	1686.7	2456.0	3111.9
115.9	568.8	1687.2	2465.8	3183.0
115.7	559.1	1669.7	2483.0	3307.3
115.6	522.3	1593.0	2488.8	3369.3
114.5	479.5	1482.7	2458.7	3403.8
111.6	381.3	1391.7	2534.0	3465.4
109.1	366.3	1361.2	2449.0	3425.6
109.9	341.2	1467.3	2597.0	3536.9
107.5	396.5	1637.3	2619.2	3508.7
104.5	725.9	1613.1	2566.2	3483.2
0.0	731.6	1898.2	2896.4	3726.3
0.0	650.7	2054.4	2974.7	3771.3
0.0	709.1	1990.2	2956.3	3842.3
0.0	675.2	1911.2	2981.5	3903.7
0.0	529.2	1858.2	2873.9	3788.9
0.0	999.3	1924.7	2842.6	3726.6
400.0	474.7	1431.8	2649.4	3690.7
545.5	797.2	1434.4	2768.8	3590.1
69.0	630.2	1430.1	2846.6	3530.2
0.0	614.6	1453.0	2705.9	3285.1
128.2	603.6	1527.7	2634.6	3373.7
130.4	633.8	1625.8	2488.1	3168.8
0.0	621.2	1683.8	2354.1	3158.8
96.8	640.9	1732.1	2172.3	3185.9
117.6	636.7	1781.4	2058.7	3259.7
187.5	660.4	1848.4	2394.3	3460.1
155.8	373.4	880.9	2173.0	3410.6
0.0	436.8	858.2	2203.1	3430.9
114.3	579.8	1007.0	2389.2	3470.5
0.0	300.2	1152.3	2485.5	3365.6
130.4	740.9	1373.1	2478.5	3451.3
117.6	731.3	1349.4	2379.1	3539.2
110.1	860.8	1578.9	2504.5	3523.5
84.5	866.3	1493.6	2568.9	3427.7
86.3	878.1	1516.3	2492.9	3407.3
134.8	916.2	1559.3	2449.1	3401.8
133.3	883.0	1518.1	2428.4	3396.1
218.2	808.2	1541.3	2487.8	3395.1
63.5	724.3	1518.6	2453.1	3349.4
0.0	697.4	1503.3	2491.1	3318.7
190.5	762.8	1500.7	2432.4	3357.3
0.0	707.7	1485.3	2397.7	3397.1
121.2	777.9	1530.6	2496.6	3257.9
0.0	767.0	1502.5	2535.9	3307.4
130.4	751.2	1550.7	2445.1	3329.8
226.4	770.2	1688.8	2527.9	3359.2
83.3	766.1	1672.4	2587.8	3384.5
0.0	817.4	1831.5	2496.1	3402.5
0.0	607.5	1771.4	2484.8	3405.3
0.0	614.7	1585.6	2468.3	3396.3
