0.0	0.0	0.0	0.0	0.0
0.0	0.0	0.0	0.0	0.0
0.0	0.0	0.0	0.0	0.0
0.0	621.8	1680.8	2429.3	3391.5
0.0	699.7	1665.5	2526.5	3417.2
0.0	1002.7	1721.9	2687.4	3430.8
0.0	972.4	1714.7	2623.9	3374.9
0.0	673.0	1768.9	2603.3	3452.1
0.0	863.1	1897.5	2657.5	3473.4
0.0	934.6	1784.1	2643.4	3506.1
0.0	750.2	1754.1	2658.0	3514.3
0.0	778.7	1722.5	2678.1	3477.1
0.0	781.1	1614.6	2622.2	3448.9
0.0	676.4	1679.3	2627.4	3484.2
0.0	838.0	1767.3	2523.1	3382.7
0.0	463.2	1724.7	2481.0	3273.2
0.0	200.0	1707.9	2568.5	3271.0
169.0	322.8	1793.4	2558.8	3274.8
0.0	373.8	1774.8	2479.4	3162.8
0.0	407.1	1782.8	2518.7	3074.4
95.2	422.5	1772.0	2458.5	3029.7
0.0	426.3	1775.6	2421.7	3006.1
101.7	427.3	1743.2	2381.1	2985.4
104.3	422.4	1717.4	2259.8	2991.1
102.6	500.5	1633.5	2258.2	3042.7
97.6	579.0	1698.4	2674.7	3408.2
94.5	776.8	1855.9	2713.4	3528.2
74.5	764.9	1740.2	2630.3	3481.4
0.0	887.2	1756.7	2704.5	3325.0
0.0	854.8	1808.7	2595.4	3394.5
0.0	787.4	1893.2	2673.7	3449.3
0.0	759.1	1852.4	2686.0	3385.5
0.0	663.3	1738.6	2610.6	3344.6
131.9	762.6	1640.8	2611.1	3426.3
79.5	842.2	1754.9	2678.1	3593.5
0.0	791.5	1672.8	2668.4	3467.8
0.0	875.4	1687.2	2666.7	3458.5
0.0	763.1	1779.0	2652.6	3508.2
0.0	837.1	1741.6	2600.3	3476.6
0.0	876.1	1767.7	2673.1	3526.3
122.0	920.6	1745.4	2574.1	3523.2
0.0	463.0	1584.7	2426.1	3343.3
0.0	458.9	1513.5	2339.9	3188.9
0.0	479.4	1396.0	2149.9	2945.9
115.4	506.8	1287.8	2050.3	2811.3
113.2	590.5	1167.9	1960.9	2727.4
113.2	564.4	1151.9	1931.7	2744.8
114.5	537.0	1142.1	1896.5	2814.9
118.8	536.9	1151.1	1818.8	2835.6
119.1	528.6	1162.2	1752.0	2817.7
120.7	520.5	1189.7	1692.1	2829.9
121.8	516.5	1231.9	1626.5	2841.5
119.6	494.2	1244.3	1572.2	2863.2
114.9	453.0	1289.2	1532.0	2883.4
111.7	402.0	1382.6	1523.9	2930.6
97.7	410.2	1455.0	1538.9	2995.4
74.0	1009.0	1569.9	1996.9	3210.9
232.0	247.2	1587.1	2507.6	3432.1
81.1	253.5	1741.4	2631.0	3432.7
78.4	295.4	1779.9	2569.5	3417.1
63.5	510.4	1692.0	2597.0	3293.9
0.0	815.6	1531.4	2644.0	3339.5
0.0	910.9	1838.9	2721.1	3428.6
65.9	929.9	1843.4	2772.3	3450.8
0.0	729.0	1575.1	2603.5	3268.7
0.0	802.2	1910.3	2672.2	3308.1
300.0	798.9	1941.2	2750.7	3430.7
0.0	644.8	1806.2	2753.2	3349.4
0.0	655.8	1723.3	2744.2	3277.0
0.0	694.2	1631.1	2624.2	3246.4
0.0	501.5	1794.9	2553.5	3154.2
137.9	523.7	1837.2	2567.6	3134.2
126.3	516.3	1868.4	2572.4	3166.8
120.9	509.2	1912.8	2623.6	3135.5
117.4	502.3	1928.9	2631.2	3170.1
115.4	494.7	1915.7	2635.5	3210.3
113.2	500.1	1866.6	2581.7	3103.2
113.2	489.9	2016.0	2630.9	3193.4
111.1	493.2	2051.7	2675.0	3277.5
111.4	492.0	2045.3	2671.1	3272.0
112.2	500.6	2049.3	2635.2	3263.0
112.8	514.7	2045.8	2587.1	3306.7
113.4	484.7	2055.0	2542.8	3292.1
113.2	498.8	1886.1	2399.3	3283.8
113.7	509.8	1731.8	2267.9	3226.0
113.9	439.3	1321.3	2091.9	3142.2
112.8	397.6	1109.8	2150.6	2931.3
111.9	229.2	1093.1	2132.5	2702.9
111.4	239.6	1091.6	2065.5	2325.8
111.1	264.3	1022.1	2082.3	2313.5
109.1	249.1	1008.3	2159.9	2550.2
109.1	206.0	926.4	2176.7	2574.3
109.1	245.5	913.1	2238.4	2674.5
218.3	686.2	1473.9	2337.2	3103.6
212.1	454.2	1467.1	2328.2	3105.3
103.6	476.2	1467.4	2323.0	3197.1
101.1	476.6	1542.7	2317.6	3264.5
96.9	432.1	1630.1	2403.2	3300.3
210.5	404.4	1721.9	2481.9	3349.8
108.1	416.8	1749.1	2530.0	3346.9
106.2	428.8	1799.7	2565.4	3339.7
105.3	410.4	1813.0	2595.6	3314.7
104.7	411.6	1820.2	2602.8	3301.6
104.4	411.0	1853.6	2584.0	3271.7
104.6	410.1	1893.3	2527.9	3227.0
105.3	409.9	1882.5	2474.6	3178.5
104.2	415.0	1814.1	2287.8	3104.5
104.3	411.5	1647.1	2162.8	3064.6
102.6	393.6	1399.1	2171.6	3026.6
104.3	384.1	1105.8	2174.9	3007.8
103.4	421.5	946.2	2196.4	3064.4
102.6	493.1	855.8	2219.5	3132.5
101.7	454.3	821.2	2243.8	3053.4
101.6	422.1	826.8	2277.4	3037.5
101.4	409.0	842.1	2263.2	2932.8
102.0	417.0	886.2	2246.8	2820.2
103.4	426.9	988.5	2231.1	2844.4
106.2	424.1	1091.4	2214.9	2873.6
106.2	424.9	1191.2	2219.4	2910.4
104.3	427.7	1267.7	2238.8	2930.6
106.2	413.9	1347.3	2280.0	2949.6
103.4	394.6	1351.0	2331.8	3071.2
101.7	389.3	1322.8	2339.6	3107.9
100.8	373.6	1202.6	2402.4	3226.4
88.2	257.3	1261.2	2521.5	3392.8
0.0	269.8	1288.9	2579.7	3339.0
0.0	312.7	1201.9	2515.1	3247.2
95.2	301.6	1150.5	2554.0	3322.6
0.0	314.0	1118.2	2528.6	3351.2
100.8	325.1	1110.2	2551.8	3321.7
101.7	404.4	1117.8	2551.3	3287.7
102.6	418.7	1131.9	2530.0	3237.5
102.7	426.0	1153.3	2510.5	3223.1
103.4	485.8	1178.4	2476.1	3239.2
104.2	432.2	1309.5	2431.8	3199.9
106.6	400.7	1415.6	2361.6	3074.0
110.1	394.3	1422.8	2330.1	3035.6
110.1	398.9	1408.6	2225.9	3042.7
109.1	416.4	1390.1	2257.1	3091.7
109.1	388.8	1369.9	2256.8	3149.9
109.1	356.2	1355.9	2175.1	3093.6
109.1	359.1	1384.8	2195.7	3099.9
108.1	342.9	1418.9	2199.8	3097.7
107.1	367.5	1470.9	2238.5	3089.8
106.2	337.9	1516.6	2342.1	3152.2
105.2	409.5	1636.2	2409.2	3174.9
102.6	364.0	1684.1	2624.3	3371.1
100.0	470.5	1743.4	2679.0	3532.8
95.3	1385.0	2440.3	3224.8	3559.3
88.9	1468.3	2537.6	3161.1	3612.1
166.7	1229.0	2499.6	3094.7	3621.2
0.0	785.6	2173.5	2910.6	3524.9
0.0	1236.2	2154.7	2928.7	3473.8
0.0	974.2	1779.5	2785.2	3347.2
0.0	800.6	1685.6	2692.5	3350.3
0.0	711.4	1619.5	2578.7	3337.1
0.0	711.2	1600.0	2388.7	3116.9
134.8	843.6	1624.7	2224.1	3011.0
101.7	704.5	1393.7	1969.9	2861.7
0.0	555.3	1370.8	1817.7	2796.5
0.0	505.9	1376.8	1797.7	2814.4
95.1	500.8	1355.7	1744.2	2835.0
89.6	504.9	1291.8	1671.6	2830.6
89.5	506.3	1292.0	1651.3	2932.1
88.4	472.9	1259.8	1635.3	2941.1
88.1	454.1	1299.8	1634.3	2994.9
87.8	461.3	1307.8	1619.8	3113.8
87.5	635.4	1473.8	1678.6	3101.2
86.7	764.9	1490.6	1780.2	3080.7
87.2	819.7	1444.3	1802.6	3053.7
86.3	753.5	1428.3	1809.8	3044.1
83.3	663.0	1413.1	1841.9	3033.1
0.0	689.8	1414.6	1886.7	3020.9
292.7	766.4	1438.0	1963.8	3068.6
106.2	661.2	1414.2	1960.9	3049.0
104.3	736.8	1515.8	1958.6	2961.2
133.3	765.2	1496.5	1998.7	3062.7
129.0	863.6	1541.0	1987.9	3041.4
133.3	705.4	1576.0	1936.9	3049.2
148.1	672.5	1510.2	1979.7	3081.1
65.6	720.7	1516.0	2084.5	3004.3
260.9	724.0	1611.9	1961.5	2951.1
75.0	758.8	1700.0	2007.0	3011.6
279.1	760.1	1693.8	2126.6	3097.0
0.0	809.7	1640.2	2369.0	3299.6
