0.0	0.0	0.0	0.0	0.0
0.0	0.0	0.0	0.0	0.0
0.0	0.0	0.0	0.0	0.0
0.0	803.5	1637.8	2355.9	3395.9
0.0	960.1	1664.2	2408.7	3357.9
0.0	1123.2	1838.7	2584.4	3319.8
0.0	1076.3	2019.3	2566.6	3404.2
0.0	723.2	1650.8	2561.4	3545.5
0.0	748.6	1639.0	2551.5	3381.1
0.0	662.2	1637.5	2553.7	3284.4
0.0	792.3	1661.8	2688.3	3518.7
0.0	683.9	1577.2	2532.8	3454.4
0.0	690.0	1752.8	2627.1	3324.5
0.0	897.7	1905.7	2761.5	3346.3
387.1	919.8	1889.7	2826.3	3344.6
0.0	412.2	1806.5	2810.5	3388.6
315.8	465.9	1946.3	2823.7	3352.1
0.0	697.9	2030.3	2803.8	3248.5
181.8	576.9	2046.7	2733.6	3285.0
444.4	332.4	2087.7	2749.1	3327.2
0.0	315.0	2028.5	2717.0	3110.7
0.0	339.0	2034.0	2823.5	3330.6
106.2	366.8	2043.2	2784.9	3335.8
121.2	367.4	2037.0	2731.7	3263.8
114.3	356.3	2001.9	2707.6	3305.8
113.5	350.0	1944.6	2582.4	3301.4
108.3	399.4	1850.7	2521.7	3362.9
102.6	951.3	1708.2	2493.9	3399.8
95.2	850.6	1715.5	2558.5	3352.6
0.0	777.8	1873.9	2636.5	3396.0
0.0	793.4	1909.8	2605.7	3456.4
0.0	905.7	1889.8	2616.6	3449.7
0.0	845.0	1725.4	2549.9	3371.7
0.0	809.8	1644.0	2579.7	3500.7
428.6	799.3	1639.3	2566.0	3390.1
0.0	646.1	1609.9	2495.8	3358.1
0.0	471.4	1508.1	2425.9	3297.4
149.9	492.0	1348.6	2433.3	3208.8
118.8	513.2	1269.4	2473.6	3167.6
121.2	538.0	1212.9	2379.5	3180.2
125.0	554.1	1111.4	2282.0	3161.5
125.7	559.1	1078.6	2302.8	3105.6
126.3	575.8	1053.9	2307.6	3154.9
125.7	564.7	1047.9	2295.2	3233.5
127.7	569.1	1072.7	2304.1	3276.4
127.7	575.2	1112.1	2313.1	3317.9
128.7	587.1	1144.5	2278.0	3340.7
129.0	594.4	1196.7	2251.0	3360.7
124.7	570.7	1264.3	2263.6	3354.8
120.8	537.3	1323.4	2309.1	3353.3
114.2	510.0	1341.3	2331.7	3499.9
114.1	468.2	1389.7	2485.1	3404.6
83.9	469.0	1416.9	2352.7	3212.2
0.0	1143.4	1493.0	2442.0	3092.4
190.2	1195.5	1411.0	2614.7	3028.0
170.2	245.6	1483.4	2485.9	3243.7
0.0	494.8	1798.0	2521.2	3403.9
0.0	485.1	1878.7	2638.0	3403.4
0.0	803.6	1914.6	2703.2	3385.9
126.6	647.1	1959.1	2762.5	3450.6
109.1	726.0	1906.3	2745.8	3457.2
100.8	703.9	1815.3	2773.5	3429.5
96.8	704.4	1814.2	2798.6	3360.4
111.1	357.4	1985.0	2776.1	3302.3
121.2	373.5	2011.6	2738.5	3376.6
119.0	397.6	2001.9	2727.8	3392.5
115.4	367.0	1984.3	2689.5	3412.4
112.1	323.6	1988.8	2646.8	3426.5
109.1	341.2	1987.2	2646.2	3383.7
106.2	330.2	1937.5	2615.3	3412.8
104.2	344.2	1741.7	2595.9	3453.7
99.2	484.1	1792.2	2648.5	3512.4
104.3	836.7	1853.7	2615.4	3577.2
81.1	928.3	1968.4	2680.9	3617.2
0.0	858.4	1924.2	2786.1	3687.6
0.0	689.5	2104.5	2817.3	3671.1
0.0	609.3	2265.5	3070.4	3714.6
0.0	554.6	1839.9	2788.9	3538.2
0.0	680.0	1705.6	2749.1	3605.7
0.0	797.3	1668.0	2609.3	3524.0
0.0	687.2	1649.7	2519.9	3411.6
0.0	658.5	1490.2	2519.1	3337.8
100.0	540.0	1404.2	2493.8	3298.3
0.0	471.4	1291.9	2421.3	3130.1
0.0	478.3	1208.3	2424.3	3141.4
116.5	492.7	1148.0	2445.1	3134.3
118.6	500.8	1143.2	2461.1	3123.5
116.5	517.2	1123.7	2462.1	3116.7
114.1	534.2	1115.5	2468.3	3112.2
113.2	525.7	1098.7	2491.4	3108.4
112.7	538.8	1085.9	2434.9	3088.3
112.1	563.6	1090.2	2355.1	3107.2
111.1	592.6	1089.8	2298.0	3122.6
112.1	617.8	1071.1	2265.0	3185.6
112.1	610.7	1064.7	2274.0	3205.4
110.1	574.4	1073.8	2260.8	3179.3
108.1	590.6	1093.2	2261.7	3244.8
106.2	575.7	1114.0	2292.3	3334.1
103.4	573.4	1125.0	2269.0	3345.2
101.7	569.6	1122.4	2229.0	3333.5
102.6	562.8	1118.4	2255.4	3283.3
102.6	538.0	1118.8	2318.0	3167.6
102.8	486.2	1122.1	2278.5	3088.1
101.7	492.8	1132.1	2263.4	3218.0
98.9	846.5	1514.1	2532.7	3314.7
117.6	639.3	1523.0	2571.1	3394.9
78.9	898.8	1688.8	2569.0	3424.0
87.0	649.8	1872.1	2584.8	3362.2
0.0	1000.1	1702.9	2481.0	3448.1
0.0	1126.8	1753.9	2416.9	3433.0
0.0	942.9	1625.7	2365.2	3448.8
0.0	756.1	1641.9	2341.1	3306.0
0.0	714.7	1618.4	2250.6	3180.4
136.4	739.5	1635.6	2309.6	3209.4
136.4	861.2	1675.2	2339.6	3191.7
0.0	504.3	1714.8	2357.7	3203.4
0.0	506.2	1699.8	2375.4	3227.3
133.3	497.6	1690.8	2392.1	3249.0
118.8	490.3	1680.2	2379.5	3240.9
118.6	494.4	1647.0	2395.1	3251.5
117.3	504.3	1611.0	2414.6	3272.1
115.6	536.9	1545.8	2431.9	3254.7
114.3	579.3	1418.6	2456.0	3211.4
113.8	652.3	1327.1	2510.4	3188.3
113.2	647.8	1223.7	2559.6	3144.4
112.2	631.0	1145.0	2572.4	3187.0
111.1	652.7	1082.7	2538.2	3362.5
110.1	587.7	1059.2	2550.9	3390.2
110.1	576.3	1028.6	2542.4	3362.2
109.5	542.5	993.2	2530.1	3279.1
109.1	510.8	973.7	2508.7	3261.2
103.4	620.4	1001.4	2455.1	3216.5
104.3	958.9	1753.3	2650.5	3400.9
86.7	898.4	1627.6	2528.1	3383.8
80.0	913.7	1771.7	2569.7	3332.4
0.0	821.5	1654.4	2573.8	3366.2
0.0	794.5	1685.8	2621.0	3422.8
0.0	911.7	1748.5	2604.8	3388.3
0.0	1028.8	1653.4	2570.8	3316.4
0.0	739.5	1535.9	2536.7	3330.7
0.0	964.5	1592.2	2511.3	3302.3
0.0	911.3	1529.5	2455.6	3207.1
0.0	678.3	1465.7	2410.7	3184.2
0.0	494.5	1475.4	2378.1	3149.4
0.0	465.6	1526.2	2348.9	3152.0
113.2	460.8	1605.9	2330.0	3149.2
109.8	467.0	1659.4	2340.6	3215.8
106.2	451.6	1716.7	2345.4	3256.1
106.2	438.8	1773.6	2374.9	3252.6
104.3	423.6	1802.2	2385.3	3254.2
104.3	414.3	1820.4	2386.4	3257.3
102.6	415.0	1846.2	2404.2	3282.4
103.4	410.7	1868.9	2395.9	3327.2
102.6	410.0	1886.1	2402.6	3346.2
102.7	407.4	1889.3	2438.0	3340.2
101.8	411.0	1896.8	2465.6	3353.2
101.1	411.5	1902.9	2470.0	3390.1
100.8	401.1	1863.2	2451.5	3414.9
99.2	420.2	1795.8	2458.5	3366.1
96.7	509.9	1990.1	2895.8	3470.8
93.9	1016.4	2127.1	3161.8	3654.9
93.8	1049.1	2133.5	3139.7	3641.1
342.9	795.4	2123.4	3141.5	3621.9
0.0	508.0	1960.8	3013.9	3582.7
0.0	844.7	1832.6	2868.6	3539.1
0.0	739.1	1689.2	2634.6	3525.9
203.4	747.4	1608.8	2523.0	3539.1
285.7	502.5	1543.0	2518.5	3484.9
0.0	487.1	1545.2	2531.7	3434.5
136.6	530.4	1540.1	2504.4	3359.7
85.1	556.1	1517.4	2462.6	3305.0
0.0	557.2	1497.0	2426.2	3296.9
214.3	574.8	1494.1	2393.4	3216.5
0.0	602.2	1508.5	2384.8	3194.6
84.5	605.7	1515.8	2355.1	3048.5
106.2	596.5	1516.9	2329.6	3151.2
102.6	616.6	1494.4	2328.3	3196.4
100.8	596.3	1486.9	2336.7	3240.2
100.1	558.4	1472.4	2339.5	3232.1
98.4	514.2	1443.8	2333.8	3209.2
96.8	486.8	1404.9	2361.7	3304.8
95.2	454.4	1344.6	2321.7	3188.4
0.0	429.0	1310.8	2286.3	2977.3
87.0	457.6	1349.9	2358.0	3072.9
0.0	496.2	1385.4	2333.4	3247.1
96.0	483.9	1334.2	2239.0	2984.3
95.7	477.7	1283.8	2142.3	2912.6
94.5	481.0	1144.0	2058.4	2958.1
93.8	484.3	1012.3	2141.9	2907.3
93.5	496.4	932.4	2207.5	2892.1
93.0	450.9	867.3	2239.9	3003.6
91.8	422.3	774.8	2294.1	3108.9
90.4	433.2	746.9	2348.7	3174.1
90.0	457.1	819.2	2336.3	3136.2
90.5	444.3	660.2	2278.8	2993.7
92.5	433.9	721.8	2273.5	2991.3
96.0	434.6	811.2	2220.9	2997.8
98.1	410.2	917.6	2159.2	3005.8
99.2	425.8	1081.2	2134.2	3055.4
100.0	450.1	1263.5	2143.0	3086.6
100.0	477.3	1457.0	2207.2	3144.6
101.7	499.5	1558.0	2304.8	3206.6
101.7	490.7	1685.5	2431.6	3272.4
102.0	490.3	1750.6	2514.1	3364.2
102.6	507.8	1753.2	2543.9	3450.8
102.5	537.6	1623.5	2541.3	3448.1
101.7	528.9	1179.0	2466.3	3286.7
99.9	293.7	1095.6	2433.7	3014.0
98.4	289.8	1057.9	2420.7	2975.9
98.4	286.4	1029.1	2412.6	2978.4
99.2	291.1	996.7	2454.3	2946.5
96.0	410.7	996.7	2437.8	3146.4
94.7	385.6	971.8	2392.0	3250.7
93.7	452.4	1400.6	2477.8	3420.4
91.3	521.8	1593.4	2493.2	3330.4
0.0	465.8	1593.7	2426.6	3221.1
188.4	473.7	1544.5	2350.2	3160.5
93.0	486.6	1469.6	2305.5	3096.1
89.2	502.0	1403.4	2234.4	3086.0
86.4	512.5	1344.5	2191.2	3058.1
86.0	512.7	1283.5	2193.1	3069.1
85.2	514.2	1243.3	2208.4	3039.2
85.1	512.8	1223.5	2135.2	2960.6
85.1	519.6	1173.3	2155.4	2952.4
83.9	515.3	1158.7	2206.9	2941.8
83.9	507.8	1145.6	2195.6	2972.3
84.5	502.7	1138.0	2197.6	2946.1
83.3	496.6	1068.4	2251.0	2928.8
84.6	514.9	1078.4	2235.8	2960.2
86.3	594.5	1069.4	2240.5	3035.4
88.2	681.2	1068.9	2331.1	3154.6
90.2	771.8	1055.9	2267.7	3232.5
85.1	746.0	1147.6	2424.0	3270.7
76.4	811.8	1142.4	2440.6	3330.4
78.9	865.4	1511.4	2408.0	3361.8
0.0	823.3	1429.1	2495.4	3318.0
0.0	768.7	1503.5	2549.5	3316.9
0.0	774.5	1647.3	2560.5	3355.0
0.0	725.0	1496.5	2508.7	3279.7
0.0	729.9	1581.5	2627.2	3406.1
