0.0	0.0	0.0	0.0	0.0
0.0	0.0	0.0	0.0	0.0
0.0	0.0	0.0	0.0	0.0
0.0	565.8	1726.5	2511.0	3440.6
0.0	635.1	1823.7	2571.6	3526.2
0.0	977.2	1771.8	2601.5	3427.4
0.0	1026.4	1814.9	2667.3	3513.1
0.0	976.3	1863.0	2654.7	3516.7
0.0	666.9	1693.6	2573.4	3349.7
0.0	691.9	1873.9	2605.8	3396.5
0.0	904.0	1908.4	2637.3	3454.1
0.0	1009.3	1944.4	2713.1	3389.1
0.0	870.0	1970.9	2834.8	3402.6
0.0	693.5	1907.8	2806.2	3451.5
0.0	648.3	1953.4	2725.4	3406.9
0.0	389.3	1867.8	2758.9	3485.0
0.0	333.0	2065.6	2838.2	3545.2
142.1	242.5	2089.3	2812.8	3524.7
120.0	241.2	2096.4	2814.6	3495.0
107.2	356.0	2107.4	2818.0	3505.4
104.2	354.0	2120.0	2825.8	3513.9
101.9	350.0	2074.3	2604.1	3494.8
101.8	351.3	2056.4	2482.9	3446.7
102.2	349.5	2002.6	2409.1	3435.5
103.4	361.3	1944.4	2323.3	3426.6
104.3	372.3	1874.3	2269.3	3494.4
105.1	348.4	1789.1	2245.0	3531.9
105.3	357.7	1718.9	2235.5	3379.8
105.5	358.9	1667.8	2231.9	3407.1
105.3	330.0	1586.8	2218.5	3364.4
104.9	333.9	1570.2	2230.2	3225.1
104.4	341.9	1588.7	2182.4	3033.0
102.8	357.0	1619.2	2129.6	2937.1
101.7	558.4	1661.0	1801.3	2990.3
92.6	249.7	1743.9	2003.1	3210.5
94.5	242.6	1724.3	2282.7	3281.4
91.6	241.1	1701.5	2476.9	3197.1
89.6	222.8	1678.6	2415.6	3198.3
84.8	236.8	1636.8	2414.3	3261.4
83.9	1014.7	1835.8	2621.6	3360.0
82.2	609.4	1703.0	2555.9	3264.6
0.0	474.8	1575.2	2509.4	3315.2
0.0	424.6	1479.6	2430.8	3353.1
107.1	434.1	1415.2	2387.5	3456.6
104.2	465.7	1338.8	2374.7	3472.6
102.3	548.3	1261.2	2421.5	3415.8
100.7	606.5	1176.9	2479.4	3368.9
102.3	623.5	1108.0	2561.3	3369.5
103.2	626.2	1056.9	2664.7	3344.9
103.5	622.8	992.5	2682.6	3424.3
104.0	625.2	951.3	2768.3	3533.4
105.2	632.9	910.7	2907.0	3685.0
106.4	678.8	841.7	2919.1	3666.3
108.1	633.6	808.9	2937.7	3664.8
110.1	560.1	788.1	2691.7	3565.6
112.6	691.7	1347.4	2640.3	3662.2
114.7	665.3	1386.1	2811.2	3679.4
116.7	651.9	1749.5	2980.1	3897.9
118.6	646.8	1702.7	2994.4	3934.8
119.8	598.7	1928.5	2973.9	3941.2
118.5	580.8	1543.7	2846.6	3940.7
113.6	418.3	1580.8	2756.0	3864.3
97.3	220.6	1403.9	2649.5	3714.5
64.2	240.2	1440.5	2584.9	3470.2
70.6	232.2	1359.2	2561.4	3376.6
110.1	238.2	1232.9	2542.3	3474.4
0.0	265.5	1513.1	2540.5	3495.4
99.9	288.4	1696.5	2547.7	3471.6
114.3	277.5	1668.9	2513.2	3349.9
134.7	244.9	1653.0	2456.1	3201.3
76.2	424.7	1491.9	2501.4	3205.2
0.0	459.2	956.1	2569.5	3270.9
0.0	488.0	965.7	2598.5	3403.9
114.3	486.5	966.7	2586.9	3573.2
101.7	454.5	935.8	2617.0	3625.4
102.6	397.2	879.9	2622.3	3598.8
100.7	400.9	826.0	2603.0	3661.2
99.3	395.4	826.5	2590.7	3731.0
99.2	396.9	825.0	2572.2	3712.0
96.8	400.4	791.7	2557.9	3713.9
94.5	397.5	777.1	2518.9	3703.5
94.5	390.7	771.7	2492.4	3682.6
92.9	507.9	818.5	2578.8	3685.9
93.7	575.7	852.3	2735.3	3614.9
93.2	606.4	885.0	2707.9	3497.4
93.5	627.1	879.5	2725.5	3451.2
94.0	642.0	883.6	2742.6	3414.5
95.2	655.8	883.2	2780.9	3427.7
95.3	669.2	869.6	2756.4	3425.0
95.2	671.2	866.4	2804.9	3371.5
95.2	696.9	881.7	2866.3	3375.5
95.2	686.9	905.8	2815.4	3425.7
94.7	726.0	934.1	2808.7	3428.4
94.0	718.6	922.2	2816.1	3415.8
94.9	695.8	908.3	2859.0	3422.3
95.0	738.7	906.3	2868.7	3419.5
94.8	700.1	902.1	2852.1	3397.5
94.3	695.0	921.1	2784.2	3337.2
95.3	703.0	935.1	2823.0	3345.9
95.3	687.0	951.8	2821.4	3350.8
96.2	732.2	972.5	2783.6	3316.9
96.6	709.6	989.8	2683.8	3275.1
97.5	660.3	1034.1	2778.0	3240.8
97.7	654.1	1095.6	2745.5	3339.8
99.2	635.4	1242.0	2688.5	3598.6
99.9	497.0	1325.9	2425.6	3690.1
99.2	381.6	1472.4	2328.6	3800.8
100.0	363.0	1687.4	2380.2	3830.4
102.6	358.3	1671.0	2387.2	3835.5
102.6	386.4	1818.2	2439.5	3858.4
98.4	346.4	1906.4	2525.8	3810.1
92.5	500.1	1894.0	2527.1	3627.4
90.3	589.8	1815.3	2525.8	3515.6
88.1	644.5	1726.3	2507.8	3374.8
87.0	644.5	1564.0	2405.0	3343.9
85.0	622.3	1428.7	2195.3	3363.8
79.5	362.3	1251.3	2073.9	3355.3
187.5	341.5	1188.8	2127.4	3435.9
81.6	337.3	1376.8	2233.4	3422.0
76.9	720.6	1346.6	2255.6	3357.7
212.0	996.5	1632.1	2318.6	3361.9
90.7	776.2	1685.0	2408.3	3387.9
0.0	662.9	1449.2	2359.1	3304.2
0.0	1063.9	1643.8	2489.2	3252.9
428.6	923.1	1640.8	2568.6	3385.7
138.1	516.5	1263.0	2252.4	3242.4
0.0	468.9	1262.1	1777.4	3132.9
0.0	481.7	1248.1	1506.0	3287.8
102.3	878.4	1395.6	2369.1	3356.9
87.2	792.9	1450.5	2330.8	3309.6
88.0	831.0	1493.8	2450.3	3377.0
0.0	783.1	1431.0	2607.9	3439.7
126.3	654.8	1552.0	2600.1	3334.8
0.0	1045.4	1920.1	2721.0	3429.3
0.0	1103.4	1896.1	2745.4	3442.5
0.0	979.9	1746.3	2609.1	3399.5
363.6	1042.6	1890.9	2705.0	3422.8
545.5	1059.1	1965.1	2669.7	3414.3
545.5	1129.3	1967.0	2762.0	3502.0
0.0	1279.4	1955.2	2735.1	3465.4
521.7	525.1	1552.9	2238.4	3327.7
521.7	545.6	1393.0	2175.6	3426.7
0.0	548.1	1443.7	2209.8	3503.0
0.0	568.0	1492.3	2243.8	3539.6
89.7	581.2	1527.9	2287.1	3540.9
96.1	582.4	1551.3	2284.4	3529.0
96.1	590.9	1569.0	2307.4	3494.9
97.2	584.6	1598.3	2332.6	3458.8
98.3	573.4	1613.7	2373.7	3438.4
98.4	523.4	1703.3	2416.6	3418.6
99.2	515.2	1754.1	2404.8	3322.0
96.8	925.9	1762.2	2509.8	3194.3
94.4	1041.3	1951.1	2605.7	3277.2
93.0	1177.2	2216.3	2612.5	3362.7
86.3	703.3	1883.9	2522.3	3260.9
0.0	1000.7	1857.4	2568.8	3351.9
87.6	1307.2	2059.5	2681.2	3384.7
571.4	1145.8	2230.4	2712.3	3323.8
0.0	1242.3	2326.2	2851.1	3241.9
0.0	988.3	2024.0	2830.2	3293.9
244.9	1022.4	1856.6	2545.9	3295.1
210.5	817.2	1602.9	2504.3	3459.5
79.5	468.7	1473.7	2444.9	3457.0
0.0	298.6	1416.5	2533.9	3223.1
0.0	278.4	1226.0	2616.8	3484.3
0.0	556.4	1174.0	2564.2	3490.5
109.1	455.8	1088.0	2481.7	3249.4
107.1	513.8	916.6	2520.2	3246.8
107.1	396.5	898.2	2771.8	3331.0
106.7	374.2	878.3	2765.5	3353.5
106.1	410.2	870.3	2766.6	3319.4
106.2	407.2	855.5	2791.0	3321.6
106.2	426.6	836.1	2764.1	3401.5
105.4	427.1	851.2	2692.6	3460.5
104.3	448.6	1405.3	2621.3	3370.4
100.7	274.4	1313.9	2354.8	3259.4
98.1	269.0	935.6	2393.4	3318.0
96.8	278.4	951.6	2423.6	3270.7
96.8	325.8	986.9	2440.9	3283.4
95.1	267.0	1190.0	2353.9	3293.7
96.0	260.6	1555.7	2476.6	3407.7
94.5	249.0	1232.8	2535.9	3344.6
91.6	630.8	1332.1	2570.6	3388.0
105.8	575.7	1432.5	2376.8	3380.1
0.0	491.4	1435.2	2331.1	3345.4
0.0	502.1	1504.5	2372.5	3387.0
99.0	507.5	1574.3	2408.2	3431.9
97.9	507.2	1660.9	2466.3	3442.0
97.5	501.6	1732.9	2532.1	3494.7
96.6	477.0	1798.9	2515.0	3555.2
93.9	458.6	1857.8	2536.0	3576.5
93.0	442.7	1900.9	2516.4	3625.9
91.6	411.9	1942.2	2500.1	3661.8
93.0	387.4	1999.1	2495.6	3690.2
92.3	364.5	2031.5	2492.5	3721.3
90.2	353.7	2046.5	2481.5	3762.1
90.0	352.6	2046.5	2459.0	3798.4
89.0	370.7	2007.6	2440.0	3635.4
88.1	348.5	1893.9	2492.1	3493.6
82.2	871.8	1841.7	2732.6	3611.0
0.0	904.3	1817.7	2918.8	3692.0
500.0	852.7	1801.2	2935.3	3730.1
342.9	876.4	1829.8	3105.6	3871.3
139.5	1267.1	2040.6	3187.3	3929.9
0.0	502.8	1725.6	3159.2	3769.5
0.0	813.3	1965.2	3034.2	3543.6
157.9	1128.6	2231.3	2900.5	3490.9
115.4	1256.6	2325.4	2929.2	3584.9
0.0	1160.0	1760.3	2683.8	3395.7
0.0	853.6	1283.5	2447.4	3324.4
0.0	878.2	1280.0	2453.7	3224.9
0.0	977.5	1247.9	2544.0	3308.0
0.0	839.0	1190.5	2419.8	3378.3
0.0	1159.8	1737.7	2512.6	3507.5
0.0	855.5	1303.0	2460.1	3281.7
0.0	530.8	1140.8	2372.0	3209.0
0.0	492.7	975.5	2388.9	3217.5
0.0	526.9	950.5	2392.8	3250.6
98.0	555.4	943.6	2406.7	3305.6
67.4	588.3	949.8	2436.0	3330.0
0.0	600.3	934.9	2425.0	3338.1
106.2	595.9	915.6	2411.1	3362.9
0.0	589.1	899.3	2413.0	3377.8
81.6	593.6	907.5	2412.9	3397.4
82.8	600.9	895.4	2380.9	3353.0
75.5	606.7	892.6	2399.4	3369.7
0.0	604.4	896.2	2405.1	3398.5
0.0	601.5	889.8	2398.5	3391.5
0.0	602.9	874.5	2400.1	3401.2
90.2	591.6	858.9	2403.3	3415.5
0.0	591.7	840.9	2503.9	3460.1
0.0	598.3	826.1	2555.1	3476.3
0.0	599.8	809.5	2592.7	3463.5
63.5	606.0	802.7	2529.2	3490.4
67.4	615.4	789.3	2580.3	3519.7
66.7	625.7	777.1	2538.5	3533.4
0.0	631.3	1233.9	2409.1	3514.8
184.6	683.2	1182.1	2387.7	3384.5
106.2	668.6	1436.5	2513.0	3360.0
108.1	662.3	1600.2	2368.1	3313.5
387.1	637.8	1507.6	2354.0	3448.3
133.3	681.1	1526.6	2483.4	3553.7
107.1	674.3	1516.9	2473.8	3512.5
480.0	722.1	1631.4	2383.4	3523.1
0.0	813.1	1710.4	2555.6	3498.8
0.0	802.3	1570.6	2523.8	3499.5
0.0	723.2	1528.6	2568.3	3436.7
0.0	775.5	1537.9	2682.8	3426.0
193.5	764.2	1673.0	2561.0	3375.3
0.0	718.3	1662.1	2417.1	3284.3
0.0	734.4	1642.1	2441.4	3393.1
0.0	811.6	1580.3	2506.9	3401.3
0.0	870.3	1746.5	2523.3	3401.7
0.0	906.9	1718.9	2546.2	3361.9
0.0	796.8	1552.9	2599.0	3398.0
0.0	693.5	1503.9	2581.3	3351.0
0.0	759.1	1599.0	2504.0	3365.6
