0.0	0.0	0.0	0.0	0.0
0.0	0.0	0.0	0.0	0.0
0.0	0.0	0.0	0.0	0.0
0.0	883.1	1703.2	2547.1	3470.8
0.0	805.4	1534.9	2503.8	3420.0
0.0	897.0	1894.8	2710.6	3559.7
0.0	997.5	1706.6	2649.7	3475.1
0.0	917.9	1700.3	2624.1	3416.1
0.0	761.7	1843.5	2581.5	3427.3
0.0	926.5	1885.8	2669.3	3422.9
88.9	971.2	1758.5	2578.1	3396.8
0.0	809.7	1741.5	2467.0	3393.7
0.0	837.4	1649.2	2519.7	3362.3
0.0	748.7	1564.0	2537.3	3349.9
0.0	819.4	1713.9	2543.9	3414.6
0.0	750.0	1663.9	2582.4	3468.2
0.0	556.1	1677.7	2571.1	3319.1
0.0	693.1	1227.1	2326.5	3236.0
269.8	723.4	1041.3	2515.9	3297.8
260.9	628.8	1013.3	2503.5	3276.8
229.2	666.6	1014.6	2488.4	3249.5
0.0	684.5	1002.7	2619.1	3291.6
0.0	694.1	985.1	2678.9	3260.3
238.8	715.6	967.1	2731.4	3273.1
237.0	680.5	906.8	2771.7	3219.3
91.6	671.8	850.6	2750.7	3182.6
94.1	741.4	954.4	2511.7	3180.4
99.2	715.4	1360.0	2673.5	3165.7
103.4	710.9	1430.1	2778.8	3166.4
105.3	548.1	1432.8	2822.0	3291.7
222.8	532.4	1450.3	2839.0	3409.3
227.1	566.9	1447.2	2832.6	3331.5
234.3	413.9	1476.1	2770.8	3279.4
117.5	415.8	1467.7	2768.8	3283.6
120.1	370.7	1496.8	2764.3	3299.3
121.8	411.9	1441.2	2646.8	3065.4
246.5	443.4	1377.6	2606.9	2946.2
253.8	511.5	1365.8	2585.5	2981.4
127.3	469.0	868.7	2509.7	3063.1
127.7	370.2	1067.7	2609.7	3133.0
127.7	569.3	1327.6	2583.6	3365.0
127.6	554.0	1624.5	2575.3	3504.4
128.2	517.3	1721.0	2546.7	3616.6
125.3	496.6	1861.0	2535.3	3684.4
124.2	475.6	1929.6	2499.4	3717.7
123.6	432.7	1956.5	2466.0	3685.0
122.9	420.8	1976.4	2433.3	3685.7
123.0	398.6	1988.6	2385.7	3696.8
122.4	383.4	2001.0	2352.3	3670.9
123.6	358.0	2034.1	2398.8	3655.3
123.9	436.1	2039.3	2412.3	3660.0
126.6	446.1	2065.8	2426.3	3665.2
70.5	417.3	2060.9	2428.8	3633.1
222.0	455.7	2064.2	2443.0	3588.5
0.0	479.8	2028.6	2465.1	3582.0
63.5	457.4	2018.7	2505.8	3568.3
238.2	459.2	1992.9	2501.4	3570.7
250.6	499.2	1928.2	2476.7	3487.4
125.7	472.0	1915.2	2494.3	3500.8
124.5	453.6	1893.0	2521.6	3537.2
123.7	438.7	1873.7	2561.8	3614.0
121.3	423.6	1814.7	2519.4	3563.4
121.2	239.7	1682.6	2480.6	3515.7
119.3	245.2	1608.6	2520.6	3680.0
118.8	246.5	1447.4	2472.9	3667.6
123.7	247.6	1438.6	2395.5	3651.1
122.4	250.1	1744.3	2382.4	3646.7
122.4	232.5	1702.7	2400.6	3625.3
117.4	321.1	1687.5	2541.6	3698.8
111.0	1097.3	1977.2	2929.3	3677.8
104.3	928.4	1970.4	2961.1	3617.1
0.0	836.5	2025.7	2761.4	3598.0
545.5	702.8	2002.3	2628.6	3549.9
0.0	380.7	1865.3	2543.1	3499.2
0.0	361.1	1864.4	2471.1	3446.3
120.0	398.4	1824.8	2407.8	3424.6
116.5	421.2	1813.9	2376.6	3434.9
114.3	465.3	1795.1	2410.3	3444.5
113.2	463.0	1772.7	2470.9	3513.1
112.9	454.8	1723.9	2441.4	3542.1
111.4	282.4	1588.6	2402.0	3557.8
111.1	226.5	1586.3	2421.2	3564.8
108.1	225.4	1573.0	2431.2	3536.1
110.1	250.0	1590.2	2442.7	3553.4
110.1	265.2	1609.7	2438.6	3580.4
107.1	270.1	1571.6	2450.8	3502.4
218.2	432.3	1604.7	2498.1	3442.5
234.4	477.6	1630.3	2476.5	3431.7
113.1	493.4	1588.8	2484.1	3375.1
111.6	496.4	1527.5	2473.1	3333.4
112.2	487.9	1421.8	2463.0	3320.4
112.2	468.4	1332.6	2448.7	3344.1
111.7	467.5	1252.6	2450.4	3328.0
110.9	494.4	1147.2	2480.5	3302.8
110.7	437.8	1064.3	2509.0	3325.0
109.2	435.7	1049.8	2506.1	3303.6
108.0	438.9	1041.7	2487.5	3281.3
106.2	446.8	1065.2	2470.2	3303.9
104.3	448.0	1113.9	2450.9	3291.6
101.7	481.6	1181.2	2428.8	3305.3
100.5	508.7	1259.5	2401.6	3332.8
98.4	489.9	1334.9	2402.7	3373.8
96.8	478.7	1436.6	2421.9	3374.0
96.0	463.6	1511.7	2478.2	3364.7
93.6	480.6	1468.5	2584.6	3324.2
94.5	280.5	1428.5	2515.7	3349.4
77.4	246.7	1462.9	2464.5	3397.0
81.6	245.0	1545.1	2596.9	3369.5
78.9	246.5	1679.2	2574.2	3208.6
77.9	686.6	1892.8	2613.3	3296.5
244.9	775.5	1878.3	2643.8	3423.3
0.0	701.9	1691.9	2516.9	3472.4
413.8	679.7	1887.0	2675.3	3566.6
0.0	477.7	1841.7	2509.7	3514.5
0.0	462.5	1867.3	2438.1	3471.6
0.0	370.2	1911.3	2435.1	3423.5
99.2	353.8	1974.3	2439.9	3484.6
87.0	343.7	1990.8	2418.2	3536.9
83.9	323.7	1966.1	2387.2	3543.9
84.5	323.5	1969.3	2391.4	3505.8
84.5	337.6	1960.4	2343.0	3475.9
84.3	331.3	1905.3	2312.1	3463.9
83.9	366.1	1797.1	2265.0	3436.3
84.5	387.2	1568.3	2296.0	3381.8
83.3	344.4	1237.2	2301.9	3347.8
81.6	373.5	1045.8	2296.8	3385.5
80.2	376.0	882.6	2303.0	3449.4
81.6	426.6	841.6	2382.6	3438.7
81.6	376.7	817.9	2387.6	3350.2
80.0	379.6	855.8	2367.8	3408.9
76.9	453.3	881.0	2395.2	3410.1
75.0	626.7	883.7	2363.4	3304.0
0.0	493.0	906.2	2298.8	3142.9
0.0	497.5	968.6	2377.1	3156.4
87.0	473.2	980.3	2383.5	3479.7
81.1	441.3	955.6	2341.1	3548.4
80.0	430.9	981.4	2350.7	3445.2
80.0	454.9	1001.6	2367.3	3451.4
80.5	478.7	1030.9	2357.5	3444.2
80.5	468.9	1033.1	2364.9	3448.6
79.5	459.2	1030.5	2389.1	3464.1
78.4	473.8	1074.4	2410.8	3470.2
81.1	567.8	1112.7	2438.2	3440.3
82.8	626.2	1155.0	2457.0	3322.0
83.5	700.8	1212.1	2515.7	3218.9
84.1	738.4	1244.4	2518.1	3217.5
84.5	702.9	1218.4	2407.2	3180.5
86.3	609.3	1220.0	2424.5	3123.2
85.9	416.8	1255.4	2558.6	3223.9
87.0	408.4	1303.3	2593.8	3302.7
88.2	383.9	1373.9	2570.6	3245.7
88.9	392.1	1367.8	2527.7	3213.0
88.9	423.3	1314.0	2486.2	3167.4
0.0	408.1	1302.9	2465.1	3201.1
88.2	378.0	1236.0	2437.3	3339.4
88.2	427.4	1268.3	2430.6	3393.6
81.1	1057.9	1622.8	2444.7	3418.0
123.4	863.8	1434.0	2370.8	3268.4
63.5	980.8	1329.9	2333.3	3339.3
0.0	1063.8	1776.8	2466.1	3565.0
0.0	636.9	1410.0	2471.8	3444.5
0.0	811.6	1329.9	2566.9	3414.1
0.0	756.2	1332.1	2512.1	3499.8
0.0	650.7	1308.4	2311.6	3548.4
0.0	768.8	1316.8	2281.8	3530.7
0.0	793.6	1315.9	2244.8	3447.4
0.0	752.3	1297.0	2269.1	3337.3
0.0	710.2	1245.0	2266.8	3316.7
131.9	694.7	1227.0	2260.3	3295.2
115.4	636.3	1197.4	2248.5	3329.3
105.2	598.8	1182.1	2236.6	3346.3
100.1	589.9	1175.9	2224.5	3320.4
96.8	589.6	1174.0	2201.9	3293.2
96.5	578.7	1152.5	2153.5	3281.0
95.7	550.0	1103.4	2097.5	3235.6
94.0	519.6	1016.9	2028.0	3232.4
92.5	498.4	998.2	1960.8	3199.0
91.1	483.8	1024.1	1962.6	3195.1
85.2	506.8	1023.7	1927.6	3266.1
81.4	821.4	1745.1	2340.8	3369.2
78.6	448.1	972.0	1824.0	3203.2
78.2	486.9	993.8	1762.4	3240.4
78.9	499.6	1026.0	1761.4	3304.9
160.0	470.5	1059.4	1747.5	3341.8
82.7	435.9	1096.3	1722.0	3377.9
79.1	423.6	1109.9	1718.7	3414.0
75.8	428.7	1118.8	1737.0	3338.3
75.7	411.4	1147.4	1760.1	3324.4
75.3	416.8	1208.8	1783.1	3262.5
73.3	421.9	1270.3	1811.7	3343.5
71.8	418.8	1400.8	1878.8	3377.1
71.9	434.4	1474.0	1956.4	3214.9
71.8	441.0	1537.0	2038.6	3240.1
69.9	462.1	1590.3	2080.3	3292.2
69.8	462.2	1654.3	2192.2	3361.5
69.1	458.5	1702.3	2257.5	3315.3
66.4	460.7	1721.9	2329.2	3328.4
66.4	453.6	1715.7	2407.3	3261.5
0.0	430.9	1656.4	2429.1	3253.9
0.0	410.5	1644.7	2523.5	3373.4
114.7	399.2	1643.1	2551.8	3354.5
72.7	882.6	1646.8	2594.2	3444.9
0.0	829.4	1719.2	2625.2	3560.5
117.6	805.7	1750.5	2556.9	3503.1
0.0	578.0	1650.7	2462.1	3452.8
0.0	269.8	1430.0	2414.3	3413.0
266.7	273.3	1407.4	2439.8	3400.8
200.0	334.7	1520.9	2491.0	3467.2
74.5	744.7	1699.6	2695.1	3399.8
