0.0	0.0	0.0	0.0	0.0
0.0	0.0	0.0	0.0	0.0
0.0	0.0	0.0	0.0	0.0
0.0	462.3	1552.3	2423.1	3241.0
0.0	901.6	1808.8	2598.1	3393.4
0.0	906.3	1784.7	2664.6	3472.7
0.0	721.7	1646.9	2539.0	3313.7
0.0	792.9	1660.3	2501.3	3510.4
0.0	767.8	1729.5	2580.6	3467.0
0.0	730.9	1771.5	2591.7	3479.1
0.0	972.1	1685.7	2624.9	3525.3
0.0	1017.2	1846.3	2739.4	3585.3
0.0	711.2	1713.6	2632.1	3512.2
0.0	674.4	1692.2	2652.9	3586.3
0.0	693.2	1701.8	2502.0	3705.8
0.0	524.7	1652.8	2595.1	3713.0
0.0	593.3	1615.7	2600.5	3636.3
0.0	652.5	1547.5	2595.3	3660.2
0.0	1032.0	1761.7	2981.6	3717.3
0.0	802.3	1816.6	3147.2	3824.5
0.0	844.1	1772.8	3288.1	4127.0
363.6	859.7	1745.2	3332.1	4230.9
461.5	633.2	1812.3	3222.1	3949.7
0.0	479.0	1957.1	3191.8	4045.3
0.0	764.3	2018.4	3368.5	4016.8
400.0	696.6	1788.5	3115.8	3715.7
400.0	465.8	1664.7	2920.2	3707.2
444.4	697.0	1855.1	3114.1	3738.5
117.6	526.4	1718.4	3022.2	3691.6
292.7	704.8	1580.8	2656.2	3664.5
69.0	721.7	1580.9	2608.9	3573.7
352.9	505.3	1526.8	2617.7	3484.4
0.0	494.4	1457.0	2591.8	3383.7
190.7	498.0	1331.4	2612.9	3348.3
161.6	499.9	1261.7	2486.0	3337.8
159.9	504.4	1214.6	2427.7	3337.7
157.7	489.1	1124.4	2394.0	3215.1
157.5	480.0	1051.6	2417.5	3160.5
157.9	461.9	948.4	2443.9	3161.2
157.9	479.0	905.9	2493.4	3149.2
157.9	449.3	824.5	2525.0	3134.0
158.0	540.0	794.0	2531.2	3099.8
158.3	439.6	788.7	2518.8	3063.8
157.8	421.9	785.9	2501.0	3033.8
157.7	415.0	802.6	2467.7	3037.0
154.7	466.1	877.2	2427.5	3041.6
155.4	456.9	967.9	2391.2	2991.7
151.9	448.7	1083.3	2315.5	2976.2
150.8	452.4	1191.4	2255.3	2953.3
146.3	425.2	1327.3	2158.5	2913.2
144.6	433.4	1431.6	2152.5	2867.3
137.9	421.2	1471.6	2158.3	3058.8
130.2	289.8	1505.7	2065.2	3259.4
118.8	236.4	1529.8	2038.1	3328.3
63.5	223.9	1575.0	2476.9	3415.7
108.1	734.8	1574.7	2387.3	3267.0
0.0	844.7	1475.9	1882.6	2892.0
0.0	435.6	1338.1	2177.1	3092.8
111.1	454.7	1360.4	2234.9	3150.9
104.3	488.0	1313.0	2217.4	3124.7
110.1	507.2	1296.1	2277.6	3132.4
106.2	432.6	1313.5	2318.8	3234.4
110.1	441.6	1244.9	2184.2	3199.6
111.1	462.5	1166.9	1931.1	3066.7
112.1	486.5	1167.3	1741.7	3108.9
115.0	478.4	1228.7	1641.3	3194.0
116.7	483.1	1297.3	1705.7	3207.3
117.5	481.9	1408.3	1818.5	3208.6
121.4	485.8	1490.4	1898.6	3187.9
122.3	495.7	1585.3	1989.6	3166.0
124.4	483.1	1654.6	2058.8	3158.8
128.0	458.4	1742.0	2171.1	3200.9
132.3	422.6	1839.5	2308.0	3234.4
135.1	417.4	1888.0	2415.4	3237.8
136.8	419.3	1922.3	2421.2	3234.0
138.4	408.6	1938.8	2418.3	3211.4
137.9	403.8	1936.3	2466.9	3216.8
134.9	408.3	1916.7	2458.5	3175.9
133.3	394.8	1859.6	2430.6	3045.6
131.0	415.0	1793.1	2410.5	2956.1
123.8	449.2	1738.8	2406.2	2873.6
115.8	466.6	1703.1	2370.0	2976.3
115.5	499.7	1631.0	2100.7	2969.8
114.4	520.1	1512.8	2011.5	2949.9
113.8	601.1	1400.2	2015.2	2982.7
111.4	611.7	1321.0	2046.0	2986.6
108.4	617.7	1221.8	2072.1	3032.8
104.8	615.9	1154.8	2088.8	3036.1
103.4	615.2	1131.3	2095.4	3031.9
103.5	623.8	1096.7	2079.1	3330.3
103.8	632.4	1067.6	2091.8	3439.6
105.5	669.6	1060.4	2055.5	3413.4
105.3	669.8	1065.1	2019.6	3395.8
106.0	667.8	1087.8	1960.4	3383.3
106.2	661.6	1118.0	1897.4	3383.9
105.5	646.6	1134.2	1821.9	3321.7
105.3	624.7	1145.9	1759.0	3328.3
106.2	613.4	1168.9	1712.4	3337.9
107.1	600.6	1186.6	1691.5	3349.3
105.3	589.2	1227.0	1683.4	3300.2
104.3	570.6	1264.0	1661.8	3272.1
104.3	530.1	1258.3	1666.5	3273.8
103.0	499.7	1217.5	1688.6	3184.0
101.8	449.2	1401.6	2296.0	3232.6
101.2	382.5	1501.0	2500.9	3440.1
97.6	799.6	1660.7	2654.8	3514.1
0.0	767.0	1644.6	2529.2	3466.6
0.0	709.9	1567.2	2478.2	3363.9
0.0	839.1	1747.5	2691.7	3422.1
64.5	1106.8	1909.5	2665.6	3475.6
0.0	1116.1	1857.9	2659.5	3501.2
0.0	878.5	1719.1	2643.7	3423.1
0.0	785.5	1621.0	2624.9	3444.3
0.0	414.6	1567.7	2461.0	3370.5
0.0	495.4	1648.3	2453.6	3291.2
0.0	577.9	1712.6	2479.7	3382.7
0.0	675.2	1753.9	2511.3	3329.7
0.0	686.8	1777.4	2521.1	3225.8
0.0	672.6	1807.9	2572.0	3271.2
0.0	462.2	1842.9	2521.0	3276.1
141.2	405.5	1900.5	2383.9	3230.8
139.7	405.8	1930.3	2250.5	3207.7
137.7	436.1	1893.9	2155.7	3237.3
146.3	557.5	1940.6	2490.4	3383.9
0.0	928.5	1817.2	2634.5	3460.7
0.0	735.2	1805.2	2593.0	3466.8
0.0	200.0	1554.2	2311.0	3361.7
0.0	760.0	1737.4	2451.5	3389.6
0.0	704.0	1806.8	2412.8	3245.9
0.0	512.6	1863.4	2477.0	3154.6
131.9	459.3	1830.3	2422.4	3099.7
0.0	440.3	1733.3	2378.2	3086.3
72.0	453.0	1696.9	2389.0	3193.4
71.9	444.6	1692.7	2406.8	3168.2
147.3	352.0	1631.0	2373.6	3085.7
148.1	312.9	1568.4	2424.7	3196.5
69.4	842.0	1655.0	2680.0	3426.1
187.5	1060.8	2002.4	2738.6	3251.1
100.8	921.5	1809.8	2731.4	3187.5
97.6	742.9	1847.7	2816.0	3241.1
0.0	1013.2	2121.4	2822.7	3317.0
0.0	1303.6	2342.2	2896.5	3480.5
0.0	1478.3	2430.4	2945.7	3607.5
387.1	571.8	2296.6	2827.0	3504.1
0.0	893.8	2171.1	2724.4	3281.9
0.0	697.1	2157.9	2601.2	3306.3
0.0	1010.0	2311.4	2786.5	3347.2
89.6	1231.0	2309.1	2749.6	3329.2
521.7	1254.7	2268.5	2664.1	3438.0
155.8	1343.7	2265.2	2739.4	3340.2
0.0	701.7	2188.4	2645.2	3312.1
0.0	681.9	2162.0	2567.2	3338.2
176.5	697.1	1869.7	2411.8	3253.3
90.2	680.8	1763.5	2352.7	3111.6
214.3	447.4	1726.8	2306.3	3069.4
0.0	443.5	1669.2	2267.1	3092.5
106.2	451.7	1618.9	2251.7	3078.3
0.0	471.2	1637.6	2246.0	2961.0
92.7	472.7	1605.1	2237.9	2961.7
93.2	476.7	1568.4	2271.1	2986.2
92.1	531.2	1527.3	2238.9	2943.5
0.0	519.5	1498.3	2185.8	2960.8
99.2	522.7	1434.5	2171.2	3038.3
0.0	524.3	1378.3	2116.3	3103.0
105.3	522.5	1387.1	2276.2	3316.7
98.4	921.0	1876.9	2670.1	3554.5
0.0	699.9	1728.4	2628.2	3546.7
0.0	719.7	1627.5	2694.1	3485.1
0.0	792.3	1629.1	2709.4	3502.8
0.0	993.2	1856.5	2688.0	3502.6
0.0	866.9	1891.0	2606.9	3273.6
0.0	839.5	1946.6	2652.5	3276.0
0.0	824.1	1856.8	2731.4	3339.9
0.0	863.3	1744.7	2530.6	3447.6
0.0	922.0	1783.0	2672.6	3473.4
0.0	475.9	1786.8	2894.1	3467.2
0.0	877.8	1791.2	3107.9	3734.4
0.0	1175.8	2420.9	3269.9	3867.6
0.0	361.8	1685.5	3059.0	3812.6
235.3	308.6	1829.3	3173.9	3856.8
206.9	769.7	1804.3	3073.9	3770.7
571.4	979.1	2029.3	3066.9	3759.3
260.9	889.9	2050.4	3154.6	3723.4
203.4	844.9	2027.1	3263.4	3767.6
0.0	782.4	1764.6	3002.6	3734.7
444.4	1117.2	1884.5	3147.8	3769.7
400.0	613.3	1670.0	3197.4	3756.5
480.0	520.1	1691.7	3285.8	3875.2
300.0	1182.7	1842.7	3138.8	3982.0
0.0	387.7	1752.0	3220.0	3887.2
444.4	771.2	1709.9	3267.9	3774.4
120.0	689.0	1549.5	3138.2	3764.5
0.0	838.1	1730.1	2932.7	3803.7
76.9	822.3	1895.7	2922.1	3733.2
521.7	836.3	1878.5	2821.0	3672.1
91.6	758.3	1711.5	2668.5	3697.9
0.0	837.9	1598.6	2502.0	3715.8
0.0	770.8	1515.4	2463.1	3643.0
0.0	819.2	1476.5	2521.6	3564.8
0.0	623.2	1452.5	2449.3	3541.9
0.0	615.0	1439.1	2498.6	3545.9
0.0	552.6	1551.5	2545.3	3463.9
0.0	517.9	1448.7	2648.3	3459.1
0.0	526.4	1556.7	2572.7	3358.2
0.0	856.1	1780.1	2577.2	3421.0
0.0	828.8	1736.6	2703.6	3511.6
0.0	651.5	1761.1	2641.3	3571.6
545.5	1087.6	1956.9	2582.3	3456.9
63.5	958.0	1768.4	2500.5	3392.4
125.0	638.3	1637.7	2417.0	3408.8
0.0	705.3	1719.0	2533.9	3323.8
235.3	476.0	1597.1	2531.5	3337.7
0.0	681.9	1618.1	2595.9	3393.3
0.0	728.9	1838.5	2574.8	3318.9
0.0	838.4	1752.2	2590.0	3381.1
0.0	731.4	1769.4	2563.3	3480.6
0.0	745.0	1811.9	2487.8	3543.8
113.2	615.7	1697.4	2509.9	3451.7
0.0	584.3	1504.7	2556.8	3439.8
0.0	760.2	1651.3	2530.2	3354.4
81.1	1115.8	2095.8	2707.3	3525.9
0.0	1042.5	2073.0	2720.5	3597.4
0.0	685.9	1645.8	2390.4	3423.6
0.0	656.6	1633.2	2448.6	3386.1
0.0	649.2	1619.6	2609.9	3315.7
0.0	713.1	1730.9	2707.7	3386.9
0.0	666.8	1709.9	2598.2	3452.4
0.0	833.1	1748.4	2610.4	3489.9
76.9	606.1	1812.4	2516.9	3532.4
65.9	594.6	1753.4	2497.4	3491.4
0.0	655.7	1728.3	2612.5	3420.7
