0.0	0.0	0.0	0.0	0.0
0.0	0.0	0.0	0.0	0.0
0.0	0.0	0.0	0.0	0.0
0.0	656.2	1511.3	2632.4	3474.8
0.0	705.1	1525.7	2626.7	3465.3
428.6	709.7	1543.9	2570.3	3476.0
0.0	752.4	1595.1	2502.8	3430.9
0.0	779.6	1621.0	2544.2	3455.1
0.0	679.2	1568.6	2588.5	3420.9
444.4	719.3	1533.8	2556.8	3424.7
0.0	710.6	1501.3	2456.4	3414.6
0.0	869.5	1669.2	2619.9	3363.6
0.0	682.9	1743.9	2726.5	3412.7
0.0	736.6	1887.3	2694.6	3496.3
0.0	602.1	1743.7	2518.1	3410.9
0.0	644.7	1554.8	2550.4	3532.0
0.0	748.8	1638.3	2602.2	3518.8
0.0	615.5	1874.2	2842.9	3569.1
292.7	508.7	2002.0	3081.0	3832.4
0.0	690.4	1890.6	3093.9	3897.8
0.0	309.4	1734.8	3094.3	3853.1
342.9	824.7	2121.2	3237.3	3922.1
0.0	292.1	1902.3	3199.6	3827.8
0.0	1295.1	2380.8	3394.5	3906.8
79.5	1109.1	2398.3	3451.5	3855.9
0.0	973.0	2334.1	3436.8	3992.9
315.8	828.0	2217.5	3349.9	3957.0
352.9	491.3	2310.9	3411.0	3520.4
121.2	822.0	2131.5	2745.8	3378.9
0.0	656.1	1576.1	2433.2	3207.9
0.0	450.4	1434.5	2460.9	3269.1
160.0	324.5	1562.8	2367.0	3332.6
131.9	519.7	1655.3	2416.2	3404.7
63.7	653.7	1643.1	2517.7	3399.1
104.3	818.1	1720.0	2639.3	3420.8
68.6	817.9	1790.6	2684.9	3362.2
0.0	859.3	1783.9	2692.5	3395.3
0.0	705.9	1683.3	2654.9	3417.2
0.0	838.3	1651.6	2558.2	3385.2
0.0	808.2	1301.2	2501.0	3391.1
0.0	779.2	1241.3	2470.0	3311.6
0.0	768.4	1203.1	2453.7	3267.9
0.0	677.1	1105.3	2478.4	3189.2
181.8	627.4	1091.4	2516.3	3166.5
178.1	583.0	1058.9	2524.4	3159.0
178.8	564.3	1053.2	2520.5	3136.4
178.5	553.1	1029.7	2517.7	3160.0
177.5	547.8	1044.7	2501.3	3168.0
178.7	504.9	1060.7	2493.2	3157.5
180.6	529.5	1074.0	2463.4	3130.8
181.3	569.6	1105.0	2419.1	3165.6
181.6	477.2	1134.3	2374.7	3214.5
182.7	441.4	1205.2	2286.3	3222.8
185.5	392.4	1345.8	2218.3	3211.4
186.4	366.8	1484.0	2209.5	3230.9
185.3	357.4	1624.1	2198.5	3236.9
183.6	360.1	1770.5	2235.3	3236.0
179.7	353.7	1844.3	2271.5	3244.0
172.8	340.3	1881.1	2379.9	3253.2
166.7	350.8	1957.7	2479.4	3316.7
157.9	319.2	2003.0	2541.6	3292.7
148.1	406.0	1890.9	2524.7	3301.9
148.1	562.2	1957.9	2516.1	3420.8
0.0	356.4	2022.9	2444.3	3296.4
150.0	534.0	1976.1	2441.5	3377.5
126.3	415.0	1938.8	2409.0	3343.4
125.0	401.4	1895.5	2317.1	3293.7
131.9	416.1	1864.8	2350.2	3290.5
128.1	395.5	1848.1	2260.9	3194.6
126.3	369.3	1847.6	2212.6	3137.0
125.0	368.0	1846.7	2247.7	3133.3
124.3	381.7	1835.9	2292.8	3142.3
122.8	416.9	1815.3	2317.6	3080.6
120.0	388.8	1889.4	2394.8	3170.0
117.6	777.2	1844.2	2421.6	3188.2
103.4	771.2	1887.8	2627.6	3341.2
0.0	870.1	1771.6	2639.2	3274.1
0.0	583.1	1486.8	2504.3	3219.2
0.0	822.3	1778.9	2870.1	3597.1
0.0	864.4	1917.2	2975.5	3591.1
0.0	745.6	1978.6	2948.1	3587.5
0.0	799.2	1787.5	2713.4	3559.0
190.5	605.7	1687.5	2571.1	3522.0
76.9	551.6	1647.3	2536.8	3331.5
461.5	668.7	1592.2	2492.3	3235.4
0.0	572.0	1500.6	2414.2	3189.7
162.2	586.0	1396.5	2447.6	3137.1
139.5	599.6	1273.9	2450.5	3085.1
137.9	608.6	1153.8	2456.0	3054.5
136.2	595.5	1065.2	2487.3	3037.0
132.3	560.7	1025.8	2512.2	2991.3
130.6	557.1	994.8	2449.1	3015.1
129.3	534.6	958.0	2340.1	3074.8
127.7	513.5	928.5	2298.2	3103.9
127.2	489.0	884.8	2299.8	2968.0
126.6	452.9	1165.2	2292.9	2679.1
123.7	372.2	1169.3	2279.7	2563.7
124.0	389.9	1199.0	2283.7	2508.2
123.7	404.9	1238.7	2240.1	2463.3
124.0	425.1	1235.3	2190.0	2429.7
123.8	395.2	1196.7	2157.0	2440.3
122.7	442.1	1397.1	2197.2	2930.0
123.5	450.4	1661.9	2217.4	3085.1
120.9	471.3	1787.3	2273.3	3102.0
120.1	474.1	1840.1	2362.3	3162.6
118.7	463.3	1845.5	2420.0	3264.4
118.5	454.5	1793.9	2430.9	3290.0
115.8	437.4	1713.0	2377.9	3248.5
112.6	464.8	1620.6	2357.6	3308.2
107.8	415.2	1571.3	2370.6	3378.9
103.4	626.2	1578.3	2431.9	3357.2
100.8	539.3	1584.4	2445.1	3293.7
0.0	466.8	1574.9	2410.3	3146.1
108.1	450.7	1518.6	2381.7	3035.5
109.7	462.2	1437.1	2278.4	2929.9
107.1	461.0	1316.2	2109.0	2838.2
104.3	453.5	1231.9	1961.9	3104.4
103.1	448.7	1169.8	1808.2	3047.2
102.5	458.5	1112.6	1712.3	3021.0
101.2	457.6	1071.2	1763.1	3168.8
100.2	459.6	1116.7	2129.6	3284.2
100.5	459.5	1102.8	2198.9	3267.9
101.5	457.1	1098.3	2150.6	3197.3
103.6	455.9	1066.7	2095.0	3003.1
104.7	431.1	1032.3	2188.9	2991.5
106.2	432.7	1037.0	2063.9	3008.0
107.8	454.6	1017.4	2042.3	3116.9
109.5	401.8	1068.0	1687.7	3198.2
112.5	394.1	1144.2	1727.8	3236.4
114.7	382.2	1252.1	1799.4	3304.6
116.9	379.5	1414.7	1821.5	3257.5
118.8	387.6	1567.6	1871.6	3221.7
122.3	376.3	1700.5	2001.6	3147.4
122.0	383.9	1739.1	2230.9	3149.7
121.8	388.0	1721.5	2352.0	3082.3
121.7	416.3	1687.6	2359.6	2955.4
121.8	449.9	1603.8	2265.2	2915.1
122.8	482.5	1464.4	2310.2	2920.0
122.2	503.8	1279.6	2392.1	2867.5
121.5	493.3	1145.7	2449.5	2903.9
121.1	505.5	987.8	2518.9	2892.7
120.0	503.6	911.0	2574.0	2814.0
118.5	479.9	851.4	2584.7	2824.9
117.1	478.2	838.5	2592.9	3028.3
114.8	496.0	862.7	2545.1	3328.0
113.9	485.1	887.4	2397.5	2948.4
112.1	485.5	903.7	2195.1	2801.1
109.8	486.1	961.4	1891.1	3030.0
108.4	474.2	1018.0	1757.4	3113.4
104.1	456.4	1000.5	1721.3	3078.4
100.5	489.5	1130.2	1961.0	3148.8
94.1	472.2	1259.0	2236.1	3302.8
90.5	444.7	1164.9	2075.7	3228.0
88.7	433.6	1270.5	2225.1	3232.5
88.4	416.3	1193.3	1910.4	3030.6
88.3	455.7	1182.7	1604.3	3091.7
88.9	482.4	1236.8	1626.8	3033.8
90.9	500.8	1299.4	1670.2	2971.8
92.3	433.8	1471.3	1816.1	2949.7
93.0	427.2	1638.3	1955.3	2935.4
92.9	418.8	1718.8	2046.9	2943.4
93.1	414.7	1801.5	2195.9	2990.6
93.5	401.5	1851.5	2282.7	3037.9
92.2	401.9	1893.6	2325.0	3048.5
91.6	387.4	1921.7	2352.8	3042.1
91.3	376.0	1942.4	2337.8	3052.9
90.9	382.9	1947.3	2394.1	3082.4
90.2	389.0	1916.9	2442.7	3048.0
89.5	400.8	1916.9	2487.2	3109.2
89.3	398.6	1934.2	2517.3	3180.5
89.5	396.7	1872.7	2554.4	3197.8
90.3	386.1	1796.0	2565.8	3271.6
90.9	387.9	1738.2	2624.9	3470.8
92.3	376.3	1732.7	2828.8	3752.8
0.0	704.8	1775.5	2975.4	4058.3
0.0	660.3	1830.0	3047.1	4277.7
0.0	506.8	1854.4	3162.3	4305.8
342.9	879.4	1847.2	3229.1	4484.9
92.3	1147.0	2027.3	3193.8	4724.7
0.0	365.4	1789.5	2973.8	4001.5
0.0	811.3	1726.3	2782.9	3760.5
181.8	712.4	1567.7	2586.9	3657.3
75.9	540.0	1550.7	2408.2	3456.5
0.0	467.8	1540.2	2316.7	3295.5
113.2	469.0	1517.0	2286.0	3367.5
94.2	450.8	1475.9	2339.0	3337.6
92.6	456.2	1358.3	2354.0	3087.0
90.4	452.5	1282.8	2295.1	2652.0
89.6	451.5	1284.2	2233.3	2507.0
89.6	445.2	1292.9	2235.7	2605.8
90.9	440.1	1283.5	2297.1	2729.5
90.4	438.5	1349.2	2341.1	3075.4
89.9	436.4	1390.1	2239.9	2809.7
89.4	419.4	1319.1	2229.4	2830.6
88.2	435.2	1319.2	2230.8	3114.1
87.6	418.6	1408.4	2255.3	3390.5
87.0	467.4	1911.6	2420.8	3358.0
86.3	479.2	1956.4	2457.0	3266.9
87.1	487.2	1981.0	2399.5	3127.2
92.5	588.0	1982.0	2446.5	3103.6
94.1	458.5	1990.9	2491.7	3072.3
97.7	443.0	2019.5	2539.6	3087.3
98.7	432.6	2051.3	2449.4	3029.1
97.6	413.9	2068.6	2394.4	3025.5
96.8	421.1	2068.1	2419.7	3051.1
94.0	387.4	2044.6	2390.4	3118.3
95.3	376.8	2025.1	2467.0	3104.7
94.4	428.2	1921.3	2479.2	3155.6
92.0	891.3	1825.8	2501.3	3417.5
85.4	628.8	1632.0	2433.8	3393.2
83.5	263.6	1438.2	2354.8	3287.3
87.0	521.0	1741.2	2403.1	3321.4
90.2	861.4	2004.7	2411.7	3317.9
303.3	1190.2	1988.2	2373.4	3199.1
315.8	750.0	1700.4	2270.2	3261.9
193.5	554.1	1584.6	2248.8	3296.9
0.0	513.0	1474.3	2259.7	3100.4
0.0	434.2	1340.6	2210.1	3093.7
108.1	418.0	1206.2	2043.9	3128.3
95.2	426.0	1122.7	1754.0	3049.1
95.4	470.7	1113.9	1675.1	3162.8
94.6	498.5	1092.0	1689.7	3245.5
94.2	510.4	1075.9	1727.3	3199.0
93.6	545.7	1065.2	1786.4	3191.0
93.2	596.8	1072.0	1847.6	3166.9
92.2	600.0	1020.5	1964.4	3164.5
92.8	597.3	1004.1	2119.2	3227.9
93.0	597.7	1001.5	2210.6	3272.8
93.0	605.4	969.9	2376.1	3349.7
95.0	588.6	989.1	2493.3	3367.2
94.8	588.5	973.6	2605.3	3433.6
94.1	584.7	934.5	2676.9	3553.5
92.7	586.0	931.1	2692.6	3615.6
91.2	601.0	913.0	2707.9	3448.4
90.5	614.6	943.1	2695.7	3276.2
89.9	598.6	922.0	2728.4	3397.3
88.9	650.0	1004.2	2790.5	3641.0
87.9	613.8	869.3	2823.8	3693.9
88.3	590.8	864.9	2811.3	3537.3
89.8	546.5	864.8	2801.2	3455.3
92.3	560.9	854.5	2744.9	3283.1
96.6	527.8	899.0	2713.5	3369.5
100.3	489.1	954.4	2796.7	3514.2
103.3	684.6	2045.2	2764.0	3506.1
102.7	712.9	2082.2	3054.5	3683.4
99.7	908.8	2211.1	3085.4	3675.7
111.4	1031.1	2014.4	2681.3	3527.1
115.4	727.1	1690.6	2773.7	3379.7
0.0	722.5	1613.0	2631.1	3377.3
0.0	975.4	1737.7	2510.8	3449.5
0.0	960.6	1811.5	2482.7	3407.5
0.0	921.7	1743.0	2530.9	3521.4
0.0	559.5	1468.0	2367.7	3492.0
0.0	493.5	1288.8	2354.2	3384.2
0.0	758.2	1532.3	2472.3	3511.7
0.0	730.1	1679.5	2449.0	3578.7
