0.0	0.0	0.0	0.0	0.0
0.0	0.0	0.0	0.0	0.0
0.0	0.0	0.0	0.0	0.0
0.0	699.4	1704.3	2550.3	3345.2
0.0	690.9	1722.3	2588.4	3304.4
0.0	705.0	1793.8	2589.3	3358.3
0.0	542.0	1899.7	2751.9	3409.8
0.0	1013.6	1906.9	2786.3	3436.2
0.0	811.0	1710.7	2771.6	3331.3
0.0	658.3	1486.5	2579.7	3391.0
0.0	801.6	1693.2	2547.6	3429.7
0.0	953.3	1823.0	2556.1	3518.2
0.0	993.3	1877.9	2576.4	3533.6
0.0	877.0	1865.8	2492.0	3405.4
0.0	928.4	1917.3	2437.8	3419.5
0.0	932.5	1990.3	2506.1	3451.1
0.0	926.2	1979.6	2535.8	3489.5
0.0	840.6	1978.6	2652.6	3530.9
387.1	690.2	1979.2	2799.6	3652.7
428.6	664.4	1937.5	2699.7	3513.0
0.0	564.6	1957.9	2605.8	3240.7
136.3	521.0	1994.8	2602.0	3274.7
122.4	394.6	1870.2	2602.8	3416.2
116.4	342.9	1823.3	2643.8	3212.5
113.4	635.6	1796.1	2628.7	3102.1
115.3	626.2	1716.6	2586.3	3168.2
115.4	640.2	1616.6	2534.2	3378.4
113.2	674.8	1584.7	2496.7	3443.7
114.3	644.9	1472.4	2490.6	3436.4
115.0	640.5	1389.3	2440.8	3462.0
116.5	677.4	1372.2	2386.9	3378.6
117.7	510.7	1212.0	2403.6	3350.0
119.8	451.0	1126.3	2361.7	3374.7
118.8	424.5	1152.6	2266.1	3366.9
117.7	331.5	1049.3	2233.4	3387.8
116.4	247.7	1110.3	2270.2	3386.3
120.0	247.5	1226.8	2293.1	3388.1
122.4	253.8	1407.9	2305.2	3383.3
124.6	254.0	1415.3	2264.2	3435.9
125.1	251.6	1057.8	2253.0	3486.1
126.3	453.3	1249.9	2299.7	3519.7
0.0	467.2	1371.9	2290.4	3483.6
144.4	477.8	1467.4	2334.9	3307.9
133.9	469.1	1488.8	2368.0	3103.3
136.7	617.6	1442.4	2372.8	3167.2
133.3	310.9	1486.6	2407.6	3102.2
63.8	407.0	1677.6	2519.3	3255.8
0.0	401.4	1794.4	2541.7	3500.0
134.7	400.1	1905.9	2561.4	3570.5
131.8	394.0	1983.2	2640.7	3532.9
130.8	386.1	2032.3	2761.5	3488.2
128.8	374.6	2093.1	2793.1	3467.3
125.7	366.0	2125.5	2755.1	3542.0
123.5	363.9	2131.7	2789.4	3574.3
120.1	361.1	2135.9	2895.5	3571.0
117.6	364.3	2115.1	2810.9	3535.4
115.3	367.7	2112.1	2700.5	3507.0
113.8	386.1	2126.6	2657.5	3446.0
112.8	409.1	2022.3	2602.9	3467.9
112.2	441.3	1952.0	2585.7	3429.0
113.0	491.2	1928.0	2565.6	3583.5
111.7	561.9	1792.8	2513.6	3714.6
111.0	585.9	1728.2	2510.2	3621.5
109.6	630.9	1671.4	2518.8	3598.3
108.8	640.1	1615.1	2501.1	3561.8
108.4	647.4	1560.2	2491.7	3552.1
108.3	683.2	1484.2	2483.8	3658.0
107.5	637.9	1346.0	2526.7	3625.2
107.0	671.1	1233.5	2526.7	3634.8
106.9	664.2	1162.7	2543.5	3626.4
107.2	660.9	1102.7	2550.6	3557.0
106.5	697.4	1073.1	2554.6	3579.2
107.8	670.8	1022.0	2551.2	3634.5
107.3	593.2	885.2	2571.9	3586.1
106.9	642.2	950.2	2572.6	3590.3
107.9	498.5	899.1	2580.9	3615.1
109.6	455.1	922.5	2566.5	3675.0
110.7	459.0	960.6	2563.4	3736.5
110.3	533.8	1373.3	2563.4	3716.7
107.8	892.3	1704.8	2557.9	3793.6
97.6	835.4	1799.5	2716.3	3924.6
0.0	862.2	1804.7	2839.4	3887.6
0.0	894.4	1674.0	2730.9	3840.5
0.0	986.7	1825.5	2710.8	3833.0
428.6	843.1	2055.7	3058.0	3816.7
173.9	1144.0	2166.8	3083.7	3720.7
444.4	1041.1	2421.2	3280.4	3648.0
0.0	938.3	2193.8	3174.1	3590.9
0.0	808.1	2236.5	3176.4	3523.3
0.0	852.0	2336.4	2957.4	3459.6
0.0	858.7	2303.9	2806.0	3423.2
142.9	883.9	2408.4	2862.3	3410.9
0.0	1000.4	2234.2	2710.9	3278.3
500.0	779.9	2250.7	2622.6	3265.7
0.0	858.5	2189.6	2588.3	3279.2
0.0	937.1	2211.9	2767.3	3302.3
480.0	869.5	2219.8	2693.1	3232.6
179.1	1140.9	2204.1	2574.0	3327.7
68.2	857.9	2233.5	2534.4	3311.3
173.9	1078.4	2290.9	2479.5	3294.0
146.3	628.2	1891.4	2391.5	3270.8
272.7	734.2	1776.4	2360.9	3215.7
125.0	464.8	1656.5	2315.0	3115.9
0.0	465.9	1627.8	2340.2	3177.0
131.9	503.3	1605.6	2357.6	3214.5
115.4	574.3	1615.1	2311.5	3298.4
110.6	562.4	1607.7	2303.3	3329.6
107.1	516.3	1614.9	2317.8	3335.6
105.3	512.4	1584.4	2327.6	3435.6
106.6	622.0	1570.3	2297.2	3504.0
105.4	505.5	1623.4	2335.4	3457.0
104.3	510.3	1538.8	2342.8	3432.7
103.0	595.2	1500.5	2355.8	3426.5
102.6	478.9	1577.0	2363.9	3205.5
103.4	445.6	1631.6	2389.1	3095.8
101.7	467.5	1664.6	2362.7	2933.5
99.2	307.2	1651.7	2371.3	2955.6
104.3	262.2	1625.2	2447.4	3303.0
101.7	255.3	1619.1	2494.7	3392.2
103.4	250.4	1538.2	2623.0	3360.2
100.8	259.9	1511.5	2697.0	3336.2
98.4	248.3	1603.7	2726.0	3412.1
99.7	232.1	1640.3	2629.4	3378.9
97.6	726.2	1716.1	2476.2	3466.6
99.2	515.1	1655.3	2409.1	3534.5
99.0	1070.8	1867.2	2569.2	3447.3
98.7	871.3	1541.8	2434.0	3284.6
95.6	1050.1	1630.1	2587.9	3440.7
0.0	1082.9	1865.9	2643.6	3454.5
0.0	874.8	1827.6	2534.3	3453.7
0.0	817.8	1805.9	2477.2	3463.5
0.0	543.9	1620.2	2518.2	3471.5
0.0	630.8	1491.0	2431.7	3521.9
0.0	700.0	1436.7	2499.9	3507.7
0.0	708.3	1385.1	2659.5	3413.2
255.3	764.9	1651.6	2612.3	3306.9
400.0	773.6	1582.2	2627.9	3330.5
148.1	701.4	1524.1	2595.6	3322.7
0.0	652.8	1451.6	2592.7	3526.0
0.0	471.9	1195.0	2585.6	3695.8
0.0	473.2	980.4	2474.1	3626.6
128.9	632.0	1077.5	2512.9	3553.2
113.4	669.6	1159.4	2519.7	3553.5
113.9	688.7	1216.4	2494.2	3458.2
114.2	675.4	1258.0	2495.7	3419.5
112.9	663.8	1308.2	2489.0	3429.5
113.0	647.7	1387.6	2597.2	3441.3
110.7	622.8	1451.7	2596.9	3415.2
113.7	587.7	1501.3	2599.6	3385.0
110.7	539.8	1597.3	2601.7	3404.4
110.5	484.4	1640.0	2555.9	3363.8
110.4	457.5	1645.3	2583.5	3294.6
110.1	445.3	1704.6	2608.5	3314.8
107.1	450.6	1925.7	2638.0	3330.1
104.3	605.1	2055.8	2588.1	3313.6
102.6	730.5	1978.8	2495.4	3267.9
100.8	650.7	2061.0	2558.8	3228.1
0.0	582.6	2067.9	2711.2	3295.5
0.0	789.5	2134.1	2487.9	3247.4
0.0	740.8	2086.2	2267.0	3286.6
111.1	519.7	2040.4	2196.7	3277.1
101.7	558.1	1745.1	2191.9	3157.6
103.4	531.1	1632.3	2197.3	3126.3
96.8	630.1	1648.3	2081.8	3139.4
95.2	599.6	1613.7	1989.7	3278.7
96.8	526.2	1560.6	1883.4	3220.2
96.0	567.2	1488.7	1891.8	3249.4
95.2	578.2	1510.8	1974.5	3313.7
96.0	517.1	1460.6	1846.4	3267.2
96.8	577.3	1462.3	1861.2	3349.9
95.2	589.6	1483.3	1955.0	3351.7
94.5	573.2	1457.6	1757.5	3298.0
97.3	606.9	1448.9	1793.1	3330.6
99.2	705.2	1466.6	1904.4	3409.9
104.7	725.2	1475.0	1823.9	3325.0
102.6	700.1	1435.9	1906.7	3218.5
95.2	668.0	1428.6	2088.2	3138.7
101.1	780.0	1499.3	2274.8	3230.6
99.6	821.8	1520.2	2082.5	3228.7
91.8	939.3	1533.0	2391.9	3243.4
92.8	775.3	1507.8	2538.9	3196.4
87.8	751.6	1637.1	2719.8	3400.4
84.6	769.4	1652.5	2590.3	3467.9
83.2	987.3	1576.1	2638.3	3470.3
86.3	1108.8	1625.5	2531.3	3415.6
0.0	748.9	1776.2	2405.8	3434.9
105.3	780.5	1864.1	2731.7	3521.5
0.0	881.0	1643.5	2660.2	3475.5
0.0	1057.7	1738.5	2552.7	3571.4
0.0	829.3	1785.6	2581.9	3563.5
76.4	871.5	1696.8	2545.1	3415.7
0.0	857.8	1735.6	2304.6	3552.5
0.0	801.3	1820.6	2495.9	3575.0
0.0	709.3	1703.6	2660.4	3473.0
0.0	992.5	1834.4	2831.9	3475.9
0.0	812.6	1789.8	2673.2	3485.2
0.0	838.3	1722.1	2533.1	3405.2
0.0	1014.8	1919.6	2690.9	3410.8
0.0	961.4	1877.5	2758.9	3489.1
0.0	855.4	1942.7	2634.5	3544.6
0.0	832.3	1981.7	2817.6	3532.1
0.0	770.2	1885.7	2614.6	3483.5
0.0	880.7	1837.7	2508.1	3544.9
0.0	895.6	1802.2	2561.8	3522.5
0.0	880.9	1777.9	2741.5	3535.1
0.0	860.3	1887.4	2746.0	3555.3
67.4	834.6	1942.8	2414.4	3531.5
0.0	743.8	1918.2	2373.4	3522.3
0.0	753.2	1904.7	2541.3	3610.0
96.0	830.4	2058.1	2577.6	3659.6
0.0	704.3	1987.4	2535.0	3617.4
0.0	818.1	1934.8	2593.8	3549.9
0.0	797.0	1799.4	2540.5	3584.3
0.0	886.9	1782.9	2639.2	3607.5
0.0	882.2	1805.0	2597.3	3573.4
0.0	759.3	1830.6	2544.9	3570.2
134.8	957.3	1823.6	2615.2	3573.3
0.0	756.5	1796.4	2513.4	3492.5
0.0	766.9	1801.8	2539.9	3555.3
