0.0	0.0	0.0	0.0	0.0
0.0	0.0	0.0	0.0	0.0
0.0	0.0	0.0	0.0	0.0
0.0	618.4	1710.5	2509.6	3403.4
0.0	736.4	1732.2	2519.3	3407.7
0.0	848.1	1767.6	2596.6	3459.8
0.0	938.5	1762.9	2661.6	3491.9
0.0	900.1	1822.6	2641.4	3469.7
0.0	812.3	1704.8	2558.4	3464.1
0.0	878.2	1685.9	2631.1	3450.5
0.0	895.2	1750.7	2745.6	3392.5
0.0	754.9	1823.1	2768.3	3424.5
0.0	737.2	1802.6	2759.7	3433.9
65.6	732.8	1843.9	2785.5	3411.9
0.0	763.8	1821.3	2709.7	3456.7
0.0	729.4	1704.8	2693.9	3443.3
0.0	662.2	1693.6	2713.8	3427.2
0.0	612.1	1861.7	2782.6	3628.5
0.0	844.0	1931.9	2830.1	3851.3
0.0	865.5	1703.2	2707.7	3621.7
0.0	474.1	1634.3	2618.5	3540.4
0.0	396.2	1676.2	2635.1	3531.0
0.0	397.9	1670.0	2652.7	3571.2
120.4	395.4	1650.3	2693.7	3615.6
124.1	399.9	1644.1	2748.5	3621.3
125.8	411.9	1649.5	2760.2	3607.4
123.9	460.3	1623.5	2688.5	3664.6
118.7	726.3	1770.2	2653.2	3564.5
107.1	934.8	1745.3	2662.7	3661.3
95.2	976.6	1774.5	2748.2	3676.6
0.0	995.3	1855.2	2767.3	3625.8
333.3	1086.8	1867.2	2704.6	3528.8
210.5	944.7	1864.9	2668.0	3576.9
0.0	847.0	1806.8	2607.8	3486.2
141.2	789.5	1769.8	2673.1	3393.2
363.6	768.7	1787.0	2843.2	3461.2
0.0	650.6	1729.9	2826.6	3435.1
0.0	676.8	1736.9	2663.6	3389.9
130.4	886.5	1789.1	2559.8	3398.2
127.7	978.3	1836.0	2657.6	3475.9
87.0	1083.4	1918.7	2641.0	3535.2
0.0	839.3	1675.2	2601.6	3354.7
0.0	844.4	1636.7	2426.8	3236.7
521.7	814.0	1598.8	2389.5	3274.5
0.0	526.0	1469.9	2423.7	3362.2
0.0	532.2	1503.1	2415.0	3378.0
127.7	515.2	1599.0	2460.1	3386.6
126.3	502.3	1670.8	2519.2	3381.2
125.4	496.0	1767.7	2563.1	3410.8
127.5	483.9	1839.2	2584.6	3256.8
129.6	422.5	1869.0	2609.0	3179.1
135.5	435.4	1899.2	2563.0	3168.1
140.9	468.9	1861.8	2432.8	3075.8
144.3	428.2	1761.9	2244.2	3055.9
142.9	467.9	1308.9	2088.7	3083.2
140.6	308.3	1161.6	2042.8	3098.2
67.1	365.7	1091.6	2084.8	3139.4
67.4	325.6	1183.7	2090.2	3117.2
134.5	484.1	1597.2	2045.3	3156.5
134.8	358.4	1473.5	2027.9	3173.3
135.7	463.0	1492.5	2005.8	3146.1
139.4	417.5	1533.9	1989.4	3119.3
139.6	448.6	1553.5	1995.5	3142.3
140.0	467.0	1599.8	2003.9	3152.2
143.2	379.5	1651.8	1995.5	3176.2
143.0	474.6	1666.6	1945.2	3169.1
139.9	445.2	1675.8	1913.9	3162.5
134.6	390.2	1690.5	1873.4	3236.5
126.6	325.9	1688.4	1830.5	3272.5
121.2	296.5	1633.5	1809.6	3268.2
111.1	276.4	1609.9	1866.2	3222.6
100.8	214.3	1649.8	2339.3	3314.5
100.0	209.4	1491.4	2535.3	3368.3
97.6	220.5	1419.6	2530.7	3306.6
93.8	762.5	1384.2	2467.7	3277.7
97.9	846.6	1315.7	2246.6	3331.9
0.0	784.5	1305.2	2164.6	3362.9
200.0	1051.0	1475.7	2420.3	3452.2
0.0	349.2	1309.0	2230.8	3343.8
0.0	377.4	1308.2	1749.7	3318.3
0.0	400.7	1362.4	1614.6	3427.4
121.6	393.2	1420.9	1652.2	3405.1
122.2	403.6	1469.7	1736.7	3361.1
124.5	401.4	1567.4	1836.0	3337.7
126.0	389.6	1670.6	1927.0	3317.7
126.3	377.4	1745.4	2131.1	3246.6
126.3	383.0	1795.9	2248.9	3225.0
126.6	361.8	1850.3	2354.6	3211.8
125.9	380.5	1899.3	2428.5	3212.5
124.6	372.2	1907.5	2388.0	3156.7
123.0	354.4	1883.1	2310.4	3116.6
119.3	362.6	1775.4	2230.3	3105.0
115.9	376.9	1636.8	2190.9	3086.6
109.3	362.2	2034.2	2627.8	3203.8
100.8	258.1	1997.9	2800.0	3321.0
90.2	288.5	1526.0	2568.9	3320.6
90.0	617.3	1541.9	2607.5	3461.2
120.0	518.2	1548.9	2479.8	3304.8
111.1	452.2	1541.9	2566.3	3345.4
125.0	461.0	1496.2	2621.2	3375.0
0.0	466.4	1501.9	2624.5	3443.3
101.8	467.6	1514.9	2630.9	3616.1
102.1	454.2	1459.1	2624.9	3693.3
103.3	439.8	1346.9	2623.6	3669.1
103.3	376.1	1261.3	2633.8	3678.6
102.0	370.1	1277.1	2641.1	3627.2
102.2	360.5	1163.7	2610.6	3527.7
102.6	344.0	1179.5	2658.6	3547.9
100.4	262.6	1141.6	2634.8	3376.9
95.9	712.4	1532.5	2605.4	3507.4
96.0	886.4	1736.7	2773.2	3662.2
98.4	988.5	1801.4	2873.4	3679.0
210.5	951.2	1904.3	2859.2	3698.1
0.0	642.0	1856.0	2759.4	3593.7
0.0	847.0	1871.9	2669.2	3404.4
0.0	818.4	1843.3	2782.6	3563.7
78.9	1012.3	1878.6	2843.3	3644.1
0.0	955.0	1744.3	2805.3	3608.2
0.0	747.7	1696.1	2844.5	3543.9
235.3	852.3	1748.5	2777.5	3434.1
0.0	1001.0	1653.7	2752.7	3411.2
0.0	778.2	1572.5	2763.2	3409.1
0.0	771.0	1610.8	2809.3	3352.0
0.0	687.0	1513.1	2685.7	3275.8
0.0	594.5	1397.8	2560.5	3193.1
0.0	631.6	1365.4	2554.5	3152.1
109.1	965.3	1487.9	2531.8	3220.8
0.0	406.0	1476.6	2571.1	3356.7
0.0	525.8	1340.4	2456.6	3242.7
0.0	388.7	1003.5	2410.9	3119.5
93.0	408.0	1027.7	2534.0	3015.1
84.5	405.1	1004.6	2623.9	3045.0
98.4	408.2	1073.4	2654.7	3075.0
90.9	412.3	1153.9	2609.8	3087.7
95.2	416.9	1231.1	2644.4	3226.2
95.4	420.4	1301.0	2707.2	3352.6
96.6	412.9	1366.6	2695.8	3484.9
96.4	404.3	1401.7	2655.8	3581.9
95.9	393.6	1424.4	2656.8	3630.1
93.3	325.3	1518.6	2682.1	3666.0
91.6	855.4	1618.1	2845.9	3663.5
96.0	881.2	1847.7	2836.4	3629.1
116.5	900.4	1937.2	2775.0	3675.4
120.0	823.7	1901.4	2832.4	3655.4
99.2	712.8	1686.7	2773.1	3571.7
0.0	737.1	1723.4	2700.7	3575.3
118.8	664.2	1680.4	2641.4	3551.7
96.8	635.1	1554.1	2757.5	3685.5
95.2	594.1	1587.6	2733.7	3753.8
88.9	313.0	1488.7	2635.9	3845.6
0.0	282.9	1292.2	2633.0	3719.9
0.0	323.5	1727.8	2655.3	3549.8
126.3	346.9	1417.3	2590.6	3483.7
95.2	389.8	1367.1	2586.6	3526.8
97.8	625.6	1406.3	2688.7	3545.0
216.8	699.2	1388.7	2679.3	3436.3
106.4	737.9	1329.9	2681.6	3355.3
106.3	747.5	1286.6	2688.0	3367.2
107.0	757.1	1255.8	2665.1	3423.2
108.6	750.5	1246.9	2681.4	3463.6
110.4	737.5	1257.0	2693.5	3532.0
112.3	725.4	1276.5	2681.2	3585.3
115.3	706.8	1298.3	2697.4	3756.7
116.9	693.3	1288.6	2737.5	3722.9
116.5	701.2	1274.9	2756.3	3711.8
114.6	734.4	1431.6	2864.9	3611.3
110.1	739.5	1861.8	2889.9	3401.3
87.0	818.4	1874.3	2500.1	3312.8
110.1	319.0	910.7	2213.4	3313.8
218.0	537.6	1530.1	2354.0	3344.1
234.7	560.5	1598.2	2486.3	3335.4
71.9	603.2	1691.5	2587.8	3379.3
272.7	644.0	1656.6	2587.2	3350.6
105.3	843.3	1644.4	2590.6	3372.2
0.0	950.3	1745.9	2701.8	3563.1
0.0	820.4	1727.8	2737.6	3652.0
0.0	587.7	1428.4	2608.8	3582.7
0.0	539.2	1298.1	2764.0	3471.0
0.0	532.9	1195.1	2836.3	3529.6
0.0	516.1	1128.5	2881.4	3539.2
115.6	487.5	1083.7	2932.7	3467.2
112.4	467.9	964.5	2937.5	3442.7
106.9	451.3	940.7	2946.6	3499.4
105.7	450.4	915.1	2966.3	3419.2
107.3	447.7	912.2	2978.9	3572.5
107.8	452.7	890.8	2954.4	3708.4
107.2	468.1	888.2	2906.5	3680.0
106.5	472.8	955.4	2851.7	3606.9
106.3	513.8	1037.2	2782.0	3555.2
105.6	625.0	1195.7	2686.2	3539.1
107.4	665.1	1356.4	2664.2	3571.0
106.0	658.1	1465.6	2618.8	3570.1
104.5	658.9	1550.9	2566.0	3579.0
103.8	658.1	1581.5	2539.3	3572.2
102.4	646.7	1624.5	2536.4	3586.0
101.8	645.7	1656.8	2520.2	3603.4
100.6	641.3	1654.3	2502.3	3565.8
100.1	646.1	1626.5	2494.6	3492.2
99.6	742.6	1587.3	2520.5	3620.4
98.3	747.9	1469.3	2541.7	3670.9
96.1	683.6	1378.0	2519.4	3656.3
94.8	564.4	1286.3	2510.4	3668.4
93.7	400.0	1224.6	2538.2	3622.3
87.4	413.1	1207.4	2567.6	3616.6
182.4	414.3	1203.2	2565.2	3576.2
91.0	400.4	1158.9	2582.1	3632.1
90.0	417.6	1131.0	2587.6	3657.2
89.2	420.8	1115.0	2648.4	3654.6
87.9	412.1	1084.5	2608.8	3554.4
86.3	405.4	1085.8	2672.9	3574.9
169.0	423.8	1079.9	2754.8	3571.1
162.7	534.8	1060.3	2733.8	3537.6
0.0	584.7	1063.5	2766.5	3480.6
75.7	598.5	1058.5	2830.9	3355.7
0.0	601.7	1063.0	2796.2	3203.1
84.4	613.9	1008.0	2784.9	3206.5
86.3	658.3	996.2	2715.3	3179.0
76.9	604.9	1027.1	2632.8	3124.6
85.7	609.2	1078.0	2540.5	3110.6
84.5	609.4	1141.7	2383.1	3182.6
0.0	617.1	1181.3	2357.4	3167.0
129.4	623.3	1288.0	2275.9	3084.0
69.5	579.5	1354.3	2102.2	3120.0
86.6	564.3	1430.6	2015.2	3111.0
124.7	490.2	1488.9	1934.8	3153.8
0.0	494.3	1527.3	1925.8	3134.2
67.0	422.3	1573.7	1883.5	3096.2
0.0	412.6	1626.1	1871.0	3063.7
0.0	401.4	1696.4	2094.0	3167.8
70.6	375.8	1689.3	2227.4	3194.4
141.2	304.8	1666.5	2352.6	3189.3
70.2	366.5	1632.0	2607.2	3292.8
129.0	339.2	1677.8	2677.6	3285.0
111.7	750.5	1752.9	2675.8	3392.0
98.4	743.9	1688.7	2609.0	3439.4
83.9	784.2	1785.2	2616.9	3404.9
0.0	859.9	2005.7	2699.2	3462.1
