0.0	0.0	0.0	0.0	0.0
0.0	0.0	0.0	0.0	0.0
0.0	0.0	0.0	0.0	0.0
0.0	814.0	1880.2	2490.4	3294.6
0.0	816.2	1884.7	2610.2	3440.6
0.0	855.9	1909.0	2729.2	3519.3
0.0	966.4	1791.1	2703.0	3424.9
0.0	1101.5	1876.3	2677.8	3465.9
0.0	1014.3	1730.1	2604.5	3570.4
0.0	645.7	1717.3	2603.9	3593.4
0.0	622.8	1724.9	2553.0	3448.8
0.0	682.4	1700.8	2484.3	3374.0
0.0	727.6	1790.9	2578.0	3476.6
0.0	849.4	1792.0	2589.4	3466.7
0.0	734.1	1622.3	2524.7	3345.7
0.0	725.9	1458.8	2604.8	3204.8
0.0	900.0	1578.7	2469.8	3319.2
0.0	488.0	1127.5	2148.2	3255.0
0.0	377.2	1034.1	1660.7	3073.0
133.3	378.5	1290.5	1690.0	3117.1
124.9	409.0	1433.7	1752.5	3103.1
127.1	414.9	1489.0	1824.6	3049.3
127.2	424.0	1498.8	1948.7	3032.0
129.0	436.6	1464.7	1965.4	3052.2
133.3	474.5	1415.2	1970.8	3009.8
133.1	488.7	1352.0	1983.8	2971.9
131.9	503.2	1206.9	1965.9	2892.3
131.9	509.4	1047.0	1993.7	2787.3
129.0	500.6	949.5	2008.8	2707.9
124.1	459.0	876.3	1976.1	2704.0
121.0	468.5	1677.3	2439.5	3220.2
117.4	391.4	1568.6	2535.4	3304.5
112.3	400.3	1625.9	2617.9	3319.6
116.5	466.3	1643.4	2664.1	3370.0
118.4	305.0	1471.5	2519.7	3324.9
118.8	421.7	1585.2	2614.0	3283.0
119.8	407.9	1573.3	2716.7	3399.4
117.1	287.7	1637.4	2637.0	3346.7
119.0	651.7	1364.3	2405.1	3232.9
129.0	648.7	1334.2	2362.3	3334.0
0.0	483.3	884.8	1672.9	3071.9
146.3	505.5	795.9	1318.6	3044.3
117.4	514.0	846.6	1323.8	3108.1
117.8	540.5	939.1	1360.5	3197.8
118.5	553.5	994.0	1414.9	3202.3
119.8	587.6	1044.5	1492.1	3199.0
120.6	603.9	1074.3	1504.4	3170.9
121.0	606.3	1095.6	1651.2	3139.7
122.0	623.1	1121.8	1779.8	3135.6
122.1	635.5	1174.2	1818.4	3115.3
122.1	652.4	1195.6	1918.2	3108.2
121.9	670.7	1196.3	2100.2	3126.6
122.0	683.7	1233.0	2099.6	3138.1
122.3	700.6	1345.8	2144.8	3184.2
121.9	711.0	1428.2	2225.8	3215.5
122.6	684.4	1482.4	2282.2	3332.3
122.9	666.8	1526.8	2265.6	3363.9
124.3	651.9	1541.1	2290.9	3353.7
124.5	636.3	1597.6	2309.1	3322.4
123.7	618.0	1600.6	2294.2	3204.9
122.8	598.7	1591.1	2289.7	3137.6
120.0	603.0	1580.1	2346.5	3336.9
119.3	508.4	1637.5	2459.3	3212.9
104.3	494.8	1374.0	2422.4	3148.5
0.0	516.1	1249.4	2304.0	3123.8
125.1	537.6	1203.0	2445.2	3262.5
116.3	545.9	1111.4	2482.9	3314.4
114.2	555.3	1019.5	2376.4	3329.3
112.7	521.3	972.0	2204.8	3304.9
110.8	546.6	961.8	2229.8	3297.2
108.8	515.3	952.2	2242.4	3285.1
107.3	540.8	948.4	2194.5	3292.1
106.7	562.3	947.9	2350.1	3302.8
106.5	620.4	950.1	2379.7	3295.8
106.3	654.3	944.4	2404.4	3299.5
105.7	642.1	947.7	2482.7	3312.1
104.8	648.8	989.7	2475.7	3214.5
103.8	655.8	1024.8	2463.4	3146.2
103.9	663.6	1040.3	2293.4	3184.7
103.6	637.9	1035.8	2400.2	3176.2
107.1	634.1	1016.2	2307.4	3081.2
107.3	621.0	1009.5	2250.9	3063.7
109.0	578.6	1022.9	2276.7	3094.8
109.3	545.7	1040.0	2151.4	3159.0
109.2	478.3	1124.7	2289.7	3421.4
110.1	420.6	1124.9	2314.6	3446.4
110.6	452.4	1071.0	2327.5	3255.3
111.1	470.0	1007.2	2235.4	3254.3
109.1	512.9	1438.9	2202.7	3361.5
108.8	428.3	1600.5	2190.4	3368.2
107.4	326.6	1293.5	2194.8	3367.5
107.1	373.4	1374.3	2167.4	3325.2
107.3	348.4	1645.8	2226.3	3324.4
107.1	386.1	1474.5	2261.7	3461.9
106.5	509.4	1340.6	2352.1	3574.1
111.0	547.6	1472.9	2415.4	3626.5
107.1	553.1	1470.9	2403.8	3605.0
107.8	544.3	1447.9	2413.1	3542.4
107.3	535.9	1435.9	2399.2	3534.7
108.1	537.4	1425.0	2388.0	3508.4
108.3	539.6	1431.1	2376.6	3478.7
108.4	529.1	1429.8	2392.8	3479.1
108.6	505.3	1406.7	2393.4	3532.7
108.5	485.5	1371.6	2390.2	3597.4
108.2	467.3	1339.8	2429.4	3648.6
108.1	430.0	1338.8	2421.4	3628.8
107.5	430.9	1536.3	2369.0	3748.8
104.8	486.8	1933.5	2887.8	3795.0
100.8	1344.9	2275.8	3345.9	3889.0
118.8	942.6	1660.9	3085.7	3721.5
0.0	507.5	1621.4	2828.1	3675.1
0.0	728.8	1580.5	2879.7	3644.3
196.7	1029.0	1802.3	3219.8	3720.6
71.0	907.5	1708.9	2839.4	3693.9
76.9	1039.3	1820.7	2613.8	3515.4
83.9	957.3	1995.0	2668.3	3406.3
0.0	667.8	1069.1	2240.6	3280.9
0.0	570.5	977.9	2138.2	3117.3
0.0	623.8	940.6	2158.3	3000.9
109.0	642.8	960.3	2281.9	3068.0
105.3	630.4	1033.9	2366.2	3043.9
104.5	619.3	1090.6	2301.8	2947.4
106.2	648.1	1158.1	2336.9	2935.2
105.3	753.7	1226.3	2372.9	2985.6
102.6	735.7	1260.8	2397.1	2992.5
103.3	709.1	1285.4	2478.5	2998.9
102.8	714.6	1303.2	2533.0	2953.3
103.4	774.0	1317.9	2529.2	2925.3
101.7	752.6	1357.6	2535.9	2920.4
101.7	775.4	1394.1	2599.4	2976.9
102.6	792.8	1456.7	2556.6	2946.0
101.7	731.6	1419.2	2488.8	2977.7
101.7	679.3	1419.4	2647.7	2672.5
102.4	643.7	1487.0	2563.5	2934.9
103.0	583.1	1530.6	2551.7	3056.2
105.3	529.2	1510.1	2510.3	3222.8
105.3	501.6	1580.0	2499.2	3277.3
100.8	478.7	1732.9	2492.4	3499.2
103.0	381.1	1640.8	2455.1	3545.0
104.3	330.1	1611.2	2464.4	3431.0
101.7	319.1	1673.1	2462.5	3222.0
99.8	307.9	1683.5	2427.7	3349.8
100.7	324.5	1719.1	2502.2	3664.7
98.4	346.9	1802.2	2781.0	3618.2
96.8	448.2	2207.2	2967.1	3582.5
0.0	521.6	2229.3	2905.0	3422.1
400.0	1052.8	2353.0	2943.9	3334.4
104.3	905.8	2217.7	2682.9	3362.0
0.0	736.7	1832.2	2434.0	3328.2
0.0	563.1	1681.1	2281.3	3133.2
0.0	530.3	1426.7	1960.6	2957.2
0.0	537.5	1295.9	1922.5	3003.0
106.2	353.1	1589.7	2221.4	3266.3
0.0	382.7	1361.9	2037.2	2979.4
196.7	374.7	1341.2	2058.4	2865.8
102.6	528.4	1314.3	2113.9	2846.0
95.2	528.8	1334.7	2167.8	2873.2
94.5	559.1	1341.6	2152.6	2954.9
96.0	650.6	1137.0	2132.5	2992.2
100.8	628.5	1083.6	2285.9	2966.4
100.8	749.4	1198.8	2446.5	3024.1
99.2	735.9	1285.3	2463.6	3063.5
100.3	719.3	1350.3	2476.5	3098.8
97.5	712.0	1378.5	2479.7	3172.5
99.3	701.2	1525.8	2456.1	3200.7
97.9	688.5	1601.0	2436.0	3261.4
103.3	643.2	1671.2	2413.0	3299.8
0.0	642.5	1713.7	2390.7	3291.9
0.0	691.0	1752.0	2394.9	3397.2
89.3	593.6	1784.7	2432.5	3357.5
0.0	525.2	1781.2	2415.0	3333.4
78.2	492.4	1724.4	2367.7	3603.0
0.0	399.9	1638.8	2276.6	3543.2
166.7	346.3	1555.8	2274.6	3295.4
134.8	536.0	1618.0	2532.4	3431.8
71.0	783.0	1725.2	2732.1	3560.7
0.0	868.9	1621.9	2678.2	3660.2
0.0	977.3	1790.8	2823.0	4026.4
0.0	918.8	1819.1	3002.3	4381.3
210.5	1021.4	1901.3	2943.4	4198.6
272.7	892.7	1869.1	2896.1	3808.6
0.0	895.3	2028.5	2717.5	3735.7
400.0	999.5	2184.6	2627.5	3676.9
521.7	710.0	1661.9	2428.6	3582.5
97.6	649.0	1560.9	2438.0	3603.2
139.5	635.7	1494.7	2416.4	3532.6
77.9	547.7	1340.8	2364.7	3474.6
0.0	537.8	1340.5	2370.9	3579.6
104.5	562.2	1378.2	2381.5	3551.9
108.2	579.2	1404.9	2409.5	3515.6
111.5	607.8	1452.1	2431.6	3552.5
116.7	622.7	1468.5	2412.5	3495.9
0.0	622.9	1472.6	2418.6	3397.3
63.8	628.7	1461.7	2429.8	3271.1
93.6	607.1	1503.7	2411.9	3392.8
0.0	617.3	1538.4	2425.8	3463.9
74.3	612.3	1542.7	2418.9	3417.3
188.0	600.4	1632.1	2420.1	3382.6
159.8	622.4	1664.4	2421.1	3411.4
63.5	622.6	1674.9	2459.6	3368.4
63.5	644.7	1717.8	2461.0	3255.3
173.8	659.8	1741.3	2456.0	3263.2
153.8	663.4	1738.2	2458.3	3310.2
111.1	505.2	1728.4	2452.0	3259.3
139.9	818.8	1749.5	2459.1	3325.1
133.1	935.3	1776.2	2468.1	3295.6
120.3	876.4	1802.2	2483.1	3185.2
119.1	870.6	1832.9	2527.3	3194.2
118.0	845.7	1842.3	2527.2	3210.1
117.7	868.0	1849.2	2505.6	3373.1
114.6	849.7	1846.8	2399.2	3291.5
106.2	894.8	1831.1	2468.1	3153.2
85.1	856.0	1816.0	2537.0	3105.7
104.3	786.2	1806.7	2585.4	3230.7
0.0	801.6	1798.6	2551.6	3372.6
0.0	831.6	1756.7	2397.5	3302.5
0.0	838.4	1662.1	2112.7	3205.3
