0.0	0.0	0.0	0.0	0.0
0.0	0.0	0.0	0.0	0.0
0.0	0.0	0.0	0.0	0.0
0.0	758.4	1737.3	2523.7	3534.2
0.0	671.2	1718.9	2570.4	3460.5
0.0	863.5	1809.5	2672.5	3374.8
0.0	806.2	1753.8	2589.3	3374.7
0.0	801.8	1735.6	2529.5	3442.7
0.0	791.4	1712.8	2628.0	3439.2
0.0	770.2	1697.8	2754.2	3487.1
0.0	740.3	1741.4	2668.1	3509.5
0.0	899.7	1893.4	2699.2	3590.0
0.0	988.9	1841.6	2629.7	3489.1
0.0	1112.2	1973.7	2572.4	3467.7
0.0	1059.2	1854.8	2707.8	3446.0
0.0	932.9	1785.0	2723.7	3352.9
0.0	393.9	1768.3	2692.3	3417.7
0.0	762.5	1900.6	2613.9	3540.4
0.0	695.5	1922.1	2540.6	3549.5
0.0	673.6	1950.2	2530.8	3548.6
120.3	631.7	1972.2	2542.2	3535.9
121.7	621.7	1979.7	2575.5	3522.0
122.7	618.9	1974.4	2577.7	3573.7
124.3	639.3	1990.3	2544.2	3552.1
126.8	679.7	2006.6	2584.6	3518.2
128.9	639.9	1988.4	2563.4	3608.4
132.1	625.2	1933.5	2583.1	3616.7
137.3	582.4	1856.3	2575.6	3467.1
139.5	615.8	1810.9	2503.3	3336.1
141.1	657.2	1661.2	2420.9	3356.5
139.7	638.3	1445.1	2240.0	3503.8
139.2	545.2	1322.6	2264.3	3510.5
75.9	509.0	1273.5	2219.2	3390.8
75.8	400.8	1269.2	2190.6	3476.6
72.9	389.0	1285.8	2154.8	3509.0
70.7	291.3	1189.1	2125.6	3429.4
133.3	286.2	1156.3	2184.5	3316.3
139.5	286.1	1175.0	2343.3	3397.7
134.8	273.0	1434.1	2586.8	3442.8
136.5	286.6	1600.8	2659.3	3554.5
136.4	280.1	1839.3	2728.2	3541.6
135.9	288.3	1235.3	2290.6	3162.4
138.1	586.9	1133.3	2114.9	3251.0
0.0	647.0	1120.6	2088.4	3405.1
137.2	694.8	1149.2	2160.5	3508.6
128.2	720.8	1252.7	2130.3	3488.9
127.4	714.3	1305.9	2181.5	3516.6
126.1	728.2	1365.5	2268.0	3538.2
124.2	709.8	1405.1	2265.2	3624.0
123.4	711.3	1493.2	2241.0	3446.1
126.5	668.7	1552.2	2292.5	3309.1
126.0	646.7	1640.0	2300.0	3460.4
126.4	621.3	1667.1	2344.9	3380.1
126.1	521.0	1762.7	2401.5	3519.0
126.5	509.3	1756.4	2364.4	3596.7
125.9	458.7	1658.5	2272.1	3154.3
125.3	500.9	1597.5	2486.8	3414.8
123.7	817.1	1676.3	2772.5	3643.9
114.3	817.2	1723.5	2831.4	3571.0
226.4	872.0	1740.3	2911.8	3755.2
0.0	863.0	1729.9	3036.3	3826.6
0.0	959.7	1837.5	3106.0	3857.2
0.0	974.0	1896.5	3215.1	3716.1
0.0	624.0	1828.1	2808.5	3427.7
285.7	1372.1	2124.7	2852.2	3442.0
133.3	1219.5	1873.3	2587.9	3306.2
0.0	1065.8	1794.5	2417.1	3248.8
0.0	1102.2	1748.2	2465.5	3300.1
200.1	1014.9	1545.2	2483.1	3258.1
0.0	563.3	1045.8	2271.5	3204.4
0.0	478.2	1016.0	1855.0	3116.9
0.0	500.7	1060.0	1655.2	2967.3
0.0	476.2	1142.9	1650.6	2931.2
107.9	478.5	1242.2	1689.3	2972.2
108.3	459.3	1409.5	1748.5	3027.4
98.9	450.3	1508.1	1827.2	3083.4
94.9	448.9	1696.3	2166.0	3131.0
317.3	467.5	1637.9	2601.4	3321.9
82.8	411.6	1824.0	2336.2	3282.5
0.0	396.8	1928.5	2177.4	3256.7
0.0	416.1	1990.7	2368.4	3344.5
0.0	411.4	2084.7	2595.0	3416.3
0.0	381.0	2135.9	2675.0	3525.4
107.1	433.4	2182.6	2697.6	3497.9
272.7	427.6	2236.4	2774.0	3536.3
125.6	406.4	2283.5	2851.0	3705.8
125.5	423.4	2299.9	2843.6	3768.1
124.6	404.2	2317.7	2886.2	3758.7
123.7	385.6	2319.3	2907.5	3689.9
124.4	389.8	2350.4	2927.4	3692.1
123.7	419.0	2337.6	2915.7	3757.8
123.3	380.2	2340.9	2910.6	3796.4
122.8	410.3	2334.6	2895.0	3813.1
123.3	407.4	2277.7	2803.6	3846.1
123.4	377.2	2180.6	2737.9	3833.4
122.1	383.4	2055.2	2703.0	3705.7
119.9	357.0	1907.0	2683.0	3667.7
115.4	381.3	1835.1	2701.6	3698.2
0.0	416.0	1757.2	2747.6	3818.5
521.7	937.4	1803.1	3082.7	4342.3
134.8	799.0	1723.9	3174.1	4467.2
0.0	521.4	1643.4	2878.2	3853.2
571.4	416.3	1579.5	2735.2	3775.3
184.6	329.7	1602.4	2646.7	3690.3
77.9	668.9	1706.0	2617.9	3521.7
0.0	660.6	1790.9	2681.7	3443.8
0.0	644.7	1672.4	2672.6	3429.0
0.0	620.7	1644.2	2702.6	3519.8
0.0	729.6	1578.0	2583.8	3465.0
0.0	636.2	1570.5	2547.8	3494.0
0.0	569.6	1574.9	2514.3	3465.2
0.0	635.1	1167.2	2261.6	3399.0
0.0	677.6	1221.7	2257.3	3409.6
108.0	701.3	1262.1	2264.2	3384.2
105.9	722.4	1283.8	2245.7	3362.7
105.1	758.4	1243.0	2223.8	3420.6
102.8	766.1	1257.6	2257.8	3348.4
101.1	776.4	1299.3	2266.1	3350.3
101.1	776.8	1315.4	2261.3	3395.4
101.3	775.9	1322.7	2295.6	3416.2
101.6	767.6	1332.3	2282.3	3429.8
101.7	735.6	1305.0	2275.7	3471.1
101.6	698.1	1294.2	2281.3	3416.0
101.7	656.3	1236.9	2208.1	3348.1
102.3	596.9	1206.3	2230.9	3294.2
101.8	438.2	1415.9	2378.6	3362.4
100.3	320.9	1594.3	2401.2	3390.2
89.1	559.6	1736.8	2482.6	3407.4
63.5	757.8	1710.1	2618.6	3485.0
0.0	776.0	1778.3	2550.4	3383.2
0.0	965.6	1833.5	2595.0	3385.5
0.0	837.1	1692.3	2632.3	3299.0
0.0	757.6	1487.5	2479.9	3147.8
500.0	667.4	1387.4	2336.3	3159.1
187.5	677.7	1283.2	2284.2	3271.4
0.0	711.1	1418.3	2265.5	3357.8
0.0	648.6	1400.6	2366.8	3338.8
0.0	588.7	933.4	2385.9	3213.5
0.0	610.1	1009.1	2461.4	3229.3
119.2	679.1	1100.6	2565.0	3303.0
117.0	741.5	1116.4	2575.6	3304.5
115.1	738.0	1204.9	2535.1	3179.2
112.9	759.8	1240.7	2517.2	3063.0
111.4	782.2	1300.7	2574.5	3181.9
110.1	746.2	1325.0	2635.8	3278.5
108.9	761.4	1421.9	2465.0	3011.9
108.8	878.5	1480.5	2659.8	3034.5
106.0	880.6	1514.9	2707.9	3144.6
105.7	901.6	1584.2	2676.9	3180.0
105.9	778.4	1695.1	2692.8	3189.7
104.3	682.4	1742.2	2679.5	3202.2
104.0	681.8	1813.7	2614.6	3235.3
104.3	652.3	1909.7	2588.7	3275.6
103.4	654.4	2012.8	2590.2	3337.5
102.9	672.7	2029.4	2544.8	3449.3
102.2	567.7	1687.6	2505.7	3522.7
100.8	684.0	1453.4	2536.6	3365.7
100.8	690.2	1331.8	2352.3	2765.3
102.3	751.6	1413.2	2364.4	2802.0
101.7	754.5	1491.3	2355.6	3002.5
103.4	686.5	1250.2	2393.9	3273.5
102.6	519.0	1054.7	2505.3	3340.3
106.2	471.0	1037.0	2637.3	3269.7
106.2	514.5	1062.2	2528.1	2912.0
107.1	497.9	1117.9	2312.6	2778.0
108.1	476.9	1144.2	2565.6	2837.4
110.1	507.8	1250.5	2424.8	3236.9
112.1	546.6	1514.9	2678.4	3673.7
114.1	559.3	1592.9	2716.1	3644.5
116.4	535.5	1683.1	2657.3	3562.0
117.0	525.4	1760.8	2639.9	3182.9
118.6	427.3	1772.1	2509.3	3333.7
119.0	476.3	1751.8	2464.2	3536.8
118.6	820.8	1749.6	2514.8	3451.8
113.3	339.2	1683.4	2497.1	3457.5
67.0	902.6	1647.8	2574.0	3406.6
65.9	856.6	1840.7	2610.3	3406.5
0.0	700.3	1728.5	2585.4	3491.6
0.0	1069.9	1849.2	2802.8	3539.2
0.0	708.3	1851.6	2811.8	3593.0
0.0	722.2	1753.6	2665.4	3758.3
0.0	743.0	1403.0	2657.0	3724.5
323.0	532.8	952.8	2541.3	3527.7
0.0	452.6	970.0	2442.0	3339.7
0.0	458.3	1093.1	2427.9	3368.4
112.2	459.8	1289.2	2414.0	3182.9
114.1	469.5	1393.3	2293.0	2974.8
113.0	393.0	1395.0	2337.5	3369.8
133.5	347.2	1403.5	2477.2	3516.4
100.1	324.8	1375.6	2470.8	3413.4
101.4	308.6	1365.7	2516.5	3398.3
98.9	331.3	1359.7	2479.3	3360.0
97.6	321.1	1510.4	2487.3	3312.6
0.0	303.7	1661.5	2544.0	3352.1
106.4	333.5	1534.2	2559.4	3456.6
106.0	303.1	1751.5	2735.1	3394.2
105.0	318.1	1741.6	2765.1	3436.9
104.0	314.2	1179.9	2230.1	3335.6
102.6	321.1	1072.7	2405.0	3329.8
105.3	314.9	1243.0	2596.3	3368.9
0.0	400.0	1166.6	2664.6	3221.0
0.0	427.1	1122.3	2757.2	3130.2
115.4	440.2	1117.3	2821.4	3346.4
111.9	436.0	1114.2	2825.9	3553.1
109.2	430.0	1115.8	2874.9	3584.4
107.5	429.5	1119.7	2888.1	3579.1
106.8	427.5	1110.8	2891.6	3507.6
106.6	454.5	1176.7	2883.7	3428.0
107.8	486.0	1305.3	2864.2	3335.5
110.1	493.1	1353.4	2848.9	3221.1
110.1	496.5	1379.9	2903.3	3186.7
110.1	475.3	1388.8	2895.4	3198.7
108.1	480.3	1378.7	2884.0	3245.1
107.9	480.3	1343.5	2866.5	3315.3
106.4	450.1	1298.6	2818.7	3312.3
106.2	446.3	1206.8	2762.9	3266.9
106.0	438.2	1132.6	2753.3	3274.8
104.3	434.1	1096.7	2741.7	3273.8
102.9	444.0	1091.1	2707.0	3280.4
101.3	507.1	1063.7	2666.8	3277.3
99.3	524.7	1117.1	2698.9	3228.3
97.6	540.2	1197.3	2696.0	3268.4
96.0	593.2	1337.1	2739.7	3292.0
96.0	600.4	1520.0	2794.3	3305.4
0.0	610.6	1648.9	2818.4	3338.0
108.1	612.9	1726.2	2813.2	3314.0
101.7	564.1	1812.3	2818.1	3321.2
0.0	515.9	1879.6	2766.6	3284.5
0.0	472.4	1962.0	2787.2	3271.1
0.0	464.0	2006.6	2772.9	3218.8
0.0	633.4	1866.3	2683.4	3089.5
76.9	457.0	1722.9	2509.1	3133.3
0.0	414.6	1469.5	2471.5	3416.2
267.3	478.4	1631.1	2705.8	3450.1
114.3	713.0	1605.3	2505.1	3389.5
0.0	622.7	1530.4	2425.1	3381.0
0.0	659.9	1500.7	2342.9	3139.4
89.6	747.8	1590.8	2356.8	3248.0
155.2	707.7	1612.5	2431.7	3211.7
0.0	697.7	1687.1	2470.7	3271.8
135.2	751.8	1677.0	2305.3	3045.7
125.0	368.8	1686.1	2297.2	2968.8
126.3	556.0	1627.2	2311.5	3025.6
122.4	505.1	1535.6	2267.7	3106.9
120.0	821.7	1656.9	2357.1	3031.3
