0.0	0.0	0.0	0.0	0.0
0.0	0.0	0.0	0.0	0.0
0.0	0.0	0.0	0.0	0.0
0.0	808.7	1676.2	2599.3	3411.3
0.0	815.0	1687.2	2674.9	3530.2
0.0	783.7	1725.1	2614.4	3476.4
0.0	738.5	1669.2	2548.3	3385.5
0.0	903.1	1695.8	2631.5	3482.4
0.0	717.5	1746.5	2656.1	3595.6
0.0	913.8	1715.1	2576.1	3472.3
0.0	888.0	1693.6	2444.9	3357.3
0.0	898.4	1741.9	2696.3	3409.7
0.0	452.1	1602.6	2721.1	3401.2
0.0	428.4	1570.7	2638.6	3495.2
0.0	742.5	1631.5	2455.2	3378.0
66.3	440.9	1650.0	2449.0	3475.5
0.0	261.6	1599.9	2482.3	3588.8
0.0	464.6	1603.0	2585.8	3460.8
0.0	535.8	1664.4	2645.2	3499.5
89.2	511.7	1728.1	2645.3	3556.0
0.0	526.7	1765.0	2651.5	3504.2
96.6	536.0	1798.7	2682.7	3547.3
0.0	510.0	1836.5	2717.5	3617.1
0.0	482.0	1889.4	2711.1	3616.1
117.1	481.1	1894.8	2716.4	3544.9
116.0	479.4	1929.8	2757.1	3559.9
118.1	468.9	1963.3	2779.7	3628.0
118.9	484.4	2019.1	2788.2	3592.2
117.0	463.0	2042.4	2777.9	3467.9
115.9	473.9	2029.4	2789.9	3601.9
114.2	477.3	2071.0	2756.1	3721.2
114.7	470.5	2019.2	2763.0	3765.8
115.4	466.6	1976.7	2766.7	3614.5
114.6	475.3	1953.0	2772.0	3533.2
112.4	480.8	1898.8	2758.6	3539.7
110.5	499.0	1863.7	2725.3	3510.5
103.0	489.9	1840.5	2728.4	3496.3
98.2	475.4	1815.3	2725.8	3517.2
93.5	435.5	1779.7	2732.7	3505.7
90.2	420.9	1735.5	2708.8	3540.8
87.1	309.2	1708.7	2676.0	3575.2
83.8	322.6	1689.9	2661.9	3552.6
83.4	301.0	1680.8	2629.9	3509.3
81.7	254.7	1723.8	2700.8	3543.4
77.4	881.8	1628.5	2749.0	3545.7
218.2	821.2	1684.1	2746.8	3404.1
115.4	828.7	1738.6	2807.1	3480.1
571.4	835.3	1649.3	2705.2	3494.3
0.0	1017.9	1829.5	2717.0	3518.9
300.0	945.9	1847.0	2629.1	3539.4
0.0	899.4	1692.9	2676.1	3542.7
169.0	855.8	1617.4	2694.6	3542.0
173.9	1008.6	1778.4	2778.1	3617.1
110.1	789.8	1926.1	2739.2	3559.7
0.0	993.0	1885.6	2703.3	3409.3
0.0	980.0	1805.7	2813.3	3581.6
118.8	944.0	1789.9	2882.5	3798.4
413.8	886.8	1824.3	2807.2	3724.9
0.0	741.2	1812.0	2701.5	3688.3
0.0	780.7	1757.6	2696.5	3703.7
97.6	999.1	2180.5	2658.3	3616.0
272.7	830.1	2246.7	2683.7	3570.2
0.0	463.2	1015.5	2424.9	3489.3
0.0	432.0	1012.4	2436.5	3522.1
0.0	481.1	1047.7	2427.5	3531.0
122.6	545.8	1115.0	2396.6	3493.0
125.0	631.0	1225.1	2391.6	3508.8
122.5	662.7	1346.5	2432.9	3468.8
122.6	678.9	1453.3	2468.3	3442.4
123.4	679.3	1496.8	2482.1	3425.9
124.4	683.3	1510.6	2493.6	3432.5
125.7	699.4	1526.7	2436.1	3465.7
127.9	696.2	1535.2	2336.9	3495.2
128.6	704.6	1542.8	2357.3	3497.6
128.8	691.0	1541.9	2367.2	3545.5
130.7	694.0	1499.5	2373.9	3556.8
132.2	676.6	1466.8	2364.1	3547.2
132.5	657.0	1399.0	2336.0	3535.1
129.3	609.2	1319.9	2290.5	3333.1
114.3	523.3	1354.5	2305.9	3330.3
76.5	284.4	1385.5	2436.6	3396.5
69.6	820.3	1559.2	2526.2	3411.1
80.0	728.6	1745.6	2635.6	3465.6
67.4	822.5	1807.8	2679.0	3508.0
0.0	773.3	1645.4	2501.7	3472.6
0.0	665.4	1552.9	2526.7	3502.9
0.0	713.5	1624.3	2591.9	3491.5
0.0	317.3	1766.2	2487.0	3451.3
142.9	320.0	1529.9	2500.4	3395.9
121.2	285.7	1420.9	2507.3	3334.2
113.2	314.7	1407.5	2572.2	3426.4
110.1	276.4	1499.9	2543.6	3405.5
107.1	277.2	1541.3	2510.4	3300.4
250.0	432.4	1540.8	2487.1	3416.4
240.0	504.2	1569.4	2529.4	3530.5
218.2	499.9	1650.4	2563.4	3597.0
115.4	477.5	1712.1	2575.6	3611.5
114.8	469.7	1754.8	2554.9	3522.5
115.1	474.4	1769.8	2480.4	3415.9
116.3	469.0	1770.8	2396.7	3361.9
117.9	461.7	1753.8	2317.1	3300.4
117.7	470.0	1726.7	2177.2	3295.4
117.9	470.8	1683.5	2064.8	3286.1
117.6	466.8	1636.3	2044.8	3282.5
118.0	485.7	1614.4	2044.3	3267.2
117.3	493.8	1573.1	2099.6	3217.2
116.8	486.2	1547.8	2159.7	3210.7
116.6	512.0	1566.7	2254.2	3334.3
114.0	541.8	1619.6	2592.0	3541.0
112.8	783.7	1652.4	2626.5	3630.6
107.1	854.1	1844.9	2609.0	3582.6
105.3	910.3	1925.4	2706.1	3495.8
130.4	988.0	1910.7	2748.0	3590.3
333.3	991.9	1786.8	2649.9	3514.3
0.0	1029.5	1558.9	2626.2	3497.8
0.0	876.3	1572.0	2573.0	3475.2
0.0	950.9	1638.6	2610.7	3414.6
127.7	1158.9	1770.2	2700.1	3543.9
0.0	1103.9	1727.1	2648.0	3509.6
222.2	910.7	1781.1	2683.8	3537.1
375.0	572.3	1837.2	2565.4	3514.4
0.0	555.8	1419.6	2490.9	3232.4
0.0	606.6	1321.8	2533.5	3430.3
0.0	643.0	1292.2	2513.7	3399.3
108.2	667.9	1281.7	2522.0	3378.4
106.4	712.1	1257.2	2525.6	3397.9
102.9	717.3	1220.5	2421.5	3392.2
101.6	730.8	1221.5	2312.0	3353.0
100.5	764.6	1234.1	2309.5	3350.0
99.1	767.9	1230.3	2286.9	3349.4
97.6	756.5	1227.9	2300.6	3360.9
96.9	760.2	1246.5	2279.4	3325.7
96.8	757.4	1271.8	2287.8	3387.6
97.8	768.0	1283.0	2303.2	3439.7
98.4	760.7	1282.4	2312.6	3446.7
98.6	752.5	1299.4	2317.0	3436.8
98.4	728.9	1302.1	2331.9	3394.4
98.4	714.7	1314.0	2337.4	3458.4
97.0	726.7	1330.9	2338.1	3557.1
96.9	735.7	1329.5	2363.2	3613.2
96.5	750.4	1322.5	2363.1	3680.9
96.3	761.1	1323.5	2350.4	3665.7
95.2	726.1	1335.3	2354.6	3631.4
94.8	756.9	1346.6	2352.2	3662.4
94.4	736.0	1379.4	2347.8	3690.6
95.0	744.8	1452.7	2349.2	3642.4
93.2	704.9	1450.5	2366.4	3613.3
91.9	715.8	1464.1	2370.0	3588.8
91.9	677.6	1509.2	2374.0	3541.9
90.4	676.2	1592.6	2397.2	3656.3
88.2	680.2	1624.9	2380.4	3648.7
84.6	691.6	1634.1	2474.0	3680.0
81.7	629.6	1621.7	2536.8	3733.0
78.3	619.7	1641.2	2513.5	3693.2
81.7	604.5	1679.0	2520.1	3544.0
82.1	596.3	1692.5	2521.2	3464.6
81.9	600.2	1740.0	2601.9	3415.8
88.4	579.4	1745.5	2567.8	3475.4
85.3	584.2	1760.2	2587.4	3603.8
92.3	752.9	1749.6	2632.7	3645.3
99.2	812.5	1721.7	2734.0	3656.4
96.8	882.3	1791.8	2770.8	3733.1
0.0	748.2	1763.7	2735.9	3674.5
0.0	834.3	1917.8	2819.5	3630.3
0.0	700.9	1784.3	2739.9	3605.4
153.8	935.1	1930.8	2745.2	3713.1
100.0	898.5	1966.4	2748.3	3785.8
117.6	877.4	1789.3	2765.7	3606.4
266.7	722.1	1736.7	2717.4	3642.6
125.0	899.4	1762.6	2673.5	3767.4
166.7	843.3	1675.3	2770.4	3745.8
315.8	959.5	1742.5	2753.1	3688.6
133.3	962.9	1817.7	2688.1	3704.7
0.0	963.6	1815.3	2843.1	3716.5
279.1	880.0	1767.6	2786.4	3690.7
0.0	878.9	1798.8	2750.4	3742.4
139.5	767.0	1742.8	2748.5	3768.0
0.0	847.4	1697.9	2702.2	3684.3
375.0	807.9	1799.9	2773.3	3670.2
500.0	780.9	1733.9	2767.9	3681.9
0.0	808.5	1739.6	2840.4	3643.9
206.9	1099.3	1933.9	2888.1	3648.9
363.6	769.4	1762.6	2725.3	3628.5
363.6	797.7	1693.8	2838.5	3681.2
137.9	783.2	1731.7	2787.6	3642.9
266.7	534.1	1729.6	2615.8	3608.9
375.0	732.7	1734.3	2663.2	3719.8
100.8	823.5	1774.0	2748.0	3690.1
315.8	814.0	1805.5	2806.5	3622.6
130.4	881.8	1776.2	2689.1	3565.5
0.0	930.0	1773.2	2587.5	3609.1
0.0	802.4	1779.5	2710.7	3619.4
123.7	767.4	1758.6	2621.1	3480.1
0.0	966.2	1730.1	2514.4	3462.2
0.0	933.6	1709.3	2484.4	3523.2
0.0	927.1	1739.3	2495.3	3450.1
126.3	446.9	1638.7	2425.0	3357.7
0.0	663.6	1718.3	2508.6	3431.3
0.0	676.7	1675.5	2516.7	3540.2
0.0	361.6	1650.3	2548.4	3469.5
0.0	390.6	1703.4	2535.6	3388.8
0.0	821.5	1870.8	2584.3	3480.2
0.0	819.2	1793.9	2595.8	3481.1
0.0	415.5	1784.2	2687.6	3483.2
0.0	827.0	1841.9	2684.4	3439.5
0.0	832.3	1655.8	2502.3	3338.4
0.0	831.1	1793.0	2643.2	3465.6
0.0	964.2	1820.8	2667.3	3557.8
0.0	808.8	1728.5	2605.0	3406.3
0.0	472.5	1781.4	2509.8	3255.4
0.0	637.4	1769.4	2504.5	3411.3
0.0	490.4	1627.5	2569.8	3535.0
