0.0	0.0	0.0	0.0	0.0
0.0	0.0	0.0	0.0	0.0
0.0	0.0	0.0	0.0	0.0
0.0	978.9	1858.6	2671.5	3465.2
0.0	799.4	1719.7	2614.2	3458.4
0.0	659.6	1657.7	2683.9	3507.5
0.0	767.5	1670.8	2711.4	3466.2
0.0	745.5	1654.2	2543.3	3404.2
0.0	658.1	1702.1	2484.7	3423.9
0.0	614.6	1682.5	2491.0	3497.1
0.0	744.1	1669.6	2521.2	3487.6
0.0	907.7	1793.1	2720.0	3416.6
0.0	469.9	1746.9	2633.2	3396.3
0.0	200.0	1695.8	2455.6	3368.5
0.0	374.1	1637.6	2361.4	3304.8
166.0	378.2	1492.2	2493.6	3339.2
160.0	385.6	1510.9	2598.6	3265.5
153.7	366.7	1522.8	2645.4	3188.1
151.9	374.6	1579.4	2686.1	3305.6
148.1	356.9	1576.9	2695.0	3311.3
145.4	938.5	1802.7	2625.0	3311.5
143.4	839.6	1802.7	2663.4	3123.3
0.0	720.5	1808.1	2832.2	3194.7
173.9	518.0	1800.9	2845.7	3192.1
171.7	549.7	1839.3	2874.6	3238.2
176.6	555.8	1869.5	2919.4	3330.4
184.5	570.6	1901.6	2934.7	3387.6
190.2	585.3	1901.0	2941.8	3400.9
196.0	597.6	1906.6	2937.7	3370.1
199.7	595.2	1906.0	2932.4	3383.0
203.4	558.4	1828.8	2900.6	3495.9
204.5	504.4	1801.0	2712.8	3216.9
200.1	486.2	1687.1	2526.4	3008.9
205.8	476.3	1663.4	2585.3	2910.0
203.3	477.2	1566.8	2604.0	2903.3
203.4	476.2	1521.4	2431.7	2884.9
206.9	457.5	1170.8	2307.5	2854.9
206.9	443.0	1038.1	2350.9	2944.6
206.2	442.5	932.1	2443.1	2940.4
203.5	447.3	810.4	2378.9	2817.4
200.4	605.6	1109.1	2508.8	2848.2
193.3	599.5	1194.8	2523.7	2924.5
184.1	582.9	1089.8	2431.1	3192.5
173.1	465.3	853.9	2410.3	3242.8
169.9	354.8	953.9	2612.3	3233.6
175.6	353.0	1041.2	2616.0	3370.7
176.1	345.4	1257.2	2581.2	3444.2
172.1	344.5	1586.6	2547.6	3319.5
164.7	332.5	1752.6	2520.7	3460.1
160.7	325.6	2010.2	2516.4	3567.0
156.4	303.4	2126.9	2499.6	3637.6
155.1	300.7	2120.4	2507.5	3531.4
152.0	330.5	1999.9	2465.2	3295.8
149.8	401.4	1892.3	2412.2	3147.4
146.8	423.8	1740.8	2365.7	3135.3
148.7	419.0	1630.3	2347.0	3370.4
145.1	785.3	1488.3	2378.0	3238.3
143.2	754.1	1536.4	2284.0	3099.3
150.0	599.2	1616.4	2263.9	3262.5
144.6	503.9	1214.1	2088.2	3309.9
142.6	619.0	1631.7	2346.0	3266.7
142.5	300.1	1784.7	2656.3	3409.8
139.2	316.2	1693.9	2568.1	3300.6
138.1	360.0	1541.4	2357.4	3131.3
148.1	421.8	1255.7	1868.6	3125.0
151.9	441.0	1204.5	1755.9	3144.1
162.9	397.8	1206.4	1709.9	3286.4
170.0	372.4	1280.4	1682.1	3588.3
177.5	374.8	1387.5	1691.6	3594.8
181.8	380.5	1500.8	1700.4	3569.9
184.8	380.9	1562.5	1753.3	3515.3
190.6	393.6	1694.0	1945.2	3460.0
198.2	414.5	1714.1	2110.6	3431.6
206.0	460.6	1779.1	2217.2	3399.6
212.9	469.4	1812.0	2401.6	3398.3
220.8	452.9	1868.4	2462.1	3425.5
229.7	477.2	1896.8	2447.2	3335.5
240.8	495.9	1857.1	2437.9	3406.3
252.4	544.0	1752.3	2391.8	3291.6
263.7	544.4	1628.8	2399.0	3245.5
267.8	531.0	1480.2	2442.4	3294.1
269.3	526.8	1299.2	2465.3	3324.0
265.7	476.0	1157.5	2520.4	3281.3
258.4	517.5	1114.1	2610.0	3431.5
247.7	493.6	1125.9	2648.2	3543.6
235.5	448.5	1096.0	2679.5	3548.3
223.8	432.2	1167.8	2649.0	3480.7
207.2	505.4	1343.4	2633.5	3496.1
190.3	517.8	1490.8	2649.8	3442.9
176.3	496.2	1693.0	2657.1	3312.2
169.9	481.7	1828.9	2666.9	3274.2
162.7	467.9	1960.9	2701.1	3357.6
159.2	460.5	2068.0	2701.7	3379.0
154.7	447.6	2158.9	2655.4	3278.9
150.4	447.9	2212.2	2601.1	3172.8
147.1	429.6	2243.9	2641.4	3298.8
144.3	425.0	2272.4	2689.0	3455.4
140.6	432.3	2286.1	2674.3	3478.5
142.2	429.2	2248.3	2569.3	3228.3
135.3	594.8	2207.4	2580.6	3328.2
134.2	677.2	2169.5	2629.1	3305.1
64.0	666.0	2121.1	2516.1	3152.7
126.3	723.6	2100.3	2652.7	3263.2
121.2	774.2	2022.5	2639.0	3149.6
125.0	808.2	2031.3	2531.5	3264.6
127.7	786.0	1954.5	2519.6	3260.4
151.9	659.0	1907.2	2604.3	3085.9
171.9	648.9	1856.8	2580.6	3037.0
166.1	630.8	1839.7	2585.3	3089.1
158.8	627.7	1817.9	2539.9	3017.4
153.8	634.6	1787.2	2513.4	2979.6
147.0	638.6	1761.2	2525.0	2962.2
143.1	640.8	1721.8	2593.3	3150.4
140.1	654.2	1695.9	2582.4	3056.0
135.3	661.0	1627.1	2362.9	2825.4
134.9	635.9	1567.4	2524.9	3040.6
134.2	601.9	1548.1	2589.7	3643.3
132.7	582.9	1491.8	2607.8	3259.5
129.5	550.7	1419.2	2624.2	3327.9
126.8	786.4	1476.7	2682.8	3559.3
124.9	758.9	1706.6	2835.2	3718.4
63.5	754.8	1900.8	3030.8	3837.5
0.0	758.0	1786.4	2858.3	3816.1
0.0	768.3	1749.1	2888.4	3812.6
0.0	742.4	1892.3	3121.6	3843.7
0.0	877.3	1786.7	3125.0	3956.7
0.0	829.4	1646.9	2992.7	4023.3
0.0	647.5	1720.0	2937.1	4023.2
206.9	1162.8	1928.6	2900.0	4036.5
0.0	672.3	1668.6	2799.2	3998.5
0.0	933.9	1783.1	2866.2	3990.1
480.0	883.0	1581.9	2862.2	3873.4
300.0	641.0	1457.0	2762.1	3839.4
206.9	644.3	1416.9	2744.9	3736.0
0.0	622.0	1388.9	2749.2	3476.1
189.8	627.5	1380.5	2780.1	3549.9
158.0	626.4	1364.1	2813.6	3506.7
151.9	634.8	1321.9	2808.7	3457.8
146.1	631.4	1262.9	2805.4	3234.0
144.0	603.9	1207.3	2795.8	3448.5
141.6	588.3	1131.1	2558.3	3454.0
139.4	492.4	1093.4	2454.3	3483.7
137.8	403.0	1070.3	2667.1	3635.7
138.7	346.6	1048.1	2677.2	3589.5
138.6	321.8	1042.4	2654.5	3706.6
138.3	315.3	1047.9	2597.8	3605.8
137.0	424.0	1108.1	2553.9	3282.3
136.3	435.9	1208.2	2519.2	3436.4
133.2	388.0	1497.5	2413.7	3417.0
129.0	507.0	1557.8	2457.4	3483.3
66.3	614.2	1546.2	2533.0	3509.4
94.5	560.1	1488.2	2567.1	3486.3
0.0	638.8	1238.0	2621.2	3493.1
461.5	705.0	1402.7	2619.7	3553.2
244.9	763.3	1111.9	2650.3	3722.9
106.2	705.5	1066.5	2683.7	3624.5
0.0	566.7	888.8	2708.7	3244.8
0.0	579.6	936.0	2731.5	3513.4
0.0	609.9	1002.4	2716.2	3310.0
155.8	633.5	1127.1	2705.0	3481.1
150.0	634.5	1228.5	2658.9	3351.8
144.8	620.9	1368.2	2630.2	3160.6
141.3	607.9	1503.0	2656.6	3144.7
139.8	586.0	1632.5	2576.7	3162.4
139.1	549.3	1736.9	2545.7	3168.1
138.0	524.8	1816.2	2590.3	3226.3
137.9	494.3	1881.8	2587.2	3153.4
138.9	455.1	1947.1	2581.1	3503.0
138.6	432.9	1955.6	2587.4	3578.1
138.0	433.4	1953.2	2611.1	3749.8
133.9	566.6	1939.8	2653.7	3718.6
126.1	648.5	1914.7	2705.9	3946.6
133.3	783.3	1992.7	3307.6	4850.9
0.0	861.3	1958.1	3284.3	4993.2
0.0	636.0	1981.0	3087.2	4459.4
0.0	934.9	1956.6	2930.7	4007.2
203.4	907.1	1900.0	3090.3	4127.4
0.0	654.9	1765.9	2815.8	4121.4
0.0	736.7	1705.5	2732.4	4056.1
428.6	895.4	2376.8	3172.7	4488.7
69.8	968.5	2247.4	3266.5	4947.3
0.0	486.9	1673.9	3081.4	4531.0
0.0	867.4	1872.7	3042.7	4047.8
91.6	430.8	1880.4	2968.4	4038.0
71.4	807.1	1688.4	2648.5	3711.0
64.5	800.2	1743.8	2579.6	3572.5
0.0	966.1	1882.5	2734.7	3422.3
0.0	925.5	2112.7	3000.1	3664.9
0.0	763.1	1733.0	2667.3	3728.7
0.0	706.4	1683.2	2491.1	3731.0
0.0	596.8	1688.7	2378.0	3568.9
0.0	450.3	1727.9	2278.2	3437.4
151.6	446.6	1736.2	2230.5	3029.6
149.5	449.5	1725.5	2228.2	3354.2
140.3	481.8	1725.6	2251.4	3302.0
136.1	494.0	1776.4	2243.8	3114.4
66.3	493.4	1764.7	2265.8	3236.1
65.5	1083.2	1740.3	2261.3	3282.5
127.5	1035.7	1802.5	2219.0	3175.2
0.0	499.4	1923.8	2276.9	3557.4
144.6	436.1	1913.0	2314.2	3746.9
144.6	467.7	1862.5	2317.3	3542.4
141.2	512.8	1807.7	2359.5	3572.8
140.5	544.7	1737.0	2388.0	3419.3
137.4	556.0	1692.3	2407.9	3314.1
133.7	576.4	1650.8	2420.0	3482.3
130.4	598.1	1613.9	2425.0	3525.4
128.6	610.2	1554.9	2427.5	3437.5
126.2	604.5	1514.6	2419.4	3578.9
124.3	619.8	1488.5	2406.8	3609.5
122.5	616.0	1467.9	2406.0	3295.5
122.3	620.3	1445.8	2406.4	3150.8
122.6	624.4	1411.2	2395.7	3390.8
122.0	646.4	1372.3	2395.7	3377.6
120.2	664.2	1345.0	2380.0	3296.5
119.6	652.8	1308.6	2368.3	3399.3
119.3	650.6	1287.4	2355.9	3268.4
118.5	621.7	1252.3	2345.3	3338.5
120.2	619.5	1212.6	2343.2	3392.0
118.7	615.6	1184.6	2341.3	3345.1
119.7	620.5	1153.8	2344.0	3392.3
118.9	615.6	1102.7	2339.4	3351.1
119.0	600.6	1062.2	2298.1	3307.8
116.6	595.6	1043.0	2292.2	3308.0
117.2	546.1	1003.7	2293.9	3342.7
117.6	504.0	977.8	2414.2	3375.5
117.0	537.1	1045.4	2492.2	3372.8
115.4	566.2	1083.1	2393.6	3326.5
112.1	818.7	1443.4	2313.4	3330.4
108.1	880.1	1451.6	2458.9	3180.2
110.1	883.6	1529.8	2493.3	3303.6
73.2	867.4	1891.0	2502.3	3403.4
222.2	713.1	1759.4	2463.5	3381.7
0.0	697.5	1557.8	2362.6	3377.0
0.0	690.0	1580.7	2332.6	3319.9
0.0	907.1	1637.2	2487.2	3333.6
0.0	903.7	1673.8	2495.2	3386.1
0.0	716.8	1686.3	2642.6	3423.4
0.0	1023.1	1716.9	2583.6	3437.6
