0.0	0.0	0.0	0.0	0.0
0.0	0.0	0.0	0.0	0.0
0.0	0.0	0.0	0.0	0.0
0.0	863.2	1917.6	2540.1	3335.5
0.0	938.6	1838.1	2595.1	3413.0
0.0	929.9	1798.3	2638.0	3522.0
0.0	854.9	1700.1	2681.9	3497.4
0.0	824.9	1677.9	2662.2	3466.7
0.0	1055.1	1774.5	2597.4	3441.8
0.0	640.2	1783.8	2583.5	3456.0
0.0	861.3	1772.4	2643.6	3458.3
0.0	851.4	1863.8	2617.8	3437.9
0.0	850.0	1845.5	2562.7	3424.0
0.0	829.8	1849.3	2556.3	3351.7
0.0	917.1	1825.9	2663.0	3427.5
0.0	884.2	1627.7	2639.6	3420.8
0.0	719.7	1627.9	2585.9	3408.9
0.0	650.3	1580.0	2534.4	3379.3
0.0	726.1	1400.9	2363.3	3298.2
0.0	613.1	1299.9	2344.4	3201.6
240.0	505.7	1342.4	2448.9	3168.4
0.0	486.3	1308.4	2473.6	3204.8
0.0	494.1	1390.8	2446.8	3237.9
123.6	510.7	1477.8	2469.0	3255.7
123.0	514.3	1536.4	2512.6	3331.2
121.3	503.8	1598.1	2566.1	3461.3
120.9	484.4	1622.4	2628.2	3564.0
119.7	439.1	1654.3	2642.4	3619.9
113.3	413.0	1656.8	2597.1	3499.7
109.9	423.4	1710.1	2596.7	3410.0
113.1	263.4	1740.6	2640.8	3488.1
106.2	200.0	1608.3	2501.7	3314.0
176.5	208.9	1633.8	2394.0	3331.6
571.4	200.0	1802.7	2445.2	3585.6
184.6	266.9	1658.4	2543.6	3704.4
100.9	262.7	1647.1	2603.0	3658.5
115.7	277.2	1682.2	2593.2	3509.7
109.8	256.2	1663.0	2615.6	3370.8
0.0	238.2	1616.4	2658.2	3392.1
63.5	236.7	1609.9	2599.9	3438.5
0.0	338.1	1609.4	2636.2	3695.4
121.4	451.0	1633.2	2708.9	3714.5
124.3	528.2	1696.3	2726.5	3594.6
116.0	581.8	1730.4	2745.1	3547.4
110.4	603.0	1745.0	2756.7	3624.4
106.3	635.5	1742.8	2752.9	3566.3
104.1	648.5	1722.7	2751.8	3538.5
103.5	658.7	1696.0	2746.0	3565.6
104.0	684.3	1654.4	2748.2	3541.8
105.5	681.5	1619.0	2716.9	3508.2
107.0	839.8	1632.0	2688.2	3480.9
111.7	877.6	1603.8	2697.9	3532.8
113.1	740.9	1553.2	2671.0	3515.6
113.9	676.2	1545.1	2646.7	3407.2
115.3	698.0	1494.2	2642.5	3270.4
115.9	694.2	1469.6	2631.6	3256.2
116.2	655.9	1431.9	2604.0	3254.0
115.9	631.3	1399.2	2599.6	3337.9
115.9	598.4	1381.3	2575.7	3300.2
117.1	619.4	1324.4	2567.6	3239.0
117.4	609.8	1269.0	2582.7	3249.4
118.0	576.9	1257.4	2591.8	3211.3
118.3	553.5	1276.0	2574.0	3152.6
118.2	534.7	1354.4	2535.2	3029.3
117.7	498.1	1422.3	2444.0	2937.3
118.0	541.7	1499.7	2391.9	2915.8
117.7	595.2	1629.0	2397.9	2823.5
117.2	625.1	1695.5	2620.6	3143.0
118.9	762.5	1773.3	2823.7	3333.5
115.4	903.7	1972.8	2903.9	3497.8
0.0	990.4	2025.0	3013.5	3515.0
413.8	926.9	2107.9	3016.0	3547.4
0.0	1001.5	2098.5	2975.0	3608.6
0.0	544.2	1954.1	2927.6	3689.4
103.4	1042.3	2103.8	2911.0	3718.3
88.9	629.2	1989.9	2959.8	3694.0
0.0	995.2	2070.9	2914.9	3728.5
0.0	541.7	2058.8	2789.7	3652.1
0.0	478.0	2036.7	2710.3	3615.7
480.0	788.2	2029.2	2689.6	3558.2
87.6	830.8	1881.7	2667.6	3458.1
363.6	799.0	1671.8	2613.8	3480.6
0.0	406.7	1983.2	2643.2	3598.2
155.8	361.5	1997.6	2642.0	3613.4
0.0	473.2	1978.5	2662.8	3593.1
110.1	898.1	1930.2	2672.8	3598.4
112.1	786.5	1823.5	2681.9	3579.9
0.0	696.3	1794.5	2621.5	3601.8
196.7	656.1	1887.2	2990.1	4053.1
106.2	739.1	1822.2	3149.4	4703.6
413.8	889.8	1825.4	3040.4	4090.7
500.0	1043.3	1966.6	3098.2	4215.7
137.9	978.4	1995.5	3082.9	4138.8
333.3	936.4	2060.7	3138.4	4162.8
113.2	744.9	1910.9	3095.6	3958.7
0.0	739.7	1684.8	2866.4	3634.5
571.4	632.4	1619.0	2805.9	3583.2
375.0	836.0	1754.8	2627.6	3497.0
169.0	598.0	1678.2	2539.0	3448.6
86.3	508.0	1659.6	2658.6	3698.2
0.0	567.7	1703.7	2653.7	3767.3
109.4	545.7	1759.3	2649.4	3772.7
112.6	561.4	1793.2	2654.2	3744.4
111.5	556.6	1829.5	2647.6	3734.9
112.0	557.7	1859.3	2624.9	3721.6
111.7	541.9	1920.1	2621.8	3719.9
111.4	551.0	1982.1	2606.6	3643.1
110.8	550.1	2018.3	2608.7	3603.3
109.7	557.8	2064.6	2612.4	3640.1
109.8	567.2	2113.3	2617.0	3645.0
108.3	562.6	2172.2	2600.0	3622.2
107.7	544.3	2235.7	2611.3	3656.5
107.3	444.4	2283.1	2571.6	3685.8
107.0	368.8	2238.8	2525.8	3809.4
106.1	381.3	1967.8	2438.6	3777.8
104.5	499.6	1733.3	2418.5	3749.6
104.3	257.0	1913.3	2581.4	3719.8
104.6	723.6	1918.6	2606.5	3676.9
112.1	627.7	1607.7	2428.2	3622.5
107.1	646.3	1397.3	2546.2	3573.4
193.5	255.6	1399.2	2500.7	3413.3
218.1	517.3	1429.1	2449.7	3308.1
235.5	656.8	1444.2	2416.5	3324.5
0.0	630.1	1458.4	2272.2	3526.1
0.0	599.7	1465.2	2580.5	3588.0
275.8	903.8	1777.0	2445.6	3481.7
0.0	483.4	1600.0	2467.4	3325.7
196.7	642.1	1303.1	2775.3	3413.0
0.0	374.5	1237.0	2865.9	3474.2
0.0	381.7	1067.1	2767.1	3483.4
0.0	362.0	1064.0	2732.0	3451.4
109.1	349.0	1069.6	2706.9	3421.1
107.1	306.5	1093.6	2706.6	3432.6
107.1	379.1	1124.3	2746.0	3436.1
105.6	463.5	1177.7	2767.1	3404.4
110.2	504.0	1226.9	2748.7	3363.4
109.7	526.6	1230.7	2723.6	3288.9
108.0	518.9	1193.1	2702.0	3215.0
107.6	527.3	1143.6	2666.4	3132.8
107.8	522.2	1108.2	2608.9	3079.9
108.3	497.8	1063.2	2587.3	3090.0
108.4	523.2	1020.0	2575.0	3075.6
108.7	487.2	979.2	2514.2	3041.6
109.0	469.3	935.0	2459.8	3025.5
108.2	450.9	920.1	2435.5	3019.0
108.0	453.9	928.4	2392.4	3024.2
107.9	465.6	975.5	2342.3	3000.1
108.0	466.4	1021.8	2255.4	2960.8
109.0	468.6	1083.6	2175.6	2978.7
110.2	465.5	1127.4	2106.5	2964.1
110.4	469.3	1196.3	2041.1	2935.1
110.7	451.7	1248.2	2032.9	2919.3
110.5	460.2	1294.9	1997.2	2944.8
110.1	449.8	1370.2	1978.1	2928.4
109.4	440.6	1443.0	1972.9	2933.4
108.7	423.6	1490.2	1978.7	2907.3
107.2	411.5	1539.5	1960.2	2971.3
106.1	481.4	1643.3	2049.4	3192.0
102.3	235.3	1663.9	2325.5	3301.7
95.2	809.4	1648.6	2526.1	3324.1
0.0	856.4	1856.5	2412.3	3282.3
0.0	535.7	1743.6	2412.9	3477.2
0.0	1057.4	1982.5	2704.7	3485.8
0.0	1162.9	2001.4	2694.7	3343.2
0.0	658.1	1850.5	2680.1	3495.1
0.0	740.5	1752.5	2706.8	3547.0
131.9	797.2	1689.4	2675.3	3499.9
477.8	665.1	1594.1	2654.1	3420.9
480.0	507.2	1566.4	2650.9	3415.8
0.0	492.3	1501.4	2656.0	3524.3
139.5	454.5	1440.1	2647.7	3515.7
144.5	368.2	1431.8	2592.2	3457.4
101.4	810.7	1516.1	2601.8	3413.5
100.0	880.6	1601.0	2656.6	3488.7
103.4	769.8	1618.1	2642.3	3473.8
0.0	618.6	1527.4	2619.0	3409.9
0.0	457.4	1497.7	2593.7	3259.5
109.7	443.2	1509.3	2530.2	3150.6
107.2	448.1	1473.0	2375.0	2978.1
105.0	452.4	1404.4	2155.5	2901.3
103.1	448.8	1323.9	1939.1	2849.8
101.9	448.3	1249.5	1825.4	2851.2
101.1	467.5	1173.6	1776.2	2983.2
99.4	485.2	1135.3	1732.6	3091.4
98.3	507.3	1171.4	1700.0	3023.3
98.8	487.4	1155.8	1694.4	3009.4
99.9	498.5	1157.4	1745.0	3002.2
99.9	499.6	1168.7	1770.8	2945.5
99.1	545.3	1204.2	1820.6	2904.8
98.3	579.9	1238.7	1875.5	2909.3
97.3	613.8	1258.2	1949.7	2910.6
96.1	635.4	1218.4	2009.6	2959.8
95.4	721.3	1245.9	2003.4	2953.0
94.8	721.9	1346.2	2038.4	2960.2
95.1	746.2	1383.8	2078.7	3047.5
95.8	758.6	1385.4	2127.7	3038.5
97.6	738.2	1366.6	2183.0	3016.6
95.0	774.1	1304.8	2243.8	3042.2
96.0	735.7	1273.5	2250.5	3071.5
95.3	768.7	1375.5	2231.6	3031.5
94.9	805.2	1428.2	2243.0	3061.0
95.0	779.5	1376.8	2252.0	3050.8
95.4	705.4	1361.0	2247.5	3062.5
88.2	609.1	1404.7	2254.0	3061.0
84.8	678.3	1408.5	2268.7	3084.0
63.5	1034.7	1571.6	2280.4	3109.3
196.9	1104.7	1588.9	2166.6	3196.7
65.6	743.2	1607.6	2119.0	3228.1
0.0	623.9	1668.5	2392.3	3306.3
0.0	643.9	1698.5	2603.3	3462.1
0.0	705.1	1796.9	2557.5	3449.8
0.0	675.0	1838.7	2613.2	3363.1
0.0	827.1	1830.1	2717.7	3357.1
0.0	366.7	1704.7	2313.6	3301.8
0.0	628.2	1784.0	2431.6	3354.1
0.0	526.6	1846.6	2471.7	3317.0
222.2	675.1	1806.2	2432.9	3225.2
0.0	774.4	1822.4	2553.7	3271.7
0.0	745.1	1860.1	2506.4	3268.4
364.4	633.7	1778.0	2443.6	3246.7
377.9	635.9	1685.8	2435.0	3259.5
0.0	635.4	1725.1	2269.2	3139.1
82.2	590.7	1738.2	2281.3	3118.5
0.0	689.7	1712.6	2384.0	3212.9
84.3	738.5	1710.2	2334.2	3157.7
0.0	706.3	1738.0	2444.3	3220.9
0.0	682.6	1705.2	2493.8	3266.4
101.5	658.9	1693.8	2332.6	3198.0
244.0	630.8	1706.2	2388.6	3303.2
