0.0	0.0	0.0	0.0	0.0
0.0	0.0	0.0	0.0	0.0
0.0	0.0	0.0	0.0	0.0
0.0	633.9	1610.5	2622.1	3478.2
0.0	670.9	1675.2	2541.3	3377.1
0.0	779.5	1710.1	2577.0	3434.8
0.0	953.9	1748.8	2686.6	3459.4
0.0	904.1	1849.9	2624.3	3414.4
0.0	800.7	1690.7	2583.7	3392.8
0.0	828.1	1555.1	2528.7	3397.2
0.0	736.8	1633.1	2529.2	3455.5
0.0	738.4	1713.0	2537.5	3451.2
0.0	798.4	1769.6	2455.6	3441.2
0.0	752.4	1793.2	2719.1	3540.4
0.0	706.3	1805.3	2655.0	3538.0
0.0	792.3	1744.5	2590.2	3494.5
0.0	576.5	1422.9	2532.0	3306.1
0.0	426.1	1041.8	2249.3	3082.5
170.0	453.6	1091.8	2215.9	3091.3
0.0	430.4	1180.6	2206.0	3092.4
67.0	439.7	1262.0	2210.5	3083.2
131.2	446.5	1268.7	2180.8	3090.1
135.1	462.6	1274.2	2188.1	3063.2
137.0	465.8	1265.4	2192.4	3076.7
137.4	456.8	1231.6	2201.9	3088.4
138.6	452.1	1183.3	2215.7	3109.0
141.0	452.5	1087.9	2242.2	3132.8
142.4	406.3	965.3	2238.5	3124.1
143.1	377.5	877.3	2214.6	3109.7
143.8	439.8	844.8	2191.7	3116.8
141.7	426.4	859.3	2193.8	3099.9
141.1	456.9	864.5	2121.7	3037.3
141.2	445.9	876.3	2109.7	3084.7
141.7	391.5	940.4	2110.3	3116.8
141.3	418.1	1037.2	2110.0	3093.8
141.4	436.7	1146.2	2123.4	3105.9
140.9	443.7	1263.2	2153.5	3108.3
139.9	465.7	1379.7	2206.8	3123.3
138.6	480.5	1498.0	2355.0	3239.7
136.2	487.3	1551.5	2480.7	3391.6
133.6	460.6	1564.4	2506.7	3544.5
131.4	477.2	1536.2	2517.8	3593.7
129.8	513.6	1474.9	2519.0	3593.0
126.4	483.5	1461.1	2489.9	3601.0
120.9	437.6	1448.3	2504.0	3675.2
120.0	446.5	1470.3	2494.5	3676.8
121.0	433.7	1550.9	2502.7	3603.5
122.4	460.3	1644.7	2516.4	3624.1
125.3	479.9	1721.3	2532.1	3641.8
125.3	482.1	1816.8	2548.8	3618.9
120.0	500.8	1893.8	2583.7	3675.9
120.8	520.1	1960.0	2638.3	3659.8
121.0	529.1	1994.0	2655.2	3638.9
119.3	524.6	2003.8	2666.2	3610.2
119.9	475.6	1993.7	2652.1	3558.1
119.0	460.1	1946.9	2619.8	3571.3
118.3	435.5	1849.6	2601.8	3646.9
117.9	389.7	1728.0	2540.6	3660.2
115.5	262.6	1706.8	2557.0	3677.0
117.0	243.5	1649.1	2576.8	3633.8
122.4	371.7	1614.2	2565.4	3535.0
122.5	428.7	1616.5	2683.3	3659.5
126.7	468.0	1681.2	2720.4	3705.4
128.8	560.0	1726.8	2721.2	3654.2
127.2	566.4	1746.8	2750.7	3587.8
126.0	569.5	1764.7	2755.1	3502.3
127.1	622.6	1746.7	2732.8	3577.0
128.8	654.5	1697.6	2726.7	3543.6
132.2	667.5	1684.6	2703.9	3455.9
131.5	656.8	1680.3	2712.4	3493.6
131.9	637.6	1663.4	2709.0	3476.9
131.9	661.0	1653.3	2702.4	3446.2
132.9	654.1	1633.6	2710.1	3424.7
131.0	629.2	1604.0	2717.8	3394.1
129.8	668.6	1624.7	2710.8	3378.2
126.2	619.5	1614.6	2736.6	3438.3
123.7	584.6	1591.2	2702.8	3440.4
120.8	687.1	1583.3	2679.0	3456.1
115.8	655.9	1503.7	2570.1	3345.1
113.5	647.7	1444.8	2604.8	3283.1
108.4	664.7	1411.1	2701.3	3361.0
106.6	720.9	1358.9	2683.9	3280.8
103.8	646.7	1320.7	2506.4	3194.7
103.8	597.2	1251.3	2594.4	3196.5
101.9	614.2	1192.1	2572.0	3221.6
103.3	646.2	1148.5	2697.6	3233.7
102.1	697.1	1129.2	2728.0	3250.7
102.8	742.2	1095.9	2689.8	3256.2
102.9	774.0	1237.0	2946.2	3381.6
102.8	940.3	1529.9	3040.3	3402.9
101.5	934.1	1488.9	2815.0	3279.8
98.1	951.5	1382.0	2735.2	3295.7
93.7	853.7	1156.4	2537.1	3250.3
96.0	901.8	1414.8	2598.1	3326.5
85.1	925.7	1423.3	2594.0	3327.4
0.0	942.9	1393.0	2582.7	3294.9
0.0	1049.4	1508.8	2639.1	3273.1
0.0	902.4	1402.9	2512.5	3252.4
0.0	823.1	1310.9	2412.2	3280.1
