0.0	0.0	0.0	0.0	0.0
0.0	0.0	0.0	0.0	0.0
0.0	0.0	0.0	0.0	0.0
0.0	731.4	1846.5	2714.3	3637.8
0.0	843.0	1787.1	2699.1	3555.8
0.0	888.0	1666.6	2598.8	3571.1
0.0	714.7	1828.6	2629.2	3449.9
0.0	721.0	1944.8	2756.2	3561.6
0.0	928.9	1721.3	2757.1	3506.0
0.0	754.4	1612.9	2638.5	3299.1
0.0	939.7	1724.8	2673.9	3443.1
0.0	1006.9	1776.1	2654.7	3432.2
0.0	993.5	1904.3	2686.4	3455.2
0.0	924.3	1789.4	2639.3	3344.7
0.0	920.4	1807.0	2606.8	3294.5
0.0	809.3	1825.2	2682.8	3463.2
0.0	468.8	1533.4	2649.7	3364.4
110.1	628.0	1559.8	2690.0	3151.3
0.0	595.5	1625.3	2700.4	3083.0
0.0	544.2	1649.8	2753.2	3375.6
101.7	500.1	1662.0	2655.8	3241.0
101.7	392.1	1614.6	2641.2	3428.5
79.5	790.2	1756.1	2757.2	3534.6
70.6	1005.2	1896.3	2932.0	3581.2
218.2	935.2	1898.7	2924.8	3455.2
545.5	928.8	1946.2	2627.4	3448.2
0.0	734.6	1773.1	2590.0	3322.6
0.0	713.9	1790.8	2763.5	3202.8
428.6	646.2	1755.7	2818.2	3315.8
0.0	745.2	1690.6	2832.7	3509.9
96.0	803.5	1664.2	2814.4	3602.7
0.0	828.7	1466.3	2730.0	3497.5
132.8	757.8	1481.7	2698.7	3595.4
129.0	755.2	1478.8	2654.6	3605.8
122.7	743.8	1474.8	2662.6	3579.0
119.9	661.7	1456.2	2606.6	3554.3
119.9	635.7	1420.0	2636.7	3563.2
120.7	649.4	1450.7	2663.6	3621.2
124.7	651.1	1493.9	2680.0	3640.6
126.9	651.3	1569.2	2684.1	3654.2
128.9	639.3	1557.5	2693.4	3694.5
129.8	615.0	1543.3	2704.4	3698.8
131.0	619.5	1524.2	2681.4	3664.2
129.4	709.0	1475.0	2570.6	3485.5
63.8	735.1	1540.6	2520.9	3344.1
134.5	505.2	1843.9	2633.4	3515.8
135.2	503.6	2025.7	2769.5	3617.9
136.7	502.8	2153.2	2848.4	3709.9
130.2	453.5	2241.7	2951.1	3727.3
129.2	460.6	2262.9	2935.4	3697.2
127.9	448.6	2257.9	2903.0	3704.6
125.6	517.0	2251.3	2722.2	3613.9
122.9	503.6	2293.6	2799.4	3553.1
120.3	495.6	2280.7	2765.0	3476.6
116.3	473.3	2248.1	2728.4	3494.1
111.1	484.6	2195.0	2801.3	3546.8
111.3	576.4	2157.7	2746.6	3420.5
108.4	495.8	2163.0	2688.0	3320.2
107.1	514.7	2169.6	2706.8	3339.5
110.6	523.5	2163.9	2671.9	3399.8
112.1	523.8	2167.6	2648.5	3344.6
116.6	523.2	2173.0	2665.4	3372.3
119.7	480.7	2136.9	2660.2	3415.7
122.2	501.9	2110.0	2639.8	3410.1
123.3	520.4	2137.2	2658.6	3369.0
124.1	508.3	2152.0	2701.6	3458.6
123.2	512.6	2143.6	2617.6	3411.4
122.1	501.7	2142.8	2665.1	3475.8
121.0	487.6	2111.6	2682.1	3528.6
119.6	507.1	2076.9	2673.4	3562.5
118.9	505.3	2012.3	2658.5	3551.5
117.5	487.5	1914.1	2632.8	3474.7
116.6	471.0	1796.4	2598.1	3483.6
115.5	440.2	1047.7	2484.6	3578.3
112.0	414.2	923.1	2460.5	3571.1
112.1	486.6	1021.0	2417.2	3206.6
235.3	433.8	1261.6	2470.6	3120.5
109.1	326.7	1345.0	2471.9	3393.4
107.9	829.7	1793.8	2592.9	3372.8
111.1	763.3	1733.1	2590.3	3446.3
122.4	897.3	1725.0	2627.5	3474.0
0.0	840.6	1745.1	2630.6	3419.5
0.0	830.8	1809.6	2628.4	3369.3
0.0	883.9	1886.5	2707.7	3266.7
342.9	893.5	1706.7	2697.9	3363.2
0.0	888.4	1565.7	2609.8	3370.6
0.0	854.1	1458.7	2483.7	3362.8
545.5	729.9	1461.6	2448.5	3354.3
500.0	637.4	1244.0	2390.4	3262.4
0.0	486.8	923.4	2387.6	3289.5
129.4	492.3	906.6	2396.4	3365.0
113.8	478.6	867.9	2404.4	3419.9
114.3	488.2	849.4	2413.1	3358.5
113.3	475.9	840.6	2415.5	3316.1
112.8	498.6	853.0	2416.2	3287.1
111.9	475.4	870.1	2419.0	3264.8
110.4	487.4	867.9	2416.1	3220.9
110.0	489.6	848.4	2421.3	3250.8
109.1	484.8	845.7	2417.0	3247.0
109.1	485.2	851.9	2418.6	3235.0
106.4	489.9	862.3	2420.8	3256.5
108.1	492.2	869.5	2412.2	3325.9
107.2	509.3	877.9	2421.7	3366.2
107.7	502.0	898.0	2494.3	3515.0
107.4	510.9	912.0	2609.0	3431.4
107.3	524.6	942.7	2694.4	3446.1
108.0	513.2	956.6	2760.5	3602.8
107.3	508.0	1013.2	2762.4	3713.8
107.8	392.5	1005.0	2708.6	3657.9
106.7	285.9	940.2	2705.7	3644.9
104.8	441.3	996.6	2728.9	3716.0
107.1	413.2	1030.5	2714.4	3750.7
105.3	379.4	1034.3	2714.9	3677.6
105.3	321.3	1045.5	2692.2	3715.1
104.8	289.3	1165.1	2659.6	3767.6
104.2	509.7	1341.5	2675.8	3725.5
220.2	533.0	1456.5	2704.0	3658.7
218.8	515.7	1507.3	2661.1	3524.4
103.5	555.9	1483.0	2541.2	3426.2
104.3	566.2	1484.8	2427.6	3385.8
104.4	532.9	1513.0	2241.4	3329.8
104.7	513.6	1486.9	2135.5	3359.3
105.2	516.3	1470.9	2010.4	3390.1
105.7	512.4	1449.9	1858.0	3430.3
106.9	509.7	1389.4	1772.7	3436.5
106.7	472.8	1244.5	1692.6	3455.5
105.5	469.0	1256.7	1699.1	3428.0
103.8	545.7	1411.9	1887.9	3513.2
103.5	507.2	1336.6	1736.7	3495.1
104.6	487.0	1273.7	1699.4	3456.9
106.2	431.2	1373.1	1704.6	3471.4
106.8	430.3	1450.2	1710.8	3365.4
106.3	412.8	1489.0	1775.8	3198.8
105.5	410.9	1500.1	1917.9	2912.0
102.6	317.1	1492.9	2041.0	2848.8
95.2	282.6	1551.4	2369.8	3089.5
95.1	280.6	1527.8	2554.5	3282.2
98.6	279.4	1573.9	2559.3	3332.8
98.3	305.8	1569.8	2540.7	3370.0
98.6	393.4	1609.3	2622.3	3461.0
0.0	440.6	1640.2	2752.5	3666.4
0.0	406.2	1670.7	2811.4	3752.8
108.0	418.0	1721.5	2811.1	3804.0
104.6	421.2	1726.2	2793.1	3782.8
104.3	416.2	1732.7	2851.2	3789.7
102.9	413.5	1734.8	2829.0	3820.3
103.1	408.2	1728.9	2775.0	3857.4
101.9	404.6	1680.1	2720.2	3872.9
100.6	532.7	1617.6	2616.9	3661.1
295.9	291.4	1599.5	2542.9	3440.2
86.6	289.0	1599.3	2585.8	3496.2
96.6	315.7	1570.8	2585.9	3456.3
95.1	266.4	1527.9	2544.0	3418.0
95.2	380.1	1584.7	2529.4	3495.6
98.4	289.1	1621.4	2541.4	3411.3
98.5	327.3	1315.3	2589.3	3373.2
0.0	493.4	1335.6	2567.1	3282.5
214.3	437.0	1347.9	2145.9	2900.0
206.9	422.2	1344.7	2205.4	3159.2
100.0	408.3	1350.2	2244.4	3296.9
206.9	406.9	1310.5	2276.2	3298.7
205.2	522.9	1364.3	2393.6	3360.1
221.9	618.3	1450.5	2477.2	3456.4
99.5	655.6	1531.8	2573.0	3515.5
98.7	680.8	1619.9	2613.9	3533.3
98.5	658.0	1715.1	2622.9	3543.2
98.5	613.7	1782.6	2653.9	3510.3
100.4	565.3	1904.6	2660.4	3513.9
100.6	467.9	2048.2	2572.8	3584.2
103.3	438.3	2134.1	2526.2	3606.4
100.7	415.1	2039.0	2470.6	3509.8
222.2	408.4	1812.6	2534.2	3413.0
83.9	675.4	1844.8	2536.5	3392.6
108.1	587.8	1558.0	2460.2	3382.1
77.9	874.0	1603.6	2512.8	3393.7
0.0	894.9	1833.2	2538.0	3458.2
0.0	711.3	1676.7	2512.1	3447.8
0.0	801.2	1725.7	2527.6	3374.2
0.0	800.2	1830.7	2590.1	3406.6
0.0	734.7	1691.7	2564.2	3410.2
0.0	780.3	1703.6	2600.5	3418.5
0.0	660.2	1769.8	2635.9	3528.5
0.0	634.4	1837.8	2647.3	3381.2
0.0	598.7	1934.7	2613.6	3104.8
0.0	468.8	1997.4	2546.0	3357.4
0.0	375.0	1970.1	2517.5	3434.3
103.4	532.6	1801.7	2478.5	3355.8
92.3	736.3	1716.8	2564.9	3316.4
92.3	844.1	1771.1	2768.6	3488.2
0.0	980.3	1735.2	2679.4	3476.0
63.5	770.8	1640.4	2417.5	3298.4
0.0	561.4	1775.0	2382.4	3273.1
0.0	522.8	1781.7	2450.2	3382.2
0.0	840.8	1754.3	2542.1	3397.1
230.8	930.3	1718.5	2557.4	3431.1
387.1	857.9	1642.2	2520.9	3534.8
300.0	699.4	1592.3	2495.1	3403.7
0.0	794.1	1461.3	2514.5	2982.9
0.0	685.4	1398.0	2530.6	3227.6
103.5	631.5	1386.1	2535.5	3359.9
100.0	622.0	1363.7	2554.5	3353.5
99.1	627.3	1347.6	2562.4	3424.9
95.7	594.6	1331.8	2636.0	3655.6
93.4	598.0	1320.8	2736.8	3730.7
93.5	522.4	1339.3	2741.6	3776.2
92.7	531.8	1359.5	2693.8	3659.0
89.6	500.7	1469.3	2526.7	3539.8
85.7	588.3	1578.6	2703.4	3644.8
85.1	561.8	1611.3	2973.0	3651.4
82.8	923.1	2022.0	3227.4	3860.6
0.0	974.2	1928.7	3153.0	3934.2
0.0	518.6	1707.0	2886.9	3917.8
0.0	1017.5	2281.1	3167.5	3826.7
342.9	744.2	2103.0	2833.5	3660.7
375.0	811.7	1696.2	2790.8	3651.4
120.0	837.8	1902.3	2714.5	3753.8
104.3	775.6	2087.3	2680.8	3678.1
63.5	882.1	2069.0	2577.1	3528.2
122.4	663.5	1867.3	2413.7	3373.4
0.0	491.3	1279.1	2044.2	3244.1
0.0	484.3	1244.6	1968.2	3313.6
155.8	495.3	1273.5	1859.8	3307.6
0.0	466.5	1314.3	1725.3	3360.3
121.0	456.8	1304.7	1632.5	3325.8
79.3	418.4	1318.5	1608.1	3311.1
0.0	419.7	1374.2	1620.8	3290.3
76.9	437.8	1475.2	2237.0	3316.3
151.9	373.3	1447.2	2335.2	3416.3
112.1	417.2	1539.1	2626.7	3443.7
63.5	676.9	1595.9	2578.5	3421.7
81.6	753.0	1658.2	2521.6	3397.4
0.0	845.6	1743.4	2682.1	3536.1
0.0	1012.1	1761.7	2611.4	3417.8
0.0	736.3	1645.6	2575.7	3352.5
0.0	778.1	1712.4	2612.8	3353.6
0.0	893.1	1750.9	2558.7	3349.5
