0.0	0.0	0.0	0.0	0.0
0.0	0.0	0.0	0.0	0.0
0.0	0.0	0.0	0.0	0.0
0.0	808.2	1804.7	2568.3	3485.4
0.0	1093.3	1886.3	2633.2	3515.8
0.0	1000.3	1647.9	2584.1	3472.3
0.0	533.0	1638.8	2606.9	3447.0
375.0	819.1	1714.4	2667.4	3431.5
0.0	850.0	1666.7	2597.1	3438.3
0.0	809.7	1677.4	2657.6	3543.7
0.0	1018.9	1916.7	2761.0	3521.7
0.0	597.3	1730.8	2550.0	3406.5
0.0	414.6	1667.5	2602.1	3451.1
0.0	388.6	1500.6	2528.4	3368.4
203.4	341.3	1523.4	2495.4	3400.8
89.6	262.5	1429.6	2467.4	3353.5
90.9	674.4	1504.9	2436.1	3302.8
91.0	736.0	1534.3	2577.0	3500.7
0.0	438.9	1463.9	2597.1	3461.8
103.4	514.6	1466.6	2604.1	3369.9
109.1	460.6	1454.2	2556.8	3248.5
108.1	459.1	1347.1	2442.4	3254.3
96.0	389.2	1266.3	2331.5	3339.0
103.4	253.4	1219.2	2319.2	3335.3
103.2	401.1	1233.9	2370.5	3340.6
102.6	389.1	1220.2	2388.5	3481.8
105.3	257.1	1187.8	2404.9	3604.3
107.1	331.4	1144.1	2425.0	3639.9
106.9	262.0	1097.1	2441.3	3570.9
110.1	262.6	1074.7	2460.8	3591.9
112.1	271.5	1054.8	2460.6	3549.3
112.1	547.6	1137.8	2523.5	3476.3
247.2	588.5	1210.1	2630.3	3588.9
122.2	625.5	1245.7	2696.2	3687.7
122.6	626.5	1273.1	2710.4	3717.1
125.2	629.6	1296.8	2682.6	3702.7
127.3	624.3	1334.3	2660.8	3704.6
131.1	611.0	1361.5	2597.4	3756.5
134.5	578.4	1389.2	2591.0	3790.9
136.7	553.3	1423.3	2619.4	3800.7
138.9	510.1	1429.1	2586.9	3732.7
140.4	467.9	1460.9	2267.3	3100.4
141.3	375.8	1424.4	2122.9	2895.1
79.5	319.3	1353.9	2086.9	2997.0
67.4	480.5	1328.5	1996.0	2997.5
131.9	482.0	1179.1	2090.6	3023.0
130.4	444.4	1072.9	2101.1	3082.1
123.7	487.3	1030.6	2143.3	3129.5
117.2	481.1	967.1	2196.4	3197.3
114.3	491.3	956.8	2224.0	3211.1
112.7	482.4	911.4	2256.9	3157.7
112.8	462.9	910.1	2266.7	3110.3
114.2	494.1	958.0	2284.2	3097.7
113.9	558.7	1054.8	2261.4	3116.6
111.3	590.3	1152.8	2267.7	3238.0
110.1	637.7	1231.5	2277.5	3447.3
109.4	660.7	1300.7	2313.5	3545.5
109.1	674.2	1355.0	2308.2	3628.9
108.9	680.9	1403.5	2312.2	3630.9
108.5	684.1	1435.1	2329.4	3641.0
108.1	684.8	1502.7	2339.3	3652.0
108.3	667.7	1549.1	2342.5	3647.7
108.8	650.7	1613.2	2348.9	3579.3
108.2	628.0	1703.6	2359.4	3580.0
108.5	556.2	1832.5	2352.2	3525.8
108.5	490.4	1918.3	2259.9	3464.1
108.6	444.6	2017.8	2254.7	3421.9
109.1	433.5	2035.6	2196.8	3378.1
106.3	424.8	2020.8	2191.1	3374.8
98.9	457.5	2063.2	2262.4	3394.2
100.8	485.5	2077.9	2215.9	3405.4
107.3	494.7	2118.4	2306.4	3330.5
225.1	483.6	2082.9	2353.3	3296.6
228.7	529.7	2021.6	2529.2	3352.3
227.2	616.9	1870.0	2575.0	3414.8
110.2	678.2	1703.7	2601.8	3367.1
108.8	594.6	1453.5	2559.7	3315.0
107.2	576.3	1432.1	2529.6	3334.6
105.3	653.0	1527.3	2583.7	3357.6
105.3	589.3	1604.0	2617.7	3373.3
101.7	561.6	1685.2	2597.0	3255.9
100.7	628.3	1739.4	2638.0	3336.9
102.7	667.8	1792.5	2651.4	3316.4
104.9	644.8	1803.5	2574.7	3233.7
105.7	626.7	1807.8	2557.2	3207.4
106.3	618.4	1824.5	2510.7	3167.0
106.5	598.8	1848.7	2517.6	3263.2
106.3	556.5	1847.0	2582.2	3317.1
104.3	515.9	1852.1	2577.5	3407.0
101.7	459.3	1849.6	2512.1	3420.6
100.0	433.5	1749.4	2465.7	3367.7
98.4	324.5	1515.4	2495.9	3388.5
91.4	340.6	1536.1	2498.3	3435.3
92.4	351.6	1702.5	2541.4	3435.8
87.6	847.1	1750.5	2615.4	3367.5
93.0	1152.0	1764.7	2566.7	3385.6
63.5	1189.4	1945.8	2253.3	3249.7
0.0	691.9	1940.0	2391.8	3343.7
0.0	697.1	2022.3	2474.6	3327.5
0.0	739.2	2022.1	2426.7	3257.1
0.0	739.0	1887.5	2499.6	3353.5
0.0	826.1	1791.8	2505.8	3338.2
0.0	737.3	1677.8	2317.2	3151.6
0.0	858.4	1623.6	2328.8	3172.1
521.7	841.3	1557.8	2410.1	3193.5
0.0	722.1	1419.0	2391.4	3185.9
0.0	700.5	1335.6	2327.6	3300.3
115.4	708.7	1317.1	2305.5	3413.8
113.2	723.5	1263.9	2344.5	3435.5
110.1	733.1	1262.6	2350.3	3457.9
110.1	718.6	1279.9	2359.2	3499.3
109.1	709.7	1283.9	2386.4	3585.0
104.3	685.1	1305.9	2398.7	3663.6
89.6	662.6	1327.6	2417.9	3589.6
90.0	573.1	1336.6	2395.2	3345.2
64.9	572.8	1351.8	2424.1	3230.1
166.7	514.7	1430.2	2436.8	3270.8
72.7	663.2	1583.3	2415.9	3415.9
0.0	805.5	1671.0	2564.8	3483.5
0.0	839.3	1750.4	2617.3	3400.1
210.5	983.6	1793.6	2701.0	3398.2
0.0	1011.4	1947.7	2807.0	3401.6
0.0	926.7	1922.3	2725.2	3422.3
0.0	909.1	1887.2	2691.0	3485.8
0.0	1025.8	1923.6	2706.8	3290.3
169.0	1043.9	1916.4	2724.1	3306.5
333.3	1074.6	1980.7	2728.3	3491.1
352.9	1089.1	1919.2	2626.0	3441.2
333.3	860.0	1748.2	2543.7	3374.6
0.0	689.9	1412.1	2342.7	3327.0
0.0	685.1	1169.3	2276.1	3241.4
0.0	723.3	1240.7	2317.7	3292.7
101.7	741.0	1257.3	2317.6	3353.7
106.2	752.9	1264.0	2318.0	3320.2
105.3	754.0	1281.4	2271.4	3233.0
105.3	757.1	1290.9	2227.3	3208.9
105.3	754.6	1304.6	2172.8	3188.3
105.3	741.1	1306.4	2114.5	3152.8
104.5	751.6	1294.1	2047.6	3158.6
105.1	751.8	1301.7	2013.7	3165.9
105.2	723.1	1297.4	1927.5	3183.0
105.1	702.8	1290.1	1891.6	3159.7
104.7	683.5	1272.4	1861.2	3143.6
104.4	666.5	1262.1	1823.5	3116.2
103.8	644.4	1259.8	1755.9	3117.1
103.4	629.1	1233.6	1676.8	3074.9
102.6	624.3	1218.0	1619.9	3065.3
101.9	618.3	1210.4	1590.9	3056.8
101.1	611.9	1209.4	1608.6	3041.8
98.3	619.6	1207.7	1642.7	2977.3
94.8	628.7	1192.3	1696.5	2980.7
77.4	638.6	1163.8	1778.4	3003.7
67.3	649.5	1153.7	1880.0	2984.6
68.4	689.5	1107.9	2009.5	3005.6
68.6	689.2	1046.7	2167.6	3075.5
82.4	658.6	1012.4	2270.0	3148.4
99.0	636.7	988.6	2335.7	3176.2
102.8	641.9	992.5	2354.1	3223.2
106.2	632.8	964.8	2395.3	3294.0
108.1	609.7	952.4	2412.6	3287.3
110.3	574.2	990.3	2447.9	3289.5
111.1	589.7	1033.5	2477.0	3382.9
110.4	602.9	1039.0	2526.3	3401.6
108.4	687.0	1239.0	2684.7	3591.5
106.6	798.7	1886.3	2760.3	3614.9
98.7	849.1	2002.0	2859.1	3672.8
0.0	951.6	2213.9	2903.5	3768.0
0.0	780.3	1796.7	2731.5	3766.6
0.0	807.3	1916.8	2737.5	3758.3
187.5	956.1	1876.8	2850.5	3808.2
545.5	822.3	1804.6	2783.8	3846.9
500.0	796.2	1867.8	2772.7	3813.8
461.5	837.8	1805.7	2735.4	3736.4
0.0	823.7	1671.8	2712.7	3689.1
0.0	660.3	1504.7	2627.4	3676.0
413.8	567.8	1415.6	2591.0	3586.9
0.0	535.4	1251.6	2541.5	3500.3
0.0	526.2	1310.2	2503.7	3476.8
0.0	548.9	1360.6	2481.1	3411.3
83.3	533.7	1385.6	2432.6	3390.1
92.3	511.5	1396.6	2416.2	3440.9
68.6	498.0	1406.6	2380.1	3441.8
0.0	489.1	1411.7	2354.3	3279.2
81.1	478.8	1394.9	2345.0	3184.4
65.9	456.8	1390.0	2353.2	3206.8
68.6	461.8	1398.2	2482.4	3204.1
0.0	426.1	1380.8	2530.4	3160.0
78.9	805.2	1428.0	2565.7	3206.9
79.5	580.5	1336.1	2499.0	3254.3
86.3	963.7	1418.5	2476.9	3243.0
83.9	702.1	1250.4	2303.1	3289.9
82.2	761.9	1412.4	2450.5	3447.9
87.6	768.3	1424.0	2561.6	3528.4
0.0	800.2	1326.0	2521.3	3526.8
0.0	721.5	1242.6	2560.9	3530.0
86.3	575.0	1302.7	2644.3	3512.0
153.8	716.9	1403.1	2675.7	3415.4
0.0	695.1	1337.3	2533.1	3385.5
0.0	699.0	1506.0	2575.4	3366.8
413.8	680.1	1595.2	2721.3	3504.7
500.0	682.3	1563.6	2681.7	3481.9
0.0	593.7	1477.3	2507.2	3368.8
69.8	657.1	1428.5	2504.5	3346.3
444.4	716.8	1457.8	2546.2	3347.6
0.0	580.5	1503.3	2553.3	3327.6
0.0	590.8	1486.7	2483.8	3335.6
444.4	636.8	1455.3	2603.9	3439.2
266.7	653.2	1561.8	2600.6	3433.4
214.3	725.2	1547.3	2587.7	3460.1
0.0	684.8	1473.6	2578.6	3547.0
