0.0	0.0	0.0	0.0	0.0
0.0	0.0	0.0	0.0	0.0
0.0	0.0	0.0	0.0	0.0
0.0	499.3	1890.3	2529.9	3368.0
0.0	676.0	1877.6	2603.8	3361.0
0.0	630.8	1705.0	2694.6	3429.4
0.0	698.4	1695.6	2673.9	3582.8
0.0	591.8	1668.2	2613.1	3468.0
0.0	478.8	1760.8	2617.7	3360.5
0.0	621.9	1784.5	2673.8	3499.5
0.0	723.1	1648.9	2581.2	3511.4
0.0	729.4	1722.3	2544.3	3412.5
0.0	711.0	1709.1	2534.6	3394.2
0.0	758.5	1514.2	2490.3	3406.7
0.0	888.1	1720.9	2518.8	3422.4
0.0	819.8	1825.1	2675.5	3365.9
0.0	843.4	1846.4	2648.9	3190.4
0.0	837.1	1907.7	2815.3	3289.3
0.0	701.5	1840.0	2819.0	3411.5
0.0	604.0	2017.1	2759.2	3397.9
0.0	521.7	2082.6	2914.4	3406.5
203.4	518.0	2071.9	2894.9	3523.4
0.0	701.8	2093.5	2956.3	3488.2
279.1	700.4	2179.8	2991.8	3534.1
0.0	664.9	2248.7	2969.0	3556.5
0.0	321.5	2206.1	2800.3	3491.3
155.8	306.3	2165.1	2844.4	3488.7
171.4	361.7	2148.0	2920.0	3482.7
170.3	336.8	2171.9	2859.0	3480.2
162.1	342.0	2080.9	2789.0	3494.2
153.2	452.3	1939.4	2747.1	3559.2
153.8	339.2	2067.8	2880.8	3564.1
153.8	257.6	1977.4	2805.2	3402.3
74.5	620.7	2127.2	2778.6	3331.0
126.3	1062.7	2231.9	2833.4	3325.3
0.0	996.5	2141.6	2667.1	3275.5
0.0	929.0	2005.9	2544.7	3325.8
0.0	989.4	2117.7	2536.2	3350.3
413.8	718.5	1931.9	2440.9	3313.5
0.0	727.8	1855.9	2426.7	3427.7
0.0	691.3	1827.0	2490.8	3426.6
0.0	656.9	1699.3	2490.4	3412.5
0.0	596.0	1664.3	2541.8	3399.3
176.5	615.3	1703.9	2427.9	3308.3
184.6	689.0	1703.3	2281.4	3300.0
181.8	606.4	1729.2	2263.8	3326.6
0.0	592.1	1710.5	2199.0	3149.9
203.1	624.5	1697.4	2103.7	3131.7
182.0	648.6	1664.6	2131.6	3209.7
180.5	674.7	1637.5	2179.2	3188.5
178.5	678.7	1587.4	2232.3	3169.9
179.3	664.0	1552.4	2273.9	3219.3
182.7	667.5	1513.0	2338.6	3242.3
185.2	655.8	1465.0	2342.0	3260.7
185.8	633.8	1402.1	2375.6	3191.9
184.7	605.0	1396.1	2284.7	3179.5
182.5	558.6	1551.1	2224.3	3256.1
90.0	545.2	1524.3	2290.9	3303.9
178.7	505.9	1267.8	2251.8	3184.7
177.3	467.4	1169.3	2239.4	3097.8
173.5	489.3	1239.0	2458.3	3133.0
164.1	522.3	1281.6	2484.6	3170.1
156.1	609.9	1181.5	2408.3	3201.3
153.3	599.7	1022.7	2466.7	3136.2
152.6	573.4	978.9	2511.5	3116.8
157.8	556.8	960.3	2532.6	3126.8
158.1	572.0	957.1	2554.8	3226.1
155.1	548.1	927.2	2574.4	3325.6
154.3	557.7	959.5	2561.2	3327.9
151.2	538.6	958.6	2589.2	3373.6
149.7	497.9	958.0	2612.1	3370.7
149.7	471.0	945.5	2557.1	3318.4
145.3	525.6	1086.6	2540.2	3323.6
140.5	454.5	1237.1	2581.3	3409.0
139.5	445.1	1043.6	2581.7	3463.8
139.5	452.8	1188.4	2748.3	3482.8
139.5	457.4	1148.2	2773.6	3554.2
138.3	477.1	1149.8	2843.3	3554.6
137.9	483.5	1180.4	2829.5	3557.2
141.2	502.2	1152.2	2788.0	3592.3
141.6	443.5	1198.3	2743.9	3567.6
144.6	418.2	1261.0	2744.8	3604.5
145.9	505.2	1350.5	2708.4	3621.0
149.3	549.8	1426.8	2727.2	3554.5
155.5	644.1	1487.1	2778.2	3507.6
156.9	666.6	1504.3	2723.1	3502.7
157.3	663.6	1504.4	2720.9	3468.0
158.8	678.3	1524.6	2657.0	3449.8
160.1	667.7	1593.0	2602.7	3402.1
162.2	693.1	1665.9	2623.8	3313.7
160.0	698.7	1671.9	2623.4	3256.7
157.0	827.1	1687.8	2564.8	3184.2
143.3	791.6	1722.2	2519.9	3481.1
139.5	771.2	1744.8	2634.1	3600.1
136.4	814.2	1762.7	2638.1	3730.6
77.4	821.0	1840.1	2675.2	3779.8
0.0	800.3	1820.9	2684.0	3782.1
0.0	788.6	1892.9	2923.4	3937.9
260.9	885.4	1854.4	2885.7	3884.8
0.0	998.1	1826.1	2820.7	3771.6
118.8	911.5	1851.5	2893.3	3767.5
74.1	789.7	1868.9	2832.1	3654.7
169.0	1033.1	1869.5	2791.8	3572.4
69.0	903.4	1926.5	2776.6	3496.1
0.0	820.2	1935.5	2813.9	3563.8
0.0	801.9	1806.5	2882.1	3689.4
0.0	937.5	1811.1	3053.3	3938.0
0.0	820.2	1803.6	2845.1	3784.8
0.0	751.6	1739.4	2823.4	3673.0
0.0	535.9	1800.8	2700.6	3435.0
0.0	492.4	1792.2	2576.9	3530.2
90.9	630.0	1818.3	2653.3	3556.5
0.0	453.9	1840.7	2638.5	3447.1
174.2	458.5	1862.3	2667.1	3577.4
153.6	461.1	1844.6	2649.2	3477.1
148.7	437.1	1826.5	2673.3	3487.2
146.5	429.3	1829.1	2692.7	3544.6
144.4	414.6	1800.6	2702.4	3656.4
142.1	419.1	1792.0	2684.8	3627.2
138.7	439.3	1742.4	2610.2	3557.0
136.4	389.6	1793.5	2721.2	3628.3
136.4	500.6	1807.4	2851.4	3675.0
133.3	758.2	1774.3	2815.0	3696.7
129.0	924.5	1797.5	2775.9	3724.0
120.0	988.7	1862.1	2979.1	3766.6
117.6	905.2	1823.8	3015.8	3852.4
0.0	990.4	1918.5	3020.0	3678.1
0.0	932.2	2030.8	3025.1	3488.2
0.0	573.1	1839.5	2727.3	3270.6
0.0	502.7	1706.4	2660.2	3286.0
131.9	381.4	1644.5	2635.4	3400.7
0.0	963.5	1782.4	2590.4	3377.1
0.0	928.5	1791.5	2608.7	3428.3
0.0	925.7	1829.9	2613.4	3475.3
0.0	599.8	1739.9	2652.4	3455.7
0.0	583.4	1710.2	2624.8	3398.7
0.0	719.1	1790.2	2621.6	3432.7
0.0	786.3	1833.6	2559.9	3418.9
0.0	771.6	1884.0	2616.7	3409.7
0.0	747.7	1924.2	2691.1	3413.3
92.3	687.0	2066.6	2810.5	3444.3
0.0	585.4	2078.9	2798.3	3402.2
0.0	511.8	2098.3	2804.7	3346.4
192.2	395.1	2164.8	2832.3	3339.6
195.8	382.7	2208.9	2952.0	3413.3
189.2	381.7	2234.1	2957.8	3404.7
185.6	379.0	2257.7	2978.8	3424.1
183.7	362.3	2286.7	2986.4	3398.3
181.5	353.7	2287.9	2997.9	3441.8
178.4	344.0	2295.4	2997.0	3430.2
173.9	338.2	2312.6	3011.0	3406.5
170.8	348.9	2302.6	3004.1	3386.7
167.4	336.1	2274.7	2891.6	3351.3
164.1	325.8	2256.7	2918.9	3401.2
165.9	328.8	2222.5	2910.3	3500.2
162.8	326.9	2214.8	2876.0	3471.6
157.7	327.1	2112.6	2872.8	3458.1
155.8	451.9	2095.3	2857.7	3454.4
142.9	688.1	2139.3	2851.5	3427.5
134.8	730.1	2139.8	2872.0	3550.8
129.0	697.9	2157.7	2874.7	3503.8
0.0	605.4	2212.0	2859.6	3519.5
0.0	841.2	2187.2	2849.8	3503.8
0.0	788.2	2135.8	2838.4	3416.1
218.2	614.2	2177.6	2821.9	3558.1
0.0	493.7	2113.8	2799.6	3598.2
363.6	846.7	2173.4	2828.9	3587.8
83.3	787.2	2067.7	2792.0	3501.4
461.5	781.1	1973.8	2785.6	3386.9
461.5	853.8	2029.0	2768.3	3420.1
131.9	651.2	1971.9	2688.3	3457.6
315.8	657.5	1887.0	2459.1	3414.9
444.4	651.9	1910.3	2413.7	3294.3
0.0	466.7	1859.0	2354.8	3252.9
189.4	466.8	1861.6	2374.6	3325.2
159.5	463.5	1863.2	2418.6	3293.2
154.9	449.2	1860.3	2429.6	3306.2
152.0	455.5	1874.8	2518.7	3340.3
151.6	416.2	1858.3	2518.1	3394.1
144.8	270.5	1806.2	2448.8	3357.3
68.7	265.2	1805.2	2503.8	3389.7
67.0	256.1	1769.5	2601.3	3419.4
126.7	251.7	1742.1	2627.2	3464.7
122.4	824.8	1701.4	2585.7	3293.0
249.7	761.6	1768.5	2673.5	3495.0
0.0	734.7	1800.9	2716.8	3634.3
0.0	752.3	1876.1	2692.5	3641.4
0.0	863.8	1901.0	2678.4	3603.3
0.0	1009.7	1871.0	2695.1	3430.5
0.0	966.1	1795.7	2635.7	3385.7
0.0	1024.5	1840.4	2572.3	3427.1
91.6	1036.1	1914.8	2550.2	3458.4
500.0	1157.9	1941.5	2520.8	3477.5
0.0	896.0	1671.0	2469.0	3447.4
0.0	889.2	1680.2	2484.1	3316.9
521.7	699.4	1723.4	2322.5	3223.5
0.0	693.5	1804.1	2383.6	3303.2
142.9	602.8	1727.9	2354.2	3138.9
0.0	560.0	1755.1	2262.3	3014.9
184.4	573.1	1805.2	2303.4	3029.2
161.7	570.1	1843.2	2373.2	3012.4
159.1	566.7	1879.8	2433.3	3126.3
156.5	560.7	1907.2	2490.1	3217.6
155.5	540.7	1886.9	2487.8	3191.4
155.4	542.2	1922.9	2466.1	3163.9
154.1	511.8	1980.3	2486.7	3180.1
153.0	516.1	1981.9	2477.5	3233.1
149.5	485.0	1960.2	2440.9	3164.6
150.5	509.7	1965.6	2450.1	3213.4
148.3	508.5	1947.9	2439.2	3189.2
148.4	529.1	1929.5	2356.0	3131.2
146.8	545.6	1896.5	2293.5	3449.5
145.5	586.4	1792.8	2305.6	3460.9
142.0	624.9	1676.1	2339.5	3376.7
139.5	642.1	1543.1	2385.1	3440.1
136.4	663.0	1450.9	2421.9	3409.7
138.4	695.2	1359.6	2520.7	3400.5
135.6	668.8	1276.4	2599.6	3361.6
135.8	689.4	1195.8	2670.2	3369.6
136.4	616.7	1060.3	2661.9	3311.3
134.4	655.8	1055.9	2670.7	3341.6
134.4	675.2	1003.6	2741.1	3419.8
135.9	570.4	943.4	2832.4	3486.8
135.3	646.9	941.4	2821.8	3566.7
135.1	560.9	903.0	2890.1	3584.8
133.3	777.1	1453.7	2948.7	3568.1
131.9	763.7	1314.7	2742.9	3536.8
128.3	740.8	1290.3	2786.4	3426.9
123.0	753.0	1421.6	2875.0	3347.3
130.4	781.3	1333.3	2803.8	3388.8
132.7	774.9	1231.7	2853.5	3380.6
0.0	798.7	1388.0	2881.3	3432.4
0.0	796.7	1490.0	2821.8	3432.1
0.0	768.0	1488.9	2772.5	3344.8
0.0	762.8	1514.6	2707.1	3384.0
