0.0	0.0	0.0	0.0	0.0
0.0	0.0	0.0	0.0	0.0
0.0	0.0	0.0	0.0	0.0
0.0	631.5	1671.5	2639.0	3444.3
0.0	590.8	1514.7	2486.5	3377.2
0.0	552.9	1405.3	2368.9	3244.8
0.0	681.5	1504.3	2443.6	3265.2
0.0	745.1	1448.1	2503.8	3365.8
116.5	699.7	1460.7	2572.8	3377.8
0.0	683.4	1553.7	2625.2	3400.3
315.8	688.8	1689.3	2651.4	3411.4
0.0	699.3	1700.6	2673.8	3427.6
0.0	780.5	1664.7	2732.9	3451.3
0.0	723.4	1275.4	2640.8	3408.4
0.0	845.2	1281.1	2641.8	3371.6
0.0	860.3	1347.3	2579.9	3284.2
521.7	548.8	1225.2	2444.7	3213.1
0.0	661.4	1148.0	2466.7	3239.4
0.0	647.8	1065.1	2540.5	3284.4
0.0	654.5	1024.4	2557.8	3316.0
90.2	641.3	998.2	2540.5	3314.4
98.5	618.0	963.4	2530.1	3316.2
108.8	603.6	958.2	2524.6	3319.8
100.6	588.8	974.0	2523.7	3289.7
104.2	570.7	967.7	2524.0	3277.9
104.3	563.4	968.5	2539.1	3245.1
105.4	533.5	1025.7	2568.4	3153.5
106.5	494.5	1100.0	2538.2	3103.3
106.9	532.5	1230.4	2351.1	3267.6
103.1	434.8	1703.3	2439.9	3360.2
83.8	1002.3	1854.1	2645.1	3473.9
67.0	682.1	1613.2	2570.2	3481.5
0.0	826.8	1768.3	2934.9	3431.6
0.0	1039.8	2112.3	3023.1	3544.6
0.0	1173.4	2448.0	3085.3	3617.7
0.0	1197.8	2067.5	3031.5	3556.8
0.0	746.4	1916.3	2947.9	3426.2
0.0	563.9	1866.0	2798.0	3426.0
315.8	766.1	1773.4	2753.2	3367.9
157.9	777.4	1768.9	2726.1	3373.8
87.0	683.5	1784.2	2718.5	3316.7
0.0	517.4	1794.4	2706.3	3268.0
0.0	542.3	1837.2	2710.0	3295.3
112.2	536.6	1852.8	2737.4	3336.4
105.2	541.1	1880.3	2727.9	3403.2
101.9	572.8	1888.6	2723.1	3395.4
100.6	589.3	1857.6	2702.0	3346.5
99.3	606.3	1796.2	2648.2	3345.3
98.7	606.6	1683.6	2326.5	3171.8
98.6	616.3	1584.3	2090.1	3207.9
98.5	629.9	1489.0	2120.5	3196.9
98.3	624.7	1436.6	2369.9	3387.4
98.3	619.9	1391.6	2470.3	3601.4
97.9	580.6	1385.0	2324.7	3556.9
96.8	656.6	1500.1	2412.9	3548.9
92.3	503.3	1654.3	2481.3	3527.6
111.7	875.3	1802.6	2842.4	3641.9
0.0	779.2	1755.5	2911.7	3858.0
250.0	904.5	1795.7	2893.0	3886.6
0.0	701.1	1772.2	2805.0	3706.9
0.0	876.9	1807.4	2818.4	3741.5
352.9	866.2	1758.6	2846.7	3752.8
184.6	957.8	1658.1	2768.1	3697.4
235.3	445.8	1383.8	2700.7	3562.5
0.0	499.5	1266.8	2626.4	3412.2
0.0	503.3	1252.7	2619.1	3331.5
114.5	453.6	1210.8	2514.1	3287.9
95.5	530.0	1222.1	2559.1	3349.8
91.1	836.3	1692.5	2700.6	3454.9
84.4	562.6	1792.6	2546.2	3489.3
236.0	792.8	1682.0	2551.6	3432.3
77.4	899.0	1741.6	2732.7	3551.6
76.9	973.1	1842.3	2753.6	3547.2
76.9	1040.2	1897.9	2766.8	3496.2
0.0	1081.7	1720.8	2634.1	3515.6
0.0	980.6	1648.3	2552.8	3362.4
0.0	868.7	1679.1	2613.4	3361.5
0.0	835.8	1643.8	2702.7	3514.7
0.0	763.6	1553.9	2712.1	3564.3
0.0	782.6	1574.8	2612.3	3442.8
0.0	803.5	1622.9	2601.2	3431.3
0.0	661.4	1628.4	2648.2	3558.8
0.0	753.5	1678.4	2597.0	3625.8
0.0	737.5	1730.5	2611.5	3507.4
0.0	702.1	1710.5	2647.1	3505.1
0.0	773.8	1671.0	2697.8	3515.8
141.2	802.9	1660.1	2805.3	3491.8
333.3	741.7	1825.6	2823.6	3499.5
333.3	800.6	1858.5	2846.2	3527.5
166.7	826.3	1759.9	2731.6	3446.5
0.0	869.9	1758.2	2640.9	3468.1
375.0	850.2	1751.4	2672.5	3521.1
0.0	767.6	1707.9	2765.3	3552.5
0.0	647.4	1630.0	2594.6	3458.2
0.0	537.1	1489.7	2527.4	3428.4
0.0	474.7	1467.4	2514.3	3385.1
0.0	463.4	1413.3	2515.8	3327.5
0.0	482.9	1337.8	2518.1	3314.1
104.3	514.2	1236.7	2529.9	3315.4
102.3	508.5	1158.2	2481.8	3353.5
100.6	508.6	1078.3	2364.0	3283.2
98.8	502.2	1016.6	2219.6	3316.6
97.4	556.7	961.4	2201.3	3310.7
0.0	568.6	934.9	2237.3	3315.7
96.0	621.4	1020.2	2277.8	3209.5
99.0	643.2	1052.0	2307.4	3195.8
101.6	642.8	1040.9	2289.5	3179.9
102.2	565.3	990.4	2293.0	3291.3
102.6	600.5	1095.9	2293.3	3282.7
102.0	573.9	1225.1	2292.8	3229.0
100.7	577.4	1330.9	2290.9	3252.1
100.2	539.4	1465.0	2362.5	3229.6
99.5	507.5	1665.0	2714.0	3290.5
99.1	507.3	1834.4	2652.7	3262.4
99.1	510.5	2004.7	2606.9	3366.7
99.9	407.1	1161.0	2347.8	3408.7
100.6	364.9	1176.4	2374.1	3445.0
101.4	330.3	1136.1	2394.0	3104.9
101.5	330.7	1114.2	2336.6	2689.5
100.9	331.5	1102.3	2302.2	2750.8
100.2	443.8	1088.7	2328.5	3085.2
99.6	426.9	1065.5	2372.2	3268.9
98.3	420.5	1092.0	2375.0	3262.8
98.1	298.0	1060.7	2369.5	3238.9
99.2	298.2	1051.2	2361.4	3188.1
96.7	293.0	1036.5	2359.8	3120.6
96.2	462.5	1067.5	2352.5	3079.0
292.7	607.2	1115.8	2279.2	3128.6
99.0	643.9	1176.9	2280.6	3236.2
91.3	695.2	1259.8	2273.5	3291.7
91.0	703.7	1306.1	2370.4	3295.7
90.9	680.4	1321.7	2418.2	3326.6
90.8	699.1	1353.9	2474.2	3299.3
90.7	683.0	1389.4	2566.0	3354.5
91.0	656.5	1418.7	2600.8	3441.2
91.4	591.3	1421.9	2594.7	3489.9
91.3	391.4	1376.6	2546.7	3552.7
86.1	327.7	1524.7	2600.6	3576.9
81.3	261.4	1603.5	2533.0	3519.1
75.9	251.6	1573.1	2519.7	3415.2
76.4	274.0	1587.8	2650.9	3455.1
84.5	751.7	1675.7	2682.9	3621.7
333.3	558.0	1665.3	2668.5	3639.9
0.0	462.9	1687.2	2685.7	3576.0
0.0	480.4	1669.7	2729.2	3547.8
93.7	480.8	1631.1	2764.9	3515.7
89.4	489.9	1577.5	2748.8	3564.1
89.0	512.4	1521.5	2771.0	3625.3
88.9	510.2	1448.4	2768.0	3664.7
88.3	500.1	1390.2	2763.8	3692.5
88.6	501.2	1371.7	2753.2	3711.1
88.8	523.1	1442.0	2722.2	3709.5
88.6	680.8	1568.0	2697.2	3661.7
84.8	732.0	1685.7	2792.7	3646.4
82.8	760.0	1893.8	2918.6	3727.8
93.8	1028.6	1929.0	2980.5	3814.2
96.8	844.0	1851.0	3125.8	3957.0
85.1	994.8	1847.5	3142.7	4401.7
0.0	1302.3	1862.8	2895.3	3841.8
444.4	1239.7	1847.0	2916.9	3829.6
571.4	695.5	1882.5	3109.8	4019.2
240.0	1047.1	1906.3	3239.3	4187.0
64.5	1117.0	1892.4	3301.4	4493.2
0.0	647.2	1861.8	3336.4	4198.8
375.0	514.8	1890.0	2994.8	3719.1
0.0	606.9	1889.5	2835.4	3624.2
82.8	320.0	1550.7	2332.1	3523.3
0.0	443.3	1396.9	2575.6	3608.1
0.0	486.1	1390.6	2616.7	3610.3
80.4	489.6	1358.2	2580.3	3598.6
85.6	431.3	1376.6	2592.3	3559.0
86.6	344.3	1376.0	2555.6	3503.2
85.5	362.6	1376.8	2473.9	3500.4
87.3	344.7	1400.1	2496.9	3482.9
87.9	465.8	1499.6	2460.2	3480.7
87.9	463.1	1611.3	2574.8	3521.5
87.7	491.9	1721.3	2594.9	3343.3
86.3	542.0	1798.6	2779.1	3380.7
85.6	522.5	1865.9	2836.0	3391.6
85.4	500.3	1944.5	2854.2	3563.2
85.2	442.7	1987.8	2745.3	3404.4
85.0	445.8	2081.7	2752.6	3358.7
85.0	371.7	2115.7	2758.6	3421.9
85.2	365.2	2134.2	2733.0	3431.1
84.1	371.3	2176.3	2672.8	3410.6
83.2	386.7	2198.4	2687.8	3416.9
80.8	346.3	2179.7	2634.1	3428.5
80.2	408.8	2135.4	2619.9	3404.1
78.9	408.0	2068.2	2642.5	3379.0
0.0	377.2	2062.3	2597.4	3376.7
0.0	393.7	1768.9	2632.6	3419.1
104.6	446.9	1692.0	2824.5	3510.5
67.9	517.7	1767.1	2761.7	3497.8
121.2	670.4	1677.1	2569.0	3474.1
0.0	632.9	1730.2	2603.1	3387.7
0.0	451.3	1737.2	2635.2	3330.5
500.0	432.1	1645.1	2642.3	3325.6
0.0	446.6	1595.4	2656.8	3403.3
0.0	456.7	1559.4	2694.9	3447.6
80.1	364.4	1527.1	2703.4	3435.2
87.7	365.2	1488.9	2717.9	3480.9
85.0	357.0	1474.0	2733.8	3634.8
83.3	396.2	1502.8	2741.2	3661.8
82.8	386.0	1675.7	2867.7	3630.1
78.4	402.9	1754.8	2912.3	3636.2
81.1	471.8	1631.8	2826.7	3651.8
82.8	382.3	1315.6	2778.1	3653.4
85.7	426.8	1264.3	2754.1	3616.0
87.6	472.6	1248.2	2733.1	3540.3
88.2	495.0	1275.0	2734.4	3455.4
87.5	526.6	1314.1	2740.9	3346.8
86.5	548.1	1340.5	2710.8	3253.4
84.8	532.4	1351.5	2624.9	3165.3
84.5	519.6	1342.9	2289.2	3098.9
84.3	501.7	1324.2	2174.8	3130.6
84.0	502.4	1307.0	2124.3	3116.1
84.3	498.1	1261.0	2085.3	3114.3
84.1	491.9	1214.0	2040.7	3140.3
83.6	470.6	1154.1	1994.7	3131.0
83.6	455.6	1103.6	1966.0	3016.3
81.7	446.9	1050.6	1914.8	2974.6
78.3	459.4	1056.3	1984.7	3117.7
77.5	545.6	1399.3	2499.7	3288.9
72.9	557.1	1267.4	2098.0	3007.2
68.5	457.7	1089.7	1732.3	3030.4
84.5	443.0	1074.5	1655.3	2990.8
83.3	463.2	1082.4	1640.2	2943.6
73.6	484.2	1156.4	1574.0	2973.4
83.9	448.4	1193.7	1542.3	2895.3
76.9	493.3	1202.6	1530.5	2786.6
0.0	473.4	1242.2	1566.2	2951.2
83.6	480.8	1285.0	1600.7	3150.3
78.7	818.1	1579.7	2218.5	3286.2
81.0	695.7	1526.3	1861.7	3009.3
89.1	1101.0	1578.1	2277.1	3062.7
83.6	1140.3	1581.8	2243.0	3079.1
81.8	983.0	1546.0	2293.2	3127.8
76.2	774.8	1601.1	2251.0	3122.4
0.0	762.3	1683.9	2679.1	3348.0
95.2	838.2	1487.9	2473.1	3295.1
0.0	869.7	1426.0	2535.1	3330.1
0.0	733.6	1430.0	2510.7	3389.4
