0.0	0.0	0.0	0.0	0.0
0.0	0.0	0.0	0.0	0.0
0.0	0.0	0.0	0.0	0.0
0.0	664.0	1508.5	2509.1	3247.3
0.0	773.4	1660.8	2566.4	3377.2
0.0	857.1	1800.7	2619.8	3424.6
0.0	871.9	1748.9	2617.7	3471.6
0.0	904.4	1662.8	2599.6	3484.3
0.0	522.6	1686.1	2566.2	3383.3
0.0	509.3	1788.7	2651.6	3477.4
0.0	595.0	1734.4	2720.7	3544.0
0.0	803.8	1663.7	2626.3	3564.9
0.0	797.9	1730.3	2570.6	3500.8
0.0	965.1	1926.5	2577.0	3423.3
0.0	941.7	1815.9	2574.0	3353.0
0.0	833.3	1714.4	2569.0	3349.3
0.0	1001.7	1660.5	2744.6	3374.3
0.0	1299.3	1829.4	2937.1	3439.8
0.0	1343.0	1916.3	2945.2	3413.2
0.0	1265.2	2011.9	2905.0	3369.1
0.0	1411.0	2290.5	3157.9	3434.9
0.0	603.8	2148.8	3035.9	3426.7
0.0	1022.3	2041.4	2803.2	3356.7
0.0	992.4	1908.1	2679.6	3425.7
0.0	902.1	1881.1	2679.0	3458.3
0.0	428.5	1906.0	2673.9	3500.4
0.0	352.3	2028.8	2690.7	3595.0
186.6	363.3	2077.5	2674.4	3567.9
176.4	392.7	2084.9	2637.6	3516.8
90.7	371.7	2076.6	2603.6	3514.2
91.1	362.2	2089.9	2637.1	3585.4
176.3	381.1	2092.1	2639.4	3642.0
186.2	388.7	2081.4	2664.2	3761.8
190.4	377.8	2062.3	2658.0	3734.2
189.7	382.4	2008.2	2672.1	3674.8
183.4	414.8	1972.3	2741.8	3603.9
174.0	578.2	2014.0	2897.9	3682.7
171.4	649.0	2048.7	3109.2	3698.0
157.9	949.9	1986.0	3028.3	3638.8
0.0	745.3	1934.3	2871.7	3700.3
0.0	733.6	1933.0	2880.9	3789.6
0.0	893.3	1842.7	2859.5	3839.9
0.0	743.5	1831.9	2819.5	3864.8
0.0	748.3	1813.2	2821.0	3893.9
0.0	506.6	1755.6	2820.9	3838.6
0.0	441.4	1633.0	2661.5	3576.4
0.0	422.4	1531.8	2635.1	3280.7
203.4	452.4	1551.9	2619.2	3262.6
203.3	510.2	1576.3	2614.9	3324.1
203.6	614.9	1608.5	2638.1	3447.2
201.5	623.9	1655.8	2669.6	3572.0
194.4	623.2	1724.2	2668.2	3589.5
193.2	653.0	1753.8	2654.3	3571.3
190.8	666.1	1786.4	2627.9	3530.8
190.2	647.4	1831.4	2615.2	3528.2
188.6	629.5	1892.8	2616.8	3515.2
187.5	664.5	1943.5	2595.2	3523.0
186.5	692.5	1974.4	2565.5	3514.1
184.0	691.0	1989.0	2528.3	3471.8
181.7	677.4	1967.4	2476.4	3433.0
179.9	699.2	1920.9	2444.4	3393.2
176.4	715.7	1835.6	2382.5	3219.3
173.5	442.4	1554.5	2192.6	3066.1
169.0	341.6	1349.4	2123.6	2731.9
169.0	381.6	1343.8	2249.2	2540.5
169.0	412.5	1323.4	2343.6	2521.0
169.0	408.2	1331.1	2351.1	2527.9
173.9	381.9	1323.1	2386.6	2532.6
169.0	356.9	1281.4	2407.7	2847.9
173.9	331.2	1370.3	2391.4	3139.2
162.2	308.0	1539.4	2363.1	2869.6
164.4	302.1	1631.9	2439.9	3152.4
76.9	394.1	1726.2	2514.5	3407.2
0.0	496.1	1779.5	2526.9	3510.7
361.3	530.1	1792.1	2512.0	3468.5
174.5	526.8	1807.8	2475.8	3437.6
172.8	515.9	1810.3	2410.2	3457.0
170.4	514.4	1797.1	2379.0	3425.2
168.0	517.3	1778.9	2336.3	3396.3
166.0	517.9	1766.3	2285.3	3373.6
164.3	516.7	1748.2	2228.9	3363.6
162.9	510.6	1728.9	2162.5	3354.7
161.6	505.9	1711.6	2110.9	3391.4
159.2	502.8	1696.3	2119.2	3413.3
156.8	503.5	1675.8	2097.2	3387.9
155.4	504.4	1675.5	2087.7	3392.2
152.2	499.6	1657.4	2083.4	3384.2
149.6	499.9	1657.9	2074.0	3397.9
145.2	496.1	1662.6	2090.6	3396.8
144.6	504.4	1676.9	2117.5	3394.2
140.5	496.4	1678.1	2145.3	3389.5
137.9	556.1	1685.6	2204.0	3318.0
134.8	496.2	1693.6	2252.1	3253.0
131.9	484.5	1701.9	2321.9	3212.5
126.3	469.6	1707.7	2436.4	3088.6
127.7	447.1	1650.7	2463.8	2966.2
122.4	443.4	1587.8	2512.4	3072.8
107.1	223.9	1598.0	2547.4	3301.7
0.0	230.2	1611.8	2558.9	3539.9
104.3	267.3	1576.9	2548.8	3524.6
210.5	280.8	1498.2	2565.4	3424.8
79.5	378.1	1647.6	2631.2	3425.3
94.5	770.2	1772.5	2598.1	3576.9
521.7	818.4	1838.5	2664.0	3664.6
0.0	719.3	1770.4	2680.2	3607.3
0.0	599.0	1750.6	2632.1	3571.1
0.0	569.3	1747.4	2618.4	3532.8
145.5	554.8	1696.1	2606.7	3511.8
140.8	549.2	1717.8	2602.9	3451.1
131.9	545.5	1746.9	2600.8	3434.8
129.9	562.3	1767.1	2589.4	3434.1
126.5	563.9	1790.1	2589.4	3448.4
123.4	561.2	1792.1	2582.2	3436.7
121.2	558.1	1809.8	2579.5	3448.3
118.8	550.4	1837.9	2556.1	3446.0
117.0	531.4	1837.6	2553.6	3436.9
115.3	526.7	1865.4	2556.2	3455.1
113.4	506.8	1891.0	2561.2	3475.4
112.8	480.0	1884.9	2576.6	3489.5
111.1	463.6	1861.6	2567.3	3512.3
109.0	419.8	1827.1	2539.8	3538.2
107.1	426.5	1747.4	2509.5	3557.6
105.9	588.1	1673.0	2491.6	3555.5
96.8	734.3	1700.3	2499.0	3549.1
97.4	369.4	1745.6	2503.1	3566.7
96.1	406.6	1790.4	2544.1	3575.6
92.4	390.9	1831.8	2581.3	3605.2
86.1	394.2	1853.5	2578.8	3635.6
81.8	386.4	1860.2	2586.1	3682.1
75.8	379.6	1861.3	2589.3	3699.3
75.7	382.5	1858.2	2597.6	3740.3
72.3	377.1	1819.2	2617.9	3764.9
70.8	297.2	1724.1	2580.3	3668.5
135.9	275.0	1631.3	2559.3	3519.4
209.9	329.2	1607.9	2578.7	3417.5
78.9	761.6	1622.0	2591.5	3389.4
0.0	941.2	1628.1	2586.0	3404.0
0.0	1000.4	1736.4	2563.5	3342.0
0.0	878.5	1610.5	2427.6	3360.5
250.0	935.3	1890.1	2575.3	3454.2
240.0	770.1	1835.1	2566.2	3374.4
0.0	569.4	1618.7	2549.5	3387.2
0.0	484.9	1573.1	2650.5	3293.3
