0.0	0.0	0.0	0.0	0.0
0.0	0.0	0.0	0.0	0.0
0.0	0.0	0.0	0.0	0.0
0.0	752.3	1723.6	2651.4	3544.5
0.0	811.5	1704.3	2652.7	3463.6
0.0	911.9	1739.4	2781.4	3611.7
0.0	798.6	1626.7	2629.0	3613.6
0.0	769.7	1645.4	2510.7	3452.9
0.0	768.0	1619.6	2501.1	3327.2
0.0	659.7	1521.2	2488.3	3347.1
0.0	773.8	1531.2	2528.8	3379.8
0.0	783.1	1530.3	2526.3	3363.6
0.0	722.2	1544.0	2521.5	3386.8
0.0	613.2	1485.6	2434.7	3329.9
0.0	693.3	1448.1	2412.8	3206.7
0.0	284.8	1427.9	2393.2	3162.2
0.0	270.2	1402.2	2369.2	3020.6
142.9	214.3	1422.4	2339.1	3019.8
99.2	242.8	1405.7	2305.0	2918.2
126.3	262.5	1420.8	2308.9	2934.5
230.8	439.1	1608.4	2360.0	3235.4
256.8	584.2	1849.5	2527.1	3419.5
275.0	580.2	1910.0	2560.8	3478.3
264.1	595.6	1941.2	2579.7	3536.8
270.4	629.5	1961.9	2599.1	3545.8
131.9	603.0	1974.6	2599.9	3536.4
279.3	590.2	1976.8	2607.4	3550.6
143.1	582.2	1972.2	2598.4	3569.7
147.6	565.9	1958.1	2597.5	3646.6
151.6	548.5	1895.7	2591.6	3749.1
154.2	401.9	1811.0	2580.3	3750.6
155.6	350.7	1758.9	2540.6	3777.6
155.7	377.2	1775.8	2543.2	3793.4
159.2	422.2	1819.4	2548.6	3784.7
160.0	570.4	1910.4	2568.4	3783.3
162.4	562.2	1978.6	2582.9	3790.3
162.2	574.0	2016.5	2611.3	3810.0
162.2	553.6	2058.3	2628.6	3820.1
160.3	513.8	2089.7	2645.0	3804.0
160.0	496.4	2122.3	2669.8	3747.0
160.0	419.3	2148.8	2686.7	3623.0
157.7	325.7	2171.0	2712.0	3556.9
152.6	288.9	2171.5	2751.6	3536.6
144.4	889.5	2223.9	2909.8	3484.7
137.8	1052.7	2272.1	2989.9	3481.5
120.0	1121.0	2171.0	3028.1	3473.6
0.0	1105.5	2094.1	2932.4	3435.3
0.0	581.8	2096.6	2787.1	3384.3
0.0	832.1	2106.5	2709.2	3344.8
0.0	874.5	2049.5	2722.9	3361.8
230.8	794.7	2123.3	2719.3	3429.8
230.8	534.4	2110.9	2739.5	3398.0
480.0	1003.8	2187.0	2774.8	3323.9
0.0	730.2	2072.2	2635.0	3331.7
0.0	423.3	1982.1	2545.3	3340.7
218.4	425.2	1953.9	2507.1	3317.9
171.8	512.5	1913.2	2461.2	3326.8
167.7	493.8	1903.4	2449.1	3359.2
162.1	493.2	1891.0	2455.2	3436.0
159.7	502.3	1892.5	2485.5	3486.9
155.1	514.5	1907.1	2513.4	3489.7
153.5	503.1	1934.0	2536.0	3513.3
151.7	500.8	1960.6	2531.4	3525.5
150.9	481.5	1991.9	2555.1	3547.3
149.9	458.3	2016.8	2601.8	3573.1
149.2	449.0	2052.6	2599.6	3593.0
146.7	444.8	2076.9	2592.0	3579.0
145.6	429.4	2080.3	2608.9	3607.6
143.6	421.9	2080.2	2600.0	3562.7
142.3	413.0	2100.7	2587.4	3583.4
140.0	399.0	2102.3	2569.0	3519.7
134.8	386.1	2078.9	2510.1	3422.7
130.4	359.9	1961.6	2425.6	3307.8
123.7	345.8	1806.6	2384.5	3227.5
105.3	291.6	1294.7	2257.5	3195.8
91.6	252.1	1307.4	2294.4	3287.5
89.7	529.9	1484.8	2471.6	3472.1
65.2	1053.1	1529.1	2555.9	3380.7
0.0	1059.6	1733.7	2614.9	3305.6
0.0	1108.0	1740.5	2650.0	3514.4
0.0	871.0	1872.9	2589.5	3416.0
0.0	752.3	1989.7	2584.4	3352.0
315.8	1115.9	2154.5	2858.3	3335.7
68.2	625.0	2238.3	3102.8	3531.0
0.0	565.3	2235.4	3161.6	3625.4
133.3	1160.1	2317.7	3231.7	3645.1
0.0	979.6	2190.0	3256.4	3689.2
0.0	1059.0	2053.2	3297.1	3731.3
0.0	1082.4	1956.5	3244.5	3825.7
0.0	438.2	1688.4	2625.5	3736.6
0.0	464.1	1637.3	2520.5	3742.2
134.8	449.2	1625.4	2503.4	3726.6
127.7	458.0	1623.9	2503.0	3663.3
125.5	519.7	1614.2	2520.7	3586.8
123.3	598.4	1602.8	2551.5	3571.1
247.2	575.7	1580.3	2575.5	3591.6
121.3	525.8	1540.7	2575.7	3563.5
121.2	295.6	1505.7	2541.6	2764.7
117.6	246.3	1511.0	2398.7	2622.5
117.6	230.6	1492.3	2345.2	2639.7
120.0	237.5	1483.4	2340.0	2637.8
0.0	223.8	1492.3	2330.9	2625.5
121.2	235.5	1497.6	2485.2	2654.7
121.2	287.9	1503.4	2531.8	2753.2
121.2	241.9	1501.3	2574.9	3174.6
120.0	278.3	1437.6	2566.6	3292.9
116.5	284.7	1322.7	2177.0	2744.4
120.0	268.1	1321.3	2238.4	2907.6
120.0	255.7	1304.5	2276.4	3099.8
120.0	236.6	1295.5	2307.2	3250.2
228.2	538.5	1359.5	2385.0	3301.4
239.8	572.7	1519.2	2515.8	3439.3
121.2	616.9	1610.3	2562.0	3554.6
121.8	630.7	1646.5	2569.1	3582.7
123.7	626.8	1679.7	2576.9	3590.2
125.0	629.8	1707.3	2584.3	3613.5
125.9	634.1	1728.5	2578.2	3595.4
126.4	635.9	1718.8	2540.6	3557.5
127.2	636.6	1732.4	2543.4	3577.4
127.7	636.2	1737.7	2549.4	3549.1
127.6	637.9	1755.2	2545.8	3529.6
125.9	634.4	1739.1	2533.0	3524.7
125.1	640.0	1716.7	2532.4	3551.2
124.9	638.0	1698.0	2524.0	3576.1
123.3	639.7	1712.5	2531.1	3616.2
122.4	620.1	1695.5	2523.6	3676.0
122.3	661.9	1716.2	2555.2	3661.6
120.0	615.2	1734.0	2574.1	3590.7
122.4	484.7	1745.9	2572.2	3634.2
0.0	419.1	1726.8	2575.7	3510.8
0.0	387.7	1468.8	2475.3	3362.9
0.0	640.9	1390.7	2552.5	3325.0
0.0	642.0	1515.9	2628.8	3282.8
0.0	776.6	1845.9	2778.8	3568.2
0.0	850.6	1850.4	2670.5	3528.7
0.0	851.2	1727.3	2497.2	3438.5
0.0	795.0	1641.2	2438.1	3466.3
0.0	855.6	1649.0	2483.7	3357.7
0.0	847.1	1712.5	2562.4	3350.3
0.0	404.2	1671.1	2494.3	3223.9
0.0	720.2	1676.9	2617.2	3465.1
0.0	438.7	1692.0	2642.1	3582.0
0.0	497.2	1708.9	2686.5	3709.7
0.0	483.5	1687.5	2714.9	3691.2
135.4	489.0	1684.2	2732.4	3671.9
122.1	504.0	1682.7	2721.8	3615.7
120.0	520.1	1684.2	2730.6	3588.7
116.5	532.6	1688.4	2716.5	3597.3
114.3	549.7	1682.4	2711.1	3605.6
112.1	544.1	1674.6	2708.4	3602.0
112.1	537.6	1673.9	2721.8	3604.4
108.1	534.3	1680.9	2716.3	3604.1
107.1	532.4	1671.8	2700.8	3551.2
105.3	525.7	1658.9	2703.3	3544.5
103.4	524.4	1657.6	2706.4	3568.4
104.3	520.3	1648.4	2701.7	3564.6
104.3	515.0	1627.0	2688.4	3530.5
103.4	506.8	1610.4	2662.6	3534.3
103.4	485.6	1571.1	2632.5	3541.8
102.6	440.3	1493.6	2554.4	3451.8
99.2	295.0	1400.9	2495.4	3436.5
96.8	221.4	1368.8	2457.9	3363.7
93.0	210.1	1387.3	2569.8	3397.9
96.6	223.4	1413.1	2600.8	3443.6
89.1	208.1	1378.0	2360.5	3329.4
104.1	203.9	1424.3	2462.7	3341.0
87.0	231.7	1336.7	2350.8	3137.0
0.0	210.0	1261.5	2220.8	3052.8
0.0	231.9	1287.6	2376.9	3283.3
105.3	259.5	1467.6	2424.5	3209.4
0.0	274.7	1527.6	2473.6	2902.4
120.0	273.0	1621.1	2608.2	3085.9
100.8	786.9	1661.1	2648.3	3124.8
107.1	997.9	2163.5	2850.9	3266.0
121.2	961.5	2108.9	2931.0	3345.1
112.1	907.2	2220.4	3011.3	3260.2
108.1	997.7	2059.0	2967.1	3163.7
104.3	1039.6	2177.3	2909.5	3318.9
102.6	894.8	2116.8	2886.0	3287.8
0.0	901.3	2082.2	3184.2	3245.3
324.3	833.3	1659.1	2967.9	3414.2
285.7	683.1	1624.4	2789.9	3457.1
342.9	855.8	1561.4	2781.5	3455.8
113.2	835.3	1586.0	2721.0	3438.6
108.1	905.4	1601.5	2592.2	3283.1
63.5	607.2	1437.7	2394.0	3234.2
0.0	602.3	1360.0	2262.1	3264.0
0.0	664.4	1483.6	2254.5	3246.8
0.0	658.5	1526.4	2379.8	3361.2
0.0	727.1	1511.1	2406.8	3395.9
0.0	713.4	1660.3	2541.9	3393.7
0.0	781.8	1590.9	2517.7	3312.9
