0.0	0.0	0.0	0.0	0.0
0.0	0.0	0.0	0.0	0.0
0.0	0.0	0.0	0.0	0.0
0.0	200.0	1430.5	2466.8	3231.5
0.0	382.5	1407.1	2477.5	3326.0
0.0	570.3	1644.3	2415.7	3513.8
0.0	588.6	1710.8	2441.8	3591.3
0.0	626.4	1604.8	2434.2	3541.9
102.6	644.5	1471.5	2410.0	3413.4
0.0	828.4	1599.7	2514.8	3417.2
0.0	802.2	1402.9	2444.8	3445.1
0.0	738.4	1317.3	2396.9	3436.7
214.3	766.4	1326.2	2354.3	3365.7
196.7	703.1	1281.7	2305.2	3467.8
196.7	645.6	1318.0	2247.8	3441.0
184.6	674.0	1494.4	2474.9	3404.4
153.8	236.3	972.0	2536.4	3396.5
0.0	537.7	859.6	2520.9	3356.0
0.0	561.5	841.1	2394.4	3344.4
136.4	596.1	898.8	2343.5	3285.2
138.4	637.0	956.3	2364.8	3306.6
138.1	653.6	1000.9	2341.4	3356.3
139.5	661.9	1049.3	2229.0	3370.9
139.5	668.1	1094.6	2157.1	3378.6
140.3	668.1	1143.5	2129.6	3314.3
141.2	664.0	1187.4	2067.6	3307.8
141.8	664.8	1258.4	2065.0	3290.2
144.4	653.2	1303.2	2019.7	3311.0
145.6	627.8	1350.5	2031.0	3335.3
147.6	630.5	1405.1	2037.2	3223.9
148.6	586.6	1506.4	2146.7	3284.8
149.8	587.1	1626.8	2344.5	3265.3
149.6	669.5	1671.4	2462.8	3261.3
144.6	682.7	1738.9	2578.0	3323.8
147.5	719.2	1888.8	2816.8	3370.4
148.1	1172.6	2276.1	3027.9	3417.2
352.9	1156.2	2366.4	2969.3	3435.4
226.4	1727.7	2453.7	3030.5	3510.1
0.0	1496.8	2410.1	2912.8	3402.9
0.0	797.6	2152.4	2645.1	3321.4
387.1	914.6	1978.7	2544.7	3171.2
0.0	605.5	1841.4	2467.1	3234.3
104.3	994.8	1827.8	2482.0	3285.6
101.7	365.0	1800.3	2499.7	3354.3
0.0	348.1	1741.4	2449.7	3468.6
177.7	377.6	1702.8	2445.2	3683.0
140.9	306.4	1659.9	2429.6	3790.9
135.2	243.9	1622.8	2523.0	3757.8
130.8	258.0	1585.0	2520.4	3599.5
63.9	249.8	1616.4	2513.0	3426.5
123.9	261.6	1551.3	2566.9	3344.7
123.9	240.6	1541.8	2553.2	3340.2
121.0	258.3	1543.8	2670.0	3439.6
119.6	243.6	1560.7	2568.9	3432.2
116.0	866.6	1645.8	2552.9	3503.4
0.0	319.5	1616.8	2551.2	3661.8
0.0	362.4	1670.8	2570.0	3691.8
134.0	367.6	1704.0	2576.8	3724.7
138.8	439.5	1730.4	2574.9	3746.9
138.6	476.6	1729.9	2564.3	3782.9
138.6	413.9	1730.2	2575.6	3813.8
138.2	435.4	1712.1	2574.4	3809.7
138.2	410.6	1688.1	2571.0	3795.7
138.1	391.3	1709.6	2614.2	3763.5
136.2	375.4	1679.0	2694.9	3677.3
131.9	623.9	1715.3	3007.1	3652.2
127.7	598.4	1853.7	3072.8	3675.4
122.4	868.2	1945.6	3206.2	3793.2
0.0	511.7	1900.4	3132.3	3767.5
0.0	588.2	2007.0	3139.9	3638.6
0.0	511.4	1856.9	2944.0	3437.8
0.0	448.6	1752.1	2813.3	3482.1
78.9	791.6	1673.7	2808.9	3397.1
96.8	984.1	1655.2	2685.2	3404.1
0.0	256.6	1490.7	2460.0	3422.6
0.0	266.1	1391.8	2294.1	3212.1
143.6	250.9	1351.8	2205.1	3086.3
126.4	258.5	1371.0	2197.6	3095.3
0.0	351.0	1731.7	2349.1	3236.5
0.0	401.2	1863.4	2431.5	3340.1
122.7	373.3	1943.0	2470.8	3374.6
120.1	381.0	2020.5	2509.0	3451.5
119.5	433.2	2060.1	2535.6	3488.8
117.4	382.0	2093.1	2564.8	3502.7
114.8	392.9	2075.5	2565.9	3532.6
111.1	353.5	2062.7	2553.4	3543.0
108.1	978.3	2065.4	2746.0	3596.9
104.3	1081.6	2016.4	3018.3	3644.0
0.0	867.7	1956.1	3145.2	3648.5
0.0	902.5	1952.2	3109.0	3799.3
461.5	760.7	1944.2	3164.4	3874.3
0.0	830.5	1860.3	2996.0	3771.4
0.0	738.3	1848.8	2971.0	3695.1
0.0	659.7	1939.0	3069.0	3803.8
93.8	937.3	1841.7	2931.7	3829.9
142.9	924.5	1685.6	2729.2	3824.2
206.9	639.6	1629.4	2624.5	3743.2
85.7	453.7	1602.0	2478.3	3583.5
0.0	479.5	1541.1	2456.2	3604.1
126.2	479.8	1494.2	2463.4	3550.8
118.5	490.6	1442.6	2500.3	3566.7
114.7	509.0	1414.5	2533.7	3591.0
112.8	509.5	1329.7	2531.4	3578.1
111.1	502.3	1283.6	2495.9	3607.5
110.1	495.7	1209.0	2508.4	3586.9
109.2	498.3	1166.8	2536.3	3546.2
109.0	488.5	1128.9	2523.9	3517.8
109.9	477.4	1090.7	2521.6	3504.9
111.2	460.4	1044.9	2530.4	3527.6
112.4	453.1	1022.7	2537.6	3593.2
115.3	436.8	974.6	2541.4	3640.0
119.4	390.2	943.0	2548.1	3551.6
123.1	389.4	910.3	2551.4	3531.4
127.2	435.2	864.9	2511.8	3540.7
136.3	474.9	841.8	2348.4	3443.6
139.6	356.1	726.6	2270.3	3202.6
154.2	675.9	1351.7	2288.0	2981.0
158.9	600.3	1338.1	2505.2	3199.5
152.6	582.4	1403.4	2466.0	3395.5
78.9	620.8	1563.7	2681.9	3507.2
0.0	614.8	1395.1	2548.0	3429.4
0.0	542.1	1523.9	2621.9	3360.9
0.0	730.6	1536.5	2641.1	3274.7
0.0	766.6	1628.3	2652.8	3395.6
0.0	606.4	1517.4	2583.4	3449.5
0.0	668.5	1517.3	2543.2	3401.6
237.5	592.8	1567.0	2586.5	3419.5
0.0	778.0	1724.3	2720.4	3525.3
