0.0	0.0	0.0	0.0	0.0
0.0	0.0	0.0	0.0	0.0
0.0	0.0	0.0	0.0	0.0
0.0	874.0	1688.9	2439.7	3263.2
0.0	811.4	1834.9	2546.7	3374.7
0.0	808.1	1792.3	2582.6	3452.8
0.0	853.2	1748.9	2675.7	3346.4
0.0	842.3	1731.3	2650.9	3365.1
0.0	768.1	1673.0	2718.6	3477.4
0.0	816.1	1807.1	2759.9	3490.5
0.0	797.8	1848.9	2784.1	3430.7
0.0	883.1	1676.5	2703.1	3274.4
0.0	823.6	1853.4	2858.3	3369.4
0.0	721.6	1862.7	2745.3	3302.8
0.0	1024.8	1932.2	2614.5	3127.4
0.0	844.0	1897.5	2572.6	3163.0
0.0	350.3	1951.0	2632.2	3113.9
0.0	310.7	1946.9	2503.7	3049.1
0.0	313.6	1942.5	2474.2	3158.4
94.1	300.2	1929.9	2447.3	3109.6
96.8	278.2	1917.5	2410.0	3032.0
95.5	278.8	1902.1	2403.9	3071.1
93.2	276.6	1916.9	2421.8	3117.4
90.4	277.2	1865.7	2392.9	3119.1
90.2	817.7	1893.3	2454.7	3183.6
89.6	704.1	1989.0	2508.5	3319.9
0.0	1023.2	2045.6	2617.8	3340.4
0.0	759.4	2056.6	2674.1	3284.7
0.0	710.0	2162.1	2627.8	3321.6
255.3	1262.2	2238.5	2881.3	3341.1
400.0	799.4	2157.7	2766.5	3336.4
0.0	839.5	2033.8	2532.6	3402.1
0.0	666.4	1737.2	2496.8	3357.2
0.0	707.6	1620.4	2483.4	3348.1
0.0	441.0	1463.7	2493.7	3323.8
0.0	450.0	1437.6	2459.0	3259.4
0.0	446.7	1369.3	2418.4	3228.5
90.8	450.1	1280.0	2431.5	3201.3
75.9	463.3	1211.7	2479.2	3196.3
80.0	468.2	1137.2	2511.6	3238.8
81.4	464.5	1089.6	2560.7	3215.9
83.5	462.1	1106.4	2619.9	3275.6
84.3	630.3	1288.5	2670.5	3495.2
80.7	814.2	1488.1	2731.6	3585.1
76.4	1027.3	1784.5	3014.8	3837.6
82.2	908.0	1871.9	3083.7	3981.3
196.7	997.0	1929.9	3190.7	4036.8
0.0	828.4	1855.8	2975.8	3930.0
0.0	844.6	1706.8	2973.0	3905.5
0.0	572.8	1690.2	2967.8	3824.5
0.0	744.9	1868.4	2901.0	3812.8
82.2	782.8	1952.0	2942.2	3857.9
68.2	1091.5	1934.5	3115.3	3900.8
0.0	1063.4	1788.1	3037.0	3753.7
0.0	828.6	1860.2	2904.3	3673.7
181.8	808.0	1785.0	2820.1	3675.5
0.0	905.4	1676.5	2981.8	3763.7
0.0	712.7	1811.2	2936.8	3674.4
0.0	759.5	1744.2	2703.9	3573.5
0.0	358.1	1658.0	2541.5	3475.6
0.0	351.3	1679.7	2462.3	3294.1
107.4	346.6	1747.7	2470.3	3222.2
106.4	331.3	1828.3	2488.9	3219.7
105.2	322.5	1878.5	2488.3	3217.4
104.3	325.6	1911.2	2486.7	3218.1
103.5	322.6	1935.5	2525.8	3233.3
102.6	324.1	1944.1	2525.0	3232.1
101.3	327.2	1958.3	2467.4	3251.1
99.9	332.4	1962.6	2449.4	3252.2
98.7	333.3	1940.7	2472.3	3225.9
97.2	339.7	1906.5	2439.8	3256.5
95.7	361.7	1851.1	2378.0	3208.8
94.4	596.4	1764.7	2375.9	3150.8
97.9	751.5	1732.7	2450.3	3210.0
96.8	601.4	1648.2	2417.8	3166.1
91.6	565.1	1676.6	2244.1	3180.1
93.8	418.0	1657.0	2312.0	3140.1
103.5	418.1	1534.1	2032.9	3084.0
103.0	446.8	1494.5	1855.2	3055.2
103.0	445.4	1503.6	2063.7	3062.6
101.5	448.0	1385.7	1787.1	3048.5
100.5	452.1	1353.5	1686.3	3050.9
99.7	453.0	1335.7	1625.0	3046.0
98.9	452.6	1266.7	1628.7	3044.0
98.2	449.3	1263.2	1619.4	3105.7
97.7	450.3	1248.9	1595.3	3124.1
96.9	451.6	1258.8	1592.4	3097.7
96.5	446.9	1290.1	1582.4	3068.8
96.8	452.5	1313.6	1576.9	3093.9
95.4	452.0	1338.5	1624.8	3135.7
95.6	455.0	1373.5	1660.3	3138.5
94.7	459.2	1423.7	1727.8	3157.3
94.3	473.1	1456.6	1824.4	3164.4
93.9	485.3	1504.3	2253.6	3162.8
92.6	476.7	1529.5	2495.0	3212.0
92.8	466.0	1549.8	2732.2	3292.0
91.3	464.4	1574.4	2699.4	3384.6
87.1	457.8	1633.0	2660.0	3421.2
84.7	439.4	1641.4	2657.7	3453.1
71.6	428.2	1624.7	2613.3	3492.9
66.9	372.6	1635.7	2580.4	3492.3
66.2	391.4	1671.1	2654.2	3532.7
0.0	305.3	1645.4	2595.6	3512.6
193.5	260.0	1670.9	2619.1	3502.3
63.5	260.2	1699.7	2671.0	3437.1
80.5	272.7	1713.7	2584.9	3444.9
79.5	269.0	1577.5	2414.6	3316.5
0.0	295.8	1454.3	2420.5	3265.6
92.3	313.5	1543.8	2515.0	3345.2
92.3	698.6	1700.5	2628.7	3395.9
0.0	631.7	1751.8	2688.9	3471.7
0.0	393.0	1691.4	2625.9	3357.3
0.0	413.2	1692.2	2619.2	3238.4
92.9	435.2	1733.5	2613.0	3280.5
90.2	449.3	1727.5	2613.1	3188.7
87.6	455.8	1712.7	2618.5	3145.7
86.4	461.1	1630.0	2579.8	3157.3
85.8	476.4	1576.6	2579.5	3175.6
85.4	477.2	1551.3	2605.6	3129.4
85.1	466.5	1491.7	2623.6	3166.5
84.2	441.0	1447.1	2311.9	3277.2
82.1	445.2	1465.1	2401.4	3265.9
81.9	475.9	1500.8	2601.5	3219.4
79.4	499.9	1533.7	2579.2	3120.1
78.0	514.3	1555.1	2225.2	3135.3
75.2	495.9	1397.9	1687.1	3100.4
70.9	502.3	1384.1	1639.0	3083.2
67.1	514.6	1354.9	1645.0	3101.2
67.1	498.9	1349.9	1617.0	3089.9
65.6	555.0	1362.1	1567.3	3117.7
67.0	530.1	1355.0	1684.7	3145.0
66.9	584.2	1385.8	1910.0	3161.0
73.3	681.7	1419.9	1972.2	3130.3
73.2	714.1	1523.4	2202.7	3125.3
0.0	762.8	1563.7	2240.2	3174.2
0.0	794.5	1541.0	2228.9	3153.7
0.0	675.5	1437.9	2306.6	3133.0
0.0	581.5	1403.6	2502.7	3217.2
0.0	594.9	1410.0	2397.1	3191.7
0.0	692.9	1378.9	2440.9	3212.3
0.0	855.2	1516.4	2560.5	3234.5
74.1	938.5	1583.6	2357.6	3252.3
84.5	867.9	1763.5	2451.7	3243.5
