0.0	0.0	0.0	0.0	0.0
0.0	0.0	0.0	0.0	0.0
0.0	0.0	0.0	0.0	0.0
0.0	741.6	1735.4	2483.1	3618.2
0.0	728.8	1828.5	2567.2	3551.6
0.0	787.2	1982.8	2686.2	3581.8
0.0	768.7	1780.9	2598.0	3433.6
0.0	808.4	1669.4	2513.2	3323.9
0.0	854.1	1736.9	2568.9	3543.4
0.0	748.9	1739.1	2564.2	3484.4
0.0	993.6	1781.2	2617.9	3438.9
0.0	1107.2	1875.1	2746.7	3484.2
0.0	950.3	1760.4	2687.4	3375.8
0.0	740.7	1763.4	2644.8	3390.5
0.0	584.4	1657.5	2634.4	3414.3
0.0	727.5	1757.5	2594.8	3412.0
0.0	696.1	1511.1	2489.3	3299.5
0.0	412.2	1296.6	2588.4	3366.2
0.0	499.6	1307.9	2520.7	3410.2
0.0	537.7	1309.9	2504.9	3450.5
0.0	559.3	1359.4	2578.4	3486.5
144.9	564.0	1430.8	2638.2	3583.7
147.6	573.1	1468.1	2666.1	3631.6
149.0	549.7	1498.3	2688.5	3657.0
149.9	526.4	1519.7	2680.5	3495.0
150.0	495.9	1538.3	2666.3	3175.1
150.0	458.2	1478.0	2675.7	3093.2
148.1	433.2	1493.8	2672.1	3257.2
68.7	488.8	1551.0	2681.8	3351.3
140.8	453.4	1575.7	2669.5	3288.9
142.3	446.8	1605.0	2665.4	3252.6
142.9	499.0	1626.2	2655.5	3111.3
142.3	544.7	1644.6	2675.3	3034.2
140.6	507.2	1653.7	2666.9	2989.3
139.6	577.7	1629.1	2686.7	2862.9
138.8	391.5	1540.2	2582.5	2822.9
137.9	474.6	1479.7	2507.0	2993.2
67.4	387.9	1473.0	2507.3	2921.4
136.4	495.5	1477.6	2437.6	2810.6
139.5	461.1	1486.9	2512.2	2899.1
134.8	364.4	1480.5	2540.5	2861.7
134.8	646.5	1644.4	2662.4	2950.6
144.0	574.6	1690.2	2742.3	3172.5
139.7	594.0	1732.6	2695.4	3197.7
139.5	595.0	1731.5	2652.3	3216.0
139.9	596.7	1694.1	2563.1	3200.4
140.9	609.5	1684.4	2509.3	3152.0
141.9	602.7	1601.8	2352.9	3111.8
143.6	606.7	1554.9	2274.3	3097.9
146.6	595.4	1491.7	2102.1	3057.6
148.1	563.8	1399.3	1970.0	3032.5
150.2	519.9	1288.3	1844.0	3049.1
150.5	518.5	1229.4	1784.0	3074.0
145.0	547.1	1187.6	1797.7	3102.1
141.1	684.1	1548.5	2344.9	3240.6
141.6	636.0	1421.2	2369.5	3272.5
141.4	615.9	1434.7	2040.8	3291.2
144.3	412.9	1273.6	1727.3	3108.4
146.7	448.7	1336.9	1723.2	3072.0
145.9	472.4	1504.5	1796.6	3084.7
144.7	472.0	1629.8	1949.8	3124.0
143.8	432.0	1745.5	2043.5	3209.8
140.3	431.7	1840.5	2189.5	3254.9
137.6	412.8	1904.4	2287.1	3347.2
134.1	380.9	1909.4	2238.9	3417.0
131.9	358.2	1774.7	2107.8	3379.8
130.5	354.9	1487.3	2444.6	3389.7
128.3	290.0	1487.4	2473.8	3360.1
116.9	801.3	1818.0	2668.8	3446.4
69.8	911.7	1869.2	2827.5	3521.3
73.6	967.4	1806.6	2712.6	3472.4
0.0	882.8	1645.8	2588.6	3503.5
0.0	907.3	1619.4	2548.2	3475.3
0.0	988.1	1781.6	2586.9	3480.6
0.0	312.8	1486.6	2433.2	3450.2
0.0	507.9	1509.9	2325.8	3265.0
0.0	941.8	1634.2	2301.1	3215.9
100.0	904.4	1627.6	2321.9	3193.8
107.1	787.5	1652.9	2269.7	3125.7
66.7	758.3	1663.3	2287.6	3145.4
77.9	711.9	1650.1	2244.3	3219.8
0.0	517.2	1589.2	2009.2	3218.6
177.7	487.9	1544.7	1859.6	3232.3
164.0	497.6	1502.7	1834.9	3196.0
161.1	471.9	1523.0	1820.4	3171.7
157.0	471.5	1534.1	1820.6	3168.8
155.4	434.0	1542.2	1832.1	3183.3
152.0	449.7	1555.0	1828.4	3202.0
151.1	449.1	1602.8	1874.0	3246.8
148.5	455.2	1662.6	1874.4	3280.9
147.5	463.0	1732.3	1980.1	3339.3
146.9	456.7	1747.5	1990.7	3364.3
146.0	441.9	1846.5	2113.6	3378.8
142.9	445.0	1883.2	2282.2	3417.2
140.8	428.0	1952.9	2448.5	3424.3
139.8	408.0	1976.7	2516.2	3448.3
136.7	401.5	1969.3	2598.6	3453.6
134.1	405.0	1931.5	2697.6	3457.2
130.6	425.9	1903.0	2708.4	3457.9
127.5	437.4	1912.0	2654.8	3431.4
125.6	459.3	1882.7	2689.4	3358.8
124.2	465.9	1854.7	2715.1	3565.0
123.3	446.0	1810.7	2697.1	3710.7
122.8	399.2	1691.5	2648.5	3668.0
121.3	424.5	1634.8	2643.1	3625.0
112.2	364.2	1634.0	2677.8	3605.7
115.9	355.3	1652.2	2653.3	3591.2
114.6	473.7	1673.8	2663.6	3558.8
118.0	478.9	1727.0	2722.4	3633.5
0.0	384.6	1827.6	2744.1	3668.6
0.0	382.5	1841.6	2770.1	3639.9
0.0	404.9	1868.8	2800.4	3755.3
0.0	398.6	1877.0	2801.8	3628.1
189.8	398.8	1922.4	2744.0	3464.2
81.9	401.6	1890.8	2645.4	3406.4
0.0	432.8	1834.9	2757.2	3397.0
0.0	748.6	1841.1	2692.5	3471.4
0.0	755.1	1763.3	2673.2	3366.2
0.0	824.3	1787.0	2665.1	3332.0
0.0	885.8	1611.8	2528.4	3380.4
0.0	435.4	1455.2	2385.8	3308.7
375.0	584.3	1922.8	2793.2	3733.3
0.0	452.5	1887.7	2809.3	3728.1
194.9	456.1	1851.6	2786.3	3690.1
0.0	447.1	1857.1	2777.7	3738.4
127.3	436.8	1833.2	2776.4	3769.3
131.5	455.4	1792.6	2777.7	3750.1
132.4	462.0	1740.9	2750.5	3759.4
131.3	469.6	1727.6	2765.1	3756.7
130.8	481.5	1708.3	2756.6	3705.6
129.3	477.6	1684.2	2748.3	3614.9
128.0	478.0	1670.1	2740.8	3603.8
127.1	485.6	1656.0	2730.0	3580.4
127.2	432.9	1681.1	2706.7	3633.9
120.1	567.5	1699.5	2695.9	3635.5
123.7	597.4	1697.0	2675.2	3534.7
129.0	573.6	1672.0	2615.8	3388.7
126.3	680.0	1760.8	2687.4	3434.4
133.3	638.6	1759.0	2655.7	3494.4
139.5	521.5	1739.5	2576.0	3413.0
139.5	577.2	1686.6	2601.1	3496.1
139.9	557.9	1654.8	2605.4	3587.2
140.0	524.0	1617.5	2630.1	3701.8
138.1	508.9	1538.3	2641.5	3755.0
132.1	498.8	1517.2	2655.0	3761.6
129.7	486.5	1501.4	2687.6	3806.7
128.4	469.9	1485.8	2713.7	3844.3
128.8	426.6	1482.6	2787.2	3763.7
128.2	424.8	1457.2	2785.9	3706.4
125.8	448.1	1430.8	2840.8	3688.6
123.7	482.0	1611.0	2931.5	3670.2
126.3	685.4	2136.7	3161.8	3674.1
126.3	708.4	2256.1	3187.0	3669.0
123.7	845.7	2445.9	3179.2	3839.2
0.0	417.3	2498.5	3035.5	3768.7
0.0	858.6	2356.9	2738.6	3333.0
141.2	801.8	2061.1	2582.3	3159.6
133.3	331.1	1299.0	2511.2	3262.7
130.4	320.9	1232.4	2431.4	3261.8
125.0	267.4	1233.9	2462.1	3264.6
127.7	290.3	1227.5	2477.3	3319.7
124.3	288.2	1325.4	2448.4	3299.3
122.4	284.2	1318.1	2455.1	3276.5
120.7	290.3	1249.1	2441.9	3302.1
122.4	334.3	1477.0	2444.9	3319.6
0.0	525.8	1547.7	2496.6	3358.0
0.0	546.5	1588.6	2564.9	3368.8
131.5	563.3	1608.0	2616.4	3425.6
131.8	554.9	1666.3	2686.6	3504.9
132.6	571.4	1709.5	2776.2	3600.5
132.0	563.8	1706.1	2792.3	3662.0
131.1	568.7	1698.2	2863.4	3746.2
129.4	567.0	1685.5	2920.4	3759.4
128.6	572.0	1683.0	2895.6	3788.5
128.3	558.0	1685.9	2897.4	3790.1
128.5	546.2	1669.1	2922.6	3715.1
128.1	538.6	1633.3	2748.1	3389.2
126.0	530.7	1484.4	2537.5	3047.6
123.7	611.1	1495.8	2602.7	3057.2
125.7	502.7	1479.6	2469.5	2988.3
126.3	419.7	1479.7	2484.8	2990.4
126.3	416.1	1514.3	2490.3	3076.9
130.4	526.8	1550.1	2415.3	3239.4
130.4	864.3	1533.0	2566.1	3427.5
123.7	506.7	1567.4	2688.8	3420.1
126.3	493.6	1555.3	2556.8	3234.0
127.7	539.6	1562.4	2543.7	3380.7
123.7	576.4	1580.4	2605.4	3509.8
125.0	274.8	1540.2	2618.1	3459.4
131.9	699.9	2021.3	2708.6	3551.4
134.7	438.3	2271.9	2746.8	3607.2
137.8	438.7	2327.3	2769.7	3594.1
140.5	435.3	2204.2	2683.7	3550.7
141.6	384.6	1941.6	2536.7	3528.4
141.3	394.9	2040.6	2418.3	3469.4
139.9	431.9	1995.3	2385.7	3407.9
139.8	503.5	1849.5	2378.9	3382.2
139.4	443.6	1621.5	2358.1	3312.0
138.2	381.1	1345.6	2460.1	3292.6
136.3	356.8	1222.6	2509.4	3224.9
135.4	348.7	1474.5	2526.6	3226.3
134.8	363.8	1537.9	2561.2	3318.6
134.0	398.6	1533.3	2530.7	3548.4
133.3	388.4	1485.8	2495.2	3611.8
132.1	431.9	1443.6	2525.7	3404.8
130.4	554.4	1385.9	2478.8	3319.1
133.1	541.3	1372.0	2367.9	3420.3
128.7	547.7	1509.4	2492.2	3454.0
125.3	559.6	1595.0	2773.1	3533.9
123.5	556.2	1613.0	2815.2	3548.2
123.0	555.5	1583.6	2852.2	3398.4
121.7	437.7	1540.9	2716.2	3285.4
119.9	460.3	1566.0	2686.9	3266.1
122.9	431.5	1580.7	2733.1	3231.7
121.6	454.1	1588.2	2743.8	3567.8
122.2	469.2	1579.4	2728.9	3715.6
122.1	516.2	1617.6	2762.0	3716.1
123.4	545.5	1700.3	2792.1	3683.9
121.5	545.8	1749.8	2804.9	3765.2
121.4	549.7	1756.3	2842.4	3756.5
120.7	549.2	1724.6	2852.7	3783.3
120.6	553.1	1649.1	2891.2	3789.0
121.2	560.3	1685.6	2889.9	3842.8
122.5	559.2	1688.6	2855.5	3838.9
123.8	549.7	1627.7	2850.1	3805.5
123.0	533.5	1584.4	2813.8	3754.1
125.6	471.2	1522.4	2831.9	3764.2
125.1	412.2	1486.9	2820.8	3649.4
124.9	404.1	1451.1	2788.5	3629.9
122.6	439.8	1506.6	2796.5	3729.3
121.2	611.0	1956.0	3027.3	3818.7
137.9	902.6	1968.9	3096.8	3614.7
126.3	1162.6	2056.1	3057.7	3595.5
126.3	859.1	1770.5	3018.3	3700.2
0.0	433.0	1590.2	3068.3	3708.7
0.0	409.1	1408.3	2971.4	3625.4
0.0	486.2	1271.7	2709.5	3554.7
133.3	512.4	1241.4	2661.5	3356.7
125.1	538.4	1192.9	2581.6	3287.1
121.1	541.7	1112.4	2437.5	3277.6
120.7	512.1	1071.2	2464.4	3146.2
120.0	528.0	1251.9	2531.3	3219.1
125.2	433.9	1341.3	2520.8	3366.2
123.5	391.8	1544.2	2701.1	3488.5
124.3	369.9	1496.0	2755.4	3557.4
127.7	374.6	1484.4	2771.7	3397.8
127.7	505.3	1488.0	2692.3	3401.2
129.0	246.5	1457.4	2696.6	3564.6
125.0	296.0	1465.6	2679.3	3473.9
126.3	302.5	1544.6	2495.6	3220.4
123.7	559.9	1572.8	2440.2	3167.9
127.7	553.5	1609.6	2524.5	3271.3
117.6	807.1	1657.7	2775.7	3486.4
115.4	734.0	1469.3	2540.5	3338.7
0.0	733.9	1435.9	2415.1	3331.4
