0.0	0.0	0.0	0.0	0.0
0.0	0.0	0.0	0.0	0.0
0.0	0.0	0.0	0.0	0.0
0.0	612.6	1723.2	2438.6	3277.0
445.8	611.3	1687.9	2448.0	3202.8
0.0	671.2	1680.1	2434.4	3255.0
166.7	796.5	1610.8	2401.8	3324.1
0.0	818.7	1615.5	2449.0	3345.0
109.1	625.1	1707.7	2419.6	3354.5
0.0	617.6	1670.2	2372.4	3309.6
218.2	610.7	1598.2	2291.4	3275.2
218.2	1050.1	1769.7	2483.3	3367.8
137.9	836.6	1701.6	2388.5	3372.1
0.0	794.6	1736.5	2353.4	3428.3
0.0	781.5	1715.1	2367.1	3318.4
0.0	822.8	1769.6	2477.0	3368.5
272.7	881.2	1777.1	2591.2	3490.3
226.4	816.4	1678.8	2578.3	3456.9
0.0	726.0	1720.7	2487.6	3406.6
480.0	750.9	1720.5	2502.1	3298.0
99.2	779.4	1748.1	2637.5	3415.3
500.0	690.8	1778.4	2701.0	3468.6
184.6	671.7	1770.7	2861.8	3539.3
0.0	694.0	1746.9	2722.5	3432.0
0.0	598.5	1710.3	2555.6	3389.6
0.0	639.4	1754.8	2509.8	3557.0
0.0	619.3	1737.4	2702.6	3624.0
0.0	646.6	1694.4	2754.9	3454.0
0.0	664.0	1673.0	2791.5	3580.5
0.0	757.2	1749.1	2871.5	3645.8
461.5	1112.8	1755.9	2947.9	3572.6
0.0	774.9	1870.3	3047.0	3601.5
0.0	853.2	1986.2	3054.6	3649.0
240.0	818.6	1942.4	3002.5	3705.2
0.0	753.9	2027.6	3121.7	3633.9
0.0	950.6	2049.0	3227.5	3567.4
0.0	797.1	1968.9	3164.9	3667.3
206.9	812.2	1880.7	2954.3	3651.5
0.0	871.7	1779.3	2875.4	3653.1
571.4	894.0	1738.8	2935.6	3591.4
571.4	900.2	1753.1	2804.2	3616.2
98.4	696.2	1790.0	2717.8	3586.6
315.8	774.6	1872.7	2669.1	3590.7
480.0	512.8	1908.8	2593.4	3586.0
0.0	353.4	1975.3	2618.2	3379.8
148.1	321.3	2040.9	2688.2	3508.2
146.3	304.4	2093.0	2756.4	3568.4
144.6	301.4	2137.8	2809.7	3653.7
151.9	301.2	2156.8	2856.9	3726.7
153.8	311.1	2164.2	2830.2	3554.6
153.8	303.7	2169.8	2824.8	3523.0
151.9	302.9	2181.1	2808.5	3477.4
151.9	303.0	2173.7	2755.5	3428.9
150.0	299.6	2166.9	2619.4	3370.4
150.0	298.0	2151.7	2495.9	3336.0
144.6	304.9	2099.1	2407.3	3381.2
139.5	326.4	1908.2	2344.4	3335.4
139.5	425.9	1726.8	2326.1	3314.9
137.9	356.1	1470.9	2330.8	3259.8
134.8	352.2	1198.2	2367.1	3279.8
134.8	366.5	1039.9	2397.7	3327.8
133.8	359.1	871.3	2402.5	3304.4
132.6	394.0	852.0	2333.4	3333.3
131.4	456.5	902.0	2231.3	3349.9
130.2	407.5	932.0	2222.5	3290.2
131.8	478.8	1045.3	2332.1	3220.2
132.0	483.8	1173.6	2331.8	3207.7
130.4	525.3	1367.5	2441.0	3115.7
128.9	501.5	1429.9	2478.5	2972.5
126.0	523.3	1435.6	2417.5	2855.4
123.6	505.5	1409.9	2250.5	2804.6
120.0	482.3	1338.6	2127.9	2692.0
116.5	452.7	1347.6	2129.6	2674.1
120.0	441.3	1415.3	2288.2	2723.8
115.4	470.1	1465.3	2348.4	2720.2
114.3	475.1	1420.4	2233.5	2888.6
111.4	483.2	1261.1	2114.1	3158.0
108.8	491.3	1161.0	2100.6	3369.9
100.8	448.9	1221.0	2348.2	3373.4
102.2	299.2	1280.8	2587.5	3418.0
99.4	451.4	1393.1	2547.0	3484.9
97.6	468.7	1491.8	2448.8	3380.6
101.7	743.6	1718.9	2477.5	3395.1
0.0	200.0	200.0	2333.8	3303.1
0.0	533.8	1462.6	2453.1	3354.6
0.0	635.6	1326.0	2271.8	3423.8
0.0	666.6	1310.5	2247.9	3498.5
113.2	695.7	1360.1	2281.1	3451.8
115.4	742.6	1393.2	2313.4	3371.9
109.1	757.9	1373.8	2312.4	3337.4
114.3	769.8	1340.9	2290.4	3412.6
110.1	785.0	1302.8	2281.2	3336.7
111.1	807.7	1304.2	2295.9	3438.5
109.1	791.2	1265.7	2301.9	3315.2
109.1	769.6	1269.7	2306.9	3346.9
109.1	734.1	1258.5	2305.4	3354.4
108.1	716.8	1256.6	2301.1	3402.8
108.1	719.3	1275.0	2291.5	3449.1
108.1	684.7	1288.0	2285.0	3321.0
106.2	651.3	1273.8	2207.5	3021.4
109.1	660.0	1293.5	2131.4	2974.9
104.6	548.8	1445.9	2242.3	3083.7
279.8	496.9	1386.9	2190.2	2902.1
116.5	540.6	1447.3	2396.8	2736.3
103.4	574.7	1488.8	2450.3	2666.1
104.3	633.7	1496.6	2369.4	2682.8
103.4	613.4	1497.5	2383.3	2666.6
100.0	586.3	1485.8	2392.3	2662.6
98.2	535.6	1458.0	2226.5	2676.5
98.4	482.3	1380.0	2206.6	2934.3
95.2	379.5	1227.0	2089.8	3005.9
95.2	448.6	1276.6	2146.9	3104.5
96.0	426.6	1347.7	2153.3	3072.0
95.2	393.5	1446.9	2184.5	2878.8
95.2	610.7	1464.7	2271.6	2832.1
96.8	644.3	1483.2	2299.8	2874.6
96.5	714.9	1510.6	2296.7	2909.8
95.7	751.6	1520.5	2150.6	2660.0
95.2	766.7	1497.7	2271.9	2659.4
95.2	787.1	1454.0	2071.8	2586.8
96.0	787.8	1444.9	2286.3	3056.9
96.0	824.5	1411.6	2397.5	3271.3
96.1	798.8	1381.6	2367.4	3294.3
96.8	770.4	1383.6	2409.1	3294.8
95.2	794.0	1353.1	2450.3	3183.8
96.8	764.3	1284.4	2400.7	3195.7
96.0	777.6	1245.3	2418.5	3281.1
95.2	754.0	1217.2	2403.5	3320.5
95.2	741.3	1211.1	2398.4	3306.3
94.0	754.1	1200.0	2442.6	3340.5
93.0	839.2	1183.1	2376.5	3248.3
93.6	775.4	1139.1	2347.1	3117.1
90.5	782.7	1095.5	2374.1	3147.6
91.5	705.7	1040.9	2340.4	3143.8
90.0	683.6	991.7	2349.3	3081.1
89.7	612.6	912.9	2333.4	3081.8
89.6	594.2	899.3	2323.9	3126.5
88.2	541.9	880.4	2313.0	3106.1
87.0	569.2	947.2	2313.9	3104.8
87.0	565.2	931.1	2303.6	3064.8
85.1	548.9	957.7	2215.2	3003.9
85.1	608.0	991.7	2166.9	2950.0
85.1	614.0	1012.3	2091.2	2901.2
85.1	628.4	1080.8	2015.4	2864.6
85.1	662.4	1138.5	1918.1	2857.4
81.1	704.2	1174.2	1854.7	2790.3
80.5	694.1	1255.4	1774.1	2702.9
80.0	656.5	1287.9	1794.3	2775.6
80.0	696.0	1309.9	1776.7	2771.6
80.0	719.4	1327.6	1786.7	2720.1
80.0	691.7	1331.8	1727.3	2787.6
81.1	719.1	1377.7	1692.5	2767.3
80.5	674.6	1394.0	1719.1	2782.4
80.5	566.9	1430.2	1751.3	2814.1
81.6	647.2	1406.7	1756.2	2874.6
81.6	699.5	1479.3	1856.0	2908.1
81.8	682.9	1491.0	1962.9	2902.9
83.3	697.4	1495.5	1834.9	2937.1
80.0	728.0	1520.8	1948.0	3081.8
218.2	683.7	1498.9	1916.3	3093.8
193.5	527.2	1482.0	1962.3	3149.4
181.8	517.3	1506.5	2058.2	3126.2
67.0	574.8	1512.5	2019.8	3030.0
210.5	636.8	1466.3	1922.1	2934.9
0.0	573.5	1553.5	1919.8	2971.5
0.0	654.1	1544.0	2023.3	3031.3
106.2	690.6	1544.3	1959.8	3021.7
97.6	701.9	1562.0	2125.8	3077.2
