0.0	0.0	0.0	0.0	0.0
0.0	0.0	0.0	0.0	0.0
0.0	0.0	0.0	0.0	0.0
0.0	702.4	1953.2	2693.3	3454.2
0.0	822.8	1899.7	2647.8	3453.9
0.0	996.6	1886.7	2699.9	3487.1
0.0	977.2	1840.1	2634.2	3485.7
0.0	824.0	1845.1	2655.5	3450.4
0.0	861.4	1844.0	2723.5	3467.7
0.0	803.8	1868.4	2755.0	3417.7
0.0	760.2	1849.7	2662.6	3322.1
0.0	774.0	1722.9	2573.7	3313.3
0.0	762.1	1708.6	2602.5	3374.7
0.0	866.4	1803.2	2634.1	3514.0
0.0	889.6	1825.5	2601.0	3524.4
203.4	875.3	1743.9	2606.2	3432.5
0.0	724.5	1625.4	2669.8	3435.6
0.0	809.2	1871.0	2740.3	3706.9
0.0	368.4	1899.8	2585.3	3719.7
0.0	400.4	1908.2	2555.9	3648.7
0.0	429.9	1874.2	2543.3	3645.3
100.9	448.4	1811.8	2519.6	3686.4
100.8	406.8	1717.9	2485.2	3577.2
98.0	398.6	1683.5	2478.0	3482.5
93.4	381.4	1688.2	2469.0	3514.9
99.6	810.4	1734.8	2487.2	3448.9
100.0	435.1	1755.4	2523.5	3265.7
0.0	445.7	1882.6	2610.7	3435.3
0.0	451.1	1942.4	2650.7	3587.8
112.2	465.0	1951.1	2622.0	3355.1
114.4	491.5	1962.5	2599.3	3154.7
116.0	483.2	1970.4	2637.1	3330.1
118.9	480.2	1949.3	2619.3	3438.5
121.2	491.3	1907.1	2629.9	3705.0
122.8	464.7	1816.2	2592.7	3675.6
126.4	508.1	1676.8	2572.5	3782.8
128.2	510.2	1653.5	2512.6	3639.4
133.3	509.8	1704.5	2435.2	3155.2
139.7	518.6	2039.4	2607.6	2972.6
145.4	487.1	2163.3	2725.3	3010.6
146.9	462.5	2216.4	2624.0	3057.6
148.3	423.4	2108.8	2422.9	3201.6
150.1	427.2	1777.3	2340.9	3377.6
150.5	395.8	1321.5	2263.8	3317.6
150.0	416.0	1044.6	2205.1	3221.8
150.0	406.3	886.8	2138.0	3158.7
148.1	386.7	961.5	2068.9	3004.8
148.1	421.7	972.5	2116.5	2875.8
146.3	459.2	979.5	2229.1	3174.1
143.1	430.3	771.3	2187.2	3219.7
139.5	432.4	716.0	2111.4	3156.7
139.5	432.2	771.5	2119.2	3161.4
134.8	438.0	867.1	2137.6	3019.0
137.9	481.2	990.3	2255.6	2922.0
133.3	465.1	1147.8	2491.6	2853.0
131.9	485.6	1317.5	2292.6	2758.3
129.0	440.3	1355.9	2161.9	2862.1
123.7	464.2	1295.1	2211.3	3026.2
121.2	473.0	1483.7	2322.3	3312.8
125.0	414.8	1047.4	2189.3	2804.9
118.8	355.0	954.4	2341.4	2955.6
113.2	368.7	1716.0	2446.9	3343.7
118.8	731.9	1738.0	2564.0	3448.6
117.6	776.3	1784.5	2919.7	3613.2
0.0	800.8	1951.7	3051.0	3719.6
0.0	913.9	2147.1	3093.2	3704.6
0.0	918.2	1909.0	2962.1	3668.6
0.0	906.5	1852.0	2935.9	3596.3
0.0	1045.9	2140.4	2982.5	3599.6
0.0	1009.5	2121.7	3017.7	3611.5
324.3	882.7	1896.6	2825.1	3538.6
0.0	869.9	1706.3	2708.8	3531.4
461.5	701.8	1797.4	2818.5	3563.3
0.0	733.3	1842.9	2860.9	3597.2
545.5	832.2	1819.1	2919.7	3680.7
0.0	957.4	1908.6	2868.4	3734.4
105.3	790.6	1798.4	2668.6	3659.2
0.0	701.2	1859.9	2628.1	3594.7
164.4	416.0	1947.1	2613.3	3542.4
0.0	364.1	2036.1	2611.1	3323.1
0.0	409.3	2140.2	2642.1	3278.6
131.9	358.4	2200.8	2669.3	3346.9
126.3	439.3	2230.6	2669.7	3352.1
125.0	434.5	2251.4	2608.1	3292.4
122.4	349.2	2241.6	2487.5	3343.8
120.0	321.4	2009.8	2328.1	3099.9
114.3	447.0	1459.3	2355.3	3188.0
113.6	425.3	998.9	2263.9	3151.6
110.1	351.7	988.0	2336.6	3196.5
114.3	346.9	1039.5	2296.2	3179.0
111.1	359.3	1047.2	2211.6	3234.2
107.1	342.5	1041.1	2199.4	3235.9
106.2	479.3	1064.8	2189.4	3130.9
105.3	541.1	1032.2	2215.7	3174.6
107.1	638.7	1081.7	2186.1	3275.5
107.1	722.1	1162.2	2364.3	3270.9
102.6	751.8	1222.9	2426.6	3261.6
102.6	766.1	1270.3	2468.6	3306.8
101.7	836.6	1365.0	2445.5	3138.0
100.0	818.2	1465.8	2416.5	3016.9
101.7	717.8	1590.6	2409.8	2889.1
100.8	683.0	1679.2	2420.5	2779.9
100.0	684.9	1784.4	2372.7	2894.4
99.2	500.0	1998.9	2471.1	3068.5
100.0	382.9	2208.4	2736.6	3428.2
98.4	378.7	2150.3	2824.8	3428.9
99.2	484.2	2085.7	2846.6	3430.0
89.6	738.0	1827.6	2761.3	3423.5
0.0	798.8	1827.9	2593.5	3305.2
0.0	807.8	1881.5	2679.1	3387.5
0.0	848.6	1859.2	2654.7	3479.6
0.0	777.5	1874.4	2698.1	3468.4
0.0	819.4	1850.7	2854.8	3376.5
0.0	692.8	2014.0	2988.4	3440.8
0.0	657.8	2006.1	3078.6	3486.5
0.0	434.0	1750.6	2971.4	3369.4
0.0	736.2	2031.6	2880.7	3406.2
0.0	766.5	2072.2	2759.8	3312.2
0.0	719.1	2046.7	2695.9	3335.9
151.9	685.1	1977.9	2588.2	3389.7
0.0	691.9	1999.2	2609.7	3482.3
0.0	571.8	1959.7	2573.4	3471.1
130.0	556.6	1976.6	2576.8	3490.5
115.4	563.6	1975.5	2574.4	3412.1
110.1	555.8	1945.8	2563.8	3378.8
107.1	557.5	1927.4	2546.3	3479.5
107.1	573.6	1933.1	2503.8	3495.4
103.4	588.5	1926.5	2545.3	3582.9
102.2	588.1	1928.7	2534.0	3522.1
102.6	594.1	1915.0	2488.6	3403.3
102.6	615.6	1915.0	2462.7	3392.4
102.0	626.1	1911.1	2494.5	3504.3
101.0	642.1	1886.4	2519.4	3344.5
100.9	634.6	1841.7	2451.7	3293.3
101.7	638.8	1794.9	2414.5	3158.8
100.0	633.2	1773.2	2466.5	3104.6
100.0	640.7	1782.6	2459.2	3271.6
99.2	649.2	1773.1	2429.4	3228.4
99.2	637.1	1740.3	2345.6	2809.6
97.6	653.6	1734.1	2414.0	2990.4
97.6	668.4	1715.9	2449.9	3395.0
98.4	654.6	1682.8	2444.5	3473.7
98.4	634.6	1655.1	2440.3	3537.6
96.0	615.2	1610.4	2384.2	3305.8
97.6	603.7	1505.0	2353.6	3222.2
97.6	503.6	1347.9	2357.3	3284.4
98.4	412.5	1332.6	2383.6	3251.9
95.4	284.0	1344.1	2419.8	3284.4
84.5	277.9	1352.7	2398.0	3348.9
97.4	248.8	1448.8	2522.5	3309.0
98.4	526.0	1565.9	2571.5	3365.0
100.0	935.0	1743.0	2622.0	3438.5
95.2	699.5	1620.6	2469.2	3450.7
0.0	662.8	1571.1	2507.0	3466.4
0.0	741.7	1605.7	2529.0	3404.6
96.8	732.4	1625.8	2549.8	3307.1
96.8	736.1	1631.7	2574.6	3307.6
89.3	728.1	1689.3	2616.8	3294.1
87.6	754.8	1745.2	2660.3	3368.3
87.0	801.2	1755.6	2676.6	3417.8
0.0	839.6	1734.1	2660.7	3357.9
0.0	828.0	1742.9	2579.3	3298.9
111.1	757.3	1709.0	2513.7	3236.8
0.0	742.7	1744.7	2517.8	3257.4
90.6	739.3	1783.2	2604.5	3476.9
0.0	767.1	1680.7	2554.8	3513.1
0.0	765.8	1640.8	2565.0	3516.0
0.0	663.3	1743.7	2615.3	3481.2
