0.0	0.0	0.0	0.0	0.0
0.0	0.0	0.0	0.0	0.0
0.0	0.0	0.0	0.0	0.0
0.0	752.8	1760.0	2463.3	3415.3
0.0	754.0	1744.0	2574.2	3431.8
0.0	726.5	1679.1	2603.8	3474.4
0.0	864.5	1733.3	2635.2	3516.7
0.0	857.2	1754.7	2661.0	3427.9
0.0	796.3	1563.2	2708.2	3427.1
0.0	852.8	1524.0	2651.3	3444.8
0.0	851.5	1627.6	2567.2	3391.6
0.0	1014.2	1871.4	2545.6	3432.1
0.0	916.3	1850.2	2588.1	3452.1
0.0	909.5	1760.0	2618.3	3391.6
0.0	1027.5	1718.7	2621.6	3402.8
0.0	995.6	1637.7	2594.5	3409.0
0.0	849.8	1491.4	2734.1	3550.5
0.0	678.9	1482.5	2597.0	3486.7
0.0	464.6	1520.9	2542.9	3420.9
0.0	436.2	1567.9	2743.7	3668.9
0.0	459.8	1560.7	2771.4	3793.7
141.9	466.3	1577.0	2791.8	3729.1
138.6	462.5	1612.9	2764.6	3762.1
140.2	422.8	1664.8	2783.9	3770.0
140.3	412.2	1673.3	2768.9	3701.2
140.8	429.7	1649.9	2744.6	3709.3
133.3	339.4	1657.5	2729.1	3497.1
69.0	284.3	1647.6	2721.3	3376.0
64.9	976.8	1728.7	2733.7	3479.6
0.0	987.1	1812.6	2679.1	3542.3
0.0	694.3	1766.2	2645.7	3440.8
0.0	764.2	1712.0	2595.5	3390.1
0.0	1151.4	1901.4	2722.3	3401.2
0.0	832.8	1965.2	2794.9	3523.9
0.0	690.5	1966.0	2784.6	3527.4
0.0	770.8	1999.1	2794.9	3449.4
500.0	745.4	2046.8	2813.0	3427.7
0.0	625.8	2073.6	2845.2	3424.9
0.0	450.6	2029.9	2766.5	3514.0
180.3	471.7	2087.1	2794.4	3752.4
168.6	505.6	2126.7	2795.7	3702.6
166.4	444.7	2126.9	2794.9	3686.7
167.7	447.1	2148.2	2795.1	3713.8
167.7	484.4	2162.9	2781.3	3710.8
168.0	396.7	2161.4	2739.4	3656.5
169.0	468.8	2170.4	2715.0	3666.5
170.1	385.3	2169.8	2675.4	3715.8
172.1	385.6	2161.4	2667.8	3742.0
174.7	378.4	2149.4	2622.9	3706.0
177.2	375.7	2064.1	2523.3	3583.6
180.1	373.1	1845.3	2435.6	3645.5
181.1	398.1	1550.7	2382.1	3559.0
182.0	301.2	1266.4	2411.3	3386.2
89.7	254.6	1336.2	2448.0	3274.9
89.3	219.1	1557.9	2586.3	3318.6
179.1	854.6	1709.4	2653.1	3483.5
179.1	772.0	1548.7	2552.1	3490.2
0.0	757.5	1602.3	2634.3	3558.7
0.0	807.1	1635.6	2743.3	3620.9
210.5	867.4	1644.9	2835.2	3726.5
500.0	982.4	1720.6	2823.1	3748.6
500.0	752.2	1759.9	2831.0	3728.0
250.0	801.0	1752.9	2778.0	3719.5
0.0	942.2	1756.0	2802.8	3753.8
0.0	1002.6	1801.9	2753.7	3723.5
131.9	891.4	1832.1	2699.5	3639.0
0.0	743.0	1844.2	2685.9	3605.2
157.9	622.3	1821.3	2626.1	3558.8
0.0	613.3	1817.0	2667.9	3493.6
0.0	963.3	1858.0	2627.5	3472.4
0.0	852.1	1856.6	2601.8	3472.2
210.5	815.9	1860.6	2602.4	3511.6
0.0	834.0	1827.9	2646.8	3482.8
413.8	776.9	1953.2	2719.2	3520.6
0.0	608.4	1988.6	2691.8	3522.9
0.0	552.5	1823.6	2516.6	3447.6
0.0	750.0	1805.9	2458.3	3424.1
104.3	425.3	1711.1	2432.5	3396.3
218.2	435.2	1655.3	2337.1	3391.7
176.0	494.2	1578.8	2297.3	3369.3
172.1	520.2	1521.3	2286.4	3388.5
168.5	521.6	1466.4	2292.0	3402.0
167.1	509.8	1435.5	2296.7	3440.0
165.8	504.6	1358.6	2325.4	3448.5
166.7	498.6	1279.0	2357.0	3441.1
166.1	500.1	1201.8	2388.7	3430.4
166.0	489.4	1160.0	2439.3	3433.2
165.2	487.3	1117.4	2479.9	3427.4
163.8	482.0	1110.2	2531.7	3419.0
161.7	463.5	1051.1	2553.4	3412.0
158.0	476.4	1038.0	2600.6	3406.7
156.5	449.3	1061.0	2637.9	3423.4
154.0	443.4	1075.1	2657.5	3470.2
152.4	435.6	1076.6	2663.8	3517.6
147.7	393.0	1099.7	2633.9	3564.3
145.5	361.2	1086.8	2543.6	3553.1
131.9	311.6	1091.0	2456.0	3469.0
64.9	333.4	1166.9	2548.3	3513.6
129.0	383.6	1215.0	2548.3	3520.1
128.0	500.0	1361.3	2536.5	3490.6
0.0	518.6	1514.1	2574.1	3568.6
132.4	534.6	1613.7	2587.2	3581.3
131.6	522.0	1693.3	2572.9	3491.5
127.5	539.8	1739.6	2553.4	3495.3
125.0	586.7	1756.4	2561.4	3535.9
124.1	606.8	1765.8	2556.7	3541.9
121.2	607.2	1792.4	2553.4	3544.3
116.9	616.2	1779.8	2547.9	3586.1
117.6	631.1	1794.2	2551.7	3624.1
117.1	629.9	1818.2	2560.3	3619.4
117.0	630.8	1783.8	2536.4	3628.6
117.5	636.0	1760.5	2546.4	3607.9
116.1	643.4	1742.4	2586.3	3622.2
114.0	652.4	1717.3	2612.5	3656.9
112.6	652.6	1680.8	2595.2	3632.8
110.6	644.7	1660.2	2553.9	3584.2
105.6	676.5	1646.9	2602.9	3625.2
102.0	670.0	1631.7	2582.3	3587.5
103.7	669.2	1607.4	2545.1	3426.4
110.8	671.9	1563.8	2554.3	3571.9
106.7	675.6	1495.1	2510.5	3504.7
112.0	845.9	1465.2	2573.4	3435.6
110.1	874.8	1718.5	2573.9	3478.6
133.3	864.4	1556.0	2550.4	3510.9
0.0	825.1	1521.0	2682.5	3574.6
73.6	806.4	1845.9	2757.9	3615.5
0.0	799.5	1889.1	2733.8	3602.7
0.0	808.6	1750.0	2667.8	3497.8
0.0	1013.5	1780.1	2628.5	3403.1
0.0	988.8	1637.9	2593.1	3308.1
