0.0	0.0	0.0	0.0	0.0
0.0	0.0	0.0	0.0	0.0
0.0	0.0	0.0	0.0	0.0
0.0	485.5	1816.7	2658.0	3388.2
0.0	476.3	1808.6	2618.6	3394.6
0.0	963.5	1862.7	2673.6	3440.5
0.0	927.8	1804.2	2649.7	3379.2
0.0	1009.8	1654.2	2688.0	3410.9
0.0	865.8	1652.9	2670.4	3398.7
0.0	879.0	1816.2	2683.2	3455.2
0.0	819.2	1841.2	2610.0	3375.3
0.0	734.8	1782.2	2593.7	3356.4
0.0	907.7	1768.2	2684.1	3477.8
0.0	978.9	1808.5	2725.4	3396.0
0.0	949.1	1808.7	2776.7	3359.4
0.0	888.3	1740.7	2821.4	3309.9
0.0	889.6	1742.9	2823.5	3364.8
0.0	841.5	1857.1	2742.4	3559.6
0.0	833.1	1783.6	2720.7	3591.3
0.0	750.9	1643.3	2692.1	3560.3
0.0	243.7	1745.3	2629.7	3418.0
0.0	229.9	1768.6	2621.9	3509.5
114.4	229.4	1651.7	2567.2	3388.0
0.0	228.2	1563.9	2572.8	3395.9
171.4	240.2	1615.7	2608.9	3443.1
64.2	256.5	1738.7	2508.3	3405.6
101.7	767.6	1679.0	2546.5	3440.5
0.0	1029.8	1722.2	2622.6	3448.0
0.0	801.5	1721.1	2726.0	3546.3
0.0	528.7	1723.8	2780.6	3655.4
0.0	537.3	1657.8	2726.4	3544.6
132.0	594.4	1561.8	2610.2	3434.2
131.4	626.0	1467.0	2530.3	3395.4
126.2	650.5	1358.2	2486.9	3424.1
123.6	703.5	1293.9	2495.5	3405.2
123.4	715.6	1256.8	2511.0	3425.3
122.6	732.3	1251.5	2546.4	3495.2
126.4	749.4	1250.9	2559.5	3584.2
127.4	751.1	1233.8	2568.4	3525.1
128.4	748.9	1214.9	2561.0	3577.8
130.1	756.5	1227.6	2567.7	3602.8
133.0	754.1	1240.0	2575.5	3586.9
134.2	745.4	1267.6	2555.3	3610.2
136.2	745.9	1302.9	2551.6	3600.4
138.5	722.5	1320.8	2546.5	3629.7
140.2	707.1	1345.8	2561.2	3687.1
142.7	667.3	1360.4	2545.4	3668.4
143.6	615.8	1393.9	2561.0	3725.3
146.5	522.5	1431.1	2580.6	3838.1
148.8	474.6	1467.4	2581.4	4014.4
149.9	427.5	1473.5	2615.8	4002.6
150.5	797.3	1519.2	2557.4	3941.2
139.9	296.2	1648.6	2540.9	3461.1
144.1	289.0	1715.2	2538.5	3408.7
282.4	952.7	1451.2	2328.6	3338.6
282.1	923.3	1545.4	2299.6	3516.4
135.4	859.0	1731.7	2719.5	3825.9
0.0	800.6	1861.5	2862.5	3904.5
0.0	983.0	1863.4	2878.3	3846.6
218.2	847.6	1818.6	2841.0	3805.7
333.3	932.7	1897.8	3100.7	4110.9
102.6	960.5	1921.5	3093.9	4060.9
279.1	878.2	1878.2	2868.6	4210.4
112.1	1095.7	1990.6	3081.6	4591.9
76.9	466.0	1810.5	2729.8	3699.2
250.0	272.1	1770.4	2708.8	3701.9
78.9	265.0	1511.2	2686.1	3432.0
83.9	776.6	1681.5	2679.9	3438.4
0.0	821.1	1730.7	2602.8	3302.3
0.0	449.7	1839.7	2624.5	3629.9
0.0	425.5	1892.9	2647.4	3897.8
286.4	412.4	1904.1	2631.6	3914.6
138.6	407.3	1906.0	2625.9	3851.6
135.5	405.1	1887.6	2649.9	3787.9
134.4	396.8	1877.4	2662.5	3842.3
133.5	386.2	1856.6	2666.7	3874.3
132.1	386.8	1827.5	2651.2	3941.1
131.5	374.7	1768.2	2627.7	3977.7
127.5	243.2	1706.1	2609.0	3799.9
117.4	242.6	1720.2	2596.5	3722.9
120.0	237.7	1700.4	2669.5	3629.9
231.3	478.9	1716.3	2587.1	3346.5
224.0	825.3	1784.6	2695.5	4031.8
112.1	896.4	1870.7	2805.4	4636.0
0.0	1049.6	1971.5	2928.8	4441.9
0.0	1036.2	1988.1	3020.7	4598.8
0.0	979.7	2068.4	2928.8	4720.2
266.7	1038.5	2004.2	2883.3	4500.8
352.9	1057.0	1912.8	2857.8	4146.6
292.7	720.9	1827.3	2848.7	3890.8
250.0	612.9	1847.7	2838.4	3935.6
0.0	732.4	1850.4	2803.6	4027.7
0.0	755.1	1824.6	2843.9	3963.6
157.9	590.2	1748.4	2819.8	3976.2
0.0	559.0	1573.1	2766.1	3816.7
0.0	597.0	1529.5	2768.1	3697.3
141.9	638.9	1460.4	2798.6	3608.5
139.6	676.1	1414.6	2861.0	3536.9
136.7	709.9	1396.2	2884.2	3510.1
136.5	679.9	1356.7	2864.8	3527.1
136.8	660.6	1330.7	2830.0	3502.1
139.1	642.8	1290.3	2683.7	3429.7
140.4	412.3	1239.0	2620.9	3326.9
136.9	299.8	1235.8	2514.2	2878.0
142.9	303.4	1278.3	2390.4	2869.2
139.5	269.9	1381.1	2784.3	3525.4
134.8	269.2	1665.3	2766.6	3405.8
122.0	275.5	1452.9	2561.5	3184.8
77.4	291.7	1577.6	2543.7	3324.8
218.2	603.9	1651.5	2575.1	3433.3
0.0	944.6	1792.6	2781.1	3491.3
0.0	970.5	1554.6	2488.6	3374.1
0.0	597.1	1611.7	2536.5	3452.8
0.0	415.6	1719.7	2712.2	3689.5
0.0	444.4	1749.7	2730.8	3746.9
0.0	503.7	1830.2	2716.5	3705.5
148.1	502.0	1889.6	2675.4	3597.7
148.2	537.2	1956.6	2619.7	3561.3
145.7	426.3	2018.6	2583.8	3527.7
144.6	426.3	2071.3	2543.7	3562.4
143.3	254.4	2152.4	2524.7	3656.3
141.3	249.9	2192.7	2488.6	3818.6
140.3	251.0	2132.7	2422.7	3930.0
138.8	279.4	1406.5	2374.3	3904.8
134.8	302.8	1230.2	2328.6	3920.8
137.2	271.7	1203.3	2328.8	3893.1
134.6	261.9	1207.0	2326.7	3565.3
130.0	244.1	1481.7	2371.9	3413.0
120.0	238.4	1642.4	2537.8	3468.4
110.1	274.4	1595.2	2612.6	3464.8
176.5	714.9	1666.3	2636.1	3558.5
240.0	949.3	1824.6	2703.4	3609.2
0.0	724.2	1849.4	2532.7	3592.0
0.0	478.8	1752.0	2492.7	3589.1
0.0	441.4	1611.1	2464.6	3422.4
0.0	497.8	1370.5	2453.4	3367.4
130.5	490.1	1186.1	2442.5	3392.1
127.1	462.5	1068.5	2499.0	3458.4
120.9	484.4	958.5	2559.7	3507.8
115.7	487.4	852.6	2576.1	3546.7
112.5	485.2	859.1	2490.6	3585.9
111.6	539.2	1319.4	2438.1	3571.0
111.4	521.1	1250.9	2556.7	3561.5
112.5	606.0	1292.0	2542.9	3479.2
113.0	591.3	1301.2	2586.3	3436.4
114.4	529.0	1320.5	2632.8	3437.4
116.0	504.5	1227.1	2670.6	3453.3
118.5	521.0	1098.5	2668.8	3445.8
121.0	564.7	1094.8	2721.6	3443.6
123.3	607.7	1041.5	2658.5	3405.6
125.2	565.6	788.1	2676.3	3367.7
127.9	576.1	847.0	2686.7	3340.5
130.0	643.3	945.1	2745.1	3353.8
131.5	770.0	1049.2	2820.8	3439.3
133.2	779.9	1123.1	2838.4	3490.4
132.5	700.7	1223.5	2833.2	3547.1
133.3	699.3	1314.5	2837.7	3563.9
134.7	723.0	1405.9	2810.1	3628.6
135.6	635.3	1466.4	2812.4	3914.9
136.8	659.1	1510.6	2894.2	4013.1
137.5	569.2	1519.0	2936.6	4021.9
137.3	365.9	1493.6	2902.9	3945.3
135.0	276.0	1497.8	2878.9	3991.7
137.4	281.2	1532.7	2828.6	3864.0
136.8	280.0	1533.1	2782.8	3738.6
136.3	294.8	1562.6	2745.8	3700.6
134.4	285.5	1612.7	2654.8	3734.1
133.2	278.9	1672.2	2619.6	3917.9
266.7	755.8	1748.7	2725.0	4088.4
255.3	791.7	1826.3	2978.6	4426.5
116.5	847.7	1922.6	2845.8	4176.5
0.0	495.4	1907.0	2716.6	4043.7
0.0	532.4	1922.4	2688.2	3880.7
206.9	352.8	1869.6	2649.5	3834.0
66.3	382.4	2045.4	2677.0	3896.7
144.6	356.5	2145.7	2724.1	3783.7
78.9	332.7	2191.2	2736.5	3625.9
243.8	333.3	2102.0	2716.3	3536.1
71.9	461.6	1647.1	2558.5	3398.5
0.0	394.3	2102.8	2539.6	3173.2
0.0	313.0	2389.0	2858.1	3662.6
0.0	319.4	2416.8	2857.1	3724.7
65.6	310.0	2419.4	2895.7	3790.1
92.4	319.9	2400.8	2846.6	3733.4
104.4	334.7	2454.9	2950.5	3795.5
234.8	303.3	2469.0	2956.5	3791.7
127.7	291.3	2478.2	2926.7	3718.6
130.4	305.8	2480.5	2967.5	3757.8
133.4	283.1	2486.7	2959.3	3773.4
135.4	279.6	2499.2	2938.6	3770.0
134.8	284.2	2498.0	2957.2	3768.6
134.8	282.8	2509.0	2928.3	3797.9
134.8	264.7	2501.6	2892.4	3792.7
134.8	272.0	2499.5	2865.9	3839.5
133.2	260.9	2504.2	2803.1	3873.7
130.2	266.8	2515.9	2711.2	3904.0
128.7	256.3	2490.2	2587.9	3915.5
123.7	237.9	2457.5	2570.9	3949.0
122.2	233.9	2357.7	2534.1	3847.7
121.8	249.4	2365.6	2513.8	3899.8
121.8	267.0	2357.0	2499.6	3864.5
125.9	280.5	2205.7	2479.0	3716.2
0.0	302.2	2090.7	2464.7	3670.8
0.0	360.9	1926.0	2464.7	3656.0
0.0	412.1	1834.8	2465.3	3725.7
0.0	462.6	1721.8	2447.2	3680.4
118.8	508.8	1606.1	2470.2	3662.7
116.9	538.2	1475.5	2487.9	3637.1
114.5	562.5	1423.3	2499.6	3391.1
112.6	573.6	1378.2	2538.3	3504.9
110.3	590.0	1308.3	2560.8	3519.0
108.0	599.3	1242.0	2572.5	3533.5
105.3	601.1	1215.7	2578.6	3531.8
103.8	589.4	1195.1	2608.1	3518.3
102.4	588.3	1156.8	2629.3	3535.3
0.0	578.9	1124.3	2640.6	3537.8
112.2	586.6	1088.4	2667.9	3528.3
78.4	582.3	1036.3	2671.8	3490.3
114.3	585.9	1021.8	2694.5	3496.0
63.5	581.5	987.4	2731.0	3494.2
101.0	567.2	952.1	2727.4	3358.0
246.9	509.2	918.8	2698.4	3285.8
102.3	449.5	925.1	2570.5	3405.8
0.0	630.1	912.5	2242.0	3296.6
78.4	516.2	835.9	2442.6	3338.8
101.9	688.7	992.2	2360.0	3218.3
102.8	719.1	1269.8	2208.7	3259.6
101.3	818.8	1486.0	2518.1	3459.2
106.3	793.5	1369.4	2414.7	3434.6
104.3	763.1	1242.1	2321.6	3459.9
108.1	754.8	1570.9	2526.2	3360.6
88.9	773.2	1627.3	2629.1	3388.3
87.6	874.8	1867.8	2688.5	3486.9
76.4	920.2	1624.2	2796.2	3580.7
0.0	934.3	1854.5	2738.2	3558.3
0.0	915.1	1855.3	2665.4	3578.5
0.0	738.1	1107.4	2463.6	3308.4
461.5	805.8	1161.4	2539.5	3312.7
300.0	981.6	1735.9	2696.5	3467.9
0.0	979.0	1734.3	2660.6	3444.5
0.0	1003.4	1466.2	2607.2	3415.0
0.0	957.1	1550.0	2683.1	3483.6
0.0	940.4	1679.2	2616.1	3439.1
0.0	924.1	1738.8	2632.8	3370.6
