0.0	0.0	0.0	0.0	0.0
0.0	0.0	0.0	0.0	0.0
0.0	0.0	0.0	0.0	0.0
0.0	698.6	1492.7	2408.5	3216.1
0.0	823.3	1500.1	2550.0	3369.3
0.0	974.2	1614.3	2573.7	3430.1
0.0	898.1	1661.6	2636.1	3407.0
0.0	790.3	1548.4	2661.9	3381.5
0.0	753.2	1515.3	2642.7	3397.4
0.0	869.0	1477.4	2605.9	3402.9
0.0	844.3	1552.5	2542.6	3370.8
0.0	822.6	1794.5	2617.2	3458.8
0.0	1025.4	1792.2	2673.0	3566.1
0.0	945.0	1607.4	2595.1	3478.2
0.0	1001.0	1490.1	2499.1	3305.6
0.0	980.8	1509.0	2513.3	3271.9
0.0	966.4	1506.0	2427.5	3361.4
0.0	948.8	1457.6	2385.0	3361.5
0.0	924.3	1508.1	2535.9	3323.5
0.0	864.9	1578.2	2678.7	3442.7
0.0	864.2	1532.3	2678.2	3448.3
0.0	889.3	1487.7	2664.5	3445.7
0.0	1008.5	1529.6	2654.1	3532.8
122.4	945.9	1571.1	2623.2	3542.0
134.8	753.7	1347.2	2511.1	3538.4
133.2	775.7	1336.3	2529.5	3559.8
136.3	756.7	1351.1	2534.7	3606.6
135.6	726.8	1335.6	2535.3	3641.9
134.9	687.8	1335.9	2552.3	3633.7
137.8	662.5	1337.8	2572.0	3602.8
139.2	616.6	1324.8	2596.1	3588.2
141.9	574.7	1315.3	2580.5	3605.7
144.0	522.3	1321.8	2532.8	3674.4
145.8	492.2	1360.3	2463.7	3607.1
148.3	461.8	1410.2	2325.0	3439.0
151.4	361.1	1479.7	2062.7	3007.8
152.1	300.8	1581.1	1742.1	2891.2
72.3	284.2	1613.1	2113.2	3117.2
145.6	276.8	1627.6	2321.8	3365.7
141.6	269.9	1693.7	2406.3	3526.2
135.8	272.3	1690.3	2364.2	3384.6
128.6	500.3	1844.2	2830.2	3663.2
0.0	438.3	1878.3	2884.6	3815.1
149.2	454.4	1891.4	2885.3	3769.2
144.7	473.3	1920.0	2887.3	3663.8
145.1	475.6	1944.6	2873.0	3568.7
143.3	412.8	1950.6	2848.0	3535.8
140.7	407.1	1929.5	2819.4	3357.6
138.8	340.7	1866.4	2749.7	3159.8
134.8	240.2	1734.7	2677.2	2942.4
63.5	244.2	1652.9	2514.4	2979.2
63.5	254.2	1509.0	2342.5	3105.9
115.4	345.6	1111.5	2338.6	3105.2
115.4	256.4	1094.5	2380.3	3266.3
127.7	233.3	927.0	2419.7	3479.5
119.9	260.3	916.6	2465.1	3523.4
120.8	414.6	1162.7	2569.7	3546.6
246.1	565.7	1331.1	2617.4	3569.2
123.6	521.4	1155.1	2653.7	3543.6
252.2	619.3	1038.4	2708.4	3547.1
126.3	633.1	1136.0	2743.2	3495.0
126.6	635.5	1160.4	2722.2	3241.0
128.4	667.5	1145.1	2776.5	3143.3
130.6	689.9	1039.5	2752.5	3172.8
131.7	592.5	864.9	2691.8	3229.3
132.6	625.6	921.5	2893.1	3393.6
273.6	670.5	1003.0	2916.5	3399.3
135.8	684.5	1091.7	2918.3	3408.5
136.1	743.4	1183.1	2867.2	3462.7
137.6	636.3	1300.9	2840.0	3475.4
137.6	731.2	1429.7	2786.0	3471.2
138.4	614.0	1558.7	2682.9	3432.7
140.4	671.7	1689.4	2608.7	3582.0
140.9	516.2	1758.6	2701.1	3642.5
140.9	258.6	1785.0	2854.7	3558.5
137.9	291.2	1678.6	2267.2	3085.6
141.2	278.1	1318.5	2239.0	3056.5
136.4	284.2	1238.7	2318.5	3129.2
134.8	285.4	1222.6	2148.8	3153.5
137.4	288.5	1317.8	2085.2	3212.1
131.9	274.7	1244.6	2084.3	3245.8
131.7	262.7	1231.1	2094.4	3236.0
130.6	248.0	1267.3	2239.5	3162.6
0.0	792.2	2010.0	3066.8	3085.6
246.2	840.4	1937.1	2941.7	3195.3
114.1	528.8	2094.6	2904.4	3303.2
110.9	459.4	2141.0	2917.1	3392.7
0.0	687.4	2265.9	2845.7	3404.1
0.0	714.6	2237.6	2756.9	3368.5
0.0	648.2	2124.7	2653.2	3314.2
107.1	720.9	2070.6	2596.2	3312.4
0.0	438.7	1871.5	2452.3	3304.7
0.0	384.7	1797.3	2444.8	3374.5
129.0	406.3	1673.3	2444.7	3327.4
125.3	476.9	1445.2	2428.4	3403.2
126.3	517.4	1266.0	2488.7	3485.2
125.3	588.1	1101.0	2530.7	3484.7
123.0	594.5	983.8	2528.3	3509.7
123.4	599.2	981.9	2547.0	3450.3
124.1	688.1	947.7	2698.3	3448.4
125.2	635.9	926.0	2681.5	3374.1
127.6	632.9	946.5	2613.1	3239.6
128.0	692.0	1004.5	2676.9	3370.2
128.6	674.4	1065.0	2712.9	3381.6
129.2	832.1	1170.8	2661.4	3394.9
130.0	650.3	1281.9	2645.4	3412.0
130.4	711.0	1419.9	2622.4	3430.8
130.6	640.7	1580.8	2602.7	3430.8
130.5	647.3	1735.2	2566.5	3463.1
129.8	595.0	1927.3	2567.2	3518.2
130.6	579.8	2041.8	2616.5	3699.3
130.2	473.9	2065.7	2661.5	3836.4
129.1	457.6	2036.5	2689.4	3955.4
128.6	443.7	1947.4	2627.5	3991.0
127.1	250.2	1819.8	2552.6	3978.5
125.9	251.1	1800.7	2579.0	3997.9
124.1	249.8	1752.6	2562.9	3928.4
122.7	267.0	1698.8	2561.2	3932.1
122.7	245.1	1674.2	2550.3	3749.2
121.1	261.2	1677.6	2566.7	3586.6
119.7	268.1	1597.8	2589.5	3790.1
117.8	270.7	1547.7	2556.4	3660.6
116.3	252.9	1506.3	2592.4	3649.5
114.7	326.7	1477.7	2576.2	3791.0
233.8	413.7	1521.0	2598.4	3839.7
220.9	584.3	1630.3	2725.8	3912.9
110.6	599.0	1668.0	2757.7	3906.4
109.2	632.6	1703.1	2767.7	3855.5
108.3	655.5	1693.6	2772.4	3792.1
107.0	681.5	1680.2	2778.4	3737.2
105.4	678.5	1662.9	2777.5	3714.8
103.6	702.2	1640.6	2787.1	3656.3
101.4	717.4	1618.4	2795.5	3610.0
99.4	709.3	1595.3	2783.0	3550.2
98.0	717.2	1558.1	2794.1	3534.0
97.0	738.3	1490.2	2778.9	3529.5
97.9	673.0	1412.1	2711.3	3400.7
100.8	433.1	1326.0	2519.3	3141.9
100.6	257.4	1290.0	2484.6	3036.1
96.8	287.6	1278.7	2477.3	2933.3
96.8	297.2	1284.3	2370.4	2831.4
99.2	293.9	1279.7	2553.3	3051.6
99.2	294.8	1245.0	2467.6	3088.6
93.8	276.9	1214.2	2198.3	2918.3
91.6	304.8	1182.2	2454.3	3064.5
90.2	315.8	1172.8	2545.4	3163.8
94.5	266.2	1262.5	2320.6	3060.3
94.5	229.4	1448.1	2411.6	3012.6
111.1	360.4	1521.4	2346.5	3048.5
108.1	776.2	1504.4	2398.6	3301.1
0.0	855.6	1652.6	2426.7	3402.1
109.1	988.7	1824.6	2536.4	3395.9
0.0	790.0	1577.9	2569.3	3361.1
0.0	843.4	1509.2	2642.9	3389.3
0.0	889.5	1502.3	2748.1	3429.9
63.8	915.6	1543.9	2661.2	3416.1
0.0	822.3	1629.4	2746.3	3379.8
0.0	802.4	1615.5	2453.9	3261.9
0.0	828.3	1574.7	2502.8	3425.8
0.0	801.8	1591.8	2476.0	3510.3
0.0	810.5	1669.0	2583.4	3515.4
0.0	830.7	1645.3	2568.3	3536.3
0.0	799.8	1740.5	2600.7	3455.5
0.0	816.9	1726.5	2646.7	3405.9
