0.0	0.0	0.0	0.0	0.0
0.0	0.0	0.0	0.0	0.0
0.0	0.0	0.0	0.0	0.0
0.0	871.3	1691.3	2505.5	3437.9
0.0	887.3	1764.6	2506.8	3426.3
0.0	460.6	1760.5	2575.5	3510.6
0.0	449.9	1709.4	2585.0	3501.0
0.0	742.5	1813.1	2622.4	3407.5
0.0	728.5	1807.1	2752.1	3487.5
0.0	700.8	1659.1	2756.5	3501.2
0.0	766.3	1890.2	2632.3	3381.3
0.0	768.9	1907.5	2566.0	3408.5
0.0	501.6	1701.9	2681.5	3397.2
0.0	749.9	1753.6	2695.0	3314.7
0.0	635.9	1670.5	2558.8	3289.0
0.0	842.0	1691.5	2595.6	3359.5
0.0	789.9	1744.4	2578.0	3386.8
0.0	754.0	1613.3	2612.9	3402.1
0.0	419.4	860.2	2661.6	3298.5
0.0	388.8	866.3	2587.7	3234.9
66.3	401.7	799.8	2546.9	3228.7
108.4	423.1	851.4	2627.9	3239.9
110.7	435.9	821.5	2775.7	3250.6
101.1	635.4	894.6	2845.4	3249.7
103.7	673.8	936.1	2903.7	3250.4
99.1	682.4	988.7	2868.7	3288.9
103.1	782.2	1082.5	2848.6	3261.0
101.1	771.3	1185.1	2792.2	3297.4
102.8	814.0	1275.3	2476.4	3320.1
101.7	822.1	1360.6	2585.7	3342.3
100.6	819.9	1481.6	2590.2	3278.0
100.6	763.1	1554.6	2593.3	3158.5
99.5	711.5	1698.5	2581.3	2964.3
101.5	657.5	1883.1	2438.8	2993.0
103.6	631.5	1898.7	2380.4	3127.5
105.5	608.2	1878.9	2319.0	3120.9
107.3	494.6	1866.5	2710.8	3154.5
109.0	499.7	1921.1	2790.1	3377.2
109.8	655.4	1979.0	2806.1	3601.4
101.7	743.0	1963.2	2899.0	3830.1
0.0	773.7	1896.7	2678.8	3869.2
214.3	727.0	1856.7	2653.7	3875.8
206.9	719.8	1909.7	2746.2	3681.3
266.7	763.5	1871.1	2819.5	3677.4
210.5	816.5	1924.5	2698.9	3696.0
218.2	791.6	1961.8	2702.0	3745.1
93.8	819.4	1777.8	2798.9	3678.7
173.9	799.3	1832.6	2735.6	3689.7
500.0	800.3	1915.1	2768.5	3842.9
64.5	948.1	1838.6	2869.2	3847.1
0.0	874.8	1785.3	2741.5	3610.1
272.7	513.4	1818.8	2716.6	3387.9
0.0	489.3	1897.5	2798.8	3200.1
0.0	460.8	1973.5	2716.7	3110.1
115.7	432.6	2027.5	2848.4	3382.7
116.7	438.2	2065.3	2825.5	3432.0
114.5	432.4	2086.0	2733.0	3405.1
112.2	425.8	1867.2	2231.1	3094.0
110.6	396.5	1010.9	2256.2	2901.9
109.3	348.5	1001.9	2488.3	2980.4
109.9	427.1	967.1	2582.3	3032.9
110.2	394.4	947.6	2529.2	3085.5
111.3	422.8	921.1	2554.3	3181.2
109.6	435.6	911.9	2645.0	3527.0
107.5	428.6	1171.7	2659.1	3770.5
108.6	454.0	1167.2	2728.8	3825.2
111.5	464.1	1090.2	2854.3	3656.2
111.3	443.8	1045.8	2880.3	3617.6
111.0	476.0	974.0	2818.4	3584.5
110.8	442.0	958.1	2715.7	3556.1
110.2	422.4	898.7	2446.8	3545.0
110.4	415.8	907.9	2505.7	3271.2
109.1	296.9	999.7	2450.0	3093.0
109.1	300.2	991.2	2526.9	3084.0
108.0	305.1	989.4	2485.6	3079.8
108.1	306.9	1049.9	2532.1	3042.7
107.1	309.6	1121.6	2532.5	2847.1
106.8	366.8	1577.5	2531.4	3082.3
105.7	407.1	2055.4	2743.4	3143.5
107.0	407.6	2343.8	2850.4	3594.4
105.9	410.5	2463.7	2912.9	3725.8
103.7	412.6	2423.6	2919.2	3580.2
102.7	411.6	2509.4	2935.9	3369.7
102.8	423.2	2584.1	2971.4	3333.5
103.1	400.3	2551.2	2937.3	3465.9
102.3	412.5	2497.6	2741.1	3295.5
101.0	435.2	2330.4	2654.3	3126.5
101.9	452.2	2297.8	2752.2	3316.7
102.9	455.4	2234.8	2748.6	3293.9
103.6	484.7	2138.7	2655.2	3038.3
103.3	571.3	2029.5	2572.3	2920.7
103.7	632.3	2039.3	2554.9	2927.5
104.7	631.4	1941.2	2453.9	2884.2
104.6	700.3	1858.8	2539.3	2934.3
105.1	746.9	1818.1	2594.4	3016.0
107.4	755.2	1727.3	2526.5	2952.4
107.0	772.6	1632.4	2587.3	2963.6
108.5	766.5	1511.6	2451.9	2871.2
109.3	781.0	1451.0	2668.2	2879.8
109.6	821.8	1418.4	2590.6	2899.9
109.7	815.7	1346.3	2638.7	2893.3
108.5	766.0	1280.2	2707.8	3103.7
109.0	736.9	1299.3	2726.7	3236.3
109.1	676.2	1266.5	2569.8	3226.3
0.0	702.4	1226.8	2563.5	3071.1
88.3	785.9	1224.3	2332.6	3023.2
135.6	810.2	1199.4	2356.1	3098.9
80.5	725.1	1194.2	2164.9	3125.3
0.0	700.6	1208.6	2546.2	3201.7
80.9	681.2	1231.9	2849.6	3155.3
163.4	676.7	1220.1	2855.4	3114.8
63.5	638.4	1195.7	2576.6	3114.3
63.5	617.8	1483.8	2583.9	3248.6
103.0	587.1	1630.4	2586.9	3369.1
0.0	406.0	1624.2	2567.1	3437.7
113.2	400.3	1749.5	2559.2	3428.6
111.1	1287.2	1812.3	2681.4	3433.5
70.2	865.8	1864.1	2716.4	3550.3
0.0	778.6	1856.6	2673.3	3500.5
0.0	769.2	1690.4	2623.5	3492.5
0.0	478.1	1234.1	2735.2	3338.6
0.0	633.6	1244.1	2640.9	3175.3
0.0	678.9	1261.9	2699.6	3355.2
0.0	710.3	1259.0	2804.7	3473.3
0.0	696.1	1219.1	2817.1	3481.8
87.2	697.1	1202.4	2788.0	3405.1
91.8	709.9	1205.2	2821.4	3341.6
93.1	675.8	1216.1	2920.8	3471.5
94.1	639.1	1254.3	2916.9	3541.8
95.9	633.1	1239.3	2774.8	3407.2
95.1	632.0	1227.4	2293.8	3188.7
93.2	504.6	1331.7	2408.2	3197.1
91.9	408.8	1444.3	2535.5	3187.4
86.1	382.4	1426.1	2517.1	3166.8
95.0	348.4	1444.3	2408.4	3175.0
92.8	494.5	1481.2	2383.5	3212.3
91.9	429.5	1482.5	2108.3	3269.4
93.8	466.3	1526.0	2379.8	3324.9
94.5	446.4	1547.2	2568.5	3326.9
91.1	450.6	1579.2	2610.0	3267.7
88.9	485.0	1584.2	2870.2	3408.1
88.9	483.0	1675.6	2975.9	3894.9
87.0	761.4	1799.4	2976.1	3978.8
0.0	674.9	2007.1	3034.4	3970.6
0.0	559.6	2052.8	3161.0	3742.8
153.8	916.9	2152.8	2960.6	3531.7
131.9	813.7	1919.9	2758.0	3434.7
196.7	803.3	1925.6	2744.3	3483.5
174.0	643.0	1194.6	2501.2	3361.0
172.7	625.2	1320.8	2542.0	3404.2
169.0	602.2	1541.7	2581.9	3359.7
173.9	341.1	993.9	2345.3	3176.6
181.8	696.2	1653.8	2488.9	3303.4
0.0	806.6	1542.6	2463.1	3296.1
0.0	746.6	1544.3	2368.1	3331.2
0.0	700.1	1676.4	2332.5	3267.6
250.0	756.0	1582.7	2341.2	3206.5
190.5	722.9	1394.8	1726.4	3010.8
0.0	562.1	1257.2	1714.0	3098.4
136.6	524.5	1256.0	1722.9	3092.9
116.0	519.9	1266.1	1727.1	3092.8
116.8	514.4	1283.7	1741.9	3134.6
117.3	516.0	1311.8	1797.8	3153.7
116.6	507.0	1339.6	1986.9	3169.1
116.1	488.7	1352.6	1928.6	3179.2
115.1	460.5	1268.8	1919.8	3156.2
113.6	406.3	1231.3	1951.4	3195.7
110.7	386.0	1338.4	2170.1	3239.9
108.0	353.5	1413.1	2289.4	3212.6
109.5	351.5	1371.7	2348.8	3232.9
108.7	377.3	1416.1	2483.4	3247.5
105.5	354.6	1544.7	2429.3	3233.5
103.6	430.7	1661.9	2482.9	3238.2
104.7	473.9	1857.9	2699.3	3249.4
90.6	511.5	1940.6	2859.0	3244.5
106.4	460.4	1969.2	3041.9	3117.5
77.8	464.3	1980.0	2814.2	3037.3
109.0	474.2	1981.0	2366.8	2982.1
73.3	428.9	1971.1	2354.3	2972.8
0.0	424.1	1948.0	2756.6	3184.4
106.4	426.0	1871.3	2731.5	3294.3
63.5	378.6	1668.8	2698.4	3445.4
0.0	232.3	1712.3	2663.0	3220.5
0.0	266.8	1696.4	2545.6	3371.6
0.0	279.8	1871.0	2771.1	3490.7
74.5	246.7	1826.0	2732.0	3423.4
74.0	280.0	1678.4	2625.6	3287.6
0.0	330.6	1682.7	2683.1	3270.9
0.0	412.0	1683.0	2831.8	3475.2
202.0	627.8	1852.5	2790.6	3584.0
70.6	629.4	1983.0	2652.4	3772.8
0.0	403.2	2078.7	2825.1	3655.0
0.0	392.9	2164.2	2810.0	3678.1
0.0	399.5	2257.8	2813.3	3621.3
94.3	389.9	2286.0	2844.7	3533.5
90.3	382.1	2288.9	2855.9	3632.6
94.8	369.3	2310.8	2850.9	3683.3
89.5	378.0	2295.9	2848.3	3711.0
89.7	385.3	2254.1	2846.5	3608.7
89.1	417.1	2133.7	2858.1	3377.7
88.5	441.1	1977.3	2865.0	3473.3
88.3	454.1	1830.0	2826.5	3427.3
86.4	530.3	1613.8	2880.0	3489.4
89.0	610.9	1451.9	2875.6	3495.5
80.2	616.3	1222.6	2864.8	3570.4
89.3	641.8	1093.6	2803.1	3613.4
88.6	670.5	1029.0	2506.6	3536.3
73.1	651.9	1002.4	2479.9	3607.1
99.4	648.9	966.0	2397.8	3638.4
77.5	603.5	928.9	2228.5	3471.9
91.4	654.7	985.6	2265.6	3294.7
85.7	645.5	1043.2	2416.1	3286.6
85.7	685.7	1272.4	2433.5	3261.2
81.6	629.1	1081.3	2381.5	3210.3
95.2	672.8	1240.4	2415.7	3210.5
89.6	705.8	1340.7	2505.5	3159.1
93.8	781.5	1481.7	2606.5	3073.2
92.3	665.4	1443.1	2606.6	3129.8
93.0	365.1	1383.9	2524.1	3144.0
101.7	377.5	1477.5	2365.1	3118.4
100.0	325.0	1525.6	2364.3	3066.0
