0.0	0.0	0.0	0.0	0.0
0.0	0.0	0.0	0.0	0.0
0.0	0.0	0.0	0.0	0.0
0.0	1078.8	1794.9	2772.8	3446.0
0.0	1114.7	1793.8	2728.2	3443.3
0.0	733.5	1689.7	2604.1	3409.2
0.0	686.1	1755.9	2596.1	3388.0
0.0	678.5	1639.5	2494.8	3376.6
0.0	1173.5	1708.3	2469.9	3358.3
0.0	1118.5	1594.6	2442.4	3342.8
0.0	721.9	1653.2	2474.1	3530.4
0.0	899.2	1736.3	2589.0	3541.7
0.0	799.2	1759.4	2595.6	3448.2
0.0	788.4	1809.4	2611.0	3523.9
63.5	761.5	1747.9	2540.9	3523.4
0.0	223.4	1539.9	2453.1	3299.1
0.0	444.8	1593.8	2484.2	3264.1
183.3	316.3	685.1	2338.7	3258.1
164.2	326.0	784.1	2170.1	3244.1
158.5	358.6	914.6	2136.1	3196.0
89.4	377.4	1074.6	2104.9	3168.1
189.6	387.9	1232.9	2078.5	3129.1
192.7	399.7	1395.4	2099.4	3215.7
196.8	407.5	1527.5	2139.3	3263.4
197.7	425.0	1618.5	2178.4	3269.4
200.4	437.7	1640.8	2225.4	3221.2
201.2	442.0	1648.1	2280.5	3182.6
201.6	435.1	1635.5	2331.0	3141.1
200.4	414.1	1592.0	2352.5	3039.3
194.4	398.8	1500.4	2342.5	2961.2
186.1	375.9	1526.3	2358.8	3004.7
84.5	435.3	1576.2	2367.0	3025.6
160.5	462.0	1594.7	2370.4	3101.5
150.8	489.6	1606.4	2340.6	3137.0
143.9	508.5	1581.6	2301.5	3063.4
135.7	512.2	1562.7	2284.7	3105.6
126.5	520.7	1515.0	2298.8	3177.1
119.7	525.0	1475.5	2251.5	3206.0
116.8	538.0	1387.8	2257.3	3210.6
113.9	534.8	1277.1	2284.0	3178.3
111.2	548.5	1243.0	2326.3	3188.8
109.7	546.7	1214.2	2308.8	3271.0
107.6	552.9	1112.7	2314.6	3317.5
107.8	537.4	1074.5	2337.5	3219.7
106.1	576.5	1086.3	2386.6	3217.0
105.5	562.3	1071.7	2379.5	3224.8
105.0	589.6	1066.8	2394.2	3215.7
103.2	657.2	1072.0	2415.3	3235.6
103.7	573.2	1022.8	2515.6	3304.3
103.6	613.8	1025.1	2530.3	3359.3
103.4	656.5	1036.4	2526.1	3278.7
103.8	547.8	996.6	2468.8	3247.0
105.4	770.8	1078.4	2358.8	3268.6
102.0	723.1	1078.1	2431.7	3271.8
98.4	676.1	1038.7	2321.3	3330.0
94.5	757.4	1076.7	2321.7	3275.9
88.2	817.0	1226.9	2744.4	3316.4
235.3	786.2	1196.9	2528.9	3324.1
0.0	717.8	1174.0	2511.9	3370.9
285.7	731.7	1205.5	2357.1	3365.0
285.7	764.5	1399.0	2388.7	3572.7
0.0	818.6	1451.2	2370.5	3513.6
0.0	706.3	1370.6	2322.1	3423.7
166.7	824.8	1473.0	2300.9	3370.5
0.0	799.6	1516.4	2451.8	3336.6
160.0	788.3	1456.1	2404.7	3351.1
0.0	782.7	1526.3	2319.8	3393.0
0.0	891.5	1521.9	2433.4	3394.6
93.8	938.8	1498.1	2382.2	3378.9
260.9	1020.0	1565.3	2450.9	3354.8
0.0	643.4	1534.9	2388.5	3317.4
155.2	646.3	1519.3	2424.9	3484.4
68.6	670.0	1471.4	2477.3	3370.5
95.2	766.4	1556.5	2482.3	3349.8
0.0	766.8	1583.1	2530.1	3412.5
226.4	610.4	1609.7	2523.6	3386.2
0.0	635.2	1660.1	2560.9	3345.5
0.0	619.9	1652.6	2647.6	3283.0
101.7	604.3	1711.5	2551.7	3372.4
75.9	709.8	1656.2	2509.6	3426.5
266.7	678.9	1640.2	2527.2	3332.0
272.7	601.7	1622.9	2513.6	3331.2
95.2	745.8	1532.9	2523.8	3369.8
235.3	737.9	1614.3	2617.6	3341.8
0.0	743.7	1588.7	2546.2	3286.6
146.3	574.2	1604.6	2534.3	3379.6
71.9	582.7	1625.5	2546.5	3337.2
0.0	1083.2	1733.2	2649.3	3366.9
0.0	929.3	1713.8	2649.2	3444.5
0.0	719.2	1680.2	2667.6	3481.8
0.0	907.6	1730.0	2654.1	3404.7
67.0	756.6	1702.8	2630.7	3390.6
103.4	795.5	1604.9	2603.3	3386.4
77.4	561.2	1563.8	2592.8	3449.6
0.0	532.7	1772.2	2673.2	3507.6
0.0	435.6	1740.7	2616.3	3409.6
0.0	1019.7	1922.5	2700.7	3397.4
0.0	963.8	1794.1	2589.0	3351.7
0.0	839.1	1651.9	2563.4	3356.2
0.0	831.5	1610.6	2565.9	3440.6
0.0	870.3	1690.8	2507.3	3429.6
0.0	972.6	1661.9	2495.5	3359.0
0.0	776.5	1580.3	2534.4	3331.4
0.0	1086.3	1649.8	2633.1	3363.2
352.9	632.5	1497.2	2553.9	3385.7
0.0	861.2	1738.1	2577.3	3529.0
95.2	871.3	1847.4	2691.9	3533.5
0.0	437.6	1580.9	2559.3	3374.7
190.5	200.0	1519.3	2467.4	3377.7
193.5	200.0	1218.2	2349.9	3128.7
176.5	325.4	1237.8	2532.0	2828.6
170.0	525.4	1351.0	2551.6	2862.9
177.3	584.9	1406.7	2575.4	3000.0
181.5	693.8	1430.7	2621.2	3201.0
183.9	723.1	1395.6	2607.1	3126.0
188.9	725.1	1360.2	2623.9	3087.7
193.0	723.7	1407.5	2634.7	3072.6
196.5	707.8	1470.9	2602.4	2985.4
201.9	675.9	1552.2	2552.0	2958.3
207.8	660.3	1656.9	2528.1	3028.4
211.9	643.7	1725.9	2559.3	3170.0
215.6	652.9	1749.3	2561.5	3201.5
215.9	617.0	1797.3	2584.8	3210.2
216.1	564.8	1801.7	2598.2	3238.4
212.3	551.2	1795.7	2585.7	3245.7
207.3	358.2	1854.8	2647.4	3221.8
198.2	511.4	1920.4	2667.3	3438.5
184.0	774.7	1987.6	2667.7	3620.3
86.3	787.7	1791.0	2708.9	3581.5
0.0	835.0	1805.9	2784.5	3611.6
0.0	731.9	1842.2	2868.1	3666.5
171.4	902.9	1875.8	2817.0	3667.1
0.0	958.3	1753.3	2788.9	3686.8
0.0	854.2	1745.3	2876.0	3828.9
0.0	995.7	1840.1	3048.4	3805.1
125.0	1032.5	1880.3	2981.7	3724.4
0.0	944.7	1894.1	2952.1	3655.0
0.0	1012.7	2084.0	3079.8	3693.4
0.0	963.5	1906.5	3171.4	3631.5
0.0	756.3	1686.4	2938.7	3515.2
0.0	714.7	1625.9	2577.6	3434.8
0.0	564.8	1592.6	2526.8	3338.8
155.8	510.7	1511.5	2387.2	3307.5
0.0	504.9	1277.5	2187.6	3306.1
0.0	443.1	1212.9	2141.1	3288.5
131.5	460.2	1157.1	2116.1	3308.8
128.0	496.9	1133.5	2086.4	3298.9
122.6	481.9	1115.3	2081.8	3285.2
120.2	482.3	1124.3	2065.4	3333.4
116.8	481.8	1157.9	2054.3	3325.0
115.5	487.6	1213.3	2034.5	3219.2
114.1	483.0	1308.1	1986.9	3046.0
112.5	467.6	1327.7	1961.3	2931.2
110.6	417.3	1409.2	2071.3	3130.6
101.7	474.7	1472.4	2068.3	3226.6
90.4	469.3	1425.2	1839.7	2764.2
338.9	461.4	1347.4	1956.8	2707.9
112.6	460.0	1291.5	2013.5	2948.2
105.8	452.3	1229.7	2063.3	3124.8
105.9	431.7	1195.5	2071.6	3269.2
104.6	426.4	1065.1	2087.5	3331.8
103.4	427.9	1035.0	2144.3	3221.7
101.2	443.8	948.1	2212.5	3197.2
98.3	984.1	1667.2	2512.3	3380.3
97.4	815.5	1371.3	2442.4	3323.8
95.2	915.1	1464.2	2497.6	3326.0
94.5	837.5	1650.4	2528.7	3271.8
94.7	830.8	1771.5	2590.5	3333.4
96.0	870.2	1804.5	2564.0	3429.4
97.6	926.5	1632.1	2584.0	3517.8
97.6	949.1	1711.5	2658.9	3555.1
106.2	757.6	1732.1	2665.4	3438.5
111.0	783.6	1821.5	2749.3	3494.0
106.2	633.0	1215.3	2400.1	3289.4
105.4	498.6	786.8	2461.8	3277.5
106.4	475.7	756.2	2487.1	3200.9
105.9	487.3	735.8	2602.2	3203.3
104.8	496.4	768.8	2527.2	3369.1
106.9	505.6	834.9	2492.6	3388.8
107.3	519.8	870.9	2435.4	3233.1
108.1	545.1	893.8	2495.6	3221.4
108.8	571.2	906.4	2441.2	3164.1
109.4	556.4	924.1	2419.4	3203.9
110.6	547.6	931.8	2333.2	3218.4
111.6	483.9	919.0	2257.8	3167.1
112.1	399.0	987.9	2305.0	3302.3
112.2	409.1	1153.1	2387.7	3416.0
112.9	327.0	1097.7	2384.1	3295.9
116.8	316.9	1152.1	2309.0	3081.5
118.4	350.8	1170.4	2260.1	2903.9
119.3	343.9	1178.1	2378.8	2990.6
124.5	414.3	1239.5	2377.6	3055.8
128.9	412.3	1228.4	2351.6	3122.2
131.3	498.2	1246.8	2310.3	3186.6
141.5	550.4	1321.5	2269.1	3325.1
139.0	559.2	1357.0	2318.3	3367.5
143.2	582.4	1415.2	2478.0	3392.9
148.8	603.2	1417.8	2259.0	3353.0
153.4	576.4	1450.4	2445.6	3229.4
157.0	572.1	1572.6	2485.6	3029.9
154.2	200.0	1599.6	2498.7	3048.4
166.0	200.0	1516.8	2584.1	3139.9
164.1	200.0	1587.8	2711.6	3429.4
164.6	200.0	1656.8	2624.8	3281.8
157.9	200.0	1685.7	2644.6	3263.3
153.8	487.6	1539.3	2480.2	3132.9
174.6	607.2	1517.8	2479.1	3405.9
97.6	624.6	1657.9	2549.3	3561.4
