0.0	0.0	0.0	0.0	0.0
0.0	0.0	0.0	0.0	0.0
0.0	0.0	0.0	0.0	0.0
0.0	670.6	1817.9	2583.9	3434.3
0.0	666.2	1858.4	2511.6	3423.4
235.3	723.8	1856.4	2316.2	3385.0
272.7	715.3	1862.4	2326.1	3372.3
84.5	698.5	1888.2	2402.0	3366.8
0.0	611.1	1857.4	2429.9	3379.1
0.0	620.7	1868.4	2654.7	3378.8
0.0	716.8	1867.4	2740.0	3439.7
0.0	686.9	1809.9	2565.0	3369.5
0.0	1052.1	1861.0	2619.9	3388.2
0.0	829.2	1763.7	2716.6	3528.3
0.0	645.3	1817.5	2733.3	3512.5
0.0	609.6	1813.9	2614.1	3380.3
0.0	609.6	1855.2	2602.1	3410.4
0.0	750.6	1926.4	2622.4	3524.5
0.0	794.3	1968.1	2614.4	3503.7
0.0	807.4	1925.1	2639.4	3343.3
324.4	392.8	2002.4	2629.6	3305.9
0.0	411.6	2050.2	2577.3	3431.0
136.8	403.5	2053.3	2555.5	3415.0
131.2	392.8	2083.0	2541.9	3391.1
126.3	377.3	2109.3	2491.5	3393.2
125.4	370.4	2097.6	2439.0	3363.5
124.8	369.5	2001.6	2345.7	3308.6
123.7	370.4	1789.3	2272.8	3290.8
123.0	374.7	1538.0	2283.0	3271.6
122.2	384.1	1229.9	2267.8	3272.3
122.4	399.7	1114.1	2263.0	3251.5
122.2	377.7	1083.0	2244.4	3237.8
121.6	376.2	1086.8	2236.9	3172.0
120.6	387.4	1110.1	2262.0	3128.6
120.2	408.6	1153.8	2281.0	3113.4
119.5	436.6	1236.9	2287.0	3124.9
118.1	482.9	1300.0	2344.8	3197.2
116.6	454.6	1383.2	2403.2	3282.6
114.4	458.1	1518.9	2487.1	3330.8
112.1	424.8	1582.2	2529.6	3412.9
112.1	435.3	1543.4	2574.2	3420.7
107.1	461.6	1612.4	2618.5	3490.1
108.1	787.9	1713.0	2648.6	3536.6
94.5	816.6	1757.4	2647.6	3594.6
571.4	874.0	1810.3	2656.8	3610.6
107.1	850.4	1896.0	2804.0	3603.0
400.0	1037.6	1870.1	2845.5	3603.9
200.0	827.8	1836.1	2753.7	3563.0
0.0	635.3	1487.7	2650.1	3557.0
102.6	842.6	1577.9	2646.6	3354.4
122.4	1136.4	1750.5	2695.2	3274.9
0.0	617.9	1382.2	2553.6	3353.9
0.0	402.4	1372.9	2503.8	3552.6
142.9	382.5	1369.9	2503.0	3598.9
130.3	393.8	1347.0	2495.2	3588.9
127.8	389.6	1373.2	2508.9	3530.5
125.9	399.1	1453.7	2489.3	3518.7
125.6	426.1	1608.9	2478.2	3516.6
127.3	430.9	1664.4	2513.6	3560.6
125.9	443.5	1724.8	2539.8	3500.2
128.2	430.2	1795.0	2593.7	3439.3
131.5	428.5	1833.0	2612.5	3473.4
133.9	433.0	1910.8	2647.2	3424.6
136.2	431.7	1965.6	2655.4	3421.0
138.2	422.8	1984.8	2663.5	3458.7
140.1	427.4	1951.9	2591.7	3457.3
141.9	426.5	1936.1	2555.7	3505.0
141.4	427.0	1821.2	2543.9	3498.0
141.4	429.4	1625.5	2558.0	3527.6
141.2	428.6	1538.3	2546.4	3515.2
141.2	426.6	1343.8	2532.6	3466.2
142.9	425.3	1296.9	2546.3	3412.8
141.2	434.7	1278.3	2526.7	3383.1
139.5	437.5	1307.2	2511.1	3383.5
139.5	459.6	1387.9	2460.4	3392.4
141.2	475.1	1491.2	2438.9	3399.3
142.9	449.2	1588.5	2459.7	3450.2
144.6	445.9	1719.6	2454.8	3469.2
142.9	436.1	1784.9	2494.9	3488.7
142.9	442.7	1915.4	2511.5	3472.4
142.9	430.9	2127.5	2595.1	3496.5
142.9	429.5	2294.1	2706.0	3484.0
144.6	415.1	1774.3	2570.2	3471.3
144.6	454.7	1407.0	2556.1	3485.6
145.3	431.3	1443.9	2550.4	3459.1
144.7	417.9	1460.8	2561.9	3299.8
142.9	431.1	1447.8	2512.7	3368.9
142.5	421.4	1472.9	2521.7	3412.0
141.0	426.2	1484.9	2505.4	3304.0
139.8	419.0	1437.6	2443.4	3318.9
139.5	419.5	1426.9	2432.5	3372.5
139.5	382.3	1354.8	2465.7	3400.1
135.8	336.4	1445.9	2507.5	3397.6
63.8	699.3	1837.3	2634.9	3555.2
0.0	579.7	1904.0	2642.9	3581.1
0.0	622.9	1874.8	2650.3	3496.8
0.0	620.6	1838.9	2612.2	3465.0
0.0	540.3	1808.4	2560.5	3404.1
181.8	567.5	1862.8	2539.2	3446.4
222.2	419.0	1893.7	2508.0	3382.1
0.0	408.7	1901.3	2518.8	3320.1
0.0	386.1	1864.3	2481.5	3324.2
103.5	353.8	1803.6	2433.9	3366.3
103.7	427.9	1734.0	2416.3	3407.0
100.2	353.7	1696.4	2467.0	3442.3
87.3	442.6	1693.0	2550.5	3433.7
63.5	900.5	1651.7	2620.9	3411.1
67.4	897.2	1801.9	2562.0	3351.4
0.0	922.7	1820.2	2730.0	3426.7
63.5	947.6	1895.1	2730.4	3529.0
0.0	897.2	1772.3	2644.4	3560.1
0.0	707.2	1749.2	2601.1	3533.1
480.0	631.3	1745.5	2572.4	3448.1
255.3	736.8	1693.0	2588.0	3451.0
0.0	683.7	1613.8	2568.3	3437.1
133.6	770.8	1562.9	2579.6	3309.3
131.6	728.7	1536.0	2513.9	3116.4
135.3	679.6	1467.5	2465.9	3054.7
136.4	660.8	1393.2	2434.2	3137.3
131.9	670.2	1328.3	2394.3	3307.6
125.0	699.3	1305.3	2280.0	3220.0
125.0	718.0	1300.8	2294.6	3196.4
125.0	706.4	1303.5	2309.5	3239.0
125.0	712.4	1319.6	2367.9	3212.0
125.0	707.8	1328.8	2389.2	3191.4
126.3	688.4	1332.4	2386.6	3216.0
129.0	671.9	1364.0	2413.5	3263.5
122.4	663.1	1378.4	2526.6	3332.2
125.0	667.9	1423.4	2535.7	3318.9
123.7	652.7	1466.8	2548.7	3324.6
122.4	647.4	1530.9	2555.2	3372.0
122.4	637.4	1628.4	2594.4	3446.4
122.4	633.2	1698.0	2633.5	3468.2
127.6	635.2	1723.2	2689.2	3520.6
126.8	729.5	1777.4	2732.2	3544.9
127.7	691.4	1861.1	2779.6	3601.7
134.8	855.2	1903.0	2748.8	3539.0
128.2	693.0	1936.0	2653.7	3462.3
121.2	549.6	1882.7	2662.6	3571.6
130.4	352.3	1868.8	2645.5	3586.5
136.4	381.1	1887.1	2593.7	3469.8
138.6	426.3	1905.7	2594.8	3523.4
142.6	435.0	1898.4	2610.4	3482.6
142.5	403.8	1958.7	2647.1	3506.9
136.2	383.8	1942.0	2644.2	3504.3
130.6	373.6	1916.9	2659.4	3495.0
127.7	374.2	1900.2	2683.4	3493.9
122.4	374.9	1928.5	2739.4	3501.3
119.9	396.2	1865.7	2766.8	3490.5
115.4	707.5	1890.6	2726.7	3503.9
108.1	791.4	1931.3	2737.1	3524.2
106.2	1087.6	1959.6	2785.2	3558.7
0.0	1035.6	2170.2	2783.2	3590.4
0.0	886.0	2195.1	2891.6	3555.7
0.0	859.4	2181.7	2987.1	3531.9
0.0	1066.3	2179.0	2975.1	3514.8
0.0	1046.4	2082.5	2924.5	3466.8
0.0	803.2	1947.5	2828.7	3498.8
0.0	695.7	1860.7	2794.2	3526.1
0.0	929.3	1839.5	2715.8	3467.4
0.0	571.3	1788.1	2675.2	3426.0
114.3	435.8	1848.7	2644.8	3357.9
0.0	376.2	1908.7	2599.3	3345.8
142.9	392.1	1948.9	2565.5	3337.6
127.3	370.1	1999.6	2562.0	3339.0
124.7	381.2	2041.1	2541.2	3342.0
121.9	361.2	2091.6	2510.7	3320.6
118.5	343.8	2017.2	2477.4	3327.0
115.1	361.2	1869.4	2501.1	3366.1
111.6	369.2	1709.7	2497.6	3460.3
107.4	399.8	1543.8	2494.3	3555.3
106.4	340.3	1362.8	2560.7	3615.5
107.1	384.5	1263.3	2605.8	3641.4
105.2	417.0	1209.1	2573.7	3647.3
102.6	414.2	1199.3	2556.3	3634.6
100.8	434.2	1216.3	2531.8	3528.4
102.6	496.7	1261.2	2515.4	3421.1
102.6	539.4	1291.3	2527.7	3436.1
100.1	572.9	1339.4	2533.7	3431.8
100.0	592.3	1384.9	2534.5	3377.9
98.8	584.9	1406.8	2505.0	3350.9
99.2	574.0	1433.5	2492.4	3366.5
99.2	546.2	1483.2	2496.1	3359.1
100.0	523.1	1540.7	2489.9	3362.6
99.6	501.5	1611.2	2477.4	3381.9
99.2	484.0	1682.2	2470.6	3393.6
100.0	448.8	1734.9	2492.6	3423.8
99.9	392.2	1750.0	2597.8	3477.5
97.5	419.8	1716.2	2623.3	3474.4
92.5	463.1	1716.1	2670.8	3439.0
78.4	981.6	1761.5	2665.7	3602.4
0.0	1018.9	1829.8	2687.4	3599.9
184.6	977.4	1793.4	2735.2	3565.2
0.0	995.8	1842.1	2761.3	3600.9
0.0	900.4	1749.7	2720.2	3639.6
0.0	857.7	1684.0	2708.6	3624.4
162.2	834.8	1851.2	2689.3	3670.7
272.7	914.5	1883.2	2683.1	3618.7
0.0	962.1	1835.4	2607.5	3608.5
0.0	796.7	1711.5	2581.1	3604.1
0.0	897.6	1781.0	2634.0	3635.3
136.4	421.6	1743.2	2587.6	3587.7
0.0	416.6	1740.4	2527.9	3520.1
95.2	377.0	1770.0	2509.7	3532.1
106.2	325.2	1754.9	2522.5	3527.3
103.7	305.6	1733.7	2525.2	3526.1
102.6	390.5	1730.5	2520.4	3529.0
100.8	368.1	1729.2	2523.2	3532.6
100.0	363.3	1729.1	2511.8	3556.2
98.4	379.2	1735.2	2545.1	3536.6
95.2	382.3	1719.1	2540.3	3546.2
90.2	385.6	1667.7	2606.2	3533.0
0.0	717.1	1754.0	2703.5	3593.0
78.9	788.3	1745.4	2615.0	3631.5
0.0	780.1	1747.9	2629.9	3571.9
0.0	1049.8	1832.2	2629.5	3628.5
521.7	806.1	1762.1	2598.1	3580.0
196.7	883.6	1751.7	2635.9	3596.0
151.9	1133.2	1928.8	2726.1	3599.8
521.7	916.1	1860.7	2728.2	3638.2
0.0	976.9	1895.7	2697.3	3676.4
0.0	830.6	1776.1	2573.6	3618.9
0.0	691.1	1655.3	2450.2	3602.0
571.4	578.9	1649.5	2530.1	3650.3
90.2	742.1	1684.1	2578.5	3652.7
160.0	818.1	1682.6	2604.2	3628.4
106.2	820.7	1647.5	2662.5	3591.1
333.3	710.3	1695.8	2537.2	3608.3
81.6	641.6	1672.0	2440.6	3641.7
260.9	748.7	1686.3	2513.1	3624.9
0.0	752.9	1606.5	2425.7	3566.8
88.9	726.2	1608.1	2410.1	3546.0
0.0	815.9	1729.8	2396.3	3457.4
0.0	492.9	1675.2	2409.6	3370.4
0.0	684.2	1724.4	2342.1	3379.1
352.9	793.9	1795.5	2355.4	3472.0
0.0	634.3	1721.3	2479.3	3440.4
0.0	601.5	1775.0	2670.8	3502.4
87.6	770.5	1788.9	2691.1	3497.4
0.0	824.2	1785.0	2684.1	3496.5
0.0	650.9	1910.3	2699.0	3475.7
95.2	710.8	1975.8	2727.5	3532.3
0.0	869.9	1930.6	2686.2	3533.3
0.0	806.8	1742.7	2555.9	3406.7
