0.0	0.0	0.0	0.0	0.0
0.0	0.0	0.0	0.0	0.0
0.0	0.0	0.0	0.0	0.0
0.0	797.8	1758.3	2663.9	3721.4
0.0	909.5	1752.5	2615.9	3600.0
0.0	892.2	1757.1	2520.4	3570.1
0.0	793.4	1657.1	2535.2	3607.0
0.0	1091.5	1803.7	2558.6	3584.5
222.2	835.6	1489.5	2490.3	3438.0
0.0	787.0	1789.7	2451.1	3449.2
116.5	286.7	1280.8	2306.0	3319.8
0.0	255.5	1088.6	2440.6	3410.0
137.9	245.6	1030.6	2581.2	3477.4
121.2	246.1	1000.3	2585.1	3386.6
121.2	230.9	1019.4	2484.8	3424.2
117.7	269.1	1028.3	2479.9	3381.3
114.3	247.8	1003.9	2475.6	3296.5
120.0	266.8	1054.3	2494.5	3340.0
120.0	562.5	1041.4	2670.2	3339.2
128.3	595.6	1043.2	2700.7	3287.9
130.2	605.2	1020.3	2649.0	3254.0
133.4	611.6	1027.7	2655.6	3251.9
141.5	593.7	1031.8	2652.1	3265.3
146.0	580.2	1025.7	2602.9	3272.9
151.9	539.7	1016.5	2567.9	3230.3
157.9	500.2	1016.9	2577.4	3225.6
155.2	475.4	1016.2	2528.6	3209.5
156.8	472.1	1038.0	2509.9	3193.7
157.8	468.6	1070.2	2505.2	3204.9
158.1	472.8	1096.8	2503.8	3207.7
155.1	447.5	1148.9	2490.7	3330.9
152.4	436.2	1228.2	2440.9	3403.2
147.6	448.1	1376.5	2446.9	3406.9
138.3	547.5	1400.8	2455.2	3460.1
146.3	616.0	1429.7	2698.8	3407.2
125.0	949.1	1513.4	2802.6	3379.6
0.0	615.3	1555.9	2900.8	3406.4
480.0	1134.6	2209.1	2974.3	3495.0
137.9	504.4	1991.2	2967.7	3460.0
151.9	1031.6	2003.3	2858.7	3408.5
78.9	704.5	1496.0	2653.2	3456.6
65.2	914.8	1795.8	2664.7	3588.5
63.5	873.7	1725.1	2600.4	3455.3
0.0	776.3	1667.3	2679.4	3361.4
0.0	693.9	1670.8	2690.8	3396.3
0.0	331.3	1646.7	2564.7	3386.3
0.0	386.3	1618.5	2505.4	3339.8
129.0	399.9	1631.0	2482.5	3344.3
130.4	384.7	1669.7	2481.0	3366.3
119.3	415.8	1706.0	2488.7	3354.8
121.7	450.4	1750.0	2516.6	3323.3
122.2	634.2	1814.8	2533.1	3347.5
109.1	659.0	1872.6	2535.7	3408.6
0.0	716.9	1922.3	2556.3	3465.0
0.0	665.2	1947.6	2577.3	3358.2
166.7	738.5	1926.5	2641.2	3380.3
162.2	760.2	1959.3	2608.7	3316.2
292.7	761.4	2100.6	2575.7	3243.9
0.0	514.6	2082.9	2576.7	3353.1
99.2	611.2	1999.3	2640.7	3365.3
173.9	1020.0	1961.5	2580.3	3331.5
181.8	986.6	1928.7	2427.4	3325.0
375.0	1024.6	1880.0	2381.4	3355.7
112.1	395.1	1724.7	2162.0	3248.2
0.0	346.8	1650.6	2045.4	3209.3
153.8	390.0	1598.8	2017.3	3228.6
146.3	496.9	1547.3	2004.6	3205.8
149.9	425.5	1504.4	1983.3	3203.6
150.1	531.5	1477.7	1959.8	3188.0
152.5	519.4	1427.2	1938.6	3183.9
152.5	523.5	1399.6	1911.9	3176.2
153.5	493.5	1388.9	1904.0	3216.5
153.0	495.7	1383.9	1880.4	3159.2
153.3	465.1	1405.2	1871.7	3163.7
150.9	455.3	1420.5	1860.9	3155.1
149.0	418.7	1441.9	1857.2	3139.9
142.2	407.6	1442.4	1837.0	3123.1
137.4	412.1	1469.0	1833.7	3097.4
129.4	400.9	1504.7	1835.3	3071.0
123.8	374.9	1539.2	1814.2	3016.8
119.0	351.2	1569.8	1798.7	2948.8
116.9	381.2	1583.4	1782.4	2887.8
114.5	258.6	1583.3	1770.8	2918.4
109.5	212.8	1560.9	1984.1	3169.9
98.4	211.4	1552.6	2472.4	3393.4
101.7	211.1	1527.6	2461.8	3358.4
100.0	331.1	1508.7	2570.4	3366.3
0.0	423.0	1443.9	2712.1	3382.4
0.0	334.4	1351.8	2669.5	3474.7
116.7	371.5	1322.7	2678.5	3525.8
109.1	355.0	1304.4	2823.6	3542.9
113.5	322.3	1300.5	3042.4	3550.4
111.7	400.5	1368.6	2702.4	3412.7
112.1	453.8	1517.6	2552.1	3435.4
115.4	455.5	1598.7	2514.3	3270.8
109.9	458.8	1681.7	2509.2	3367.1
111.1	443.3	1760.8	2514.8	3377.4
110.3	440.4	1826.1	2551.1	3374.2
110.9	430.8	1876.2	2582.7	3372.3
110.6	422.5	1912.8	2568.5	3391.9
111.7	420.0	1939.8	2566.3	3466.3
113.1	431.7	1929.6	2613.0	3429.7
0.0	432.1	1908.9	2547.3	3382.6
84.4	467.3	1872.6	2416.0	3416.0
151.0	497.2	1835.0	2430.3	3389.6
0.0	530.3	1797.0	2441.3	3359.7
94.6	567.4	1733.2	2449.6	3363.4
80.0	591.9	1658.7	2442.3	3404.4
86.3	628.1	1608.5	2478.6	3447.1
0.0	637.5	1590.9	2489.7	3579.0
0.0	664.3	1561.7	2490.5	3439.5
121.8	687.6	1543.3	2497.2	3369.4
122.6	694.2	1519.5	2494.1	3384.6
121.6	702.6	1491.7	2495.3	3175.0
123.4	710.9	1470.4	2516.1	3384.7
122.5	698.7	1463.1	2509.2	3320.4
123.2	711.9	1442.5	2507.0	3188.2
122.5	691.3	1434.0	2513.6	3220.1
123.5	699.1	1434.4	2525.4	3223.7
124.3	693.2	1451.0	2537.1	3134.9
124.9	674.1	1456.7	2508.2	3083.6
125.1	649.1	1502.0	2524.5	3096.5
125.7	617.7	1564.4	2553.9	3264.3
123.8	592.4	1614.9	2560.3	3272.8
122.9	549.8	1650.6	2568.3	3229.4
121.7	501.1	1667.4	2605.1	3252.4
120.1	451.5	1634.5	2589.4	3235.7
121.9	295.4	1614.8	2574.3	3350.1
104.4	235.8	1645.3	2525.5	3412.1
121.3	234.6	1669.5	2530.0	3385.4
114.9	243.0	1692.9	2533.0	3417.3
112.1	241.9	1683.1	2529.2	3449.2
111.7	301.5	1751.1	2533.0	3411.3
0.0	396.0	1912.0	2575.1	3433.3
122.7	378.5	1979.6	2598.7	3501.6
121.5	381.9	2022.8	2614.0	3464.1
123.1	404.7	2056.8	2613.7	3435.8
127.2	396.0	2084.5	2621.8	3431.3
130.2	430.7	2095.0	2636.6	3442.0
131.9	467.7	2075.9	2631.0	3424.0
134.0	408.6	2068.8	2637.6	3446.6
135.9	443.3	2036.0	2625.3	3438.8
135.8	418.0	2001.0	2581.9	3360.8
134.5	402.1	1963.7	2549.9	3401.3
132.2	403.8	1919.1	2544.4	3448.1
128.1	424.5	1866.1	2514.6	3409.9
124.8	473.1	1800.9	2500.3	3393.1
119.8	472.3	1734.7	2500.3	3377.9
116.8	462.8	1695.4	2504.1	3451.2
115.5	458.6	1650.0	2520.6	3475.9
114.3	451.8	1603.6	2523.6	3416.6
112.4	459.8	1574.3	2535.3	3417.0
109.3	459.1	1538.8	2585.5	3441.1
109.8	459.8	1522.8	2594.9	3404.2
108.5	458.9	1505.7	2573.2	3461.9
108.5	444.4	1497.6	2575.4	3469.0
109.2	445.3	1473.6	2566.6	3470.0
109.4	449.7	1433.8	2560.2	3569.9
108.2	454.7	1433.6	2558.3	3679.8
108.3	483.1	1439.1	2592.8	3657.6
108.7	581.8	1542.6	2943.5	3664.8
108.1	445.7	2019.5	3338.6	3630.8
103.4	556.9	2288.6	3341.4	3605.8
87.6	551.2	2366.3	3322.8	3342.1
260.9	1096.6	2382.6	3013.6	3448.5
571.4	541.4	2345.1	2940.4	3358.2
400.0	801.3	2024.2	2811.0	3318.1
0.0	473.6	1441.1	2501.8	2989.4
0.0	460.1	1412.6	2336.2	3009.4
112.1	466.2	1399.8	2215.3	3052.3
116.3	462.3	1381.8	2137.6	3131.6
0.0	480.4	1358.2	2068.7	3139.0
0.0	479.6	1362.8	2032.7	3086.3
0.0	474.5	1377.1	2013.6	3122.1
0.0	459.9	1402.8	2024.4	3192.2
0.0	459.7	1438.3	2003.0	3261.1
190.9	438.7	1513.9	2026.8	3272.8
0.0	425.3	1602.0	2091.2	3291.6
0.0	419.7	1704.6	2149.6	3255.9
0.0	427.0	1807.7	2225.1	3265.8
0.0	476.8	1918.0	2380.4	3384.1
119.4	507.7	1952.5	2508.3	3350.0
117.5	534.1	1974.8	2594.5	3271.0
119.8	536.8	1962.6	2684.4	3276.4
120.7	576.2	1933.3	2742.4	3377.5
120.6	601.3	1873.1	2762.7	3441.5
119.9	602.1	1787.4	2760.6	3401.8
119.4	584.0	1705.4	2760.9	3385.1
120.2	525.3	1628.7	2664.3	3292.2
119.3	294.3	1530.9	2558.9	3026.6
116.5	203.1	1511.3	2604.8	3075.3
119.1	270.6	1457.9	2517.6	3204.8
116.9	246.5	1240.5	2452.2	3045.2
114.8	272.9	1331.6	2319.3	3092.8
114.4	462.7	1361.2	2255.5	3209.3
113.7	348.5	1325.8	2280.3	3359.8
111.2	377.9	1300.9	2325.3	3334.7
107.4	434.1	1290.1	2383.6	3296.0
104.2	475.2	1309.3	2398.0	3334.1
103.4	497.7	1339.7	2404.5	3322.1
0.0	506.7	1424.8	2418.2	3301.7
120.1	544.5	1453.3	2421.3	3281.5
116.2	584.3	1465.8	2427.8	3272.1
115.5	592.5	1484.7	2451.7	3225.2
118.3	610.9	1493.8	2452.4	3196.0
120.4	638.2	1481.7	2477.0	3230.2
120.9	640.7	1472.3	2476.9	3039.7
122.4	653.0	1461.5	2503.2	3068.7
122.7	648.2	1472.7	2556.9	3131.8
124.7	658.9	1512.6	2579.8	3133.0
123.8	644.1	1555.3	2572.2	3083.5
123.5	614.6	1578.2	2579.3	3080.4
122.7	586.2	1609.0	2587.6	3160.3
122.8	547.7	1644.9	2619.4	3196.2
123.5	501.2	1685.3	2637.7	3267.9
122.4	463.8	1719.6	2630.5	3214.6
120.5	451.5	1763.6	2625.1	3142.6
115.2	455.5	1797.0	2630.6	3241.2
114.4	380.4	1826.5	2672.3	3251.8
113.5	338.9	1850.8	2711.8	3336.6
112.5	302.2	1863.6	2729.4	3421.0
111.0	330.8	1911.3	2734.4	3476.9
110.2	307.4	1934.6	2666.4	3517.5
108.1	317.8	1941.9	2533.6	3476.1
106.0	339.2	1936.8	2449.5	3467.7
105.4	381.3	1877.5	2333.5	3421.6
103.9	408.5	1781.1	2252.8	3373.5
105.6	415.3	1548.9	2185.5	3331.5
104.4	414.5	1261.0	2179.5	3290.1
105.3	413.0	1126.0	2236.0	3346.1
101.9	244.6	1060.8	2300.5	3314.0
91.6	216.6	1056.5	2333.1	3243.0
96.8	227.2	1322.8	2459.8	3391.2
97.0	261.9	1664.0	2627.7	3448.7
96.0	598.7	1519.4	2327.0	3230.8
95.9	532.0	950.8	2341.3	3254.1
0.0	461.7	890.8	2385.6	3157.7
115.6	440.2	887.2	2410.6	3081.2
102.8	448.9	887.1	2415.5	3098.4
110.1	461.0	879.4	2444.5	3063.3
99.6	461.4	873.7	2444.7	3066.3
120.0	447.4	894.1	2448.5	3117.6
0.0	454.6	868.7	2446.0	3122.2
0.0	498.3	853.5	2419.5	3128.8
96.8	509.2	854.2	2440.1	3122.5
102.2	632.0	985.8	2425.9	3195.7
108.7	670.1	1558.3	2598.2	3367.8
106.2	665.8	1798.1	2669.0	3573.7
106.0	653.8	1539.2	2526.0	3506.7
100.3	605.1	1559.6	2530.2	3477.3
101.4	841.1	1716.3	2581.1	3508.8
99.2	928.7	1626.1	2681.9	3540.1
96.8	903.4	1789.1	2726.6	3517.0
100.0	806.2	1717.3	2772.2	3413.3
