0.0	0.0	0.0	0.0	0.0
0.0	0.0	0.0	0.0	0.0
0.0	0.0	0.0	0.0	0.0
0.0	681.2	1764.5	2590.7	3485.8
0.0	762.6	1699.6	2542.5	3408.1
0.0	740.2	1622.4	2523.9	3289.9
0.0	687.4	1619.0	2512.3	3254.3
0.0	768.8	1697.7	2552.0	3418.2
0.0	805.0	1726.3	2671.4	3517.3
0.0	711.0	1687.3	2755.4	3570.0
0.0	794.6	1711.8	2661.9	3504.2
0.0	909.7	1556.0	2519.2	3381.3
0.0	889.5	1610.8	2597.0	3268.3
0.0	841.1	1723.6	2672.2	3389.5
0.0	798.7	1653.0	2568.1	3478.7
0.0	968.9	1695.3	2610.6	3462.3
64.5	886.7	1680.4	2633.9	3432.9
0.0	796.8	1756.2	2553.0	3410.3
0.0	793.1	1707.3	2502.0	3417.6
0.0	912.6	1764.8	2581.4	3502.4
0.0	882.5	1758.1	2636.6	3465.9
0.0	734.9	1600.5	2555.6	3418.9
0.0	609.5	1453.2	2437.9	3475.8
0.0	511.5	1469.7	2438.2	3485.0
0.0	415.7	1328.1	2381.0	3451.7
0.0	442.9	1354.8	2402.2	3402.9
109.0	482.1	1324.8	2344.9	3375.6
117.6	483.3	1315.5	2335.6	3355.4
114.4	664.0	1355.4	2403.4	3346.3
109.9	1047.5	1873.3	2722.9	3435.4
79.0	839.0	1907.8	2672.5	3424.2
100.8	893.7	1929.4	2702.8	3520.1
0.0	793.7	1780.6	2678.1	3512.6
0.0	719.1	1829.8	2660.5	3481.1
0.0	768.5	1749.3	2652.0	3558.8
0.0	985.4	1970.3	2673.1	3486.0
0.0	1037.3	2037.2	2693.4	3483.4
0.0	730.0	1916.0	2712.5	3490.6
0.0	432.6	1806.9	2700.3	3483.0
0.0	898.1	1797.9	2656.1	3488.3
0.0	1030.1	1734.8	2523.2	3451.1
375.0	597.6	1584.3	2440.4	3477.3
0.0	441.6	1577.0	2394.1	3462.9
0.0	474.1	1605.8	2384.8	3453.1
153.8	469.5	1634.3	2367.4	3468.1
157.9	511.3	1701.3	2354.1	3476.9
158.7	449.4	1767.5	2316.2	3517.9
159.7	486.3	1797.6	2293.1	3576.9
159.6	420.9	1844.6	2212.3	3652.4
156.7	405.6	1909.7	2149.5	3670.7
152.6	411.3	1893.9	2134.6	3699.0
151.8	346.1	1910.9	2127.1	3677.4
75.9	351.2	1958.8	2124.9	3614.7
155.0	342.5	1956.9	2139.2	3508.9
147.5	405.9	1922.9	2141.5	3384.8
144.0	356.5	1994.6	2147.5	3217.7
141.8	346.7	1975.8	2168.9	3208.7
135.5	356.0	1880.2	2171.4	3228.5
132.3	378.2	1864.2	2109.3	3249.6
130.7	400.9	1792.1	2043.7	3217.1
125.6	368.6	1712.9	2006.8	3178.2
120.3	401.7	1662.3	1968.0	3150.3
116.9	415.8	1580.2	1884.0	3128.5
114.1	436.7	1528.4	1838.9	3099.0
110.4	431.8	1492.6	1783.0	3069.3
107.0	432.1	1424.4	1795.2	3087.6
104.7	464.2	1460.6	2201.2	3176.9
102.8	433.8	1562.1	2555.5	3457.1
99.2	1012.0	1740.3	2531.0	3432.0
96.9	992.2	1758.9	2504.9	3464.4
91.6	946.0	1732.1	2405.6	3565.3
0.0	990.0	1814.4	2469.1	3493.4
461.5	923.3	1760.1	2520.2	3316.1
0.0	715.9	1633.5	2430.4	3272.8
0.0	1316.6	1915.7	2543.4	3446.2
136.4	1168.9	1910.8	2510.2	3469.5
0.0	1031.3	1875.3	2641.1	3410.0
0.0	794.1	1612.1	2619.2	3398.6
0.0	661.3	1420.5	2485.1	3415.2
0.0	591.1	1303.9	2307.8	3338.2
0.0	598.1	1247.4	2287.7	3312.5
137.5	619.0	1259.6	2296.1	3394.6
133.3	631.6	1292.6	2331.2	3474.0
129.0	649.7	1302.8	2363.1	3426.3
133.3	675.7	1287.7	2343.4	3303.6
133.3	687.7	1298.7	2338.9	3224.5
137.9	701.1	1320.3	2337.3	3253.5
137.9	703.3	1337.2	2338.2	3216.0
137.9	715.7	1355.1	2334.1	3183.3
141.2	713.6	1347.7	2312.8	3208.6
142.9	711.2	1357.1	2319.0	3194.1
141.2	708.1	1348.1	2317.7	3237.7
141.2	705.0	1352.5	2322.3	3240.9
139.5	704.6	1378.2	2317.5	3210.1
137.9	696.0	1393.8	2298.8	3239.4
136.4	688.0	1391.9	2333.3	3303.0
131.9	678.1	1384.6	2291.4	3349.4
126.8	660.0	1369.3	2252.2	3387.1
123.2	639.1	1317.4	2222.1	3411.6
120.1	596.1	1311.8	2191.0	3401.9
117.5	535.1	1272.2	2148.4	3423.3
115.6	466.7	1228.2	2083.6	3409.6
113.2	447.8	1214.4	2093.9	3434.3
109.3	397.1	1223.3	2148.4	3416.8
111.1	382.1	1200.2	2179.3	3252.9
111.8	410.9	1264.6	2146.0	3239.7
113.2	426.1	1274.5	2149.5	3300.8
113.5	383.7	1316.4	2285.8	3363.7
113.6	429.3	1364.4	2325.5	3448.9
116.2	436.9	1404.7	2359.6	3501.9
113.1	411.3	1424.1	2442.2	3524.8
112.9	752.4	1573.5	3036.8	3754.9
108.8	703.2	1719.2	3228.9	3801.6
105.3	522.7	1807.3	3278.2	3836.5
99.2	436.5	1768.1	3310.6	3877.6
0.0	781.0	1870.6	3243.4	3897.5
113.2	1077.6	1917.6	3122.3	3921.9
0.0	759.5	1740.5	3040.6	3734.0
0.0	584.0	1604.5	2826.6	3555.6
0.0	500.6	1511.8	2449.8	3457.0
0.0	466.9	1435.6	2261.6	3343.0
110.1	470.0	1298.4	2213.4	3304.4
111.0	487.4	1218.7	2227.4	3423.9
109.5	458.1	1281.6	2265.6	3674.0
106.9	677.4	1409.1	2268.8	3801.1
108.5	352.4	1298.5	2355.2	3802.8
105.8	328.4	1399.4	2380.7	3750.3
105.0	371.8	1408.6	2288.3	3713.8
103.4	451.5	1357.8	2296.1	3658.3
106.2	606.9	1431.0	2349.7	3520.7
116.5	649.5	1364.3	2305.2	3451.3
0.0	640.6	1449.1	2311.2	3213.3
215.2	243.6	1577.4	2503.4	3342.0
117.0	1193.4	1803.3	2653.8	3540.1
0.0	730.2	1656.0	2515.2	3404.6
0.0	773.1	1598.6	2532.8	3336.2
0.0	686.3	1295.6	2406.0	3216.0
0.0	747.0	1423.1	2435.5	3158.9
157.9	727.3	1283.9	2323.7	3089.0
0.0	646.3	1201.3	2304.7	3130.3
0.0	639.1	1345.8	2332.3	3302.0
571.4	616.0	1355.5	2495.1	3369.7
428.6	579.3	1334.8	2475.0	3461.5
0.0	463.7	720.9	2326.7	3341.3
155.6	424.7	649.5	2113.8	3164.1
129.0	427.1	663.9	2113.1	3185.1
129.7	411.2	677.7	2086.0	3144.4
127.6	466.5	772.6	1981.4	3095.7
126.4	459.3	841.4	1904.0	3054.9
126.0	453.6	903.3	1857.7	3122.6
125.6	443.6	980.9	1751.0	3242.1
124.6	459.1	1075.4	1666.7	3254.3
123.7	434.5	1182.7	1573.8	3184.9
122.1	373.1	1258.2	1518.1	3177.7
117.9	426.6	1329.0	1784.2	3240.8
0.0	461.0	1338.3	2112.9	3254.0
123.4	460.0	1352.2	2316.5	3287.7
121.5	462.1	1380.7	2311.7	3325.7
122.2	466.5	1426.5	2293.0	3308.8
121.5	470.7	1444.2	2288.0	3313.3
120.9	470.7	1463.7	2278.0	3367.1
119.0	461.1	1500.1	2281.3	3370.2
117.9	468.7	1434.2	2227.0	3371.2
114.8	465.6	1259.5	2255.6	3379.1
113.8	479.2	1260.4	2330.4	3306.0
115.7	297.9	1294.4	2403.8	3278.9
113.5	319.3	1395.1	2469.9	3493.7
112.9	350.0	1319.6	2406.9	3515.7
111.7	474.6	1497.0	2300.4	3442.8
222.7	506.7	1566.6	2215.6	3492.5
224.8	467.5	1595.7	2219.2	3430.9
107.7	506.7	1601.8	2370.4	3519.1
106.7	517.3	1619.4	2392.8	3566.5
106.1	478.9	1628.8	2341.7	3503.4
105.6	460.2	1579.9	2263.2	3476.2
104.7	470.1	1557.2	2266.9	3456.7
103.6	461.4	1450.0	2215.1	3417.0
103.0	416.5	1061.6	2210.9	3117.3
101.6	436.9	1046.9	2209.9	3043.0
103.4	442.4	1100.9	2198.5	3058.6
104.6	413.4	1114.7	2244.5	3275.2
104.5	474.4	1563.5	2273.5	3549.9
105.5	475.3	1647.0	2213.4	3642.1
108.7	475.7	1711.6	2156.3	3646.9
108.4	487.9	1733.7	2267.5	3586.3
108.0	484.7	1739.4	2233.3	3628.6
110.2	474.6	1704.5	2187.1	3677.8
110.9	456.9	1654.5	2150.9	3630.0
113.0	449.6	1641.5	2161.0	3626.8
112.4	470.2	1622.1	2209.8	3583.3
112.2	506.5	1299.5	2240.6	3365.6
111.5	473.3	1254.3	2234.2	3195.4
111.5	254.2	1076.3	2252.0	3225.7
114.0	433.3	1173.6	2269.9	3171.5
114.3	384.5	1748.8	2291.1	3118.2
111.7	564.4	1899.5	2391.9	3322.9
110.5	565.6	1618.0	2345.5	3435.1
112.1	745.6	1730.4	2519.5	3144.8
151.9	738.4	2012.7	2661.9	3306.6
155.8	1321.8	2143.3	2736.1	3464.9
0.0	859.6	2080.9	2669.6	3439.7
0.0	884.4	2094.3	2687.0	3320.3
0.0	866.8	2146.8	2734.3	3367.0
0.0	634.9	1970.9	2679.9	3321.0
190.5	698.5	1898.2	2452.1	3205.2
150.0	754.6	1895.5	2470.1	3197.7
230.8	757.9	1921.8	2579.3	3366.3
81.1	852.6	1932.5	2367.4	3361.5
400.0	816.6	1545.5	2012.6	3077.7
0.0	494.3	1418.5	1796.8	3035.3
0.0	514.1	1322.5	1726.2	3028.4
123.7	545.9	1264.9	1718.9	3003.7
120.0	557.6	1225.0	1732.5	3089.6
0.0	584.9	1288.1	1724.8	3301.3
0.0	608.5	1262.1	1710.1	3426.4
0.0	601.1	1220.1	1686.7	3449.8
0.0	592.8	1229.9	1638.3	3340.3
222.2	598.4	1232.7	1636.4	3314.6
0.0	579.3	1216.9	1641.6	3320.9
210.5	550.6	1259.0	1635.9	3289.1
102.6	562.4	1288.4	1637.2	3316.4
98.4	584.1	1327.2	1651.8	3310.8
100.8	583.4	1361.2	1694.7	3099.1
99.2	602.7	1464.6	1778.2	3183.9
97.6	577.2	1496.4	1850.2	3530.8
97.3	547.7	1547.6	2176.5	3504.5
100.0	520.1	1479.2	2392.1	3584.2
229.5	386.7	1424.6	2462.1	3561.7
222.2	1065.9	1842.2	2597.3	3460.9
80.0	514.6	1266.9	2338.5	3307.4
0.0	435.7	1398.7	2322.4	3303.0
214.3	675.9	1637.6	2544.9	3458.4
116.5	938.1	1621.2	2606.3	3522.4
77.9	894.9	1642.4	2423.8	3403.2
0.0	851.6	1676.5	2343.9	3387.1
285.7	876.2	1663.3	2410.5	3414.9
0.0	785.6	1667.8	2446.6	3371.2
75.5	766.0	1506.2	2541.1	3145.5
0.0	926.3	1565.4	2903.6	3265.2
0.0	924.3	1879.0	2958.3	3401.3
0.0	899.0	2301.4	3162.3	3524.7
0.0	852.3	2352.7	3151.0	3639.6
235.3	777.5	2136.2	3070.6	3642.7
0.0	811.5	2028.2	3026.2	3486.0
0.0	835.6	1912.4	3038.6	3405.1
0.0	559.6	1632.5	3059.8	3272.7
230.8	885.6	1708.8	3114.0	3366.8
133.3	762.4	1657.7	3047.2	3345.9
83.9	782.4	1595.6	2867.7	3319.8
0.0	752.3	1531.4	2786.1	3313.6
0.0	654.1	1321.1	2697.8	3257.8
82.8	708.3	1360.7	2872.7	3262.9
85.1	710.4	1342.7	2818.5	3197.7
68.2	537.8	1259.3	2478.0	3243.8
0.0	630.2	1255.1	2512.4	3238.9
97.6	672.4	1271.5	2493.5	3290.3
71.4	615.4	1283.2	2526.9	3369.9
272.7	546.8	1272.1	2457.8	3369.1
272.7	501.6	1342.4	2379.1	3234.6
