0.0	0.0	0.0	0.0	0.0
0.0	0.0	0.0	0.0	0.0
0.0	0.0	0.0	0.0	0.0
0.0	805.9	1797.2	2569.2	3353.5
0.0	821.1	1712.3	2597.9	3394.2
0.0	546.2	1610.0	2634.0	3373.0
0.0	730.5	1603.2	2613.7	3290.0
0.0	746.2	1687.8	2556.4	3320.5
0.0	673.4	1776.8	2603.3	3429.7
181.8	703.9	1751.0	2601.8	3445.9
0.0	731.0	1830.5	2650.5	3477.6
0.0	646.6	1763.0	2677.5	3518.2
0.0	732.6	1756.3	2722.2	3491.4
190.5	740.5	1821.9	2648.7	3376.9
211.7	706.9	1927.3	2674.5	3326.1
0.0	878.3	2005.3	2717.3	3360.5
0.0	862.4	2030.7	2689.6	3374.4
0.0	841.0	2072.3	2761.4	3431.9
0.0	703.3	2082.6	2742.5	3432.0
0.0	704.9	2005.7	2689.5	3450.9
128.5	647.5	2109.4	2696.5	3521.4
387.1	500.0	2118.0	2712.5	3419.8
0.0	377.2	2167.8	2773.4	3501.7
137.3	423.5	2195.7	2819.1	3570.9
120.0	413.5	2225.7	2809.6	3551.8
118.6	424.0	2241.1	2746.7	3502.3
114.1	406.1	2257.4	2732.5	3505.1
112.0	348.9	2261.4	2753.4	3421.4
112.2	310.3	2265.3	2742.6	3483.0
110.9	289.0	2233.7	2764.5	3420.3
107.5	850.9	2084.1	2797.3	3318.6
102.0	985.3	2026.5	2711.8	3327.3
118.8	1035.3	2060.1	2677.2	3323.2
104.3	1484.3	2174.8	2697.9	3341.6
0.0	710.4	1996.2	2697.8	3397.4
0.0	1100.0	2046.9	2672.9	3379.4
285.7	1114.4	2026.0	2543.3	3346.6
0.0	1448.5	2249.4	2575.9	3464.4
0.0	1111.2	2156.5	2598.7	3428.5
0.0	1200.2	2100.3	2706.6	3359.6
0.0	1264.2	2042.2	2726.5	3346.9
0.0	1500.5	2000.5	2824.1	3315.6
0.0	1552.6	1965.1	2810.1	3288.0
375.0	1414.9	1846.2	2555.2	3281.2
0.0	1351.0	1710.2	2451.9	3294.5
0.0	1373.1	1798.5	2669.8	3450.9
444.4	1272.8	1664.1	2646.1	3406.5
413.8	1216.2	1738.2	2530.3	3251.0
0.0	495.4	1273.7	2212.0	3073.6
0.0	470.3	1150.2	1585.1	3109.2
109.5	461.2	1144.5	1504.3	3100.0
115.4	469.8	1168.6	1499.8	3087.4
114.3	475.2	1215.1	1495.6	3105.6
115.5	478.1	1281.3	1609.5	3101.3
116.5	490.9	1347.9	1731.3	3053.3
118.2	525.8	1377.5	1895.9	3000.0
118.1	565.7	1393.4	2066.5	3537.5
117.9	602.5	1383.8	2152.9	3789.7
116.6	634.4	1412.8	2258.0	3850.7
114.4	631.7	1432.8	2381.1	3863.1
114.1	643.2	1443.1	2420.8	3851.6
113.9	644.7	1453.2	2432.3	3792.3
113.4	645.0	1459.6	2438.0	3806.2
112.8	636.9	1460.8	2466.4	3858.8
111.9	634.5	1483.5	2464.7	3887.9
110.1	627.6	1530.3	2453.4	3834.6
108.4	621.7	1567.6	2430.5	3763.3
106.5	601.4	1593.8	2417.7	3689.2
105.2	543.8	1636.7	2408.7	3709.3
105.2	510.9	1687.6	2400.4	3564.4
105.9	473.7	1727.5	2363.5	3427.7
102.6	498.5	1763.2	2390.5	3317.3
100.8	319.3	1765.6	2318.4	3303.1
69.4	338.6	1810.6	2288.9	3357.1
104.3	343.2	1683.8	2282.1	3313.2
103.4	357.3	1492.7	2259.7	3277.9
102.4	364.6	1118.5	2255.5	3243.9
101.4	367.4	1168.8	2278.8	3309.2
101.1	317.8	1286.2	2310.7	3400.4
98.9	279.8	1387.8	2440.2	3356.2
94.4	263.6	1491.4	2525.6	3265.0
88.1	924.8	1792.6	2699.8	3311.5
129.0	885.5	1717.4	2741.8	3450.4
387.1	714.1	1864.4	2541.2	3504.5
107.1	771.3	2010.9	2520.3	3477.4
103.4	703.2	2024.3	2439.4	3424.8
130.4	641.7	1703.5	2289.7	3334.7
105.3	890.3	1694.7	2750.9	3439.5
0.0	806.5	1790.0	2771.6	3408.5
0.0	944.0	1804.0	2633.8	3353.2
0.0	533.2	1746.8	2539.1	3333.1
0.0	455.3	1791.8	2633.4	3353.5
390.6	599.8	1820.6	2653.6	3401.9
400.0	786.0	2143.7	2768.5	3485.4
95.2	670.2	2104.5	2682.8	3317.3
0.0	752.3	2074.8	2656.8	3402.1
0.0	672.4	2047.9	2614.5	3410.1
0.0	746.7	2027.6	2557.3	3482.0
133.9	600.3	1908.7	2572.3	3489.7
127.5	588.3	1871.1	2504.3	3392.0
123.3	576.7	1863.0	2479.5	3440.1
118.8	607.8	1863.1	2462.3	3608.3
111.5	616.7	1844.4	2503.6	3670.0
109.4	634.3	1837.0	2481.0	3761.8
108.6	636.0	1819.4	2455.7	3775.7
109.4	642.7	1812.8	2452.7	3742.8
109.1	653.0	1800.2	2466.3	3667.9
108.1	650.6	1799.1	2461.7	3630.6
107.9	652.4	1815.8	2475.2	3592.9
106.9	659.6	1827.6	2470.8	3553.2
107.4	632.2	1837.1	2457.8	3512.9
106.1	627.6	1833.4	2496.0	3730.7
106.3	595.4	1841.1	2509.7	3769.2
106.3	559.8	1864.0	2536.9	3719.3
106.0	527.2	1895.4	2568.8	3697.7
105.6	497.5	1907.7	2575.2	3655.8
104.7	468.3	1917.0	2642.2	3616.6
104.9	448.5	1921.7	2636.5	3412.3
103.0	436.7	1926.3	2654.7	3319.0
101.4	421.9	1957.4	2606.8	3363.2
99.4	453.6	2029.0	2586.3	3361.1
97.9	482.7	1895.5	2624.3	3267.4
93.0	1587.2	2294.4	2762.5	3377.1
84.6	1572.7	2320.4	2875.8	3334.0
99.2	1141.4	1984.4	2485.5	3315.2
0.0	766.4	1866.1	2501.4	3365.4
0.0	918.5	1888.7	2594.9	3319.9
0.0	1303.7	2181.9	2707.0	3253.9
0.0	596.8	1804.9	2346.5	3217.6
0.0	608.8	1715.7	2306.7	3235.7
130.4	497.1	1590.1	2153.9	3157.3
102.6	444.8	1502.8	2110.9	3101.3
99.2	470.4	1423.7	2060.0	3094.6
97.2	475.5	1342.4	2181.4	3094.0
91.2	488.4	1250.6	2233.2	3133.0
89.7	500.2	1219.2	2242.8	3191.0
88.8	539.3	1162.5	2318.7	3225.4
88.5	551.1	1124.0	2354.1	3207.7
88.2	554.4	1091.2	2442.6	3168.9
87.6	522.1	1071.1	2504.4	3161.6
87.6	502.1	1052.4	2521.3	3341.3
88.3	499.9	1012.6	2552.8	3567.3
87.9	500.9	993.9	2554.5	3560.1
88.9	492.2	1005.7	2560.0	3521.7
89.6	468.5	1017.8	2522.9	3488.2
90.1	461.6	1053.4	2469.8	3453.4
90.5	491.0	1136.5	2519.8	3447.5
90.4	561.8	1299.7	2553.3	3526.2
92.8	617.5	1458.9	2504.1	3485.6
90.5	642.0	1574.3	2562.6	3437.5
90.9	581.5	1687.2	2592.1	3495.4
91.3	505.9	1748.5	2574.1	3502.5
91.1	479.1	1837.3	2595.6	3489.8
91.8	463.6	1933.3	2620.3	3455.4
90.5	446.0	2014.6	2630.1	3430.7
90.7	436.1	2104.2	2664.2	3556.2
90.5	421.1	2168.8	2599.7	3616.3
90.9	462.2	2190.5	2585.1	3490.1
91.3	535.5	2199.6	2680.1	3290.3
92.5	641.0	2126.7	2693.2	3322.6
103.0	687.6	2161.7	2651.9	3438.3
96.1	818.9	2189.3	2543.4	3303.0
94.5	858.9	2278.5	2588.0	3277.8
98.4	833.8	2246.3	2647.9	3353.7
113.2	880.2	1886.4	2576.1	3428.8
285.7	795.4	1561.1	2548.7	3308.7
285.7	735.0	1668.2	2470.6	3259.9
162.2	878.0	1751.4	2245.0	3223.1
0.0	937.6	1725.0	2241.9	3170.9
0.0	972.2	1638.5	2193.6	3160.3
260.9	818.9	1630.8	2320.9	3250.2
292.7	757.7	1600.0	2350.2	3261.9
0.0	742.5	1547.0	2260.0	3315.3
