0.0	0.0	0.0	0.0	0.0
0.0	0.0	0.0	0.0	0.0
0.0	0.0	0.0	0.0	0.0
0.0	852.4	1775.2	2746.3	3302.2
0.0	796.3	1794.1	2667.3	3350.2
0.0	678.4	1763.1	2608.1	3496.0
0.0	764.2	1860.2	2669.7	3494.1
0.0	773.6	1769.0	2695.2	3508.6
0.0	637.4	1510.4	2594.3	3383.1
0.0	893.9	1752.7	2571.7	3292.1
0.0	559.2	1810.0	2482.1	3339.4
0.0	735.8	1809.5	2577.7	3418.6
0.0	1025.4	1770.8	2593.2	3413.6
0.0	914.4	1789.1	2621.7	3488.4
0.0	854.1	1876.9	2607.7	3524.5
0.0	835.8	1897.7	2599.7	3530.0
0.0	843.1	1760.5	2668.4	3482.2
0.0	865.1	1680.8	2679.1	3477.8
307.7	793.7	1651.1	2601.4	3478.0
0.0	607.1	1418.6	2546.6	3459.2
0.0	577.4	1356.7	2580.4	3546.5
0.0	556.8	1371.5	2591.1	3627.4
0.0	548.3	1356.8	2622.4	3724.6
111.2	556.1	1372.0	2591.8	3614.9
111.2	563.6	1374.0	2630.1	3547.5
111.3	561.0	1292.8	2657.6	3510.9
111.9	536.2	1221.9	2688.8	3507.9
112.1	456.5	1066.2	2770.1	3356.4
109.8	428.9	1035.6	2707.1	3257.8
111.4	418.4	1030.7	2714.9	3315.1
112.4	415.3	1004.2	2638.3	3112.2
112.0	426.1	996.0	2556.3	3046.2
113.0	416.8	1016.6	2563.9	3187.0
114.1	437.4	1009.1	2549.2	3182.8
114.3	466.2	1171.1	2625.0	3322.6
118.0	485.8	1352.4	2666.6	3521.6
122.1	490.9	1509.2	2671.7	3551.2
124.1	489.8	1597.6	2698.1	3568.0
127.3	486.4	1677.8	2718.5	3543.6
129.7	475.0	1736.9	2738.8	3598.8
135.9	453.5	1789.7	2745.1	3636.4
138.2	447.1	1814.4	2733.1	3592.1
141.2	441.3	1844.2	2738.5	3565.7
143.7	437.5	1868.4	2756.8	3595.5
145.8	433.6	1896.1	2744.5	3583.7
147.9	470.8	1942.4	2729.7	3608.4
149.7	426.6	2001.6	2686.5	3548.1
149.9	400.2	2091.1	2601.8	3499.2
150.6	360.8	2095.3	2414.3	3442.8
149.0	371.5	2112.0	2335.5	3375.6
146.9	412.5	2129.5	2339.0	3500.7
144.2	293.5	1974.4	2292.4	3330.3
72.0	288.2	1890.3	2284.7	3230.0
71.0	293.4	1772.1	2274.6	3157.8
145.9	768.9	1675.1	2320.6	3218.7
143.3	771.2	1376.5	2307.1	3295.6
139.2	756.2	1352.7	2291.3	3221.7
133.3	722.2	1411.8	2409.9	3303.0
0.0	698.4	1447.8	2528.1	3568.8
0.0	1065.8	1735.7	2857.8	4181.9
121.2	982.2	1658.7	2905.6	4192.7
0.0	810.7	1646.7	2865.0	3810.6
0.0	943.2	1767.0	2850.6	3836.3
571.4	833.4	1720.4	2676.3	3696.7
0.0	726.5	1577.2	2577.3	3793.1
307.7	556.2	1485.3	2518.8	3791.7
240.0	517.7	1463.5	2397.8	3643.0
0.0	504.2	1469.5	2325.9	3527.4
129.8	505.4	1443.0	2206.3	3434.0
128.1	495.6	1407.6	2073.9	3429.7
123.6	503.6	1373.5	1985.3	3486.1
122.4	507.2	1369.9	1905.2	3514.5
121.7	505.6	1364.7	1854.2	3535.3
121.6	497.5	1352.3	1824.2	3588.7
121.3	501.9	1321.6	1811.8	3632.0
121.2	524.1	1319.9	1834.5	3618.9
119.3	518.3	1320.7	1969.4	3462.8
117.3	524.2	1425.8	2368.2	3316.4
113.5	763.0	1676.1	2557.9	3322.6
107.6	655.7	1738.2	2619.0	3388.0
0.0	693.3	1833.7	2776.4	3531.4
214.3	614.5	1730.7	2676.9	3471.5
0.0	506.1	1554.6	2622.1	3362.6
0.0	707.3	1593.7	2746.6	3475.3
0.0	686.6	1781.8	2658.8	3422.1
0.0	825.1	1729.6	2562.9	3387.9
0.0	1017.3	1677.1	2712.1	3504.7
117.6	978.2	1685.1	2689.1	3517.7
0.0	1000.6	1687.4	2630.5	3428.6
0.0	956.8	1639.4	2600.3	3296.3
96.0	1037.4	1727.6	2608.1	3493.5
0.0	937.2	1745.4	2631.1	3443.1
0.0	882.3	1568.6	2647.6	3373.9
0.0	480.9	955.4	2519.1	3491.6
157.8	457.3	958.4	2493.1	3489.8
152.4	455.7	884.8	2537.6	3538.3
158.0	456.2	844.3	2569.3	3451.2
160.7	469.0	837.2	2560.0	3416.6
164.1	475.1	844.9	2597.6	3576.8
165.1	471.8	851.7	2561.0	3635.1
167.0	460.9	871.9	2595.9	3607.6
166.5	466.7	938.1	2545.0	3642.1
164.9	491.1	915.4	2583.4	3601.4
160.3	466.8	856.3	2564.5	3708.2
158.3	473.9	1004.1	2511.6	3699.9
154.9	498.7	985.6	2450.7	3622.5
146.7	562.9	1067.1	2489.4	3718.6
141.0	534.4	1072.8	2523.3	3621.3
135.9	517.7	1083.3	2484.8	3652.9
128.8	493.1	1477.5	2528.8	3444.3
122.5	407.3	1580.1	2499.9	3424.8
111.4	507.4	1572.1	2514.3	3433.8
104.7	652.9	1631.0	2653.6	3457.4
0.0	822.6	1672.0	2580.7	3438.0
123.7	768.5	1623.0	2393.1	3437.3
0.0	982.7	1659.9	2513.5	3428.4
63.5	1003.4	1630.5	2552.9	3360.4
0.0	630.8	1443.5	2609.6	3395.2
0.0	834.8	1547.3	2428.8	3368.7
0.0	808.3	1691.7	2183.9	3382.8
136.4	739.1	1784.9	2307.7	3364.0
0.0	502.5	1736.1	2259.8	3316.3
0.0	469.7	1725.4	2281.2	3335.4
105.3	511.5	1639.0	2302.8	3358.2
105.5	558.1	1532.7	2352.1	3430.2
104.8	572.2	1436.1	2338.5	3506.2
102.2	602.9	1382.8	2312.2	3572.7
100.7	616.4	1334.2	2332.6	3562.5
99.4	627.6	1297.2	2340.7	3537.0
98.4	635.3	1275.8	2342.3	3564.4
97.7	629.6	1283.8	2311.0	3517.8
97.5	629.4	1295.9	2277.9	3495.8
97.7	625.8	1333.5	2269.7	3491.1
97.8	622.5	1413.3	2285.2	3506.1
97.9	618.6	1474.4	2283.4	3546.8
97.8	614.7	1539.6	2303.8	3539.1
96.5	659.3	1600.3	2351.9	3551.4
94.8	583.0	1680.2	2386.1	3563.6
94.4	562.4	1711.0	2370.8	3580.4
92.7	521.4	1763.7	2420.8	3666.3
92.3	514.1	1808.5	2454.3	3670.5
93.0	513.2	1794.6	2463.2	3674.1
93.7	495.0	1778.7	2478.6	3697.4
94.7	458.7	1781.7	2496.5	3741.5
95.8	474.8	1677.9	2498.0	3804.3
94.8	475.6	1622.7	2514.1	3710.4
92.8	445.7	1604.2	2502.2	3504.6
90.7	471.0	1570.7	2521.4	3395.3
88.2	529.3	1616.3	2636.3	3533.3
90.2	623.3	1680.0	2654.8	3572.4
87.6	735.3	1692.8	2683.3	3581.5
400.0	1081.6	1761.4	2772.8	3648.1
93.0	1186.2	1634.7	2740.5	3705.4
125.0	1017.8	1754.6	2742.8	3698.0
0.0	987.7	1774.7	2825.2	3630.7
0.0	916.3	1913.5	2815.7	3542.3
0.0	822.3	1885.9	2913.1	3370.1
0.0	963.7	1824.1	3025.6	3464.9
0.0	720.8	1670.8	2887.4	3464.7
0.0	440.0	1007.3	2927.8	3492.6
109.1	483.6	971.0	2909.0	3660.1
93.8	514.1	943.0	2714.5	3738.3
93.0	550.3	991.6	2718.7	3846.0
93.2	597.2	1072.9	2746.9	3868.1
93.4	635.5	1156.0	2725.2	3806.7
93.9	660.7	1216.3	2691.6	3690.6
93.9	663.6	1329.2	2678.4	3587.4
94.3	670.0	1468.9	2625.7	3595.4
93.3	655.0	1538.6	2606.5	3617.1
91.9	629.9	1652.7	2579.1	3626.5
90.1	568.6	1718.2	2508.8	3641.7
89.7	535.0	1761.8	2466.2	3674.9
89.0	488.4	1818.1	2409.5	3635.9
89.2	380.0	1752.1	2315.2	3310.6
88.4	364.9	1548.4	2268.4	3225.2
85.7	282.6	1489.8	2386.5	3266.9
77.9	566.2	1570.8	2449.5	3329.0
100.8	812.1	1538.7	2453.3	3399.4
206.9	865.9	1725.2	2460.1	3435.2
71.1	1074.1	1760.9	2705.0	3535.5
0.0	1045.8	1737.9	2775.1	3607.2
0.0	845.3	1632.2	2738.8	3513.7
480.0	748.2	1548.2	2769.9	3522.9
0.0	755.1	1628.3	2710.7	3716.4
0.0	734.2	1801.1	2818.8	3696.3
571.4	978.1	1914.6	2913.5	3811.2
0.0	845.8	1669.8	2553.4	3723.5
230.8	741.3	1530.3	2435.0	3411.2
266.7	611.2	1488.0	2417.8	3507.1
0.0	591.8	1501.0	2406.3	3707.3
0.0	598.8	1515.5	2420.4	3717.1
94.3	639.5	1523.5	2417.7	3704.1
92.7	631.6	1513.6	2424.1	3729.3
91.6	612.0	1524.5	2447.1	3731.2
89.7	645.0	1524.5	2448.7	3758.1
88.7	646.2	1541.2	2440.3	3682.2
86.7	657.2	1553.2	2446.1	3644.9
86.2	680.8	1539.5	2461.9	3686.7
85.0	675.2	1526.5	2496.2	3672.0
83.1	685.0	1515.9	2514.9	3664.1
80.0	691.9	1518.7	2524.9	3619.9
71.8	689.6	1517.7	2545.1	3609.2
71.4	687.4	1509.8	2556.6	3618.6
66.3	688.3	1509.5	2580.4	3560.8
0.0	697.9	1512.9	2574.3	3566.5
0.0	660.8	1493.4	2580.5	3585.0
0.0	659.1	1496.0	2570.0	3672.5
0.0	650.1	1523.5	2571.0	3579.1
108.1	668.0	1560.5	2597.6	3594.2
73.2	687.4	1543.1	2599.1	3640.1
0.0	722.4	1520.0	2475.7	3436.4
0.0	243.6	1477.2	2450.3	3333.9
0.0	679.8	1622.9	2504.7	3332.0
101.5	715.2	1736.5	2564.1	3469.8
0.0	965.8	1659.6	2509.9	3499.2
0.0	1033.4	1695.4	2514.8	3539.7
0.0	762.6	1618.0	2548.4	3639.0
176.5	738.9	1647.6	2593.6	3722.0
0.0	882.1	1623.2	2548.8	3701.0
375.0	788.8	1588.9	2559.6	3609.4
324.3	784.0	1651.9	2574.0	3560.9
72.3	788.2	1646.5	2606.4	3653.7
0.0	747.9	1631.8	2623.8	3621.1
0.0	776.0	1619.3	2594.1	3548.2
0.0	708.4	1624.2	2556.7	3611.4
210.5	809.3	1624.7	2588.8	3631.2
0.0	798.5	1615.4	2626.3	3532.3
0.0	779.7	1619.2	2661.6	3555.9
151.9	796.6	1682.1	2652.9	3570.1
157.9	664.1	1656.1	2573.3	3509.4
0.0	584.2	1578.4	2570.8	3505.1
0.0	903.4	1638.0	2658.9	3480.7
315.8	913.9	1639.3	2672.6	3510.6
121.2	835.0	1584.2	2660.9	3490.1
0.0	724.4	1521.6	2621.6	3456.2
151.9	677.7	1517.7	2709.7	3515.6
0.0	584.7	1549.4	2740.2	3500.4
0.0	586.9	1564.1	2783.0	3403.8
210.5	825.4	1553.3	2652.8	3330.0
85.7	703.4	1543.3	2605.0	3329.5
0.0	723.4	1568.6	2677.4	3384.1
0.0	676.7	1628.7	2652.9	3446.0
0.0	669.1	1635.1	2641.1	3460.1
