0.0	0.0	0.0	0.0	0.0
0.0	0.0	0.0	0.0	0.0
0.0	0.0	0.0	0.0	0.0
0.0	578.3	1611.8	2349.3	3153.2
0.0	881.3	1691.4	2508.1	3319.3
0.0	876.2	1809.7	2593.5	3429.8
0.0	917.9	1771.2	2591.3	3442.3
0.0	824.5	1668.0	2461.0	3468.5
0.0	823.1	1734.6	2514.3	3497.1
0.0	878.1	1777.1	2560.3	3333.9
0.0	806.7	1619.2	2575.2	3381.0
0.0	885.2	1728.5	2657.3	3568.6
0.0	869.7	1821.6	2663.1	3545.9
0.0	860.7	1836.6	2622.9	3504.5
0.0	838.8	1664.7	2466.9	3412.3
0.0	770.1	1654.2	2575.2	3250.0
0.0	701.4	1749.7	2457.9	3203.0
0.0	906.9	2071.9	2640.3	3333.6
0.0	711.3	2080.5	2679.7	3310.5
0.0	697.8	2111.0	2662.0	3423.0
428.6	586.5	2127.2	2658.8	3507.2
235.3	485.5	2151.1	2673.2	3563.8
0.0	333.5	2146.4	2645.0	3540.6
173.7	333.6	2154.4	2657.4	3507.4
147.5	330.0	2184.5	2638.5	3581.3
141.7	347.5	2137.5	2578.9	3573.7
137.7	390.4	2059.5	2566.3	3578.1
131.9	841.6	1928.1	2648.6	3821.2
117.6	861.0	2035.7	2747.7	3944.2
0.0	675.0	1953.3	2832.3	4001.5
0.0	927.0	1864.0	2887.1	4014.6
0.0	864.8	1866.3	2875.9	3925.4
480.0	861.3	1931.8	3020.6	3824.9
200.0	1030.3	1869.9	3122.9	3683.3
0.0	852.9	1708.4	2754.8	3616.9
0.0	887.7	1654.1	2733.8	3452.2
500.0	924.8	1590.3	2668.6	3371.1
74.1	714.4	1356.2	2534.0	3411.7
69.8	737.1	1361.4	2465.3	3330.2
179.1	860.6	1482.0	2371.7	3248.8
0.0	924.0	1586.1	2320.7	3306.8
0.0	438.3	845.3	2273.4	3259.2
144.8	428.3	798.5	2272.7	3201.4
135.4	495.0	840.2	2393.7	3242.6
140.4	564.5	859.5	2478.3	3230.4
145.0	646.4	921.3	2610.2	3227.7
150.4	670.6	948.5	2680.3	3263.1
154.5	681.0	985.6	2706.3	3249.1
158.0	679.4	1005.1	2652.4	3226.8
162.1	682.7	1034.0	2682.7	3227.7
168.4	690.0	1074.6	2684.5	3214.0
174.2	690.3	1102.4	2635.2	3253.4
179.8	676.1	1151.1	2602.1	3321.6
183.1	616.8	1246.8	2536.3	3393.9
185.0	601.8	1313.3	2348.5	3370.2
181.1	526.3	1218.3	2311.5	3170.1
174.4	516.5	1155.9	2264.5	2991.1
171.2	528.1	1206.9	2292.8	3063.3
162.2	518.5	1182.5	2269.9	3294.1
154.4	627.1	1311.8	2176.1	3437.2
145.5	652.7	1448.4	2229.7	3420.3
135.5	628.8	1420.0	2221.7	3361.6
127.9	631.3	1364.5	2268.1	3300.1
121.7	674.2	1343.1	2228.8	3355.2
115.6	708.5	1341.8	2268.6	3405.2
112.7	710.6	1328.3	2362.0	3443.9
111.8	724.7	1285.8	2359.6	3361.8
112.7	667.5	1227.2	2314.9	3155.3
113.4	637.5	1159.8	2368.2	3178.1
114.5	616.3	1075.3	2187.9	3207.5
114.2	348.5	1097.5	2199.2	3468.9
104.8	210.9	1353.1	2272.8	3611.8
107.5	827.7	2079.0	2538.2	3588.3
104.3	978.1	2089.9	2679.4	3613.8
97.7	1013.2	1838.7	2541.1	3560.3
0.0	938.7	1746.8	2566.5	3441.8
0.0	751.9	1646.3	2589.2	3432.9
0.0	675.2	1338.6	2332.6	3332.7
0.0	584.1	1041.2	2191.0	3296.0
0.0	552.3	966.6	2212.0	3235.0
0.0	566.1	944.4	2204.1	3241.2
107.1	569.7	921.3	2219.8	3269.2
102.5	560.5	914.3	2185.2	3242.5
102.0	517.0	904.5	2171.5	3241.8
101.8	491.9	896.1	2167.4	3196.2
100.9	493.1	894.1	2147.8	3217.9
101.6	503.8	894.6	2141.9	3234.2
101.4	488.4	895.9	2088.6	3201.3
100.6	482.2	883.4	2071.7	3156.9
98.4	492.7	897.8	2074.4	3147.7
96.1	769.5	1107.5	2289.6	3237.7
93.8	584.0	1356.4	2459.1	3287.5
91.7	636.1	1543.4	2532.2	3327.7
92.3	679.2	1493.2	2531.2	3276.2
100.0	744.9	1621.4	2455.3	3295.4
103.3	498.1	1389.3	2251.6	3238.0
102.6	464.0	1388.9	2356.4	3281.9
111.4	425.9	1377.2	2395.9	3326.5
107.1	386.3	1315.4	2368.3	3315.2
104.3	517.1	1351.9	2340.8	3290.1
99.2	395.5	1364.6	2333.5	3305.6
100.8	424.2	1371.8	2377.9	3356.1
104.3	433.9	1413.6	2362.3	3320.4
113.2	450.9	1447.7	2321.8	3266.4
116.4	510.6	1440.6	2238.7	3234.9
117.6	494.2	1425.2	2190.2	3264.3
118.9	444.8	1366.4	2086.6	3351.3
121.0	474.0	1255.3	2028.5	3451.0
120.0	488.9	1201.7	2145.1	3374.1
115.0	739.3	1192.0	2226.9	3278.0
112.3	761.3	1295.2	2221.3	3253.7
107.7	718.1	1432.8	2358.2	3296.9
91.0	759.1	1369.7	2410.4	3325.5
104.3	786.8	1484.6	2436.4	3432.4
0.0	830.7	1520.1	2395.8	3279.6
0.0	814.9	1515.8	2370.3	3164.7
0.0	832.0	1320.0	2364.7	3182.4
0.0	914.9	1640.0	2525.5	3397.5
144.6	861.2	1248.0	2296.1	3351.3
0.0	403.8	942.8	2130.3	3454.0
0.0	423.7	999.8	2112.1	3370.9
158.0	420.3	1164.5	2085.1	3375.7
157.0	426.6	1355.7	2093.0	3375.9
160.4	413.2	1500.0	2137.4	3389.9
161.7	419.7	1696.6	2222.6	3361.8
163.4	390.3	1848.6	2379.7	3369.4
165.7	396.3	1900.2	2475.8	3385.3
168.5	374.6	1907.7	2513.0	3384.0
170.5	361.9	1927.3	2502.5	3391.8
171.0	369.4	1930.3	2497.2	3353.2
170.0	378.1	1942.6	2528.5	3367.8
168.1	379.7	1933.8	2531.5	3378.2
165.3	419.5	1929.4	2508.6	3376.1
158.7	438.7	1871.2	2441.4	3336.2
152.9	437.0	1803.5	2442.4	3341.5
139.4	452.7	1697.3	2411.3	3335.5
131.4	501.8	1593.6	2350.2	3285.9
121.8	523.7	1452.3	2339.8	3247.3
112.6	585.0	1365.8	2303.5	3238.3
104.6	608.6	1254.5	2271.5	3230.7
99.7	601.2	1159.5	2315.7	3256.9
92.5	628.6	1107.2	2358.4	3270.1
84.7	622.9	1060.6	2420.9	3340.2
84.3	664.3	1008.0	2476.7	3377.6
84.3	663.6	968.4	2522.5	3403.0
84.5	670.2	948.6	2538.6	3455.5
79.0	637.5	904.9	2540.2	3471.7
94.8	642.1	996.3	2613.8	3482.7
70.0	669.0	1019.0	2659.9	3447.2
117.9	669.5	1340.9	2616.6	3489.6
113.2	682.4	1489.6	2536.6	3442.9
107.3	738.8	1522.4	2606.6	3398.8
101.0	765.6	1819.4	2563.4	3373.3
94.7	773.5	1594.5	2457.5	3324.0
0.0	746.0	1474.0	2481.7	3303.2
0.0	773.2	1581.3	2441.7	3340.4
0.0	810.6	1639.3	2330.9	3328.2
230.8	753.5	1476.3	2269.3	3320.9
0.0	776.7	1488.0	2499.1	3458.5
