0.0	0.0	0.0	0.0	0.0
0.0	0.0	0.0	0.0	0.0
0.0	0.0	0.0	0.0	0.0
0.0	771.5	1662.6	2549.7	3435.1
0.0	740.0	1657.0	2506.3	3334.8
0.0	653.3	1612.1	2463.8	3286.7
0.0	882.3	1644.6	2531.4	3312.5
0.0	764.9	1636.2	2600.7	3350.7
0.0	697.7	1634.7	2529.9	3370.0
0.0	713.5	1754.7	2571.0	3345.4
0.0	684.9	1783.8	2648.1	3438.5
0.0	860.1	1819.4	2670.9	3519.5
0.0	797.3	1697.4	2577.6	3415.4
0.0	510.0	1638.7	2408.7	3374.0
250.0	803.6	1759.7	2545.8	3482.0
0.0	631.9	1727.9	2615.7	3507.3
0.0	678.4	1704.2	2591.4	3520.9
196.7	549.6	1647.7	2590.0	3491.6
375.0	624.9	1658.2	2662.3	3468.7
160.0	781.2	1685.5	2636.1	3456.1
0.0	594.3	1627.6	2518.5	3481.5
0.0	468.5	1674.8	2547.1	3365.7
127.7	493.6	1673.2	2565.2	3388.1
0.0	493.7	1771.4	2553.6	3459.4
147.4	479.5	1808.9	2517.1	3517.0
143.2	465.0	1808.3	2473.3	3480.2
146.1	449.1	1788.1	2370.6	3463.5
149.3	456.9	1705.4	2239.8	3441.8
152.2	433.4	1378.2	2085.9	3443.5
153.6	430.9	1113.0	2059.1	3439.7
155.3	386.0	864.6	2029.9	3384.9
154.5	377.6	783.1	2013.4	3402.4
154.1	394.4	781.1	2075.8	3390.9
152.3	389.3	783.2	1952.9	3247.5
148.6	414.1	832.8	1887.6	3281.7
143.2	432.5	898.2	1718.1	3353.7
137.5	409.1	972.4	1652.0	3331.1
130.5	419.4	1022.8	1628.6	3321.6
123.5	446.4	1051.0	1621.0	3263.7
117.9	456.5	1032.0	1652.7	3288.9
115.4	450.3	990.9	1719.6	3290.3
113.9	416.7	960.4	1737.6	3216.1
110.5	310.6	968.3	1967.5	3259.3
102.6	286.5	970.5	2193.8	3301.1
99.2	276.1	962.9	2126.6	3301.9
99.2	275.0	992.6	2132.0	3296.3
100.8	272.2	1074.0	2277.1	3303.8
98.4	262.6	1119.0	2262.4	3346.5
96.8	275.9	1339.6	2229.8	3298.6
96.0	292.7	1484.4	2445.2	3451.2
98.7	876.7	1840.3	2686.6	3469.9
99.9	665.1	1282.7	2327.0	3337.8
0.0	511.5	1053.2	2233.3	3345.3
0.0	554.1	990.6	2262.8	3329.8
121.7	573.0	964.4	2383.7	3324.3
124.7	579.6	936.3	2368.1	3341.3
126.7	583.7	905.5	2375.9	3342.4
126.3	559.7	877.2	2384.5	3317.9
129.3	558.8	841.3	2415.9	3364.7
133.3	550.5	854.0	2449.0	3386.7
137.5	540.5	880.2	2453.7	3435.3
140.6	518.3	880.0	2484.0	3467.3
142.3	497.2	863.9	2556.4	3381.9
142.4	510.4	887.6	2584.5	3368.0
139.8	484.7	917.6	2599.7	3381.7
137.7	479.3	990.5	2538.2	3367.8
134.9	523.1	1022.5	2527.0	3477.4
130.5	569.7	1125.3	2515.9	3519.1
124.7	880.8	1739.0	2700.0	3467.6
65.6	826.4	1814.6	2705.8	3516.5
0.0	756.9	1755.6	2700.3	3503.0
0.0	880.0	1680.8	2669.5	3509.0
387.1	641.6	1502.7	2547.1	3481.3
387.1	955.5	1523.0	2487.6	3486.5
0.0	782.0	1608.0	2519.2	3380.3
571.4	802.8	1680.7	2560.2	3420.7
87.0	848.9	1664.9	2551.0	3503.3
0.0	792.9	1564.7	2527.3	3471.9
480.0	729.3	1571.7	2529.7	3353.2
0.0	611.0	1472.2	2445.3	3384.0
0.0	343.0	1306.6	2250.9	3335.7
0.0	669.8	1333.9	2189.9	3310.3
105.1	548.2	1376.3	2185.8	3285.6
105.8	740.1	1476.8	2150.7	3251.3
106.6	486.8	1507.0	2169.7	3191.7
108.4	446.7	1580.7	2172.1	3283.8
110.8	447.5	1623.8	2175.8	3324.5
108.5	446.8	1611.8	2108.3	3258.9
107.3	458.7	1590.3	2009.4	3178.3
107.2	465.3	1557.8	1955.8	3208.2
107.0	474.9	1476.8	1886.2	3271.3
106.9	505.4	1432.6	1831.7	3234.6
106.6	539.1	1423.1	1789.8	3249.4
105.7	540.2	1435.3	1783.5	3286.5
105.4	519.0	1454.5	1764.7	3392.4
105.0	516.4	1482.5	1821.1	3325.0
104.2	526.4	1528.0	1871.3	3242.2
103.5	506.0	1552.9	1897.4	3279.8
102.3	469.2	1673.8	2181.1	3273.3
101.4	443.6	1723.9	2278.3	3228.9
100.2	435.5	1776.1	2358.6	3241.9
99.8	451.8	1818.8	2387.5	3277.4
99.7	445.4	1831.6	2423.1	3297.8
99.2	393.6	1889.3	2418.8	3328.0
98.2	376.2	1921.4	2385.5	3356.7
101.7	601.1	1635.3	2327.4	3179.2
110.5	775.1	1604.4	2468.6	3145.7
63.8	789.0	1554.1	2506.4	3304.0
0.0	775.4	1426.5	2522.8	3335.0
255.3	873.5	1654.9	2573.3	3276.5
97.6	871.2	1667.0	2690.6	3530.1
0.0	853.8	1640.0	2702.2	3619.2
0.0	913.5	1670.0	2603.9	3431.3
0.0	999.2	1660.9	2565.6	3373.7
0.0	888.1	1554.9	2476.2	3330.4
0.0	797.6	1540.6	2497.8	3472.4
0.0	675.9	1451.2	2442.8	3408.8
0.0	1092.8	1752.3	2587.3	3425.5
0.0	1012.7	1741.1	2688.2	3444.5
0.0	753.1	1479.9	2662.3	3513.9
74.5	685.8	1313.6	2585.9	3479.2
0.0	448.0	990.1	2528.2	3439.3
0.0	344.6	899.7	2608.3	3464.7
115.4	327.7	911.2	2603.0	3591.7
117.6	351.1	942.4	2578.4	3627.3
117.6	404.0	1078.4	2569.8	3483.4
117.7	559.2	1172.8	2535.1	3363.3
119.9	517.2	1206.4	2504.2	3335.2
119.8	509.3	1188.6	2457.6	3292.7
119.1	520.3	1176.3	2404.5	3275.1
118.9	728.5	1175.5	2373.2	3295.7
118.0	733.0	1128.5	2343.3	3281.3
115.6	708.0	1096.4	2289.5	3271.1
113.4	644.1	1057.6	2300.8	3303.0
111.0	609.2	991.5	2208.5	3334.9
110.1	583.1	993.8	2228.5	3378.9
103.5	659.3	1054.9	2279.7	3385.7
102.2	664.4	1062.3	2246.2	3344.2
98.4	668.0	1113.6	2173.6	3280.7
96.8	649.2	1182.6	2142.3	3285.4
93.2	641.7	1241.5	2121.4	3241.0
91.6	651.2	1294.3	2106.1	3235.2
92.0	665.0	1363.5	2153.5	3250.6
88.2	662.2	1400.4	2220.8	3273.8
84.5	632.8	1406.4	2190.0	3371.3
0.0	610.3	1343.5	2349.5	3376.4
185.2	716.0	1330.1	2459.6	3273.0
107.2	725.6	1394.6	2639.7	3418.5
69.8	835.1	1602.4	2659.8	3456.9
0.0	913.3	1809.4	2702.4	3403.8
0.0	957.0	2006.2	2544.5	3501.6
0.0	830.2	1759.0	2440.6	3400.5
0.0	995.0	1994.5	2586.9	3413.5
0.0	741.8	1446.8	2435.8	3384.1
0.0	707.6	1520.0	2390.7	3330.9
0.0	838.0	1492.7	2248.8	3296.3
0.0	860.7	1525.9	2196.2	3293.9
0.0	844.0	1561.0	2369.7	3294.0
0.0	783.4	1511.1	2391.2	3277.1
0.0	778.2	1501.7	2417.2	3319.1
0.0	770.7	1506.3	2411.8	3363.0
0.0	715.5	1531.0	2279.1	3324.9
0.0	755.5	1503.0	2254.0	3284.0
0.0	745.1	1560.5	2521.7	3338.9
