0.0	0.0	0.0	0.0	0.0
0.0	0.0	0.0	0.0	0.0
0.0	0.0	0.0	0.0	0.0
0.0	829.3	1703.5	2674.8	3576.9
0.0	802.1	1670.4	2607.2	3410.8
0.0	786.2	1702.1	2630.5	3393.3
0.0	900.1	1800.3	2606.2	3445.1
0.0	923.7	1892.1	2647.8	3406.3
0.0	882.6	1780.6	2809.8	3378.2
0.0	856.8	1774.8	2750.4	3460.7
0.0	832.5	1847.3	2641.0	3465.6
0.0	829.6	1900.6	2668.2	3489.6
0.0	1125.8	1947.4	2817.8	3605.7
0.0	869.2	1863.0	2815.6	3633.4
0.0	938.7	1835.1	2678.6	3507.2
0.0	722.4	1755.9	2623.2	3428.6
0.0	725.0	1724.5	2566.2	3405.2
0.0	1039.1	1620.2	2513.9	3506.9
0.0	1036.2	1614.5	2325.3	3405.4
0.0	708.6	1633.5	2268.2	3373.4
82.8	703.5	1633.5	2344.9	3365.6
461.5	949.9	1592.4	2256.4	3335.7
0.0	853.0	1520.7	2250.1	3440.4
0.0	696.6	1381.2	2188.4	3457.1
0.0	645.9	1304.9	2213.0	3445.0
141.6	653.4	1229.3	2202.4	3481.8
139.6	637.8	1177.1	2187.2	3495.2
139.4	611.8	1120.0	2168.1	3437.6
140.4	584.5	1067.8	2190.7	3401.8
140.4	546.6	1019.8	2255.6	3386.3
140.4	298.8	991.3	2295.3	3404.2
141.2	286.6	979.4	2375.3	3414.9
139.1	598.4	1029.7	2443.4	3418.5
136.8	306.9	1013.7	2469.9	3403.2
134.6	329.6	1058.9	2519.9	3394.4
131.8	674.4	1164.9	2599.6	3440.1
134.2	693.6	1201.5	2555.4	3471.7
134.7	720.3	1139.4	2455.7	3507.9
130.8	742.4	1337.5	2603.1	3574.3
128.3	719.7	1415.9	2602.2	3545.9
128.5	671.1	1030.8	2587.9	3465.8
133.0	725.0	1099.4	2644.3	3480.4
143.6	666.6	1070.7	2698.7	3497.7
147.0	637.1	1035.0	2705.5	3443.0
153.0	650.4	1015.2	2676.7	3417.5
152.6	667.5	1016.6	2680.5	3448.9
148.0	664.6	972.5	2688.0	3434.6
144.6	645.9	951.8	2702.1	3432.1
142.2	664.2	972.2	2708.7	3430.9
143.8	638.8	966.1	2753.9	3435.1
145.3	644.4	943.5	2746.3	3413.7
145.8	630.9	920.6	2632.2	3415.8
145.4	623.7	898.7	2567.0	3424.7
144.7	611.1	879.8	2801.8	3420.3
141.9	620.0	866.8	2646.7	3423.4
139.7	599.7	828.6	2620.2	3447.5
137.4	587.2	803.0	2681.1	3461.8
132.4	567.3	785.3	2701.0	3450.4
128.5	634.6	1940.2	2733.2	3452.4
125.1	536.7	2033.8	2730.7	3452.4
121.9	522.5	1973.0	2715.7	3462.1
118.9	675.8	2028.8	2683.6	3523.6
114.6	675.6	1946.3	2655.2	3561.3
113.2	727.5	1909.0	2635.8	3521.7
112.4	713.2	2053.5	2668.7	3567.5
110.9	770.1	2083.1	2668.8	3591.4
110.6	706.1	1892.2	2650.9	3594.0
111.6	597.3	1667.7	2640.3	3571.2
111.0	633.2	1537.5	2589.5	3570.8
111.6	663.2	1521.0	2569.5	3556.0
111.8	697.5	1415.5	2645.6	3505.8
109.9	696.1	1128.1	2562.5	3382.5
108.7	616.5	1020.9	1577.1	2755.9
107.5	615.5	1064.4	1643.1	2719.3
107.2	644.0	1098.0	1835.5	2720.2
107.1	651.5	1142.9	2022.7	2824.3
107.0	669.9	1194.0	2322.5	3014.9
108.7	690.5	1209.0	2390.7	3216.1
109.3	693.6	1237.8	2426.9	3382.1
110.2	693.0	1269.9	2432.8	3443.4
111.0	678.7	1292.4	2421.0	3453.1
112.3	674.0	1309.2	2400.2	3383.3
114.5	655.6	1326.2	2374.6	3236.3
115.4	630.6	1334.9	2278.1	3054.8
116.3	603.2	1331.2	2040.6	2840.9
116.4	563.9	1309.7	1814.7	2691.6
111.1	564.2	1259.0	1841.8	2697.2
118.0	568.6	1209.9	2034.9	2887.3
122.5	554.2	1048.6	2165.0	3080.2
120.8	505.9	942.0	2254.2	3068.4
118.7	479.6	874.3	2315.1	3102.8
116.7	469.5	786.8	2372.1	3155.0
116.3	484.7	749.8	2400.9	3213.3
116.7	481.4	731.2	2432.9	3268.4
117.4	482.7	728.5	2451.5	3291.8
117.9	479.1	758.8	2444.8	3285.6
119.0	486.0	777.3	2414.0	3293.8
120.2	498.8	846.9	2404.2	3287.1
121.7	502.4	896.9	2424.8	3287.6
121.7	519.9	958.7	2406.4	3299.2
122.5	520.7	1010.5	2387.1	3291.7
122.9	535.6	1073.9	2377.7	3310.9
123.3	548.1	1154.3	2368.6	3323.4
123.9	568.2	1244.3	2370.8	3385.0
124.1	581.2	1296.3	2356.4	3374.4
123.2	576.1	1339.1	2344.1	3350.8
120.6	571.2	1385.7	2366.1	3338.7
120.0	571.3	1433.8	2387.7	3355.5
116.6	584.2	1462.9	2376.8	3359.0
113.6	572.6	1519.9	2351.0	3312.2
110.3	559.4	1589.4	2367.7	3329.1
106.9	537.1	1649.1	2405.2	3304.9
103.6	512.1	1688.6	2399.3	3240.4
100.5	492.2	1760.3	2431.4	3300.2
96.9	472.7	1830.5	2472.2	3306.2
94.1	456.2	1926.2	2494.0	3358.0
91.8	446.8	1999.4	2564.1	3322.2
89.0	435.9	2039.0	2606.4	3291.8
90.3	402.6	2088.5	2652.6	3152.4
85.3	407.5	2131.3	2663.2	3167.5
84.3	410.8	2154.0	2657.5	3265.0
78.3	402.7	2156.8	2721.0	3312.7
78.5	453.1	2156.3	2760.0	3322.9
82.9	757.2	1990.8	2732.8	3374.7
84.5	827.0	1962.5	2718.8	3388.3
89.6	816.6	1857.5	2669.2	3308.5
0.0	702.5	1688.5	2514.5	3309.4
78.4	763.7	1495.6	2457.4	3313.7
0.0	745.7	1556.9	2578.9	3403.7
0.0	729.5	1753.7	2564.6	3546.5
315.8	649.0	1654.1	2558.9	3491.3
0.0	768.3	1689.0	2626.4	3536.3
103.4	782.5	1869.7	2579.3	3639.0
87.6	849.0	1866.3	2634.4	3626.7
0.0	774.3	1672.6	2643.7	3544.3
352.9	862.2	1782.8	2701.3	3537.4
300.0	823.6	1710.7	2654.3	3685.9
0.0	769.1	1687.6	2729.2	3702.1
279.1	851.2	1789.6	2696.9	3691.1
136.4	996.1	1857.0	2716.4	3647.7
307.7	840.7	1845.2	2665.8	3618.4
0.0	763.9	1837.2	2739.2	3703.0
0.0	820.2	1801.9	2800.1	3708.6
0.0	888.1	1910.4	2897.4	3678.0
0.0	733.0	1778.3	2849.4	3718.8
461.5	964.4	1839.9	2854.8	3740.8
141.2	985.3	1812.4	2824.5	3762.6
285.7	797.6	1827.6	2761.8	3730.7
444.4	829.7	1784.8	2705.3	3605.3
0.0	764.1	1970.0	2942.6	3677.6
116.5	742.2	1946.0	2979.9	3673.8
315.8	805.6	1845.2	2788.5	3629.3
0.0	693.0	1778.9	2761.4	3655.4
333.3	953.6	1850.1	2859.1	3707.2
0.0	916.6	1806.4	2881.8	3711.6
0.0	816.8	1704.5	2779.0	3682.8
0.0	857.2	1704.4	2689.5	3656.7
0.0	752.1	1883.7	2776.6	3575.7
0.0	853.6	1835.7	2786.1	3607.0
255.3	706.7	1823.1	2716.3	3632.7
123.7	693.9	1905.7	2809.0	3635.4
0.0	722.3	1922.1	2778.1	3664.6
571.4	758.6	1942.8	2719.6	3642.8
116.5	769.9	1900.3	2731.4	3601.9
0.0	882.8	2100.6	2750.7	3674.5
0.0	847.6	1945.0	2607.2	3618.5
