0.0	0.0	0.0	0.0	0.0
0.0	0.0	0.0	0.0	0.0
0.0	0.0	0.0	0.0	0.0
0.0	991.1	1783.1	2637.5	3443.0
0.0	1049.2	1855.0	2567.0	3454.7
0.0	945.2	1825.4	2545.2	3444.7
0.0	742.2	1627.5	2546.1	3484.7
0.0	1013.1	1762.0	2633.0	3498.7
0.0	808.5	1723.0	2639.7	3500.7
0.0	798.7	1654.3	2546.3	3397.9
0.0	928.9	1724.8	2633.9	3380.0
0.0	942.1	1764.0	2696.4	3437.4
0.0	982.4	1903.4	2723.4	3625.9
0.0	917.4	1788.7	2575.4	3400.0
0.0	426.3	1669.8	2534.1	3391.0
0.0	455.8	1629.5	2620.5	3418.9
0.0	432.3	1144.6	2637.0	3207.4
0.0	422.4	866.1	2657.2	3173.3
123.7	491.5	881.9	2675.3	3174.4
124.7	527.3	854.7	2707.2	3163.1
124.8	567.9	875.2	2702.3	3171.4
125.2	616.0	956.3	2696.9	3190.6
123.4	657.8	1027.1	2697.9	3188.9
124.4	658.6	1090.6	2614.7	3234.3
125.9	660.9	1175.0	2585.7	3273.5
126.4	680.6	1265.4	2578.9	3246.7
126.9	679.5	1324.7	2522.2	3247.5
128.2	666.1	1421.2	2466.0	3251.9
130.3	667.5	1593.6	2442.4	3254.1
133.7	636.4	1696.8	2411.6	3297.6
136.7	562.8	1791.6	2414.8	3335.7
139.8	548.5	1889.3	2486.5	3286.5
144.1	471.0	1916.2	2548.6	3286.2
147.7	466.7	1819.4	2595.5	3270.7
146.9	308.4	1767.4	2587.3	3357.1
70.5	305.1	1710.6	2441.5	3279.8
139.5	458.9	1829.9	2611.6	3236.7
0.0	443.8	1840.1	2626.9	3286.9
153.7	458.7	1726.8	2617.1	3363.2
154.1	436.9	1556.8	2538.0	3349.0
154.6	413.9	1315.8	2518.8	3336.3
154.1	405.9	1183.1	2511.9	3368.2
152.1	393.0	1068.3	2566.1	3354.5
152.4	382.6	1066.0	2595.5	3378.0
150.6	392.8	1072.2	2554.4	3439.5
151.3	382.0	1112.6	2554.5	3482.1
150.9	389.6	1230.1	2504.8	3478.3
151.1	395.9	1439.7	2466.4	3475.0
149.7	447.3	1650.1	2409.9	3419.9
149.3	449.4	1827.3	2445.5	3437.8
148.2	455.6	2017.8	2504.9	3421.1
147.2	425.2	2099.4	2552.5	3430.8
145.5	437.2	2038.6	2574.4	3467.9
144.8	376.8	1028.4	2392.8	3184.6
141.7	372.8	1015.6	2361.3	2724.1
142.2	329.9	941.6	2319.7	2840.9
141.6	307.2	935.4	2359.4	3125.9
140.8	301.2	929.9	2381.4	3210.5
139.9	355.2	1465.3	2443.6	3415.7
139.4	388.1	2075.3	2633.6	3629.8
142.6	424.2	2211.4	2695.6	3671.8
143.6	426.6	2268.8	2708.9	3589.7
140.1	444.3	2288.9	2726.8	3523.0
141.3	419.3	2296.5	2679.4	3565.9
141.5	436.1	2293.2	2662.2	3509.5
140.7	440.7	2296.6	2669.9	3493.3
139.5	366.7	2322.9	2685.6	3479.6
139.4	376.3	2320.2	2694.3	3502.9
138.4	351.5	2301.8	2719.8	3509.2
135.9	315.9	2275.8	2752.7	3498.9
134.5	368.8	2240.4	2692.3	3473.5
132.8	336.2	2106.7	2566.7	3504.1
129.8	361.0	1811.3	2566.0	3517.2
118.7	245.5	1802.5	2528.0	3524.4
63.5	222.6	1795.9	2523.2	3406.1
124.0	220.0	1773.8	2513.0	3390.9
118.8	254.7	1623.2	2429.9	3355.5
117.6	395.8	1773.2	2646.0	3441.1
112.1	339.7	1680.7	2536.1	3490.6
109.1	268.5	1553.0	2478.7	3391.3
111.1	219.4	1694.1	2546.7	3354.7
110.1	224.4	1671.5	2563.6	3490.0
111.2	222.0	1565.9	2496.9	3439.8
106.2	422.4	1555.6	2539.4	3349.0
107.1	1160.8	1848.6	2533.3	3449.2
112.1	726.9	1647.1	2512.1	3374.7
105.3	657.7	1628.9	2491.9	3279.8
0.0	492.1	1687.6	2411.5	3285.6
0.0	471.5	1743.6	2405.5	3319.0
142.8	470.8	1775.5	2420.1	3328.2
132.7	495.0	1807.8	2430.9	3323.8
128.6	501.3	1813.6	2428.3	3340.7
127.6	522.6	1846.9	2409.7	3313.8
127.4	484.0	1885.5	2408.7	3269.2
128.1	465.1	1963.7	2404.0	3296.9
128.7	471.0	2020.3	2324.7	3358.0
128.7	473.5	2019.8	2272.7	3421.1
124.6	560.6	1967.0	2420.8	3386.6
112.2	240.7	1801.3	2416.1	3311.3
120.0	1147.4	1247.0	2408.8	3213.1
123.2	1197.0	1792.1	2456.6	3187.9
0.0	865.8	1719.2	2415.9	3004.9
74.5	891.1	1641.7	2195.8	2786.4
0.0	430.0	1559.0	2074.4	2781.3
157.3	419.0	1477.2	1958.9	2683.9
138.8	426.3	1440.0	1875.8	2769.1
138.1	406.4	1386.4	1828.0	2696.2
137.1	412.6	1371.1	1786.5	2649.3
134.9	427.5	1375.5	1773.8	2677.0
132.7	430.2	1409.4	1799.8	2675.9
131.4	449.2	1465.0	1845.2	2678.3
130.5	485.2	1524.4	1945.7	2679.1
128.3	558.4	1532.8	2080.3	2707.0
126.6	557.0	1557.2	2284.2	2800.8
126.3	561.0	1579.7	2428.6	2918.8
125.6	574.6	1596.0	2486.0	3063.7
124.9	564.5	1592.9	2528.9	3178.0
123.6	566.7	1536.3	2476.1	3235.2
122.1	544.1	1454.9	2334.9	3191.8
120.7	451.8	1406.2	2310.9	2964.7
117.9	286.5	1379.0	2292.0	2660.4
119.3	501.0	1443.2	2308.1	2758.7
118.9	407.3	1448.7	2310.7	3075.2
118.7	278.4	1441.4	2315.5	3162.3
117.5	291.8	1491.2	2365.3	3217.8
114.0	291.4	1444.7	2370.6	3243.1
108.1	300.3	1494.4	2386.8	3326.2
101.7	252.1	1515.9	2509.8	3359.1
111.1	238.5	1563.9	2536.3	3375.4
113.2	376.7	1568.5	2536.8	3353.9
0.0	518.0	1560.5	2439.5	3276.0
0.0	521.0	1572.9	2389.4	3298.1
132.6	522.2	1598.1	2409.1	3284.9
125.9	545.5	1613.2	2413.4	3353.1
121.9	594.7	1624.2	2430.2	3417.3
119.9	607.2	1632.9	2446.6	3414.7
120.8	614.8	1652.2	2480.9	3413.5
122.2	623.7	1639.4	2530.3	3436.4
123.7	622.0	1618.1	2535.0	3470.9
124.5	617.3	1605.9	2576.7	3479.9
123.0	618.6	1589.4	2617.0	3441.4
124.1	612.2	1575.3	2557.2	3180.7
124.2	586.4	1605.1	2438.2	2981.8
123.5	556.8	1621.7	2119.9	2874.0
114.7	513.6	1559.4	1969.3	2832.8
116.9	523.3	1526.5	1873.0	2851.2
122.4	519.9	1497.4	1809.4	2886.9
122.8	510.8	1462.1	1776.1	2884.3
122.2	525.6	1437.4	1797.6	2891.8
121.2	545.7	1386.3	1800.1	2855.0
120.2	563.2	1348.5	1807.9	2895.6
118.8	554.8	1313.9	1785.1	2864.7
118.0	540.6	1281.7	1770.7	2885.6
117.2	517.0	1237.5	1799.7	2889.6
114.8	455.1	1116.7	1842.7	2859.3
113.9	427.5	1098.3	1989.4	3030.5
110.2	319.9	1338.1	2494.0	3309.2
102.6	361.8	1480.9	2393.2	3305.4
105.3	349.4	1214.1	2415.8	3279.7
108.1	329.8	1130.7	2446.4	3255.1
109.1	352.6	1501.0	2378.0	3277.0
109.1	432.0	1305.0	2301.1	3333.5
107.3	320.3	1318.7	2461.3	3316.4
106.9	858.1	1607.7	2602.6	3351.3
105.5	649.1	1245.4	2582.9	3263.0
0.0	599.3	1002.5	2608.2	3182.5
139.6	616.4	1003.7	2601.1	3158.0
119.8	632.4	1042.7	2577.8	3158.5
117.1	640.1	1037.9	2573.1	3187.9
116.7	641.5	1073.4	2594.8	3224.8
117.4	647.1	1085.0	2584.5	3257.4
118.2	644.9	1099.2	2567.8	3316.7
117.9	629.7	1085.2	2601.3	3334.6
118.6	656.1	1089.4	2639.4	3327.1
118.8	646.5	1098.2	2681.1	3359.0
119.6	633.1	1082.7	2672.0	3353.0
119.1	638.7	1102.4	2664.3	3376.0
118.2	635.2	1124.5	2626.6	3404.5
119.1	625.3	1103.5	2546.5	3412.7
117.8	602.3	1126.1	2603.4	3417.1
116.9	632.8	1149.3	2652.3	3422.3
115.7	640.0	1130.2	2676.9	3437.8
113.3	633.7	1152.1	2752.3	3437.8
111.6	643.3	1175.7	2703.6	3421.1
111.7	649.4	1168.2	2617.9	3360.2
110.5	647.9	1152.4	2626.6	3368.6
108.8	625.7	1107.5	2671.9	3396.3
107.2	617.7	1107.1	2612.5	3416.2
106.4	638.5	1089.8	2589.1	3392.3
104.5	642.6	1090.7	2400.4	3329.5
107.3	595.7	1081.3	2339.5	3332.0
108.6	552.2	1055.7	2548.9	3349.7
101.2	508.6	1043.3	2469.3	2989.5
106.2	504.2	1046.9	2293.3	2739.3
102.6	673.4	1115.8	2293.6	2719.0
107.3	375.1	1196.8	2372.4	2748.4
107.1	339.9	1213.1	2426.5	2792.9
107.1	298.9	1161.7	2377.7	2845.0
106.2	317.3	1123.3	2377.4	2843.6
105.3	355.9	1160.9	2432.2	2864.6
112.1	413.8	1210.3	2526.1	3173.0
111.1	538.6	1354.5	2463.2	3300.0
112.1	553.9	1396.5	2402.1	3623.6
107.1	604.5	1484.9	2382.1	3754.4
0.0	695.8	1693.1	2594.3	3726.2
112.1	776.6	1881.7	2878.8	3945.5
0.0	827.3	1743.8	2718.0	3867.1
0.0	864.3	1830.6	2806.5	4164.2
218.2	981.9	2148.7	3188.8	4741.5
300.0	925.5	1990.2	3028.1	4535.0
545.5	962.6	1874.4	2941.2	4066.1
375.0	1056.0	1994.7	2891.5	3914.7
0.0	1033.0	1798.7	2725.3	3906.0
545.5	839.1	1705.1	2636.5	3847.3
0.0	846.1	1835.7	2752.2	3940.6
108.1	893.9	1883.0	2861.4	4126.3
111.1	779.3	1852.0	2791.5	4020.1
235.3	776.3	1781.5	2711.1	3812.1
222.2	805.5	1897.4	2768.2	3796.4
73.2	812.7	1788.3	2812.5	3835.6
88.2	908.7	1593.1	2713.7	3689.9
88.2	854.0	1502.9	2564.1	3675.9
150.0	635.0	1139.4	2358.6	3626.9
0.0	735.7	1164.1	2411.0	3396.5
0.0	714.0	1321.5	2337.9	3309.1
0.0	1016.2	1593.0	2502.5	3489.0
0.0	953.0	1484.5	2524.8	3424.6
0.0	737.6	1424.1	2377.2	3319.0
0.0	892.1	1654.1	2434.1	3299.2
0.0	804.1	1555.2	2519.9	3273.8
88.9	682.1	1438.4	2425.1	3350.4
