0.0	0.0	0.0	0.0	0.0
0.0	0.0	0.0	0.0	0.0
0.0	0.0	0.0	0.0	0.0
0.0	577.0	1790.4	2504.9	3590.2
0.0	845.6	1843.3	2516.4	3541.2
0.0	963.9	1818.3	2534.2	3606.0
0.0	961.5	1642.8	2601.0	3479.2
0.0	743.3	1344.6	2516.4	3309.8
0.0	685.5	1315.2	2473.8	3368.2
0.0	1061.0	1643.0	2574.1	3481.1
0.0	645.7	1750.2	2621.1	3501.1
0.0	533.8	1965.5	2665.9	3648.8
0.0	711.7	2009.7	2710.4	3613.0
0.0	828.4	2062.2	2828.2	3661.0
0.0	700.6	2039.7	2833.8	3665.6
0.0	644.2	2082.9	2778.0	3511.6
0.0	758.7	2066.6	2734.4	3472.6
96.8	621.7	2043.8	2715.4	3381.3
0.0	544.8	2016.1	2701.5	3331.8
0.0	993.3	2033.8	2692.4	3393.0
99.2	924.6	2021.5	2706.6	3382.1
0.0	886.8	1967.6	2788.0	3333.6
214.3	784.4	1845.4	2839.8	3373.5
0.0	913.0	1876.7	2847.3	3428.8
240.0	919.7	1797.5	2746.6	3351.3
122.4	867.1	1717.1	2681.9	3482.1
0.0	308.1	1806.1	2710.5	3456.7
0.0	340.7	2047.6	2728.2	3303.9
161.6	368.2	2014.5	2494.3	3298.4
148.2	366.0	1981.3	2275.1	3269.0
144.2	443.1	1974.5	2196.1	3265.9
144.0	358.1	1846.2	2097.6	3216.8
142.9	366.0	1648.0	2112.8	3082.9
141.8	339.2	1345.6	2061.0	3043.5
140.4	372.3	1265.9	2078.7	3031.5
138.9	469.5	1166.8	2020.6	3120.7
137.2	368.3	1149.4	1953.0	3055.6
136.4	418.0	1160.7	1927.8	3009.0
137.5	489.1	1278.7	1890.0	3029.2
139.9	440.3	1375.2	1866.2	3051.9
142.4	447.2	1472.3	1839.0	3147.8
143.1	474.3	1513.5	1864.3	3124.9
145.9	538.6	1526.5	1936.0	3113.0
145.9	576.1	1536.2	2028.4	3125.6
144.9	586.1	1555.8	2062.3	3138.0
144.3	596.6	1604.9	2122.3	3196.1
144.4	610.0	1692.0	2128.3	3226.2
143.7	565.6	1775.0	2117.4	3209.6
146.0	550.3	1859.3	2346.2	3328.3
144.2	656.3	1846.0	2537.5	3419.9
127.4	641.5	1641.6	2532.1	3386.5
64.7	653.6	1610.3	2566.7	3434.2
0.0	984.8	1715.2	2449.0	3408.2
0.0	921.3	1755.7	2422.3	3320.2
0.0	667.1	1836.8	2412.8	3397.7
179.1	817.5	1977.9	2515.6	3474.8
67.4	863.7	2165.3	2651.2	3448.4
0.0	564.9	2208.8	2701.8	3529.9
0.0	592.3	2177.9	2724.2	3474.7
0.0	354.7	2003.6	2459.5	3268.3
182.6	428.0	2075.3	2238.6	3288.3
160.2	417.6	2047.7	2222.5	3259.8
151.4	402.5	2104.1	2237.9	3293.6
145.2	405.3	2094.5	2250.6	3282.7
143.6	402.2	2059.4	2254.9	3276.6
139.9	408.0	1880.3	2286.0	3208.1
137.8	401.3	1503.3	2296.0	3150.4
135.3	351.4	1292.8	2332.4	3237.1
127.7	443.0	1294.8	2287.8	3235.1
132.9	470.4	1377.9	2238.8	2917.2
130.4	439.0	1427.6	2254.2	2579.9
142.2	455.1	1389.0	2263.7	2676.0
134.3	464.2	1328.6	2261.0	2788.4
135.7	458.4	1374.7	2286.4	3011.5
135.2	451.9	1373.9	2279.3	3090.1
133.5	453.0	1366.6	2300.6	3181.7
133.1	599.0	1441.2	2435.3	3272.5
135.8	615.7	1531.3	2482.9	3263.7
133.4	620.2	1570.0	2492.4	3242.8
130.2	629.5	1563.6	2343.4	3220.0
130.2	639.3	1529.5	2321.2	3201.2
129.5	676.0	1529.3	2341.3	3217.0
129.3	654.3	1529.2	2338.2	3211.2
129.6	687.7	1500.1	2282.4	3206.4
129.2	711.1	1504.8	2302.2	3221.3
129.4	683.8	1517.6	2317.2	3202.3
130.4	685.3	1536.7	2342.6	3251.2
131.6	674.8	1566.4	2321.5	3275.3
131.6	658.0	1596.3	2315.7	3283.2
131.0	624.6	1622.5	2296.9	3330.8
130.6	612.3	1646.0	2315.6	3349.1
130.5	603.0	1628.5	2329.2	3389.1
130.3	576.7	1631.6	2325.7	3482.3
128.6	496.1	1652.5	2349.5	3517.0
128.0	483.7	1666.6	2361.7	3492.7
128.4	495.8	1668.0	2400.7	3599.8
124.9	458.7	1690.3	2563.5	3540.4
125.0	394.7	1685.7	2673.2	3662.7
118.8	871.0	1679.5	2624.6	3692.5
545.5	868.5	1779.3	2801.0	3818.1
0.0	963.2	1910.0	2923.7	3819.8
352.9	1040.5	2005.8	2895.1	3878.6
173.9	861.4	1829.4	2668.6	3684.9
413.8	385.2	1804.3	2713.9	3629.9
413.8	772.5	1820.6	2711.8	3770.4
214.3	618.5	1754.5	2647.4	3690.6
0.0	938.5	1777.8	2534.8	3585.8
123.7	870.6	1800.1	2536.2	3498.1
315.8	690.1	1799.0	2589.3	3436.5
387.1	654.3	1776.8	2528.3	3379.6
0.0	448.7	1747.0	2461.1	3323.2
0.0	400.9	1717.3	2431.1	3243.4
130.3	408.9	1701.0	2429.8	3293.2
130.4	401.6	1661.3	2436.0	3363.5
126.9	383.4	1656.2	2442.0	3396.0
120.0	390.7	1668.1	2455.7	3419.3
115.2	407.7	1669.8	2467.2	3433.4
112.1	428.2	1646.6	2471.0	3564.2
107.1	441.3	1613.7	2592.5	3763.7
102.6	457.2	1718.7	2724.1	4046.0
104.3	1020.4	1863.9	2917.6	4537.6
99.2	986.8	1918.9	2976.8	4176.6
400.0	952.1	2052.6	2943.0	3909.6
109.1	845.5	1997.2	2949.0	3693.9
98.4	1019.8	2052.5	2974.3	3632.2
64.9	880.5	1999.9	2947.2	3582.5
0.0	892.5	2035.2	2998.1	3508.1
0.0	834.4	2043.9	3055.1	3409.9
0.0	1315.4	2165.4	3071.4	3505.2
0.0	1166.4	2244.6	3063.9	3477.7
571.4	909.1	2201.5	3019.9	3479.6
244.9	1264.8	2450.2	3003.5	3496.9
0.0	1262.9	2403.8	2897.7	3449.1
0.0	497.4	1914.3	2637.3	3367.2
0.0	412.5	1805.1	2523.7	3320.0
0.0	452.2	1761.0	2398.5	3272.8
127.5	509.0	1747.3	2371.2	3274.3
123.5	519.2	1675.8	2374.8	3295.9
121.7	564.2	1637.9	2342.4	3278.7
123.7	606.2	1591.5	2322.8	3269.0
120.8	645.5	1575.4	2316.7	3250.6
119.0	682.0	1586.6	2419.5	3220.9
117.9	700.4	1554.8	2415.1	3195.2
118.0	686.0	1566.7	2349.4	3248.1
118.2	664.3	1622.4	2383.1	3290.1
117.1	657.0	1667.3	2351.0	3250.3
117.3	660.8	1758.2	2228.4	3206.0
119.1	682.3	1837.2	2124.0	3158.3
117.5	694.4	1921.7	2230.6	3335.3
114.7	533.3	1872.3	2238.2	3209.8
106.1	624.3	1752.8	2263.7	3275.6
98.4	1121.3	1671.1	2525.1	3526.5
0.0	200.0	1496.1	2409.2	3286.2
0.0	491.1	1692.8	2383.0	3082.3
0.0	437.2	2045.4	2538.7	3373.1
285.7	661.7	1879.3	2531.9	3376.4
0.0	546.3	1878.4	2463.8	3301.5
0.0	484.3	1856.2	2451.2	3391.0
160.6	475.6	1831.1	2447.6	3381.7
137.1	463.0	1775.4	2411.7	3421.7
138.2	424.6	1701.9	2370.9	3418.0
136.8	405.1	1607.1	2359.8	3405.1
74.6	480.7	1554.1	2428.8	3411.6
71.2	224.3	1388.1	2484.4	3422.7
193.5	200.6	1382.2	2385.5	3377.9
64.2	569.3	1653.2	2558.5	3362.8
206.9	706.3	1700.1	2613.2	3424.6
0.0	637.6	1667.9	2543.4	3327.7
0.0	575.5	1487.8	2502.0	3355.6
0.0	255.2	1442.9	2470.1	3457.6
200.0	279.1	1417.5	2440.8	3414.2
197.7	415.6	1275.4	2318.5	3221.0
179.0	473.0	1400.7	2343.7	3071.7
149.1	492.6	1448.7	2288.7	2900.3
141.1	453.8	1468.5	2261.8	2679.1
122.0	433.0	1402.8	2264.2	2653.2
126.1	490.7	1344.9	2308.9	2761.5
117.8	445.5	1326.1	2351.9	3112.2
118.0	389.6	1280.7	2315.6	3039.6
116.5	548.2	1293.7	2282.8	2840.0
113.6	473.4	1443.7	2266.6	3216.2
110.7	437.5	1385.2	2277.1	3302.1
109.4	376.8	1417.9	2400.5	3308.2
101.7	810.4	1689.1	2409.0	3066.6
96.9	841.8	1820.6	2474.9	3025.3
101.7	1226.8	2145.5	2676.6	3309.6
0.0	954.9	2041.2	2544.7	3313.5
0.0	1099.7	1912.3	2646.9	3372.8
0.0	863.6	1799.4	2500.9	3258.9
0.0	799.8	1743.7	2488.7	3312.0
500.0	979.4	1668.6	2578.8	3361.9
545.5	1067.6	1659.0	2501.1	3327.5
400.0	442.7	1491.2	2255.4	3181.2
0.0	541.1	1302.5	1746.5	2925.7
0.0	568.7	1265.4	1768.1	2822.3
128.4	598.3	1297.0	1862.9	2937.3
125.3	621.4	1302.3	1955.1	3042.5
121.7	655.8	1316.2	2009.6	3104.2
117.7	678.8	1338.3	2039.3	3038.7
117.0	685.4	1354.4	2087.7	3083.5
115.0	690.8	1342.6	2123.6	3149.7
113.6	694.0	1334.6	2109.0	3123.5
112.3	699.0	1336.0	2097.6	3124.9
111.1	702.6	1336.7	2124.9	3161.0
110.5	699.8	1305.9	2138.4	3167.2
110.1	692.3	1311.8	2152.2	3194.7
112.4	673.0	1302.0	2149.4	3257.2
111.4	663.0	1292.9	2156.7	3265.1
110.7	646.6	1291.7	2166.1	3234.9
109.2	606.4	1272.3	2182.1	3257.2
109.0	564.7	1257.5	2211.3	3288.1
108.0	523.0	1253.6	2249.5	3272.4
107.3	468.6	1244.4	2265.1	3364.7
105.7	451.8	1356.9	2420.0	3956.1
0.0	377.7	1371.5	2682.9	4283.3
108.1	385.7	1599.5	3035.4	4759.6
63.5	574.1	1847.2	3108.2	4486.3
102.6	681.6	1674.4	2857.1	4139.4
122.4	945.1	1702.7	2862.7	3916.8
114.3	882.6	1681.8	2980.4	3716.0
134.8	582.6	1563.3	2970.2	3477.4
133.3	465.7	1518.1	2595.6	3201.5
123.7	425.4	1459.2	2292.4	3015.6
116.5	380.6	1454.6	2185.1	3066.3
127.3	381.3	1495.6	2103.6	2991.9
167.3	421.0	1487.8	1914.8	2864.0
176.5	424.9	1507.3	1925.2	3014.8
103.5	397.7	1523.0	2018.2	3298.6
169.7	400.4	1483.7	1819.5	3040.0
131.7	394.4	1507.8	1820.9	2818.4
128.1	416.4	1553.3	1890.0	2857.7
128.2	457.4	1622.1	2009.2	3089.8
134.5	885.7	1774.2	2294.8	3198.9
137.8	1133.7	1985.5	2664.0	3270.9
113.2	1494.7	2180.4	2809.9	3458.7
0.0	671.2	2054.0	2834.8	3279.5
0.0	746.7	1907.4	2947.9	3405.1
0.0	814.9	1824.7	2964.6	3508.8
105.3	1048.6	2077.3	3124.6	3638.8
101.7	901.3	2099.2	3060.7	3712.2
0.0	829.4	2037.0	2998.4	3782.6
0.0	801.7	1881.8	2944.1	3759.9
88.9	1104.3	2035.7	2967.2	3759.6
0.0	875.8	1858.2	2764.1	3699.7
0.0	755.4	1765.8	2633.5	3631.1
0.0	661.2	1706.6	2711.4	3472.7
0.0	595.2	1674.3	2651.7	3361.2
0.0	632.0	1659.5	2672.5	3444.7
67.4	892.2	1646.6	2627.2	3590.2
0.0	546.0	1636.1	2575.7	3620.4
0.0	550.8	1592.5	2547.4	3509.1
0.0	877.2	1654.2	2579.9	3472.4
