0.0	0.0	0.0	0.0	0.0
0.0	0.0	0.0	0.0	0.0
0.0	0.0	0.0	0.0	0.0
0.0	825.5	1698.0	2667.3	3509.7
0.0	821.9	1716.8	2541.7	3363.0
0.0	782.5	1753.9	2496.4	3432.3
0.0	780.4	1661.0	2489.1	3480.4
0.0	654.8	1629.3	2582.1	3483.2
0.0	679.7	1647.5	2570.9	3503.8
0.0	699.5	1670.3	2617.3	3382.2
0.0	774.0	1681.7	2764.0	3161.8
0.0	1024.3	1765.4	2681.8	3257.5
0.0	1083.7	1610.3	2589.4	3320.6
0.0	647.2	1672.4	2609.2	3277.2
0.0	640.3	1773.0	2563.8	3277.6
0.0	520.8	1768.3	2529.0	3309.4
113.2	561.5	1783.5	2442.7	3322.2
0.0	522.3	1803.5	2363.1	3215.2
0.0	479.8	1873.1	2276.5	3101.2
0.0	471.6	1914.9	2303.8	3368.6
115.4	372.8	1847.0	2325.0	3528.7
112.3	549.6	1668.7	2427.1	3399.6
124.8	506.7	1652.7	2481.0	3336.2
65.9	830.2	1668.2	2441.0	3318.3
142.9	1047.9	1609.8	2461.8	3339.7
0.0	1101.5	1527.0	2489.5	3437.4
0.0	1099.7	1551.0	2518.9	3542.9
0.0	930.6	1389.2	2473.0	3471.7
0.0	1158.1	1823.5	2550.7	3477.9
0.0	830.3	1184.9	2459.5	3465.0
0.0	839.8	1102.2	2385.9	3621.8
0.0	475.6	1072.1	2368.8	3466.8
133.3	689.9	1118.1	2265.8	3353.7
480.0	765.7	1161.7	2204.5	3371.1
444.4	613.9	1040.0	2248.2	3406.1
134.8	647.6	1109.0	2327.5	3321.1
0.0	527.3	1120.5	2234.9	3208.9
178.3	463.4	1200.2	2218.5	3188.0
152.9	448.7	1267.8	2204.0	3168.8
153.4	467.6	1358.0	2177.5	3223.0
154.6	475.4	1466.4	2110.8	3251.2
154.5	493.7	1577.8	2118.1	3304.6
153.9	439.9	1652.4	2093.8	3351.4
151.8	447.0	1752.2	2370.6	3371.0
85.4	299.7	1717.3	2527.5	3358.6
83.9	420.7	1379.8	2479.9	3288.3
64.5	773.9	1452.0	2533.7	3241.8
0.0	1081.6	1752.2	2614.0	3350.4
151.9	1083.9	1802.7	2590.6	3420.8
0.0	845.2	1549.8	2439.0	3449.7
0.0	1052.7	1648.2	2523.5	3409.9
0.0	783.7	1474.2	2376.3	3376.3
0.0	864.7	1598.3	2394.2	3388.5
0.0	853.4	1533.4	2442.7	3327.0
0.0	967.0	1560.6	2417.4	3416.9
0.0	690.6	1780.3	2617.2	3607.8
0.0	696.7	1812.5	2771.4	3600.2
0.0	658.4	1780.5	2657.4	3467.5
187.5	787.8	1681.1	2666.8	3365.0
153.8	692.9	1627.4	2587.4	3297.5
0.0	674.1	1503.4	2583.0	3330.6
0.0	598.8	1465.7	2517.1	3322.0
0.0	601.0	1424.2	2512.4	3199.5
151.8	599.8	1445.1	2635.1	3171.2
143.5	591.1	1472.4	2646.6	3109.1
141.8	570.6	1513.0	2640.1	3120.8
138.8	546.6	1553.3	2651.3	3151.2
136.6	508.0	1573.7	2658.6	3139.6
134.8	525.7	1575.4	2659.0	3256.2
131.1	368.9	1571.3	2651.8	3275.8
108.1	545.0	1441.1	2508.0	3279.3
251.1	907.7	1443.9	2486.9	3399.0
64.1	888.1	1509.0	2584.9	3320.3
0.0	797.1	1966.8	2848.6	3402.0
0.0	931.5	2243.3	3012.9	3484.3
0.0	799.0	2237.3	2984.7	3446.6
0.0	828.8	2416.2	2970.8	3369.1
0.0	957.9	2387.5	2860.9	3296.2
0.0	539.0	2046.5	2694.2	3282.7
375.0	1450.0	2523.4	3093.9	3418.7
84.5	1070.3	2330.2	2985.0	3447.6
72.3	582.5	1594.8	2738.6	3332.6
79.5	957.0	1828.6	2749.6	3419.7
0.0	735.2	1768.9	2680.9	3454.4
0.0	576.2	1676.6	2604.8	3393.2
0.0	599.8	1680.5	2568.1	3208.8
147.9	626.6	1635.5	2516.6	3077.0
131.2	656.3	1605.0	2503.8	3009.2
127.1	678.4	1584.1	2554.8	3043.6
124.0	705.6	1565.4	2591.8	3079.1
123.0	710.5	1530.8	2591.4	3078.8
121.8	708.4	1490.8	2597.4	3031.5
120.1	704.6	1455.7	2637.2	3008.7
120.2	700.8	1427.3	2634.9	2997.3
119.1	702.8	1409.6	2590.0	2877.8
118.2	692.2	1396.5	2534.0	2858.5
117.4	672.8	1368.7	2414.6	2797.4
115.8	558.4	1342.6	2261.9	2861.4
109.9	435.4	1304.3	2237.9	2886.2
113.0	417.8	1250.8	2302.4	2886.7
111.9	363.0	1202.0	2342.7	2899.3
110.6	662.1	1352.1	2322.1	2933.4
112.3	660.9	1401.0	2265.3	2860.1
111.0	620.0	1415.4	2179.4	2854.7
107.8	537.3	1297.2	1821.0	2803.9
106.9	526.5	1352.1	1805.3	2744.3
104.9	511.7	1415.2	1883.4	2712.6
104.0	461.3	1488.1	1966.9	2706.9
103.0	389.3	1593.6	2161.7	2749.0
102.2	364.2	1696.5	2389.6	2857.7
101.8	400.4	1768.1	2482.3	2927.1
101.1	403.6	1777.1	2596.6	3071.3
99.6	398.7	1734.2	2653.4	3331.6
97.8	391.5	1681.2	2688.6	3562.7
96.0	567.8	2022.6	3135.5	3767.0
91.6	1202.6	2325.2	3340.0	3801.0
92.3	506.4	1692.6	3214.2	3710.1
545.5	406.1	1576.0	2953.0	3563.4
0.0	430.9	1460.3	2618.1	3511.0
104.3	442.9	1381.9	2529.9	3226.7
106.2	472.8	1337.2	2469.9	3079.0
106.2	542.7	1286.3	2398.9	3002.3
105.8	574.1	1241.1	2342.0	2955.0
104.9	572.4	1222.6	2328.1	3029.8
104.2	589.3	1185.8	2353.0	3037.9
104.0	586.0	1114.9	2335.7	2906.6
102.9	586.1	1067.0	2319.1	2834.0
101.0	587.4	1053.6	2340.3	3050.3
100.0	570.5	1028.6	2338.1	3126.8
97.5	564.4	981.1	2300.3	3088.8
96.0	551.7	941.4	2263.1	3037.3
95.2	480.3	931.7	2310.6	3195.9
94.4	447.2	992.5	2390.9	3440.7
92.6	955.0	1349.8	2593.2	3444.9
86.3	564.0	1325.5	2548.0	3159.5
79.5	1069.9	1706.6	2641.5	3322.7
0.0	1036.5	1652.2	2561.3	3344.4
0.0	1090.1	1820.0	2551.2	3332.2
0.0	959.5	1901.8	2755.2	3353.9
0.0	433.4	1593.8	2605.8	3493.5
0.0	495.9	1491.1	2631.9	3639.1
0.0	644.4	1489.5	2609.0	3683.9
210.5	602.6	1489.5	2596.7	3532.3
67.4	564.7	1469.2	2684.6	3493.2
0.0	523.0	1487.2	2656.6	3493.1
0.0	458.9	1497.6	2588.7	3373.5
110.6	429.7	1520.8	2622.3	3387.6
109.8	393.8	1507.9	2611.1	3393.7
0.0	405.6	1505.8	2565.0	3267.8
99.2	367.0	1444.8	2484.0	3341.3
115.6	259.7	1386.0	2407.1	3353.2
82.4	859.3	1537.1	2494.4	3454.3
0.0	810.4	1435.8	2525.0	3207.0
79.5	378.4	1409.7	2512.1	3239.9
89.6	384.7	1540.1	2464.1	3258.3
82.8	710.9	1567.6	2406.7	3208.0
82.2	504.0	1601.9	2448.0	3247.8
77.9	637.3	1471.7	2404.0	3198.7
78.9	676.0	1497.4	2410.7	3456.6
0.0	815.3	1547.6	2445.7	3538.5
336.3	744.5	1489.7	2445.5	3448.8
267.7	766.0	1508.4	2292.2	3394.9
0.0	806.5	1520.3	2416.5	3271.0
0.0	803.9	1495.8	2551.3	3336.9
0.0	796.5	1450.4	2373.9	3331.6
244.9	822.7	1467.1	2389.7	3308.6
250.0	837.2	1427.4	2402.1	3239.2
125.0	812.6	1397.5	2634.6	3358.0
0.0	805.4	1493.8	2424.0	3266.0
292.7	823.1	1452.7	2270.9	3312.3
226.4	839.7	1368.6	2438.9	3345.7
