0.0	0.0	0.0	0.0	0.0
0.0	0.0	0.0	0.0	0.0
0.0	0.0	0.0	0.0	0.0
0.0	803.3	1767.7	2631.5	3520.4
0.0	865.0	1808.7	2682.4	3487.5
0.0	955.8	1825.6	2713.8	3465.4
0.0	881.6	1769.3	2647.3	3497.4
0.0	967.5	1757.4	2607.7	3567.2
0.0	850.6	1716.8	2662.2	3480.4
0.0	828.4	1812.6	2629.0	3431.9
0.0	848.0	1782.9	2617.2	3398.5
0.0	891.8	1745.1	2601.8	3306.2
0.0	913.6	1648.4	2526.5	3347.0
0.0	731.9	1751.4	2495.3	3526.4
0.0	741.2	1674.0	2441.4	3379.9
0.0	701.9	1736.1	2423.3	3290.8
0.0	635.7	962.9	2337.8	3159.1
0.0	743.5	1194.9	2365.7	3235.3
0.0	665.5	1324.7	2389.8	3193.1
0.0	543.2	1538.5	2415.4	3255.6
0.0	518.0	1587.5	2442.1	3376.2
139.9	477.9	1560.3	2423.7	3445.5
129.0	274.2	1525.1	2412.5	3481.4
125.9	261.4	1514.7	2384.0	3451.3
125.9	277.8	1515.3	2353.4	3455.4
123.6	310.6	1526.4	2344.7	3475.8
122.5	488.9	1604.5	2317.0	3527.4
266.7	490.5	1740.9	2357.7	3566.4
124.0	502.0	1868.0	2331.1	3537.2
125.0	485.1	1989.8	2267.1	3563.1
123.7	512.5	2025.7	2169.7	3603.1
125.0	292.4	2023.9	2150.4	3599.4
116.5	229.2	1997.3	2224.8	3585.7
227.0	862.8	1814.2	2255.7	3577.6
227.1	397.9	1910.5	2214.9	3483.4
226.4	464.7	1957.2	2349.5	3527.5
0.0	526.8	1870.7	2382.6	3553.5
153.0	617.3	1737.4	2397.5	3475.0
148.6	646.9	1653.1	2379.8	3406.3
142.9	681.5	1548.6	2384.7	3390.2
139.5	712.0	1461.9	2415.6	3429.6
122.4	731.9	1374.7	2426.4	3356.1
115.4	711.5	1317.3	2407.3	3259.7
125.0	730.2	1266.7	2446.6	3248.9
130.4	711.5	1188.0	2427.0	3278.9
137.9	712.8	1154.1	2438.6	3317.6
153.8	715.1	1136.9	2401.4	3386.5
150.0	657.5	1121.2	2510.5	3458.9
147.8	662.2	1276.4	2579.6	3471.8
143.6	790.6	1371.9	2554.4	3469.0
130.4	792.3	1214.7	2437.1	3465.3
115.4	794.1	1139.6	2402.0	3451.9
104.3	758.8	1076.1	2409.1	3471.8
112.1	766.1	1078.0	2457.2	3486.4
0.0	687.6	1057.7	2536.6	3491.9
157.9	567.1	916.9	2486.2	3500.8
181.2	556.4	900.5	2464.6	3513.6
184.3	542.2	887.7	2390.1	3394.9
185.2	554.8	868.2	2425.2	3422.4
181.8	601.3	879.6	2557.3	3478.9
182.3	532.8	753.8	2519.1	3471.2
180.6	614.0	2051.7	2801.1	3613.2
178.0	550.9	2092.8	2740.5	3657.9
173.3	633.0	2010.5	2727.6	3763.5
170.8	598.7	2084.0	2724.1	3753.7
172.2	897.6	2220.2	2654.6	3794.2
164.7	490.7	978.7	2505.9	3602.4
160.4	955.7	2194.5	2511.6	3808.3
154.3	492.8	1210.3	2287.4	3259.6
148.9	497.8	1425.0	2273.3	3205.1
142.9	505.0	1570.7	2339.5	3248.2
136.4	484.6	1640.1	2389.9	3291.7
131.9	480.0	1671.0	2402.6	3292.3
125.0	462.8	1643.4	2387.1	3280.2
121.2	521.6	1624.9	2279.3	3327.0
110.2	588.2	1436.6	2200.3	3291.6
101.9	243.2	1494.5	2273.4	3452.2
239.1	256.6	1486.6	2244.9	3502.5
63.5	256.6	1438.3	2204.6	3352.0
0.0	250.0	1387.6	2208.9	3249.9
0.0	235.3	1447.4	2209.8	3283.1
112.1	251.3	1335.2	2206.8	3266.6
125.0	270.4	1337.9	2187.7	3230.9
131.5	453.0	1670.9	2328.8	3314.7
138.5	475.0	1768.1	2504.2	3457.0
146.5	472.6	1794.2	2587.1	3524.1
153.4	506.0	1814.9	2630.9	3553.0
160.0	517.1	1827.8	2666.8	3594.1
167.0	456.2	1828.4	2698.0	3687.0
173.5	426.9	1789.5	2675.2	3715.9
176.9	436.2	1736.4	2627.5	3587.3
175.5	390.3	1493.2	2433.7	3417.0
83.2	590.1	1852.1	2690.0	3582.1
168.9	306.3	869.8	2634.7	3465.4
169.0	601.0	1660.0	2635.0	3358.7
169.0	331.4	925.3	2469.5	2791.3
162.2	430.3	1246.0	2474.7	2732.3
157.9	450.4	1267.4	2641.0	2857.8
146.3	539.5	1434.1	2698.1	3518.0
135.2	587.4	1455.7	2767.4	3529.1
252.0	617.7	1452.1	2740.7	3447.7
118.8	626.8	1450.8	2669.1	3331.5
113.2	634.9	1473.0	2633.8	3225.3
111.1	623.6	1522.2	2571.1	3173.6
109.1	612.3	1616.2	2469.0	3203.8
111.1	590.7	1709.3	2370.5	3201.2
108.1	569.5	1849.1	2299.4	3199.8
111.1	525.2	1926.9	2306.1	3259.2
109.1	437.4	1978.8	2370.9	3306.6
110.1	406.8	1971.0	2410.2	3394.4
111.0	293.7	1908.2	2381.2	3391.0
111.2	237.3	1879.1	2368.3	3396.6
97.6	231.5	1687.2	2533.5	3405.0
126.3	249.0	1676.5	2686.7	3410.0
0.0	1125.3	1888.7	2721.3	3388.1
230.8	810.8	1807.5	2652.3	3386.9
0.0	667.2	1799.3	2532.1	3417.8
0.0	747.8	1875.4	2649.1	3429.2
0.0	976.3	2125.0	2855.7	3490.7
0.0	1022.0	2159.1	2754.4	3518.8
0.0	826.8	2106.7	2707.4	3498.7
0.0	737.6	2309.4	2751.0	3523.0
0.0	625.1	2217.2	2725.6	3534.5
0.0	842.4	2101.0	2657.4	3485.6
0.0	715.2	2048.8	2634.0	3446.4
0.0	682.8	2041.5	2570.2	3424.9
200.0	779.6	2013.4	2500.3	3451.1
0.0	396.2	1956.7	2343.8	3337.5
0.0	334.3	1860.3	2201.8	3328.7
171.4	314.8	1681.2	2138.4	3314.1
156.2	311.3	1545.6	2177.1	3325.9
153.3	301.9	1429.0	2173.7	3373.9
151.6	295.9	1380.4	2196.5	3375.9
145.6	301.5	1388.4	2209.2	3294.7
138.1	382.0	1427.3	2199.3	3266.1
138.8	336.0	1541.4	2226.2	3282.0
133.2	440.5	1635.7	2257.0	3361.2
128.8	433.5	1682.6	2342.3	3433.9
122.4	377.2	1696.4	2384.3	3466.7
119.0	472.5	1710.0	2445.3	3492.4
111.1	456.1	1711.4	2447.4	3495.4
109.9	657.2	1679.3	2465.0	3499.3
107.1	800.4	1663.2	2576.8	3691.4
0.0	752.0	1740.9	2751.9	3674.7
0.0	778.0	1931.2	2899.9	3796.1
210.5	820.0	2022.8	2944.3	4035.3
99.2	398.1	1620.3	2747.2	3676.4
86.3	822.1	1660.0	2585.7	3463.1
0.0	766.5	1665.6	2591.6	3495.3
0.0	1040.3	1745.1	2620.8	3462.4
0.0	1073.8	1698.6	2597.1	3429.2
0.0	306.4	1533.8	2402.9	3287.6
0.0	667.0	1670.9	2476.4	3459.5
0.0	725.0	1707.4	2573.2	3587.7
0.0	764.9	1774.7	2537.0	3553.7
131.9	845.0	1721.4	2622.5	3455.4
83.9	885.6	1568.8	2646.3	3412.2
0.0	865.8	1481.8	2576.8	3377.6
0.0	765.5	1333.9	2558.6	3317.1
158.1	715.4	1209.4	2503.3	3307.6
144.4	720.8	1323.6	2492.4	3415.0
143.4	710.4	1379.0	2414.4	3458.6
140.4	728.8	1412.5	2346.0	3388.8
137.9	681.7	1468.7	2302.7	3333.1
135.4	668.4	1532.9	2259.6	3341.8
131.7	681.1	1588.1	2143.4	3376.9
130.6	660.1	1608.9	2064.5	3415.5
127.1	635.5	1616.4	2013.5	3457.8
127.7	613.0	1609.7	1945.4	3480.6
123.7	576.4	1604.1	1863.2	3514.4
123.7	545.3	1561.1	1804.6	3552.5
120.0	523.8	1544.1	1767.8	3589.0
118.8	481.5	1506.2	1723.3	3624.3
121.2	476.8	1460.8	1682.3	3639.3
121.2	486.0	1475.4	1701.2	3648.4
120.3	478.1	1496.2	1732.8	3609.8
120.0	485.0	1526.3	1771.3	3465.2
121.7	490.1	1550.9	1884.4	3203.6
121.2	487.7	1584.9	2012.3	2722.9
118.8	536.3	1600.1	2112.4	2453.0
114.3	267.3	1611.7	2200.1	2438.4
109.0	475.5	1639.7	2226.4	2469.4
238.4	501.9	1653.4	2199.2	2639.1
221.2	561.5	1651.1	2199.1	3181.2
110.6	607.2	1635.0	2215.4	3405.2
111.4	649.7	1604.0	2235.2	3385.9
113.2	699.4	1507.9	2267.6	3379.1
113.2	728.7	1424.3	2312.4	3417.2
117.9	720.6	1375.1	2303.9	3390.8
111.2	705.0	1374.8	2357.8	3337.8
111.3	709.2	1329.8	2366.9	3381.9
115.6	724.3	1288.0	2409.8	3413.0
114.8	730.8	1229.8	2430.0	3440.7
114.6	729.7	1174.7	2435.3	3394.0
112.3	705.0	1094.3	2432.0	3356.2
111.2	657.4	1017.9	2455.5	3312.0
113.2	640.7	969.4	2444.3	3302.1
111.1	634.9	918.7	2465.6	3292.6
106.2	614.4	894.3	2505.4	3287.5
101.7	559.4	851.9	2540.9	3260.2
151.9	594.0	824.8	2504.4	3220.1
200.0	585.3	856.4	2435.1	3195.8
167.4	463.5	803.8	2331.5	3171.7
133.3	412.5	831.7	2375.3	3202.5
226.4	683.3	1395.6	2607.6	3322.3
78.9	732.2	1776.6	2394.2	3315.1
0.0	709.1	1309.9	2269.7	3418.2
211.3	832.5	1514.3	2567.5	3472.5
266.7	764.2	1536.3	2518.2	3379.6
0.0	995.5	1729.9	2521.8	3369.1
0.0	941.1	1849.1	2560.1	3308.5
0.0	861.1	1710.8	2526.0	3416.2
0.0	806.6	1735.0	2608.0	3470.4
