0.0	0.0	0.0	0.0	0.0
0.0	0.0	0.0	0.0	0.0
0.0	0.0	0.0	0.0	0.0
0.0	675.3	1865.7	2654.6	3302.9
0.0	687.9	1713.9	2554.3	3381.3
0.0	722.3	1732.0	2545.4	3468.2
0.0	734.7	1617.9	2517.0	3423.5
0.0	821.7	1644.1	2519.8	3403.9
0.0	846.1	1785.2	2614.6	3439.8
0.0	731.5	1674.5	2391.3	3371.2
0.0	706.3	1678.0	2335.0	3339.5
0.0	644.5	1588.1	2248.0	3422.5
0.0	574.4	1206.9	2221.3	3420.4
190.5	551.2	1145.4	2197.0	3268.2
0.0	545.0	1163.1	2115.9	3248.6
222.2	721.6	1313.2	2122.3	3302.0
211.9	599.1	1310.4	2151.4	3199.6
206.9	623.1	1703.1	2501.2	3472.3
0.0	574.9	1735.0	2608.6	3573.4
0.0	534.3	1736.1	2573.6	3591.4
0.0	541.7	1778.5	2513.2	3613.1
128.0	549.5	1822.3	2545.1	3575.2
131.2	574.2	1856.7	2555.0	3543.3
131.4	582.3	1849.5	2555.2	3536.2
133.6	581.4	1865.7	2575.4	3589.4
140.4	594.6	1879.6	2585.7	3570.9
142.4	557.8	1890.7	2624.4	3541.4
146.8	580.7	1862.7	2638.6	3506.9
149.5	563.8	1846.1	2658.4	3558.9
153.6	542.6	1784.7	2615.0	3586.8
155.8	553.3	1660.9	2525.2	3566.0
153.6	576.2	1639.4	2358.9	3360.0
159.9	594.2	1643.1	2360.5	3346.3
159.6	575.6	1643.3	2298.7	3217.5
160.0	562.9	1793.8	2478.1	3577.3
157.9	551.8	1987.9	2658.7	3633.0
156.9	512.9	2139.4	2716.1	3563.3
150.9	520.7	2176.5	2731.4	3514.4
146.4	505.1	2227.9	2726.0	3420.7
143.7	505.6	2279.0	2753.3	3404.8
142.1	514.9	2301.4	2678.0	3355.7
143.1	504.8	2329.3	2696.7	3462.5
143.8	488.7	2345.9	2695.1	3529.3
144.5	494.3	2320.2	2713.3	3492.2
145.0	459.9	2315.1	2708.2	3458.9
146.6	462.8	2286.0	2676.0	3447.7
146.4	456.4	2287.3	2696.9	3456.4
143.2	464.0	2236.5	2675.4	3418.3
141.2	457.9	2202.0	2651.3	3377.0
139.2	457.4	2137.3	2533.4	3339.6
135.6	493.4	2055.0	2566.8	3245.3
133.1	510.0	1974.5	2507.9	3176.2
129.4	529.2	1893.2	2460.4	3184.7
125.0	557.0	1839.3	2393.0	3153.9
124.1	600.5	1754.9	2353.1	3043.8
125.6	550.5	1688.4	2288.2	2908.6
128.2	545.6	1645.1	2236.3	2875.1
134.6	559.9	1606.1	2121.1	2815.1
139.0	540.4	1574.0	1978.1	2789.0
141.4	530.6	1520.6	1936.6	2805.3
142.2	545.3	1456.9	1899.0	2803.7
141.5	527.2	1438.4	1902.6	2988.2
141.2	531.4	1414.5	1854.3	2950.2
140.8	541.4	1418.7	1829.6	2850.7
141.3	531.1	1428.0	1842.3	2872.6
141.9	536.6	1431.4	1838.0	3051.6
143.0	523.4	1447.2	1848.7	3359.1
144.0	500.5	1449.2	1833.6	3476.7
143.7	488.2	1485.9	1821.6	3160.4
143.1	448.6	1525.2	1818.2	2854.9
141.9	436.3	1537.4	1823.1	2681.0
139.2	473.6	1540.8	1899.4	2612.7
135.0	686.0	1631.2	2301.2	2371.6
128.6	346.6	1585.8	2408.2	2711.8
63.5	318.7	1559.2	2532.9	3277.6
132.4	257.5	1576.9	2487.6	3542.1
129.5	257.4	1727.9	2487.1	3549.3
123.9	231.5	1769.2	2507.7	3448.1
227.4	902.9	1793.7	2544.0	3614.6
225.8	584.6	1839.7	2500.5	3510.0
218.2	406.7	1909.1	2578.6	3499.7
0.0	383.7	1975.8	2592.6	3516.0
116.9	386.4	2020.6	2619.2	3523.1
114.0	394.9	2045.1	2610.2	3506.6
112.3	421.2	2053.8	2586.9	3378.4
111.7	439.1	2030.7	2553.5	3373.7
112.2	449.8	1998.3	2509.9	3338.2
111.8	452.3	1986.9	2480.2	3302.5
111.9	468.6	1945.2	2445.6	3271.4
112.7	490.6	1886.7	2430.4	3287.3
115.2	518.5	1814.1	2396.6	3285.1
117.4	554.2	1706.2	2369.2	3294.2
121.2	582.6	1668.6	2379.4	3271.9
124.3	619.9	1645.4	2401.4	3268.6
125.6	649.2	1570.5	2409.3	3299.7
127.4	663.9	1540.4	2410.2	3279.2
130.4	674.2	1502.0	2451.6	3283.1
132.7	669.9	1398.7	2452.5	3254.7
134.6	665.1	1384.5	2477.9	3259.3
139.3	684.9	1375.5	2506.0	3302.7
141.6	673.0	1307.9	2528.6	3293.9
144.6	671.9	1276.0	2552.6	3268.6
148.0	627.3	1280.9	2573.4	3152.6
150.4	605.3	1301.6	2452.9	2910.1
151.7	487.0	1296.9	2327.7	2781.6
147.5	477.1	1387.9	2343.1	2833.5
147.3	516.6	1386.9	2375.7	2776.8
149.7	558.5	1431.2	2621.8	3251.5
151.8	527.2	1428.4	2044.6	2753.6
151.9	525.7	1440.2	1881.1	2662.6
151.0	487.3	1436.4	1665.3	2587.2
149.6	489.3	1467.7	1694.7	2563.8
143.7	538.1	1511.3	2253.5	2983.3
136.5	378.7	1512.5	2010.6	3222.5
65.3	382.1	1504.8	2169.0	3275.7
134.9	369.1	1515.7	2385.6	3261.5
130.8	359.2	1720.5	2188.1	3306.0
127.6	293.1	1749.1	2262.1	3368.5
123.9	286.1	1581.1	2355.1	3359.6
125.0	244.5	1455.5	2378.0	3407.6
123.5	663.6	1513.8	2443.0	3185.1
128.8	769.8	1513.5	2558.3	3092.1
0.0	508.5	1397.3	2388.3	3117.0
142.9	509.2	1249.9	2367.3	3064.2
134.9	530.2	1174.8	2382.2	3001.5
132.8	510.6	1099.3	2404.2	3016.4
131.8	510.5	998.0	2419.3	2982.2
131.0	517.8	986.2	2389.6	2958.5
131.4	527.1	1022.0	2381.2	2909.9
132.4	517.6	1007.9	2330.7	2826.9
134.8	538.4	1035.0	2268.8	2789.5
135.7	539.0	1072.4	2192.0	2765.7
136.7	527.5	1084.2	2008.0	2714.2
137.3	561.4	1120.4	1812.7	2665.9
138.2	538.9	1110.5	1746.1	2648.9
138.3	561.7	1132.5	1716.8	2647.4
139.5	558.5	1150.2	1716.5	2674.2
139.7	549.6	1167.7	1799.5	2647.9
140.1	522.4	1173.2	2001.4	2583.6
138.9	488.2	1188.9	2070.3	2556.4
137.2	345.4	1172.1	2114.9	2564.2
130.9	839.5	1230.6	2183.3	2886.8
71.9	803.4	1252.2	2327.5	3093.2
121.9	984.0	1252.2	2478.3	3345.6
166.6	1246.4	1501.0	2545.4	3524.3
0.0	875.7	1619.0	2536.9	3492.8
0.0	1051.8	1690.5	2612.7	3551.6
0.0	1224.3	2033.6	2606.3	3653.0
0.0	1051.4	1934.6	2593.3	3573.7
0.0	925.5	1239.2	2518.4	3474.1
0.0	950.8	1250.0	2421.8	3515.9
0.0	878.9	1273.0	2351.0	3654.1
203.4	795.1	1329.6	2484.8	3839.7
480.0	696.5	1274.9	2677.3	3734.3
279.1	738.1	1245.7	2613.5	3382.9
279.1	842.0	1311.4	2665.0	3328.2
102.6	754.2	1253.6	2642.4	3372.3
0.0	571.6	1120.6	2590.7	3391.6
140.3	544.2	1099.6	2639.3	3428.1
132.7	526.3	1104.6	2634.8	3385.5
126.9	516.6	1113.0	2631.5	3335.7
123.4	519.4	1124.5	2619.1	3251.6
122.1	525.7	1142.2	2593.3	3246.6
120.8	522.4	1143.3	2574.1	3287.5
119.1	512.9	1145.2	2544.8	3267.5
117.0	496.3	1148.7	2524.1	3244.9
114.7	493.3	1133.6	2510.4	3228.7
113.7	476.5	1138.9	2513.6	3209.2
112.1	463.1	1160.2	2495.7	3226.7
110.0	452.2	1191.7	2494.2	3312.1
108.1	443.6	1231.1	2536.6	3337.7
106.0	422.7	1273.4	2546.5	3363.3
104.1	417.7	1299.9	2541.9	3422.0
102.1	406.0	1364.6	2558.6	3466.2
99.7	393.2	1459.5	2545.3	3566.0
96.3	401.4	1506.1	2537.0	3562.1
94.5	636.6	1498.1	2644.4	3511.7
89.6	424.5	1517.3	2844.7	3689.2
90.2	523.3	1509.5	2539.5	3625.4
89.6	557.4	1499.0	2425.3	3506.1
88.9	476.4	1522.3	2496.5	3486.7
202.4	516.4	1565.6	2454.7	3548.0
93.2	513.4	1580.1	2562.6	3632.2
90.4	546.9	1587.9	2627.8	3568.1
90.1	553.9	1655.7	2432.5	3457.2
89.4	563.5	1734.9	2430.8	3364.4
88.4	576.1	1770.5	2476.6	3371.7
86.9	546.2	1767.0	2433.3	3490.7
84.5	536.9	1682.2	2374.8	3571.8
79.7	573.1	1667.6	2269.8	3714.5
89.6	586.4	1634.1	2142.8	3751.6
88.2	555.4	1383.5	2256.4	3537.2
123.1	520.9	1719.4	2310.5	3478.8
184.3	519.3	1267.3	2301.9	2921.8
0.0	605.6	1249.2	2277.1	2934.2
217.5	583.2	1443.4	2310.4	3082.2
99.2	623.2	1440.5	2230.4	3055.1
91.4	632.1	1503.1	2281.0	3247.7
111.1	640.5	1648.1	2310.2	3452.2
85.1	636.1	1685.1	2282.5	3640.5
0.0	648.1	1559.0	2226.5	3665.2
87.6	592.8	1787.4	2335.2	3669.1
0.0	550.8	1834.5	2431.2	3627.1
0.0	777.9	1960.9	2436.9	3567.9
0.0	687.5	1948.5	2338.3	3539.7
78.4	703.1	1935.2	2547.0	3538.4
0.0	544.0	1934.0	2587.0	3585.5
0.0	658.7	1830.0	2550.1	3597.4
74.4	699.4	1885.7	2634.0	3615.9
0.0	973.5	1924.4	2582.9	3639.9
0.0	891.5	1868.9	2553.9	3608.9
0.0	734.8	1899.4	2466.5	3615.7
