0.0	0.0	0.0	0.0	0.0
0.0	0.0	0.0	0.0	0.0
0.0	0.0	0.0	0.0	0.0
0.0	661.9	1626.8	2515.6	3279.7
0.0	857.9	1683.2	2617.4	3308.2
0.0	886.6	1596.7	2504.6	3215.3
0.0	666.2	1496.8	2279.7	3145.9
0.0	626.6	1458.2	2323.5	3260.2
0.0	633.0	1394.6	2361.8	3390.7
0.0	538.4	1299.9	2255.7	3415.2
0.0	558.7	1437.4	2294.2	3411.0
0.0	749.3	1663.2	2454.9	3360.9
0.0	1049.8	1675.9	2535.7	3310.9
0.0	541.3	1393.4	2349.3	3292.2
0.0	589.6	1271.7	2254.9	3266.6
0.0	577.0	1276.0	2203.6	3263.6
0.0	531.1	1406.6	2178.5	3198.1
0.0	502.3	1478.4	2248.0	3107.3
0.0	532.4	1563.4	2418.5	3203.5
126.8	541.8	1691.2	2393.6	3295.2
127.1	552.3	1751.2	2414.2	3284.8
124.0	540.7	1775.7	2448.1	3291.7
125.3	548.1	1815.9	2437.8	3289.5
127.7	534.9	1804.3	2405.6	3246.8
130.6	514.3	1771.7	2386.3	3220.9
137.3	467.8	1693.0	2314.4	3166.5
141.1	444.0	1549.0	2240.4	3137.5
144.3	449.7	1444.9	2301.3	3153.2
146.3	445.0	1469.6	2289.8	3144.3
148.3	434.0	1563.8	2271.7	3170.5
154.5	445.4	1607.2	2219.5	3153.7
162.0	419.2	1718.8	2312.3	3256.5
171.6	376.7	1824.8	2375.0	3297.8
177.8	388.8	1923.8	2480.4	3380.5
183.8	398.9	1952.0	2581.7	3477.8
189.5	395.9	1924.1	2557.3	3582.2
193.6	391.8	1844.5	2538.9	3642.5
194.8	376.4	1743.9	2543.0	3637.7
192.9	376.9	1655.2	2552.9	3619.1
183.8	398.1	1694.2	2541.2	3599.1
176.0	409.0	1682.2	2527.2	3577.2
171.4	429.6	1606.4	2524.9	3559.4
171.4	447.1	1673.7	2547.2	3587.4
174.5	515.3	1721.9	2574.9	3593.3
174.3	536.3	1722.4	2583.2	3573.0
173.6	538.4	1722.6	2543.6	3475.0
172.3	512.1	1704.5	2519.7	3397.3
171.2	508.2	1683.0	2456.2	3349.7
167.5	491.3	1661.4	2377.2	3337.1
166.0	487.9	1642.1	2256.6	2932.5
164.0	499.5	1616.2	2212.9	2723.4
160.3	498.4	1584.0	2075.6	2597.5
158.6	500.4	1562.6	2000.1	2640.8
154.8	468.2	1562.5	1885.9	2608.2
149.7	471.7	1624.7	1981.5	2652.3
146.7	556.9	1697.5	2061.9	2826.6
72.3	598.3	1746.8	2068.3	2916.4
144.0	416.2	1801.8	2219.6	2908.1
142.6	420.4	1847.8	2491.5	3113.0
0.0	470.9	1558.9	2521.4	3187.9
144.6	439.4	1539.5	2399.8	3236.8
142.9	436.8	1521.4	2401.5	3265.8
140.3	485.6	1442.9	2468.6	3312.6
141.0	545.1	1365.6	2569.3	3464.9
140.3	538.2	1323.3	2651.3	3483.9
138.1	559.0	1244.6	2652.5	3546.9
136.3	558.8	1201.7	2534.1	3502.3
131.7	536.5	1151.2	2485.8	3424.9
131.9	530.3	1151.3	2473.7	3534.2
131.0	534.7	1194.3	2502.9	3619.3
131.7	541.0	1253.3	2692.2	3586.1
132.9	531.1	1328.5	2689.4	3542.5
133.4	558.4	1394.9	2642.2	3471.8
137.2	564.5	1430.6	2633.9	3394.8
139.6	533.4	1455.6	2543.9	3291.0
141.8	548.8	1478.4	2513.1	3214.3
144.9	524.8	1476.9	2402.0	3039.9
147.0	517.4	1471.2	2260.0	2957.7
150.7	478.7	1391.3	2142.7	2940.1
152.5	398.4	1304.0	2090.2	2987.6
149.0	439.8	1236.2	1988.0	2976.6
146.0	478.1	1230.9	1941.8	3042.2
148.1	463.0	1224.3	1949.8	2965.3
148.1	493.1	1296.6	1958.1	2876.1
155.8	512.4	1378.0	1988.0	2860.5
160.1	543.2	1455.6	2014.7	2862.9
162.6	554.3	1527.6	2080.3	2865.5
164.3	540.8	1607.1	2114.7	2876.6
165.4	563.4	1654.2	2226.4	2875.5
164.1	527.6	1676.0	2431.8	3035.5
162.6	498.4	1693.7	2460.4	3425.2
161.7	487.7	1646.8	2321.0	3616.8
158.9	494.2	1495.4	2323.5	3232.1
156.9	497.8	1273.5	2308.8	2744.2
154.9	475.5	1225.3	2091.1	2485.8
154.1	501.5	1313.5	2107.0	2593.3
153.5	512.7	1381.1	2152.8	2658.3
152.0	568.3	1536.8	2379.1	3511.0
153.1	539.3	1529.1	2426.4	3597.0
153.0	567.0	1551.7	2526.3	3554.6
150.2	519.9	1547.9	2522.2	3479.1
146.4	465.1	1336.0	2231.7	3323.6
139.8	471.7	1208.0	2191.7	3293.7
139.4	437.4	1171.1	2024.9	3368.3
134.0	457.0	1319.0	2212.7	3270.4
130.5	385.5	1307.7	2416.9	3294.8
131.3	326.4	1515.3	2547.2	3388.5
129.3	292.1	1549.4	2511.2	3489.3
134.6	726.4	1625.6	2537.8	3593.4
0.0	509.6	1661.5	2538.0	3586.3
153.1	539.5	1685.4	2498.5	3579.3
146.7	546.0	1687.1	2535.8	3571.5
141.7	566.7	1691.3	2563.9	3536.9
140.0	558.1	1663.7	2575.1	3504.8
139.9	570.7	1683.0	2575.1	3486.8
142.4	587.6	1666.9	2567.7	3519.0
145.0	607.4	1646.4	2583.6	3550.6
150.1	607.0	1634.5	2582.8	3545.1
153.6	584.7	1603.0	2578.6	3573.0
158.7	572.9	1573.7	2578.0	3572.6
162.4	584.7	1602.0	2593.7	3566.6
162.0	568.8	1587.7	2609.5	3534.6
159.9	561.5	1609.7	2599.1	3548.4
159.8	621.5	1611.2	2669.1	3630.2
155.8	673.7	1602.1	2744.1	3561.5
162.2	808.9	1821.6	2894.5	3529.4
272.7	792.9	1801.6	2929.6	3600.3
0.0	791.5	1664.5	2901.4	3601.6
0.0	913.3	2142.6	3230.9	3685.6
69.8	871.8	2137.2	3358.2	3629.1
0.0	948.4	2021.1	3247.8	3632.3
0.0	1028.4	1929.2	2988.0	3621.1
112.1	1061.2	1972.0	2519.3	3356.4
73.2	713.1	1274.7	2111.1	3206.0
0.0	608.7	1180.9	2131.9	3274.1
0.0	433.1	1352.6	2216.3	3187.0
205.0	485.7	1350.3	2363.2	3310.4
174.8	553.3	1403.9	2576.9	3459.3
177.5	561.0	1442.6	2599.6	3461.9
174.2	605.4	1475.6	2584.7	3399.2
174.0	633.9	1472.2	2543.8	3367.6
177.3	655.5	1456.2	2530.2	3315.2
180.6	651.9	1466.1	2520.8	3334.2
184.7	663.9	1512.5	2521.6	3356.5
186.5	685.7	1531.1	2500.7	3325.9
188.9	678.4	1528.6	2519.4	3319.6
190.8	680.2	1514.8	2548.3	3317.1
192.5	776.7	1490.0	2598.7	3371.7
189.9	736.3	1450.6	2586.5	3375.7
185.1	697.5	1404.8	2541.0	3345.7
179.9	678.5	1360.7	2487.4	3329.9
171.3	681.8	1326.7	2535.6	3330.3
161.7	670.2	1322.6	2534.1	3294.2
148.7	667.4	1289.5	2555.6	3267.7
136.9	644.9	1233.3	2522.9	3304.2
123.4	638.3	1137.9	2329.5	3263.1
116.7	612.7	1134.2	2274.6	3250.7
112.1	588.3	1089.3	2259.8	3221.0
108.9	578.0	1073.3	2216.4	3201.0
107.6	584.3	1027.3	2128.9	3183.4
105.6	647.2	1024.2	2108.7	3138.7
105.2	662.5	1025.1	2130.5	3147.2
106.1	545.6	1005.5	2063.9	3121.2
102.7	659.9	976.6	2043.6	3194.8
101.7	744.5	1208.9	2082.3	3213.0
101.8	1014.3	1658.2	2287.1	3275.0
0.0	746.1	1330.4	2120.5	3277.1
0.0	749.5	1282.3	2124.4	3230.3
0.0	701.4	1425.1	2141.6	3226.1
82.8	671.0	1440.1	2173.9	3319.7
113.2	809.9	1722.0	2279.1	3345.7
0.0	870.4	1726.0	2340.1	3429.7
83.3	599.5	1266.2	2122.1	3309.3
