0.0	0.0	0.0	0.0	0.0
0.0	0.0	0.0	0.0	0.0
0.0	0.0	0.0	0.0	0.0
0.0	626.4	1474.2	2500.8	3565.0
0.0	813.0	1610.8	2597.3	3516.1
0.0	743.2	1608.7	2596.0	3395.4
0.0	649.5	1620.7	2667.4	3384.8
0.0	887.5	1790.6	2611.9	3403.8
0.0	983.7	1865.9	2683.6	3457.3
0.0	839.7	1819.6	2823.1	3519.8
0.0	841.9	1765.3	2743.2	3601.3
0.0	786.5	1765.2	2651.3	3542.6
0.0	1137.7	1903.6	2706.7	3433.0
0.0	1142.4	1863.8	2696.0	3540.6
0.0	839.7	1849.2	2674.3	3488.8
0.0	869.4	1806.7	2634.4	3422.0
0.0	880.7	1791.6	2622.3	3379.4
0.0	676.9	1805.5	2509.2	3475.3
0.0	671.9	1842.9	2457.0	3773.1
0.0	656.2	1833.1	2364.0	3293.2
153.8	644.1	1827.0	2371.4	2977.1
136.4	659.7	1827.3	2455.2	3098.9
136.4	663.9	1783.0	2445.9	2967.4
133.3	649.4	1762.2	2466.5	3191.0
133.9	665.6	1765.8	2416.7	3253.7
134.8	657.3	1731.7	2383.7	3262.2
131.9	650.2	1693.0	2399.0	3449.2
132.5	668.0	1665.2	2407.4	3516.4
130.4	663.8	1618.4	2390.9	3570.6
130.4	660.2	1577.9	2372.9	3652.1
127.7	663.3	1545.2	2358.8	3657.3
126.3	643.1	1509.0	2345.7	3390.0
126.3	624.0	1473.5	2305.8	2936.1
122.7	702.5	1487.4	2281.4	3052.6
111.3	755.2	1568.2	2250.2	3211.1
122.3	1013.0	1624.7	2189.5	3368.0
116.5	830.4	1589.0	2242.1	3437.2
116.5	827.3	1516.9	2271.4	3297.6
111.9	826.0	1439.2	2208.1	3234.9
111.1	859.6	1472.3	2253.9	3290.6
109.1	725.9	1315.6	2304.7	3301.0
122.4	719.8	1264.8	2191.1	3350.4
122.4	764.1	1284.3	2140.4	3380.9
137.9	811.7	1237.4	2165.8	3360.4
144.6	718.6	1137.0	2129.1	3154.8
144.6	682.3	1068.5	2109.0	2889.4
144.6	680.6	1029.6	2139.8	3113.3
147.3	681.0	1013.3	2127.0	3010.6
144.6	644.8	992.9	2141.8	3181.9
144.8	652.6	993.2	2173.0	3195.4
144.6	651.7	967.4	2172.5	3176.0
144.4	647.7	954.2	2189.2	3041.6
144.5	636.6	944.0	2162.1	2940.6
144.2	601.2	925.0	2186.6	3098.2
144.5	631.1	936.3	2164.2	3064.8
144.9	586.8	896.8	2126.4	2811.1
146.6	664.0	901.7	2102.7	2762.6
148.0	650.0	892.3	2114.8	2793.3
149.4	644.2	926.5	2109.2	2707.0
149.9	604.8	958.2	2124.5	2707.0
149.4	586.3	1033.6	2134.1	2699.2
149.5	577.3	1091.5	2168.2	2710.0
148.0	596.2	1129.9	2194.5	2710.5
147.4	372.2	1064.8	2239.9	2786.3
146.2	368.9	1036.0	2301.2	2933.4
146.3	330.4	1029.9	2303.3	2968.0
144.7	333.2	1012.3	2261.5	2924.8
143.9	342.8	997.7	2225.9	2914.0
142.1	329.2	977.2	2219.5	3073.9
139.4	348.6	970.3	2215.4	3126.2
136.7	343.5	1060.0	2276.1	3159.4
132.9	361.3	2151.1	2531.8	3390.6
128.8	362.3	2067.4	2786.3	3468.8
125.3	363.3	2168.1	2946.5	3535.1
121.7	362.8	2138.3	2970.8	3579.6
124.2	406.2	2113.0	2999.0	3528.6
123.7	504.1	2157.3	3002.9	3568.7
127.8	479.5	2145.5	2891.7	3661.9
129.9	434.4	2136.0	2845.3	3719.3
130.4	410.8	2107.6	2756.3	3616.1
130.2	418.3	2070.9	2738.6	3611.0
130.4	412.3	2047.2	2705.7	3622.7
130.4	441.5	2015.1	2687.8	3605.3
130.4	467.0	1955.2	2631.1	3602.4
131.9	460.5	1911.1	2585.1	3608.1
131.9	481.5	1869.4	2488.6	3645.0
131.9	538.8	1827.9	2454.0	3647.8
131.9	516.1	1766.1	2412.7	3734.4
131.9	523.8	1722.8	2357.2	3841.4
131.9	531.6	1703.9	2349.9	3824.5
131.9	537.0	1674.7	2331.1	3844.5
131.9	539.3	1643.7	2330.1	3845.5
131.9	535.8	1618.5	2319.6	3854.7
133.7	531.0	1558.7	2332.9	3873.6
134.5	523.9	1515.6	2379.8	3850.1
134.8	556.1	1590.6	2410.1	3702.6
134.5	782.3	1706.9	2555.6	3691.2
131.8	886.9	1915.1	2909.9	4127.1
67.0	841.0	1881.5	2940.9	4366.9
0.0	756.7	1842.8	2898.3	3801.7
461.5	737.9	1907.7	2981.1	4001.6
173.9	762.9	1849.0	2840.5	3816.6
0.0	742.3	1849.7	2745.4	3643.8
230.8	1088.2	2032.5	2806.6	3633.9
77.9	1046.6	1933.8	2811.6	3683.2
83.9	882.3	1752.8	2795.9	3755.0
400.0	879.3	1874.1	2941.7	3785.0
244.9	938.0	2027.4	2970.7	3732.3
222.2	946.7	1966.8	3026.4	3866.6
0.0	915.8	1976.9	3088.1	3986.1
571.4	847.7	1915.2	2861.4	3807.2
352.9	546.9	1574.3	2463.8	3711.8
0.0	505.1	1475.7	2391.8	3608.0
0.0	511.2	1541.2	2403.5	3758.0
121.2	547.7	1581.1	2388.2	3873.2
114.3	551.6	1598.5	2421.7	3886.0
114.3	534.1	1642.3	2385.2	3855.4
116.5	524.9	1678.4	2328.2	3848.5
115.9	518.3	1723.4	2333.1	3800.7
117.6	512.3	1758.2	2228.0	3726.4
117.6	534.6	1772.7	2261.3	3600.2
117.2	536.5	1745.6	2267.7	3578.4
116.6	543.0	1727.2	2218.6	3365.4
116.0	544.1	1703.9	2192.3	3656.0
116.1	563.1	1656.4	2123.0	3817.0
92.3	582.6	1580.1	2066.9	3722.4
0.0	596.3	1567.2	2041.2	3483.6
167.9	634.5	1455.3	2059.4	3173.9
0.0	646.5	1390.9	2010.5	3181.1
118.8	654.1	1339.3	1954.4	3209.8
136.4	672.0	1295.3	1934.5	3173.3
87.0	684.8	1250.0	1900.5	3144.1
80.0	701.4	1203.7	1905.6	3087.8
94.5	696.3	1165.5	1885.1	3199.1
105.3	670.4	1182.5	1890.0	3314.4
108.8	690.2	1193.0	1855.0	3382.5
109.5	695.5	1184.9	1784.3	3416.0
111.8	693.8	1183.5	1789.3	3441.1
112.5	704.3	1204.3	1766.3	3396.3
111.2	692.1	1204.4	1752.3	3358.2
110.2	690.1	1212.8	1733.6	3301.5
110.4	667.1	1234.9	1717.1	3230.8
110.0	655.2	1253.7	1708.3	3172.5
110.1	632.9	1315.7	1713.4	3130.6
110.4	589.0	1382.5	1737.5	3123.5
111.1	557.6	1478.0	1778.1	3168.0
111.2	476.4	1562.4	1783.3	3389.0
112.3	452.4	1664.0	1796.3	3747.5
112.2	475.2	1742.7	1874.7	3763.7
110.5	290.7	1866.2	2030.6	3708.7
109.7	304.4	1915.0	2361.2	3692.2
108.6	305.6	1916.1	2458.9	3682.6
102.1	328.8	1951.3	2501.8	3634.9
99.9	325.4	1874.4	2776.4	3525.4
95.3	576.4	1807.6	2973.2	3513.4
0.0	657.2	1864.6	2972.3	3631.6
0.0	727.7	1881.4	2969.8	3554.6
112.1	327.0	1939.7	2951.5	3434.2
112.1	328.4	1930.6	2941.2	3548.8
111.1	355.3	1946.2	2871.3	3551.3
106.3	401.8	1995.8	2767.8	3465.6
100.7	384.4	2015.5	2720.6	3403.8
115.4	356.4	2001.8	2607.4	3269.6
0.0	383.3	1987.7	2555.5	3331.8
0.0	375.0	1967.8	2522.7	3409.6
0.0	375.8	1976.4	2467.5	3367.2
0.0	372.4	1969.6	2431.7	3397.8
0.0	365.4	1840.0	2441.4	3358.6
0.0	378.4	1789.0	2437.6	3406.7
0.0	371.4	1807.1	2409.9	3461.6
0.0	368.1	1753.6	2437.3	3538.2
131.6	362.0	1714.4	2434.5	3513.6
0.0	348.8	1679.6	2424.8	3374.2
85.1	294.3	1632.2	2422.2	3340.7
119.0	305.0	1625.2	2477.1	3363.7
0.0	1147.0	1894.4	2763.7	3454.5
122.6	841.9	1806.2	2635.9	3527.0
0.0	636.9	1742.4	2542.6	3603.6
0.0	721.3	1737.2	2512.3	3559.6
352.9	860.6	1722.6	2408.1	3525.7
218.2	815.0	1773.8	2370.9	3536.1
206.9	746.9	1751.8	2440.4	3563.8
88.2	786.5	1771.0	2389.0	3582.1
0.0	831.5	1766.5	2275.0	3582.8
0.0	870.8	1738.1	2295.9	3490.8
0.0	853.0	1768.4	2272.0	3418.0
0.0	707.5	1776.7	2268.6	3412.6
0.0	779.9	1766.4	2277.7	3388.8
0.0	789.9	1729.4	2281.1	3317.6
0.0	771.3	1706.7	2225.0	3260.8
0.0	873.1	1784.7	2258.8	3337.5
0.0	887.7	1785.9	2299.1	3359.2
292.7	843.0	1738.8	2233.8	3404.2
0.0	809.3	1715.0	2214.4	3293.3
