0.0	0.0	0.0	0.0	0.0
0.0	0.0	0.0	0.0	0.0
0.0	0.0	0.0	0.0	0.0
0.0	451.3	1516.8	2480.6	3409.9
0.0	813.9	1748.8	2611.3	3497.2
0.0	819.1	1692.4	2609.9	3403.7
0.0	661.9	1491.0	2458.4	3361.4
0.0	676.4	1591.5	2449.8	3455.1
0.0	472.3	1670.5	2665.0	3454.0
0.0	659.5	1657.4	2570.5	3380.6
0.0	737.1	1761.2	2634.8	3470.7
0.0	674.1	1749.4	2760.7	3492.0
0.0	623.1	1662.6	2638.4	3386.1
0.0	604.7	1526.3	2649.7	3465.3
0.0	879.9	1642.5	2657.2	3399.1
0.0	932.9	1652.4	2508.9	3280.3
0.0	1065.0	1617.5	2496.3	3282.4
0.0	1204.8	1544.4	2466.2	3109.7
0.0	1226.7	1574.1	2430.8	3128.7
0.0	548.9	1599.2	2467.7	3239.0
200.8	918.7	1611.4	2454.1	3329.7
0.0	790.1	1622.9	2421.9	3510.4
0.0	643.6	1583.7	2430.6	3420.0
0.0	589.9	1590.8	2473.8	3179.7
0.0	639.1	1654.4	2461.4	3152.4
0.0	863.7	2203.3	2553.1	3158.9
0.0	1042.6	2247.7	2810.1	3042.7
0.0	1037.1	2182.2	2795.9	3082.9
0.0	1152.1	2324.2	2770.9	3311.0
0.0	1061.8	2384.7	2826.1	3393.5
0.0	807.4	2377.7	2843.2	3433.4
0.0	619.8	2333.2	2838.7	3303.4
0.0	1622.6	2477.5	3029.7	3407.3
272.7	1357.2	2358.9	3025.0	3348.1
0.0	922.6	2332.5	2945.5	3339.6
218.2	1165.8	2429.2	2958.1	3489.8
0.0	606.6	2416.4	2719.6	3369.0
0.0	594.7	2292.2	2610.9	3254.6
500.0	735.5	2043.1	2538.6	3290.9
500.0	658.0	1651.4	2548.6	3352.9
0.0	403.8	1633.2	2444.9	3260.0
168.5	459.0	1631.0	2388.8	3223.9
153.2	472.8	1606.2	2331.2	3227.1
150.1	512.2	1567.4	2258.1	3226.5
150.9	507.2	1539.1	2218.2	3230.7
151.7	497.3	1503.9	2166.8	3236.2
153.1	506.0	1462.1	2080.6	3273.8
152.7	493.5	1352.1	1972.7	3251.4
151.7	452.1	1275.5	1915.1	3301.1
147.9	418.9	1219.1	1908.6	3307.2
143.3	418.6	1263.2	2119.0	3355.9
142.9	442.4	1336.3	2109.5	3366.4
139.5	486.1	1464.0	2305.3	3357.5
137.9	632.5	1660.9	2567.1	3415.2
134.9	597.9	1366.1	2447.2	3423.3
133.3	463.7	1346.9	2306.1	3459.4
130.4	476.4	1148.5	1659.0	3486.4
127.7	434.8	1133.6	1608.5	3539.6
126.1	498.0	1115.5	1554.1	3618.3
123.1	482.5	1120.8	1489.1	3649.0
120.6	472.0	1126.0	1448.0	3641.9
117.8	469.0	1123.1	1424.6	3636.3
114.9	479.2	1115.5	1419.6	3672.4
113.8	481.3	1110.9	1410.3	3669.4
111.0	500.2	1118.1	1417.1	3636.6
110.2	492.1	1144.4	1421.0	3674.5
109.1	504.1	1173.2	1449.3	3663.9
107.5	519.1	1190.9	1528.9	3664.9
108.1	487.9	1225.0	1597.4	3641.8
108.2	524.6	1295.3	1691.9	3586.9
107.6	542.8	1372.7	1794.7	3518.5
107.5	580.0	1450.9	1911.2	3484.2
107.1	587.3	1516.0	2010.8	3490.0
106.7	581.7	1573.3	2111.3	3466.4
106.9	558.2	1626.8	2220.7	3465.0
107.1	538.3	1695.5	2280.5	3462.7
107.5	513.8	1768.4	2324.6	3459.4
108.1	497.3	1845.8	2344.8	3469.9
108.3	520.2	1918.4	2334.6	3486.2
109.1	487.4	1995.0	2358.2	3543.5
110.2	472.8	2073.3	2333.1	3623.9
110.8	531.8	2128.2	2350.4	3628.9
111.9	506.6	2140.2	2330.0	3611.8
112.2	474.0	2058.4	2288.0	3617.5
114.0	464.0	2109.1	2350.8	3655.9
113.8	432.6	2133.3	2376.7	3651.7
114.5	474.5	2225.4	2426.0	3614.3
114.3	419.9	2165.5	2453.8	3577.6
112.9	504.7	2143.3	2558.1	3555.6
114.9	676.6	2140.2	2533.8	3464.2
111.7	627.1	2124.1	2544.5	3419.6
110.1	585.9	2013.3	2577.5	3407.1
108.4	652.4	1975.9	2617.4	3343.2
103.6	728.4	1977.5	2599.8	3327.8
101.7	679.5	1994.8	2602.4	3394.0
106.3	676.2	2001.3	2635.2	3448.6
102.9	457.5	2011.8	2655.1	3473.2
121.7	410.3	2005.8	2637.5	3453.9
131.8	386.0	1964.8	2645.0	3424.3
121.8	355.3	1934.0	2620.5	3395.3
119.7	329.4	1928.9	2574.3	3351.5
117.2	343.7	1911.5	2484.5	3281.0
114.5	345.3	1798.1	2163.7	3216.6
111.8	316.5	1548.6	2183.9	3270.3
107.1	269.5	1432.3	2422.3	3265.3
93.2	893.8	1642.2	2520.1	3362.3
96.0	1054.5	1816.0	2676.1	3420.2
0.0	811.4	1870.7	2718.1	3499.7
0.0	815.4	1742.0	2453.8	3383.4
0.0	816.2	1543.8	2533.7	3372.2
0.0	991.1	1561.8	2578.3	3424.7
0.0	698.1	1316.3	2305.2	3258.2
0.0	711.8	1276.6	2359.3	3315.2
0.0	524.7	1124.6	2173.4	3261.3
0.0	541.8	1072.8	2146.2	3222.7
0.0	483.7	1011.1	2129.9	3167.1
0.0	443.4	1024.5	2136.9	3123.7
126.6	442.2	1072.4	2122.0	3128.8
126.1	465.1	1141.5	2123.9	3126.7
125.0	473.4	1212.3	2137.6	3186.9
127.3	488.0	1296.8	2154.0	3202.9
128.7	484.1	1358.3	2157.4	3185.9
127.8	465.3	1412.6	2427.4	3231.2
121.8	431.5	1409.9	2645.5	3256.1
73.0	414.0	1393.1	2597.8	3216.9
76.3	421.8	1385.0	2603.1	3299.0
75.8	452.7	1378.6	2494.1	3367.2
186.2	536.4	1325.4	2480.6	3392.8
189.5	583.6	1276.6	2474.3	3492.7
173.8	648.0	1234.3	2493.0	3525.5
167.1	656.1	1196.4	2630.8	3462.7
122.2	670.3	1164.6	2718.6	3412.0
115.9	666.5	1138.1	2804.4	3392.3
125.2	655.0	1118.9	2901.2	3446.9
123.2	661.7	1107.7	2943.6	3550.4
124.5	649.0	1102.1	2959.5	3618.3
121.5	662.3	1100.4	2949.9	3621.7
119.9	678.7	1120.8	2931.9	3656.6
118.6	694.5	1157.8	2911.0	3597.4
116.7	692.7	1199.4	2865.2	3643.2
114.9	695.3	1263.0	2815.0	3577.8
114.3	715.0	1328.9	2758.5	3577.5
113.0	676.4	1372.4	2695.6	3551.1
111.8	649.4	1414.9	2602.4	3391.1
110.9	573.6	1416.1	2504.7	3267.6
111.0	480.0	1430.1	2559.7	3416.9
110.0	476.1	1505.1	2539.8	3713.4
109.6	459.0	1565.6	2542.4	3735.3
107.4	440.5	1606.0	2556.9	3755.1
105.4	431.8	1625.0	2627.4	3762.0
104.6	451.9	1635.6	2627.8	3736.2
106.9	485.3	1671.5	2634.6	3658.8
109.8	492.3	1678.3	2600.6	3594.1
110.4	466.1	1675.3	2570.1	3618.1
111.4	457.8	1634.5	2558.6	3599.6
111.6	420.6	1607.6	2548.3	3566.9
111.4	420.4	1587.2	2533.0	3540.4
110.4	441.4	1552.6	2520.0	3523.9
109.0	379.4	1523.5	2528.1	3540.6
105.1	404.3	1524.5	2595.4	3647.3
99.2	521.2	2071.4	2999.9	3954.8
100.8	1015.0	2174.2	3144.0	4089.5
0.0	496.0	1984.5	3110.3	3941.7
0.0	645.3	1781.3	2904.5	3743.8
0.0	1038.5	1587.6	2845.9	3742.1
461.5	1012.6	1573.1	2780.7	3714.6
196.7	1338.9	1706.3	2905.8	3812.2
0.0	1286.8	1769.1	2782.3	3851.0
0.0	1011.4	1484.9	2361.7	3782.9
0.0	745.8	1296.5	2422.7	3478.9
521.7	651.5	1201.6	2291.4	3441.5
0.0	723.0	1184.4	2112.9	3487.0
0.0	719.8	1162.2	2212.4	3407.2
0.0	481.4	1096.2	2307.3	3460.1
545.5	652.3	1092.2	2312.3	3408.0
164.4	584.5	991.6	2397.9	3293.4
206.9	583.3	935.6	2475.2	3259.4
184.6	466.2	938.6	2540.1	3303.4
0.0	481.4	949.0	2622.4	3328.5
0.0	469.2	943.3	2634.7	3348.6
125.1	483.4	960.8	2629.7	3349.4
120.6	498.7	998.5	2634.8	3362.2
117.6	512.3	1046.8	2622.6	3386.2
116.0	532.8	1086.9	2588.8	3337.8
116.2	552.3	1125.1	2550.5	3297.5
114.2	565.2	1132.9	2530.9	3374.0
112.7	553.0	1126.4	2503.2	3371.2
112.0	565.0	1123.0	2475.7	3365.1
111.2	562.7	1115.4	2450.7	3362.7
110.1	562.6	1105.8	2429.3	3368.0
108.6	535.3	1094.3	2401.1	3380.7
106.0	541.6	1079.8	2366.2	3337.2
105.0	532.1	1052.2	2340.2	3317.4
104.1	514.8	1030.4	2316.1	3312.2
102.6	505.5	1010.5	2299.0	3322.8
100.6	492.3	999.3	2271.6	3294.6
100.0	479.6	996.5	2249.9	3258.9
98.7	468.6	989.8	2237.1	3254.8
97.3	446.0	992.5	2223.5	3224.5
97.5	428.9	1010.0	2204.0	3222.0
97.0	419.1	1045.7	2210.0	3223.1
97.1	404.7	1094.6	2205.6	3245.6
97.7	397.6	1141.8	2205.4	3276.2
97.6	399.8	1220.4	2178.5	3280.6
97.6	392.1	1288.8	2303.0	3293.2
99.3	372.9	1351.9	2456.2	3305.9
99.4	365.0	1393.4	2482.7	3337.4
99.1	354.9	1394.7	2484.1	3417.6
97.8	638.4	1423.4	2710.5	3692.9
98.4	889.1	1917.3	2964.9	3969.7
105.3	830.9	2288.6	3316.4	4065.7
0.0	466.6	2097.3	3283.7	4141.7
0.0	724.9	1628.5	3217.5	3903.5
0.0	683.5	1639.8	3150.5	3922.2
279.1	967.6	1916.2	3280.0	3909.7
230.8	999.3	1857.2	3206.4	3776.7
0.0	869.7	1725.5	3179.0	3725.4
0.0	905.8	1743.9	2984.1	3647.9
0.0	1065.5	1622.6	2763.1	3613.1
0.0	1153.6	1544.6	2768.8	3648.5
0.0	552.8	1282.5	2486.5	3569.8
113.2	727.5	1270.8	2495.4	3573.0
153.8	618.4	1252.2	2334.0	3426.5
141.2	614.4	1245.3	2376.6	3303.8
0.0	639.6	1283.9	2471.0	3365.1
272.7	555.6	1185.9	2486.8	3261.0
190.5	591.7	1265.6	2490.0	3296.4
190.5	691.7	1576.6	2597.9	3466.6
0.0	537.2	1739.7	2656.8	3645.1
