0.0	0.0	0.0	0.0	0.0
0.0	0.0	0.0	0.0	0.0
0.0	0.0	0.0	0.0	0.0
0.0	805.5	1737.6	2602.0	3294.2
0.0	703.1	1592.2	2541.2	3336.6
0.0	980.9	1608.3	2661.6	3361.8
0.0	1006.9	1716.1	2648.1	3287.8
0.0	905.2	1743.8	2621.1	3421.2
0.0	690.7	1703.4	2577.1	3414.2
0.0	822.3	1748.2	2665.1	3402.2
0.0	892.8	1783.9	2808.9	3484.2
0.0	702.5	1719.5	2470.0	3375.8
0.0	1028.0	1666.3	2469.2	3279.8
0.0	1082.3	1850.2	2594.9	3368.3
0.0	956.2	1780.7	2606.6	3444.4
0.0	859.6	1753.8	2589.4	3461.2
0.0	876.9	1784.8	2556.2	3409.5
0.0	739.0	1604.7	2514.7	3196.4
0.0	500.5	1540.8	2504.1	3251.5
0.0	394.6	1281.5	2488.5	3365.8
0.0	371.9	1301.4	2430.4	3176.0
136.4	326.6	1457.1	2420.9	3338.0
118.8	568.5	1562.5	2511.9	3432.8
116.5	308.1	1607.5	2478.7	3420.8
116.5	317.1	1603.1	2393.3	3385.7
112.1	659.8	1575.7	2356.9	3409.0
0.0	680.3	1584.6	2448.8	3392.4
0.0	644.7	1606.2	2490.4	3389.7
120.0	538.1	1683.2	2506.8	3427.5
126.3	448.0	1697.3	2464.8	3399.1
130.6	413.5	1698.6	2449.5	3392.0
132.9	439.7	1689.3	2458.2	3375.9
134.6	421.0	1665.5	2446.8	3382.2
136.4	439.3	1636.5	2446.3	3402.2
136.2	440.2	1640.3	2467.2	3390.0
136.3	444.0	1600.0	2439.3	3411.0
137.2	454.4	1581.8	2445.1	3423.2
136.9	440.5	1549.3	2454.6	3400.4
136.6	432.2	1519.5	2498.9	3458.5
129.0	421.9	1616.3	2566.9	3490.1
130.4	706.8	1706.3	2915.4	3784.8
130.4	800.4	1910.8	3140.2	4313.8
0.0	495.4	1777.0	3178.3	4129.6
0.0	381.9	1696.1	3101.3	3914.2
136.4	1074.6	1996.4	3307.7	4056.8
144.6	889.1	2028.5	3202.7	3926.6
461.5	707.9	1699.6	3115.2	3595.8
461.5	896.8	1701.7	3005.0	3445.1
93.8	1130.9	1780.0	2708.4	3303.6
76.4	1173.1	1834.4	2524.2	3265.8
0.0	1112.2	1826.8	2485.7	3248.1
0.0	1085.8	1755.9	2547.0	3372.0
136.4	1032.7	1581.7	2355.6	3331.1
0.0	676.8	1448.9	2333.1	3101.8
0.0	367.7	1002.8	2269.3	2943.3
133.8	378.0	1117.3	2231.4	2958.6
125.7	388.3	1273.2	2217.0	2977.6
120.6	405.4	1425.4	2188.8	2994.4
117.0	407.2	1569.3	2199.3	3027.5
114.5	407.8	1684.1	2237.2	3059.1
113.0	401.5	1788.0	2234.2	3102.7
113.4	432.8	1922.9	2235.4	3151.1
112.4	408.7	1979.8	2277.9	3185.3
111.4	415.7	1916.2	2434.1	3277.9
114.3	1044.0	2011.8	2617.2	3581.4
116.5	823.9	2015.2	2749.0	3619.2
0.0	862.4	2007.9	2729.5	3639.2
0.0	841.5	1851.7	2635.9	3545.0
0.0	645.8	1980.1	2620.7	3374.9
166.7	749.5	2034.6	2503.4	3270.0
67.8	749.9	1859.0	2488.3	3244.2
0.0	488.4	1817.2	2542.1	3265.2
126.6	456.4	1754.3	2518.5	3309.3
119.4	444.7	1689.0	2305.4	3295.3
112.8	332.7	1558.2	2324.3	3370.9
110.1	347.0	1342.6	2438.8	3390.3
108.6	377.4	1220.4	2427.0	3205.3
109.4	422.3	1147.7	2446.0	3207.8
109.1	493.6	1314.0	2477.4	3397.1
111.0	986.3	1943.2	2990.4	4336.0
109.1	967.6	1960.8	3087.7	5004.8
97.6	933.3	2124.3	3167.6	4890.9
571.4	780.6	2085.7	3260.3	4767.4
0.0	700.6	1770.3	3125.5	4666.2
0.0	853.3	1817.9	3141.6	4641.2
0.0	719.3	1745.2	3192.8	4508.1
292.7	824.5	1736.9	3140.6	4838.7
78.9	840.5	1772.5	3060.0	4318.5
307.7	763.6	1649.0	2711.6	3623.2
307.7	425.4	1562.9	2578.9	3499.8
0.0	440.5	1572.8	2411.5	3419.1
0.0	529.5	1576.3	2357.1	3417.0
135.4	530.1	1555.1	2360.4	3332.4
131.4	533.5	1505.6	2355.3	3210.0
127.9	576.5	1420.7	2339.0	3072.2
125.2	561.0	1290.4	2407.0	3067.5
121.4	798.8	1354.9	2509.7	3077.3
63.7	794.6	1444.0	2402.2	3142.9
63.5	757.7	1537.7	2573.5	3320.6
431.9	791.6	1616.0	2695.5	3445.3
146.3	749.7	1349.6	2477.3	3212.1
0.0	790.9	1373.6	2397.5	3113.5
0.0	497.2	1384.0	2412.2	3172.4
0.0	460.7	1360.7	2445.8	3267.0
0.0	458.3	1375.3	2465.7	3375.4
116.5	458.3	1382.0	2479.5	3421.5
110.8	485.5	1421.5	2470.4	3369.9
115.4	741.6	1574.0	2489.6	3362.1
118.8	652.0	1606.3	2503.7	3380.1
0.0	835.6	1648.4	2513.4	3408.8
72.7	850.6	1699.8	2563.8	3505.3
72.7	728.7	1732.6	2509.8	3466.6
0.0	780.4	1638.2	2622.6	3455.7
176.5	790.8	1628.7	2720.2	3527.8
0.0	681.5	1702.1	2704.2	3453.7
0.0	638.1	1604.3	2631.8	3454.0
0.0	599.9	1540.5	2576.4	3433.6
0.0	542.2	1512.8	2443.2	3439.6
0.0	502.3	1514.8	2403.7	3404.5
0.0	493.6	1553.7	2377.1	3361.7
121.1	513.7	1560.6	2402.6	3301.5
118.0	564.1	1559.9	2399.7	3238.9
117.1	576.3	1569.3	2390.7	3186.3
117.0	579.7	1572.1	2407.3	3170.0
118.8	577.2	1554.0	2413.2	3189.8
118.8	486.0	1545.5	2412.7	3167.8
117.0	469.5	1475.9	2416.3	3238.9
114.1	395.7	1474.8	2519.6	3348.2
102.7	537.6	1555.0	2496.8	3295.2
0.0	481.4	1586.3	2369.3	3227.1
124.3	474.4	1638.4	2339.9	3123.4
118.9	488.1	1749.2	2314.9	3149.0
114.3	525.0	1811.0	2277.4	3130.3
110.1	486.2	1814.9	2268.4	3292.4
108.2	541.9	1754.4	2365.6	3398.4
115.3	698.4	1727.4	2576.6	3450.8
102.6	585.4	1728.3	2581.7	3467.6
0.0	653.4	1616.9	2489.0	3463.7
0.0	809.5	1609.2	2508.5	3400.1
0.0	665.3	1735.8	2659.2	3615.2
0.0	925.3	1859.8	2505.0	3617.5
0.0	911.8	1734.7	2444.8	3491.6
428.6	627.6	1239.4	2488.6	3424.2
0.0	466.2	1195.0	2503.7	3386.5
0.0	433.4	1281.8	2384.3	3431.3
126.8	434.8	1438.3	2318.3	3384.9
116.5	428.5	1605.9	2265.8	3336.8
112.1	422.3	1714.5	2267.6	3312.8
111.0	415.3	1826.2	2272.7	3303.3
110.7	420.6	1855.6	2253.6	3291.4
110.8	418.2	1826.0	2229.0	3238.9
111.3	427.6	1823.6	2279.6	3229.8
112.6	444.3	1789.8	2342.3	3231.9
113.7	466.2	1695.5	2308.9	3231.5
112.7	494.3	1623.5	2325.6	3232.8
112.7	519.6	1616.7	2336.2	3231.1
112.3	529.0	1549.6	2315.1	3238.3
112.0	547.1	1479.9	2359.1	3255.8
112.0	538.2	1414.3	2358.8	3266.6
112.7	543.9	1446.0	2379.9	3222.0
112.7	525.4	1446.3	2466.6	3133.3
112.4	629.7	1374.3	2439.8	3088.3
109.5	325.9	1163.3	2315.3	2927.1
106.2	327.8	1245.1	2290.8	2842.8
110.1	368.0	1094.8	2489.0	3107.1
106.2	363.2	1047.0	2482.4	3154.5
106.2	391.3	1105.6	2451.4	3018.6
103.4	378.0	912.8	2395.2	2899.8
103.4	661.9	1474.2	2519.9	3085.2
104.8	617.0	1490.9	2519.8	3163.5
105.3	539.7	1539.1	2541.8	3203.8
105.3	616.9	1550.6	2644.7	3231.5
111.1	664.0	1644.3	2635.5	3364.2
102.6	972.8	1847.8	2675.8	3365.9
272.7	814.4	2115.6	2727.2	3433.3
428.6	704.0	1864.4	2741.4	3602.9
571.4	987.3	1935.2	2877.9	3782.9
0.0	956.7	2319.1	3231.8	4466.6
0.0	507.2	2240.4	3053.6	3965.5
0.0	708.3	1819.7	2773.5	3650.0
155.8	981.1	1994.0	2916.3	3770.7
77.9	499.3	1888.9	2831.9	3669.6
75.5	866.8	1749.4	2623.8	3420.4
78.9	819.5	1763.5	2572.5	3485.6
0.0	644.6	1733.7	2667.1	3497.6
0.0	678.5	1609.3	2717.6	3372.7
0.0	445.8	1548.0	2499.9	3318.6
0.0	466.6	1574.3	2455.0	3325.7
0.0	504.0	1607.6	2412.6	3272.0
116.1	518.7	1630.0	2397.0	3259.2
114.5	537.9	1667.0	2411.8	3196.3
112.5	537.6	1667.5	2397.3	3183.2
110.7	527.1	1701.7	2342.6	3180.5
109.6	582.2	1761.3	2320.5	3215.4
109.9	590.7	1751.1	2315.2	3234.7
108.8	576.7	1764.3	2320.8	3203.3
109.9	503.6	1820.6	2341.5	3180.0
110.1	462.8	1823.5	2354.0	3146.4
111.0	471.7	1835.4	2337.1	3182.0
113.0	515.9	1872.6	2318.2	3229.6
112.6	597.4	1877.6	2271.3	3248.8
112.2	622.2	1836.7	2254.8	3249.3
115.0	618.9	1792.8	2255.9	3243.8
112.4	615.1	1758.3	2245.6	3230.1
121.2	619.7	1708.4	2276.7	3223.0
120.7	651.4	1639.6	2227.6	3226.6
123.7	647.2	1586.7	2229.8	3261.4
63.5	646.5	1575.0	2272.2	3216.4
120.6	638.0	1494.2	2291.7	3180.6
131.8	635.0	1439.1	2258.4	3189.9
132.5	628.8	1414.2	2276.3	3198.4
136.1	624.3	1408.1	2431.7	3348.0
142.9	679.8	1390.9	2477.2	3322.1
69.4	679.7	1374.4	2494.7	3392.7
148.1	665.5	1508.0	2436.5	3327.3
75.5	845.2	1488.6	2432.9	3160.9
64.5	824.5	1565.5	2605.7	3242.8
0.0	1001.9	1605.2	2529.7	3268.6
0.0	964.7	1573.2	2460.1	3249.3
0.0	687.9	1554.6	2498.5	3321.2
0.0	706.4	1566.9	2542.1	3272.2
144.6	705.1	1578.0	2489.8	3405.5
66.7	677.6	1570.1	2645.7	3376.7
139.5	644.7	1690.7	2582.2	3412.7
126.3	877.5	1827.3	2441.1	3481.9
0.0	781.7	1808.2	2500.0	3459.9
0.0	724.4	1798.9	2636.1	3452.7
0.0	782.3	1768.8	2648.1	3458.2
63.5	916.8	1737.6	2510.5	3410.3
