0.0	0.0	0.0	0.0	0.0
0.0	0.0	0.0	0.0	0.0
0.0	0.0	0.0	0.0	0.0
0.0	972.9	1852.0	2510.9	3394.2
413.8	880.9	1745.9	2573.9	3306.1
0.0	874.8	1678.8	2569.6	3359.0
0.0	766.9	1729.0	2595.2	3461.4
0.0	705.8	1723.9	2612.2	3530.8
78.4	1034.0	1739.6	2581.4	3548.2
0.0	992.4	1874.1	2601.9	3550.5
240.0	761.7	1802.4	2598.3	3489.2
0.0	709.1	1709.3	2623.2	3490.7
0.0	681.0	1658.5	2584.5	3455.2
0.0	720.9	1642.1	2524.9	3392.2
0.0	841.1	1503.8	2383.8	3323.7
342.9	821.3	1646.4	2400.1	3389.4
0.0	674.2	1749.5	2570.1	3478.9
0.0	466.8	1553.6	2509.6	3357.9
545.5	798.7	1539.7	2342.3	3199.4
193.5	986.7	1751.9	2322.5	3296.6
0.0	1061.0	1871.1	2371.4	3328.9
0.0	1020.0	2108.6	2601.9	3436.2
0.0	1012.8	2034.4	2552.2	3418.8
0.0	352.7	1244.8	2352.0	3387.5
0.0	325.6	1115.1	2298.8	3158.7
0.0	297.8	1040.6	2281.9	2966.5
121.2	295.6	1060.0	2282.1	2965.7
120.7	623.6	1075.4	2304.4	3020.6
259.9	654.1	1142.5	2397.8	3075.9
124.3	678.3	1204.2	2432.1	3119.7
121.7	699.7	1238.3	2475.3	3123.6
123.1	707.1	1240.7	2435.1	3093.2
123.5	708.6	1241.4	2430.4	3080.5
123.4	703.4	1247.9	2428.2	3086.4
123.7	703.7	1262.5	2427.2	3158.7
123.4	686.2	1276.4	2391.5	3178.2
122.8	683.7	1250.9	2375.3	3183.1
123.3	652.7	1242.6	2403.0	3164.4
125.8	651.4	1227.1	2449.3	3206.7
129.2	637.9	1147.4	2522.5	3223.2
131.9	609.4	1128.5	2893.4	3242.4
133.9	573.0	1080.5	2804.6	3203.9
136.6	531.9	1008.9	2593.8	3214.1
138.6	525.3	988.1	2527.3	3188.3
141.1	529.0	996.3	2492.6	3176.6
142.3	506.7	1004.0	2475.2	3193.9
144.4	478.2	1023.5	2457.1	3181.8
145.0	461.0	1018.0	2524.9	3147.0
144.3	471.6	1047.1	2642.3	3063.4
144.2	443.9	1090.5	2507.7	3035.0
143.2	328.8	1098.9	2401.7	3271.3
138.8	260.9	1129.8	2410.4	3207.6
135.9	303.1	1065.2	2363.2	3169.0
134.1	285.8	988.4	2337.6	3119.1
129.9	362.7	1363.9	2402.9	3183.7
126.0	410.2	1472.3	2624.2	3398.2
128.7	423.2	1670.2	2324.7	3372.7
123.3	418.6	1767.5	2275.6	3264.0
118.6	418.6	1857.7	2266.1	3192.2
114.9	362.8	1950.1	2218.2	3239.9
110.7	432.7	1956.3	2205.2	3216.8
106.3	697.0	1799.5	2166.0	3229.8
108.6	724.6	1330.1	2311.9	3227.7
103.4	756.0	1494.2	2259.5	3279.4
209.6	800.4	1857.7	2458.6	3419.2
0.0	956.2	1929.6	2955.2	3780.9
0.0	943.5	2005.0	3146.4	3873.8
0.0	786.8	1825.2	3118.7	3853.7
0.0	902.8	1811.6	3093.3	3790.2
222.2	1076.6	1868.1	2982.7	3521.5
75.5	748.1	1742.5	2844.3	3333.8
66.3	843.8	1808.1	2678.8	3361.2
0.0	744.2	1731.3	2586.5	3383.8
0.0	554.2	1561.8	2500.1	3427.8
0.0	663.0	1655.5	2453.2	3326.1
0.0	645.6	1630.4	2218.8	3128.9
0.0	411.1	1661.6	2137.1	3055.5
0.0	411.8	1687.6	2048.4	2979.2
133.8	437.1	1704.8	2036.8	2946.5
130.6	451.9	1712.4	2013.3	2929.4
128.0	468.0	1725.4	1970.9	2917.9
123.9	479.7	1681.3	1972.8	2876.1
123.7	486.5	1688.4	1954.5	2895.1
123.6	495.2	1699.4	1951.2	2897.0
123.0	489.5	1659.7	1912.9	2886.0
122.3	484.8	1663.4	1905.4	2862.0
122.8	516.3	1690.2	1962.0	2857.8
121.9	526.0	1688.9	1975.2	2893.5
122.0	516.6	1663.6	2093.5	2929.6
121.8	496.4	1649.2	2182.8	2902.4
121.3	468.4	1611.2	2380.3	2927.8
122.0	447.8	1409.9	2423.0	2949.4
122.3	407.9	1446.5	2454.3	2979.4
119.1	388.5	1690.2	2533.9	3033.6
116.3	580.2	1695.6	2617.4	3230.2
105.3	755.7	1613.7	2739.2	3551.8
102.7	841.4	1554.9	2705.0	3587.5
64.6	825.3	1656.9	2724.2	3545.5
226.4	874.3	2017.4	2973.7	3700.7
0.0	1006.4	2143.2	3153.7	3815.7
545.5	977.4	2028.4	3159.3	3732.7
0.0	914.3	1783.2	3102.0	3779.3
0.0	854.7	1830.9	3002.2	3720.2
0.0	705.9	1755.5	2720.2	3623.1
164.4	734.1	1596.2	2520.4	3613.9
0.0	384.6	1523.2	2392.8	3621.8
136.4	383.9	1493.9	2408.1	3598.5
126.3	385.9	1458.2	2379.8	3623.4
122.7	341.8	1426.9	2356.3	3632.0
121.2	348.8	1400.4	2442.0	3668.5
118.8	501.3	1451.6	2625.4	3626.8
118.8	820.4	1777.1	2839.9	3646.9
103.4	837.2	1858.4	2978.7	3880.0
571.4	868.0	1828.7	3111.6	3859.1
0.0	709.1	1817.0	3123.8	3758.5
272.7	956.6	1968.0	3016.3	3754.5
144.6	955.0	1778.4	2725.7	3583.4
114.3	852.6	1724.3	2752.1	3455.2
255.3	668.5	1678.6	2665.5	3473.7
64.2	697.6	1557.9	2585.9	3475.9
0.0	655.7	1527.3	2556.8	3486.9
0.0	825.3	1432.4	2512.4	3378.3
0.0	598.9	1142.9	2472.3	3126.3
0.0	595.3	1065.8	2449.3	3169.8
0.0	606.5	1060.2	2438.5	3166.8
127.9	636.7	1043.3	2468.9	3240.1
126.2	630.1	1051.2	2461.8	3230.0
124.8	644.2	1151.0	2494.0	3250.3
122.5	652.8	1138.9	2576.5	3238.5
122.4	660.4	1114.8	2608.9	3240.3
122.0	639.2	1085.4	2626.3	3230.2
121.7	628.9	1077.6	2645.6	3201.1
120.5	621.7	1014.0	2687.0	3328.1
120.9	602.4	1026.0	2695.7	3329.2
121.1	592.5	1009.5	2666.3	3343.2
120.4	572.8	1027.9	2624.5	3255.3
120.2	556.1	1037.9	2585.0	3281.2
119.9	567.2	1067.3	2552.9	3327.7
119.4	564.4	1080.9	2526.0	3354.1
118.5	546.4	1090.5	2488.6	3369.1
117.6	529.5	1151.1	2449.9	3415.8
116.7	505.9	1248.2	2485.0	3423.0
115.4	455.7	1256.9	2506.2	3427.9
114.3	414.3	1240.8	2524.2	3415.1
111.4	461.3	1229.3	2576.4	3460.8
109.3	391.7	1377.7	2623.5	3350.5
104.2	393.4	1812.5	2726.7	3540.1
111.1	1050.6	2184.1	3060.6	3706.2
0.0	975.5	2104.9	3162.5	3843.3
0.0	978.9	2052.7	3170.5	3986.6
0.0	1003.2	2155.7	3277.9	4677.5
0.0	803.5	1962.6	3185.4	4422.2
0.0	899.7	1925.1	3135.1	4163.5
0.0	819.4	1744.0	3291.0	4403.0
196.7	689.1	1765.5	3302.6	4525.6
0.0	814.3	1681.8	3222.4	4416.6
0.0	912.8	1692.5	2992.4	3882.5
363.6	769.5	2040.7	3069.4	3856.6
240.0	756.9	1634.5	2611.9	3608.2
0.0	649.8	1466.6	2421.0	3600.7
0.0	509.3	1466.8	2324.9	3525.4
142.6	499.7	1499.9	2272.5	3396.2
139.0	494.2	1481.8	2280.5	3356.6
135.6	514.1	1438.7	2225.6	3226.2
134.0	490.0	1381.5	2153.5	3030.8
131.2	439.6	1285.0	2136.0	2952.5
127.6	318.4	1151.0	2219.2	2825.2
123.6	348.7	1080.2	2244.7	2894.3
123.6	775.3	1507.7	2391.3	3432.8
119.9	875.9	1556.6	2466.1	3507.4
124.1	841.8	1492.5	2462.4	3296.5
139.5	851.3	1498.4	2579.6	3212.8
0.0	699.9	1449.1	2699.6	3070.0
0.0	666.0	1434.7	2717.9	3307.8
72.7	594.4	1245.4	2565.8	3347.3
444.4	505.5	1129.5	2454.1	3245.3
0.0	443.9	1066.2	2372.5	3168.4
155.8	438.2	1058.9	2314.7	3229.5
114.4	470.3	1083.3	2268.8	3318.8
122.4	482.4	1172.1	2182.3	3044.5
112.1	499.4	1202.0	2099.6	2834.3
120.0	508.6	1207.7	1987.0	2695.3
108.1	516.3	1222.6	1936.3	2681.5
110.1	511.9	1243.6	1964.5	2687.8
110.1	535.6	1251.0	2457.2	3068.6
112.4	534.3	1226.7	2360.4	3347.5
110.9	528.8	1185.6	2388.9	3418.5
110.5	553.5	1142.7	2416.1	3359.1
110.9	418.5	1107.8	2364.9	3370.1
112.0	429.3	1062.9	2389.6	3410.5
113.1	428.0	1032.4	2463.3	3404.8
113.2	518.7	1035.7	2498.7	3413.6
114.5	584.5	1129.1	2595.1	3375.1
115.7	609.0	1214.6	2643.3	3337.4
115.0	624.7	1248.3	2631.2	3343.9
114.9	640.5	1301.4	2671.7	3351.3
116.5	661.1	1295.4	2714.6	3276.2
114.2	671.2	1302.8	2728.5	3303.4
114.3	690.2	1297.6	2730.8	3364.9
114.3	703.5	1290.5	2743.8	3338.9
112.1	682.7	1309.5	2727.5	3374.0
0.0	686.8	1321.1	2647.3	3395.2
106.2	682.9	1331.1	2693.0	3381.1
0.0	684.4	1352.4	2718.8	3375.2
0.0	678.0	1359.7	2715.7	3405.6
0.0	686.6	1366.7	2741.6	3468.8
0.0	677.4	1360.0	2745.9	3507.2
96.8	683.3	1382.9	2707.4	3463.0
164.4	683.6	1374.4	2666.2	3414.9
169.0	686.7	1384.0	2707.8	3391.8
166.7	661.0	1378.1	2644.9	3368.7
164.4	664.1	1372.8	2650.4	3440.7
93.8	669.6	1372.8	2619.9	3437.4
166.7	656.8	1391.8	2583.5	3435.8
171.4	638.7	1425.9	2515.4	3431.4
171.4	630.4	1424.3	2620.7	3407.0
169.6	622.6	1404.4	2705.2	3391.2
92.2	614.2	1425.5	2688.3	3324.4
169.0	588.3	1439.9	2687.8	3372.9
169.0	571.3	1392.5	2693.2	3336.2
169.8	490.7	1316.2	2505.9	3222.5
162.0	402.1	1237.9	2355.0	3175.2
96.9	599.8	1308.2	2456.5	3017.3
0.0	341.8	1211.2	2479.1	3121.6
63.5	295.3	1021.5	2499.5	3145.8
63.5	307.8	996.8	2527.0	3261.2
118.8	418.8	1118.4	2444.6	3271.7
136.4	587.0	1423.2	2644.0	3455.6
134.9	746.5	1618.5	2875.1	3943.6
133.3	803.9	1827.8	2962.8	3923.8
0.0	853.9	1860.3	3083.6	4046.8
0.0	794.8	1818.0	2926.1	3880.5
0.0	518.2	1742.7	2880.2	3641.9
307.7	834.6	1850.2	3014.6	3737.7
90.2	808.9	1801.1	2928.8	3711.0
0.0	714.0	1635.8	2780.6	3626.8
0.0	812.1	1638.3	2672.7	3568.5
125.0	828.7	1454.7	2584.9	3559.6
110.1	581.9	1323.6	2488.1	3591.8
80.0	574.4	1377.5	2534.4	3511.4
90.9	647.1	1552.0	2489.2	3435.8
0.0	628.2	1470.7	2496.2	3402.4
0.0	761.4	1755.9	2640.3	3417.8
0.0	895.0	1851.6	2635.8	3380.7
82.2	863.3	1756.7	2572.6	3427.0
0.0	947.2	1690.4	2557.4	3547.1
150.0	969.4	1662.4	2603.3	3516.3
0.0	778.5	1473.9	2439.4	3391.1
