0.0	0.0	0.0	0.0	0.0
0.0	0.0	0.0	0.0	0.0
0.0	0.0	0.0	0.0	0.0
0.0	885.5	1840.3	2620.2	3502.8
0.0	877.6	1800.9	2628.2	3448.8
0.0	691.7	1720.1	2699.6	3390.9
0.0	681.2	1831.9	2601.4	3376.4
0.0	768.2	1749.1	2578.8	3495.4
0.0	623.8	1777.3	2736.1	3570.6
0.0	440.6	1718.0	2629.7	3480.6
0.0	433.3	1519.8	2485.1	3404.8
230.8	538.0	1574.0	2487.5	3319.8
226.4	555.8	1573.8	2505.7	3356.7
259.1	520.1	1604.9	2462.4	3344.4
277.9	588.7	1644.7	2415.9	3293.0
0.0	629.7	1680.4	2457.4	3299.1
0.0	628.2	1648.9	2504.4	3292.9
131.5	634.1	1648.4	2469.0	3281.2
66.7	704.8	1621.9	2509.8	3322.1
63.5	634.2	1559.2	2511.7	3349.7
0.0	595.8	1475.0	2376.1	3352.8
0.0	599.3	1429.3	2394.4	3396.2
126.6	589.4	1368.2	2519.0	3455.6
117.1	638.6	1287.8	2520.1	3445.8
115.2	683.7	1183.5	2463.8	3484.7
114.2	670.0	1060.5	2477.4	3557.9
113.4	681.7	1013.9	2497.5	3603.4
111.9	531.2	981.0	2544.8	3538.7
111.6	474.5	987.4	2545.5	3541.0
111.7	533.3	996.3	2534.7	3561.3
111.9	517.0	966.5	2531.6	3554.1
112.3	559.3	1007.2	2528.4	3543.7
113.5	618.6	1025.6	2529.4	3441.6
115.3	666.4	1023.0	2504.6	3390.8
113.5	658.8	1054.2	2455.5	3345.5
112.3	638.6	1076.6	2459.0	3344.5
111.1	624.4	1076.7	2418.1	3347.9
110.9	624.7	1088.6	2396.1	3326.8
111.1	619.8	1089.8	2348.3	3322.3
111.0	630.4	1097.4	2295.0	3317.1
110.9	628.5	1081.5	2274.8	3301.5
110.7	621.1	1078.2	2238.0	3273.3
110.4	619.3	1089.7	2217.3	3239.4
109.9	609.8	1066.0	2173.7	3251.5
108.5	609.4	1041.2	2155.4	3214.4
106.9	594.1	1020.7	2132.1	3204.9
105.9	580.9	1005.5	2123.1	3207.9
104.4	567.8	978.4	2164.7	3206.8
103.0	550.0	972.1	2181.9	3218.9
101.1	543.7	935.8	2226.0	3219.3
99.0	518.1	898.6	2244.9	3197.1
97.2	510.6	875.0	2275.1	3158.0
95.5	538.7	875.9	2308.4	3161.0
93.8	553.7	869.0	2330.0	3178.3
92.5	569.8	845.5	2339.1	3150.2
91.6	592.4	832.3	2343.5	3151.4
91.4	635.4	860.2	2326.3	3067.2
90.6	611.1	898.8	2273.9	3057.8
88.9	629.8	949.6	2290.3	3148.2
88.0	674.4	1091.6	2302.1	3114.9
87.5	692.9	1217.3	2240.1	3087.6
87.1	686.8	1332.4	2280.1	3130.9
87.0	700.1	1487.4	2271.0	3106.2
87.3	684.0	1602.4	2291.7	3085.7
88.0	707.4	1696.1	2321.3	3061.5
89.3	705.8	1761.6	2340.4	3068.1
90.4	678.7	1823.2	2390.9	3026.2
91.8	680.4	1842.2	2501.8	3019.1
91.5	511.2	1799.9	2410.9	2872.0
90.4	389.6	1716.1	2375.0	3036.0
90.9	355.9	1684.5	2409.2	3147.7
93.8	370.1	1919.7	2547.5	3337.3
94.9	423.9	2097.2	2654.6	3484.8
97.1	350.6	2180.7	2695.8	3484.0
96.0	385.9	2262.7	2734.0	3465.1
95.7	395.1	2319.4	2641.9	3430.8
95.8	394.4	2308.7	2566.5	3421.5
95.6	398.9	2278.0	2516.0	3462.7
95.0	408.7	2181.0	2468.5	3458.9
94.8	344.4	1949.4	2415.6	3470.2
95.5	426.0	1657.5	2322.7	3536.0
94.1	365.4	1430.5	2357.8	3518.5
93.0	354.7	1052.9	2378.3	3429.7
93.0	406.1	859.6	2387.0	3241.6
93.6	415.3	806.5	2378.1	2979.7
93.8	374.0	775.4	2387.0	3174.8
93.6	417.6	767.3	2370.4	3197.1
94.0	518.1	783.8	2356.6	3105.9
94.8	543.4	816.5	2331.0	3096.6
94.9	584.9	819.1	2279.6	3106.5
94.7	631.6	883.6	2290.6	3106.2
95.7	671.9	896.2	2287.6	3109.0
96.0	688.1	926.5	2273.5	3098.8
95.7	698.5	968.3	2249.6	3078.4
96.3	723.4	1050.2	2232.8	3064.0
96.4	723.2	1140.5	2284.2	3007.5
97.0	711.2	1208.1	2238.7	2961.9
97.6	688.2	1290.0	2127.1	2904.3
97.6	683.7	1413.6	1993.6	2802.7
97.8	518.0	1462.6	1918.7	2743.0
95.3	486.0	1458.4	2084.0	2679.2
98.1	429.8	1462.1	2259.2	2713.9
97.8	465.7	1501.6	2293.8	2834.7
96.9	600.0	1598.2	2531.5	3000.8
100.4	626.9	1647.0	2617.3	3137.8
97.1	651.3	1691.3	2645.4	3251.6
96.9	666.4	1695.8	2602.1	3195.0
97.2	707.7	1732.3	2562.7	3191.9
96.5	691.9	1715.8	2527.1	3191.7
96.3	676.2	1689.9	2478.4	3104.4
95.7	650.1	1665.6	2478.7	3195.9
95.3	672.3	1649.2	2516.0	3282.7
95.7	660.0	1617.2	2569.3	3360.1
95.7	638.1	1601.9	2540.6	3285.2
95.4	610.0	1582.6	2412.1	3013.4
95.2	584.7	1564.8	2493.4	3043.7
94.4	548.6	1589.5	2520.8	3214.2
92.6	779.0	1928.1	2552.8	3174.6
72.1	813.1	1679.5	2408.2	3058.0
0.0	728.5	1607.1	2414.6	3060.6
0.0	749.6	1577.3	2338.0	2967.0
100.3	810.9	1488.7	2315.2	3075.7
101.5	831.6	1473.5	2305.2	3144.0
100.7	798.7	1431.6	2299.5	3160.3
100.6	769.0	1292.0	2309.9	3191.4
100.4	645.5	1249.6	2185.1	3195.3
101.8	664.6	1217.5	2189.7	3174.7
102.1	717.4	1146.7	2152.0	3144.8
101.9	712.5	1091.7	2141.7	3155.4
100.0	704.4	1104.4	2143.4	3181.4
100.7	718.1	1096.2	2143.6	3189.5
101.3	720.5	1074.0	2162.7	3195.1
101.9	723.9	1032.1	2151.1	3205.3
102.6	717.6	1009.5	2156.7	3210.4
103.3	694.0	992.1	2149.4	3235.0
103.6	683.6	996.4	2168.8	3220.8
105.0	646.3	913.0	2195.6	3144.1
106.6	638.6	881.4	2247.7	3040.0
107.5	631.8	901.7	2260.5	3031.8
109.3	624.5	897.7	2190.7	3125.8
111.4	668.0	1136.8	2312.5	3070.9
114.4	602.5	1296.5	2450.7	2998.9
114.3	276.8	1257.8	2380.3	2920.5
118.8	304.3	1333.8	2270.9	2934.4
121.2	333.5	1353.4	2245.7	2893.3
122.4	325.8	1377.2	2277.6	3002.8
123.7	356.4	1391.2	2267.9	3058.6
125.0	651.8	1434.1	2378.2	3148.5
125.0	743.6	1446.6	2403.0	3308.3
123.1	693.5	1457.8	2292.0	3253.2
122.4	737.0	1497.2	2380.9	3348.1
125.0	635.7	1458.7	2412.4	3386.0
0.0	649.3	1514.6	2385.1	3286.3
0.0	541.6	1514.8	2407.1	3296.2
