0.0	0.0	0.0	0.0	0.0
0.0	0.0	0.0	0.0	0.0
0.0	0.0	0.0	0.0	0.0
0.0	707.4	1728.7	2489.0	3583.5
0.0	776.0	1746.4	2583.0	3575.2
0.0	834.7	1732.9	2635.8	3506.4
0.0	924.6	1822.8	2723.3	3466.9
0.0	654.5	1698.2	2715.8	3541.2
0.0	584.4	1601.6	2552.6	3463.2
0.0	728.7	1696.1	2546.1	3453.2
0.0	662.0	1636.0	2562.1	3386.7
0.0	668.2	1635.7	2537.2	3411.1
0.0	797.5	1635.2	2599.8	3492.3
0.0	792.1	1620.1	2629.1	3435.1
0.0	860.3	1668.9	2541.0	3295.2
0.0	856.8	1680.1	2503.6	3240.2
0.0	692.8	1681.8	2641.9	3438.9
0.0	757.8	1767.0	2722.9	3626.7
235.3	745.9	1795.7	2720.7	3603.9
257.7	741.4	1799.0	2768.0	3661.1
0.0	522.0	1773.8	2813.2	3714.2
0.0	444.8	1732.7	2795.7	3791.5
131.0	447.6	1716.7	2770.4	3711.9
129.9	427.0	1682.8	2764.5	3537.7
128.2	401.5	1628.1	2764.0	3448.8
126.8	358.9	1551.9	2756.2	3636.1
124.0	396.5	1489.7	2694.1	3721.2
121.2	391.2	1531.2	2735.0	3653.7
122.4	457.1	1552.4	2839.3	3763.2
116.5	647.6	1622.2	2913.4	4038.2
0.0	764.8	1778.8	2922.1	4108.4
160.0	929.9	1809.6	2841.9	4028.0
500.0	675.5	1750.3	2827.2	4086.5
108.1	939.2	1879.1	2901.7	4062.3
444.4	609.5	1740.3	2693.5	3727.8
196.7	808.0	1788.5	2709.6	3508.6
77.9	805.7	1725.5	2577.1	3366.8
0.0	943.2	1770.8	2604.3	3364.2
0.0	710.5	1684.6	2679.8	3371.7
0.0	748.0	1718.2	2768.8	3535.0
0.0	693.4	1771.6	2763.5	3580.2
0.0	711.7	1724.1	2751.4	3635.4
0.0	589.5	1658.0	2736.0	3618.4
130.7	529.5	1667.6	2689.1	3531.8
122.4	542.1	1666.6	2651.6	3579.1
118.0	565.5	1667.8	2633.9	3644.3
117.5	587.3	1662.6	2568.1	3667.4
119.3	605.7	1658.1	2497.0	3644.4
118.7	598.9	1675.3	2433.5	3676.2
118.2	550.7	1720.0	2320.2	3685.6
118.7	476.0	1781.6	2182.9	3661.0
118.5	439.6	1805.4	2139.5	3701.4
138.1	338.2	1846.1	2236.8	3646.9
93.9	505.1	1879.9	2315.5	3369.5
100.1	694.3	1803.2	2411.5	3345.3
103.4	697.2	1694.9	2522.5	3360.3
0.0	901.9	1841.1	2671.7	3385.4
0.0	921.0	1830.8	2633.0	3422.0
0.0	824.4	1385.2	2463.3	3334.8
0.0	916.8	1456.0	2473.3	3291.7
0.0	866.2	1526.4	2551.5	3326.7
500.0	782.0	1394.7	2494.4	3321.1
387.1	649.5	1395.2	2509.8	3149.5
545.5	375.9	1189.7	2452.3	2918.5
0.0	446.6	1040.0	2447.9	2850.5
0.0	314.9	1086.8	2426.8	2858.2
114.3	452.0	1128.3	2428.3	2796.6
114.3	446.6	1783.9	2556.2	3182.2
114.5	559.1	2041.8	2850.1	3580.9
114.3	591.0	2091.1	2827.8	3613.0
112.2	573.1	2146.0	2809.2	3627.0
111.4	455.6	2187.8	2826.7	3663.3
110.7	423.5	2240.9	2799.5	3727.4
110.3	478.5	2282.2	2772.5	3753.6
111.2	441.2	2285.7	2705.9	3768.6
111.2	394.0	2273.6	2650.5	3792.4
110.3	393.9	2280.3	2665.0	3778.8
109.1	422.9	2307.7	2664.4	3784.8
107.8	397.3	2346.3	2702.5	3648.2
105.2	344.2	2251.0	2667.8	3487.1
104.3	578.7	1936.2	2657.2	3337.5
104.3	909.2	1929.7	2666.1	3384.1
0.0	780.0	1664.0	2578.2	3313.7
0.0	917.6	1678.9	2529.4	3289.0
0.0	1034.9	1853.4	2741.4	3396.2
117.6	951.6	1957.1	2749.3	3390.1
0.0	848.4	1903.5	2531.0	3344.0
0.0	952.3	1856.2	2601.6	3190.2
0.0	918.5	2044.8	2663.6	3318.1
0.0	528.7	1934.2	2664.1	3390.3
0.0	399.8	1938.6	2670.2	3596.0
0.0	425.7	1897.3	2645.2	3628.0
110.8	427.0	1817.0	2664.8	3622.7
108.2	412.4	1762.7	2708.3	3629.7
105.1	401.5	1678.6	2708.0	3632.5
103.7	390.0	1636.0	2710.0	3639.0
101.7	400.6	1600.2	2726.3	3600.3
97.8	420.5	1594.7	2711.9	3369.2
94.5	477.1	1559.4	2729.2	3474.5
95.2	663.1	1600.1	2819.4	3827.4
95.2	663.8	1689.0	2800.2	3800.3
352.9	633.8	1680.4	2845.4	3712.1
86.3	701.7	1630.0	2924.1	3739.1
85.1	710.1	1915.2	3113.5	3783.7
91.6	1227.8	2222.2	3106.2	3693.3
75.0	480.1	1885.8	2970.0	3515.4
76.4	1015.1	1842.9	2994.8	3380.7
87.0	905.9	1913.2	2950.8	3280.5
352.9	1143.7	2198.1	2841.5	3378.1
0.0	991.8	2298.0	2782.9	3491.5
0.0	1330.6	2344.5	2863.6	3528.2
0.0	855.2	2271.4	2915.0	3490.6
0.0	422.4	1883.3	2776.1	3383.7
0.0	401.9	1778.2	2696.6	3373.0
0.0	444.0	1781.5	2704.4	3415.8
109.8	441.2	1768.5	2683.0	3440.8
110.8	480.2	1764.4	2655.5	3452.9
109.9	577.9	1769.9	2649.1	3447.6
109.9	606.6	1757.2	2683.6	3497.2
109.7	626.7	1751.0	2701.6	3528.4
109.1	643.7	1775.0	2701.0	3528.5
108.7	638.6	1819.3	2713.0	3529.6
109.2	632.2	1874.8	2818.1	3505.6
109.6	617.9	1879.7	2853.3	3529.5
109.3	523.2	1664.1	2642.9	3266.9
107.9	413.6	1067.5	2050.5	3162.2
110.2	477.9	1069.0	2047.0	3227.1
115.5	467.6	1064.6	2093.0	3233.0
114.1	449.7	1083.5	2146.5	3287.9
113.4	568.0	2001.3	2518.7	3352.6
112.5	578.2	2183.3	3060.8	3413.5
111.5	767.6	2134.4	2720.1	3426.9
110.6	509.2	2067.1	2508.8	3457.8
110.4	389.3	1896.6	2303.8	3414.6
109.4	526.8	1672.5	2322.5	3345.1
219.6	467.4	1487.5	2341.0	3359.6
109.0	519.5	1367.0	2340.3	3332.5
109.4	547.8	1279.8	2355.5	3324.9
109.5	567.0	1262.4	2359.1	3325.2
109.0	579.0	1237.9	2380.3	3320.4
107.5	591.0	1243.9	2389.4	3322.9
107.0	607.7	1280.6	2382.1	3366.2
106.2	640.7	1339.2	2441.7	3345.3
106.0	659.1	1405.1	2473.7	3377.0
106.1	658.7	1474.3	2527.4	3441.3
106.2	646.3	1506.3	2637.5	3438.4
106.9	663.8	1545.7	2737.7	3450.7
106.4	652.1	1553.4	2691.7	3303.9
106.0	468.1	1067.9	2395.4	2951.2
101.7	490.0	1072.8	2388.6	2879.3
220.9	479.2	1072.0	2397.2	2904.5
106.6	487.0	1100.2	2402.8	3043.1
106.2	478.2	1179.1	2382.3	3104.1
106.4	485.7	1135.8	2359.1	3085.0
105.9	434.3	1059.3	2379.2	3084.5
0.0	463.8	1014.6	2353.0	3039.3
103.4	599.5	1005.0	2354.3	3054.4
103.4	577.5	997.8	2353.9	3046.8
101.8	537.8	981.0	2328.1	2990.1
100.3	635.8	1042.5	2324.8	3250.7
101.7	640.8	1138.9	2373.5	3533.0
102.2	636.2	1241.0	2590.6	3467.5
101.8	617.0	1365.1	2666.1	3472.3
101.8	612.8	1737.5	2616.7	3519.4
101.6	621.2	1911.2	2588.4	3541.2
100.5	603.4	1995.2	2568.0	3567.3
99.9	464.8	2032.1	2577.3	3602.6
99.8	444.0	2044.3	2573.1	3666.4
99.9	424.6	1953.5	2496.5	3592.1
99.3	415.7	1570.6	2360.1	3470.2
98.3	425.4	1080.2	2369.5	3365.1
97.5	289.8	1817.0	2438.0	3487.1
100.0	294.8	1055.8	2430.9	3250.0
100.8	293.9	1173.1	2398.5	3283.7
101.8	293.8	1219.1	2389.2	3180.2
101.5	304.2	2159.6	2473.7	3453.4
102.9	303.9	1215.3	2436.9	3384.2
103.1	306.4	1183.5	2404.1	3371.7
103.4	690.7	1406.0	2391.6	3452.2
219.3	685.5	1506.3	2595.3	3551.2
104.2	695.4	1567.8	2668.9	3596.6
99.3	704.1	1555.3	2697.3	3598.5
98.4	702.2	1526.6	2736.7	3719.2
98.7	718.3	1528.1	2701.9	3565.7
99.7	731.4	1518.2	2693.7	3556.1
101.8	723.4	1477.1	2642.2	3524.3
103.1	724.6	1440.1	2533.6	3545.6
103.5	723.5	1440.8	2457.5	3683.8
103.8	724.8	1437.1	2403.7	3721.9
103.9	721.3	1449.6	2364.5	3722.2
103.0	717.1	1451.0	2527.7	3585.4
102.5	685.0	1438.7	2370.5	3260.1
102.9	665.6	1477.8	2684.4	3440.4
101.1	719.2	1565.5	2608.2	3469.4
90.7	716.9	1605.8	2555.7	3689.3
93.8	978.5	1788.1	2808.8	3901.8
0.0	789.7	1916.1	2906.0	3902.5
266.7	828.1	1873.5	2813.1	3861.0
0.0	913.3	1580.1	2734.1	3746.9
0.0	957.0	2362.3	2834.5	3749.0
193.5	1092.8	2468.3	3154.3	3705.8
100.8	805.7	2502.6	3100.5	3494.3
0.0	543.6	2214.3	2852.1	3430.9
166.7	710.1	1870.6	2765.9	3400.8
133.3	644.5	1779.3	2564.5	3333.7
0.0	928.4	2070.9	2509.8	3278.5
0.0	772.9	2044.4	2488.4	3268.5
0.0	699.3	1708.4	2486.6	3280.1
0.0	432.3	1529.6	2362.4	3415.3
0.0	394.7	1509.5	1992.6	3507.0
0.0	411.3	1559.7	2299.9	3545.9
0.0	411.8	1535.4	2075.7	3512.2
0.0	430.1	1446.3	2270.1	3377.6
99.4	691.7	1458.2	2545.0	3278.7
94.2	867.5	1587.2	2527.8	3389.6
103.4	879.6	1588.6	2449.6	3327.2
75.9	927.8	1635.3	2655.5	3270.4
0.0	1079.1	1776.1	2745.9	3457.5
0.0	955.2	1867.0	2820.1	3592.7
0.0	891.8	1747.7	2711.7	3557.2
0.0	830.4	1556.8	2514.1	3507.7
0.0	788.7	1551.9	2548.5	3585.5
0.0	836.1	1513.8	2598.1	3607.9
363.6	849.1	1654.7	2628.1	3583.0
300.0	783.4	1682.8	2702.4	3689.0
0.0	474.2	740.7	2671.4	3783.5
0.0	478.3	765.1	2688.1	3826.5
176.1	569.4	875.3	2712.0	3739.5
138.3	458.6	739.5	2762.0	3793.2
94.7	469.0	736.0	2706.3	3776.8
93.6	555.5	765.0	2616.7	3807.9
92.4	698.2	906.7	2424.2	3799.2
90.9	581.3	821.4	2329.8	3690.1
90.2	671.7	1059.8	2364.7	3681.7
88.9	660.7	1148.3	2234.9	3666.6
94.5	709.9	1258.5	2316.7	3546.4
93.0	781.3	1359.3	2509.6	3522.5
0.0	599.5	1136.0	2410.0	3405.4
571.4	636.1	1294.1	2362.8	3390.8
324.3	607.3	1257.8	2383.5	3515.7
0.0	891.0	1166.6	2378.4	3639.4
78.4	801.9	1771.5	2605.0	3639.8
96.0	772.0	1668.8	2553.9	3579.4
117.6	897.4	1794.8	2658.9	3665.2
102.6	783.8	1651.1	2692.4	3622.6
0.0	763.0	1662.2	2752.1	3584.1
0.0	689.6	1583.6	2574.9	3581.8
0.0	647.4	1413.7	2458.5	3541.3
64.9	745.7	1411.8	2422.2	3619.1
