0.0	0.0	0.0	0.0	0.0
0.0	0.0	0.0	0.0	0.0
0.0	0.0	0.0	0.0	0.0
0.0	896.0	1684.7	2727.8	3498.3
0.0	1016.3	1737.6	2693.1	3475.2
0.0	1069.8	1885.3	2687.7	3396.5
0.0	921.6	1880.4	2670.2	3393.2
0.0	1001.6	1833.6	2648.6	3443.3
0.0	1047.3	1791.0	2495.1	3377.9
0.0	790.0	1755.3	2452.1	3376.4
0.0	731.8	1731.6	2578.5	3420.3
0.0	827.7	1638.8	2610.5	3364.2
64.9	787.3	1571.7	2586.2	3437.4
0.0	378.6	1547.5	2487.4	3364.8
0.0	464.2	1743.6	2668.7	3280.6
0.0	505.4	1624.8	2781.9	3342.0
0.0	607.3	1791.2	2807.3	3367.0
0.0	732.4	2011.6	2887.3	3424.7
210.5	764.1	2040.3	2824.8	3410.8
0.0	644.7	2117.1	2793.4	3435.9
111.1	658.0	2122.5	2865.4	3336.9
0.0	599.9	2135.9	2839.0	3399.3
104.3	374.5	2142.3	2790.9	3484.9
0.0	343.3	2124.8	2878.5	3509.5
134.9	335.7	2130.8	2913.6	3461.0
134.9	324.2	2139.8	2891.6	3408.6
137.2	375.1	2148.1	2777.6	3354.7
137.7	376.1	2125.6	2684.9	3331.8
137.4	319.6	2126.9	2541.4	3354.5
136.5	345.2	2082.9	2389.0	3323.7
135.4	376.1	1918.8	2138.8	3276.2
133.2	368.4	1679.0	2112.6	3263.1
129.3	365.3	1443.4	2053.2	3215.5
125.9	373.0	1273.1	2000.8	3177.3
122.2	326.4	1113.4	2002.2	3104.7
116.1	353.8	1033.0	2021.3	3034.2
110.7	927.9	1517.3	2373.4	3119.1
106.2	895.9	1514.5	2439.1	3239.0
102.9	873.3	1559.9	2387.7	3198.8
99.3	620.7	1197.7	2171.7	3122.0
99.2	471.5	1054.8	1799.3	3071.8
101.0	406.8	1092.5	1634.5	2913.6
105.3	434.2	1155.8	1607.9	3045.0
108.3	453.1	1214.1	1667.8	3281.3
108.9	452.4	1238.5	1719.6	3063.2
110.0	478.7	1243.1	1816.8	3016.6
110.0	505.6	1228.2	1994.1	3120.2
109.4	514.9	1201.5	2140.3	3255.4
109.2	517.8	1168.3	2235.2	3428.8
109.0	515.9	1139.5	2303.3	3449.4
109.2	504.3	1127.1	2326.0	3374.4
107.8	497.6	1116.2	2320.2	3391.2
108.4	488.3	1087.1	2338.5	3359.7
106.2	457.5	1056.1	2363.6	3279.6
105.2	425.3	1038.0	2342.7	3217.9
105.0	416.3	1005.5	2341.5	3201.6
103.0	407.9	990.8	2351.2	3181.9
103.4	403.2	989.8	2372.7	3188.8
100.9	402.8	1007.6	2369.5	3232.8
100.6	401.4	1041.2	2310.2	3233.6
99.4	399.3	1081.9	2197.4	3157.3
98.2	389.2	1088.0	2155.0	3204.4
97.0	371.5	1130.8	2321.8	3301.9
144.2	289.9	1230.7	2418.3	3387.9
80.5	238.3	1282.4	2426.6	3424.7
85.1	239.9	1318.5	2527.6	3475.2
82.4	690.7	1385.8	2286.3	3087.1
0.0	662.2	1422.5	2126.5	3027.7
0.0	522.6	1224.0	2229.4	3108.6
0.0	357.1	1184.1	2470.9	3266.7
93.0	355.5	1127.1	2674.6	3374.5
93.4	360.3	1082.4	2717.0	3432.8
94.5	353.6	1018.3	2739.3	3423.9
95.0	382.3	991.7	2789.0	3480.9
96.2	361.5	943.1	2838.5	3581.0
97.2	394.0	922.6	2831.7	3624.4
99.5	465.0	950.9	2811.2	3642.2
105.7	523.1	998.5	2813.8	3594.6
108.9	543.9	1044.0	2808.5	3538.2
109.6	560.5	1074.3	2793.9	3583.0
110.8	557.8	1093.4	2746.9	3590.8
111.5	555.9	1112.5	2722.4	3576.9
110.4	544.5	1118.5	2715.7	3553.7
109.6	541.4	1116.3	2693.0	3562.4
108.4	532.3	1107.3	2677.4	3517.4
107.5	530.3	1097.2	2656.9	3464.9
106.5	520.6	1082.1	2616.7	3427.9
105.9	509.6	1058.6	2592.0	3436.5
105.5	495.8	1039.3	2577.6	3417.1
105.5	481.6	1027.1	2547.2	3391.6
105.0	456.1	986.9	2504.0	3371.4
104.6	439.9	956.8	2485.4	3364.1
103.4	426.2	935.6	2459.0	3356.6
102.7	417.8	912.5	2453.5	3348.0
101.6	402.5	892.0	2450.7	3305.5
100.3	396.6	870.2	2443.8	3287.8
98.6	390.8	844.7	2461.0	3284.6
97.3	380.1	822.6	2444.2	3287.9
95.3	377.7	800.8	2449.5	3271.1
92.6	382.5	782.2	2467.3	3268.2
91.2	428.2	784.6	2466.9	3251.4
89.5	462.9	794.3	2455.4	3263.9
87.6	494.4	839.8	2553.3	3248.4
86.0	531.6	873.8	2751.2	3228.9
85.1	581.3	893.3	2808.5	3259.7
85.8	606.8	928.9	2858.3	3324.8
88.3	620.4	990.2	2858.0	3364.2
87.5	627.4	1050.0	2834.1	3404.2
87.2	602.7	1109.8	2804.1	3388.7
87.5	560.8	1180.3	2649.3	3215.0
87.5	348.6	1182.5	2628.1	3406.0
83.7	242.1	1206.6	2734.2	3477.1
87.0	241.7	1276.5	2708.4	3535.4
85.3	250.2	1308.0	2631.0	3564.8
85.3	243.7	1303.1	2657.4	3535.1
84.6	242.1	1317.1	2611.0	3170.1
83.7	617.8	1407.0	2638.8	3417.9
0.0	506.5	1465.3	2666.2	3538.5
86.0	545.4	1466.8	2686.5	3522.4
84.6	543.1	1403.7	2544.1	3427.2
82.5	519.7	1345.9	2376.4	3346.3
81.9	364.1	1303.0	2327.2	3334.1
77.4	264.2	1353.2	2320.9	3312.5
81.1	254.7	1319.6	2348.2	3305.1
81.2	254.6	1309.3	2362.2	3296.0
82.8	246.9	1227.4	2312.7	3270.5
83.9	262.7	1210.4	2291.2	3228.3
83.9	279.6	1207.5	2269.1	3258.4
85.7	539.5	1440.9	2281.9	3265.9
223.2	536.4	1645.9	2337.9	3261.8
96.0	535.8	1793.1	2400.7	3339.5
90.1	520.5	1888.7	2411.6	3370.8
90.3	505.3	1926.7	2414.0	3383.0
91.1	505.5	1955.4	2409.0	3406.8
89.9	496.1	1978.5	2403.5	3403.2
90.2	491.5	1953.8	2303.2	3392.6
90.0	493.1	1894.3	2222.0	3408.7
89.5	498.8	1811.1	2156.0	3411.6
89.5	502.9	1740.9	2091.6	3459.2
87.7	490.2	1691.9	2016.5	3465.8
86.9	492.9	1610.8	1916.0	3517.3
85.8	470.1	1560.9	1886.0	3544.6
85.0	473.1	1515.7	1837.4	3540.8
84.4	462.1	1471.4	1792.3	3550.1
84.0	468.2	1484.4	1767.2	3547.6
83.8	452.1	1512.4	1795.9	3492.2
83.4	444.3	1568.2	1828.6	3399.6
83.3	431.2	1567.8	1893.9	3284.6
82.9	426.8	1569.5	2045.4	3189.8
82.6	415.1	1601.2	2385.4	3165.1
82.3	378.4	1606.7	2569.8	3174.6
80.0	454.3	1670.1	2651.9	3368.1
78.4	476.7	1817.7	2856.1	3552.8
75.7	526.2	1755.5	2823.2	3577.6
74.5	1025.5	2098.3	2828.6	3630.7
74.5	874.6	2291.8	3174.4	3791.0
75.5	859.5	2351.8	3231.3	3873.0
0.0	441.1	1644.6	2900.2	3780.3
0.0	586.7	1450.6	2788.3	3666.3
146.3	754.5	1698.3	2583.5	3544.9
75.9	708.2	1811.1	2515.0	3479.2
0.0	276.7	1345.8	2517.9	3441.4
0.0	272.0	1007.0	2529.0	3473.2
83.6	247.1	1070.8	2547.5	3507.3
0.0	587.8	1550.1	2551.0	3520.9
83.9	473.7	1525.0	2519.5	3550.1
86.4	285.5	1571.0	2514.1	3527.4
87.1	519.3	1721.3	2576.5	3498.5
0.0	536.5	1768.1	2608.2	3506.0
90.5	559.2	1802.5	2605.2	3443.9
90.7	574.0	1812.2	2582.5	3494.9
91.2	589.7	1802.1	2613.5	3452.0
91.3	595.6	1780.4	2584.0	3428.0
91.3	611.0	1806.2	2586.7	3461.3
90.0	621.2	1813.9	2576.1	3507.4
88.1	612.4	1794.5	2507.8	3438.4
85.2	618.2	1771.2	2470.8	3427.5
81.5	627.1	1755.4	2477.5	3361.9
81.0	612.2	1750.1	2421.5	3357.3
76.9	605.4	1719.2	2343.8	3358.9
68.8	599.8	1734.3	2314.2	3300.3
72.3	553.0	1742.8	2275.0	3246.2
72.3	525.2	1769.9	2191.6	3270.9
0.0	454.1	1788.6	2168.7	3304.8
0.0	437.8	1803.9	2152.0	3302.6
80.5	570.3	1818.3	2238.2	3343.3
0.0	712.0	1787.1	2501.5	3374.9
0.0	689.4	1725.6	2594.7	3311.2
0.0	574.8	1619.7	2617.3	3373.4
0.0	757.3	1713.0	2666.6	3385.5
0.0	1035.5	1759.1	2618.0	3350.9
64.2	940.4	1713.4	2588.8	3395.2
0.0	936.9	1624.0	2590.4	3456.0
0.0	779.6	1600.8	2579.4	3402.5
0.0	596.0	1669.7	2331.6	3422.5
444.4	535.5	1701.2	1966.8	3401.7
444.4	509.0	1720.1	2294.5	3422.4
0.0	538.5	1664.4	2250.6	3371.5
77.9	527.9	1754.2	2396.9	3520.6
0.0	638.7	1733.3	2431.2	3460.7
0.0	665.7	1746.5	2465.4	3459.0
146.3	664.0	1757.1	2581.0	3599.2
0.0	706.5	1702.9	2412.0	3487.0
140.7	730.1	1688.4	2358.8	3439.0
72.3	578.7	1661.1	2409.7	3393.8
226.8	891.8	1644.7	2318.9	3360.0
0.0	876.6	1605.1	2405.0	3401.5
102.6	804.0	1602.6	2514.1	3453.7
125.0	816.5	1598.2	2674.4	3470.2
0.0	768.0	1538.0	2536.3	3296.2
