0.0	0.0	0.0	0.0	0.0
0.0	0.0	0.0	0.0	0.0
0.0	0.0	0.0	0.0	0.0
0.0	975.3	1985.8	2690.3	3409.3
0.0	990.2	1875.8	2731.9	3454.1
0.0	818.9	1655.8	2634.9	3401.6
0.0	788.1	1564.4	2519.1	3342.0
0.0	736.1	1301.3	2536.6	3315.1
0.0	662.5	1287.5	2498.3	3335.3
0.0	691.1	1293.9	2415.0	3383.0
0.0	737.9	1274.2	2354.2	3503.7
0.0	833.8	1270.7	2404.9	3577.8
260.6	949.0	1327.7	2351.0	3478.9
0.0	752.4	1347.0	2347.1	3364.6
0.0	839.0	1435.5	2455.0	3460.9
157.9	680.3	1545.1	2494.1	3493.5
0.0	692.2	1553.1	2435.8	3450.2
0.0	809.4	1549.0	2384.6	3325.7
400.0	785.5	1496.2	2423.8	3249.4
0.0	803.6	1540.4	2400.9	3431.9
0.0	930.9	1634.7	2450.6	3481.5
0.0	804.8	1681.7	2590.8	3561.0
375.0	1003.1	1685.9	2500.2	3572.9
400.0	993.2	1578.6	2422.5	3554.3
400.0	848.9	1555.8	2401.3	3523.5
307.7	776.6	1623.9	2466.7	3633.7
164.4	740.3	1591.9	2461.4	3536.3
0.0	831.1	1586.1	2353.6	3346.1
0.0	888.0	1669.5	2441.8	3397.4
0.0	808.1	1685.8	2368.4	3420.8
0.0	811.9	1701.1	2496.1	3436.7
0.0	801.3	1721.2	2679.8	3531.3
0.0	578.8	1675.9	2607.7	3615.5
0.0	598.9	1661.0	2454.1	3592.0
266.7	816.4	1655.2	2521.8	3580.3
0.0	821.4	1689.6	2550.8	3608.7
0.0	825.8	1720.0	2519.0	3600.0
0.0	730.3	1673.6	2469.1	3575.4
0.0	1025.0	1708.3	2607.3	3707.4
171.4	895.0	1673.7	2587.3	3721.1
0.0	849.2	1642.9	2519.4	3567.2
0.0	908.9	1693.1	2444.4	3396.6
0.0	877.8	1692.0	2396.2	3381.3
352.9	915.7	1694.5	2414.7	3433.0
99.2	879.7	1708.6	2490.1	3470.8
375.0	788.3	1627.8	2587.4	3499.4
0.0	873.9	1619.7	2592.3	3537.1
279.1	881.6	1674.6	2496.3	3552.6
0.0	732.2	1626.6	2362.4	3569.5
315.8	739.4	1603.8	2413.2	3542.5
0.0	858.7	1643.4	2501.5	3488.6
0.0	836.3	1652.8	2508.4	3421.7
0.0	827.3	1603.4	2509.9	3367.6
0.0	738.4	1515.3	2475.9	3350.1
0.0	806.3	1675.6	2511.6	3392.5
0.0	857.5	1655.6	2551.7	3396.8
0.0	758.5	1670.5	2561.5	3417.3
0.0	793.0	1718.5	2694.4	3507.7
0.0	795.6	1699.7	2737.6	3486.8
0.0	696.7	1762.6	2727.1	3455.3
179.1	618.2	1701.9	2672.9	3450.6
0.0	572.2	1693.0	2653.3	3478.9
0.0	539.0	1816.7	2715.7	3573.1
0.0	545.0	1873.0	2701.8	3547.7
156.2	511.7	1936.6	2685.6	3417.5
124.9	480.0	2015.4	2698.1	3547.9
129.6	464.0	2019.0	2669.1	3552.5
126.1	459.7	1958.1	2622.0	3498.9
124.6	467.7	1781.3	2543.2	3491.1
121.2	428.6	1551.8	2471.1	3442.7
117.6	454.2	1584.7	2485.5	3464.7
117.5	712.8	1527.9	2484.5	3455.5
118.9	529.0	1579.8	2562.5	3395.3
121.2	1188.0	2023.5	2791.4	3509.6
118.8	736.9	1655.7	2603.1	3386.5
118.8	1067.8	1737.3	2658.7	3360.6
125.0	981.7	1679.7	2720.4	3376.3
127.7	584.3	1240.8	2507.9	3310.0
133.3	557.1	1073.3	2508.4	3380.5
126.3	531.7	922.4	2524.0	3343.1
129.0	496.4	886.2	2550.9	3344.2
127.7	525.3	860.7	2587.6	3363.4
129.3	512.9	805.9	2601.2	3316.6
130.8	459.4	787.4	2621.7	3378.9
131.0	499.5	796.6	2644.8	3402.7
131.6	456.7	788.7	2610.0	3276.3
135.0	475.3	837.5	2545.0	3217.6
137.0	482.0	851.5	2521.2	3222.1
139.5	517.2	910.6	2476.3	3237.0
140.7	571.1	1013.8	2405.7	3220.8
141.9	578.9	1117.8	2353.3	3228.7
143.2	569.5	1238.4	2269.7	3216.3
143.3	545.5	1349.0	2247.8	3236.4
142.5	503.9	1466.5	2351.2	3254.2
141.4	567.7	1576.5	2405.7	3240.9
136.4	633.8	1621.5	2487.3	3339.6
130.4	791.6	1681.3	2620.2	3449.2
123.7	694.2	1776.8	2971.5	3547.1
121.2	673.2	1784.9	2899.6	3547.7
0.0	730.5	1770.6	2793.3	3552.2
0.0	702.6	1786.6	2875.9	3568.0
203.4	693.7	1804.3	2901.2	3610.3
0.0	809.1	1835.2	2982.8	3642.6
352.9	775.9	1772.8	2986.7	3531.1
0.0	808.7	1730.7	3033.4	3550.6
121.2	810.9	1721.7	3045.2	3531.6
0.0	777.8	1721.6	3127.0	3490.1
0.0	688.0	1803.5	3256.8	3496.1
461.5	623.7	1636.6	3191.4	3457.8
0.0	552.1	1700.5	2976.9	3388.8
375.0	705.6	1621.3	2718.8	3274.0
0.0	812.5	1651.3	2576.3	3261.5
0.0	709.1	1727.3	2559.6	3340.0
74.1	813.4	1732.6	2434.7	3291.9
0.0	919.8	1862.3	2504.9	3312.1
0.0	669.9	1712.4	2600.0	3370.8
0.0	736.1	1752.9	2551.1	3285.1
0.0	815.2	1634.8	2538.0	3294.7
0.0	691.0	1655.1	2560.8	3392.2
0.0	901.6	1786.9	2646.9	3461.6
571.4	541.5	1156.8	2520.6	3325.8
0.0	540.6	1132.2	2560.6	3304.0
0.0	536.7	1154.8	2551.0	3250.9
132.5	553.3	1175.2	2567.2	3302.3
132.1	564.0	1179.4	2586.0	3319.2
130.6	559.8	1172.6	2600.5	3357.4
130.4	552.3	1167.4	2615.4	3395.5
129.3	551.8	1163.9	2607.0	3352.2
129.3	548.2	1148.6	2614.8	3300.3
129.5	541.7	1121.0	2636.2	3304.5
129.2	521.9	1093.8	2639.7	3306.2
128.9	509.8	1070.1	2630.1	3306.9
126.7	495.4	1024.4	2629.5	3304.8
126.2	474.3	1008.5	2644.9	3363.1
127.6	422.5	987.3	2625.8	3421.7
128.4	364.9	922.5	2644.6	3711.4
126.3	325.8	902.6	2612.3	3896.7
112.1	333.3	917.2	2612.5	3807.7
74.1	245.0	961.1	2544.6	3526.2
67.8	368.2	1252.7	2570.1	3379.7
125.0	1051.9	1333.6	2639.5	3454.3
255.3	945.3	1374.0	2565.0	3518.3
0.0	488.7	1525.6	2549.8	3268.4
0.0	372.9	1389.6	2517.8	2860.4
0.0	419.7	1319.3	2493.2	2802.5
0.0	239.7	1318.5	2507.1	3123.8
0.0	248.4	1433.8	2501.4	3335.9
121.1	253.2	1521.7	2524.9	3491.5
129.0	257.3	1684.5	2536.5	3426.2
127.1	243.7	1669.1	2545.9	3305.9
126.4	243.5	1668.8	2559.4	3355.0
127.2	258.3	1690.8	2533.1	3400.3
127.7	261.5	1797.4	2489.0	3391.4
127.8	528.4	1984.7	2550.2	3428.1
133.5	492.5	2040.8	2595.9	3421.6
132.9	486.7	2040.3	2560.2	3362.8
128.8	487.2	1999.1	2430.4	3347.0
128.6	511.3	1923.8	2193.8	3327.1
129.8	520.3	1854.6	2122.2	3360.7
130.9	516.2	1809.3	2064.5	3416.2
131.7	533.0	1748.9	2008.9	3418.0
131.7	533.9	1716.5	1988.1	3465.9
131.2	537.6	1697.3	1982.6	3513.7
130.8	548.9	1682.9	1948.4	3503.4
130.8	537.8	1703.9	1979.9	3489.5
131.3	535.4	1735.3	2024.2	3485.9
130.8	532.1	1760.3	2080.6	3466.6
129.9	526.5	1788.5	2142.1	3464.5
128.5	529.7	1810.5	2198.6	3461.9
127.7	523.8	1824.6	2269.8	3478.7
127.1	522.8	1850.4	2357.0	3532.6
126.7	500.4	1820.8	2457.0	3569.0
126.2	502.0	1719.2	2433.5	3620.9
124.5	473.6	1623.3	2431.6	3560.6
120.7	659.5	1682.2	2498.4	3601.4
117.5	629.4	1749.3	2530.5	3550.8
134.8	639.6	1813.9	2507.2	3502.6
128.1	697.1	1901.6	2530.1	3491.4
123.1	670.5	1904.9	2451.2	3370.4
117.6	689.2	1889.2	2468.9	3273.3
119.3	655.8	1868.4	2437.7	3390.0
120.0	649.4	1886.6	2514.6	3502.5
122.2	714.7	1924.7	2653.0	3483.8
122.8	718.2	1933.4	2542.0	3442.6
126.3	662.9	1953.6	2572.1	3572.4
127.9	614.0	1989.5	2559.5	3606.5
125.6	492.9	1996.9	2526.7	3594.4
124.3	627.3	2009.7	2463.3	3494.1
124.6	494.2	2024.1	2521.3	3474.3
126.2	581.2	2047.8	2566.1	3328.0
126.9	607.7	2039.7	2441.5	3159.2
126.4	617.7	2047.0	2538.0	3356.1
125.4	604.7	2052.6	2556.6	3344.5
124.4	591.5	2054.6	2505.9	3204.8
122.9	627.4	2039.9	2465.5	3225.0
123.8	608.0	2043.5	2514.2	3396.8
123.2	603.5	2020.8	2520.0	3382.2
123.2	617.8	1980.1	2275.4	2904.7
123.9	612.1	1970.7	2314.0	2967.4
123.3	611.2	1938.4	2375.4	2928.2
121.8	607.0	1890.3	2304.4	2883.3
122.3	610.1	1830.1	2249.0	3008.1
121.2	609.8	1822.6	2265.6	2996.1
120.0	594.8	1790.5	2234.2	3039.0
119.6	574.1	1704.0	2115.0	3012.0
118.8	533.3	1656.0	2383.3	3039.1
118.8	414.4	1523.5	2475.1	3025.4
113.2	279.3	1520.9	2536.7	3249.1
119.9	243.2	1515.2	2528.1	3385.6
118.5	254.3	1558.6	2484.3	3482.5
117.4	246.3	1562.9	2530.0	3525.0
117.6	247.8	1560.6	2543.3	3463.7
117.3	248.7	1553.9	2510.6	3471.5
125.0	593.4	1708.6	2634.2	3562.5
0.0	623.1	1729.1	2629.1	3622.6
0.0	692.2	1705.1	2502.5	3332.4
497.6	717.3	1726.0	2547.8	3467.7
0.0	722.0	1737.7	2592.0	3545.1
500.0	716.5	1706.8	2574.0	3577.7
133.3	655.9	1679.4	2569.3	3619.7
0.0	751.0	1644.0	2551.1	3590.2
127.7	634.0	1711.1	2556.5	3523.7
125.0	818.2	1668.9	2545.4	3478.7
136.4	853.7	1676.7	2468.3	3435.8
129.0	816.8	1641.1	2425.0	3398.6
545.5	829.7	1610.6	2412.4	3352.4
0.0	876.5	1609.5	2427.4	3297.1
0.0	915.3	1610.6	2496.7	3326.2
83.3	783.3	1553.1	2519.1	3433.2
0.0	815.3	1512.7	2518.4	3463.2
