0.0	0.0	0.0	0.0	0.0
0.0	0.0	0.0	0.0	0.0
0.0	0.0	0.0	0.0	0.0
0.0	1147.1	1700.8	2812.0	3322.6
0.0	729.4	1749.1	2619.8	3429.1
0.0	703.5	1697.0	2516.5	3474.2
571.4	736.4	1608.8	2500.9	3331.2
571.4	617.7	1631.3	2454.0	3376.7
500.0	714.1	1746.5	2541.5	3441.0
0.0	1004.0	1806.5	2524.8	3453.7
375.0	589.9	1710.9	2534.2	3436.7
0.0	838.5	1811.4	2673.2	3560.8
0.0	755.5	1791.0	2809.9	3495.3
0.0	768.9	1882.2	2789.7	3421.1
0.0	935.4	1911.4	2696.8	3393.6
0.0	910.8	1755.9	2625.5	3506.0
0.0	767.0	1594.3	2518.9	3449.6
0.0	795.9	1648.6	2475.1	3384.6
0.0	622.3	1718.2	2458.5	3445.8
0.0	764.7	1814.3	2490.8	3672.3
0.0	849.4	1866.7	2464.9	3650.3
0.0	619.6	1883.3	2510.4	3372.8
0.0	508.7	1886.3	2640.2	3631.0
170.8	456.7	1922.4	2650.0	3580.5
162.0	457.8	1930.5	2574.4	3356.0
166.5	388.2	1929.9	2603.3	3372.5
167.2	378.7	1945.5	2607.2	3405.2
171.7	355.0	1945.2	2525.1	3488.1
174.2	354.1	1912.9	2348.1	3406.3
177.4	370.8	1799.8	2214.1	3465.5
181.5	372.8	1475.2	2337.7	3322.4
176.2	249.9	1612.4	2536.1	3305.7
81.5	805.3	1717.9	2702.5	3376.3
0.0	996.0	1752.5	2586.5	3426.2
0.0	1087.1	1756.6	2567.6	3391.0
0.0	748.5	1633.3	2582.2	3357.5
0.0	709.0	1553.7	2496.5	3359.9
0.0	944.8	1698.7	2479.2	3348.6
214.3	955.0	1582.1	2375.6	3328.4
0.0	743.2	1457.2	2297.4	3295.3
0.0	599.8	1196.5	2270.6	3235.0
0.0	622.5	1277.3	2282.8	3388.0
129.0	701.4	1295.1	2359.7	3439.3
127.7	704.6	1187.6	2438.4	3477.5
0.0	630.8	1206.1	2333.2	3288.9
120.7	527.2	918.1	1978.2	3069.6
0.0	521.8	937.4	1899.7	2948.7
100.9	486.8	945.7	1861.5	2921.0
96.6	513.5	959.8	1915.3	2908.9
94.3	528.6	1001.4	1983.0	2955.7
93.9	561.3	1040.0	1937.6	2825.5
93.8	579.4	1031.2	1996.9	2523.4
93.8	800.6	1151.5	2272.1	3059.6
92.3	510.1	1073.0	2295.2	2825.5
91.6	419.8	1116.8	2301.7	2607.7
94.5	458.0	1231.9	2315.4	2623.0
93.8	289.7	1384.0	2332.1	2711.6
95.2	295.6	1472.2	2350.9	2753.5
93.0	487.8	1541.8	2401.0	2774.4
93.8	452.6	1524.7	2397.9	2703.9
92.3	445.9	1527.6	2385.3	2858.5
92.3	463.9	1293.6	2405.6	2922.3
93.8	384.0	1183.3	2395.4	2917.7
93.8	383.3	1212.8	2381.7	3019.5
94.5	446.2	1492.1	2364.8	2981.7
96.8	594.2	1634.6	2394.0	3054.6
102.8	600.4	1688.6	2428.1	3290.9
103.9	605.1	1719.6	2432.6	3427.0
101.1	629.5	1709.6	2417.3	3477.7
103.4	631.2	1701.3	2371.1	3224.5
105.3	641.4	1693.8	2380.1	3259.3
108.5	627.4	1655.5	2342.4	3091.8
109.9	619.9	1607.9	2328.5	3146.9
112.5	623.3	1563.7	2289.8	3094.9
115.4	627.6	1508.9	2277.0	3146.6
117.6	611.9	1417.6	2189.1	3200.5
118.7	594.5	1348.2	2081.0	3330.5
119.6	586.0	1258.9	2076.8	3277.7
115.7	760.8	1658.6	2554.8	3473.5
104.6	802.5	1652.3	2612.8	3545.3
104.1	832.5	1634.3	2542.2	3431.2
108.1	836.8	1563.8	2508.3	3371.1
111.1	847.6	1487.7	2538.7	3445.7
0.0	475.2	1424.9	2525.9	3315.0
115.4	444.1	1409.1	2418.5	3374.3
124.0	475.8	1159.5	1505.3	3438.4
105.5	451.8	1188.0	1505.3	3477.3
100.0	480.3	1204.4	1492.4	3476.0
99.0	483.1	1193.8	1459.5	3457.9
97.1	479.3	1196.8	1479.3	3368.3
96.0	469.1	1208.1	1545.2	3189.7
94.7	470.5	1200.3	1632.9	3135.9
94.0	480.4	1208.0	1729.4	3132.0
94.1	476.8	1199.5	1810.5	3088.6
93.4	466.5	1209.5	1922.3	2897.8
92.9	458.9	1216.0	2000.3	2769.1
92.1	453.6	1243.6	2116.8	2909.9
92.1	444.0	1265.5	2298.5	3086.4
92.1	503.0	1359.1	2287.9	3090.8
91.1	478.3	1424.2	2205.2	3156.2
90.6	709.6	1516.5	2289.2	3268.6
94.2	525.7	1551.2	2314.4	3246.6
96.3	482.1	1580.8	2288.0	3211.6
95.2	473.7	1586.2	2332.0	3423.3
94.6	468.5	1576.2	2345.3	3689.1
95.7	472.9	1595.1	2314.7	3658.1
95.8	470.4	1614.0	2256.9	3713.2
96.8	474.4	1632.2	2243.1	3764.9
96.5	473.5	1614.8	2223.9	3730.7
96.2	482.1	1537.2	2205.8	3699.9
96.4	477.3	1513.6	2144.0	3566.8
96.0	486.4	1447.5	2084.6	3436.5
96.3	488.0	1348.1	2030.2	3418.9
97.0	479.7	1281.9	2005.3	3382.7
96.2	498.7	1225.5	2014.1	3500.5
94.3	502.1	1242.9	2122.8	3515.1
91.3	655.9	1315.8	2359.2	3271.1
88.3	931.0	1667.9	2565.5	3334.3
83.3	1015.1	1751.7	2785.4	3496.3
0.0	1053.0	1791.9	2811.0	3473.5
0.0	1097.1	1669.7	2612.8	3353.7
0.0	1032.5	1567.5	2464.5	3291.5
0.0	806.5	1600.7	2591.1	3381.9
292.7	791.7	1742.1	2667.5	3428.9
292.7	865.5	1698.0	2589.7	3404.9
0.0	941.4	1652.3	2571.7	3336.5
0.0	1017.2	1665.2	2560.7	3407.3
0.0	1012.5	1786.2	2500.8	3330.1
0.0	972.6	1861.4	2545.2	3412.8
0.0	920.4	1827.7	2657.5	3586.3
162.2	738.0	1754.0	2612.8	3483.6
0.0	768.5	1496.7	2246.2	3247.6
0.0	770.6	1449.7	2274.3	3236.3
0.0	526.9	1054.6	1629.9	3242.0
128.6	493.5	997.1	1547.5	3565.2
0.0	505.1	1004.7	1525.8	3567.9
96.3	508.4	1034.0	1521.9	3618.1
96.7	535.8	1076.9	1521.8	3634.8
93.8	523.8	1119.2	1542.1	3613.7
93.2	529.0	1153.6	1584.5	3589.4
91.8	512.6	1178.6	1601.7	3614.1
91.6	508.5	1210.1	1631.7	3526.2
91.9	521.6	1300.7	1698.4	3452.4
92.2	496.5	1388.0	1734.0	3439.3
92.4	523.7	1467.5	1788.1	3482.9
92.6	525.2	1508.7	1862.6	3495.9
93.2	510.4	1538.7	1978.7	3513.2
94.3	515.6	1586.2	2086.5	3351.3
96.1	517.7	1606.9	2112.8	3352.5
97.8	529.1	1590.1	2139.5	3332.4
99.5	538.7	1558.3	2146.0	3277.4
101.8	549.0	1571.8	2102.6	3235.1
104.1	554.0	1555.1	2092.3	3418.6
106.2	566.9	1482.8	2036.8	3493.4
107.6	577.7	1429.4	1987.6	3573.0
109.2	558.2	1433.6	1958.2	3610.6
108.9	554.0	1365.7	1922.3	3593.2
107.3	484.8	1284.6	1866.0	3356.8
103.9	704.4	1598.5	2169.1	3239.9
94.3	794.7	1688.7	2573.7	3277.2
100.5	791.3	1675.0	2583.8	3289.3
90.2	714.1	1495.6	2436.0	3327.6
92.3	852.0	1582.2	2464.3	3443.5
95.2	885.7	1614.2	2572.4	3367.5
90.9	650.6	1500.4	2427.8	3264.6
0.0	689.9	1456.4	2302.3	3342.6
0.0	515.9	1347.9	2049.6	3289.1
0.0	504.2	1234.5	1700.0	3414.6
0.0	496.7	1277.4	1666.5	3519.7
101.8	490.5	1319.5	1652.1	3436.2
103.4	487.4	1383.7	1648.1	3431.4
102.9	485.9	1374.2	1650.7	3626.7
102.0	497.1	1361.5	1631.8	3551.2
102.4	474.7	1381.9	1604.7	3412.3
101.9	481.0	1436.4	1701.1	3454.7
102.9	486.9	1447.7	1713.3	3566.8
102.5	461.8	1394.1	1576.4	3496.1
105.4	935.5	1506.8	2044.2	3318.9
109.1	845.7	1579.5	1786.0	3200.8
110.1	737.4	1549.4	1744.7	3327.2
109.0	764.5	1524.4	1742.9	3389.0
109.1	794.2	1602.2	1790.2	3356.8
115.4	853.3	1659.9	1861.4	3286.5
112.1	841.6	1642.4	2059.3	3307.6
234.5	774.5	1640.7	2054.8	3241.3
266.7	806.9	1655.8	2145.6	3232.4
285.7	830.0	1707.4	2126.7	3297.1
0.0	739.2	1686.4	2071.9	3308.9
255.3	777.3	1681.9	2151.1	3214.6
255.3	838.6	1702.7	2234.5	3171.5
0.0	860.5	1693.3	2142.3	3146.3
0.0	902.8	1670.9	2327.4	3186.8
0.0	809.5	1680.5	2346.7	3134.9
173.9	870.6	1686.9	2350.0	3231.0
166.7	884.2	1712.9	2413.4	3288.3
0.0	854.6	1727.2	2573.9	3349.7
260.9	862.3	1669.3	2548.0	3357.3
0.0	850.5	1652.6	2423.6	3360.7
157.9	808.9	1632.0	2554.6	3473.5
