0.0	0.0	0.0	0.0	0.0
0.0	0.0	0.0	0.0	0.0
0.0	0.0	0.0	0.0	0.0
0.0	909.3	1804.0	2485.4	3593.5
0.0	990.8	1820.2	2589.8	3464.0
0.0	514.3	1762.9	2644.4	3387.6
146.3	715.2	1840.6	2604.4	3335.9
0.0	1033.4	1695.1	2527.3	3334.1
0.0	928.9	1619.0	2583.4	3396.1
0.0	762.9	1715.5	2694.1	3529.7
218.2	692.1	1791.4	2622.0	3582.5
0.0	739.7	1743.1	2592.3	3531.0
0.0	865.8	1733.5	2668.5	3450.0
0.0	779.7	1839.0	2797.5	3472.7
0.0	753.4	1780.7	2645.0	3514.3
63.8	877.3	1750.2	2576.4	3501.5
0.0	888.0	1745.7	2564.0	3466.3
0.0	799.8	1797.9	2642.0	3506.8
0.0	874.7	1708.9	2732.3	3621.9
0.0	842.9	1758.7	2540.0	3510.9
0.0	544.9	1808.4	2663.1	3397.8
0.0	637.6	1916.1	2816.9	3383.4
0.0	780.1	1926.9	2776.1	3423.0
0.0	666.1	1883.5	2723.3	3505.2
103.4	555.4	1753.7	2751.1	3479.8
0.0	568.6	1871.7	2746.6	3441.9
68.6	794.5	1949.3	2723.8	3530.1
0.0	845.5	1881.8	2703.3	3413.1
0.0	762.3	1727.6	2616.1	3349.8
0.0	699.1	1538.4	2546.7	3304.9
375.0	877.0	1791.3	2736.1	3272.1
0.0	774.4	1817.9	2697.9	3244.4
0.0	609.0	1701.0	2509.3	3224.4
0.0	610.2	1681.8	2601.0	3166.3
0.0	577.6	1791.2	2569.8	3173.9
0.0	949.7	1800.9	2697.0	3233.2
0.0	620.4	1715.0	2695.1	3202.0
0.0	613.6	1646.4	2599.0	3211.5
0.0	759.9	1748.8	2587.7	3272.4
0.0	770.4	1779.8	2570.3	3280.2
0.0	742.5	1772.2	2565.6	3280.5
461.5	705.8	1730.4	2553.9	3331.4
461.5	708.9	1720.9	2562.2	3366.8
0.0	773.1	1755.6	2601.7	3327.5
0.0	745.0	1803.5	2604.0	3209.1
0.0	763.1	1877.0	2553.3	3156.8
0.0	829.5	1866.6	2514.7	3225.8
342.9	770.4	1723.3	2476.8	3201.6
106.2	754.0	1736.7	2477.9	3235.6
0.0	846.7	1818.6	2553.3	3286.3
88.9	993.7	1822.2	2572.1	3290.6
0.0	684.7	1783.0	2632.7	3263.9
0.0	668.8	1761.8	2406.0	3127.4
63.5	636.4	1741.1	2438.2	3149.8
363.6	699.4	1679.7	2405.6	3172.3
0.0	618.9	1607.0	2467.8	3198.1
136.4	671.4	1654.1	2488.9	3231.7
151.9	572.4	1666.9	2439.1	3221.9
0.0	650.0	1718.4	2428.0	3263.7
0.0	694.9	1749.5	2449.5	3368.8
0.0	674.1	1692.5	2539.7	3368.4
307.7	703.0	1690.2	2579.0	3322.0
0.0	770.4	1572.4	2390.9	3355.8
0.0	863.8	1621.7	2494.9	3333.8
333.3	631.1	1598.2	2425.4	3249.8
307.7	592.4	1615.5	2358.4	3268.0
255.3	711.4	1707.2	2498.1	3357.3
74.5	689.0	1681.6	2626.3	3307.7
240.0	674.7	1694.2	2433.1	3211.7
0.0	592.6	1656.7	2361.6	3188.8
160.0	841.5	1731.1	2569.8	3292.3
133.3	702.8	1744.6	2578.9	3402.9
90.9	643.4	1688.8	2323.4	3247.1
0.0	656.1	1644.1	2387.6	3214.4
0.0	674.2	1808.3	2651.3	3402.7
112.1	687.8	1799.1	2683.1	3431.5
255.3	699.0	1801.4	2695.3	3449.3
218.2	731.8	1761.9	2595.4	3375.9
0.0	814.2	1811.9	2599.0	3361.6
0.0	830.7	1888.2	2675.2	3394.5
0.0	879.5	1921.8	2625.7	3452.1
0.0	812.9	1993.1	2687.4	3538.8
0.0	665.4	2003.8	2787.2	3504.6
255.3	630.8	1951.9	2810.2	3493.2
0.0	694.2	2080.7	2848.6	3531.0
0.0	780.2	2129.7	2980.1	3508.8
0.0	666.7	2052.1	3035.0	3360.5
0.0	886.0	2104.2	3139.5	3487.6
0.0	717.0	2235.7	3139.6	3417.3
0.0	710.9	2105.4	3116.1	3444.2
0.0	800.8	2001.3	2978.6	3507.4
0.0	463.8	1947.9	2907.0	3567.8
0.0	668.4	1910.1	2816.9	3608.7
0.0	653.0	1886.5	2691.3	3671.5
74.1	757.0	1839.9	2704.3	3630.4
210.5	783.3	1799.3	2632.7	3539.4
0.0	389.7	1799.4	2609.0	3359.0
181.8	392.8	1803.7	2599.3	3217.0
169.1	432.0	1791.6	2622.7	3117.3
165.2	360.9	1805.5	2604.2	3123.4
82.6	330.4	1798.1	2599.3	3188.0
160.2	333.9	1798.4	2656.4	3249.9
153.8	358.1	1844.2	2814.1	3310.7
150.0	816.3	2208.0	3056.2	3449.2
153.8	840.3	2289.2	3131.9	3577.3
0.0	635.5	2181.5	2956.8	3518.3
0.0	847.4	2060.8	2854.0	3499.4
109.1	977.6	2403.8	3023.1	3610.0
0.0	988.4	2316.6	2875.1	3576.3
0.0	682.9	1991.3	2744.7	3528.1
0.0	833.5	2081.2	2726.8	3585.6
545.5	739.0	2119.7	2773.9	3672.7
0.0	688.9	2054.3	2708.0	3532.8
0.0	618.0	2005.7	2657.1	3452.0
206.9	425.6	2133.4	2732.5	3430.6
160.9	339.6	2155.0	2643.4	3276.0
157.9	304.9	2155.8	2542.0	3349.0
150.9	306.0	2047.0	2403.6	3349.9
150.0	332.8	1840.1	2405.0	3241.9
146.3	314.6	1623.7	2408.6	3314.8
144.6	508.7	1447.6	2420.3	3338.6
143.1	371.8	1257.2	2427.4	3226.9
142.9	450.2	1082.5	2394.6	3190.0
142.6	425.2	1054.4	2374.4	3144.0
142.8	404.4	1045.6	2365.9	3087.1
144.4	441.7	1059.0	2344.4	2883.8
147.0	458.4	1156.9	2345.6	3139.4
149.4	479.8	1277.3	2341.4	3294.0
150.3	533.6	1430.5	2342.6	3198.8
152.6	549.6	1541.7	2351.7	3190.1
153.4	563.5	1691.4	2435.2	3201.7
154.3	541.9	1773.0	2475.1	3148.6
155.9	496.7	1865.5	2519.0	3294.6
157.8	487.0	1930.4	2496.2	3278.6
161.8	485.3	2094.9	2548.2	3202.8
164.3	525.0	2227.5	2597.9	3569.6
164.3	472.1	2281.8	2554.7	3575.0
162.4	427.2	2033.5	2529.2	3360.5
82.2	519.4	1601.0	2580.8	3191.5
76.4	536.1	1575.6	2648.9	3199.6
79.5	594.6	1582.6	2632.3	3245.5
0.0	634.1	1581.3	2668.5	3229.4
400.0	701.3	2070.4	2866.4	3538.3
210.5	584.3	2083.8	2865.1	3500.0
0.0	645.2	2006.2	2808.6	3512.4
0.0	515.3	2047.1	2533.5	3384.1
230.8	516.5	2027.7	2602.3	3387.9
225.2	535.1	1921.2	2625.2	3570.8
227.5	534.2	1843.4	2632.8	3633.0
234.4	563.4	1738.9	2568.2	3400.0
239.2	567.7	1412.9	2452.2	3485.3
240.3	523.0	1251.2	2351.9	3532.0
122.6	517.8	1300.2	2431.6	3570.7
252.8	483.1	1353.9	2516.7	3581.4
256.9	477.2	1425.3	2455.6	3588.1
260.4	266.9	1597.7	2481.1	3586.5
266.0	272.0	1686.3	2615.7	3591.7
266.7	271.6	1672.3	2473.2	3689.3
266.7	265.5	1581.2	2462.3	3691.9
265.6	270.8	1503.3	2546.5	3599.3
387.1	274.8	1600.3	2508.0	3610.4
0.0	515.8	1640.0	2510.5	3634.1
0.0	899.9	1694.7	2660.5	3653.2
0.0	830.8	1651.3	2712.1	3659.9
0.0	831.8	1833.0	2793.0	3698.7
160.0	806.4	1910.5	2880.8	3728.0
146.3	743.0	1896.7	2782.4	3604.1
0.0	750.3	1735.2	2627.2	3625.6
0.0	772.3	1804.1	2676.1	3755.7
100.8	863.3	1871.8	2640.5	3790.7
82.2	766.0	1858.4	2718.6	3760.2
0.0	789.8	1835.3	2855.6	3714.0
0.0	842.4	1800.6	2628.2	3562.1
0.0	974.1	1870.9	2615.0	3570.6
0.0	612.0	1772.5	2606.8	3764.9
63.8	540.4	1818.5	2582.4	3711.0
0.0	805.7	1873.2	2675.9	3661.5
142.9	860.6	1922.2	2660.0	3672.0
66.3	824.3	1700.1	2497.8	3638.9
123.7	938.1	1779.7	2551.5	3649.6
137.2	773.1	1801.3	2631.4	3690.0
139.5	742.6	1806.3	2697.6	3652.5
0.0	767.7	1798.9	2672.9	3641.0
0.0	537.8	1768.0	2607.7	3615.4
0.0	493.9	1738.0	2629.6	3627.7
0.0	731.9	1710.7	2629.3	3620.7
0.0	687.7	1734.7	2619.9	3624.6
0.0	662.5	1846.0	2631.8	3715.5
105.3	794.0	1883.3	2685.3	3682.3
0.0	745.3	1768.1	2579.0	3650.8
0.0	703.2	1714.2	2646.1	3707.8
0.0	817.9	1806.5	2691.2	3679.9
104.3	718.2	1853.7	2742.0	3679.2
133.3	703.2	1823.7	2838.0	3745.0
103.4	1159.2	1768.3	2822.0	3741.6
0.0	945.0	1860.1	2690.2	3685.1
0.0	858.4	1876.3	2616.8	3644.0
0.0	804.5	1791.8	2598.3	3659.5
0.0	603.2	1650.7	2542.7	3657.0
0.0	780.0	1743.3	2599.7	3604.1
122.4	724.3	1695.5	2650.1	3626.5
0.0	801.9	1735.3	2723.2	3659.9
0.0	838.2	1902.4	2779.0	3726.6
0.0	931.7	1881.7	2770.3	3609.4
0.0	825.8	1823.5	2617.7	3562.8
0.0	1077.1	1882.8	2604.8	3694.5
74.1	494.6	1664.0	2573.0	3575.7
69.0	725.7	1877.3	2745.4	3617.1
0.0	827.4	1855.1	2757.2	3688.8
0.0	906.4	1831.9	2638.0	3572.6
96.0	695.9	1795.5	2708.2	3600.6
0.0	915.6	1875.8	2704.1	3661.2
0.0	744.6	1834.7	2790.3	3634.7
0.0	842.0	1820.5	2828.8	3733.2
0.0	814.0	1792.4	2768.2	3729.9
0.0	828.6	1765.1	2737.8	3665.3
0.0	775.8	1685.9	2573.1	3643.1
0.0	773.2	1628.4	2553.8	3627.8
0.0	773.2	1689.1	2585.8	3657.4
121.2	952.8	1755.2	2692.4	3666.2
126.3	729.3	1852.2	2766.7	3678.0
203.4	749.4	1805.7	2640.0	3622.5
0.0	817.1	1688.1	2653.8	3573.9
0.0	847.3	1688.2	2692.3	3591.6
0.0	776.5	1794.3	2661.4	3539.5
0.0	810.3	1889.3	2740.2	3619.7
97.6	889.1	1781.8	2653.5	3670.4
0.0	791.8	1755.3	2698.7	3664.4
0.0	739.1	1773.9	2799.7	3674.8
0.0	680.5	1810.1	2713.8	3555.8
0.0	738.2	1738.1	2591.3	3557.0
0.0	929.9	1860.8	2714.0	3665.8
0.0	771.3	1802.1	2605.7	3582.0
0.0	712.3	1695.4	2579.5	3492.2
0.0	685.5	1799.9	2602.3	3519.8
0.0	831.2	1692.3	2623.3	3594.9
0.0	741.7	1474.7	2524.3	3628.2
0.0	743.2	1703.7	2634.4	3601.4
0.0	722.5	1770.6	2719.9	3602.3
0.0	824.6	1845.6	2796.3	3710.8
77.4	920.0	1946.9	2701.2	3655.0
0.0	659.8	1751.9	2746.0	3563.9
0.0	708.5	1715.3	2847.0	3692.9
0.0	748.3	1815.9	2762.8	3727.0
105.3	780.9	1804.1	2647.3	3687.3
0.0	597.1	1659.2	2559.1	3608.9
0.0	856.2	1712.8	2655.1	3715.5
63.8	886.1	1739.7	2699.5	3714.2
64.5	827.5	1798.1	2842.5	3707.7
