0.0	0.0	0.0	0.0	0.0
0.0	0.0	0.0	0.0	0.0
0.0	0.0	0.0	0.0	0.0
0.0	951.7	1602.5	2407.0	3506.4
0.0	725.4	1600.0	2590.0	3463.4
0.0	651.9	1544.0	2579.4	3460.2
0.0	738.1	1619.7	2571.6	3400.9
0.0	791.2	1611.6	2541.5	3384.9
90.5	742.0	1507.4	2720.4	3393.4
89.6	639.6	1505.4	2701.7	3339.5
0.0	1162.8	1609.8	2759.5	3385.5
0.0	907.8	1397.6	2672.4	3400.0
0.0	920.5	1541.0	2661.3	3379.1
0.0	913.8	1601.8	2626.6	3316.0
0.0	717.8	1198.4	2567.9	3214.3
0.0	768.1	951.2	2721.1	3194.3
0.0	836.3	1018.5	2831.8	3228.9
0.0	383.1	880.7	2689.7	3201.2
0.0	423.1	936.7	2731.6	3216.4
154.6	400.4	1005.8	2746.8	3252.1
78.1	408.3	1080.8	2743.5	3330.9
132.3	412.8	1129.9	2723.5	3466.6
134.7	401.2	1168.1	2683.7	3608.9
133.9	409.1	1203.4	2696.2	3699.1
134.8	397.3	1215.6	2696.9	3714.4
130.6	382.6	1253.8	2713.8	3721.7
63.9	416.4	1355.8	2780.3	3752.8
131.0	459.4	1503.9	2715.8	3718.5
137.9	454.7	1563.0	2727.3	3653.4
153.8	457.2	1631.6	2775.7	3719.1
146.3	446.0	1593.7	2787.5	3794.8
155.8	475.4	1549.4	2799.6	3792.7
159.9	508.2	1511.4	2800.3	3793.3
165.7	540.3	1495.1	2770.0	3762.7
168.7	550.4	1473.7	2746.7	3702.3
171.3	551.6	1421.0	2726.3	3612.5
173.3	562.1	1386.8	2749.5	3519.1
173.1	557.2	1395.9	2758.9	3503.7
173.4	558.4	1402.3	2765.3	3538.8
177.1	703.1	1418.7	2761.0	3256.5
177.0	672.6	1384.3	2742.5	3263.0
177.8	656.5	1307.3	2695.6	3195.5
176.4	644.4	1221.6	2627.8	3113.6
174.3	596.3	1146.1	2525.9	3058.0
171.1	353.1	1060.9	2451.9	3067.8
167.0	337.7	1072.0	2487.2	3110.9
166.7	335.3	1090.7	2484.5	3151.7
164.4	343.3	1098.7	2500.8	3172.2
162.9	337.5	1091.5	2546.3	3184.7
162.4	332.7	1085.8	2570.7	3197.7
161.0	330.4	1070.4	2559.1	3224.3
160.0	317.7	1055.2	2553.8	3257.5
158.7	333.3	1086.8	2536.3	3285.1
158.1	496.8	1114.3	2678.0	3310.9
158.0	540.1	1145.9	2730.1	3352.8
156.8	557.3	1176.3	2751.5	3382.5
155.8	579.8	1195.6	2765.0	3412.7
154.3	586.0	1216.3	2769.7	3438.5
152.0	597.6	1210.6	2790.7	3471.5
150.2	617.2	1226.3	2798.0	3505.4
148.3	599.7	1224.8	2810.1	3517.2
147.4	592.8	1237.8	2790.9	3541.7
144.9	597.7	1251.8	2768.8	3580.3
144.1	588.1	1265.2	2767.7	3631.8
143.4	576.8	1264.6	2752.7	3641.1
143.1	542.0	1246.5	2730.7	3705.6
143.0	491.0	1245.0	2697.6	3760.2
142.4	458.1	1187.0	2464.7	3674.4
140.1	361.2	1169.4	2420.6	3488.5
70.1	325.0	1225.5	2467.7	3550.9
138.6	313.7	1391.7	2522.7	3570.3
136.4	635.5	1463.2	2629.5	3504.2
136.4	572.4	1659.4	2606.0	3534.3
0.0	610.3	1652.9	2519.3	3566.9
0.0	909.9	1510.3	2513.2	3693.6
0.0	654.5	1429.0	2562.1	3626.2
0.0	627.9	1238.7	2481.5	3457.9
63.5	607.0	1358.7	2502.9	3385.8
0.0	521.5	1497.9	2463.5	3382.4
400.0	1065.8	1533.1	2585.8	3493.3
413.5	951.0	1496.6	2546.8	3607.6
138.2	703.5	1470.3	2441.7	3640.1
0.0	583.2	1494.1	2372.9	3543.3
0.0	616.9	1462.2	2575.1	3424.2
109.1	797.2	1357.7	2739.1	3437.2
0.0	913.8	1335.9	2659.2	3479.3
181.8	919.8	1363.1	2623.2	3494.2
72.7	907.2	1368.0	2576.1	3512.2
179.1	702.6	1200.5	2606.4	3569.0
0.0	652.5	1137.0	2660.3	3635.7
155.7	652.9	1113.8	2673.0	3686.6
150.3	639.5	1064.1	2676.4	3682.0
150.6	642.7	1064.6	2749.5	3702.7
150.8	631.8	1049.4	2782.9	3701.8
150.9	632.0	1055.1	2797.1	3730.0
151.0	625.5	1043.4	2828.0	3723.0
150.3	615.0	1035.4	2844.7	3713.0
150.1	610.1	1029.5	2827.3	3692.0
150.4	593.8	1020.7	2800.5	3681.0
150.6	585.7	1019.7	2801.5	3725.5
152.1	568.2	1028.5	2794.8	3698.8
153.8	556.3	1017.5	2785.0	3680.9
155.2	558.5	1052.8	2775.8	3691.0
155.0	518.0	1040.5	2759.6	3675.7
154.1	476.8	1060.2	2735.9	3565.5
152.6	453.3	1069.1	2840.0	3440.5
150.1	435.6	1176.2	3102.8	3369.1
144.6	513.9	1596.4	2913.9	3235.3
70.2	616.9	1811.1	2764.8	3343.3
0.0	623.4	1566.9	2665.2	3373.3
137.9	761.1	1419.6	2599.7	3219.3
136.4	1162.1	1994.2	2707.2	3190.7
138.2	1069.6	1746.5	2522.6	3110.7
135.9	493.6	1179.0	2118.0	3335.2
133.7	459.3	1205.6	2170.8	3326.4
142.9	460.7	1162.8	2127.6	3258.8
139.7	426.8	1077.1	1778.8	3216.0
141.2	438.3	1065.8	1695.8	3139.6
143.0	425.2	1096.0	1618.8	3057.7
143.7	445.1	1149.8	1618.9	3050.5
144.4	448.5	1190.9	1647.4	3006.5
144.8	462.8	1249.4	1764.3	3028.5
145.1	473.3	1290.3	1856.8	3023.8
144.6	496.3	1296.0	1960.1	2968.1
142.1	520.7	1285.1	2073.5	2957.3
140.2	544.7	1311.6	2181.8	3026.2
138.9	550.0	1313.5	2237.8	3022.3
139.4	562.4	1295.4	2302.1	3066.9
139.7	536.4	1281.0	2311.3	3186.4
139.5	517.9	1251.5	2359.2	3185.5
136.7	463.8	1225.8	2396.1	3143.9
70.6	379.9	1177.7	2353.7	3094.7
120.0	269.1	1177.4	2397.8	3280.1
131.9	294.8	1253.3	2444.9	3250.0
105.3	952.8	1267.0	2399.7	3182.5
144.6	547.2	1424.4	2461.3	3270.8
0.0	554.2	1436.9	2593.9	3205.1
0.0	851.2	1541.3	3056.7	3074.5
0.0	1093.0	2004.5	3416.3	3416.6
387.1	809.5	2035.5	3258.6	3620.3
0.0	660.2	2164.7	3316.0	3778.2
222.2	663.6	2036.8	3162.9	3807.7
0.0	702.1	1848.4	3003.0	3809.9
0.0	672.2	1852.3	3041.4	3782.2
0.0	792.6	1949.2	3108.1	3774.6
137.9	811.0	1879.0	3105.4	3761.9
0.0	696.1	1595.7	2879.1	3771.3
0.0	665.1	1578.5	2798.8	3699.6
0.0	596.9	1566.9	2640.8	3609.3
187.5	538.9	1468.3	2537.1	3520.5
0.0	526.9	1450.4	2552.9	3443.2
147.5	532.4	1468.5	2539.9	3393.3
144.9	536.2	1432.1	2483.1	3334.5
144.9	505.2	1395.5	2442.8	3298.5
144.7	478.6	1340.2	2391.4	3260.1
143.6	480.1	1308.0	2289.8	3142.8
140.5	464.0	1282.1	2252.9	3155.5
137.7	453.4	1287.1	2190.6	3187.7
137.3	428.8	1289.1	2074.2	3070.6
137.1	558.3	1275.7	1995.2	2890.5
138.0	347.2	1321.2	2642.9	2976.9
137.9	310.4	1415.7	2694.5	3268.6
144.5	309.4	1441.3	2647.4	3465.3
143.2	304.2	1453.3	2618.8	3541.9
140.7	299.9	1514.2	2571.6	3505.7
139.2	371.2	1672.1	2506.3	3405.0
141.5	416.5	1796.3	2538.0	3557.2
137.1	416.7	1847.9	2491.3	3461.9
136.2	406.3	1883.3	2527.0	3372.8
138.8	415.6	1878.6	2414.9	3364.4
138.7	413.4	1814.1	2266.6	3307.7
138.0	411.6	1678.6	2182.7	3184.1
137.4	429.5	1485.0	2189.5	3168.1
136.0	354.5	1399.3	2380.1	3247.2
127.9	265.8	1611.4	2579.0	3350.3
63.5	275.3	1500.1	2571.2	3333.7
67.4	763.6	1668.3	2635.8	3436.2
0.0	784.5	1739.0	2661.2	3447.9
0.0	632.3	1543.2	2561.6	3451.9
0.0	616.1	1565.4	2481.0	3388.7
0.0	626.6	1512.0	2477.2	3373.9
0.0	732.8	1379.6	2436.1	3411.8
0.0	681.6	1446.8	2364.6	3293.9
0.0	431.7	1436.2	2179.8	3206.1
0.0	602.5	1454.6	2288.3	3213.8
120.0	780.4	1753.7	2379.1	3314.8
113.2	1343.9	2081.0	2514.3	3513.5
98.4	1201.0	2170.3	2590.6	3462.1
0.0	714.1	2233.2	2735.6	3459.2
545.5	911.4	2587.9	3258.0	3612.1
136.4	686.0	2447.0	3153.0	3473.0
193.5	786.0	2408.7	3098.4	3503.4
0.0	718.7	2452.7	3186.8	3631.5
0.0	696.1	1802.1	2995.1	3693.0
400.0	628.4	1714.5	3025.5	3725.6
75.0	559.2	1589.0	2874.0	3740.0
87.6	606.2	1536.4	2771.4	3672.5
70.6	542.2	1511.8	2719.8	3617.8
0.0	493.8	1481.5	2665.4	3633.4
0.0	543.6	1504.5	2659.4	3478.8
128.0	585.1	1510.0	2694.8	3346.0
126.7	591.0	1507.8	2683.4	3435.7
123.5	584.4	1533.9	2684.2	3538.8
119.2	571.9	1528.2	2724.4	3545.3
116.6	562.3	1529.0	2724.1	3505.3
113.7	559.7	1505.0	2684.7	3414.4
112.8	554.6	1471.0	2654.6	3478.3
111.6	531.8	1463.8	2543.1	3506.0
110.7	518.3	1459.8	2501.2	3549.6
110.8	501.9	1446.9	2544.9	3528.2
111.5	497.5	1425.4	2498.6	3518.2
111.0	481.8	1416.3	2515.3	3462.9
122.5	459.4	1385.4	2476.4	3459.3
66.0	426.5	1350.6	2501.5	3552.9
65.9	423.2	1305.3	2474.4	3499.8
0.0	431.6	1254.4	2436.0	3303.1
0.0	450.1	1257.5	2472.1	3312.9
77.9	528.8	1262.4	2483.4	3412.3
0.0	474.5	1284.8	2442.9	3338.4
179.1	907.9	1564.3	2602.5	3491.5
0.0	559.9	1326.2	2556.1	3537.6
0.0	976.5	1506.4	2589.1	3458.1
0.0	377.6	1552.2	2571.4	3335.6
0.0	590.8	1754.4	2639.5	3421.0
0.0	1087.3	1901.6	2698.0	3486.0
