0.0	0.0	0.0	0.0	0.0
0.0	0.0	0.0	0.0	0.0
0.0	0.0	0.0	0.0	0.0
0.0	891.9	1880.1	2514.2	3374.0
0.0	863.1	1729.8	2542.5	3424.5
0.0	766.5	1758.6	2624.9	3498.4
0.0	942.0	1801.3	2662.1	3517.2
0.0	967.4	1801.8	2707.3	3452.9
0.0	973.9	1878.9	2709.3	3434.2
0.0	1015.1	1787.0	2660.7	3420.7
0.0	936.0	1724.8	2612.0	3422.0
0.0	794.9	1777.4	2631.2	3384.5
0.0	776.0	1831.7	2620.4	3369.6
0.0	905.9	1820.0	2685.7	3500.0
0.0	1008.5	1796.7	2626.5	3512.2
0.0	953.0	1891.9	2661.0	3531.1
0.0	895.3	1814.0	2650.9	3465.5
0.0	761.4	1775.0	2798.5	3594.8
0.0	755.9	1805.4	2684.1	3590.9
0.0	723.2	1707.0	2441.5	3418.4
0.0	659.4	1758.6	2422.1	3418.4
0.0	785.5	1865.2	2722.6	3500.1
0.0	925.3	1829.1	2620.7	3560.8
0.0	446.3	1766.7	2668.4	3502.7
113.2	286.1	1522.7	2647.2	3294.8
113.2	547.1	1504.8	2554.2	3364.5
0.0	626.8	1576.1	2471.4	3401.1
0.0	417.3	1612.7	2463.2	3441.6
0.0	433.5	1652.5	2464.5	3432.8
102.9	448.4	1696.5	2453.8	3396.7
102.2	465.4	1726.2	2429.9	3354.0
99.3	477.7	1747.3	2411.7	3330.8
94.4	472.5	1764.7	2387.4	3286.8
91.7	473.2	1830.0	2397.9	3321.9
84.0	486.8	1841.9	2395.6	3343.1
118.8	461.4	1823.4	2362.7	3373.4
0.0	450.8	1885.0	2344.6	3363.1
144.6	445.2	1925.2	2370.5	3322.6
0.0	467.5	1887.4	2407.2	3359.3
0.0	471.0	1897.8	2388.4	3378.3
65.2	457.5	1906.5	2373.1	3378.5
75.1	466.3	1900.1	2400.6	3335.7
106.2	476.0	1886.6	2334.1	3281.4
119.8	477.8	1883.7	2281.9	3318.1
120.2	478.6	1871.9	2271.0	3336.1
122.0	486.7	1864.5	2263.7	3340.3
121.6	482.4	1875.2	2194.7	3354.3
119.7	477.4	1837.8	2201.2	3345.4
119.1	487.8	1776.3	2135.8	3342.6
118.3	500.6	1731.3	2105.4	3321.9
119.0	510.0	1683.0	2071.8	3292.8
120.1	519.9	1616.3	1962.2	3334.3
120.4	518.9	1543.1	1871.2	3310.8
121.4	515.3	1486.3	1827.8	3203.7
123.2	510.2	1432.3	1712.8	3230.3
124.2	499.9	1370.6	1670.0	3286.0
125.2	482.2	1347.2	1634.9	3303.1
125.5	490.8	1344.0	1628.1	3179.0
127.1	473.6	1366.3	1657.5	3160.6
127.6	452.4	1368.6	1683.0	3132.2
127.3	444.0	1527.9	1804.8	3053.5
122.7	513.7	1609.6	2202.4	3162.4
119.1	831.1	1983.7	2366.6	3266.0
110.5	1044.9	2396.8	2978.7	3420.1
104.0	994.1	2405.0	3199.9	3541.5
375.0	914.4	2374.2	3257.9	3677.1
0.0	688.0	2346.6	3292.7	3722.7
0.0	1061.3	2346.7	3336.2	3803.6
160.0	1144.5	2198.9	3248.4	3774.7
571.4	1177.9	2249.9	3364.6	3757.2
0.0	781.5	1992.6	3320.1	3706.4
0.0	715.9	2063.4	3265.2	3804.7
86.3	794.3	2255.5	3245.5	3811.5
0.0	857.2	2014.4	2875.4	3612.0
0.0	1001.4	2012.8	2908.0	3577.1
0.0	957.2	1668.5	2412.5	3526.8
87.6	252.0	1465.4	2298.7	3482.1
0.0	325.7	1546.3	2223.6	3547.9
148.2	325.9	1255.0	2212.7	3590.2
127.8	281.8	1140.5	2191.8	3558.5
126.0	340.3	1198.9	2144.2	3364.4
124.9	557.4	1277.8	2173.1	3243.4
132.0	615.1	1384.8	2319.4	3249.1
120.8	627.0	1435.5	2384.4	3258.3
117.8	636.0	1469.7	2376.0	3272.4
116.8	645.8	1440.5	2415.5	3258.8
115.9	652.9	1426.3	2415.5	3253.7
114.7	654.2	1412.6	2459.7	3362.7
114.9	658.4	1367.5	2469.9	3367.1
116.2	654.5	1334.5	2531.6	3386.8
115.8	669.9	1307.8	2530.3	3357.5
115.4	663.8	1240.8	2494.7	3339.6
115.4	651.9	1180.6	2458.6	3340.3
114.8	645.8	1151.2	2480.6	3339.0
114.5	629.6	1099.8	2520.6	3306.6
114.4	641.8	1049.1	2552.0	3331.6
113.7	631.5	999.3	2582.0	3435.8
113.1	625.0	980.7	2614.6	3274.1
112.6	622.4	951.8	2620.2	3172.8
112.3	608.6	906.8	2650.7	3229.3
111.5	584.1	876.4	2677.8	3366.2
110.0	558.4	861.5	2704.7	3439.6
108.5	526.4	835.7	2736.4	3536.6
108.9	508.8	788.6	2733.5	3552.4
109.0	497.5	832.5	2720.0	3396.1
107.0	411.9	841.3	2704.9	3228.1
106.2	314.8	1335.8	2644.4	3110.8
104.1	274.5	1501.6	2557.0	3254.2
98.8	282.1	1314.8	2496.3	3326.9
88.9	734.5	1575.5	2507.0	3189.7
0.0	766.6	1631.4	2577.4	3292.7
498.9	770.7	1671.7	2560.2	3430.8
0.0	750.5	1646.8	2452.2	3402.5
120.0	351.8	906.8	2227.2	3331.7
93.8	717.2	1463.4	2294.1	3332.6
96.4	686.4	1489.6	2349.9	3325.2
100.6	713.7	1514.1	2381.0	3352.4
101.0	634.3	1963.7	2552.5	3395.0
0.0	658.7	1819.7	2576.6	3388.1
285.4	483.2	1988.0	2457.9	3399.1
0.0	410.5	1824.3	2381.1	3419.3
0.0	430.8	1403.3	2383.9	3481.5
107.1	421.3	2156.9	2427.5	3692.6
0.0	403.5	1953.2	2396.1	3701.7
112.0	339.6	1024.2	2427.0	3546.9
111.1	351.5	1023.2	2422.7	3603.2
113.2	410.5	1046.8	2429.9	3635.3
114.3	424.7	1050.9	2470.6	3621.5
116.5	452.6	1030.0	2394.8	3584.0
116.5	493.2	1061.2	2419.3	3634.1
117.7	547.4	1045.4	2404.2	3554.6
118.3	547.0	1043.8	2461.8	3409.2
119.0	554.2	866.5	2329.5	3234.1
119.5	596.6	855.2	2230.1	3089.6
119.8	644.6	871.2	2175.4	2986.1
120.0	730.1	909.2	2081.3	2972.0
121.7	616.2	964.9	1904.7	3092.2
122.0	583.4	996.5	1796.7	3187.7
121.7	554.1	989.3	1808.8	3315.4
121.6	449.2	989.5	1839.0	3405.6
121.3	313.6	1061.6	1919.3	3378.9
121.2	318.5	1051.2	1777.8	2945.1
123.2	304.5	1030.2	1794.3	2981.7
123.7	302.5	1079.7	1900.3	3284.7
123.7	258.7	1147.5	1920.1	3360.5
123.6	270.6	1286.9	1958.7	3090.6
126.0	367.0	1469.1	2012.1	3122.4
123.7	498.3	1634.2	2109.3	3124.7
121.5	390.4	1725.5	2300.3	3172.2
119.8	476.6	1803.8	2426.7	3191.9
119.8	393.3	1828.3	2474.2	3235.5
119.8	377.3	1827.1	2513.7	3296.0
119.1	323.1	1888.1	2571.8	3350.5
117.4	328.7	1915.4	2664.7	3372.2
114.9	821.6	2059.3	2874.4	3357.7
287.8	1011.4	2324.4	3045.3	3511.5
102.1	1182.3	2251.5	3012.9	3472.0
0.0	502.0	2098.3	2940.9	3365.5
0.0	764.1	2225.8	2878.0	3341.6
0.0	871.1	2268.0	2840.1	3455.2
0.0	801.9	2211.1	2744.5	3341.9
214.3	869.4	2189.3	2769.2	3396.3
461.5	953.5	2131.9	2764.1	3404.5
428.6	739.1	1965.8	2599.6	3329.6
0.0	857.2	2017.1	2640.4	3347.6
108.1	806.3	1827.0	2571.2	3299.2
131.9	802.6	1857.9	2513.1	3229.6
0.0	403.6	1794.4	2474.6	3276.3
0.0	471.1	1767.1	2490.9	3314.8
109.4	503.3	1699.9	2465.1	3322.8
107.1	513.7	1695.2	2433.6	3290.5
105.6	512.4	1690.9	2407.7	3323.3
104.1	507.0	1647.5	2440.1	3390.3
101.8	520.2	1552.1	2380.8	3428.2
98.8	517.6	1120.7	2329.2	3304.6
94.9	406.2	1059.4	2323.3	3194.1
97.5	266.6	1044.5	2341.6	3158.8
97.3	375.5	1072.5	2374.6	3057.0
94.6	397.0	1049.5	2402.8	3243.2
93.3	427.6	1055.9	2375.4	3482.5
91.6	375.3	2055.8	2464.7	3603.9
88.9	405.7	2083.6	2487.4	3441.8
86.9	555.2	1477.9	2400.6	3506.1
86.3	738.4	1733.1	2365.9	3442.8
85.7	774.5	1747.5	2389.8	3313.3
120.0	1099.7	1844.1	2562.0	3435.8
95.2	986.9	1771.8	2610.9	3511.7
0.0	947.7	1775.7	2631.7	3562.8
0.0	875.0	1806.4	2643.9	3459.2
0.0	777.0	1737.6	2599.2	3296.3
0.0	805.3	1718.5	2586.1	3400.0
0.0	802.0	1680.4	2465.6	3364.3
0.0	703.0	1543.9	2356.6	3259.1
0.0	200.0	1387.1	2256.4	3190.0
0.0	581.6	1385.8	2218.2	3204.2
0.0	625.7	1429.3	2271.7	3303.2
98.9	671.6	1461.9	2302.9	3361.5
96.2	690.0	1463.6	2314.3	3348.8
100.0	705.4	1476.7	2325.9	3391.4
102.0	726.6	1473.7	2335.3	3451.5
97.7	730.9	1404.4	2330.8	3421.5
100.8	732.6	1416.5	2329.0	3413.7
98.7	755.1	1420.5	2316.2	3411.3
96.3	760.5	1392.6	2281.3	3391.6
99.6	768.4	1401.9	2252.9	3401.6
100.8	774.8	1390.7	2242.9	3360.4
99.2	794.3	1344.0	2242.9	3327.1
98.4	814.5	1299.8	2232.0	3299.5
97.4	827.4	1258.3	2274.7	3279.4
97.7	822.8	1222.4	2323.6	3299.8
96.8	810.9	1182.0	2321.5	3337.3
95.8	808.8	1160.0	2343.7	3379.1
94.7	790.0	1107.6	2382.6	3301.2
92.8	772.6	1079.0	2398.6	3258.6
92.1	758.9	1053.8	2420.3	3233.3
92.0	771.4	1045.3	2456.3	3266.3
90.0	778.9	1026.7	2474.9	3269.5
89.3	759.9	980.4	2462.7	3267.2
86.8	699.7	920.1	2446.9	3275.0
86.8	691.8	913.8	2435.4	3290.1
84.0	672.0	893.5	2398.7	3221.3
82.9	668.4	912.3	2387.1	3189.2
81.8	680.3	929.6	2392.3	3204.8
81.5	661.8	872.6	2435.8	3219.9
81.0	638.5	836.0	2377.4	3217.5
74.5	631.0	823.9	2402.6	3238.5
0.0	629.1	817.4	2477.3	3293.0
82.4	644.7	979.9	2540.9	3306.1
74.0	601.5	797.2	2514.9	3345.1
85.4	596.6	764.7	2587.1	3402.3
79.6	560.0	793.5	2654.7	3371.7
80.9	572.3	1284.9	2628.8	3350.2
82.6	546.1	1318.7	2590.6	3421.1
83.6	562.4	1461.7	2660.4	3533.1
80.4	518.6	1476.6	2617.7	3473.5
78.7	577.3	1678.4	2557.0	3462.5
78.9	588.2	1907.6	2620.7	3602.1
79.6	676.3	1840.8	2579.2	3680.3
69.0	591.7	1410.4	2490.6	3619.1
214.3	599.8	1767.1	2616.4	3554.7
0.0	764.2	1689.5	2606.8	3408.1
0.0	659.8	1722.6	2714.5	3425.0
0.0	727.4	1688.4	2619.5	3409.0
0.0	582.6	1592.1	2578.4	3363.0
