0.0	0.0	0.0	0.0	0.0
0.0	0.0	0.0	0.0	0.0
0.0	0.0	0.0	0.0	0.0
0.0	970.5	1640.6	2437.8	3492.9
0.0	927.3	1628.4	2379.9	3350.1
0.0	827.1	1751.1	2503.5	3330.7
0.0	871.9	1750.5	2638.4	3488.5
0.0	895.5	1740.9	2552.4	3466.3
0.0	848.2	1784.1	2577.9	3424.4
0.0	913.2	1657.8	2524.6	3497.0
0.0	900.5	1726.6	2577.7	3497.1
0.0	914.0	1793.6	2684.8	3415.9
0.0	839.3	1519.1	2619.7	3370.5
0.0	1004.0	1640.0	2605.2	3468.5
0.0	998.9	1685.2	2541.1	3516.9
0.0	1054.4	1871.2	2618.9	3368.1
0.0	1109.6	1968.1	2748.5	3388.3
0.0	713.4	1273.3	2510.7	3399.0
400.0	775.2	1295.7	2447.4	3256.5
0.0	784.2	1326.5	2438.1	3388.2
0.0	736.7	1314.2	2470.8	3375.5
571.4	809.7	1379.6	2373.8	3227.1
521.7	751.7	1368.8	2355.1	3261.4
196.7	801.9	1343.0	2353.7	3264.2
0.0	825.9	1309.6	2370.0	3163.0
0.0	776.4	1392.1	2363.9	3173.7
0.0	704.0	1198.8	2309.6	3198.6
0.0	596.3	1165.1	2277.7	3148.4
126.1	578.5	1137.2	2241.3	3144.1
126.4	545.3	1135.7	2228.9	3114.6
126.5	534.0	1149.0	2229.0	3134.5
127.8	519.8	1128.6	2207.7	3173.7
128.3	464.2	1082.4	2181.0	3162.7
129.4	392.9	1037.5	2136.9	3225.7
129.5	254.1	1008.3	2158.5	3288.2
120.9	225.3	1031.8	2226.7	3362.0
121.2	226.0	1088.7	2389.1	3319.4
111.1	573.5	1803.6	2618.5	3371.5
181.8	900.3	1945.8	2726.8	3462.5
0.0	752.6	1714.6	2420.2	3183.4
0.0	1061.2	1795.9	2205.5	3194.4
0.0	1143.6	2080.5	2868.8	3183.6
0.0	806.1	1694.7	2773.0	3352.4
0.0	880.1	1645.0	2786.2	3468.9
0.0	342.9	1675.0	2740.9	3486.9
0.0	908.2	1768.5	2765.6	3581.3
0.0	963.4	1860.4	2745.6	3756.7
0.0	887.9	2129.3	2814.3	3998.6
315.8	451.2	1682.9	2687.7	4030.0
375.0	351.0	1643.3	2580.3	3827.4
173.9	305.4	1700.0	2549.4	3704.0
137.9	815.0	1713.1	2663.5	3777.8
116.5	622.6	1779.2	2854.5	3890.5
0.0	719.6	1855.1	2823.1	3891.3
0.0	1085.7	1966.2	2831.8	3860.8
0.0	520.5	1902.3	2871.0	3926.7
375.0	882.2	1860.0	2752.9	3827.6
84.5	964.5	2127.1	2843.0	3927.8
88.9	1027.5	2158.2	2859.6	4018.2
240.0	672.4	2056.0	2819.5	4060.2
400.0	907.1	2135.6	2859.1	4146.6
333.3	503.8	1737.8	2672.6	3983.9
0.0	746.6	1871.6	2670.8	4000.2
115.4	659.1	1910.0	2662.4	3812.2
0.0	697.6	1783.1	2665.5	3689.0
363.6	863.3	1840.3	2661.5	3670.2
76.9	396.9	1825.9	2617.3	3600.4
0.0	382.5	1851.5	2532.6	3491.1
0.0	391.0	1899.4	2555.7	3433.0
131.7	453.3	1949.9	2566.3	3343.1
130.0	394.2	1961.6	2580.8	3368.7
128.5	347.2	1985.3	2615.7	3307.1
126.8	346.8	2019.4	2683.7	3309.8
125.7	314.4	2022.2	2706.9	3397.0
124.6	294.1	2017.5	2701.8	3361.6
122.6	300.6	2046.7	2737.5	3361.4
121.9	261.2	2054.7	2777.4	3362.2
120.5	276.7	2051.7	2738.3	3310.4
119.8	267.6	2036.3	2713.0	3294.1
119.2	257.6	2031.8	2742.9	3332.8
118.8	292.4	2031.7	2700.5	3371.8
118.7	299.4	2024.5	2664.3	3354.7
118.8	306.5	2025.0	2551.1	3288.0
118.8	427.4	2012.0	2450.8	3228.6
119.1	413.4	1954.3	2349.7	3221.4
119.2	395.5	1870.4	2255.9	3281.9
119.3	368.8	1750.7	2146.5	3248.6
119.1	360.5	1599.6	2180.3	3199.0
118.2	360.6	1454.8	2160.3	3214.4
117.2	365.7	1344.3	2158.1	3176.2
116.0	366.8	1271.5	2136.2	3167.0
114.7	392.1	1238.7	2126.4	3178.6
113.4	404.7	1221.5	2135.8	3184.8
112.3	450.0	1227.8	2147.2	3164.7
112.8	441.1	1232.8	2168.5	3171.2
111.1	447.0	1265.5	2174.1	3193.0
110.2	448.9	1324.4	2177.4	3198.0
109.7	431.2	1409.6	2196.0	3235.6
108.9	414.7	1507.3	2158.4	3264.0
108.0	411.0	1585.2	2160.9	3318.3
107.2	355.6	1683.1	2147.7	3351.0
106.8	279.8	1738.5	2121.2	3360.7
101.7	250.4	1769.6	2170.9	3367.7
101.5	257.4	1919.8	2271.7	3421.0
102.7	261.9	1962.8	2379.0	3394.9
101.7	245.5	1421.6	2439.2	3350.8
94.6	919.0	1935.4	2549.8	3467.6
189.5	883.6	2121.2	2629.2	3488.4
0.0	328.0	2014.8	2625.3	3392.0
108.1	371.5	2025.5	2659.3	3391.6
107.4	355.8	2024.5	2658.6	3376.4
109.5	407.9	2000.8	2609.1	3313.7
110.8	408.1	2008.0	2562.1	3334.8
111.1	439.9	2000.0	2509.4	3359.7
109.5	459.9	1986.2	2524.8	3386.0
108.2	517.5	1988.6	2529.5	3383.8
107.5	529.8	1969.8	2520.2	3375.1
106.4	519.1	1969.4	2501.6	3390.1
106.2	532.2	1926.1	2445.6	3375.1
106.8	529.4	1898.8	2468.3	3396.3
106.2	531.5	1880.9	2452.3	3406.2
104.9	551.4	1848.3	2438.7	3352.7
104.2	570.4	1805.6	2433.8	3337.8
103.1	605.2	1762.4	2419.2	3340.4
103.8	693.8	1738.6	2377.7	3385.8
102.4	669.4	1703.7	2409.4	3375.1
100.4	696.2	1676.2	2392.4	3372.7
99.7	701.7	1643.7	2405.3	3399.1
99.0	648.5	1609.7	2433.0	3399.0
97.1	674.4	1616.4	2406.5	3387.7
96.1	643.1	1613.8	2345.7	3351.4
95.5	623.6	1579.0	2369.2	3357.3
95.4	559.0	1534.3	2293.7	3364.6
93.8	513.9	1286.1	2297.6	3203.0
90.7	451.8	1235.7	2364.0	3411.2
88.7	687.2	1227.3	2410.5	3508.6
93.3	687.2	1258.4	2445.9	3422.6
91.4	722.0	1201.1	2389.1	3432.4
90.6	509.1	1348.4	2384.1	3544.9
90.2	687.3	1503.7	2451.9	3718.1
88.9	419.9	1461.7	2413.0	3756.3
88.3	261.9	1434.5	2463.7	3608.8
86.5	644.0	1469.2	2454.3	3547.3
88.9	691.4	1496.4	2473.3	3456.6
88.9	732.0	1481.8	2421.6	3430.2
92.2	728.5	1503.2	2171.3	3316.7
95.1	730.0	1495.0	2253.2	3273.5
92.1	576.6	1448.6	2554.5	3286.3
82.2	668.8	1445.2	2507.7	3280.9
72.3	738.7	1411.1	2368.6	3340.7
0.0	460.4	1344.0	2349.5	3367.1
164.4	451.6	1420.6	2425.1	3415.0
142.9	729.9	1659.9	2559.6	3499.0
70.2	687.0	1532.7	2554.0	3466.8
