0.0	0.0	0.0	0.0	0.0
0.0	0.0	0.0	0.0	0.0
0.0	0.0	0.0	0.0	0.0
0.0	694.3	1759.8	2735.5	3472.2
0.0	663.0	1805.8	2575.3	3323.2
0.0	768.2	1712.0	2558.9	3415.7
0.0	861.9	1727.6	2609.4	3460.3
0.0	703.3	1661.1	2557.8	3461.6
0.0	648.0	1636.9	2528.8	3465.5
0.0	943.4	1749.0	2582.0	3483.9
0.0	937.7	1661.2	2653.6	3407.1
0.0	971.4	1728.8	2617.9	3395.6
0.0	885.6	1904.4	2625.5	3443.9
0.0	838.1	1894.0	2703.2	3435.5
0.0	946.0	1827.7	2736.7	3491.9
0.0	957.8	1819.3	2746.3	3435.5
0.0	966.8	1756.2	2763.8	3488.7
0.0	706.0	1390.6	2569.6	3581.0
0.0	690.4	1349.2	2497.7	3357.6
0.0	1063.7	1714.6	2632.8	3324.9
0.0	1087.5	1957.7	2866.5	3596.6
0.0	990.9	1618.6	2562.9	3438.9
0.0	693.4	1271.9	2472.5	3249.6
0.0	720.4	1193.8	2527.7	3310.4
0.0	705.9	1176.0	2486.5	3494.4
0.0	734.1	1198.6	2477.3	3261.0
0.0	574.3	1140.2	2479.9	3234.8
0.0	520.6	1089.2	2463.5	3214.2
146.2	501.3	1087.7	2463.8	3172.8
138.2	499.7	1088.8	2463.3	3177.3
141.1	477.5	1092.5	2454.1	3187.4
141.5	462.5	1080.0	2453.9	3221.1
142.1	444.8	1127.6	2425.7	3237.1
144.1	445.4	1137.9	2374.3	3216.6
144.7	456.9	1215.7	2364.0	3264.0
144.3	455.6	1272.4	2284.6	3276.9
144.1	478.3	1334.1	2349.7	3229.3
143.5	444.6	1387.4	2336.5	3220.4
142.3	523.7	1300.3	2357.4	3244.3
137.4	363.3	1093.8	2282.2	3005.4
140.8	492.0	1120.1	2302.7	3121.6
139.2	352.5	1087.7	2356.7	3196.2
137.3	397.6	1089.7	2355.8	3133.9
136.3	368.7	1079.0	2325.1	3044.2
136.9	392.7	1484.3	2409.4	3178.8
140.5	454.7	1596.9	2498.6	3277.3
143.9	437.3	1573.8	2485.9	3271.9
141.5	450.3	1545.6	2471.3	3281.5
143.1	499.9	1438.3	2484.3	3255.1
145.3	540.9	1368.8	2495.2	3231.6
146.9	485.5	1300.4	2462.8	3208.0
148.3	475.7	1231.8	2524.5	3212.4
149.0	465.8	1179.9	2541.8	3186.6
149.6	464.5	1143.6	2572.8	3193.2
149.4	462.4	1068.6	2554.0	3162.5
148.5	454.3	1034.3	2580.1	3189.8
145.8	447.5	1002.9	2563.9	3142.3
143.4	513.9	1006.1	2526.3	3123.3
137.2	544.3	1008.3	2512.2	3113.7
132.7	561.8	996.7	2500.0	3148.8
127.2	519.7	997.7	2453.0	3162.1
122.7	515.1	1000.6	2443.0	3123.0
118.3	490.0	999.4	2421.9	3118.0
116.3	476.1	1021.1	2396.4	3123.4
114.9	476.5	1004.2	2361.4	3139.9
112.4	463.6	985.8	2372.1	3109.5
110.1	448.7	974.8	2359.0	3120.5
108.0	459.5	1006.0	2330.5	3116.6
108.1	450.5	1015.2	2307.3	3122.2
105.3	442.9	1046.0	2277.1	3127.6
105.2	430.9	1083.2	2222.9	3167.4
105.3	426.4	1120.2	2204.8	3174.5
106.2	424.6	1214.3	2179.2	3175.6
104.4	427.3	1319.3	2147.3	3241.8
107.2	442.4	1455.7	2159.9	3289.2
106.3	376.8	1502.6	2196.4	3281.1
105.7	339.4	1198.1	2226.0	3269.0
107.3	342.5	1126.3	2249.8	3255.0
108.1	339.4	1079.6	2258.8	3351.5
107.1	344.6	1116.1	2269.9	3271.5
108.1	340.4	1106.8	2340.0	3147.0
107.1	334.9	1130.8	2358.4	3103.0
107.1	353.5	1080.0	2386.3	3207.2
108.0	346.0	1117.9	2391.4	3316.6
108.9	373.3	1426.2	2504.1	3523.3
0.0	602.9	1479.7	2602.4	3534.9
115.1	697.4	1449.8	2653.7	3507.5
115.4	716.3	1401.9	2583.8	3465.6
117.4	721.0	1339.3	2554.2	3479.9
118.3	729.3	1337.7	2545.9	3478.1
119.7	719.3	1340.9	2540.2	3473.0
121.6	712.5	1365.4	2525.2	3470.0
122.3	693.8	1379.7	2511.1	3456.6
123.8	643.6	1378.8	2522.4	3466.1
124.4	620.3	1356.8	2502.3	3439.6
125.1	406.8	1280.1	2493.3	3498.2
122.5	399.6	1328.9	2484.3	3397.7
113.4	409.3	1426.0	2453.1	3337.1
122.3	455.0	1655.4	2441.5	3451.7
126.7	434.9	1828.2	2448.5	3505.3
122.4	405.8	1964.1	2425.0	3540.8
121.3	336.4	2012.0	2388.1	3520.5
119.9	326.7	1963.4	2191.4	3414.7
116.5	350.7	1874.6	2418.6	3361.6
119.0	335.5	1807.5	2603.4	3365.4
116.7	338.8	1745.9	2537.8	3375.0
115.8	602.1	1822.0	2644.6	3263.5
116.4	415.5	2216.7	2683.4	3330.4
0.0	402.6	2001.4	2772.4	3418.1
0.0	406.1	1997.2	2852.9	3422.9
134.0	442.2	1987.0	2803.2	3415.2
136.5	431.9	2008.9	2751.8	3389.7
139.5	438.6	2012.6	2737.1	3467.4
141.0	450.6	1969.3	2693.7	3482.5
144.8	466.4	1965.5	2663.7	3510.1
148.2	477.1	1942.9	2658.1	3539.5
150.1	476.3	1920.6	2653.5	3603.9
149.8	471.3	1886.2	2645.3	3565.1
148.0	471.8	1852.6	2665.1	3554.3
144.1	481.0	1806.8	2692.4	3572.3
139.6	508.5	1762.5	2655.5	3585.8
135.2	518.0	1757.1	2610.7	3558.0
124.8	469.8	1726.6	2583.3	3591.9
115.0	421.6	1316.8	2381.3	3503.8
108.4	323.5	1227.1	2382.7	3535.5
124.8	366.2	1148.2	2342.7	3406.6
240.0	332.7	1143.5	2414.1	3434.7
111.5	345.1	1224.7	2345.5	3240.1
112.8	355.1	1796.4	2412.2	3499.4
112.4	384.5	1906.9	2618.3	3512.7
111.0	395.1	1981.3	2685.1	3585.9
106.3	378.3	2095.5	2770.9	3533.4
112.4	385.1	2095.6	2789.7	3486.8
117.8	363.9	2084.3	2861.7	3448.2
122.2	355.8	1999.1	2876.9	3399.5
119.3	342.4	1943.6	2887.9	3404.3
116.1	338.5	1938.7	2872.8	3436.3
112.9	346.2	1946.7	2850.5	3439.9
107.7	334.1	1931.4	2745.8	3449.5
105.4	347.8	1875.9	2648.5	3430.4
109.1	329.8	1859.8	2551.4	3435.4
109.2	347.0	1811.1	2510.9	3469.4
102.8	421.7	1774.7	2534.6	3536.5
102.6	685.4	1850.6	2681.4	3557.9
93.0	772.3	1789.9	2970.8	3593.6
0.0	863.7	1710.1	3034.5	3576.3
0.0	938.4	1763.7	3056.2	3672.7
139.5	921.0	1873.9	3148.4	3738.2
176.5	779.9	1837.9	2901.2	3658.8
480.0	519.8	1663.1	2589.1	3569.9
480.0	521.6	1662.9	2538.8	3458.7
89.6	609.0	1630.0	2521.9	3404.5
69.0	652.3	1571.4	2516.1	3418.4
75.9	452.4	1550.3	2466.8	3396.6
0.0	481.4	1530.2	2456.3	3385.2
0.0	503.2	1549.1	2450.5	3386.7
117.8	518.8	1548.2	2465.1	3361.4
113.6	507.5	1531.4	2479.7	3387.3
112.8	517.0	1516.3	2496.7	3438.1
111.4	479.1	1464.3	2477.6	3437.3
110.4	351.3	1408.5	2425.9	3271.1
110.1	523.6	1537.3	2222.7	3017.0
96.0	450.0	1790.2	2401.4	3044.6
0.0	363.5	1258.2	2499.4	3227.7
0.0	431.2	1132.4	2565.0	3396.7
114.3	457.0	1082.2	2602.6	3370.3
110.1	487.7	987.5	2607.1	3301.3
107.3	500.8	947.3	2650.5	3219.7
106.4	504.8	936.0	2693.7	3186.0
106.7	503.1	893.0	2677.0	3286.2
106.7	495.9	832.3	2664.3	3312.1
106.1	464.5	799.6	2665.3	3281.4
106.0	464.6	842.9	2682.9	3301.9
105.7	528.7	949.5	2680.5	3310.1
105.5	569.5	1023.1	2685.4	3452.3
106.7	612.6	1108.0	2668.3	3376.3
107.1	667.8	1178.4	2621.2	3304.9
107.0	784.0	1220.5	2537.5	3296.0
106.5	708.4	1238.0	2520.8	3292.6
105.9	714.3	1272.1	2497.9	3308.0
106.0	668.5	1271.6	2454.4	3345.6
105.3	624.9	1284.8	2420.0	3368.6
108.8	667.6	1284.1	2430.9	3376.0
109.6	688.0	1298.5	2426.2	3351.1
111.1	709.6	1290.8	2435.5	3373.4
113.7	737.4	1299.0	2416.9	3377.4
115.2	715.5	1269.5	2410.0	3363.0
117.0	681.4	1278.1	2377.3	3377.9
118.6	658.5	1342.3	2372.6	3410.1
121.6	631.3	1409.7	2363.5	3449.1
123.2	579.1	1450.3	2417.1	3516.0
124.4	538.5	1494.2	2439.5	3575.5
125.1	499.2	1513.3	2445.7	3605.8
126.0	411.7	1474.5	2508.0	3606.8
127.4	335.4	1418.3	2549.7	3486.0
64.9	346.3	1422.1	2416.6	3330.0
64.2	352.6	1471.5	2452.0	3368.7
128.9	385.4	1537.1	2420.6	3277.9
129.4	408.7	1456.0	2432.2	3288.9
129.0	346.4	1359.7	2340.8	3381.6
126.7	333.6	1279.6	2243.9	3391.6
133.3	814.8	1805.8	2499.4	3522.3
129.0	907.4	1993.7	2498.7	3517.9
63.5	926.6	1794.3	2500.5	3537.4
0.0	774.8	1593.2	2569.6	3541.3
0.0	794.1	1680.1	2517.4	3493.0
0.0	618.1	1740.4	2603.9	3494.4
0.0	855.0	1849.9	2639.5	3496.3
0.0	756.9	1501.3	2622.3	3451.8
0.0	618.1	1736.3	2561.9	3514.6
0.0	527.3	1700.7	2594.9	3406.7
69.0	505.7	1511.9	2548.1	3441.1
0.0	445.5	1442.7	2380.8	3389.3
0.0	467.1	1424.4	2463.7	3347.9
141.2	680.5	1450.8	2521.8	3435.2
0.0	741.7	1580.8	2410.8	3341.0
142.9	725.0	1615.3	2737.6	3404.1
86.3	775.8	1601.7	2755.5	3431.7
0.0	798.7	1607.0	2604.9	3376.8
0.0	727.1	1571.4	2483.6	3416.8
0.0	762.5	1531.2	2474.8	3365.8
0.0	781.7	1568.1	2474.1	3402.0
