0.0	0.0	0.0	0.0	0.0
0.0	0.0	0.0	0.0	0.0
0.0	0.0	0.0	0.0	0.0
0.0	531.8	1791.7	2680.0	3441.9
0.0	656.6	1710.9	2616.5	3466.2
0.0	660.0	1699.5	2584.2	3521.4
0.0	701.8	1841.4	2569.1	3571.3
0.0	654.5	1816.9	2610.8	3513.6
0.0	905.5	1850.1	2729.9	3486.8
0.0	916.9	1853.6	2789.9	3562.4
0.0	852.8	1692.7	2706.9	3514.2
0.0	755.4	1652.2	2607.6	3441.9
0.0	880.1	1882.6	2695.8	3491.6
0.0	904.3	1849.7	2750.5	3573.4
0.0	777.9	1727.7	2671.8	3507.3
0.0	713.8	1849.5	2651.6	3448.7
0.0	741.4	1953.6	2738.2	3544.1
0.0	790.8	1968.9	2678.1	3565.0
0.0	391.6	1927.0	2645.3	3424.7
0.0	364.3	1911.0	2603.9	3395.6
169.4	399.1	1863.1	2508.6	3285.4
134.2	406.6	1820.1	2440.5	3162.9
145.9	502.4	1775.5	2342.1	3062.2
151.7	488.6	1733.9	2170.0	3053.9
158.1	498.8	1626.3	1967.4	2985.7
166.8	506.0	1557.3	1882.8	2928.5
173.7	468.7	1520.0	1824.3	2893.2
181.3	558.2	1543.4	1837.9	2873.9
185.5	531.6	1587.9	1848.0	2880.6
190.7	550.4	1652.8	1966.6	2858.4
192.7	554.2	1702.6	2149.3	2883.8
192.2	642.4	1711.2	2362.2	2974.5
191.2	721.3	1708.4	2402.1	3051.6
186.8	730.8	1699.1	2409.2	3187.7
185.2	713.5	1713.5	2445.9	3334.9
181.4	692.4	1749.2	2495.4	3426.7
181.7	674.8	1737.4	2481.7	3421.0
182.8	634.0	1664.9	2436.3	3452.2
183.5	626.5	1602.4	2402.0	3463.2
183.0	621.1	1496.5	2333.7	3375.2
181.1	646.4	1455.5	2368.2	3315.5
173.1	342.2	1567.3	2452.2	3417.1
86.2	337.1	1490.0	2381.6	3353.9
87.1	369.9	1570.1	2452.2	3346.0
0.0	339.8	1627.4	2356.6	3394.4
79.5	458.0	1716.0	2370.9	3407.0
155.8	409.9	1559.1	2118.7	3313.4
186.5	429.8	1584.3	2120.7	3299.4
160.3	473.5	1325.2	2106.5	3417.1
149.5	437.3	1044.9	2076.6	3474.3
142.4	383.0	1066.4	2064.2	3496.2
131.3	364.0	1072.7	2096.5	3468.5
122.8	379.4	1178.4	2136.9	3448.2
124.9	378.8	1653.0	2446.1	3477.4
111.9	434.9	1719.4	2522.2	3463.7
123.2	517.7	1593.8	2558.1	3349.9
110.9	536.8	1501.5	2602.8	3340.8
118.0	514.3	1366.4	2611.9	3366.7
112.4	523.7	1285.6	2274.8	3309.5
113.4	498.4	1194.5	2123.0	3345.9
112.3	501.1	1126.8	2189.4	3493.1
112.0	362.6	1111.4	2223.0	3508.8
111.9	361.7	1073.9	2166.1	3431.3
113.2	357.8	1070.8	2136.2	3402.6
111.1	362.1	1106.1	2154.1	3497.3
111.1	352.3	1125.8	2142.3	3531.6
111.1	358.5	1135.4	2120.4	3438.1
111.2	361.0	1161.7	2136.4	3397.5
113.3	360.2	1176.9	2145.8	3317.5
114.3	387.2	1194.4	2151.3	3399.5
117.0	406.0	1217.3	2158.1	3492.7
121.0	304.9	1213.2	2181.7	3425.4
125.1	455.0	1154.3	2215.8	3352.2
128.9	305.7	1138.9	2161.1	3332.9
135.2	290.2	1134.0	2152.8	3347.1
141.2	311.5	1119.2	2172.0	3150.2
150.0	395.7	1466.4	2357.9	3215.2
154.7	428.1	1503.8	2504.3	3398.3
153.9	447.7	1520.5	2565.0	3433.4
157.3	447.1	1503.4	2609.5	3436.2
160.4	455.3	1474.1	2628.4	3439.0
162.9	444.1	1459.2	2630.6	3458.6
163.3	498.4	1432.8	2638.4	3527.8
162.5	572.1	1413.9	2658.1	3639.9
161.0	438.8	1395.7	2660.8	3706.3
158.9	432.3	1396.6	2627.9	3779.1
156.8	443.5	1371.6	2621.3	3724.5
151.7	449.2	1353.7	2628.2	3594.1
147.7	433.4	1382.6	2602.2	3467.8
139.6	464.2	1902.4	2678.4	3337.9
138.0	1175.2	2170.6	2641.4	3422.1
132.4	1245.3	2082.3	2537.7	3380.3
63.5	1224.1	1896.1	2579.4	3267.0
125.0	1037.4	1717.0	2624.8	3343.5
128.2	438.3	1272.0	2350.4	3276.6
132.5	430.7	1204.3	2204.6	3202.4
125.9	486.1	1243.9	2034.8	3179.4
121.9	527.2	1294.1	2329.0	3330.6
119.1	605.5	1359.6	2413.9	3258.3
117.0	241.2	855.8	2123.9	3131.3
116.5	283.6	904.8	2253.4	3122.8
112.1	377.5	1613.8	2515.6	3337.5
225.8	573.2	1381.8	2361.1	3310.6
105.3	614.8	1510.0	2420.4	3260.2
0.0	473.2	857.1	2445.3	3274.6
118.8	495.3	866.1	2462.8	3292.0
113.2	509.2	843.9	2529.8	3340.4
111.8	522.2	821.1	2592.0	3401.6
109.2	512.3	767.6	2684.9	3414.0
105.9	499.8	748.0	2739.0	3458.6
107.7	522.6	742.2	2772.4	3412.6
111.0	511.4	748.2	2769.5	3366.3
108.5	495.2	745.2	2790.0	3318.0
112.5	497.7	824.0	2741.5	3157.1
109.9	437.6	975.8	2690.3	3169.8
108.5	448.7	1285.9	2573.9	3246.2
107.1	951.4	1774.8	2489.8	3292.2
100.8	949.3	1792.0	2573.1	3387.2
63.7	1110.7	1787.7	2670.9	3421.9
109.1	717.9	1632.2	2587.4	3410.8
0.0	679.7	1530.8	2600.6	3479.1
0.0	655.5	1381.2	2552.4	3396.5
0.0	689.9	1322.0	2462.3	3349.9
0.0	755.1	1350.0	2612.8	3311.2
0.0	820.7	1336.5	2726.4	3385.5
69.4	754.9	1313.5	2765.1	3347.0
150.0	691.0	1297.1	2773.1	3286.2
141.4	670.0	1278.3	2682.2	3250.1
158.8	660.5	1258.2	2711.1	3230.0
143.1	692.6	1242.7	2692.6	3214.0
137.2	674.6	1242.2	2455.5	3203.3
136.2	680.1	1251.1	2386.3	3169.0
135.8	708.3	1251.9	2513.6	3203.7
135.1	684.6	1270.3	2488.5	3213.9
133.9	721.5	1317.6	2518.3	3151.8
132.9	690.1	1355.3	2507.1	3162.2
130.9	663.2	1374.7	2222.3	3142.3
127.2	654.5	1418.0	2459.4	3197.6
124.2	623.8	1463.7	2508.8	3210.0
120.5	580.9	1493.0	2417.6	3208.9
117.3	547.6	1505.3	2450.3	3216.3
114.0	534.1	1513.1	2450.9	3213.0
111.6	507.5	1498.4	2410.0	3163.5
110.0	515.7	1413.8	2157.0	3092.0
108.8	479.8	1270.6	2120.5	3202.5
108.2	437.3	1192.6	2038.4	3409.1
107.8	376.3	1181.6	2001.1	3338.9
107.1	356.9	1171.1	1916.3	3049.8
110.1	346.1	1138.4	1855.9	2992.7
111.1	378.7	1132.3	1865.5	3057.6
112.1	390.9	1100.1	2322.3	3217.4
113.2	388.9	1095.8	1820.9	3048.0
115.4	498.9	1063.2	1655.5	2997.6
120.0	579.3	1097.7	1632.2	3028.6
116.6	577.1	1120.5	1642.4	3052.1
116.4	557.4	1146.6	1638.6	2998.1
115.4	574.7	1185.6	1638.8	2958.0
115.5	526.4	1247.3	1642.7	2975.1
115.4	510.5	1292.0	1667.9	2868.5
114.1	488.5	1354.2	1734.1	2871.8
113.2	466.1	1397.6	1702.2	2828.7
112.2	460.8	1428.6	1711.0	2784.4
112.0	425.6	1124.0	1770.3	2788.6
109.1	349.2	1440.9	2333.7	3163.8
108.1	796.4	2031.2	2555.1	3279.5
112.1	894.7	2081.9	2631.8	3322.9
127.7	848.8	1840.6	2666.0	3432.2
0.0	676.9	1757.3	2746.8	3243.8
0.0	853.9	1941.2	2721.8	3206.0
0.0	675.1	2231.5	2611.7	3302.0
0.0	967.2	2230.0	2563.2	3311.0
444.4	877.8	1763.7	2385.4	3229.0
0.0	702.9	1731.7	2378.5	3138.2
0.0	479.5	1662.5	2321.9	3179.2
0.0	467.1	1642.7	2273.3	3175.9
187.6	458.2	1647.9	2251.3	3154.3
0.0	474.2	1635.0	2258.5	3177.9
134.8	518.4	1668.0	2223.3	3170.1
0.0	577.6	1750.0	2229.0	3161.6
0.0	778.0	1786.8	2364.9	3188.7
100.1	798.5	1773.6	2365.1	3140.0
114.3	786.2	1767.0	2374.4	3116.9
121.2	767.6	1792.2	2400.9	3058.4
99.2	863.6	1732.1	2429.6	3080.3
103.4	838.6	1708.4	2397.2	3150.2
95.2	848.2	1666.1	2545.6	3150.1
0.0	749.7	1583.5	2497.8	3159.6
0.0	509.4	1517.3	2231.2	3191.7
0.0	834.4	1564.4	2356.3	3187.5
0.0	732.7	1610.3	2332.1	3204.2
74.1	629.2	1576.9	2281.0	3349.8
0.0	428.6	1472.7	2337.1	3343.3
