0.0	0.0	0.0	0.0	0.0
0.0	0.0	0.0	0.0	0.0
0.0	0.0	0.0	0.0	0.0
0.0	732.1	1453.3	2658.9	3795.5
0.0	652.3	1328.6	2397.1	3351.0
0.0	513.7	1276.7	2320.5	3272.0
0.0	556.6	1298.6	2396.2	3360.5
342.9	710.6	1457.9	2412.4	3375.2
372.8	712.3	1402.7	2370.4	3345.4
146.8	712.6	1426.2	2339.4	3350.9
69.0	668.6	1488.2	2394.0	3413.1
125.0	687.2	1472.8	2390.8	3420.6
0.0	696.5	1344.9	2387.4	3366.4
0.0	699.2	1279.9	2500.9	3329.6
0.0	554.3	1246.5	2400.4	3220.1
0.0	643.2	1388.4	2488.5	3386.1
0.0	610.2	1675.7	2636.7	3467.6
68.6	770.5	1751.3	2625.1	3556.8
67.4	689.1	1712.5	2584.4	3460.3
0.0	632.4	1568.2	2474.9	3396.9
0.0	421.7	1309.1	2347.2	3316.3
0.0	456.7	1224.8	2334.3	3194.3
0.0	591.5	1415.8	2498.7	3344.8
226.4	732.3	1455.3	2450.0	3420.7
0.0	682.4	1278.3	2491.2	3408.2
0.0	659.5	1459.9	2430.2	3330.0
226.4	629.4	1576.2	2568.3	3362.3
0.0	695.5	1478.2	2553.8	3352.7
0.0	605.2	1455.7	2474.8	3414.9
0.0	373.8	1507.6	2442.3	3496.1
0.0	375.4	1554.1	2430.5	3511.4
114.3	392.2	1570.2	2403.1	3465.8
108.7	380.1	1609.7	2398.9	3357.0
104.3	385.4	1652.3	2453.8	3177.4
97.6	608.7	2030.4	2662.5	3228.9
87.6	660.7	1880.8	2717.1	3353.5
0.0	919.8	2048.8	2875.5	3475.4
0.0	1061.4	2148.0	2842.4	3527.3
0.0	862.0	2050.5	2742.3	3430.3
244.9	780.0	1914.6	2805.4	3431.7
0.0	767.2	1964.9	2900.9	3530.5
0.0	863.7	2084.5	2844.0	3524.9
0.0	727.7	2086.4	2878.3	3473.8
0.0	1015.1	2095.3	2865.7	3521.6
0.0	815.4	1926.9	2812.3	3451.2
0.0	718.6	2084.1	2901.2	3475.8
160.0	807.1	2083.1	2928.2	3511.1
0.0	747.5	1710.6	2499.4	3309.2
0.0	374.3	1646.3	2394.6	3338.1
0.0	409.0	1633.1	2396.0	3390.7
132.5	447.3	1622.8	2380.1	3408.5
130.5	495.6	1616.9	2360.5	3403.8
124.5	521.4	1604.4	2343.0	3485.3
122.9	533.4	1575.4	2333.2	3510.6
122.3	556.8	1565.3	2323.4	3452.1
121.3	587.8	1543.5	2305.1	3432.6
121.1	597.7	1527.4	2304.1	3422.8
121.0	603.4	1480.1	2323.4	3380.9
119.9	603.0	1430.2	2331.1	3345.9
119.0	599.0	1396.0	2355.6	3320.2
118.4	593.9	1379.3	2375.4	3322.8
117.1	566.9	1357.2	2411.7	3322.4
115.6	503.2	1292.2	2396.6	3211.9
113.7	467.7	1222.2	2364.8	3169.8
111.1	286.6	1211.8	2364.4	3279.1
96.6	791.0	914.2	2392.1	3250.2
105.0	667.7	1273.4	2503.8	3404.3
0.0	461.5	1273.0	2452.5	3514.2
0.0	476.8	1283.1	2404.4	3441.8
111.0	489.3	1279.4	2376.4	3438.7
108.7	499.0	1265.9	2336.2	3382.5
105.2	484.9	1231.7	2297.3	3330.3
102.2	459.1	1150.8	2306.6	3303.0
100.9	430.0	1063.6	2328.5	3333.0
99.8	410.5	943.4	2369.7	3313.9
98.0	395.6	914.5	2402.8	3281.1
96.9	394.8	877.3	2387.1	3283.1
95.3	380.4	838.6	2394.2	3283.5
94.5	385.3	823.6	2413.1	3291.8
94.3	378.2	805.4	2397.7	3278.6
93.8	389.3	862.8	2381.0	3268.3
92.3	419.1	852.0	2366.3	3204.3
91.6	464.4	934.6	2344.9	3231.1
90.9	576.2	1281.9	2406.3	3204.7
89.6	689.2	1669.1	2585.2	3373.5
85.1	701.8	1716.2	2616.7	3408.0
82.5	529.2	1471.8	2484.7	3323.4
80.5	540.2	1590.0	2458.6	3450.5
83.3	496.2	1688.3	2477.6	3471.6
0.0	820.4	1677.0	2464.4	3283.5
0.0	796.3	1611.3	2402.7	3241.5
0.0	681.2	1407.2	2333.1	3273.2
0.0	640.5	1427.8	2162.6	3257.4
0.0	480.6	1485.1	2123.6	3250.5
103.4	444.5	1548.6	2174.0	3270.4
106.2	465.2	1618.7	2249.2	3344.8
104.3	467.0	1645.8	2298.4	3409.9
102.7	495.5	1647.4	2311.1	3412.3
100.9	498.6	1655.8	2311.4	3433.3
100.8	496.8	1667.6	2324.8	3451.6
100.9	496.5	1680.9	2342.5	3478.0
100.3	492.6	1677.1	2342.3	3448.7
99.9	488.4	1663.1	2355.4	3487.2
99.4	482.8	1649.4	2349.8	3488.5
98.4	474.0	1633.2	2362.7	3448.5
97.6	452.8	1587.6	2382.3	3468.8
96.3	456.7	1510.1	2357.6	3427.0
95.2	426.0	1388.9	2339.8	3523.9
93.9	332.8	1297.9	2321.6	3573.5
90.2	352.9	1306.0	2301.8	3557.8
90.8	541.1	1348.9	2318.5	3450.6
89.5	374.7	1448.1	2370.6	3368.8
88.1	397.0	1558.9	2368.4	3496.4
87.4	427.0	1607.8	2327.3	3415.9
87.1	427.5	1637.9	2387.7	3485.7
84.8	427.4	1654.1	2399.5	3491.2
84.2	414.2	1656.7	2367.9	3505.8
83.6	409.9	1659.6	2369.7	3443.6
84.0	412.7	1650.3	2350.9	3307.1
84.1	422.0	1650.1	2321.8	3190.4
84.5	408.2	1618.7	2334.0	3098.2
83.2	395.4	1616.0	2345.9	3066.4
81.9	388.1	1648.5	2285.0	2974.0
76.4	399.5	1581.9	2309.1	3074.1
75.5	441.3	1607.0	2410.2	3192.4
93.8	1079.5	1914.5	2524.0	3303.0
0.0	1341.0	2329.1	2879.2	3363.8
137.9	1381.8	2294.0	2881.4	3365.3
0.0	1232.9	2160.8	2773.3	3161.0
0.0	496.3	1723.3	2609.8	3175.8
0.0	825.2	1719.3	2477.7	3175.8
400.0	962.8	1778.9	2415.9	3100.3
279.1	858.4	1720.9	2472.3	3134.6
0.0	764.5	1777.4	2470.4	3203.6
139.5	844.1	2018.1	2516.5	3292.2
428.6	946.8	2226.3	2691.2	3159.5
122.4	961.7	2152.0	2821.5	3236.4
428.6	900.6	2202.0	2827.5	3288.4
0.0	719.9	2131.8	2762.8	3183.0
0.0	662.2	1983.4	2604.3	3126.9
0.0	704.6	2088.1	2549.6	3167.8
0.0	538.8	2166.3	2634.4	3276.1
0.0	577.4	2112.4	2664.3	3260.5
114.3	987.6	2071.0	2628.2	3216.0
66.3	757.2	2002.2	2534.4	3313.1
71.0	789.9	1773.5	2495.1	3280.1
70.2	702.6	1641.8	2393.3	3386.3
0.0	639.3	1595.6	2491.6	3443.6
0.0	708.0	1706.1	2709.1	3423.0
0.0	1095.5	1896.8	2781.2	3415.8
0.0	682.3	1618.2	2666.8	3438.9
0.0	686.7	1535.5	2598.9	3558.3
0.0	602.4	1521.9	2464.5	3478.3
375.0	736.2	1527.8	2419.1	3432.2
81.1	713.0	1524.2	2400.2	3485.0
211.3	639.7	1499.6	2366.1	3376.5
69.0	581.4	1506.9	2275.8	3348.7
70.6	536.6	1529.6	2290.2	3262.0
203.4	593.1	1551.0	2339.4	3304.0
202.4	525.1	1527.3	2375.9	3348.9
187.5	494.0	1495.9	2389.5	3278.1
87.6	563.8	1411.1	2437.0	3308.9
279.1	618.3	1468.6	2485.2	3302.2
0.0	532.0	1457.0	2448.5	3344.6
173.9	470.4	1510.7	2442.5	3438.7
111.1	580.1	1482.6	2598.6	3425.2
106.2	699.2	1590.7	2570.3	3367.3
111.1	675.4	1719.7	2517.1	3366.0
0.0	634.2	1671.3	2532.5	3446.9
0.0	593.0	1612.0	2491.9	3431.8
0.0	840.4	1575.6	2600.8	3386.7
0.0	793.3	1550.2	2544.9	3305.3
0.0	889.9	1790.9	2597.1	3367.6
0.0	708.1	1706.5	2640.0	3375.9
0.0	714.8	1632.7	2650.8	3443.3
0.0	683.9	1717.7	2595.4	3460.8
0.0	660.7	1617.2	2492.8	3452.2
0.0	774.4	1497.6	2511.3	3454.1
0.0	737.2	1442.4	2630.0	3353.2
0.0	654.9	1470.3	2523.6	3252.8
0.0	882.1	1736.7	2657.0	3434.8
0.0	775.6	1690.4	2589.7	3366.7
0.0	752.5	1496.8	2560.1	3305.5
0.0	812.5	1653.1	2606.5	3373.7
0.0	768.1	1785.6	2761.8	3507.0
0.0	832.3	1740.2	2672.6	3551.7
0.0	748.1	1626.3	2634.4	3485.4
0.0	709.6	1633.3	2676.9	3408.8
0.0	822.9	1704.6	2609.9	3347.5
0.0	936.9	1823.1	2646.3	3458.7
0.0	833.6	1647.6	2583.1	3519.7
0.0	876.8	1671.9	2580.6	3487.4
0.0	1027.8	1816.4	2670.3	3564.0
0.0	1055.0	1788.0	2741.9	3518.5
0.0	795.0	1722.5	2756.0	3446.7
0.0	795.0	1813.1	2569.4	3516.9
0.0	801.7	1733.9	2498.6	3389.4
0.0	929.4	1719.1	2468.4	3340.3
0.0	685.7	1790.1	2572.1	3500.5
0.0	1014.4	1868.7	2709.8	3514.8
0.0	1031.5	1768.1	2683.8	3441.1
130.4	1028.2	1598.3	2620.2	3417.0
0.0	968.6	1791.2	2625.2	3474.4
