0.0	0.0	0.0	0.0	0.0
0.0	0.0	0.0	0.0	0.0
0.0	0.0	0.0	0.0	0.0
0.0	1129.6	1585.7	2524.1	3556.6
0.0	834.7	1558.5	2426.8	3358.9
0.0	716.6	1543.7	2415.7	3342.7
0.0	691.8	1544.8	2565.5	3444.1
0.0	794.5	1552.5	2597.3	3467.7
196.7	803.6	1658.6	2526.6	3400.4
0.0	742.1	1707.1	2570.0	3240.8
0.0	952.4	1885.9	2674.2	3447.5
0.0	966.5	1897.3	2706.6	3644.0
0.0	873.4	1932.3	2716.1	3577.5
0.0	746.7	1874.3	2618.0	3471.6
0.0	769.8	1761.9	2544.6	3554.4
0.0	447.1	1631.7	2478.8	3532.9
0.0	447.3	1622.0	2464.0	3416.9
0.0	449.5	1773.5	2528.7	3559.6
0.0	474.8	1836.6	2511.9	3564.1
0.0	398.9	1840.4	2527.8	3539.8
0.0	400.8	1837.4	2540.4	3521.3
107.4	413.1	1833.2	2539.7	3480.3
107.6	442.0	1819.3	2513.0	3454.8
108.5	445.8	1784.4	2473.7	3419.6
109.7	435.8	1673.1	2396.7	3385.9
110.1	426.8	1557.8	2343.5	3323.7
110.1	401.4	1423.1	2311.0	3290.2
99.2	478.2	1536.3	2362.7	3317.3
89.7	577.8	1726.7	2513.7	3416.7
72.4	905.3	1682.5	2628.0	3452.6
0.0	956.0	1832.6	2639.4	3470.4
0.0	325.4	1770.7	2549.1	3373.7
0.0	570.5	1607.5	2578.7	3431.3
0.0	658.9	1431.3	2521.5	3456.3
0.0	550.9	1158.7	2555.0	3460.0
70.2	555.1	1140.7	2616.8	3435.5
148.2	591.8	1154.6	2626.1	3432.4
148.3	581.0	1182.8	2617.8	3484.3
148.2	583.3	1182.8	2611.7	3443.2
149.4	597.1	1165.2	2625.3	3441.2
148.5	575.8	1171.2	2622.2	3414.4
147.9	535.6	1172.0	2569.8	3412.8
150.0	500.2	1190.1	2561.1	3411.4
151.4	476.4	1220.6	2530.5	3400.6
155.8	472.0	1245.4	2545.0	3433.5
160.0	495.6	1261.5	2616.6	3524.0
159.6	466.0	1263.9	2663.7	3550.7
158.3	484.7	1248.5	2689.1	3574.4
157.8	460.9	1233.4	2702.8	3617.4
153.8	416.7	1254.6	2683.6	3627.9
153.8	422.4	1222.0	2639.8	3715.1
0.0	399.3	1248.3	2592.1	3717.0
0.0	372.7	1307.3	2603.7	3608.8
126.3	366.3	1419.8	2584.0	3546.3
139.5	468.1	1510.9	2525.9	3615.5
137.9	405.7	1588.7	2453.0	3632.8
135.5	514.2	1667.0	2399.5	3698.1
134.1	500.8	1689.9	2336.5	3756.4
132.2	440.0	1647.9	2373.3	3862.4
127.6	326.5	1399.9	2399.2	3771.6
120.6	430.2	1322.1	2380.2	3789.4
113.8	493.0	1732.1	2366.4	3761.5
102.0	460.3	1791.6	2296.5	3689.8
77.7	476.0	1890.4	2218.4	3715.9
244.9	514.7	1913.3	2213.3	3665.5
0.0	522.3	1892.1	2221.5	3621.2
76.7	551.3	1868.6	2213.7	3604.2
91.1	552.6	1827.5	2219.1	3561.8
0.0	571.5	1796.8	2182.9	3444.0
109.1	547.6	1741.3	2104.2	3353.3
114.2	544.8	1665.8	2044.7	3283.9
116.5	535.2	1600.4	1944.9	3307.6
117.6	535.0	1473.6	1856.0	3293.8
118.7	540.6	1384.3	1798.3	3301.6
119.6	551.4	1318.6	1729.1	3387.3
120.0	540.2	1267.4	1677.9	3587.3
122.4	546.5	1253.4	1651.5	3598.6
124.9	543.2	1272.4	1641.8	3586.0
125.5	531.0	1274.1	1602.9	3614.0
126.0	507.1	1281.5	1631.8	3690.1
124.1	520.8	1260.8	2092.0	3694.8
118.9	935.0	1252.5	2651.3	3695.2
72.3	1082.9	1849.3	2816.2	3709.2
71.4	1019.2	1768.3	2779.4	3747.1
96.8	874.7	1384.6	2264.0	3647.8
0.0	1013.5	1469.5	2289.7	3397.2
390.3	1030.3	1549.1	2372.6	3278.0
0.0	963.2	1407.4	2340.7	3310.5
218.2	935.1	1549.6	2325.9	3292.0
240.0	568.4	1215.7	1884.3	3321.3
0.0	531.4	1237.0	1846.1	3537.9
134.4	534.6	1308.1	1928.6	3350.4
117.7	555.8	1376.8	2019.4	3282.2
110.8	562.0	1426.3	2088.9	3270.0
105.4	561.4	1471.2	2129.5	3227.4
101.2	579.7	1502.8	2155.6	3210.7
98.9	583.2	1512.6	2207.3	3255.6
97.6	579.9	1521.5	2252.7	3222.7
96.2	574.9	1513.6	2266.5	3245.8
96.3	580.6	1522.8	2298.3	3358.1
96.1	598.9	1525.2	2345.8	3482.7
99.0	607.5	1487.7	2342.3	3533.3
99.2	625.8	1438.4	2375.1	3487.0
105.9	639.0	1406.0	2428.9	3481.5
94.2	631.0	1384.2	2424.1	3541.2
114.0	623.0	1340.5	2433.7	3612.8
91.9	598.4	1315.8	2458.1	3603.0
0.0	583.1	1291.4	2444.6	3588.0
95.4	545.7	1344.3	2443.7	3478.8
100.5	487.2	1585.6	2411.8	3415.5
0.0	944.7	1770.0	2428.7	3556.9
68.2	1086.1	1711.3	2586.3	3558.6
83.9	981.9	1551.1	2580.7	3592.1
0.0	953.8	1465.3	2527.5	3625.3
0.0	740.9	1439.7	2621.8	3565.5
0.0	1189.7	1785.0	2835.2	3517.8
0.0	1005.9	1573.0	2669.0	3538.6
0.0	744.8	1543.6	2460.1	3594.1
0.0	985.0	1635.2	2425.5	3641.6
0.0	476.1	1662.2	2446.6	3610.8
0.0	500.7	1438.6	2370.3	3596.9
0.0	431.8	1351.7	2289.7	3478.6
131.9	296.8	1258.9	2313.9	3288.0
118.5	324.0	1215.3	2342.9	3360.4
223.4	324.6	1176.3	2372.6	3280.4
110.5	343.1	1183.6	2382.4	3135.0
108.0	323.1	1295.0	2406.9	3346.3
105.9	408.5	1468.8	2408.5	3377.0
104.0	380.5	1340.1	2325.4	3348.9
80.5	424.4	1609.6	2413.6	3488.6
0.0	569.5	1786.0	2600.9	3572.8
0.0	630.5	1800.0	2668.3	3603.1
0.0	485.0	1778.8	2607.3	3534.5
0.0	701.3	1890.9	2516.1	3480.6
0.0	559.6	1890.5	2417.9	3487.7
102.6	533.9	1857.9	2422.4	3565.3
0.0	557.1	1889.0	2431.9	3585.0
167.1	459.9	1934.3	2381.7	3577.1
138.1	356.2	1923.6	2402.8	3600.8
134.4	380.0	1896.0	2414.8	3616.1
133.6	393.3	1878.0	2400.5	3574.1
131.3	341.5	1776.0	2344.6	3576.0
128.0	288.7	1410.8	2339.0	3508.9
122.1	280.5	1486.5	2311.3	3345.4
127.4	274.9	1447.3	2267.2	3392.1
126.2	287.4	1485.0	2251.6	3494.4
123.7	296.0	1769.3	2297.4	3487.3
121.7	337.4	1881.1	2353.1	3477.1
118.8	347.5	1897.3	2337.1	3410.6
118.3	331.3	1878.5	2323.7	3381.2
114.1	368.2	1845.0	2311.4	3367.2
112.2	374.3	1809.7	2335.1	3330.2
109.4	386.0	1759.8	2353.4	3277.2
107.9	417.5	1714.4	2382.0	3283.3
104.8	407.5	1645.6	2406.1	3306.4
100.1	348.3	1596.0	2372.1	3336.3
90.2	332.9	1598.2	2418.0	3388.1
63.5	286.0	1604.7	2504.1	3376.4
86.3	992.4	1748.2	2558.8	3295.7
126.3	706.7	1641.8	2443.5	3320.7
0.0	646.5	1698.5	2376.1	3398.2
0.0	439.0	1709.8	2195.4	3457.3
0.0	369.6	1710.2	2098.6	3475.7
100.8	416.0	1669.7	2326.3	3537.7
100.5	1005.6	1709.6	2830.4	3574.3
83.9	753.8	1689.7	2685.8	3469.5
80.0	875.7	1700.0	2375.5	3633.7
0.0	569.2	1695.9	2176.1	3512.1
0.0	488.8	1724.7	2152.4	3447.3
0.0	535.2	1709.5	2334.9	3415.9
0.0	492.3	1681.4	2350.0	3398.6
210.5	477.3	1611.2	2352.4	3431.1
0.0	558.1	1526.1	2305.8	3437.5
0.0	603.3	1469.9	2414.6	3516.6
130.4	584.3	1346.4	2469.7	3531.7
122.6	631.5	1284.3	2534.3	3590.1
117.0	632.8	1298.0	2617.2	3635.2
115.1	634.5	1242.5	2599.8	3616.7
111.5	621.1	1147.0	2596.6	3613.9
107.3	611.3	1110.9	2624.7	3559.2
104.6	589.2	1032.7	2582.8	3487.1
103.0	499.3	1101.8	2569.5	3567.0
99.0	434.2	1128.5	2598.6	3577.8
214.0	434.7	1125.8	2634.4	3622.9
210.9	512.3	1107.2	2645.2	3654.0
100.9	420.9	1108.4	2647.0	3628.7
99.5	412.0	1092.0	2657.2	3487.7
98.5	556.2	830.5	2641.6	3421.7
203.7	583.1	803.5	2664.7	3482.2
97.6	646.0	842.2	2746.8	3530.6
97.6	696.6	845.0	2729.0	3555.4
98.0	601.1	844.6	2756.7	3574.3
99.1	595.7	852.0	2763.5	3593.1
99.5	594.5	859.2	2706.5	3580.0
100.4	619.5	876.1	2678.8	3580.6
100.6	664.9	900.4	2702.7	3579.1
101.6	640.1	912.2	2749.7	3566.9
101.1	650.7	931.0	2740.4	3552.0
101.2	694.9	995.0	2730.5	3575.1
100.5	632.7	1024.7	2689.6	3599.0
99.8	624.1	1052.9	2626.9	3569.2
98.8	655.6	1110.6	2651.8	3559.8
97.2	649.3	1147.7	2618.5	3577.1
94.9	673.1	1172.9	2570.5	3563.1
93.3	684.2	1219.3	2539.1	3501.7
92.1	671.7	1252.0	2522.6	3394.6
91.0	674.0	1292.0	2489.5	3420.9
90.7	635.5	1324.0	2481.6	3540.3
90.3	571.0	1340.0	2462.3	3619.5
91.1	519.0	1369.1	2352.2	3617.3
89.6	414.9	1325.5	2430.2	3525.6
87.2	293.5	1287.3	2484.1	3510.6
92.4	261.7	1264.5	2468.2	3519.6
91.3	339.0	1253.5	2437.2	3511.9
94.9	261.4	1299.0	2463.3	3393.8
97.2	280.7	1310.9	2499.1	3490.3
99.4	296.3	1269.7	2459.3	3474.8
100.5	303.1	1250.0	2490.3	3377.2
102.4	278.2	1274.5	2470.8	3333.8
103.3	286.3	1300.6	2423.5	3366.1
103.4	304.6	1295.0	2427.6	3386.1
105.3	276.1	1368.3	2426.1	3342.9
108.1	382.0	1503.8	2520.8	3378.3
105.3	428.4	1671.2	2573.1	3377.8
104.3	946.1	1831.1	2631.4	3504.8
0.0	875.4	1806.7	2519.1	3507.7
