0.0	0.0	0.0	0.0	0.0
0.0	0.0	0.0	0.0	0.0
0.0	0.0	0.0	0.0	0.0
0.0	948.6	1715.0	2673.9	3600.2
0.0	928.7	1839.5	2650.7	3467.9
0.0	560.4	1738.3	2600.9	3400.4
0.0	789.5	1680.3	2505.7	3368.1
0.0	777.4	1767.4	2626.4	3461.0
0.0	776.5	1610.6	2591.6	3473.7
0.0	757.4	1631.6	2519.8	3397.2
0.0	772.0	1649.1	2500.4	3401.2
0.0	687.7	1643.5	2579.8	3428.2
0.0	697.6	1748.5	2609.0	3453.8
0.0	905.9	1709.3	2462.5	3375.4
0.0	1003.2	1877.8	2508.4	3292.1
0.0	704.2	1772.7	2550.0	3263.4
0.0	687.4	1767.0	2671.2	3357.6
0.0	763.9	1879.1	2705.8	3365.6
0.0	995.6	2015.7	2687.3	3310.5
0.0	881.7	1987.2	2786.6	3451.6
0.0	804.7	1769.7	2725.9	3570.0
0.0	910.5	1709.5	2716.9	3561.8
0.0	784.4	1696.3	2701.8	3532.9
0.0	812.0	1759.8	2687.4	3414.9
0.0	666.4	1676.5	2521.9	3321.8
0.0	649.2	1811.9	2746.8	3399.3
0.0	724.3	2038.2	2877.7	3467.8
0.0	614.8	2173.9	2751.9	3472.5
400.0	613.0	2115.9	2679.1	3448.4
185.9	782.2	2121.7	2775.2	3474.6
94.8	789.5	2132.9	2714.4	3277.0
254.3	640.9	2159.0	2605.0	3265.9
352.9	690.3	2168.3	2582.5	3376.0
375.0	686.1	2163.0	2535.9	3430.5
400.0	538.0	2166.7	2538.8	3415.4
444.4	375.0	2186.7	2495.1	3389.1
0.0	419.0	2208.6	2465.9	3477.7
159.4	368.3	2225.4	2509.8	3520.0
150.8	460.0	2234.4	2545.9	3496.1
152.9	334.4	2241.3	2537.2	3536.4
154.6	335.1	2232.3	2673.9	3522.7
155.0	308.8	2210.1	2781.2	3538.5
153.3	344.9	2140.4	2774.2	3515.6
151.0	419.5	2060.7	2749.5	3427.2
138.7	302.4	1925.8	2722.0	3384.7
69.7	461.5	1755.5	2616.5	3362.0
65.0	915.2	1855.2	2741.3	3554.5
0.0	903.0	1890.9	2887.7	3674.1
0.0	898.3	1879.9	2970.4	3780.6
0.0	831.6	1840.0	2797.5	3824.6
521.7	639.6	1758.4	2774.5	3785.1
141.2	739.9	1956.0	2864.0	3736.8
0.0	697.1	1726.3	2607.6	3573.4
0.0	551.1	1534.4	2502.1	3308.8
0.0	498.7	1498.3	2650.6	3369.5
97.6	929.0	1678.7	2593.8	3444.5
0.0	656.3	1631.5	2473.8	3327.6
0.0	768.0	1746.5	2549.8	3430.1
0.0	590.5	1809.6	2523.8	3476.7
0.0	614.1	1807.2	2571.5	3440.2
0.0	878.9	1670.7	2511.2	3349.6
0.0	486.4	1636.7	2317.0	3449.1
0.0	505.5	1731.3	2372.3	3557.8
0.0	527.5	1766.3	2417.4	3651.2
125.4	545.2	1807.8	2483.5	3579.4
120.8	570.6	1851.3	2510.7	3567.3
119.8	585.2	1854.4	2481.5	3478.0
119.7	598.5	1840.0	2465.0	3355.4
119.1	600.3	1833.7	2458.0	3330.9
119.3	600.3	1827.3	2463.5	3325.3
120.3	604.1	1820.3	2457.0	3456.6
120.1	606.2	1814.8	2460.2	3412.0
120.3	601.2	1798.5	2462.6	3394.4
119.7	595.3	1801.8	2456.3	3226.3
118.7	583.2	1806.1	2497.5	3258.0
118.3	575.3	1806.7	2478.8	3201.8
118.0	548.0	1780.0	2472.0	3190.7
118.6	578.1	1704.0	2477.4	3206.3
116.8	618.0	1712.4	2466.9	3240.1
108.8	973.3	2040.5	2611.8	3472.4
99.2	1180.6	2033.8	2674.6	3549.9
0.0	1179.6	1869.8	2668.3	3504.9
0.0	1125.1	1762.2	2612.7	3446.3
0.0	943.8	1733.0	2675.9	3422.6
0.0	1023.6	1696.0	2715.6	3491.6
0.0	1026.6	1752.5	2528.1	3346.5
480.0	648.0	1595.2	2312.5	3169.1
0.0	574.4	1158.0	1780.1	2948.0
149.1	509.4	1116.8	1734.6	2968.8
104.8	560.4	1098.7	1747.0	3016.1
99.3	480.4	1444.5	2112.7	3119.4
95.6	753.0	1607.6	2445.6	3289.3
91.7	1064.5	1793.6	2715.3	3404.5
87.6	816.2	1664.2	2485.8	3303.8
0.0	920.8	1697.5	2516.9	3297.4
0.0	1047.3	1737.3	2616.5	3395.2
0.0	998.9	1751.9	2576.0	3319.1
0.0	995.0	1749.4	2525.7	3352.2
0.0	995.7	1757.4	2564.3	3414.6
0.0	1018.3	1656.0	2535.7	3361.1
0.0	949.3	1609.6	2422.1	3383.9
0.0	877.8	1636.5	2536.6	3367.2
0.0	518.7	901.8	2084.4	3143.7
0.0	522.9	885.2	2141.1	3303.3
115.9	535.7	882.9	2257.9	3348.8
110.4	544.2	882.0	2304.5	3370.2
107.0	569.4	930.3	2320.1	3359.4
104.4	605.4	987.3	2326.2	3364.1
103.8	614.6	1053.6	2259.6	3344.6
103.4	606.2	1113.0	2184.7	3328.5
103.9	609.0	1191.3	2135.9	3340.4
104.7	604.5	1255.8	2161.0	3217.7
105.6	605.3	1366.8	2246.8	3286.0
105.4	913.8	1932.8	3386.3	3569.5
103.8	767.8	2132.7	3481.2	3721.4
103.4	502.6	2177.4	3318.0	3787.5
0.0	687.5	2096.7	3266.6	3776.0
0.0	919.9	2023.8	3115.4	3636.9
162.2	621.3	1742.1	2797.6	3384.5
0.0	547.4	1790.3	2668.1	3339.0
84.5	988.5	1924.5	2661.9	3439.6
69.2	989.2	1718.1	2575.6	3437.9
63.5	1044.3	1755.5	2590.1	3433.7
222.2	877.2	1800.0	2690.1	3465.7
0.0	485.1	1237.2	2468.0	3391.9
0.0	577.0	1180.0	2319.0	3440.0
0.0	621.7	1120.5	2293.0	3466.3
105.1	652.0	1112.1	2327.5	3496.0
97.6	677.4	1210.7	2360.8	3497.2
94.4	686.3	1275.6	2374.4	3499.8
94.3	696.3	1317.1	2343.3	3480.2
93.2	696.1	1386.4	2304.4	3497.4
92.6	669.7	1458.4	2279.6	3534.1
92.3	652.6	1530.2	2295.0	3531.5
92.9	639.7	1593.3	2340.8	3540.7
94.5	615.4	1671.6	2384.0	3551.4
94.6	575.1	1717.3	2468.4	3538.1
93.2	562.0	1725.9	2456.2	3412.2
90.4	537.0	1717.3	2451.1	3291.9
84.9	521.4	1691.0	2427.9	3261.5
70.4	466.9	1639.5	2400.9	3245.4
70.4	488.5	1614.3	2445.9	3279.0
100.6	733.6	1674.2	2393.4	3298.2
0.0	269.9	1505.0	2278.3	3477.1
222.2	668.6	1485.9	2317.2	3448.9
0.0	971.7	1557.9	2435.3	3317.7
0.0	564.9	1565.8	2373.7	3328.8
396.8	596.9	1605.1	2407.6	3461.7
428.6	664.7	1581.6	2414.7	3427.5
514.7	785.9	1580.3	2336.8	3236.1
530.5	807.6	1567.5	2395.4	3335.5
0.0	773.6	1596.9	2419.1	3442.4
0.0	695.9	1529.0	2400.7	3312.4
0.0	676.8	1439.9	2333.4	3257.2
0.0	698.7	1380.5	2263.1	3276.6
0.0	739.5	1515.8	2380.2	3303.9
0.0	772.3	1719.2	2522.8	3435.0
142.9	779.5	1666.8	2442.1	3397.8
0.0	717.6	1597.4	2417.0	3491.0
0.0	639.9	1656.4	2515.6	3544.0
