0.0	0.0	0.0	0.0	0.0
0.0	0.0	0.0	0.0	0.0
0.0	0.0	0.0	0.0	0.0
0.0	586.6	1719.8	2709.1	3498.8
0.0	688.5	1684.0	2583.3	3433.3
0.0	729.6	1527.6	2512.9	3384.3
0.0	802.8	1560.9	2560.4	3435.7
0.0	890.9	1628.8	2592.0	3466.1
0.0	963.9	1682.4	2608.9	3442.3
0.0	776.6	1570.5	2542.4	3319.0
0.0	393.5	1577.7	2463.0	3330.0
0.0	665.7	1599.6	2462.9	3346.5
0.0	638.6	1979.2	2690.9	3472.6
70.4	561.4	1967.0	2679.2	3502.2
172.6	584.9	1945.2	2680.6	3435.7
0.0	632.4	1993.1	2661.6	3464.1
0.0	693.1	2061.9	2590.2	3416.7
0.0	643.2	2165.4	2715.4	3365.7
117.6	704.4	2207.6	2798.2	3472.0
0.0	525.3	2254.2	2795.3	3655.6
85.5	401.7	2229.0	2725.6	3635.1
82.8	387.0	2174.6	2825.5	3611.2
0.0	349.4	2141.6	2811.4	3642.7
166.8	368.2	2134.7	2747.3	3569.5
132.2	397.6	2012.5	2595.9	3495.2
128.2	355.2	1833.3	2409.9	3485.7
125.0	368.6	1085.9	2281.6	3390.7
116.9	368.6	1253.8	2269.7	3284.5
117.4	387.9	1298.9	2304.5	3325.2
117.5	377.2	1273.6	2329.3	3309.8
117.8	377.1	1296.8	2247.3	3223.4
118.2	442.4	1329.8	2184.0	3353.6
119.1	373.8	1552.7	2286.5	3270.9
123.5	481.2	1867.9	2509.8	3417.1
126.3	491.7	1982.8	2653.3	3509.6
125.6	463.4	2038.3	2595.9	3543.1
128.4	445.3	2051.3	2568.7	3542.2
131.3	465.7	2115.5	2566.7	3591.1
135.9	470.6	2160.2	2552.9	3601.0
139.4	478.1	2222.9	2505.3	3643.4
144.6	350.1	2277.1	2473.6	3677.3
149.1	328.3	2287.2	2507.2	3737.8
153.8	346.0	2216.6	2586.5	3695.8
155.0	345.4	2032.9	2557.5	3600.5
77.6	809.8	1894.5	2573.6	3309.1
80.4	818.3	1904.9	2540.7	3153.6
0.0	763.6	1819.5	2271.9	3130.2
0.0	679.7	1877.4	2506.9	3521.7
118.8	754.7	1941.7	2840.6	4266.9
0.0	818.5	1932.7	2929.3	4559.1
0.0	719.4	1857.3	2970.8	4127.8
0.0	870.4	1795.0	2734.4	3674.1
0.0	570.7	1265.7	2412.1	3428.3
98.4	844.3	1261.6	2387.4	3380.2
80.0	946.2	1320.8	2473.5	3353.8
0.0	507.5	1485.1	2586.2	3282.0
0.0	473.3	1636.1	2564.9	3330.7
0.0	376.0	1664.2	2442.6	3277.3
0.0	324.9	1854.3	2474.5	3293.0
155.7	319.5	1955.9	2543.8	3352.1
156.6	300.3	2057.1	2589.0	3450.4
154.2	398.0	2112.2	2654.2	3476.8
150.1	434.4	2170.9	2685.9	3544.6
147.1	441.7	2180.3	2689.6	3575.4
145.0	523.0	2163.6	2634.2	3591.5
143.3	516.5	2143.3	2621.1	3588.9
141.1	485.4	2053.2	2623.6	3637.4
137.6	552.7	1857.1	2559.1	3551.5
68.0	531.0	1708.6	2533.7	3541.7
100.8	506.6	1564.1	2630.2	3495.6
63.5	607.6	1428.5	2641.1	3371.1
126.3	642.5	1390.6	2641.4	3409.8
132.1	645.1	1349.7	2653.1	3495.1
0.0	645.7	1343.8	2603.2	3510.3
109.4	693.6	1330.8	2631.7	3492.2
65.2	650.8	1330.9	2777.9	3503.8
123.5	647.7	1309.4	2823.6	3510.8
130.5	552.1	1292.4	2812.9	3429.9
128.8	510.8	1292.4	2739.5	3214.8
130.3	624.3	1302.4	2406.0	2974.7
130.9	511.5	1234.1	2204.1	2879.8
131.5	314.0	1075.9	2343.3	2969.0
65.2	389.5	1051.7	2404.6	3281.9
131.9	415.0	1062.0	2338.4	3165.6
132.6	395.0	1061.3	2266.0	2823.7
132.0	380.6	1005.9	2236.5	3023.9
130.7	387.1	1267.2	2215.1	3421.6
125.3	372.9	1587.2	2192.7	3568.8
116.9	1212.5	1626.1	2187.5	3455.7
342.9	565.1	1438.7	2393.8	3601.9
184.6	837.8	1477.9	2615.0	3745.5
0.0	828.4	1398.5	2681.7	3706.2
500.0	721.0	1399.3	2586.9	3347.5
0.0	602.5	1267.2	2554.1	3189.6
0.0	720.2	1239.4	2547.2	3156.5
0.0	708.1	1202.6	2554.5	3120.1
152.0	639.2	1147.4	2556.1	3056.2
147.6	776.8	1124.6	2552.2	3038.2
141.1	603.8	1111.1	2518.1	3057.2
139.2	564.6	1097.9	2477.6	3042.4
137.9	578.2	1097.1	2412.5	3073.0
136.4	542.8	1076.6	2335.2	3074.3
134.6	523.1	1085.6	2191.3	3102.4
131.8	616.0	1152.4	1963.3	3116.3
128.8	523.1	1100.5	2039.7	3216.4
124.6	340.4	1154.2	2116.4	3267.4
116.5	770.4	1689.7	2449.3	3417.6
106.2	792.4	1954.7	2619.3	3534.1
103.4	910.7	1897.5	2688.4	3536.2
0.0	918.1	1767.6	2649.0	3497.8
0.0	917.6	1795.6	2578.7	3416.5
0.0	822.4	1676.9	2564.4	3306.2
0.0	741.3	1559.1	2444.8	3276.0
0.0	632.9	1550.3	2494.1	3294.2
0.0	653.4	1382.2	2364.1	3279.0
0.0	429.9	1311.7	1889.0	3145.6
188.9	382.1	1272.5	1687.1	3145.6
134.0	353.2	1322.7	1530.5	3097.5
128.3	258.6	1396.9	1538.1	3100.4
63.5	264.9	1400.1	1470.8	3051.8
121.2	257.3	1348.9	1659.5	3106.1
114.3	326.8	1306.0	1708.0	3109.8
114.2	351.0	1116.5	2109.4	3056.3
0.0	286.3	1041.4	2403.2	3233.2
96.9	257.9	1014.3	2508.4	3366.3
115.5	236.3	982.6	2535.0	3354.6
105.1	235.0	969.3	2464.8	3224.6
100.8	239.1	921.2	2447.9	3208.4
93.8	215.4	905.5	2447.3	3259.7
99.2	788.0	1800.8	2537.6	3444.3
200.0	702.1	1776.1	2583.3	3397.1
0.0	675.5	1568.5	2716.1	3321.7
0.0	488.2	902.4	2877.5	3366.2
0.0	481.4	887.3	2866.4	3344.7
0.0	490.5	884.8	2822.0	3338.4
141.2	483.4	873.1	2866.5	3497.5
149.6	499.2	852.5	2941.6	3590.3
0.0	508.7	842.3	2960.2	3623.3
98.7	504.9	826.1	2988.5	3618.3
99.6	498.2	815.5	3027.7	3624.7
103.5	496.7	816.9	3064.9	3688.7
0.0	510.9	814.1	3091.4	3703.3
0.0	506.8	818.3	3089.9	3729.9
82.2	525.9	811.1	3137.6	3755.9
153.8	631.6	874.7	3169.6	3711.6
63.5	668.7	1453.3	3164.5	3663.2
151.5	665.7	1201.0	3092.7	3607.3
151.9	597.1	1222.6	2754.2	3573.1
149.2	611.3	1060.3	2419.1	3562.2
71.9	648.3	1056.9	2377.1	3495.3
81.1	625.1	1175.9	2444.0	3487.4
79.6	590.4	1166.0	2475.7	3448.7
85.1	563.6	1341.8	2410.2	3468.2
0.0	859.2	1684.6	2556.1	3471.2
461.5	827.8	1802.7	2650.9	3597.3
0.0	806.2	1702.5	2534.7	3537.2
0.0	491.2	1254.0	2353.8	3364.6
