0.0	0.0	0.0	0.0	0.0
0.0	0.0	0.0	0.0	0.0
0.0	0.0	0.0	0.0	0.0
0.0	738.2	1662.0	2570.1	3208.4
0.0	640.9	1670.8	2515.1	3264.5
545.5	716.5	1682.1	2477.6	3301.7
0.0	760.6	1780.0	2537.5	3316.9
0.0	643.7	1656.2	2561.7	3430.0
0.0	960.4	1754.3	2695.6	3506.9
0.0	904.2	1832.8	2685.1	3471.7
0.0	871.3	1872.5	2589.9	3494.6
155.8	975.8	2022.5	2601.2	3457.8
0.0	953.8	1892.5	2555.1	3411.6
120.0	923.1	1746.6	2523.2	3333.3
120.0	924.9	1761.3	2557.1	3308.2
0.0	466.1	1881.8	2564.1	3368.9
0.0	474.4	1928.8	2666.0	3446.5
0.0	588.7	1944.3	2714.4	3374.0
0.0	608.0	1849.9	2696.8	3255.0
0.0	626.1	1872.1	2738.4	3260.6
0.0	612.6	1991.8	2692.6	3175.3
0.0	443.9	1933.8	2589.2	3184.3
0.0	537.0	1967.3	2679.9	3271.6
0.0	493.5	2027.9	2755.0	3529.1
0.0	418.2	1993.4	2728.2	3579.4
0.0	370.2	2059.8	2696.3	3578.3
0.0	394.9	2120.3	2714.6	3727.5
0.0	343.1	2110.9	2699.7	3746.6
0.0	347.4	2104.8	2659.4	3767.4
104.1	368.6	2036.3	2524.9	3683.2
103.1	359.3	1915.7	2485.9	3579.4
0.0	364.1	1836.2	2558.2	3525.6
0.0	662.3	1771.7	2582.3	3461.9
121.2	712.1	1623.6	2517.1	3370.1
0.0	710.5	1685.1	2659.0	3468.1
0.0	773.8	1730.0	2679.8	3480.5
127.7	588.4	1655.9	2655.1	3383.4
0.0	516.5	1666.7	2580.8	3459.5
0.0	1014.4	1783.6	2562.5	3558.9
0.0	802.1	1699.3	2490.4	3432.9
0.0	516.6	1593.7	2305.1	3415.3
0.0	306.5	1619.7	2217.8	3503.0
0.0	566.7	1504.0	2208.0	3439.4
0.0	529.8	1405.4	2193.7	3408.1
0.0	563.6	1356.6	2271.3	3383.6
109.3	596.6	1272.6	2402.4	3392.0
109.3	629.5	1209.1	2485.5	3465.2
106.5	628.4	1149.1	2518.7	3531.2
104.7	654.3	1102.3	2552.2	3727.2
101.8	687.3	1061.0	2576.8	3739.3
100.2	531.8	1047.8	2577.7	3571.1
98.9	454.5	1030.6	2581.5	3265.2
96.9	395.0	1374.0	2443.8	3196.8
93.8	856.0	1875.2	2453.4	3358.9
125.0	761.5	1774.6	2582.3	3416.5
87.6	950.8	1731.8	2605.0	3480.3
0.0	1049.0	1845.6	2700.8	3407.7
0.0	987.0	1803.3	2734.0	3478.8
0.0	810.2	1674.3	2694.9	3527.7
0.0	671.0	1537.1	2531.9	3699.4
0.0	659.1	1519.9	2499.6	3800.9
218.2	613.3	1598.1	2464.6	3745.8
122.4	481.4	1670.1	2410.3	3686.9
0.0	384.4	1703.6	2349.7	3684.2
0.0	412.4	1747.2	2353.5	3673.3
94.6	324.0	1634.7	2376.3	3531.6
98.4	339.5	1671.1	2388.5	3420.8
94.3	305.1	1623.5	2406.4	3476.1
96.0	300.9	1639.2	2471.9	3416.7
93.0	311.7	1649.7	2561.1	3422.5
93.0	331.1	1644.3	2657.7	3451.7
99.2	477.9	1674.3	2630.4	3506.5
101.7	887.2	1655.7	2569.7	3487.3
99.2	871.2	1667.5	2431.5	3528.2
0.0	870.1	1712.5	2418.4	3561.9
0.0	840.3	1656.0	2438.6	3443.7
352.9	469.8	1598.1	2479.3	3413.3
0.0	368.3	1621.6	2425.3	3581.6
0.0	395.5	1618.2	2426.0	3614.2
113.2	501.0	1613.9	2446.4	3620.0
116.0	470.6	1639.3	2441.0	3628.3
117.1	474.3	1660.5	2478.9	3662.3
116.8	470.5	1701.4	2520.6	3703.6
117.9	414.8	1692.7	2541.0	3690.6
117.8	358.9	1582.0	2562.5	3607.7
117.2	333.4	1523.0	2540.2	3610.3
107.8	347.3	1530.3	2513.6	3535.2
121.1	338.3	1546.5	2506.6	3466.3
118.8	341.6	1563.2	2543.3	3374.8
121.2	328.4	1580.2	2534.9	3296.6
121.2	333.1	1608.3	2524.5	3478.2
119.0	316.2	1647.3	2564.7	3384.7
120.1	328.2	1695.0	2502.3	3353.5
116.5	525.4	1844.2	2658.7	3408.3
118.8	1058.3	1818.0	2631.6	3432.7
119.9	781.3	1581.0	2596.6	3365.0
117.6	781.6	1803.0	2629.8	3495.4
0.0	379.1	1908.8	2627.3	3639.5
0.0	393.9	1944.5	2636.4	3650.0
0.0	330.5	2012.4	2596.6	3750.4
114.9	330.0	2036.4	2600.2	3745.8
112.6	330.6	2067.9	2589.9	3719.9
110.7	324.9	2091.8	2576.0	3700.3
109.1	368.4	2087.4	2582.3	3715.6
109.6	357.0	2059.9	2567.9	3735.4
109.1	414.1	1981.2	2517.2	3732.8
109.0	405.5	1931.6	2517.5	3719.7
109.1	427.6	1854.3	2499.1	3727.5
106.3	430.4	1747.8	2440.2	3729.8
104.6	445.8	1628.3	2416.8	3731.5
104.4	465.9	1521.1	2553.8	3713.7
103.4	496.4	1407.9	2561.5	3726.7
103.8	525.2	1297.3	2537.5	3725.6
103.9	560.6	1179.9	2554.6	3734.8
105.5	561.4	1123.6	2532.8	3738.2
107.3	524.0	1085.2	2555.1	3686.6
108.9	483.9	1020.8	2546.3	3662.4
109.2	455.6	968.9	2583.6	3597.2
109.6	505.6	961.7	2612.6	3564.4
110.3	458.7	945.2	2605.4	3542.9
109.8	439.1	967.9	2591.6	3545.6
107.9	449.2	1009.8	2593.6	3536.0
105.6	521.1	1086.2	2600.0	3683.2
103.8	527.7	1231.8	2631.2	3689.4
105.8	592.3	1311.6	2610.8	3567.1
104.3	585.8	1380.1	2573.5	3589.4
98.6	680.3	1456.3	2607.1	3701.9
98.0	598.5	1489.5	2607.7	3738.5
98.3	577.6	1501.7	2605.7	3602.4
98.3	563.1	1509.9	2637.9	3522.7
98.9	548.3	1516.2	2640.7	3450.8
100.4	528.9	1534.3	2631.7	3398.9
101.7	518.5	1562.4	2618.2	3198.4
103.4	502.0	1611.2	2619.7	3267.3
105.6	670.6	1624.3	2588.9	3672.7
117.6	735.6	1706.4	2657.6	3768.3
102.6	763.5	1809.0	2691.2	3870.0
0.0	788.5	1721.1	2692.1	3878.9
0.0	831.5	1789.6	2713.6	3783.0
0.0	510.7	1737.5	2662.2	3715.4
0.0	866.8	1909.4	2677.2	3748.5
0.0	797.2	1824.0	2664.8	3757.2
0.0	879.2	1785.0	2678.3	3636.3
244.9	868.0	1767.8	2645.7	3632.8
127.7	825.3	1784.6	2763.9	3619.4
0.0	799.6	1952.3	2698.1	3495.3
0.0	675.6	2041.1	2665.9	3412.1
0.0	846.2	2089.7	2699.4	3523.0
0.0	863.6	1983.2	2691.2	3573.1
0.0	594.1	1973.7	2657.6	3444.2
0.0	1096.1	1823.1	2580.2	3151.3
0.0	912.1	1799.3	2668.2	3295.0
0.0	914.1	1777.5	2606.7	3277.5
0.0	639.4	1762.9	2561.0	3156.1
146.3	706.7	1752.0	2561.6	3168.6
0.0	200.0	243.9	2110.4	3026.0
0.0	441.0	1734.3	2355.1	3271.5
0.0	459.7	1753.3	2393.8	3411.2
107.2	479.5	1777.8	2368.9	3441.7
101.1	488.8	1798.0	2345.9	3436.8
100.7	493.8	1826.4	2394.4	3430.5
97.7	475.4	1865.2	2425.5	3415.9
96.2	472.5	1906.7	2439.9	3429.5
96.3	453.8	1942.9	2438.4	3440.1
96.0	433.9	2000.4	2426.8	3438.5
94.8	421.2	2065.2	2459.1	3405.3
95.0	418.1	2111.9	2453.8	3419.3
94.5	371.1	2199.3	2446.0	3431.7
94.3	389.1	2224.3	2478.6	3392.5
93.3	1063.6	2152.4	2551.1	3373.6
95.2	823.4	1987.0	2634.2	3399.8
121.2	877.1	1732.1	2641.7	3368.9
0.0	889.1	1786.2	2482.0	3372.9
0.0	794.0	1835.1	2506.3	3249.8
0.0	889.7	1912.6	2652.2	3277.6
0.0	1013.2	2080.2	2769.7	3368.4
0.0	1062.3	2143.0	2888.9	3418.9
0.0	570.9	2078.7	2888.0	3291.4
0.0	743.3	2183.6	2864.6	3228.5
0.0	658.5	2309.1	2966.7	3419.6
333.3	979.7	2202.4	2923.4	3507.8
187.5	727.5	2068.5	2858.6	3516.4
0.0	619.4	1976.8	2859.9	3455.3
0.0	312.3	2221.6	2959.8	3717.2
0.0	318.3	2235.8	2902.2	3836.4
69.9	328.0	2256.2	2891.8	3785.3
0.0	298.2	2276.2	2892.9	3589.9
86.5	298.4	2282.5	2858.0	3811.1
67.8	297.9	2266.8	2797.4	3916.8
64.1	333.0	2261.8	2813.6	3809.0
63.5	341.7	2217.6	2807.2	3678.1
66.3	385.0	2245.0	2745.9	3549.7
95.3	356.5	2286.4	2705.1	3407.4
96.0	398.8	2285.4	2762.0	3436.1
96.8	447.9	2204.5	2835.3	3319.5
96.8	647.8	2192.9	2778.3	3297.9
96.8	841.9	2178.4	2737.9	3488.3
83.9	784.6	2113.7	2786.5	3697.2
0.0	809.8	2049.8	2686.5	3679.2
190.5	716.4	2028.7	2656.8	3700.7
214.3	718.0	2036.5	2723.0	3711.6
117.6	817.1	1947.7	2489.9	3595.4
0.0	796.4	1944.7	2566.0	3625.2
0.0	752.9	1867.6	2691.3	3478.2
0.0	719.2	1817.9	2478.7	3452.0
0.0	812.9	1805.5	2388.3	3638.8
0.0	825.8	1745.9	2522.1	3587.9
0.0	759.8	1676.0	2643.7	3522.7
0.0	794.1	1563.4	2352.9	3546.3
121.2	780.8	1559.8	2369.6	3471.4
