0.0	0.0	0.0	0.0	0.0
0.0	0.0	0.0	0.0	0.0
0.0	0.0	0.0	0.0	0.0
0.0	816.4	1717.5	2548.5	3461.8
0.0	863.1	1760.2	2617.4	3453.5
0.0	971.3	1922.8	2668.7	3522.4
0.0	810.8	1854.6	2681.0	3450.3
0.0	913.6	1822.1	2727.0	3440.7
0.0	785.4	1740.9	2620.7	3388.7
0.0	833.1	1803.8	2708.3	3411.8
0.0	723.3	1628.0	2498.5	3326.6
0.0	650.9	1548.8	2470.6	3361.8
0.0	835.0	1530.0	2547.2	3415.6
0.0	730.1	1471.7	2377.1	3306.2
0.0	727.4	1485.6	2293.0	3251.8
0.0	812.3	1531.2	2298.6	3337.9
0.0	708.1	1501.3	2328.6	3366.7
0.0	583.7	1406.3	2413.0	3431.0
0.0	549.5	1437.9	2370.2	3425.9
65.7	550.8	1409.8	2310.4	3389.7
134.8	555.8	1466.6	2349.5	3444.6
0.0	559.4	1515.7	2344.7	3523.0
86.3	562.6	1482.2	2331.3	3614.0
89.0	536.7	1468.4	2366.9	3621.9
77.6	583.6	1447.4	2422.9	3634.3
91.6	640.9	1552.1	2548.6	3723.7
76.9	727.6	1782.8	2727.4	3744.4
0.0	846.9	1956.3	2947.6	3721.8
235.3	880.1	1936.8	2918.3	3654.2
0.0	865.6	1799.1	3027.2	3649.3
85.7	863.3	1821.2	3065.6	3715.4
0.0	662.0	1665.9	2921.7	3700.5
0.0	734.9	1633.5	2993.1	3689.1
0.0	908.9	1853.8	2976.8	3789.8
0.0	733.7	1517.0	2613.5	3708.0
500.0	632.5	1489.6	2591.4	3712.1
144.6	714.8	1546.2	2665.5	3600.7
0.0	753.5	1491.9	2639.1	3532.7
0.0	768.8	1547.5	2671.1	3507.4
363.6	703.3	1555.7	2669.6	3595.3
428.6	654.8	1519.7	2630.1	3551.8
0.0	388.9	1387.5	2417.3	3372.5
131.9	335.6	1556.6	2411.4	3412.0
0.0	356.6	1711.7	2405.0	3399.4
117.4	335.2	1828.5	2419.7	3276.7
110.5	355.6	1901.2	2425.8	3326.5
248.7	360.4	1935.5	2416.0	3305.1
110.7	403.6	1911.7	2398.3	3346.8
120.1	357.4	1800.5	2309.5	3425.1
110.4	365.6	1730.5	2340.0	3353.9
112.9	655.9	1664.3	2424.9	3369.4
123.7	630.9	1612.8	2398.4	3395.5
0.0	715.1	1780.3	2345.7	3320.2
0.0	752.7	1820.8	2353.9	3332.8
0.0	920.0	1855.0	2480.2	3485.7
0.0	846.6	1911.8	2459.7	3495.4
0.0	332.6	2016.5	2396.2	3447.8
122.8	369.5	2041.8	2433.6	3422.9
108.8	312.7	2026.2	2448.3	3435.6
108.1	270.0	2026.6	2426.2	3420.9
102.8	308.2	1992.6	2377.6	3432.2
101.0	338.4	1913.3	2333.8	3425.5
97.6	374.2	1785.7	2299.3	3402.1
97.5	375.9	1585.6	2232.3	3428.7
92.3	362.5	1437.9	2230.7	3472.8
89.6	426.0	1377.0	2294.2	3391.7
89.6	492.5	1318.6	2337.9	3270.4
89.1	617.4	1575.5	2346.9	3337.0
88.9	640.4	1627.9	2470.0	3387.3
89.6	664.8	1543.9	2571.9	3362.4
100.0	647.9	1300.9	2485.9	3290.1
117.6	467.2	1051.5	2289.0	3271.9
0.0	411.9	890.9	2281.2	3280.0
105.0	420.7	878.6	2317.1	3215.2
101.8	416.4	820.8	2291.3	3190.7
101.8	413.4	772.1	2289.2	3150.6
101.9	428.5	777.7	2290.6	3160.3
102.6	426.1	784.6	2267.7	3137.1
104.9	428.2	807.5	2254.8	3125.2
107.1	451.6	887.5	2196.1	3127.4
110.3	469.8	989.8	2143.9	3183.3
108.8	494.8	1098.7	2113.1	3218.8
110.1	512.2	1262.5	2069.0	3287.8
108.8	514.0	1430.4	2098.6	3364.0
106.6	530.0	1564.2	2155.3	3389.7
104.3	506.8	1685.4	2196.2	3439.1
101.7	463.9	1780.0	2260.8	3513.3
100.8	409.6	1840.5	2310.2	3587.8
98.9	414.8	1872.7	2341.8	3621.0
96.8	393.7	1873.2	2354.9	3726.8
95.2	406.5	1823.2	2374.2	3767.3
92.3	955.9	1790.0	2491.0	3758.4
94.5	1109.4	1788.8	2673.4	3760.2
0.0	889.8	1735.7	2834.8	3825.4
0.0	957.0	1982.7	3057.6	3883.9
214.3	829.3	1976.0	3126.1	3854.8
571.4	753.7	1715.0	2994.6	3785.3
0.0	665.4	1635.7	2869.1	3782.7
0.0	764.4	1759.3	2917.0	3796.3
0.0	957.8	1994.3	2959.9	3847.9
363.6	992.0	2083.6	2799.5	3860.3
0.0	714.5	1618.4	2619.0	3816.1
0.0	735.6	1566.5	2506.6	3551.5
244.9	502.7	1552.6	2334.5	3612.0
0.0	454.3	1529.3	2330.0	3776.1
0.0	487.7	1301.2	2420.3	3606.8
74.5	977.9	1501.3	2503.5	3539.5
244.9	1004.7	1753.2	2600.5	3478.3
0.0	582.1	1684.5	2484.6	3413.8
0.0	541.0	1765.9	2463.3	3556.5
0.0	514.9	1776.5	2477.3	3559.0
0.0	510.0	1773.5	2485.4	3560.0
74.1	516.6	1736.7	2497.9	3519.2
82.1	534.5	1729.4	2500.2	3433.5
83.1	540.4	1722.7	2517.0	3441.8
84.0	530.0	1688.8	2532.9	3409.5
86.1	521.1	1606.2	2489.7	3368.5
80.1	558.7	1562.6	2503.3	3491.3
80.2	534.5	1484.2	2477.6	3570.4
79.7	549.1	1423.8	2445.2	3555.8
78.6	510.2	1379.1	2436.8	3629.9
78.2	522.5	1350.1	2270.2	3357.9
78.4	578.6	1289.9	2185.8	2972.0
78.9	549.8	1295.8	2300.6	3230.2
80.5	573.5	1560.7	2377.6	3314.2
78.2	553.7	1789.5	2426.8	3510.9
143.8	940.6	2005.1	2890.7	4209.4
67.4	897.1	1949.6	3011.6	4272.3
571.4	758.6	1888.0	2787.7	3770.0
292.7	690.3	1637.1	2533.7	3721.8
0.0	627.3	1564.9	2422.6	3816.7
0.0	589.8	1629.2	2454.8	3682.0
200.0	647.6	1884.2	2605.1	3522.6
64.9	600.8	1831.3	2853.1	3434.5
101.7	611.2	1776.7	2501.5	3199.5
0.0	482.3	1511.7	2088.6	3078.8
0.0	416.7	1491.7	1935.4	3078.0
80.2	407.4	1483.3	1887.6	3079.4
79.8	415.3	1467.7	1848.6	3016.4
104.3	426.4	1448.1	1777.5	2988.7
0.0	400.3	1453.8	1765.5	2981.5
0.0	413.3	1478.3	1747.9	2910.1
69.7	375.4	1476.7	1735.3	2993.4
0.0	378.0	1507.5	1751.0	3178.0
0.0	396.7	1568.6	1849.0	3227.6
0.0	392.0	1568.3	1800.8	3074.9
110.7	502.5	1643.1	2157.0	3273.9
105.8	372.0	1705.8	2552.9	3456.8
82.2	376.0	1707.3	2522.0	3372.9
127.7	284.4	1501.3	2332.1	3299.7
107.1	543.6	1981.7	2570.2	3096.8
0.0	489.8	1602.6	2423.9	3134.6
0.0	497.5	1493.6	2372.9	3340.1
108.6	717.9	1503.3	2317.1	3453.9
99.8	642.4	1631.0	2303.4	3552.7
121.5	601.4	1615.8	2290.9	3505.5
100.8	602.4	1585.8	2282.3	3419.4
118.8	623.5	1579.7	2303.7	3442.2
112.1	530.3	1552.2	2326.3	3371.4
240.0	505.2	1569.8	2375.3	3304.6
0.0	500.8	1537.5	2428.0	3375.8
173.9	499.7	1487.4	2400.9	3371.6
0.0	447.0	1521.7	2411.3	3464.6
0.0	481.5	1495.9	2364.8	3389.9
444.4	617.1	1465.4	2427.2	3404.5
0.0	595.3	1450.7	2490.1	3411.4
0.0	649.5	1500.2	2390.6	3344.6
222.2	552.6	1439.5	2295.3	3289.4
0.0	509.0	1409.9	2368.2	3263.4
0.0	673.6	1470.2	2407.0	3348.6
106.2	608.9	1423.3	2410.2	3346.2
0.0	803.2	1535.3	2467.1	3396.5
0.0	887.1	1617.6	2476.6	3403.7
0.0	782.4	1612.5	2483.0	3411.1
0.0	722.7	1619.5	2562.4	3467.8
0.0	722.6	1593.4	2601.4	3418.8
0.0	712.8	1529.5	2525.2	3296.0
0.0	697.7	1579.0	2440.4	3327.3
0.0	822.6	1706.0	2548.0	3407.5
0.0	787.8	1782.2	2566.9	3466.3
0.0	799.8	1712.4	2575.6	3480.5
0.0	626.2	1604.9	2594.2	3355.6
0.0	727.6	1596.8	2582.1	3327.0
0.0	721.9	1634.2	2567.2	3419.0
0.0	858.3	1752.8	2672.0	3499.4
0.0	837.0	1784.9	2673.0	3527.9
0.0	705.5	1750.2	2600.9	3464.7
0.0	709.8	1830.0	2683.6	3442.9
0.0	709.9	1812.5	2675.8	3452.0
0.0	893.9	1745.0	2693.1	3456.5
0.0	878.8	1750.0	2699.7	3512.6
0.0	837.9	1898.6	2793.3	3542.6
0.0	861.2	1682.4	2486.6	3292.4
0.0	890.4	1651.6	2445.0	3255.8
0.0	515.2	1656.7	2425.8	3274.6
0.0	912.6	1793.0	2600.8	3361.1
0.0	877.6	1606.3	2481.7	3357.2
0.0	711.8	1624.9	2420.6	3396.3
0.0	909.2	1832.2	2576.1	3425.4
0.0	798.4	1801.6	2591.9	3348.0
0.0	750.3	1762.5	2532.8	3390.4
0.0	901.0	1668.3	2511.5	3356.4
0.0	729.1	1623.7	2601.4	3387.6
0.0	752.9	1719.8	2521.3	3360.2
0.0	811.8	1747.5	2599.8	3430.4
0.0	718.4	1681.4	2576.6	3533.9
0.0	684.6	1568.8	2573.3	3433.8
0.0	743.9	1648.3	2570.5	3437.5
0.0	703.5	1704.5	2626.6	3553.0
0.0	761.8	1759.8	2673.5	3591.5
0.0	922.0	1666.7	2561.4	3477.0
0.0	994.2	1636.7	2500.5	3394.1
0.0	1011.8	1871.0	2626.1	3428.0
0.0	990.1	1883.1	2738.4	3429.0
0.0	1035.3	1843.0	2701.2	3395.3
0.0	1136.5	1801.9	2748.8	3458.8
0.0	1153.4	1886.2	2855.3	3577.7
0.0	1013.9	1697.2	2626.6	3486.9
0.0	820.7	1742.6	2550.2	3261.1
0.0	778.2	1749.0	2616.1	3406.1
