0.0	0.0	0.0	0.0	0.0
0.0	0.0	0.0	0.0	0.0
0.0	0.0	0.0	0.0	0.0
0.0	936.1	1868.7	2598.5	3600.6
0.0	767.9	1820.9	2575.3	3466.4
0.0	732.4	1802.8	2542.5	3368.6
0.0	1006.8	1836.8	2649.8	3394.9
0.0	858.2	1715.1	2667.1	3384.5
0.0	774.2	1789.1	2567.4	3324.2
0.0	856.9	1661.3	2537.5	3360.3
0.0	848.0	1588.1	2542.2	3394.7
0.0	783.1	1433.9	2440.7	3391.1
226.4	851.3	1377.5	2392.2	3342.2
0.0	892.9	1587.3	2357.6	3299.3
0.0	707.5	1219.8	2328.5	3308.0
480.0	619.2	1298.6	2383.9	3314.2
0.0	446.6	1165.3	2356.7	3326.7
0.0	431.1	984.2	2265.9	3287.5
0.0	415.5	989.7	2291.3	3267.3
98.4	416.2	1006.6	2311.9	3205.2
102.1	422.0	1013.0	2326.7	3189.6
104.6	424.9	1064.9	2352.8	3269.5
105.7	431.6	1070.4	2414.2	3292.8
106.7	440.7	1092.3	2439.2	3328.1
108.5	456.0	1099.4	2454.5	3344.2
110.7	504.5	1108.6	2447.9	3397.4
111.1	491.6	1113.9	2451.0	3401.9
112.0	522.4	1098.3	2477.0	3376.2
111.5	465.9	1093.9	2559.1	3370.3
107.1	606.5	1585.3	2729.6	3467.6
100.0	604.5	1714.9	2725.8	3465.4
102.6	603.3	1780.0	2676.9	3433.6
77.4	669.0	1707.6	2470.9	3322.7
96.8	910.0	1608.4	2531.5	3344.8
64.5	837.8	1558.0	2519.4	3297.1
129.0	840.1	1628.9	2561.3	3453.3
0.0	709.8	1471.4	2599.0	3529.7
0.0	723.1	1586.9	2614.6	3520.8
0.0	714.7	1440.5	2599.2	3432.3
157.9	624.0	1399.6	2513.8	3313.9
0.0	595.9	1325.6	2411.9	3311.5
0.0	617.3	1246.4	2390.7	3304.1
108.1	596.6	1193.8	2329.9	3266.7
107.1	610.4	1166.8	2347.3	3187.8
104.8	606.2	1147.1	2365.5	3115.8
103.6	605.8	1122.3	2418.7	3233.3
103.3	602.2	1096.0	2323.3	3285.7
102.5	607.4	1092.6	2340.1	3322.2
102.4	593.7	1102.7	2316.7	3307.6
102.4	590.7	1120.0	2302.2	3312.5
103.0	580.9	1128.6	2255.6	3233.0
102.9	584.9	1164.5	2229.0	3161.8
101.3	698.9	1291.8	2149.5	3181.5
99.8	577.3	1317.1	2071.7	3190.7
97.5	706.2	1299.4	2162.4	3500.9
95.6	696.3	1289.7	2526.1	3549.0
98.2	626.8	1343.7	2473.9	3436.8
0.0	1104.9	1842.7	2698.9	3518.0
0.0	690.7	1776.5	2614.4	3354.3
0.0	733.0	1718.4	2632.1	3380.3
0.0	730.8	1771.8	2663.0	3445.4
0.0	516.5	1534.8	2429.1	3310.3
0.0	753.6	1395.5	2090.5	3296.4
0.0	760.7	1374.2	1974.5	3261.2
0.0	446.9	1344.1	1960.4	3272.1
0.0	455.1	1281.5	1986.8	3206.5
0.0	447.4	1192.6	2049.4	3202.6
98.4	484.8	1132.8	2091.3	3193.6
99.6	480.8	1100.3	2145.1	3187.3
101.6	542.3	1091.3	2176.3	3206.8
100.8	552.4	1071.2	2190.0	3234.3
100.9	443.8	1008.9	2205.5	3232.5
101.7	433.2	960.4	2210.3	3237.2
100.9	389.4	932.6	2190.0	3256.3
101.2	403.5	903.9	2174.3	3218.1
101.3	406.4	874.8	2142.2	3166.8
101.4	404.3	883.4	2135.4	3107.0
101.4	407.3	890.7	2093.0	3159.8
100.2	398.9	930.9	2116.4	3258.8
97.9	411.3	925.1	2069.1	3244.2
96.2	473.8	1333.2	2293.9	3110.2
94.5	506.0	1554.4	2279.0	3227.9
93.8	532.3	1657.1	2513.3	3544.2
93.0	493.3	1424.9	2256.5	3364.8
93.0	501.1	1181.2	2020.9	3256.2
94.5	393.0	1176.2	1821.9	3347.8
96.1	386.0	1251.7	1786.6	3318.7
96.8	393.1	1345.2	1753.3	3336.6
95.2	367.0	1421.1	1784.0	3374.9
95.2	380.3	1460.1	1803.3	3389.5
93.5	396.6	1525.5	1839.7	3369.4
92.3	439.7	1585.6	1877.0	3368.0
92.3	406.3	1640.6	1940.5	3395.3
90.2	376.8	1687.3	2083.8	3415.7
90.5	350.6	1719.5	2253.4	3407.2
88.9	359.3	1729.2	2319.5	3423.4
89.6	353.9	1734.8	2363.6	3450.0
87.0	611.2	1730.9	2387.0	3434.1
76.4	942.0	1733.6	2563.1	3465.1
212.7	908.6	1676.7	2636.3	3537.8
88.2	836.5	1719.8	2609.3	3452.9
0.0	930.4	1774.5	2600.7	3483.0
0.0	871.2	1845.1	2689.1	3583.2
0.0	1208.5	2138.3	2853.0	3569.9
86.3	1089.5	2229.7	2854.4	3575.1
0.0	320.4	1962.9	2748.9	3420.5
0.0	599.0	1817.6	2727.2	3361.5
0.0	339.6	1799.0	2639.4	3339.2
0.0	317.4	1809.5	2449.8	3361.9
0.0	354.4	1749.3	2260.4	3359.3
88.2	368.4	1705.3	2162.8	3367.8
93.2	377.5	1654.1	2043.1	3334.4
94.4	381.6	1603.5	1918.7	3317.7
94.0	401.9	1586.4	1896.1	3347.7
94.3	409.6	1549.4	1866.8	3349.3
95.4	425.3	1519.4	1838.0	3344.0
94.5	422.5	1484.5	1795.1	3335.2
94.8	449.6	1456.5	1773.3	3285.4
95.3	527.2	1430.9	1763.0	3243.9
95.2	551.2	1425.8	1744.2	3300.3
93.8	497.6	1431.5	1748.3	3378.7
93.8	468.8	1402.3	1753.4	3374.4
92.3	475.2	1371.4	1770.4	3334.1
91.6	493.3	1371.1	1792.4	3280.3
89.6	510.4	1350.5	1836.3	3263.1
88.4	538.2	1361.8	1864.9	3338.4
88.7	554.3	1369.5	1984.3	3368.4
88.2	553.9	1382.8	2006.5	3284.6
86.3	623.0	1411.5	2281.0	3261.9
85.7	626.2	1374.5	2310.8	3301.2
85.7	597.1	1299.9	2267.2	3363.8
83.9	605.6	1253.5	2277.8	3353.1
83.9	639.6	1206.2	2290.4	3339.8
83.7	714.2	1294.1	2347.1	3415.3
82.5	766.9	1357.6	2387.6	3423.7
83.3	653.2	1228.9	2391.6	3405.0
83.3	630.2	1215.2	2372.8	3360.3
82.8	614.8	1199.6	2384.6	3370.1
82.8	612.6	1147.1	2379.3	3451.0
83.9	807.1	1207.1	2381.1	3466.9
82.8	776.6	1228.7	2348.0	3421.3
82.8	664.4	1215.1	2338.1	3376.1
81.1	764.5	1374.4	2421.6	3334.2
76.9	739.6	1686.3	2463.3	3300.4
73.3	733.5	1725.3	2570.8	3340.7
88.9	762.2	1684.2	2677.5	3425.6
0.0	938.5	1763.9	2791.3	3444.7
166.7	1052.2	1959.2	2868.8	3487.6
78.4	1020.2	1909.1	2677.2	3556.4
266.7	1141.7	1651.8	2549.3	3562.5
0.0	700.0	1315.7	2505.9	3494.4
255.3	1033.8	1523.0	2673.8	3514.4
0.0	1253.4	1989.0	2682.6	3503.3
0.0	743.0	1510.9	2373.4	3347.9
0.0	764.0	1563.2	2490.6	3387.5
99.2	706.6	1553.3	2549.6	3447.6
0.0	441.6	1523.4	2450.9	3484.8
0.0	446.5	1602.0	2450.8	3556.2
81.6	443.1	1641.5	2473.5	3567.3
80.3	516.2	1629.1	2474.5	3592.0
80.5	578.4	1630.9	2510.9	3621.5
81.1	647.4	1650.7	2647.7	3690.0
82.2	656.8	1661.6	2575.4	3662.3
0.0	736.6	1641.2	2553.2	3642.0
0.0	818.0	1646.0	2606.5	3673.1
130.4	903.9	1695.1	2689.1	3754.8
169.0	856.6	1808.3	2948.2	3805.5
0.0	635.0	1776.4	3052.2	3770.7
545.5	945.6	1844.8	2954.9	3759.5
150.0	1026.3	1907.9	3061.5	3879.4
428.6	894.2	1662.9	3006.0	3908.1
121.2	1039.6	1964.2	3110.0	3900.9
0.0	959.9	1678.4	3064.0	3854.9
0.0	798.4	1615.8	3042.8	3795.6
0.0	1200.7	1667.5	3080.0	3802.0
87.0	725.3	1315.8	2955.0	3787.0
292.7	993.0	1516.7	2935.8	3661.6
181.8	724.6	1496.7	2873.4	3587.3
0.0	893.5	1350.0	2708.7	3535.7
0.0	869.6	1397.2	2530.9	3440.4
0.0	665.2	1715.6	2667.5	3410.1
0.0	633.3	1807.4	2546.2	3347.4
0.0	782.8	1827.2	2459.4	3437.5
0.0	623.2	1577.5	2439.2	3440.5
0.0	814.8	1649.5	2478.9	3451.3
0.0	737.5	1575.4	2514.5	3470.3
266.7	776.3	1704.3	2637.3	3405.1
