0.0	0.0	0.0	0.0	0.0
0.0	0.0	0.0	0.0	0.0
0.0	0.0	0.0	0.0	0.0
0.0	1266.4	1900.2	2528.6	3159.8
0.0	1117.6	1710.6	2432.8	3091.0
0.0	809.9	1665.0	2614.9	3299.8
0.0	869.8	1742.2	2595.4	3400.8
0.0	970.4	1892.5	2685.9	3484.8
0.0	777.8	1736.1	2716.9	3482.6
0.0	881.4	1608.1	2587.2	3417.3
134.8	913.0	1435.0	2520.5	3404.7
0.0	824.5	1305.6	2413.2	3305.9
0.0	755.6	1240.1	2389.6	3356.0
0.0	666.8	1272.4	2380.2	3308.7
0.0	585.7	1639.5	2392.4	3326.3
0.0	622.1	1432.0	2447.3	3455.9
250.0	634.8	1074.2	2365.4	3425.6
250.0	637.9	1092.7	2308.8	3401.8
221.1	688.5	1073.2	2250.2	3486.8
135.3	703.5	1085.5	2172.7	3619.7
140.7	662.5	1092.0	2135.5	3628.0
136.4	638.5	1122.7	2051.2	3312.0
131.2	619.6	1163.8	1986.6	3197.6
126.3	613.1	1230.0	1961.8	3345.5
124.3	599.2	1276.3	1902.0	3285.8
124.8	567.7	1312.0	1886.2	3198.7
124.9	504.5	1420.3	1914.0	3239.5
122.5	481.8	1526.7	1963.2	3252.3
121.0	457.2	1673.6	2023.2	3263.7
120.5	398.3	1910.0	2377.7	3363.8
121.2	351.9	1982.7	2825.4	3406.8
120.5	408.8	2028.7	3014.7	3469.1
118.2	394.5	2050.9	3048.6	3482.5
116.4	373.4	2072.3	3011.8	3447.8
116.4	375.8	2064.6	2987.7	3448.2
116.6	332.6	2069.0	2958.7	3433.7
116.9	315.4	2076.9	2903.8	3430.7
119.2	328.9	2076.3	2889.7	3437.9
126.3	308.6	2063.5	2808.8	3401.4
128.5	415.8	2027.0	2701.0	3356.5
130.4	351.6	2023.7	2525.0	3340.9
134.0	404.6	1980.3	2388.8	3356.6
137.0	398.3	1805.4	2219.2	3323.8
141.2	416.7	1543.8	2199.1	3346.5
144.8	500.3	1323.9	2209.1	3314.5
148.6	415.9	1190.7	2226.1	3320.5
151.8	474.7	1066.0	2246.9	3309.3
156.1	452.7	972.1	2279.3	3314.5
158.5	476.0	943.2	2298.9	3270.0
159.3	530.3	953.0	2319.2	3230.6
158.1	529.9	999.3	2318.2	3227.0
154.5	482.5	1071.0	2317.9	3227.9
151.9	466.7	1131.1	2321.2	3231.7
147.9	507.5	1193.8	2366.2	3330.6
141.5	528.6	1240.8	2476.9	3371.1
135.3	517.8	1293.2	2638.5	3406.8
130.1	516.9	1304.4	2603.2	3392.4
122.4	504.6	1333.1	2605.6	3472.9
122.4	651.3	1387.2	2611.7	3628.8
112.1	785.1	1496.3	2629.3	3567.5
105.3	893.5	1623.8	2635.0	3417.3
93.0	741.3	1606.9	2615.0	3302.2
428.6	634.7	1661.7	2538.5	3339.0
0.0	698.0	1719.9	2493.1	3475.5
222.2	773.2	1762.8	2633.9	3516.4
571.4	743.0	1780.2	2717.7	3488.9
0.0	834.6	1734.8	2733.7	3507.5
0.0	818.7	1656.6	2632.6	3502.9
428.6	798.7	1841.2	2582.9	3502.8
210.5	926.5	2074.9	2459.5	3371.2
333.3	802.4	1875.5	2339.4	3202.4
0.0	789.8	1806.6	2403.0	3227.1
0.0	647.1	1688.8	2346.9	3175.3
0.0	447.0	1348.4	2141.1	3137.1
0.0	546.9	1125.2	1500.7	3359.4
135.4	402.6	1093.6	1471.2	3342.4
134.8	423.1	1085.0	1512.7	3328.2
134.8	423.6	1078.4	1568.2	3363.2
135.0	440.1	1089.3	1629.9	3464.0
134.9	471.7	1104.4	1678.5	3435.2
135.1	513.4	1120.2	1761.7	3321.8
135.4	555.9	1153.1	1886.0	3383.1
135.6	575.4	1148.2	2007.6	3317.5
136.2	578.5	1123.5	2122.7	3277.1
136.6	589.8	1112.5	2244.7	3358.3
136.6	572.4	1077.9	2299.4	3299.9
137.0	551.9	1047.7	2321.3	3276.1
137.6	547.9	990.0	2313.5	3323.0
138.5	527.6	921.2	2290.6	3234.7
139.5	489.3	857.2	2287.9	3244.6
139.9	463.6	841.0	2274.4	3262.6
140.2	457.2	827.4	2251.1	3210.6
139.6	473.6	841.4	2240.3	3256.0
139.5	467.0	842.2	2217.6	3225.9
139.7	471.1	839.3	2160.0	3232.7
137.9	486.4	867.8	2095.3	3292.4
138.1	508.6	926.2	2033.4	3252.5
137.9	515.5	966.7	1996.3	3310.2
136.0	534.6	981.5	1930.4	3353.1
134.8	516.4	1011.0	1853.5	3328.6
131.9	519.4	1056.3	1817.4	3368.9
131.4	516.3	1084.6	1773.7	3399.3
128.6	510.1	1111.8	1737.8	3378.6
126.4	502.0	1116.7	1720.3	3374.6
123.7	507.4	1120.8	1714.5	3418.8
120.0	514.0	1160.8	1739.8	3427.2
120.0	518.8	1162.3	1764.5	3387.5
118.4	532.4	1176.5	1813.6	3429.1
118.3	526.8	1185.8	1889.5	3476.0
112.4	533.5	1188.9	1971.3	3390.1
116.5	522.9	1180.0	2055.9	3360.3
113.2	523.1	1167.3	2126.4	3333.0
116.2	529.3	1167.1	2189.0	3264.2
110.7	495.0	1146.4	2218.0	3411.8
113.5	490.5	1220.4	2311.7	3410.6
106.0	586.2	1497.1	2437.4	3443.9
100.0	831.0	1806.4	2522.4	3519.6
83.9	953.0	1811.6	2642.6	3387.2
0.0	920.3	1729.5	2617.7	3454.9
0.0	986.7	1730.7	2619.0	3461.8
461.5	909.4	1665.6	2685.9	3490.3
203.4	874.8	1640.5	2758.0	3542.9
0.0	903.9	1628.5	2748.9	3562.6
0.0	878.9	1739.4	2822.4	3522.5
0.0	1022.4	1805.6	2777.1	3589.5
521.7	1031.2	1876.5	2769.6	3610.7
0.0	957.7	1789.2	2737.5	3621.5
324.3	848.6	1656.3	2715.0	3629.4
0.0	775.3	1693.9	2629.1	3577.1
0.0	673.9	1494.6	2602.2	3433.4
0.0	719.5	1590.4	2677.2	3492.9
80.0	540.4	1364.2	2650.7	3534.4
0.0	481.7	845.2	2582.7	3449.4
129.0	528.9	871.1	2501.3	3442.7
123.8	514.6	827.1	2465.8	3472.8
123.5	551.4	894.1	2479.3	3507.8
124.9	581.0	989.8	2503.5	3504.8
126.8	607.3	1081.7	2507.8	3405.5
126.5	642.2	1178.1	2518.1	3370.2
126.2	682.5	1275.2	2523.1	3379.7
126.3	822.7	1417.2	2573.9	3352.7
125.9	683.9	1472.3	2537.8	3279.3
126.9	616.1	1619.2	2484.1	3299.1
127.6	592.2	1714.1	2489.3	3321.8
128.4	594.6	1802.8	2522.3	3314.0
128.7	584.6	1851.9	2495.6	3325.8
128.9	541.6	1893.2	2499.6	3383.6
129.3	542.1	1948.9	2588.2	3470.3
130.1	535.2	1984.8	2584.2	3439.2
130.9	526.9	2029.2	2617.4	3437.7
133.0	517.3	2054.6	2615.1	3472.6
133.6	569.7	2045.2	2531.3	3427.7
134.2	544.5	2034.5	2424.4	3415.2
135.4	488.1	1951.4	2325.9	3400.1
136.7	493.0	1804.3	2263.6	3337.5
136.8	415.2	1139.4	2243.4	3302.1
136.4	286.3	1114.5	2264.7	3309.4
139.5	293.7	1127.9	2247.1	3286.0
139.5	280.1	1102.8	2273.4	3276.1
137.9	276.1	1076.6	2339.1	3215.2
136.7	289.1	1066.6	2344.1	3172.6
134.8	282.3	1048.2	2307.7	3195.0
131.9	275.2	1041.1	2305.6	3186.5
131.9	264.5	990.0	2255.2	3164.7
130.4	294.8	962.8	2205.6	3200.3
129.0	305.1	956.3	2101.6	3253.9
127.7	319.7	966.0	2017.8	3141.1
250.0	407.0	996.0	1969.1	3191.7
250.0	534.6	1131.5	1929.7	3314.0
126.4	534.2	1196.0	1863.1	3344.9
124.3	535.5	1207.8	1773.5	3343.2
123.7	522.6	1206.8	1693.2	3306.3
124.3	520.5	1205.5	1640.6	3331.6
124.7	502.6	1202.5	1574.0	3311.5
124.3	503.2	1196.7	1531.8	3292.1
123.9	491.8	1187.3	1534.3	3291.8
124.0	491.3	1205.8	1562.5	3337.6
122.8	490.1	1219.3	1608.7	3348.9
122.2	488.8	1238.9	1599.3	3274.6
121.9	496.0	1244.0	1623.9	3220.3
122.4	500.5	1316.0	1694.6	3193.8
123.4	500.1	1428.2	1766.8	3102.8
123.9	501.1	1541.3	1833.9	3131.7
124.2	463.9	1654.9	1921.9	3121.5
125.0	447.3	1728.0	1999.7	3208.0
126.3	453.9	1817.0	2555.0	3312.2
127.5	454.8	1850.4	2710.5	3319.3
128.6	461.0	1896.0	2748.5	3349.9
129.4	482.8	1961.0	2774.3	3403.3
130.7	498.8	1991.8	2758.5	3387.8
131.1	513.8	1990.8	2704.3	3354.6
131.6	537.3	2016.1	2701.5	3384.1
133.2	529.3	2022.7	2697.3	3391.6
133.9	537.7	2028.5	2715.9	3376.0
134.7	542.9	2060.3	2704.9	3428.7
135.7	399.4	2063.7	2689.7	3453.0
136.6	535.8	2062.3	2636.0	3442.9
137.6	365.4	2034.3	2490.3	3482.8
137.7	348.4	1858.7	2436.9	3424.1
137.7	358.8	1015.3	2249.3	2623.4
139.4	366.9	1013.1	2269.1	2657.9
139.5	320.7	1002.5	2313.0	2730.7
141.2	303.2	1010.5	2427.8	2894.9
142.9	286.0	1009.6	2421.9	2751.8
141.2	334.7	988.9	2440.2	2836.2
141.2	743.0	1205.0	2509.4	3639.2
137.9	863.5	1277.6	2449.1	2970.0
131.9	504.7	1218.3	2450.5	2855.5
125.0	981.0	1652.4	2553.7	3363.4
65.6	683.2	1394.9	2522.3	3226.2
126.3	633.8	1185.6	2514.9	3286.0
110.1	730.2	1304.9	2530.7	3328.1
0.0	821.4	1496.2	2454.0	3400.8
94.5	766.7	1367.9	2526.2	3486.0
134.8	851.6	1467.4	2590.4	3453.5
0.0	825.1	1662.3	2621.4	3431.1
0.0	807.9	1644.4	2588.3	3316.8
0.0	777.1	1758.9	2506.5	3380.2
0.0	844.6	1861.5	2557.6	3490.9
