0.0	0.0	0.0	0.0	0.0
0.0	0.0	0.0	0.0	0.0
0.0	0.0	0.0	0.0	0.0
0.0	1666.6	1701.6	2690.6	3626.6
0.0	481.1	1737.1	2614.1	3543.5
0.0	872.3	1811.0	2633.4	3544.8
0.0	770.8	1636.0	2604.1	3495.2
0.0	849.7	1602.1	2567.2	3444.8
0.0	657.9	1544.9	2450.7	3406.6
0.0	769.5	1609.7	2479.5	3410.9
0.0	894.7	1610.8	2520.5	3463.1
81.1	803.1	1548.2	2531.4	3465.1
0.0	793.6	1574.7	2481.8	3371.5
0.0	784.2	1551.7	2409.8	3292.0
0.0	683.5	1679.6	2401.0	3374.1
130.4	688.5	1652.1	2422.9	3490.2
0.0	391.8	1269.9	2355.1	3277.6
0.0	365.6	1115.7	2229.8	3282.9
0.0	387.8	1188.4	2227.6	3296.1
94.4	384.2	1307.0	2223.9	3214.0
93.8	382.7	1391.6	2264.6	3287.2
94.0	392.0	1488.7	2375.5	3342.3
95.3	391.1	1525.8	2510.5	3439.6
95.5	398.3	1508.7	2426.6	3537.9
94.6	554.5	1487.5	2588.7	3470.1
92.6	363.6	1470.8	2629.4	3443.7
86.3	258.6	1629.6	2634.1	3478.3
81.1	1243.6	1949.5	2730.4	3535.3
0.0	714.9	1747.4	2759.2	3697.0
428.6	707.4	1894.6	2995.9	4079.9
285.7	724.3	1826.6	3022.8	4098.1
0.0	815.2	1715.7	2955.9	3890.6
0.0	892.7	1706.6	2907.6	3765.5
160.0	913.4	1744.2	2823.9	3782.3
144.6	1035.7	1956.7	2893.2	3832.6
82.8	850.9	1939.9	2943.2	3872.0
126.3	883.8	1903.3	3043.7	3990.9
0.0	996.7	1940.7	3141.5	3927.7
0.0	825.8	1619.3	2966.9	3783.7
521.7	616.4	1698.5	2888.8	3747.3
521.7	836.6	1752.0	2696.8	3663.5
86.3	724.7	1383.0	2587.1	3578.7
0.0	492.6	1355.5	2617.9	3468.7
0.0	490.3	1433.6	2635.6	3442.8
112.1	501.0	1417.7	2696.8	3418.3
114.5	499.6	1459.0	2824.1	3454.8
117.4	486.3	1514.4	2829.0	3469.4
116.4	483.7	1572.6	2659.2	3461.9
114.6	480.5	1602.1	2559.9	3445.8
113.5	440.0	1666.9	2650.7	3501.3
109.4	570.5	1803.5	2755.9	3609.7
255.3	762.0	1654.2	2655.5	3585.4
65.9	734.9	1782.9	2631.8	3523.8
83.9	897.4	1875.8	2702.5	3600.0
0.0	832.1	2097.8	2837.7	3735.3
0.0	820.9	2248.8	3079.3	3773.3
0.0	850.8	2317.1	3032.5	3745.1
0.0	967.0	2463.6	2998.5	3665.0
0.0	754.2	2331.2	2826.0	3663.0
0.0	514.2	2087.3	2726.3	3688.9
226.4	897.2	1837.6	2667.4	3662.8
235.3	415.6	1700.9	2646.8	3597.7
0.0	449.5	1705.9	2705.1	3561.6
0.0	625.7	1669.1	2905.2	3645.5
106.1	718.4	1635.7	2814.4	3677.3
102.1	677.0	1542.3	2481.4	3686.9
100.2	680.6	1523.1	2454.1	3576.8
98.8	713.0	1494.0	2441.4	3547.6
98.3	775.0	1507.2	2438.3	3583.9
98.2	758.5	1522.4	2453.8	3564.0
98.3	593.1	1563.1	2500.8	3622.2
98.5	554.5	1630.1	2673.5	3537.9
99.4	574.2	1690.9	2721.2	3512.3
99.7	600.1	1702.6	2664.2	3577.2
101.2	608.0	1711.8	2626.7	3548.9
102.8	620.1	1695.6	2644.5	3498.7
104.5	638.3	1684.9	2575.1	3470.4
105.2	636.6	1686.4	2607.4	3553.0
105.8	647.1	1692.8	2667.1	3465.2
106.4	654.2	1677.2	2688.2	3464.2
107.0	640.1	1668.4	2519.8	3493.3
106.8	643.9	1661.3	2445.4	3489.1
106.8	636.2	1702.7	2549.3	3482.5
106.4	636.5	1713.7	2576.7	3486.8
106.0	639.3	1690.6	2317.1	3495.6
104.8	645.8	1760.8	2290.8	3476.7
102.8	616.6	1829.2	2261.0	3570.8
100.2	587.3	1880.4	2277.9	3651.5
97.4	826.8	1957.8	2438.9	3637.5
92.0	855.8	1983.7	2489.2	3398.5
94.5	813.0	1990.2	2624.2	3424.7
255.3	360.7	1402.2	2443.7	3342.0
260.2	484.1	1567.7	2542.8	3312.3
258.7	839.2	1721.7	2559.5	3342.8
273.0	824.9	1687.0	2556.9	3471.2
286.2	729.0	1725.8	2667.2	3417.0
0.0	664.1	1787.8	2768.7	3454.1
0.0	796.0	1820.4	2622.1	3468.1
0.0	1025.1	1745.9	2595.7	3515.1
0.0	769.5	1641.5	2611.7	3500.6
0.0	762.6	1824.9	2655.7	3524.2
0.0	694.6	1662.8	2522.0	3496.0
0.0	611.9	1665.0	2502.9	3548.5
0.0	419.4	1643.1	2410.6	3536.0
0.0	404.6	1645.3	2359.3	3494.5
0.0	444.8	1583.9	2340.8	3483.0
94.5	466.5	1528.5	2301.5	3455.9
93.0	422.2	1485.2	2266.8	3403.3
92.3	423.1	1433.2	2233.7	3328.0
91.5	403.3	1395.7	2226.2	3284.2
89.2	474.7	1378.9	2170.6	3320.4
88.3	438.9	1358.1	2157.6	3259.7
88.9	423.4	1384.2	2220.2	3124.7
88.5	478.1	1459.8	2329.6	3132.9
88.5	538.8	1507.5	2364.9	3092.6
89.0	504.6	1500.9	2319.4	3055.9
89.5	463.4	1417.8	2382.2	3181.3
89.6	495.0	1379.1	2354.5	3268.8
88.9	452.0	1390.0	2413.9	3210.9
89.5	459.6	1369.1	2421.8	3154.7
89.6	454.2	1390.6	2386.8	3131.5
90.2	421.1	1453.2	2284.5	3148.2
92.3	417.2	1448.8	2147.0	3122.2
93.8	427.8	1473.4	2148.3	3175.9
92.3	506.2	1568.2	2387.8	3331.6
90.3	492.1	1744.9	2435.5	3394.4
88.9	897.4	1852.4	2474.2	3432.4
88.1	679.3	1808.6	2556.7	3458.8
79.5	840.8	1716.1	2658.4	3504.3
0.0	871.2	1714.5	2568.1	3469.8
0.0	672.3	1695.7	2580.5	3460.0
120.0	851.0	1727.0	2555.0	3495.6
333.3	828.6	1753.1	2589.3	3475.5
0.0	896.8	1841.1	2579.3	3502.7
0.0	771.4	1780.0	2552.5	3507.9
0.0	791.9	1814.5	2621.2	3464.3
244.9	885.3	1860.3	2539.9	3372.9
0.0	715.3	1923.1	2508.6	3458.8
0.0	662.6	1983.7	2490.6	3452.0
0.0	310.1	2039.7	2539.5	3388.5
0.0	267.1	1978.3	2606.9	3470.9
103.4	261.7	2044.3	2756.2	3492.3
101.7	266.7	2075.7	2798.2	3484.0
101.7	296.6	2057.0	2614.0	3467.1
103.4	280.8	2030.2	2488.7	3532.3
100.8	276.7	2025.5	2403.4	3508.2
104.2	272.1	1984.7	2322.3	3475.2
103.6	287.4	1952.6	2306.4	3466.5
104.4	330.4	1913.1	2318.1	3493.5
104.1	341.2	1886.5	2319.1	3469.8
104.2	347.4	1867.0	2346.7	3415.1
103.4	360.6	1829.6	2361.5	3365.8
100.8	499.2	1821.0	2434.8	3406.1
97.8	431.4	1802.0	2518.7	3437.9
95.2	395.0	1760.6	2494.8	3438.6
91.6	333.2	1744.1	2536.9	3432.6
0.0	400.6	1692.7	2547.6	3353.4
0.0	446.2	1643.2	2560.8	3319.6
0.0	502.6	1555.0	2606.1	3384.7
75.9	467.8	1530.6	2712.5	3381.7
90.2	430.8	1468.7	2673.5	3383.4
86.3	413.6	1397.7	2657.4	3390.1
90.2	383.5	1316.1	2550.2	3329.2
88.2	399.8	1249.1	2577.8	3360.4
86.9	391.8	1171.4	2594.6	3364.1
85.6	389.0	1129.0	2577.6	3340.2
83.8	402.5	1107.6	2566.7	3343.8
82.3	433.8	1040.2	2594.3	3375.8
82.2	386.0	1022.0	2575.4	3352.3
84.2	412.4	1014.2	2579.2	3322.3
83.9	432.8	984.9	2565.5	3314.7
85.1	434.8	1008.1	2551.6	3321.8
85.1	359.9	1000.2	2523.2	3251.1
85.5	330.6	1054.0	2404.0	3214.5
85.5	284.2	1432.3	2367.9	3282.0
84.3	709.8	1570.8	2399.8	3463.6
84.9	688.1	1392.2	2347.2	3409.1
83.3	272.8	1276.1	2320.1	3374.8
83.3	282.7	1365.4	2379.0	3338.8
85.7	281.2	1329.5	2422.7	3277.3
83.9	423.4	1513.7	2351.7	3258.6
0.0	385.4	1529.5	2277.2	3381.9
0.0	363.9	1629.5	2299.6	3473.1
107.6	376.7	1802.0	2353.3	3506.6
91.6	371.1	1873.0	2409.2	3459.3
91.6	378.4	1924.8	2429.8	3492.2
94.5	361.0	1989.3	2475.7	3551.0
95.2	342.0	2022.7	2549.3	3511.5
96.0	310.1	2029.7	2618.9	3509.3
96.0	280.4	2049.5	2705.4	3544.3
95.5	277.8	2075.9	2766.5	3544.1
96.0	302.9	2073.2	2758.9	3562.9
95.1	291.0	2106.0	2883.9	3592.3
94.6	299.3	2070.5	2978.0	3575.3
94.8	284.4	2080.7	2866.9	3541.8
93.8	306.2	2112.1	2822.9	3479.5
93.8	317.5	2102.1	2828.3	3547.1
94.7	324.1	2090.7	2786.0	3538.2
94.5	323.8	2103.2	2755.5	3471.3
96.8	321.5	2113.3	2753.9	3463.0
96.8	318.9	2106.9	2744.5	3403.5
98.3	309.7	2097.7	2739.6	3383.2
98.7	319.4	2084.1	2671.0	3386.0
99.2	315.3	2045.1	2540.7	3398.4
100.8	311.0	2026.3	2495.8	3438.9
101.2	319.0	2018.2	2422.1	3404.1
101.0	324.9	1961.3	2349.0	3432.4
101.4	332.3	1887.8	2323.9	3490.0
101.7	355.1	1871.0	2345.4	3450.0
101.8	351.2	1860.9	2386.0	3411.8
102.5	377.9	1822.0	2432.0	3370.7
100.9	457.8	1834.1	2560.7	3389.9
99.2	766.4	1706.4	2607.1	3516.5
98.4	745.2	1703.9	2687.7	3560.7
93.0	849.2	1655.0	3006.1	3546.5
0.0	934.1	1598.6	2935.9	3550.0
0.0	842.3	1609.1	2973.8	3461.4
134.8	1120.7	2285.1	3140.0	3494.9
123.7	1152.8	2113.3	3100.2	3569.1
292.7	1047.8	1882.7	2880.3	3472.2
235.3	780.5	1601.9	2602.0	3363.2
461.5	949.1	1684.0	2637.3	3447.1
500.0	887.4	1670.4	2649.2	3472.4
85.1	889.0	1688.0	2702.7	3526.7
127.7	788.8	1686.6	2683.8	3439.6
250.0	715.3	1647.1	2613.6	3439.0
0.0	866.4	1903.0	2808.3	3488.3
250.0	907.0	1908.5	2740.1	3476.8
255.3	876.4	1835.4	2667.4	3406.3
0.0	493.7	1075.3	2455.8	3287.5
0.0	481.3	968.3	2456.2	3331.8
136.6	474.9	970.3	2460.1	3396.6
0.0	453.4	976.3	2455.3	3405.6
77.4	457.1	976.7	2501.0	3354.1
77.7	485.1	985.8	2523.8	3289.9
78.1	504.0	999.7	2523.2	3347.3
80.7	535.8	1006.7	2548.4	3384.5
79.6	512.6	999.0	2639.4	3422.7
80.4	608.1	989.6	2713.2	3439.2
81.1	743.6	1026.1	2624.3	3504.1
82.2	719.8	1071.0	2625.5	3568.7
81.6	761.8	1103.6	2654.6	3554.2
82.1	828.9	1224.4	2594.4	3470.5
86.3	677.4	1034.1	2518.4	3447.5
83.9	629.3	1091.8	2640.2	3426.1
85.1	893.5	1185.8	2718.8	3428.4
78.9	873.0	1261.7	2639.6	3399.4
80.5	737.5	1171.0	2604.6	3314.5
0.0	735.8	1144.3	2662.9	3574.5
0.0	802.8	1091.7	2615.3	3603.1
