0.0	0.0	0.0	0.0	0.0
0.0	0.0	0.0	0.0	0.0
0.0	0.0	0.0	0.0	0.0
0.0	748.2	1702.7	2597.3	3435.9
0.0	776.2	1618.6	2425.1	3344.6
0.0	763.6	1617.3	2528.5	3447.4
0.0	807.7	1757.5	2628.7	3496.3
0.0	881.2	1817.4	2639.7	3402.8
71.4	741.3	1808.0	2610.6	3342.7
0.0	709.2	1680.0	2594.8	3370.5
0.0	793.0	1671.1	2563.7	3365.8
0.0	847.6	1718.0	2678.1	3491.0
0.0	699.0	1690.8	2692.8	3540.0
0.0	774.7	1707.0	2631.5	3404.4
0.0	506.9	1929.2	2704.0	3426.6
187.5	465.9	2015.5	2687.7	3495.0
0.0	393.5	1980.8	2761.6	3508.3
0.0	286.7	2079.1	2927.5	3450.3
164.4	270.0	2113.2	2921.2	3426.4
178.7	344.0	2123.5	2896.0	3402.2
160.0	317.3	2112.0	2847.3	3390.9
137.8	338.4	2114.0	2848.2	3460.3
118.3	395.0	2121.8	2782.0	3415.3
121.9	363.6	2099.6	2726.1	3428.4
116.6	409.0	2087.3	2692.0	3511.9
114.5	459.6	2030.0	2653.1	3595.4
113.2	773.9	1956.4	2677.5	3662.5
108.1	930.5	1939.4	2815.7	3843.9
96.8	842.9	1957.6	2917.7	4128.1
0.0	902.0	1832.4	2820.2	4082.2
545.5	903.3	1875.7	2899.2	4213.3
0.0	608.5	1822.3	2769.6	3974.1
545.5	671.0	1854.7	3062.7	4323.9
82.2	874.1	1935.4	3067.5	4389.5
71.4	924.2	1883.4	2944.9	4079.2
0.0	911.7	1787.1	2726.6	3669.4
315.8	784.4	1807.8	2735.9	3642.9
121.2	727.4	1816.4	2813.1	3730.1
210.5	1005.3	1751.7	2757.8	3595.0
0.0	428.7	1714.1	2641.3	3500.3
0.0	480.1	1738.6	2628.5	3479.2
142.0	464.0	1752.5	2625.7	3406.6
143.8	433.0	1801.3	2656.2	3472.0
144.2	474.6	1848.3	2651.8	3433.6
143.9	416.4	1924.2	2669.8	3461.7
143.9	459.2	1974.6	2700.2	3464.1
144.7	351.5	1994.6	2739.1	3471.0
145.9	408.6	2015.2	2732.4	3487.5
146.8	358.7	2029.2	2743.8	3453.0
147.4	364.8	2046.1	2776.6	3478.2
146.7	352.8	2049.6	2765.0	3456.5
146.8	306.1	2071.1	2787.1	3489.9
147.2	316.2	2080.4	2759.6	3461.7
147.9	301.4	2103.2	2777.9	3502.2
150.0	311.5	2115.8	2793.3	3493.6
151.4	317.5	2134.9	2806.2	3525.1
155.7	315.1	2135.5	2813.5	3562.0
155.6	390.9	2041.0	2852.4	3576.1
146.3	524.5	2070.6	2890.9	3507.3
137.9	935.9	2093.2	2914.8	3592.5
461.5	872.0	2066.4	2802.4	3618.3
122.4	1036.7	2109.6	2878.2	3577.1
0.0	733.9	2042.2	2953.0	3563.2
255.3	771.6	2177.7	3005.6	3554.3
255.3	760.3	2156.7	3015.6	3558.9
375.0	667.2	2070.7	2872.9	3539.8
0.0	712.8	2066.5	2868.9	3539.4
0.0	642.9	2005.1	2921.8	3556.5
137.9	908.7	2053.4	2885.4	3594.9
176.5	995.0	2045.8	2777.5	3548.0
0.0	778.8	1997.7	2728.7	3519.4
0.0	442.7	1973.9	2688.1	3495.4
203.4	443.9	1994.8	2667.4	3369.7
268.9	320.4	2021.6	2648.5	3405.3
132.5	332.6	2043.7	2624.0	3472.2
132.0	427.8	2040.3	2605.6	3461.3
263.2	449.3	2007.5	2578.2	3504.1
130.0	321.9	1960.4	2533.9	3537.0
128.0	443.8	1863.6	2510.5	3522.8
126.8	367.4	1811.3	2510.5	3583.2
123.7	378.7	1764.4	2537.1	3639.3
123.7	381.5	1725.4	2634.5	3765.1
117.6	353.2	1698.3	2641.9	3771.8
0.0	778.2	1712.3	2670.8	3755.5
108.1	745.6	1695.5	2666.2	3673.6
0.0	663.5	1681.2	2687.7	3654.0
0.0	717.1	1706.0	2688.4	3688.8
129.0	746.0	1601.7	2629.2	3707.0
120.0	469.0	1521.0	2658.7	3607.1
120.0	507.6	1490.9	2673.6	3556.2
125.0	516.3	1398.5	2681.0	3449.2
128.9	558.5	1362.4	2625.9	3334.6
126.4	605.7	1299.1	2559.2	3325.7
126.0	661.3	1230.6	2592.1	3356.0
123.9	692.6	1232.6	2571.1	3389.8
123.7	670.3	1219.2	2592.6	3382.6
124.1	684.4	1220.3	2594.0	3328.9
126.6	703.2	1250.5	2587.5	3409.4
127.2	681.9	1267.0	2590.8	3461.6
127.1	704.9	1264.3	2580.6	3454.9
126.7	678.2	1265.6	2454.2	3328.5
125.9	696.5	1255.0	2414.7	3304.5
125.8	653.4	1215.4	2368.0	3195.2
125.1	534.3	1097.4	2451.3	3078.4
122.4	559.1	1181.6	2522.1	3020.0
125.0	632.7	1246.5	2572.1	3103.4
121.2	631.6	1274.1	2461.1	3201.5
118.1	601.0	1305.1	2478.7	3237.2
114.9	566.8	1362.2	2512.8	3285.9
113.4	531.6	1402.2	2558.8	3312.7
112.9	506.9	1434.7	2550.5	3257.9
112.7	786.2	1363.5	2566.3	3272.5
104.2	283.8	1474.3	2603.8	3410.5
116.9	289.3	1503.6	2619.0	3435.4
112.9	295.2	1534.6	2605.0	3425.0
110.4	304.4	1577.6	2554.6	3435.0
108.7	300.8	1590.9	2557.2	3500.7
103.5	302.9	1549.8	2559.0	3468.7
99.2	291.3	1712.9	2647.9	3529.7
94.5	785.9	1698.5	2631.4	3475.7
0.0	631.1	1640.1	2631.4	3385.1
0.0	531.2	1538.4	2664.1	3353.6
125.8	562.3	1484.6	2650.1	3413.2
122.5	607.0	1417.5	2611.2	3309.7
119.6	632.0	1356.6	2586.2	3264.2
118.0	649.6	1290.9	2562.7	3282.3
117.7	665.6	1248.2	2546.3	3318.4
117.2	682.1	1263.0	2533.9	3426.3
116.9	702.8	1255.6	2535.5	3441.8
116.8	716.6	1235.3	2503.0	3278.2
116.9	722.9	1248.5	2479.4	3283.6
117.4	734.4	1277.5	2467.9	3340.3
117.3	727.0	1316.2	2469.8	3363.2
116.1	712.4	1383.1	2492.4	3402.6
114.9	698.2	1434.7	2486.9	3393.9
114.0	677.6	1498.7	2462.8	3410.1
113.1	642.2	1585.6	2459.2	3470.0
111.4	620.6	1626.7	2464.3	3508.0
109.1	603.7	1685.1	2435.6	3523.2
108.1	602.9	1717.9	2451.1	3517.2
106.7	597.7	1742.5	2495.7	3542.2
106.0	599.2	1766.7	2509.8	3578.0
102.9	600.4	1739.9	2527.5	3571.9
102.8	600.7	1689.5	2533.3	3541.6
102.7	587.1	1680.3	2543.9	3535.4
102.3	582.8	1633.5	2551.7	3540.2
103.9	573.8	1600.8	2531.4	3543.9
107.3	543.7	1569.3	2529.0	3527.7
98.0	511.4	1545.3	2545.5	3584.3
123.6	499.4	1508.6	2550.6	3559.2
71.4	635.4	1469.1	2541.5	3586.4
218.2	854.1	1564.8	2580.0	3523.8
83.6	863.6	1679.7	2613.5	3441.4
0.0	1027.4	1781.2	2596.0	3450.1
0.0	739.2	1598.3	2474.1	3285.0
0.0	727.4	1703.1	2604.9	3463.2
0.0	738.5	1775.1	2762.2	3527.8
0.0	694.6	1670.6	2754.7	3475.9
0.0	911.1	1906.8	2757.2	3506.7
0.0	914.2	1853.5	2700.7	3401.0
0.0	733.1	1594.9	2545.7	3340.1
0.0	760.4	1672.0	2655.3	3442.4
0.0	549.0	1187.6	2551.5	3294.0
203.4	749.8	1230.8	2493.1	3292.6
74.1	572.9	1155.5	2527.4	3249.9
71.9	1020.2	2001.8	2632.3	3548.5
123.7	1010.9	1965.2	2689.7	3998.0
0.0	1112.4	1957.7	2685.3	4423.4
0.0	969.6	2104.1	2710.8	4236.8
0.0	630.8	2208.2	2828.0	3885.4
521.7	580.6	1392.8	2481.3	3266.6
0.0	761.2	1460.7	2476.2	3096.3
272.7	757.4	1517.9	2478.1	3037.2
260.9	764.2	1490.3	2485.1	3050.5
244.9	815.8	1436.6	2528.9	3049.4
279.1	801.3	1395.1	2456.6	3101.2
0.0	777.5	1495.9	2409.1	3133.5
0.0	693.6	1480.3	2480.7	3150.9
571.4	642.5	1310.9	2511.3	3212.5
300.0	689.5	1428.6	2541.6	3411.0
0.0	807.7	1449.5	2511.6	3296.9
571.4	778.8	1451.2	2410.4	3263.8
69.0	822.7	1618.0	2376.9	3460.9
155.8	928.5	1702.0	2513.4	3560.3
