0.0	0.0	0.0	0.0	0.0
0.0	0.0	0.0	0.0	0.0
0.0	0.0	0.0	0.0	0.0
0.0	733.0	1598.2	2695.0	3371.3
0.0	759.5	1683.7	2606.5	3377.7
0.0	660.0	1678.0	2494.8	3416.7
0.0	919.4	1699.5	2620.1	3481.3
0.0	815.5	1697.4	2603.5	3394.9
0.0	988.0	1790.7	2662.4	3482.9
0.0	677.6	1760.0	2668.3	3523.9
0.0	572.9	1776.4	2712.3	3505.0
0.0	372.5	1551.4	2588.1	3375.1
571.4	778.2	1442.2	2560.9	3391.4
162.2	662.2	1333.6	2380.4	3329.9
255.3	625.8	1381.7	2416.2	3312.0
0.0	751.1	1548.9	2505.2	3435.8
0.0	200.0	1602.4	2485.9	3498.6
164.4	386.9	1609.4	2524.0	3565.9
0.0	409.9	1712.6	2572.8	3625.8
0.0	449.8	1740.2	2584.3	3533.6
85.6	505.0	1735.4	2588.7	3710.3
0.0	528.9	1775.2	2645.0	3725.7
263.0	556.2	1791.7	2661.2	3646.6
0.0	584.3	1807.5	2658.1	3741.3
0.0	600.7	1823.0	2643.0	3791.8
0.0	616.4	1812.5	2624.1	3785.5
70.7	636.5	1809.2	2598.2	3743.8
0.0	658.0	1780.9	2563.6	3809.0
124.9	684.8	1745.4	2543.5	3827.5
131.9	591.3	1734.0	2530.4	3796.5
132.9	630.4	1714.7	2506.4	3736.3
133.4	433.1	1739.9	2527.0	3635.0
135.4	485.5	1769.4	2516.6	3525.5
135.5	458.2	1762.7	2502.9	3264.8
135.3	403.1	1733.8	2413.7	3100.4
136.2	372.0	1607.8	2289.4	3037.5
136.7	324.0	1445.2	2224.3	3089.7
137.1	298.7	1427.0	2217.9	3078.0
139.7	276.4	1323.7	2187.4	3099.7
139.6	294.4	1339.4	2198.0	3129.7
139.2	311.4	1359.4	2223.8	3178.0
139.1	319.0	1469.7	2255.6	3175.1
138.4	311.4	1629.5	2306.6	3232.0
136.1	382.8	1821.7	2329.2	3277.8
136.1	510.9	1948.0	2397.4	3352.5
136.9	318.6	2019.9	2503.5	3435.5
138.8	306.7	2059.6	2598.4	3578.4
138.5	309.5	2051.2	2631.1	3713.7
137.9	291.8	1995.5	2597.2	3746.3
136.8	297.0	1896.3	2537.7	3706.0
134.0	303.8	1817.0	2516.8	3589.3
113.2	262.5	1666.5	2562.8	3492.5
65.6	253.6	1588.7	2556.6	3422.1
65.0	255.7	1600.0	2448.1	3356.9
129.0	249.1	1586.9	2496.1	3460.9
126.3	251.7	1720.7	2601.5	3440.8
126.3	757.1	1488.2	2498.4	3214.7
131.2	473.4	1754.9	2565.6	3432.3
0.0	549.6	1832.7	2636.3	3622.1
0.0	426.9	1859.3	2626.7	3710.8
0.0	394.5	1906.5	2629.1	3772.1
138.8	435.6	1921.5	2615.2	3765.4
135.1	405.3	1914.7	2606.4	3800.7
135.5	394.7	1903.2	2603.2	3777.2
133.7	395.6	1870.7	2598.8	3782.3
132.6	380.6	1826.1	2593.4	3731.4
130.3	363.4	1737.0	2556.3	3602.8
124.2	266.9	1694.6	2498.5	3437.1
63.5	259.0	1717.6	2500.6	3383.2
63.5	247.0	1550.6	2478.8	3371.5
123.7	264.1	1410.6	2519.6	3281.9
118.8	270.1	1486.2	2551.3	3414.7
133.2	274.0	1558.6	2552.7	3301.8
131.2	270.0	1577.9	2529.0	2972.6
131.2	266.6	1561.7	2514.6	3283.5
127.4	348.9	1601.5	2493.5	3535.9
279.3	526.9	1636.9	2446.2	3636.8
128.3	599.4	1635.1	2421.7	3391.8
128.0	661.0	1619.2	2404.9	3290.3
128.0	659.4	1569.0	2403.4	3418.8
127.4	695.4	1536.9	2368.2	3285.9
127.1	708.7	1537.8	2373.2	3193.8
127.0	721.1	1532.0	2405.9	3211.2
127.1	721.8	1529.6	2364.3	3282.3
128.0	743.8	1539.6	2389.1	3349.3
128.4	657.6	1549.7	2432.8	3437.9
124.8	667.6	1548.0	2437.5	3390.0
122.8	615.1	1526.2	2444.7	3206.7
124.8	572.1	1522.2	2418.4	2958.1
176.6	521.4	1511.8	2383.6	2874.1
307.7	451.1	1497.3	2163.7	2653.7
209.4	340.2	1488.1	2094.1	2671.2
149.1	334.8	1434.7	2078.7	2714.0
145.4	388.1	1417.4	2162.2	2781.3
73.4	385.4	1485.9	2274.4	3008.0
0.0	305.3	1533.3	2371.4	3183.7
131.5	244.2	1572.6	2424.3	3264.2
123.7	256.6	1565.8	2469.1	3323.3
130.4	268.9	1509.9	2451.9	3367.8
126.3	897.7	1789.9	2817.9	3611.3
120.0	787.1	1936.3	2775.3	3526.0
0.0	478.9	1803.4	2420.8	3373.9
0.0	443.7	1865.0	2367.7	3314.7
0.0	404.6	1910.7	2378.9	3266.8
139.1	385.7	1934.4	2404.6	3291.4
126.9	385.9	1946.2	2405.1	3304.0
123.2	382.9	1955.7	2396.9	3326.8
120.6	388.6	1942.2	2369.6	3328.4
118.8	401.1	1938.1	2355.6	3340.8
117.6	396.7	1931.6	2330.4	3300.4
117.9	417.4	1897.8	2273.4	3254.2
116.6	430.3	1866.5	2218.4	3235.7
115.4	466.2	1812.0	2139.0	3228.6
113.8	477.8	1764.9	2048.5	3218.9
113.5	453.3	1727.6	2001.0	3142.4
112.8	457.1	1657.9	1921.0	3106.6
112.0	469.3	1636.8	1903.3	3079.6
111.3	466.3	1624.2	1862.8	3096.9
112.7	459.9	1585.1	1842.0	3105.6
112.4	459.2	1607.4	1825.4	3074.7
113.1	458.8	1578.2	1820.2	3076.2
114.2	614.3	1563.1	1828.3	3076.8
114.2	654.0	1615.1	1793.9	3036.6
111.5	739.8	1626.1	1865.5	3069.1
120.8	774.8	1576.5	1874.9	3060.8
122.6	698.9	1585.6	1931.0	3059.6
126.4	772.0	1608.3	1947.3	3001.3
121.9	672.9	1628.2	1872.6	2963.3
120.0	567.9	1653.1	2064.5	3059.0
122.4	581.1	1616.8	2116.7	3047.2
72.2	777.2	1617.4	2118.3	2946.9
71.4	794.8	1549.6	2252.1	2998.4
342.9	486.0	1551.5	2289.7	3086.8
352.9	732.1	1594.2	2394.7	3148.3
335.0	799.0	1539.5	2339.2	3160.5
66.5	857.0	1522.7	2354.8	3220.1
116.5	859.2	1598.4	2397.7	3221.8
