0.0	0.0	0.0	0.0	0.0
0.0	0.0	0.0	0.0	0.0
0.0	0.0	0.0	0.0	0.0
0.0	826.8	1868.6	2535.2	3679.9
0.0	824.6	1831.9	2619.6	3470.8
0.0	881.5	1851.2	2691.9	3427.0
0.0	841.1	1685.6	2614.5	3403.5
0.0	831.8	1663.0	2633.7	3404.2
0.0	979.8	1789.4	2715.6	3310.2
0.0	795.5	1784.0	2760.5	3362.5
0.0	752.7	1713.2	2715.3	3481.1
0.0	686.0	1761.6	2774.8	3449.7
0.0	806.4	1764.2	2720.0	3443.7
0.0	800.9	1881.2	2660.1	3398.5
0.0	699.7	1808.2	2590.4	3360.8
0.0	706.2	1560.6	2523.7	3380.0
181.8	732.7	1419.4	2443.8	3369.2
160.0	584.7	1239.8	2366.5	3303.9
0.0	480.7	1028.6	2353.7	3245.8
177.6	497.7	1100.4	2317.5	3325.8
150.8	543.5	1243.0	2309.1	3376.9
139.2	565.4	1357.9	2358.8	3447.6
131.1	571.8	1472.1	2337.4	3544.7
135.0	474.3	1538.1	2294.6	3566.0
134.5	411.4	1544.6	2312.3	3492.8
131.4	299.7	1537.0	2487.8	3304.9
71.6	267.1	1582.4	2527.1	3369.1
83.9	1016.4	1770.1	2582.2	3470.4
200.0	787.2	1535.7	2459.5	3317.3
0.0	573.1	1418.5	2397.2	3309.0
0.0	635.1	1467.8	2514.5	3361.5
0.0	1020.3	1745.0	2620.0	3386.7
0.0	877.5	1689.6	2725.3	3395.2
0.0	775.2	1793.4	2718.1	3420.2
0.0	911.5	1881.0	2637.3	3640.3
0.0	741.0	1686.6	2431.9	3734.0
0.0	748.1	1615.1	2391.3	3597.4
80.0	697.4	1508.2	2283.1	3412.4
0.0	620.5	1426.2	2034.3	3464.3
146.3	618.6	1406.9	1999.6	3485.1
137.4	601.4	1405.2	1969.4	3493.6
135.9	601.1	1375.3	1911.1	3480.7
137.0	603.8	1399.3	1878.0	3531.4
136.7	585.8	1428.6	1863.8	3580.0
136.6	552.1	1464.4	1850.0	3626.1
137.1	500.4	1479.2	1860.8	3663.7
137.2	462.3	1494.8	1901.0	3718.9
137.0	421.6	1526.3	1991.8	3751.1
133.0	391.9	1546.7	2028.1	3756.0
65.4	423.5	1549.0	2016.6	3854.8
64.1	416.5	1590.5	1997.5	3866.1
142.4	434.9	1655.4	2043.2	3779.8
143.0	425.6	1715.5	2343.7	3773.6
139.4	397.4	1698.3	2431.8	3790.6
134.8	376.4	1648.2	2400.7	3855.0
130.4	378.1	1608.9	2389.3	3912.6
126.3	353.3	1592.1	2417.9	3693.9
126.0	773.2	1589.9	2489.0	3397.8
122.8	962.2	1502.9	2731.4	3607.2
112.1	1260.1	2150.7	3058.4	3898.2
136.4	1111.7	2123.5	3132.0	4118.9
0.0	674.4	1974.7	3056.0	4051.0
0.0	743.6	1804.5	2946.2	3767.4
0.0	1027.1	1782.7	2813.5	3803.6
0.0	925.5	1722.1	2684.7	3784.5
444.4	686.0	1704.7	2543.6	3794.0
0.0	710.7	1714.0	2458.1	3582.2
184.6	635.6	1712.1	2507.4	3505.9
0.0	575.9	1697.5	2498.8	3698.2
0.0	581.8	1652.8	2376.9	3605.4
122.3	569.5	1608.8	2202.7	3647.5
122.1	576.7	1550.0	2174.6	3620.8
119.9	561.2	1430.9	2192.2	3534.0
119.6	553.6	1285.3	2209.4	3550.5
118.5	554.4	1227.4	2241.5	3523.5
115.2	511.7	1192.0	2283.4	3313.9
114.5	447.9	1260.1	2283.1	3385.9
116.2	517.2	1179.1	2271.4	3517.7
118.2	387.3	1215.2	2316.8	3521.9
120.5	398.0	1263.4	2308.4	3538.7
122.9	415.6	1354.4	2287.4	3524.4
123.3	404.2	1485.2	2359.6	3576.8
123.9	405.4	1588.2	2443.2	3660.9
123.0	392.3	1740.4	2466.6	3577.2
123.0	404.8	1928.8	2500.4	3517.0
122.6	394.0	1879.9	2518.3	3443.4
122.1	358.3	1735.9	2546.4	3495.5
119.5	383.9	1679.7	2647.5	3581.8
125.0	815.5	1745.9	2749.3	3668.4
0.0	812.4	1894.9	2928.4	3956.1
545.5	537.4	1862.1	2917.6	3758.7
0.0	1111.4	1825.4	2949.8	3654.2
104.3	1011.0	1862.4	2858.6	3649.3
0.0	602.0	1817.3	2558.9	3607.9
0.0	1121.1	1880.8	2564.9	3616.4
160.0	659.8	1804.9	2426.2	3609.2
160.0	365.3	1920.2	2359.0	3534.1
0.0	369.4	1943.9	2359.2	3434.2
244.4	370.8	1816.0	2357.1	3351.8
88.3	319.0	1735.0	2395.3	3344.0
71.0	1073.6	1686.9	2415.7	3352.9
126.1	1132.1	1638.8	2455.4	3467.1
120.0	1128.0	1640.1	2708.1	3452.4
0.0	933.4	1633.0	2757.5	3456.4
480.0	798.3	1655.5	2574.5	3571.3
0.0	721.6	1733.2	2559.0	3581.6
300.0	640.2	1710.0	2599.9	3508.0
255.3	803.0	1656.8	2565.6	3512.1
413.8	604.6	1609.0	2498.0	3414.4
545.5	557.6	1533.3	2454.0	3354.7
107.1	518.8	1526.2	2413.7	3471.6
0.0	539.3	1518.1	2405.9	3764.6
123.5	542.0	1512.7	2409.3	3907.7
120.7	530.0	1516.0	2416.7	3934.2
119.2	508.8	1511.0	2432.6	3968.8
124.4	492.4	1517.6	2424.0	3828.2
121.2	477.1	1549.7	2470.2	3649.8
120.6	827.8	1594.3	2689.1	3687.4
113.2	842.5	1687.2	2763.7	3703.0
0.0	692.1	1636.3	2709.6	3624.5
0.0	830.1	1643.3	2645.4	3633.9
129.0	940.9	1602.9	2711.8	3726.1
266.7	821.8	1570.5	2723.8	3719.6
0.0	691.2	1571.4	2641.6	3740.2
196.7	997.6	1699.4	2676.9	3711.3
111.1	721.6	1733.1	2657.1	3575.8
0.0	651.5	1456.1	2652.2	3495.1
0.0	513.4	1303.9	2504.0	3481.2
218.2	826.9	1280.8	2427.6	3368.8
0.0	483.8	1119.3	2407.1	3368.6
0.0	474.8	1032.6	2465.4	3399.8
135.9	477.9	1030.0	2453.7	3484.3
124.3	496.3	1079.2	2446.4	3445.0
126.2	486.6	1109.1	2440.7	3375.9
127.1	474.2	1272.9	2433.1	3315.7
125.9	483.7	1408.2	2414.8	3375.7
126.5	473.0	1531.0	2390.1	3511.7
126.3	472.2	1638.4	2365.8	3439.6
124.2	486.5	1687.9	2461.5	3540.8
123.3	511.1	1710.6	2524.0	3682.2
122.6	503.1	1694.4	2496.3	3538.3
122.7	448.8	1632.2	2420.7	3370.3
121.8	407.7	1535.2	2408.3	3090.3
120.4	353.8	1474.7	2420.8	2979.8
120.2	379.9	1468.2	2410.0	2940.7
123.4	338.4	1450.0	2352.9	2817.1
123.7	421.4	1436.5	2329.7	2823.2
123.9	636.5	1484.3	2308.0	3209.6
125.5	618.8	1544.6	2320.4	3614.2
127.3	646.3	1520.8	2387.2	3456.1
125.8	663.4	1504.5	2277.3	3255.6
123.9	678.9	1484.6	2268.3	3180.5
126.1	650.0	1486.2	2136.4	3208.7
126.0	708.9	1479.9	2156.5	3283.1
125.1	669.6	1430.6	2087.6	3219.2
124.7	692.3	1467.1	2135.1	3265.6
123.7	651.3	1509.9	2195.7	3285.7
125.0	637.3	1521.9	2156.8	3375.0
123.4	518.3	1563.6	2178.3	3414.8
124.0	445.2	1590.6	2266.4	3519.5
121.0	348.0	1634.4	2269.3	3568.9
121.8	308.6	1714.2	2460.3	3590.2
63.9	689.1	1723.1	2592.5	3541.8
0.0	338.1	1675.3	2546.6	3403.8
0.0	314.4	1608.7	2604.3	3388.4
0.0	742.1	1804.1	2692.2	3396.9
0.0	1062.1	1854.1	2761.2	3464.9
0.0	1024.3	1681.1	2650.3	3529.5
0.0	797.0	1601.1	2598.3	3481.6
0.0	937.0	1758.4	2702.0	3511.0
0.0	573.8	1552.7	2518.3	3333.2
0.0	678.5	1554.3	2368.9	3507.7
0.0	656.1	1519.8	2303.3	3547.2
179.3	684.9	1515.9	2304.8	3428.5
128.7	708.8	1516.1	2319.3	3257.8
134.0	708.4	1449.3	2255.1	3277.9
133.9	721.5	1417.2	2206.7	3322.4
133.8	713.3	1383.9	2186.4	3337.8
133.9	715.4	1326.1	2168.3	3180.7
131.5	720.4	1275.6	2146.2	3037.7
127.8	758.1	1229.4	2141.4	3102.9
126.1	702.4	1152.5	2136.2	3165.4
123.8	685.3	1067.7	2131.2	3215.9
121.2	628.2	1010.7	2122.2	3180.8
119.2	637.9	946.9	2113.7	3144.7
116.1	621.0	915.6	2144.0	3084.9
114.6	611.8	955.5	2238.2	3222.8
114.2	656.2	944.3	2362.0	3406.8
173.1	544.3	947.3	2531.4	3431.2
186.9	493.2	932.0	2491.5	3375.7
204.6	811.9	837.1	2366.9	3365.9
213.6	432.2	998.2	2251.4	3250.6
229.1	395.5	1031.9	2330.4	3223.4
244.9	320.6	1500.4	2512.2	3330.2
122.4	478.1	1624.4	2540.1	3404.5
67.4	596.6	1719.2	2499.7	3384.3
0.0	787.6	1748.5	2601.3	3500.3
0.0	781.9	1778.3	2699.2	3471.3
