0.0	0.0	0.0	0.0	0.0
0.0	0.0	0.0	0.0	0.0
0.0	0.0	0.0	0.0	0.0
0.0	696.9	1557.6	2582.5	3826.6
0.0	752.4	1633.6	2478.9	3392.1
0.0	968.6	1759.0	2635.4	3398.1
0.0	914.3	1651.4	2611.8	3412.3
0.0	496.8	1497.9	2489.9	3375.3
0.0	1107.6	1650.2	2549.1	3371.7
0.0	937.7	1715.9	2639.1	3472.2
0.0	809.3	1605.4	2634.6	3416.3
0.0	674.3	1761.4	2656.4	3440.7
0.0	730.0	1785.4	2723.1	3513.9
0.0	733.4	1826.6	2629.7	3516.2
0.0	990.0	1692.8	2527.8	3495.4
0.0	959.0	1548.1	2586.0	3416.7
0.0	971.7	1760.1	2629.4	3394.1
285.7	845.8	1530.5	2523.0	3489.9
0.0	854.6	1621.5	2462.1	3465.0
0.0	486.2	1566.8	2433.2	3454.4
0.0	530.2	1578.7	2465.1	3782.4
0.0	567.5	1613.4	2494.4	3844.6
113.5	598.5	1643.5	2509.4	3850.3
128.7	621.8	1648.8	2519.0	3766.6
126.8	636.5	1653.0	2513.4	3828.4
126.9	650.4	1682.2	2557.2	3860.7
129.7	642.2	1683.8	2553.0	3842.9
130.3	636.2	1647.6	2532.3	3862.4
130.2	648.0	1664.7	2501.3	3940.0
132.1	611.4	1642.4	2460.8	4009.4
130.8	556.8	1556.6	2451.4	3959.1
129.0	284.2	1266.7	2484.3	3474.1
123.7	271.3	1230.3	2499.8	2909.6
127.7	267.5	1200.3	2488.5	2987.4
127.7	266.1	1175.6	2520.9	3581.1
130.4	267.1	1180.0	2535.5	3670.9
129.0	294.8	1250.2	2510.2	3467.9
125.0	656.9	1541.2	2571.9	3516.3
120.1	793.6	1846.8	3003.2	4133.4
114.3	764.4	2128.1	3236.8	4383.4
0.0	358.4	1837.7	3135.1	4017.7
0.0	915.5	1782.5	3216.1	4087.9
100.8	875.5	1916.2	3349.6	4395.6
0.0	698.6	1938.5	3371.6	4298.6
0.0	956.5	2002.9	3409.1	4350.4
0.0	886.0	1907.0	3344.6	4313.8
0.0	813.1	1773.8	3030.9	4115.7
0.0	742.8	1574.2	2805.2	3882.8
0.0	803.2	1767.7	2838.8	3820.1
157.9	1030.7	2064.5	3029.0	3806.3
78.4	794.6	1929.5	2920.1	3773.1
413.8	781.7	1796.8	2801.1	3786.2
94.5	615.0	1772.4	2667.8	3658.6
0.0	531.7	1710.2	2673.8	3656.4
200.3	549.9	1716.1	2694.3	3610.5
173.8	560.7	1707.4	2663.8	3359.9
172.4	565.3	1698.7	2571.2	3226.0
170.1	575.6	1678.7	2460.1	3196.3
168.7	579.9	1620.7	2318.6	3168.4
164.9	585.6	1500.3	1985.6	3108.8
158.8	584.5	1276.8	1908.2	3114.6
157.9	370.5	1165.9	1881.5	3123.5
148.1	304.3	1123.5	1833.5	3130.5
142.9	1007.2	1661.2	1867.3	3189.6
131.9	444.3	1154.4	1786.2	3140.1
121.2	715.4	1631.9	2861.5	3626.1
117.1	570.4	1396.4	1750.9	3201.5
111.2	812.5	1541.1	1799.3	3192.6
107.8	637.2	1180.4	1729.7	3140.0
102.7	617.3	1240.0	1704.2	3142.0
100.4	628.6	1279.3	1662.7	3152.8
98.2	620.5	1326.4	1667.2	3175.9
96.9	621.7	1315.4	1667.0	3204.5
97.7	613.5	1318.9	1657.9	3217.9
99.9	597.6	1330.9	1638.6	3244.5
102.6	580.9	1328.0	1652.9	3262.8
103.6	579.0	1315.9	1635.1	3258.9
104.5	582.2	1314.1	1633.3	3281.1
105.5	558.4	1278.4	1634.6	3308.5
105.0	520.9	1278.9	1647.5	3281.3
102.5	564.6	1411.8	2244.7	3340.3
99.1	632.1	1733.9	2448.0	3411.2
116.2	772.0	1752.3	2476.7	3370.8
87.6	908.7	1613.9	2474.2	3369.0
0.0	1088.8	1743.2	2540.8	3529.0
0.0	1198.7	1895.7	2656.9	3603.0
0.0	1067.4	1909.6	2701.3	3529.0
0.0	716.2	1817.8	2607.0	3460.0
0.0	687.3	1661.1	2493.3	3421.5
0.0	624.5	1601.5	2460.2	3309.8
375.0	770.5	1661.6	2487.0	3327.2
0.0	688.4	1638.0	2314.9	3273.4
0.0	445.5	1532.2	1975.7	3169.5
0.0	435.0	1519.5	1932.0	3202.6
134.4	444.1	1538.3	1980.2	3222.5
128.3	451.5	1543.0	2061.8	3209.5
127.8	461.2	1507.5	2075.8	3207.4
127.9	480.6	1552.5	2084.5	3226.2
127.0	499.8	1597.0	2121.6	3228.5
125.1	489.7	1622.0	2180.3	3203.8
118.5	513.1	1718.3	2324.6	3309.4
115.7	671.9	1802.7	2351.8	3383.1
127.7	719.2	1969.4	2597.1	3523.1
121.2	858.0	1894.8	2662.9	3609.7
0.0	816.5	1870.3	2674.0	3624.6
184.6	752.0	1854.1	2659.9	3555.9
0.0	737.7	1547.0	2627.6	3372.8
545.5	914.4	1446.9	2535.6	3363.9
0.0	891.8	1399.2	2503.1	3363.5
0.0	907.0	1316.8	2480.6	3265.7
0.0	720.5	1260.1	2486.2	3226.8
0.0	787.6	1228.8	2519.9	3313.4
0.0	692.4	1277.6	2463.5	3477.1
0.0	726.5	2199.1	2713.0	3754.7
0.0	693.6	2130.6	2759.5	3603.7
0.0	653.1	2016.5	2674.0	3125.4
0.0	630.6	1928.5	2614.2	3075.1
0.0	381.4	1897.5	2546.4	3249.9
0.0	421.3	2057.8	2524.1	3416.6
144.6	450.8	2069.1	2498.9	3442.0
136.4	467.4	2113.1	2425.9	3494.5
137.5	471.3	2103.4	2352.2	3515.0
134.9	436.2	2025.1	2242.3	3503.4
131.8	361.8	1883.9	2243.4	3526.0
130.2	362.3	1250.5	2305.1	3535.7
129.0	292.2	1149.0	2270.0	3556.6
126.3	261.9	1170.8	2240.8	3583.1
123.7	245.7	1294.8	2258.6	3642.5
120.0	229.8	1135.7	2216.5	3664.3
115.4	478.5	1117.1	2185.9	3674.0
113.2	525.8	1694.4	2208.0	3672.5
109.1	575.7	1622.8	2171.5	3627.7
106.4	418.2	1295.4	2181.2	3390.2
104.3	674.3	1559.3	2164.5	3263.8
107.2	611.4	1709.0	2231.5	3201.0
104.3	649.7	1767.0	2256.6	3103.2
102.6	637.8	1801.9	2312.5	2980.6
102.8	620.6	1768.8	2342.0	2874.3
102.9	615.2	1715.0	2484.1	3570.0
103.9	531.0	1666.6	2424.5	3805.3
103.4	519.2	1612.8	2380.3	3871.0
104.1	716.6	1580.6	2331.3	3858.8
107.4	598.4	1542.2	2312.1	3839.2
108.0	558.8	1520.2	2338.0	3851.7
110.3	587.2	1498.9	2344.7	3921.2
112.7	606.5	1476.2	2357.3	3985.3
113.7	610.9	1467.7	2393.9	4001.8
115.2	601.2	1420.7	2426.2	3999.3
116.1	578.5	1447.3	2426.0	4014.8
115.6	565.0	1462.5	2502.2	3939.9
112.1	808.1	1689.1	2617.4	3997.6
116.5	935.9	2247.6	3071.3	4232.0
0.0	845.2	2098.4	2705.3	3870.4
545.5	978.0	2153.6	3103.0	3898.8
428.6	698.4	2040.6	2939.4	3864.8
0.0	963.2	1960.2	2870.0	3818.1
0.0	1033.3	1872.1	2878.3	3626.7
91.6	709.7	1699.7	2521.8	3513.9
79.5	658.2	1730.2	2425.5	3561.1
0.0	844.9	1834.6	2538.4	3510.9
0.0	546.7	1265.2	2527.3	3305.9
0.0	565.2	1048.1	2433.1	3507.0
136.2	588.6	1072.4	2438.3	3347.7
124.5	665.4	1047.0	2449.5	3071.4
120.3	727.2	1080.8	2457.9	3105.6
116.8	752.6	1056.5	2373.2	3234.1
112.5	763.1	1035.5	2352.5	3287.8
110.5	762.9	1018.2	2323.6	3228.9
106.7	758.5	1013.3	2318.8	3208.3
102.6	748.9	1041.1	2337.6	3137.6
99.4	758.4	1030.3	2344.8	3095.7
99.2	748.6	1007.6	2331.3	3067.9
98.4	732.2	1002.7	2391.7	3121.2
98.4	727.1	1037.0	2466.9	3503.6
97.6	618.6	1086.5	2381.5	3859.1
97.6	548.2	1108.1	2285.5	3717.5
97.3	533.0	1135.7	2090.5	3625.4
96.6	523.3	1154.3	1927.5	3616.0
94.5	506.4	1191.3	1809.3	3332.4
90.4	468.0	1201.6	1762.4	3577.2
87.8	443.2	1166.3	1785.8	3707.7
87.0	469.1	1252.2	1946.1	3265.9
86.3	334.2	1247.4	1992.4	3185.2
86.3	439.8	1306.9	1698.7	3188.3
0.0	410.2	1319.8	1631.5	3129.5
84.5	408.3	1313.4	1642.2	3054.2
85.8	461.9	1314.5	1658.8	2968.6
85.8	461.4	1321.7	1663.7	2993.2
85.1	483.4	1367.0	1695.1	3017.6
82.5	513.6	1404.8	1701.1	3047.7
80.0	472.3	1365.8	1697.8	3086.4
78.9	486.3	1332.9	1701.7	3106.7
79.4	509.8	1382.8	1733.0	3161.7
79.0	499.3	1355.8	1622.4	3080.1
76.9	648.6	1367.8	1660.8	3165.4
0.0	614.5	1437.0	1753.3	3173.6
78.9	697.6	1480.5	1757.8	3109.6
196.7	759.0	1504.8	1779.1	3149.3
96.8	796.2	1491.8	1816.9	3115.0
68.6	738.0	1505.2	1815.5	3086.1
221.9	754.9	1479.1	1817.2	3094.7
104.3	775.5	1532.4	1893.7	3101.8
292.7	803.9	1550.3	1888.9	3042.6
146.3	826.6	1502.1	1866.3	3038.2
72.7	885.6	1535.6	1943.9	3038.3
307.7	840.4	1519.0	1940.8	3021.8
304.7	759.6	1455.6	1944.6	2937.4
260.9	699.1	1437.5	1927.1	2909.6
285.7	717.7	1545.3	1897.6	2891.0
300.0	773.4	1633.6	2059.6	3052.7
93.8	815.7	1625.1	2307.1	3000.2
260.9	811.8	1590.4	2676.8	3243.2
260.9	632.2	1585.3	2608.9	3208.1
260.9	743.7	1687.2	2741.5	3328.5
275.2	796.0	1658.2	2654.6	3530.9
300.0	684.2	1628.6	2640.5	3576.4
