0.0	0.0	0.0	0.0	0.0
0.0	0.0	0.0	0.0	0.0
0.0	0.0	0.0	0.0	0.0
0.0	721.7	1784.1	2484.1	3619.8
0.0	714.8	1791.7	2550.7	3340.4
0.0	728.6	1789.2	2684.5	3450.2
0.0	845.4	1855.2	2683.1	3486.9
0.0	793.3	1778.3	2726.1	3438.0
0.0	703.1	1669.8	2725.8	3451.5
0.0	718.2	1711.1	2610.5	3469.2
0.0	907.8	1730.2	2729.0	3561.2
0.0	1039.4	1825.8	2658.5	3472.3
0.0	915.4	1822.9	2548.1	3458.7
0.0	938.8	1842.6	2697.5	3482.9
0.0	841.4	1779.3	2707.9	3485.9
0.0	747.5	1867.2	2501.2	3359.4
0.0	744.5	1825.1	2440.5	3263.7
0.0	668.1	1799.4	2287.8	3175.6
0.0	717.6	1797.3	2244.0	3083.9
0.0	721.9	1826.0	2289.8	3133.9
175.5	709.7	1848.8	2309.6	3144.6
146.2	685.1	1852.6	2274.8	3178.9
146.9	675.2	1849.2	2267.4	3204.2
149.5	676.8	1861.6	2323.1	3252.0
157.3	669.4	1858.0	2365.0	3260.0
157.4	674.0	1886.2	2382.5	3174.5
158.0	650.3	1884.0	2477.5	3091.4
157.1	643.0	1871.6	2501.9	3327.2
156.8	631.5	1843.9	2539.9	3660.3
158.5	626.4	1863.9	2545.8	3608.5
159.8	627.7	1918.6	2469.9	3034.8
158.0	631.7	1957.4	2387.6	3183.0
154.3	647.0	1943.1	2347.4	3366.8
146.3	643.9	1808.3	2328.7	3376.5
144.6	631.1	1603.4	2345.9	3461.0
137.9	634.3	1308.6	2378.5	3564.2
134.7	636.4	1143.8	2407.0	3550.0
131.8	603.4	975.0	2388.4	3613.6
128.1	578.3	905.4	2366.7	3618.3
125.8	532.7	878.6	2290.1	3563.5
122.6	575.1	893.7	2201.5	3510.4
120.4	554.7	925.4	2104.9	3488.7
119.0	538.1	971.1	2069.6	3467.9
117.1	574.6	1044.3	2068.5	3425.8
117.0	644.3	1148.4	2043.0	3393.3
117.0	643.8	1267.1	1995.3	3366.2
116.3	653.5	1386.3	1988.6	3354.7
114.9	649.9	1489.6	2003.2	3345.2
114.0	623.4	1552.3	1980.7	3343.1
113.2	563.3	1625.9	2001.5	3327.8
115.2	549.2	1696.3	2036.3	3340.9
116.7	521.4	1740.5	2094.9	3333.0
116.5	509.0	1771.3	2158.3	3291.9
116.1	481.4	1776.4	2257.6	3267.3
116.3	459.7	1790.3	2336.5	3240.4
117.7	448.0	1797.6	2385.1	3189.8
119.3	432.8	1816.7	2387.2	3178.2
120.0	411.9	1826.8	2465.0	3267.9
119.9	405.4	1833.6	2512.6	3389.4
120.1	419.7	1831.9	2504.0	3509.8
119.9	405.0	1851.9	2563.9	3666.5
120.3	392.4	1867.0	2557.8	3655.4
121.6	382.0	1877.9	2558.1	3616.5
122.3	398.4	1880.8	2522.2	3545.8
122.9	410.2	1891.7	2488.2	3520.2
123.5	416.7	1903.3	2449.7	3479.4
123.7	429.0	1917.5	2408.6	3318.9
126.8	425.1	1900.7	2302.9	3282.9
127.9	426.2	1857.0	2209.6	3315.7
129.5	437.5	1793.1	2120.4	3337.1
131.5	431.7	1666.8	2077.7	3351.6
132.4	435.1	1472.2	2084.1	3351.3
136.4	419.2	1229.8	2109.4	3350.6
137.0	402.1	1051.3	2141.6	3377.5
137.9	378.7	960.6	2184.9	3402.7
137.4	387.2	926.4	2226.1	3412.0
134.3	435.1	909.9	2209.5	3433.7
130.4	423.2	903.9	2186.0	3410.8
129.0	452.5	920.7	2161.2	3339.1
127.7	461.1	951.0	2150.9	3293.0
127.7	464.9	1037.4	2111.1	3277.2
127.7	458.9	1166.7	2091.3	3222.9
129.0	456.9	1286.2	2090.6	3230.7
129.0	512.7	1392.6	2137.8	3200.6
127.5	545.1	1451.5	2241.8	3473.4
125.1	463.1	1456.9	2325.2	3701.7
121.0	485.5	1463.3	2395.1	3763.4
116.5	481.2	1488.4	2405.4	3753.6
111.1	502.6	1512.7	2418.2	3774.7
108.3	588.0	1490.3	2473.5	3765.6
107.1	523.2	1498.4	2503.6	3725.7
0.0	487.0	1507.9	2533.4	3729.6
104.3	450.7	1521.5	2572.8	3815.7
120.0	470.8	1547.0	2516.7	3858.7
126.3	510.4	1570.6	2512.4	3818.7
128.8	610.0	1575.6	2517.5	3529.4
131.4	604.9	1601.4	2496.8	3234.4
133.3	613.3	1620.9	2445.6	3198.2
134.6	587.0	1611.1	2380.8	3250.4
135.5	602.7	1624.4	2312.5	3269.7
137.4	576.1	1574.0	2200.7	3270.2
138.0	579.4	1516.8	2084.2	3268.3
139.0	579.8	1424.3	2000.9	3274.8
137.9	568.1	1312.6	1958.8	3288.4
135.0	519.7	1283.3	1959.5	3289.5
130.4	545.3	1307.1	2025.8	3316.9
126.9	449.1	1323.4	2119.2	3389.7
124.9	500.3	1295.3	2047.0	3270.4
125.0	526.2	1302.2	1972.1	3137.5
123.7	496.1	1325.6	1942.1	2946.1
123.7	515.7	1364.3	1906.7	2867.7
122.1	579.1	1446.0	1913.0	2748.6
123.7	599.3	1503.5	2032.4	2681.0
120.2	614.2	1556.6	2116.9	2681.1
120.0	642.1	1600.7	2219.6	2715.6
114.8	649.4	1622.7	2235.9	2787.9
112.3	654.0	1624.2	2250.8	2817.2
111.3	642.1	1625.4	2290.8	2805.7
110.8	661.0	1648.5	2327.7	3000.5
111.2	665.9	1657.4	2337.7	3385.0
112.3	644.5	1651.1	2354.7	3488.8
118.4	645.9	1645.9	2280.5	3053.7
120.7	624.7	1586.1	2168.8	2928.8
121.7	611.9	1434.4	2090.9	2967.6
123.7	618.0	1247.4	2043.8	2962.7
121.2	596.1	1187.0	2022.3	3029.8
122.4	556.6	1145.3	2030.0	2942.7
118.8	548.0	1164.2	2055.3	3010.5
120.0	550.8	1134.5	2046.8	3079.7
120.0	494.2	965.7	2037.5	3180.1
117.6	479.8	861.4	2006.4	3257.6
118.8	472.5	803.9	1986.0	3261.0
115.4	516.5	847.6	2003.4	3225.1
114.5	551.9	945.5	2033.2	3214.7
113.9	607.6	1004.8	2024.7	3188.3
114.5	575.4	1102.1	2018.7	3166.2
114.7	580.0	1217.4	2009.6	3153.1
115.4	595.9	1348.3	1989.6	3105.8
116.7	608.5	1486.7	2015.9	3004.3
115.9	624.9	1598.9	2051.8	2774.4
115.1	465.8	1638.3	2137.6	2619.1
113.9	443.4	1742.4	2279.0	2864.8
110.2	444.7	1806.4	2316.3	3092.2
106.4	453.8	1897.4	2372.1	3074.1
107.7	440.1	1967.0	2451.3	3395.6
116.4	423.0	2043.0	2513.0	3516.2
118.5	410.6	2075.1	2574.5	3642.2
116.7	410.4	2103.8	2509.7	3626.8
114.0	402.0	2122.7	2516.6	3555.4
111.1	429.5	2131.7	2471.1	3496.1
111.1	412.4	2132.7	2480.0	3470.5
108.9	416.8	2108.7	2479.8	3473.6
106.4	436.8	2070.0	2480.4	3443.3
104.2	456.9	2039.8	2483.0	3376.4
102.9	553.7	1993.7	2347.8	3344.5
103.1	605.6	1923.4	2355.0	3344.5
104.4	601.8	1820.7	2303.3	3314.4
106.7	617.8	1759.5	2253.4	3321.2
109.6	648.7	1735.2	2227.9	3312.5
108.8	676.3	1718.2	2248.0	3335.7
109.2	692.0	1689.7	2230.7	3340.8
110.3	693.3	1660.1	2256.4	3325.2
110.3	649.5	1661.1	2293.6	3304.3
110.6	640.3	1650.0	2334.5	3224.7
110.1	609.6	1630.2	2384.0	3295.0
110.3	578.2	1626.6	2409.7	3299.1
110.3	547.5	1590.9	2419.2	3363.6
106.9	528.2	1571.5	2385.8	3447.4
103.0	514.7	1571.6	2403.0	3497.6
104.0	510.6	1595.6	2437.0	3554.9
104.6	461.4	1609.0	2408.4	3634.0
106.3	471.3	1612.0	2394.0	3730.3
107.3	531.0	1628.8	2307.0	3760.0
109.6	553.3	1569.6	2066.0	3716.9
110.1	646.4	1439.4	1967.3	3578.1
108.8	602.8	1285.1	1945.1	3378.8
105.0	434.6	1200.2	1974.2	3412.8
105.7	381.2	1173.9	1979.0	3333.0
107.9	416.3	1167.7	1941.7	3416.7
107.2	436.2	1170.8	2011.0	3498.7
107.1	248.7	1147.5	2109.2	3430.7
106.2	722.9	1339.2	2247.6	3303.0
107.1	696.3	1194.6	2248.9	3109.6
110.4	704.8	1176.9	2278.6	3136.0
112.7	736.5	1261.8	2293.7	3180.0
108.1	751.1	1309.4	2310.3	3207.4
108.2	745.4	1318.5	2329.6	3185.1
107.7	754.0	1327.8	2310.5	3190.9
107.2	753.4	1328.3	2289.3	3186.6
107.0	751.2	1337.7	2310.9	3190.1
107.1	754.7	1350.6	2280.5	3188.2
106.2	748.6	1361.3	2277.6	3173.5
106.2	749.4	1421.9	2310.9	3135.7
104.3	742.3	1473.6	2300.6	3117.6
103.4	740.6	1521.2	2274.5	3072.1
100.0	734.6	1572.4	2316.0	3061.8
98.4	729.3	1630.5	2302.0	3016.7
96.8	716.1	1666.6	2296.3	3031.9
94.7	685.0	1670.4	2299.6	2968.2
92.3	663.0	1639.7	2337.7	2897.7
90.9	633.1	1660.1	2363.5	2877.3
87.8	629.4	1636.2	2408.6	3261.0
86.9	492.6	1472.2	2425.5	3217.3
84.5	352.7	1466.8	2453.4	3380.4
82.8	332.6	1447.4	2480.5	3363.4
81.9	451.5	1447.3	2497.9	3145.2
80.5	727.3	1524.3	2449.6	3251.4
79.1	589.2	1517.8	2486.7	3185.5
81.9	313.1	1436.0	2501.7	3217.1
88.2	296.6	1349.2	2481.3	3132.6
85.7	278.4	1416.4	2458.2	3278.1
89.6	285.8	1461.5	2461.7	3322.9
