0.0	0.0	0.0	0.0	0.0
0.0	0.0	0.0	0.0	0.0
0.0	0.0	0.0	0.0	0.0
0.0	734.8	1890.0	2384.4	3230.0
428.6	667.2	1820.0	2411.1	3266.5
0.0	658.5	1686.5	2308.9	3197.7
0.0	576.5	1552.7	2354.5	3165.3
0.0	667.1	1698.4	2380.2	3269.7
0.0	786.1	1853.0	2562.9	3317.7
0.0	718.7	1893.5	2578.2	3300.7
0.0	741.4	1963.2	2523.5	3353.8
0.0	756.1	1969.7	2541.3	3320.1
0.0	670.8	1813.0	2449.5	3347.5
0.0	734.6	1690.2	2440.3	3370.6
0.0	901.1	1847.4	2672.3	3379.6
0.0	843.9	1786.9	2572.0	3401.9
0.0	846.3	1822.9	2473.5	3420.3
0.0	928.4	2049.9	2566.0	3193.2
333.3	707.8	1998.5	2458.8	3029.8
0.0	342.3	2000.1	2290.6	3024.5
0.0	364.9	2121.5	2372.7	3093.9
0.0	341.3	2140.9	2401.5	3133.5
136.4	299.3	2156.3	2545.9	3487.3
141.2	314.8	2140.0	2485.3	3789.6
146.4	322.0	2100.0	2480.7	3836.0
154.9	329.1	2010.1	2455.8	3723.1
164.4	339.1	1928.0	2481.7	3771.4
169.0	348.2	1821.5	2463.8	3770.3
176.5	345.2	1724.8	2449.5	3858.1
171.4	351.8	1712.2	2468.8	3820.9
164.4	367.7	1693.3	2443.7	3679.8
153.8	414.4	1661.4	2428.7	3614.8
148.1	433.6	1642.5	2437.1	3391.1
139.5	471.6	1596.9	2421.4	3259.5
130.4	634.0	1576.3	2395.9	3306.6
127.7	547.2	1520.4	2398.4	3328.3
116.5	579.7	1473.9	2397.7	3272.0
111.1	475.8	1448.2	2403.2	3286.9
107.1	548.4	1466.5	2432.2	3302.2
102.6	542.2	1463.1	2422.1	3252.6
203.4	533.7	1438.5	2416.6	3246.6
102.6	519.8	1424.2	2417.4	3237.0
100.8	446.2	1429.2	2416.3	3244.5
100.0	421.4	1438.8	2404.0	3259.3
102.6	424.1	1465.5	2408.4	3177.7
100.0	455.0	1483.8	2411.8	3163.6
104.3	464.5	1513.6	2393.7	3115.0
106.2	483.5	1548.9	2372.3	3065.5
108.1	581.2	1587.8	2389.2	3059.8
112.1	575.7	1614.6	2411.2	3003.1
114.3	574.6	1665.6	2409.9	3040.8
116.5	568.1	1677.3	2411.1	3027.5
123.7	579.1	1710.8	2428.8	3280.7
126.3	590.1	1723.9	2419.2	3645.3
126.3	587.4	1744.4	2417.2	3665.4
132.7	605.0	1720.7	2418.0	3595.5
135.2	602.7	1693.4	2379.4	3565.4
136.5	608.8	1670.8	2353.8	3457.5
141.0	605.7	1657.4	2346.0	3513.3
142.4	605.4	1649.0	2348.0	3491.3
144.5	587.1	1621.1	2353.9	3463.7
144.9	561.3	1563.2	2344.3	3455.5
144.4	548.3	1477.6	2359.1	3349.8
139.5	459.7	1388.9	2335.1	3322.4
136.4	341.8	1385.9	2369.3	3268.5
63.8	778.4	1593.8	2718.1	3241.4
235.3	888.4	1662.7	2811.0	3231.7
73.2	467.1	1506.6	2515.5	3224.5
0.0	492.3	1505.7	2489.5	3248.1
315.8	526.6	1514.0	2531.4	3263.5
0.0	557.1	1514.8	2465.9	3311.1
0.0	1418.5	2084.6	3019.9	3530.1
0.0	1367.0	1998.4	2998.0	3572.2
571.4	637.2	1383.6	2595.6	3371.2
571.4	626.4	1313.1	2633.4	3398.8
0.0	634.4	1273.4	2625.5	3439.9
0.0	641.5	1472.7	2609.3	3534.8
0.0	604.7	1736.2	2635.1	3563.6
0.0	888.3	1782.8	2580.5	3599.7
0.0	867.5	1908.1	2614.2	3585.5
0.0	846.2	1910.3	2637.2	3505.6
292.7	920.6	1824.0	2576.1	3462.9
260.2	1113.5	1840.7	2630.5	3504.6
0.0	841.9	1758.1	2617.7	3538.0
0.0	826.6	1690.5	2623.0	3424.5
0.0	657.4	1415.6	2411.8	3340.8
0.0	557.0	854.6	2246.0	3376.7
0.0	716.5	847.4	2281.5	3387.0
0.0	518.8	784.4	2257.6	2842.1
0.0	486.1	766.1	2099.7	2546.4
0.0	453.8	781.5	2033.2	2605.8
110.1	464.9	794.2	1963.0	2544.8
111.1	478.6	816.3	1868.9	2641.9
112.1	476.7	822.4	1758.8	2711.9
112.9	470.9	836.8	1687.9	2802.6
114.3	482.6	837.1	1606.0	2945.1
112.1	490.8	836.2	1537.9	3144.0
112.1	484.5	858.2	1502.7	3139.7
112.1	484.1	935.1	1483.0	3062.6
109.1	527.8	983.5	1468.9	3290.6
108.1	530.1	1039.5	1464.4	3238.5
104.3	520.4	1099.6	1505.6	3316.8
102.5	517.4	1121.7	1591.2	3665.3
101.1	525.8	1118.4	1643.5	3658.0
100.1	501.3	1140.6	1727.2	3528.7
99.0	506.3	1134.0	1853.8	3317.6
97.6	512.1	1113.0	1921.6	3274.6
92.0	495.6	1146.9	1939.8	3245.5
92.3	484.0	1150.9	2010.7	3332.8
92.0	368.6	1155.8	2025.8	3385.9
90.3	484.1	1214.0	2080.4	3367.6
90.6	468.2	1335.7	2144.5	3424.2
0.0	507.8	1445.0	2239.8	3604.9
204.6	551.9	1523.3	2307.3	3635.7
102.0	581.8	1561.7	2315.1	3604.7
101.7	530.7	1603.2	2333.2	3631.7
104.2	508.7	1640.8	2375.0	3669.4
106.4	476.8	1664.0	2395.4	3713.7
110.1	469.6	1670.8	2387.0	3690.2
111.6	448.2	1610.4	2374.3	3519.7
112.6	448.0	1586.3	2479.4	3078.0
112.2	643.3	1694.2	2689.1	2993.9
97.6	1222.9	2146.9	2662.0	3028.0
63.5	981.5	2096.5	2420.6	2948.0
0.0	826.3	1887.3	2421.5	3245.3
0.0	907.8	1792.0	2505.5	3280.5
375.0	637.8	1640.6	2485.3	3299.4
375.0	643.2	1525.4	2321.5	3312.0
413.8	767.9	1518.6	2341.8	3299.3
210.5	561.8	1546.7	2257.6	3231.4
0.0	466.8	1501.7	1906.9	2976.8
0.0	416.8	1445.2	1833.3	2855.3
103.0	437.7	1432.8	1848.6	2735.1
98.4	446.5	1451.5	1892.6	2646.7
94.9	359.8	1426.6	1885.2	2543.5
90.2	369.9	994.0	2228.6	3008.8
91.6	363.8	975.6	2278.9	3109.4
89.6	368.6	1039.3	2193.6	2837.5
0.0	375.1	1239.4	2182.3	2779.7
0.0	464.4	1529.5	2334.2	2812.2
90.2	490.0	1586.0	2327.5	2899.7
90.2	531.6	1636.4	2291.9	2906.2
90.2	504.9	1660.5	2288.4	3010.1
91.6	520.8	1682.2	2225.9	3122.6
92.7	514.8	1680.7	2129.1	3214.1
93.8	544.1	1635.3	2051.7	3376.3
96.0	526.4	1621.8	1943.4	3469.2
99.2	515.7	1566.2	1852.8	3540.8
102.1	518.5	1543.6	1797.8	3580.2
104.3	521.6	1496.2	1753.4	3600.3
107.4	501.7	1435.8	1741.0	3580.3
110.1	495.3	1422.6	1734.3	3559.0
114.3	480.2	1467.9	1742.8	3524.4
114.3	483.1	1522.7	1758.3	3538.9
113.4	467.5	1553.7	1866.8	3530.0
111.4	471.7	1605.7	1939.9	3515.6
107.6	484.8	1683.1	2005.7	3496.4
103.5	487.7	1739.7	2043.4	3484.0
99.1	440.7	1782.9	2096.4	3477.7
94.2	441.2	1827.3	2166.3	3483.2
88.9	421.8	1861.3	2193.5	3563.8
85.6	408.1	1877.5	2215.9	3602.9
82.8	397.8	1902.2	2260.2	3545.0
80.9	392.1	1886.4	2372.7	3094.5
80.6	421.4	1860.6	2315.3	2846.4
79.5	448.6	1821.7	2337.4	3022.8
79.7	466.1	1809.3	2364.5	3292.3
79.1	482.2	1762.5	2430.3	3367.1
79.7	489.4	1730.0	2483.2	3319.0
80.8	530.7	1666.0	2414.4	3113.9
82.0	499.1	1585.0	2522.4	3220.0
84.3	477.2	1347.9	2385.8	3063.1
86.3	656.0	1434.1	2237.2	3290.3
90.4	736.8	1390.8	2287.5	3681.2
92.3	492.7	1256.5	2219.2	3523.5
93.8	539.2	1418.3	2361.0	3270.7
97.1	720.9	1463.9	2602.4	3281.6
101.7	648.7	1482.9	2447.3	3273.6
104.8	673.4	1549.5	2295.1	3233.9
101.4	702.4	1560.0	2305.6	3223.0
97.6	731.8	1552.9	2216.4	3250.0
96.0	736.9	1569.4	2151.4	3213.1
91.6	773.2	1530.6	2196.6	3263.6
0.0	758.8	1499.0	2266.5	3316.4
0.0	826.8	1502.8	2369.2	3281.4
0.0	811.7	1498.7	2377.2	3303.9
