0.0	0.0	0.0	0.0	0.0
0.0	0.0	0.0	0.0	0.0
0.0	0.0	0.0	0.0	0.0
0.0	741.8	1671.7	2570.5	3523.7
0.0	1037.7	1898.8	2664.4	3591.9
0.0	1003.3	1892.3	2759.7	3542.0
0.0	879.9	1871.7	2707.8	3458.8
0.0	803.2	1801.7	2639.2	3426.8
0.0	736.3	1775.3	2676.4	3408.5
0.0	840.3	1839.1	2676.5	3346.1
0.0	756.0	1780.7	2673.7	3385.9
0.0	1153.4	1854.6	2704.2	3492.0
260.9	940.4	1850.0	2636.1	3490.7
63.5	840.3	1742.2	2659.6	3468.3
0.0	843.9	1756.4	2614.5	3465.4
0.0	890.1	1785.4	2597.5	3420.2
0.0	858.6	1769.0	2560.2	3455.7
0.0	694.0	1700.4	2660.8	3687.3
0.0	804.1	1835.3	2907.4	3837.2
0.0	831.9	1812.4	2678.5	3404.6
444.4	954.8	1761.8	2723.9	3563.4
0.0	724.1	1455.6	2688.3	3567.8
521.7	1134.6	1980.5	2894.4	3755.8
81.6	882.3	1470.2	2290.6	3605.1
0.0	712.7	1609.6	2283.6	3542.9
0.0	712.1	1689.7	2327.5	3542.4
0.0	765.9	1716.1	2305.4	3451.8
0.0	816.0	1712.9	2295.7	3412.6
0.0	861.4	1716.0	2289.7	3361.2
76.9	735.1	1720.6	2339.4	3466.4
87.6	693.4	1716.7	2390.6	3448.7
86.3	713.8	1702.4	2409.7	3382.0
0.0	839.6	1680.5	2299.7	3330.4
142.9	823.9	1695.1	2390.2	3438.5
300.0	894.0	1695.7	2448.4	3454.2
315.8	590.1	1613.2	2135.2	3311.6
155.8	597.9	1645.1	2253.2	3383.9
0.0	614.7	1569.0	2066.0	3349.6
0.0	664.4	1675.7	2274.8	3407.0
0.0	734.4	1687.4	2394.2	3418.0
0.0	658.4	1680.7	2522.6	3390.4
300.0	716.4	1650.4	2462.6	3418.7
266.7	786.0	1648.4	2401.1	3413.5
0.0	846.8	1694.1	2431.6	3454.1
379.9	834.9	1654.3	2407.5	3385.7
0.0	631.4	1670.7	2544.2	3332.9
120.0	709.9	1693.4	2410.5	3233.1
117.6	732.9	1668.9	2282.0	3289.9
0.0	718.6	1638.2	2204.3	3328.5
0.0	746.3	1560.5	2376.6	3261.9
333.3	689.6	1610.9	2418.4	3252.4
352.9	661.3	1656.5	2434.2	3285.7
0.0	627.0	1644.2	2471.2	3316.2
285.7	613.5	1635.5	2273.0	3297.5
0.0	825.8	1621.3	2328.0	3329.2
0.0	752.0	1589.1	2345.0	3269.3
83.3	689.5	1567.6	2281.1	3198.8
279.1	662.9	1563.2	2283.4	3196.6
279.1	700.5	1632.9	2341.1	3227.0
307.7	739.7	1598.8	2448.0	3264.7
324.3	707.2	1605.1	2509.0	3324.6
130.4	717.1	1621.4	2477.4	3355.9
0.0	674.3	1600.3	2511.1	3327.1
0.0	727.2	1596.7	2418.8	3251.5
96.8	743.6	1665.7	2487.1	3371.9
76.4	926.2	1696.5	2561.6	3463.2
235.3	742.1	1779.2	2706.2	3490.6
0.0	637.6	1740.6	2700.5	3519.1
0.0	969.4	1652.6	2607.0	3516.9
0.0	928.3	1772.0	2595.1	3511.6
0.0	598.0	1655.7	2479.9	3339.2
0.0	597.2	1631.1	2426.0	3305.2
0.0	601.2	1677.8	2600.3	3423.6
0.0	725.7	1805.1	2694.0	3524.0
0.0	687.7	1793.8	2654.8	3510.4
0.0	766.1	1886.3	2632.3	3557.9
0.0	774.3	1989.9	2611.6	3471.4
285.7	724.3	1867.2	2581.3	3409.1
0.0	881.2	2043.9	2637.4	3469.2
176.5	279.6	2128.2	2632.0	3402.7
0.0	250.0	1603.2	2553.8	3290.2
0.0	253.7	1698.0	2562.6	3341.1
103.4	252.7	1760.8	2544.7	3314.7
103.4	250.4	1845.5	2533.4	3384.8
105.3	245.3	1846.8	2561.7	3356.5
107.4	248.1	1694.1	2548.2	3270.6
108.1	244.9	1729.8	2476.2	3365.2
108.1	239.8	1659.7	2469.8	3328.8
108.1	258.5	1536.0	2493.3	3265.8
230.8	598.7	1557.6	2518.4	3281.5
234.9	601.2	1487.2	2558.8	3236.1
116.0	648.0	1345.6	2550.2	3269.2
115.0	649.5	1290.1	2594.4	3368.2
114.9	643.2	1220.7	2651.4	3325.0
116.1	631.1	1141.6	2597.7	3299.2
118.1	633.0	1095.3	2552.6	3268.0
121.6	642.0	1058.2	2529.3	3155.7
124.6	612.0	992.1	2485.0	3112.5
127.3	614.9	1018.3	2345.6	2989.2
129.4	603.4	1047.4	2239.9	2905.8
133.2	604.7	1070.1	2175.4	2872.3
134.2	595.1	1086.3	2059.0	2802.0
135.1	573.5	1172.5	1910.9	2769.0
136.1	552.0	1217.7	1822.8	2750.6
135.8	531.0	1231.1	1733.2	2762.3
135.3	515.2	1268.4	1707.4	2774.3
134.5	522.2	1346.5	1756.8	2782.6
132.8	508.1	1380.9	1801.5	2828.1
130.7	497.2	1454.3	1886.6	2859.1
127.7	496.3	1514.5	1980.6	2907.4
125.4	494.5	1585.1	2100.3	2922.3
123.7	481.1	1639.1	2189.5	2964.3
121.1	463.1	1687.3	2272.4	3027.3
120.4	450.5	1744.8	2355.6	3012.5
117.6	443.0	1785.8	2426.8	2995.4
116.0	500.0	1814.6	2491.4	3109.5
113.2	648.2	1834.0	2560.6	3209.2
109.1	755.3	1916.8	2651.5	3541.1
105.3	677.4	1971.4	2719.9	3674.4
0.0	640.2	1975.1	2810.7	3574.0
0.0	697.3	2060.2	2930.3	3579.9
0.0	853.1	2103.5	3026.0	3723.7
285.7	866.8	2042.9	3213.4	3881.3
0.0	868.8	2151.1	3220.1	3884.0
0.0	728.3	2063.6	3250.9	3682.5
352.9	714.5	2062.9	3286.6	3631.8
0.0	941.6	2152.0	3222.6	3593.2
0.0	855.9	2067.6	3186.5	3594.3
196.7	696.3	2004.9	3224.1	3649.2
461.5	517.7	2178.0	3202.4	3680.0
461.5	895.8	2239.6	3093.6	3621.3
0.0	851.8	2039.7	2971.6	3597.4
0.0	368.7	1913.2	3072.5	3604.5
206.9	930.1	1964.6	3199.9	3666.8
146.3	863.6	1973.7	3185.6	3692.6
0.0	669.6	1984.7	3184.4	3663.4
0.0	760.4	1993.2	3120.8	3634.4
0.0	716.8	2041.1	2928.3	3622.1
100.8	621.7	1920.5	2755.4	3463.9
0.0	411.0	1908.5	2637.4	3369.7
136.4	403.2	1991.9	2655.0	3370.2
133.1	401.7	2016.5	2640.4	3334.0
132.6	397.5	2023.7	2647.0	3296.6
132.0	404.7	2044.9	2630.3	3273.2
130.6	390.4	2052.4	2612.3	3258.8
128.7	381.7	2038.4	2597.7	3264.2
126.7	393.9	2001.1	2564.7	3243.4
124.9	417.2	1931.9	2537.3	3149.1
123.7	450.1	1837.9	2524.7	3120.9
122.3	468.6	1736.8	2488.7	3109.0
119.7	463.6	1599.4	2442.7	3065.2
117.6	474.6	1416.9	2459.1	3083.5
115.4	471.0	1286.7	2443.8	2976.4
111.1	451.9	1123.2	2517.4	3147.5
111.1	429.3	974.3	2623.0	3430.0
108.1	402.3	857.5	2539.5	3400.9
107.1	394.7	798.9	2557.4	3456.9
106.0	344.1	728.9	2594.2	3533.5
104.9	348.7	755.2	2654.7	3546.3
103.1	379.6	1270.1	2685.6	3505.5
101.7	408.8	1412.4	2720.6	3466.1
101.1	397.3	1621.0	2714.6	3370.6
101.1	414.3	1630.5	2650.1	3361.7
101.3	418.4	820.2	2670.5	3386.8
102.8	441.3	794.9	2637.2	3404.1
107.7	465.4	881.7	2587.1	3501.9
113.2	526.9	1063.2	2574.2	3514.1
115.4	608.0	1219.6	2540.0	3541.7
116.5	617.1	1338.1	2457.6	3548.0
116.5	623.4	1419.5	2429.0	3498.5
117.9	627.5	1469.9	2430.1	3466.0
116.8	638.6	1515.0	2442.9	3431.7
115.7	634.1	1539.8	2454.6	3455.2
115.2	612.8	1563.5	2490.6	3539.8
110.8	568.1	1559.2	2531.8	3606.2
103.2	501.2	1569.5	2557.1	3478.7
90.8	464.0	1544.3	2510.5	3265.4
74.9	414.0	1475.3	2527.6	3327.4
70.0	246.1	1439.7	2526.6	3405.0
65.4	252.2	1460.0	2566.1	3476.7
89.6	249.0	1655.6	2586.0	3525.0
181.8	272.5	1731.0	2634.4	3434.0
87.0	243.0	1548.7	2557.1	3425.3
187.5	297.7	1544.6	2410.3	3305.0
0.0	276.3	1561.5	2446.2	3301.0
73.2	758.2	1674.9	2513.3	3488.3
74.5	603.7	1807.7	2643.4	3545.8
100.8	389.7	1805.0	2615.8	3473.1
127.7	269.2	1744.4	2682.6	3381.4
118.8	242.0	1703.7	2761.5	3375.4
116.5	220.8	1613.3	2568.7	3372.8
112.1	476.1	1369.4	2470.9	3345.0
0.0	527.6	1234.2	2527.1	3103.2
0.0	545.1	1209.6	2577.2	3300.1
222.6	561.2	1227.0	2604.0	3369.5
102.6	576.2	1231.5	2603.7	3206.1
100.0	571.6	1219.1	2599.4	3200.9
95.2	570.0	1214.0	2613.0	3223.8
93.0	555.5	1198.0	2606.7	3044.3
96.0	554.8	1186.7	2607.6	2968.8
92.3	554.4	1186.8	2603.2	2940.9
93.0	542.9	1185.8	2613.0	2942.1
91.6	515.2	1185.5	2608.1	2963.2
93.8	493.1	1187.8	2600.3	2973.6
92.3	482.4	1191.1	2580.8	2974.1
90.2	486.9	1214.3	2555.8	2987.3
91.6	463.5	1239.9	2537.3	2996.7
87.0	457.8	1260.9	2525.1	3043.1
78.4	445.8	1285.1	2540.5	3110.0
77.4	454.6	1307.0	2569.5	3171.6
123.7	705.2	1548.8	2570.2	3241.6
222.2	883.0	1870.1	2583.0	3237.5
279.1	774.8	1857.4	2541.6	3295.6
0.0	568.5	1779.0	2638.8	3327.3
151.9	550.6	1972.4	2597.7	3223.3
0.0	724.3	1938.0	2573.1	3238.9
413.8	997.3	2062.1	3092.8	3112.1
0.0	896.1	1955.4	2775.3	3424.2
0.0	787.5	1518.7	2645.9	3328.0
0.0	739.1	1455.6	2563.8	3103.7
122.4	710.6	1433.3	2416.6	2986.4
0.0	700.4	1414.9	2307.8	3048.2
0.0	697.6	1481.9	2415.1	3209.2
0.0	788.8	1512.3	2499.6	3199.6
0.0	739.8	1464.3	2380.6	3197.8
0.0	664.7	1487.8	2329.5	3065.8
279.1	687.9	1505.9	2377.3	3083.4
266.7	738.3	1556.1	2367.7	3310.0
0.0	763.9	1540.1	2357.2	3335.6
0.0	703.9	1487.4	2464.8	3239.8
240.0	722.6	1531.2	2458.0	3080.6
0.0	714.1	1574.0	2355.7	3210.5
0.0	721.1	1673.2	2490.0	3332.0
136.4	725.7	1652.9	2548.8	3365.7
77.9	658.0	1690.2	2471.5	3354.9
0.0	537.6	1606.3	2337.6	3136.1
0.0	691.7	1710.7	2380.8	3129.8
93.0	790.9	1803.8	2467.8	3183.6
0.0	618.0	1671.1	2356.2	3183.2
0.0	458.2	1678.4	2386.7	3212.7
0.0	785.1	1786.5	2539.6	3281.4
125.0	721.2	2029.5	2669.3	3335.5
0.0	530.2	1809.6	2385.1	3190.8
0.0	510.4	1610.7	2364.0	3276.7
125.0	520.7	1613.6	2440.5	3365.0
144.6	633.0	1707.7	2462.0	3386.1
0.0	658.5	1827.8	2426.2	3190.2
76.9	532.0	1894.9	2510.2	3206.0
0.0	340.5	1808.5	2438.3	3298.4
0.0	663.2	1788.5	2532.0	3368.3
0.0	608.8	1669.1	2495.4	3299.0
63.5	425.1	1608.4	2336.3	3272.2
0.0	434.7	1576.2	2351.7	3264.6
0.0	758.3	1763.5	2493.4	3201.1
107.1	353.2	1688.7	2556.6	3223.1
120.0	946.3	1803.6	2543.7	3317.4
114.3	542.5	1638.3	2357.3	3152.4
105.3	438.5	1636.1	2234.1	3029.0
