0.0	0.0	0.0	0.0	0.0
0.0	0.0	0.0	0.0	0.0
0.0	0.0	0.0	0.0	0.0
0.0	787.6	1576.1	2569.2	3384.3
0.0	763.5	1757.3	2661.9	3446.9
0.0	840.9	1787.7	2710.0	3516.5
0.0	1001.5	1744.5	2632.0	3528.6
0.0	664.6	1760.9	2589.3	3416.6
0.0	592.0	1646.1	2350.9	3418.3
0.0	648.2	1596.5	2384.6	3524.3
0.0	796.2	1666.0	2530.2	3587.3
0.0	862.3	1754.1	2595.4	3627.0
0.0	589.1	1619.1	2646.4	3534.5
109.1	735.3	1651.0	2642.6	3504.5
0.0	945.8	1780.7	2543.8	3540.8
151.9	734.9	1683.7	2553.9	3534.3
0.0	915.0	1659.8	2595.4	3522.9
0.0	329.0	1537.2	2424.5	3420.3
0.0	401.9	1568.9	2322.2	3390.9
0.0	445.4	1611.2	2304.7	3251.6
0.0	482.7	1692.0	2337.8	3240.6
99.8	510.5	1763.9	2400.7	3159.9
102.3	500.0	1820.6	2434.9	3125.8
105.8	479.5	1848.3	2403.7	3258.6
108.5	466.5	1866.4	2412.9	3257.6
113.9	462.2	1869.4	2415.3	3245.2
117.9	446.0	1861.5	2407.0	3289.3
123.5	427.5	1861.9	2394.8	3370.7
126.0	412.0	1817.9	2386.0	3482.1
127.3	402.0	1774.6	2460.2	3505.8
129.7	654.0	1767.1	2722.0	3701.1
125.1	803.7	1796.5	2858.8	4113.4
125.0	1039.4	2093.2	3223.6	4490.9
235.3	699.1	1914.0	3053.6	4019.1
0.0	818.0	1934.2	3121.6	3952.8
300.0	963.9	1902.5	3088.0	3827.1
0.0	959.1	1983.5	3138.3	3782.1
116.5	974.2	2092.8	3179.4	3671.2
0.0	988.1	2145.8	3161.5	3626.8
0.0	855.4	2046.9	3015.8	3527.2
0.0	897.8	1930.3	3067.7	3556.8
0.0	617.3	1817.6	2653.8	3413.2
0.0	437.1	1435.4	2215.2	3313.5
0.0	458.1	1431.9	2123.0	3157.3
119.1	472.8	1437.4	2043.4	3038.7
114.4	473.5	1452.1	1954.3	3000.5
112.1	475.7	1442.7	1905.6	2974.0
110.5	478.6	1424.9	1842.4	3032.4
109.9	468.8	1401.5	1761.6	3078.2
108.9	469.3	1387.9	1740.3	3049.9
107.8	470.7	1360.1	1693.3	3056.4
107.3	456.3	1336.9	1658.1	3080.0
107.7	446.1	1300.4	1617.1	3097.0
107.5	433.9	1264.0	1589.6	3058.5
106.1	431.4	1219.2	1602.0	3073.6
103.9	441.5	1232.9	1908.8	3159.2
101.6	444.0	1360.7	2296.5	3258.4
100.3	712.2	1594.4	2507.0	3327.1
96.9	704.5	1648.8	2592.8	3399.5
95.8	1062.2	1576.2	2408.9	3351.2
103.4	1020.2	1576.8	2358.6	3275.6
134.8	779.3	1260.6	2419.5	3031.5
352.9	890.2	1476.1	2675.6	3259.5
73.2	978.3	1853.5	2808.5	3478.5
112.1	949.1	1795.2	2610.4	3526.5
0.0	1009.9	1734.8	2440.3	3458.2
0.0	985.9	1145.7	2207.7	2927.1
0.0	933.6	1215.3	2231.5	2821.8
215.5	645.8	1181.1	2274.9	2954.0
155.2	861.0	1222.2	2378.6	2920.3
77.9	950.3	1293.6	2338.3	2912.7
0.0	798.6	1350.9	2379.6	2926.0
0.0	760.2	1401.3	2399.4	2932.3
126.3	586.2	1410.2	1854.2	2850.2
0.0	568.8	1438.3	1821.7	2866.7
138.6	586.7	1485.0	1862.5	2907.4
114.7	608.3	1521.9	1926.1	2947.0
112.0	631.1	1575.1	2076.4	3052.4
112.7	653.2	1578.9	2088.7	3163.9
113.4	678.0	1577.8	2094.0	3119.6
113.7	676.2	1572.6	2107.6	3088.5
114.1	681.4	1566.5	2069.5	3070.3
115.2	686.1	1589.7	2041.1	3076.0
116.5	663.3	1625.9	2027.9	3139.1
117.8	624.8	1653.5	2014.7	3171.7
118.0	534.9	1679.5	1913.9	3240.3
117.3	480.3	1690.2	1944.0	3335.0
117.8	598.4	1667.0	2255.3	3429.2
82.1	891.5	1668.9	2671.4	3468.2
117.6	756.6	1833.0	2645.1	3528.6
0.0	698.7	1786.0	2604.0	3438.0
0.0	1079.6	1458.9	2479.5	3320.1
0.0	976.9	1152.6	2592.8	3423.4
0.0	755.3	1245.1	2686.3	3497.0
66.7	670.5	1742.4	2823.8	3551.5
0.0	618.5	1879.5	2865.8	3549.8
0.0	710.9	1776.1	2751.9	3604.4
109.9	638.9	1546.3	2597.8	3568.1
0.0	715.3	1527.8	2521.1	3445.2
355.4	681.8	1454.3	2555.8	3335.2
0.0	415.4	773.7	2140.3	3178.9
0.0	389.2	802.9	2049.6	3077.7
130.2	362.4	977.5	2100.3	3127.4
123.6	374.3	1209.1	2160.6	3222.2
121.2	369.0	1513.6	2170.1	3190.8
119.0	358.5	1765.2	2206.3	3148.4
116.5	352.2	1992.7	2310.3	3171.4
115.4	350.4	2082.5	2453.2	3172.6
114.3	340.3	2124.6	2391.3	3240.2
109.3	337.3	2152.0	2381.3	3267.9
105.6	338.7	2180.0	2529.3	3183.6
101.4	336.9	2188.2	2538.6	3168.0
98.5	345.5	2200.2	2619.4	3237.3
95.7	335.3	2191.5	2614.6	3273.1
92.3	329.0	2144.1	2529.7	3317.2
83.4	322.3	2072.4	2389.3	3411.4
71.9	311.6	1956.2	2403.2	3370.3
72.0	381.6	1817.7	2502.4	3486.2
72.0	669.6	1720.3	2573.8	3480.1
0.0	856.1	1820.2	2629.3	3406.5
0.0	873.3	1794.7	2582.5	3322.3
0.0	200.0	1589.7	2513.0	3328.5
0.0	590.2	1740.3	2488.3	3449.3
0.0	395.0	1766.5	2388.0	3498.7
214.3	438.2	1776.6	2412.4	3346.1
126.3	472.7	1733.6	2474.4	3386.3
0.0	510.9	1598.9	2504.8	3381.0
0.0	565.8	1552.5	2293.8	3432.1
0.0	572.2	1527.8	2234.5	3570.2
0.0	603.3	1485.7	2206.0	3413.8
0.0	605.7	1424.7	2145.4	3364.0
0.0	604.3	1334.8	2122.1	3316.2
0.0	600.8	1287.2	2120.2	3324.5
0.0	594.3	1236.3	2126.8	3363.4
89.6	586.4	1209.0	2137.9	3192.8
93.9	552.1	1185.8	2128.8	3098.8
104.5	533.9	1128.9	2193.3	3108.1
110.9	518.1	1095.8	2162.5	3112.4
101.9	486.3	1063.6	2150.7	3118.3
104.7	449.5	1055.0	2178.9	3316.3
106.3	436.6	1055.1	2180.1	3370.1
107.8	423.7	1099.6	2182.0	3250.2
108.8	424.1	1148.0	2210.8	3320.9
109.3	409.3	1245.0	2243.8	3332.9
110.7	387.2	1370.8	2260.5	3305.6
111.6	371.2	1438.7	2290.7	3333.1
113.2	345.7	1415.8	2294.7	3452.7
109.9	354.8	1451.1	2362.2	3514.2
75.5	596.6	1585.0	2436.4	3432.0
85.1	892.9	1772.8	3072.2	3540.1
0.0	857.3	1794.4	2859.0	3645.4
0.0	1115.9	2111.1	3114.7	3645.8
0.0	455.7	2076.6	3120.0	3638.3
545.5	1227.6	2240.0	3099.7	3583.4
210.5	1209.2	2220.8	3031.6	3501.5
0.0	516.0	2119.5	2903.8	3248.2
0.0	1002.8	2072.7	2874.5	3230.9
79.5	677.2	1984.9	2814.0	3322.3
162.2	624.5	1998.7	2804.4	3220.4
428.6	572.1	1670.0	2085.5	3033.8
0.0	530.7	1509.1	2318.1	3146.1
0.0	468.3	1369.4	1812.6	3225.6
95.9	470.8	1362.0	1708.7	3267.8
95.1	453.4	1401.2	1626.9	3295.0
94.2	435.8	1451.6	1615.7	3402.7
92.6	489.3	1421.3	2365.3	3429.2
88.2	955.0	1435.3	2431.9	3459.0
220.6	760.3	1605.7	2538.9	3458.3
71.6	840.0	1877.6	2647.6	3449.2
0.0	852.7	1697.0	2575.9	3473.0
0.0	883.4	1726.9	2597.7	3464.7
0.0	795.9	1267.3	2470.7	3599.0
0.0	731.5	1217.7	2249.5	3743.3
0.0	798.8	1232.0	2377.6	3576.7
216.1	966.8	1290.8	2373.7	3461.3
0.0	781.9	1292.6	2221.3	3492.5
69.4	728.4	1369.8	2245.5	3532.1
0.0	667.6	1097.6	1650.7	3489.9
0.0	613.0	1046.1	1521.8	3434.1
115.8	613.5	1051.9	1524.6	3316.0
105.9	627.8	1068.8	1583.5	3226.9
106.9	648.2	1069.1	1600.2	3222.7
106.1	667.8	1091.9	1585.5	3220.9
106.6	646.1	1149.8	1572.5	3229.5
106.4	656.7	1196.4	1592.8	3176.8
106.5	642.2	1237.3	1638.0	3111.8
107.0	625.6	1363.5	1704.7	3119.3
107.1	616.9	1407.0	1799.7	3018.7
107.1	603.3	1451.8	1896.2	2884.3
106.0	569.8	1485.9	2179.8	2882.3
104.9	487.8	1517.2	2284.2	3262.1
103.8	360.2	1435.5	2206.2	3238.7
102.9	344.5	1333.7	1973.5	3108.2
100.6	328.7	1339.8	1874.3	3156.4
99.9	327.9	1352.6	1912.9	3174.5
99.2	344.9	1341.8	1981.2	3200.7
97.9	352.2	1346.7	2026.5	3155.8
95.0	352.3	1337.8	2065.3	3218.6
91.8	404.8	1622.3	2224.8	3234.2
91.2	438.3	1809.8	2328.0	3302.9
92.1	435.6	1833.2	2472.9	3308.5
88.0	501.6	1839.1	2506.4	3345.4
87.7	492.1	1846.4	2539.9	3354.7
86.0	514.2	1824.8	2462.1	3301.1
84.7	553.8	1801.9	2402.0	3277.1
83.8	560.1	1774.2	2366.7	3317.5
83.1	585.5	1706.6	2338.8	3355.1
82.0	606.2	1606.2	2315.2	3304.1
81.6	626.6	1450.4	2385.5	3261.8
81.0	654.9	1333.7	2394.0	3293.2
80.8	627.6	1242.7	2366.5	3259.7
81.6	631.8	1178.5	2379.3	3208.4
82.0	637.8	1127.1	2391.2	3214.2
82.2	635.8	1093.4	2460.5	3217.2
82.4	636.3	1058.5	2588.8	3249.2
82.5	783.5	1191.1	2584.6	3324.0
85.2	790.4	1326.3	2579.0	3355.0
93.3	835.8	1347.4	2570.4	3331.0
88.6	860.5	1287.2	2538.7	3324.9
91.5	834.4	1436.3	2484.1	3329.7
92.4	891.3	1399.6	2470.6	3266.2
93.7	841.6	1263.9	2452.3	3265.7
93.8	699.7	1268.6	2486.5	3252.3
94.9	772.1	1326.8	2560.7	3245.4
93.7	809.5	1419.1	2559.0	3351.2
99.6	779.9	1395.2	2547.1	3323.1
95.2	753.9	1344.7	2513.4	3322.0
90.2	767.5	1360.5	2557.9	3299.2
0.0	723.2	1375.0	2574.4	3319.5
0.0	722.2	1426.7	2541.5	3295.7
