0.0	0.0	0.0	0.0	0.0
0.0	0.0	0.0	0.0	0.0
0.0	0.0	0.0	0.0	0.0
0.0	831.0	1893.7	2675.2	3807.2
0.0	739.5	1849.8	2635.5	3621.3
0.0	633.0	1572.6	2298.3	3497.2
0.0	526.7	1526.9	2283.5	3512.8
0.0	544.5	1531.4	2529.3	3524.7
0.0	735.2	1607.4	2653.7	3519.2
0.0	651.6	1707.0	2649.9	3529.0
0.0	419.6	1717.0	2600.2	3509.7
0.0	327.7	1572.2	2482.3	3339.1
0.0	359.9	1497.1	2308.9	3295.4
0.0	352.3	1478.6	2318.9	3436.9
101.6	385.8	1424.6	2289.9	3431.0
95.9	504.9	1522.4	2327.0	3348.8
98.4	808.4	1478.2	2282.9	3344.9
96.8	494.8	1473.5	2349.4	3427.1
0.0	392.1	1559.8	2338.9	3443.6
0.0	452.1	1628.1	2327.9	3377.1
107.6	473.6	1661.8	2364.5	3474.4
109.7	476.9	1716.7	2413.0	3486.8
113.0	479.4	1759.2	2408.9	3414.8
115.3	484.5	1764.9	2411.7	3295.8
116.6	487.0	1764.9	2360.3	3244.4
117.7	496.1	1744.2	2309.2	3183.2
118.4	509.2	1700.3	2209.2	3204.4
119.6	536.4	1616.7	2202.0	3311.7
117.2	558.9	1486.8	2174.7	3316.9
117.3	583.1	1379.2	2188.9	3194.9
118.3	591.7	1188.0	2234.0	3117.4
120.0	584.4	1107.5	2283.1	3105.8
118.8	565.6	1041.3	2353.6	3142.6
118.4	528.1	1036.0	2414.4	3165.7
117.8	504.9	975.8	2406.2	3200.6
116.6	471.5	970.2	2420.2	3259.8
113.4	465.8	1010.9	2445.3	3281.8
105.0	668.6	1580.8	2675.6	3473.1
100.0	1037.2	1842.0	2789.9	3544.4
130.4	586.8	1562.5	2603.8	3389.8
94.5	711.0	1670.8	2605.3	3377.2
0.0	594.6	1466.6	2421.9	3251.2
480.0	755.5	1556.0	2508.8	3458.3
0.0	967.7	1661.7	2641.6	3555.3
0.0	578.2	1590.0	2467.0	3522.2
0.0	546.3	1488.4	2461.4	3385.3
0.0	848.8	1489.2	2372.3	3374.0
0.0	737.6	1445.6	2320.6	3460.4
73.2	756.5	1332.7	2339.3	3303.3
0.0	590.9	1093.0	2259.9	3133.2
138.6	511.4	1034.5	2238.3	3162.9
131.2	528.9	1015.2	2289.4	3146.5
126.0	520.8	1024.7	2295.8	2996.2
126.9	516.5	1027.5	2262.6	3005.2
128.0	496.7	1026.8	2269.2	3082.6
127.9	487.7	1031.3	2308.8	3168.8
126.9	468.7	1049.7	2295.3	3195.6
126.2	445.9	1092.9	2249.2	3227.6
125.2	419.2	1119.5	2242.9	3195.9
123.9	390.4	1130.1	2252.3	3209.9
121.7	356.5	1116.5	2240.5	3221.5
121.2	375.1	1107.6	2223.4	3292.8
116.5	356.5	1143.6	2191.6	3413.5
112.1	391.5	1189.4	2180.8	3380.6
109.1	386.1	1196.9	2205.0	3303.8
114.3	423.4	1181.0	2186.6	3363.5
109.1	429.4	1163.7	2210.4	3344.4
109.1	417.6	1130.5	2235.3	3287.9
108.1	427.5	1092.2	2210.2	3426.3
0.0	431.3	1058.7	2294.0	3478.9
0.0	410.0	1006.4	2324.8	3370.2
0.0	440.0	984.8	2304.6	3306.8
103.4	398.0	941.7	2246.4	3282.3
106.2	411.0	904.0	2257.9	3263.2
105.3	425.1	888.3	2267.9	3261.0
105.3	505.3	917.1	2284.9	3235.2
107.1	595.6	949.5	2342.2	3177.8
106.4	630.9	977.3	2423.0	3175.5
105.7	652.6	1001.7	2369.3	3115.3
107.1	671.3	1046.6	2453.0	3229.9
107.7	667.3	1055.2	2452.1	3279.4
108.2	674.1	1070.2	2445.8	3224.5
109.1	706.2	1095.0	2550.5	3213.2
109.9	717.2	1105.1	2589.0	3252.6
109.5	732.4	1126.6	2555.0	3277.5
110.1	708.9	1160.2	2610.0	3310.3
110.1	727.5	1154.5	2575.9	3264.3
109.8	750.8	1185.9	2557.9	3244.0
109.5	772.6	1203.8	2538.4	3225.9
108.4	737.4	1217.8	2522.5	3228.4
106.6	727.5	1277.3	2547.5	3265.1
105.6	709.0	1352.5	2503.3	3277.5
104.9	732.9	1379.3	2394.9	3222.8
103.7	744.8	1459.4	2407.0	3306.1
101.4	696.4	1517.5	2407.7	3351.7
98.7	680.3	1583.1	2397.4	3394.1
96.2	655.5	1607.6	2425.2	3423.7
93.2	681.7	1636.6	2397.6	3452.1
90.4	634.8	1696.7	2423.5	3470.5
88.6	629.8	1701.6	2512.1	3525.7
88.0	623.1	1655.5	2461.4	3505.8
87.7	596.7	1639.9	2366.6	3545.2
86.6	567.2	1615.8	2346.5	3368.0
85.3	364.8	1548.4	2123.3	2574.8
86.4	354.9	1570.3	2172.7	2678.2
87.7	341.6	1582.7	2103.3	2640.3
87.6	252.3	1610.7	2164.7	2570.9
87.6	435.8	1617.2	2205.2	2656.7
93.0	474.1	1586.7	2221.3	3386.5
93.0	554.5	1588.2	2182.6	3597.4
92.1	603.8	1694.5	2388.9	3542.2
94.4	662.5	1741.0	2616.9	3607.0
101.9	802.6	1813.1	2589.4	3604.5
91.2	706.2	1796.3	2535.8	3598.8
89.0	693.4	1779.9	2679.0	3556.4
89.7	709.4	1756.8	2618.7	3512.3
88.9	732.0	1774.4	2670.7	3496.0
115.4	757.1	1763.5	2684.0	3454.5
0.0	703.2	1777.5	2685.1	3499.7
257.2	690.1	1729.9	2600.6	3453.2
0.0	677.3	1817.5	2446.6	3413.0
0.0	707.3	1831.3	2577.1	3433.2
0.0	730.5	1800.8	2667.0	3570.3
