0.0	0.0	0.0	0.0	0.0
0.0	0.0	0.0	0.0	0.0
0.0	0.0	0.0	0.0	0.0
0.0	651.4	1751.2	2509.7	3369.5
0.0	665.6	1694.5	2512.2	3389.0
0.0	657.0	1584.4	2493.6	3401.5
0.0	660.3	1569.1	2586.7	3422.4
0.0	702.4	1562.6	2602.2	3378.4
0.0	753.0	1711.1	2630.3	3355.4
0.0	602.0	1688.0	2564.9	3389.9
0.0	867.5	1677.4	2725.8	3448.6
0.0	820.3	1625.6	2639.4	3293.9
0.0	929.7	1753.3	2612.4	3281.8
0.0	1066.8	1915.2	2689.3	3440.9
0.0	809.1	1677.1	2586.0	3355.8
0.0	1039.8	1850.9	2677.2	3496.9
0.0	980.9	1891.0	2654.9	3532.8
0.0	950.0	1927.0	2670.0	3596.0
0.0	921.1	1903.6	2638.8	3632.4
0.0	1106.1	1913.4	2591.6	3785.3
230.8	982.4	1960.3	2723.3	3743.9
153.8	937.0	1942.9	2811.8	3697.2
0.0	933.1	1951.5	2754.8	3625.7
375.0	877.2	1975.2	2618.3	3566.9
0.0	825.1	1952.0	2571.5	3601.7
235.3	930.3	2019.8	2697.5	3728.7
0.0	834.8	1958.8	2728.7	3729.2
0.0	917.9	1980.5	2624.7	3622.0
0.0	711.1	2007.2	2658.3	3673.9
0.0	868.0	2009.7	2701.8	3665.0
0.0	963.9	2026.5	2658.1	3523.4
0.0	996.7	2031.1	2624.6	3523.1
300.0	606.9	2010.2	2655.6	3496.0
0.0	342.2	2045.8	2700.8	3478.1
0.0	342.6	2087.1	2763.2	3457.5
127.7	439.2	2095.2	2768.7	3435.8
125.0	322.0	2113.4	2802.7	3440.7
123.8	280.6	2115.8	2823.1	3423.9
123.6	289.8	2104.9	2798.9	3386.1
123.4	421.1	2042.8	2673.1	3329.6
122.7	263.4	1896.1	2486.7	3221.3
118.4	235.0	1830.2	2431.7	3232.0
110.1	246.5	1823.8	2421.6	3267.3
115.8	235.7	1800.9	2404.7	3270.3
111.9	728.5	1790.2	2445.2	3285.7
112.0	436.6	1918.6	2599.8	3333.7
0.0	448.8	1990.2	2697.2	3382.7
267.3	415.7	1963.0	2699.6	3298.3
134.7	459.3	1942.3	2697.5	3214.7
144.6	456.2	1908.7	2681.2	3286.9
150.5	517.6	1883.1	2652.6	3300.0
155.8	429.4	1859.1	2672.0	3332.8
164.5	541.4	1807.1	2649.3	3417.5
167.1	409.3	1653.7	2578.3	3134.8
166.7	445.3	1552.2	2542.8	3137.5
74.4	364.4	1561.5	2440.5	3064.2
157.9	310.6	1590.0	2456.6	2920.2
153.8	308.9	1566.1	2458.8	2887.7
150.0	306.9	1428.0	2501.6	2601.4
146.3	313.9	1372.2	2534.2	2635.9
153.8	304.6	1426.4	2625.9	2668.6
142.9	283.5	1430.3	2482.6	2702.8
148.1	276.6	1382.0	2330.7	2662.0
137.9	272.3	1428.6	2567.1	3402.7
68.6	268.7	1812.8	2537.0	3565.3
133.3	284.1	1428.1	2498.7	3040.4
131.9	288.6	1520.3	2508.1	3093.8
127.7	281.6	1565.6	2491.2	2957.3
130.4	257.8	1584.6	2489.5	3301.8
129.0	251.3	1563.5	2517.0	3526.2
122.4	246.1	1581.4	2553.1	3592.8
0.0	447.0	1676.7	2640.5	3613.4
0.0	465.9	1676.0	2721.2	3576.6
130.1	497.3	1639.9	2701.0	3531.1
130.2	529.1	1578.1	2545.7	3400.0
131.8	538.9	1477.7	2462.6	3483.0
132.0	549.5	1380.9	2498.5	3476.7
132.7	563.9	1287.5	2534.5	3418.1
132.5	578.0	1177.6	2582.7	3456.8
133.8	585.6	1085.6	2631.0	3540.1
133.7	564.2	1011.8	2649.2	3529.3
134.1	525.4	958.6	2641.5	3412.4
134.8	577.0	967.6	2609.7	3178.5
134.1	472.3	1016.4	2317.1	2981.4
131.9	465.9	1111.4	2184.2	2818.7
130.4	551.7	1237.6	2229.8	2772.2
130.4	257.8	1343.6	2394.4	2764.0
126.3	259.8	1333.6	2391.9	2724.1
131.9	266.0	1362.2	2296.8	2713.3
0.0	544.1	1610.1	2393.7	2778.2
272.7	598.8	1767.1	2578.6	3159.8
263.9	600.7	1860.0	2592.4	3330.3
123.3	573.8	1920.3	2593.1	3435.6
122.5	526.5	1993.9	2596.4	3489.4
121.7	490.8	2031.2	2552.8	3489.1
121.4	477.6	2066.2	2540.2	3495.4
121.2	474.2	2083.4	2568.9	3498.6
120.6	468.6	2082.0	2575.6	3477.8
119.2	474.4	2062.9	2569.2	3501.1
118.7	447.1	2033.8	2561.2	3508.4
117.6	461.1	1966.3	2539.0	3558.6
116.4	524.5	1883.4	2481.4	3583.2
114.3	469.1	1904.4	2504.5	3603.5
113.1	461.3	1962.5	2584.0	3614.6
116.5	486.9	1983.6	2639.1	3625.4
117.0	492.7	1985.5	2643.7	3582.0
119.7	512.1	1983.0	2639.2	3522.1
119.8	535.5	1971.3	2611.7	3592.5
119.1	576.2	1934.8	2610.8	3584.3
118.9	595.1	1872.9	2616.2	3653.7
245.7	594.6	1760.1	2594.4	3638.4
122.1	320.4	1588.1	2533.3	3594.3
122.1	261.4	1619.1	2508.3	3403.1
126.3	259.4	1759.0	2487.0	3637.0
127.4	414.5	1976.1	2567.0	3713.9
277.6	492.0	2099.1	2662.2	3703.3
265.7	490.3	2184.1	2721.1	3686.2
127.1	482.5	2205.7	2799.0	3641.2
124.9	463.3	2207.9	2821.7	3618.7
122.5	463.0	2201.8	2780.4	3586.5
120.0	445.8	2148.6	2691.1	3586.9
118.0	662.8	2039.0	2591.3	3495.1
118.5	826.7	1884.8	2666.4	3476.4
109.0	739.5	1819.2	2641.0	3587.8
87.6	1024.1	1973.1	2680.6	3627.1
0.0	865.0	1972.9	2713.3	3601.1
0.0	734.7	1910.2	2677.4	3535.1
0.0	820.2	1748.4	2594.3	3451.6
0.0	665.2	1701.7	2605.6	3511.7
235.3	666.2	1729.0	2662.5	3513.9
0.0	536.0	1756.2	2602.5	3401.0
0.0	533.2	1775.5	2634.4	3587.6
136.0	547.4	1854.2	2654.6	3523.4
131.4	575.0	1947.2	2608.1	3442.8
126.5	588.2	2076.1	2576.0	3400.0
245.1	506.6	2147.4	2538.5	3352.2
119.9	411.2	2114.2	2503.8	3336.4
118.9	378.1	2079.7	2488.8	3326.1
117.5	375.3	2054.6	2463.7	3304.4
116.2	398.4	1992.7	2447.5	3233.6
236.7	480.9	1906.4	2441.7	3186.5
234.8	458.7	1808.3	2402.0	3130.0
114.3	441.7	1615.4	2327.7	3098.4
113.0	486.5	1450.5	2256.5	3194.9
111.1	509.9	1333.6	2229.9	3181.0
107.9	688.4	1319.3	2205.3	3139.2
106.7	695.4	1373.0	2173.7	3098.9
103.3	393.8	1783.8	2314.0	3107.6
101.6	377.4	2026.3	2498.2	3186.2
102.6	308.5	2053.1	2555.7	3157.5
110.1	289.5	2064.0	2541.5	3154.2
112.0	344.7	2041.5	2455.2	3124.2
112.1	351.8	1957.1	2205.5	3050.0
114.3	383.2	1792.9	2229.8	3011.9
115.4	446.9	1599.8	2314.3	3001.9
114.4	466.9	1424.3	2385.0	3047.7
114.5	481.6	1242.9	2466.9	3070.5
117.2	489.4	1146.3	2502.4	3085.3
118.5	503.0	1066.4	2543.0	3224.5
122.4	521.0	1030.6	2594.3	3409.8
128.1	550.9	1009.4	2615.9	3493.9
132.5	520.3	991.0	2597.8	3565.4
139.8	536.9	1012.6	2582.9	3520.7
145.4	537.2	1012.2	2548.6	3443.2
151.3	545.3	1018.3	2510.2	3363.9
155.9	535.7	1038.5	2421.4	3266.2
161.6	531.4	1091.1	2293.6	3167.3
162.4	508.2	1133.1	2112.6	3078.6
157.9	518.9	1186.4	1912.9	3003.3
153.8	498.4	1239.1	1851.2	2992.1
150.0	511.1	1289.9	1833.3	2997.7
141.2	503.3	1345.7	1854.2	3021.6
129.0	485.5	1403.0	1869.5	3029.5
123.7	468.2	1452.7	1891.2	3026.7
120.0	445.2	1505.0	1879.8	2978.8
116.3	449.8	1569.4	1926.3	2984.6
113.7	439.1	1619.6	1917.8	2903.3
112.1	525.2	1673.4	2667.0	3094.2
111.1	473.7	1688.0	2706.9	3203.8
108.2	463.3	1681.1	2689.4	3473.1
105.3	440.7	1699.3	2759.8	3783.8
102.6	404.8	1761.7	3077.4	3801.4
0.0	435.5	1860.0	3191.4	3785.5
0.0	852.1	1843.7	3162.5	3799.9
111.1	658.5	1809.9	2969.7	3714.3
0.0	796.8	1872.1	2894.6	3670.2
110.1	241.4	1844.1	2471.5	3630.2
111.1	216.5	1873.3	2477.2	3649.5
107.1	366.8	1910.9	2587.9	3692.8
0.0	425.6	1789.6	2561.1	3477.7
0.0	434.4	1790.6	2714.7	3354.7
0.0	427.2	1822.5	2753.0	3344.4
110.1	425.3	1836.8	2740.1	3304.7
109.1	427.0	1844.7	2688.2	3281.7
108.1	429.2	1857.5	2716.6	3341.4
108.1	432.6	1865.6	2724.4	3349.6
107.1	425.7	1838.3	2747.8	3328.7
107.1	410.5	1831.1	2762.9	3337.5
107.3	403.3	1822.4	2749.0	3359.1
107.9	398.4	1804.6	2735.0	3367.6
107.9	457.5	1780.9	2709.5	3448.8
105.3	420.9	1782.7	2695.9	3505.0
105.3	436.1	1792.9	2724.9	3542.6
105.6	558.7	1817.8	2851.5	3710.8
103.4	870.4	1891.5	2908.1	3768.7
0.0	832.3	1938.2	2954.1	3624.2
0.0	995.2	2004.6	3085.4	3648.5
0.0	923.3	1958.9	2821.6	3602.9
0.0	706.5	1920.3	2793.7	3613.1
324.3	732.5	1908.8	2794.4	3691.1
375.0	974.9	1908.9	2719.6	3593.8
375.0	750.2	1852.8	2643.8	3488.2
255.3	658.8	1848.9	2622.3	3401.4
104.3	549.5	1898.2	2611.1	3414.0
75.9	382.5	1927.9	2618.1	3382.8
155.5	434.3	1955.4	2560.0	3367.3
136.4	389.5	2000.7	2499.7	3401.8
136.4	373.3	2050.2	2484.2	3376.6
134.8	371.5	2077.4	2466.5	3360.8
139.5	342.3	2101.0	2465.5	3324.1
139.5	329.9	2135.1	2452.6	3373.5
142.7	333.4	2158.8	2519.4	3427.6
143.5	544.0	2182.1	2637.9	3436.9
145.6	608.0	2175.0	2541.2	3182.0
146.3	629.2	2111.4	2485.6	3155.1
71.0	663.7	1999.7	2584.0	3394.7
164.4	719.6	1933.7	2611.1	3488.2
164.4	739.7	2007.9	2532.0	3519.5
0.0	868.7	2002.6	2408.4	3435.2
272.7	822.8	1977.5	2501.7	3500.9
260.9	842.7	1943.0	2518.4	3521.8
0.0	748.1	1871.1	2291.7	3340.2
68.6	720.1	1890.4	2226.6	3342.2
67.0	984.7	1848.1	2286.5	3490.1
287.4	929.8	1791.7	2225.5	3357.4
80.9	794.7	1732.3	2146.4	3279.0
203.4	786.3	1739.0	2221.6	3325.2
71.0	816.9	1702.3	2347.1	3364.3
69.0	879.1	1730.5	2553.8	3514.8
226.4	948.4	1720.1	2536.9	3592.4
69.0	936.1	1691.5	2635.6	3474.5
0.0	951.1	1745.3	2444.2	3274.5
0.0	905.2	1730.8	2525.9	3275.6
0.0	818.5	1678.1	2657.7	3406.1
0.0	787.7	2036.1	2729.9	3470.3
0.0	643.0	2106.8	2720.9	3438.6
0.0	1055.2	2103.4	2758.8	3537.1
0.0	810.8	2015.8	2664.8	3611.0
0.0	903.0	2086.8	2778.0	3573.6
0.0	849.0	1935.2	2664.3	3419.3
0.0	1034.4	1787.8	2599.0	3354.9
0.0	983.6	1821.1	2536.2	3434.0
0.0	942.0	1867.1	2483.1	3403.0
0.0	805.5	1543.5	2348.9	3252.3
0.0	942.8	1606.8	2525.9	3256.6
