0.0	0.0	0.0	0.0	0.0
0.0	0.0	0.0	0.0	0.0
0.0	0.0	0.0	0.0	0.0
0.0	765.1	1388.6	2552.3	3482.6
480.0	822.2	1589.6	2531.1	3299.8
444.4	757.3	1707.3	2675.3	3308.3
0.0	730.5	1913.0	2790.2	3393.3
0.0	566.6	1549.7	2461.9	3357.6
0.0	463.5	1591.8	2435.3	3378.0
0.0	458.1	1581.9	2423.2	3328.4
0.0	1037.9	1812.0	2536.1	3363.4
0.0	638.3	1656.9	2437.0	3389.4
0.0	703.2	1425.5	2291.7	3188.8
0.0	396.0	1336.1	2256.7	3186.9
0.0	310.2	1367.3	2237.8	3248.4
0.0	321.9	1310.0	2229.5	3180.6
0.0	324.7	1331.2	2240.8	3057.3
93.0	307.7	1322.6	2212.8	2902.7
0.0	302.6	1312.1	2207.4	2947.7
109.1	287.0	1309.4	2190.5	2760.9
107.1	249.9	1311.1	2201.7	2817.2
107.1	329.9	1287.5	2243.4	3021.0
218.2	452.1	1472.1	2225.5	3121.6
231.3	534.1	1690.2	2412.3	3218.8
113.0	602.3	1810.2	2499.1	3292.3
111.7	618.0	1883.0	2571.6	3345.7
113.5	576.3	1934.6	2613.5	3329.0
115.4	537.8	1991.4	2676.0	3344.4
117.2	501.0	2030.5	2723.3	3440.8
120.2	477.7	2054.7	2763.8	3484.3
123.2	471.1	2097.3	2807.8	3514.7
125.1	441.7	2141.2	2847.7	3461.3
127.5	404.1	2217.8	2887.7	3503.4
130.9	378.3	2276.7	2919.3	3512.6
130.6	394.6	2277.6	2961.9	3507.8
130.0	470.3	1993.5	2938.3	3471.8
123.9	478.3	1628.0	2715.3	3284.7
115.4	684.2	1665.2	2655.5	3380.3
0.0	476.8	1602.5	2679.9	3270.3
0.0	804.0	1723.6	2660.6	3092.6
0.0	927.9	1896.4	2702.8	3256.8
0.0	626.5	2044.3	2790.5	3385.2
0.0	597.1	2021.4	2813.6	3277.0
0.0	392.7	2023.1	2722.2	3453.5
0.0	366.0	1989.5	2714.9	3533.6
155.9	364.2	1980.5	2740.8	3596.4
155.9	347.0	1963.7	2720.4	3629.2
154.2	541.8	1892.8	2665.8	3636.3
149.2	313.5	1591.0	2581.7	3577.7
84.1	345.9	1445.4	2516.0	3458.4
71.7	734.8	1633.9	2526.1	3406.7
214.3	790.9	1829.9	2587.2	3467.1
181.8	1273.3	1985.1	2497.4	3529.5
0.0	1163.9	1903.6	2580.6	3502.1
0.0	885.3	1693.5	2575.1	3485.5
0.0	869.7	1714.6	2458.2	3390.5
545.5	820.2	1406.4	2411.3	3300.2
0.0	721.6	1722.2	2344.0	3189.9
0.0	699.1	1879.3	2442.0	3285.4
0.0	537.9	1863.5	2481.8	3303.7
0.0	643.5	1730.5	2324.6	3321.5
210.5	704.4	1689.1	2328.7	3347.6
76.9	725.0	1601.4	2398.6	3393.3
0.0	659.8	1492.4	2375.1	3328.3
149.2	650.9	1431.5	2306.0	3329.1
146.3	635.6	1313.4	2309.2	3385.6
142.9	612.0	1202.3	2301.3	3374.7
142.9	546.1	1060.3	2289.2	3297.0
143.0	471.8	1035.5	2316.4	3262.4
139.5	307.5	1140.9	2352.8	3234.6
70.7	319.1	1120.1	2475.5	3347.6
142.6	326.8	1110.6	2517.6	3260.1
141.1	521.8	1069.5	2574.3	3300.9
146.5	599.8	968.4	2724.8	3333.5
141.2	660.3	983.8	2744.2	3348.7
138.2	693.0	1013.4	2769.9	3384.7
137.9	718.6	1048.3	2817.5	3409.4
136.4	711.9	1051.1	2844.0	3395.5
134.6	721.6	1053.0	2843.3	3420.8
133.3	718.1	1069.4	2876.4	3411.8
132.0	707.5	1077.1	2915.3	3410.6
130.9	713.8	1090.7	2887.5	3444.8
130.4	724.4	1095.8	2885.5	3462.5
129.0	722.0	1104.4	2881.2	3340.9
127.6	730.7	1102.7	2882.1	3338.1
126.3	732.5	1094.1	2851.4	3370.4
122.4	758.9	1092.4	2834.1	3415.5
120.0	768.0	1093.7	2799.5	3341.3
116.5	825.8	1101.5	2727.1	3357.0
112.1	820.1	1123.7	2703.5	3408.8
110.1	732.4	1275.1	2653.2	3400.0
109.1	768.5	1569.3	2690.3	3372.7
106.2	1019.4	1773.3	2705.9	3420.7
292.7	933.5	1848.1	2677.0	3550.4
148.1	916.7	1680.1	2669.2	3528.1
0.0	823.8	1615.5	2668.1	3478.3
0.0	712.3	1568.9	2595.5	3460.6
0.0	851.8	1538.2	2535.7	3365.6
0.0	823.5	1343.0	2642.4	3362.8
0.0	745.4	1164.6	2622.1	3320.7
126.3	620.8	977.6	2581.1	3320.3
0.0	583.3	947.0	2607.2	3357.5
118.4	602.9	952.9	2619.1	3369.3
107.1	630.1	964.4	2630.8	3382.0
104.3	651.8	974.8	2634.4	3400.1
103.4	667.1	986.7	2646.6	3418.6
101.7	681.9	999.6	2664.3	3442.2
100.8	693.7	1003.3	2666.9	3446.6
100.0	684.2	996.5	2672.7	3425.6
99.2	674.2	989.0	2678.0	3387.9
99.2	657.3	978.7	2675.8	3311.7
99.2	649.4	971.2	2658.8	3423.7
98.4	650.3	945.8	2639.8	3455.7
97.2	631.9	915.8	2614.7	3437.8
98.6	626.6	900.7	2597.9	3249.2
97.2	604.6	883.6	2550.4	3014.7
97.5	580.4	898.3	2447.1	2985.9
97.8	569.1	933.7	2438.6	2937.9
97.4	545.6	949.4	2064.1	2839.1
96.6	528.7	949.4	1905.0	2865.3
96.3	492.6	925.5	1838.8	2920.9
95.4	490.9	926.4	1786.6	3058.1
95.5	493.7	943.2	1744.5	3125.6
96.8	510.1	964.4	1721.6	3059.9
96.9	531.1	1028.0	1691.4	3106.2
96.1	576.3	1096.5	1723.6	3199.6
95.9	584.2	1158.7	1752.2	3217.7
95.5	605.5	1231.7	1840.6	3162.8
94.3	630.0	1287.3	1938.7	3213.3
94.5	660.7	1348.5	2059.6	3219.9
95.0	670.9	1381.7	2152.2	3057.6
95.3	680.1	1423.6	2224.1	3150.8
95.2	684.7	1463.1	2348.4	3336.4
96.0	688.3	1490.4	2559.4	3383.5
95.0	672.8	1534.2	2500.6	3242.1
94.8	649.1	1606.0	2509.2	3243.1
94.5	638.6	1672.3	2492.1	3255.1
94.6	608.3	1679.0	2458.6	3196.5
96.0	587.8	1699.8	2435.3	3136.7
94.8	547.9	1808.1	2452.0	3172.8
96.1	522.0	1853.5	2491.7	3198.3
95.5	483.8	1878.4	2492.0	3224.4
97.9	480.5	1883.9	2484.1	3236.4
96.0	440.7	1894.3	2490.7	3335.3
118.1	414.1	1842.5	2442.0	3348.0
273.2	475.8	1598.6	2537.2	3330.7
68.4	874.2	1422.2	2496.1	3267.3
83.9	851.0	1316.1	2348.9	3228.2
428.6	672.4	1310.4	2421.0	3216.7
387.1	802.9	1405.5	2481.9	3317.5
0.0	846.0	1462.7	2493.3	3406.7
0.0	819.0	1418.7	2553.4	3376.5
0.0	806.6	1434.8	2528.3	3321.0
0.0	1092.7	1685.1	2566.4	3271.3
0.0	964.6	1661.7	2544.0	3304.3
130.4	1141.6	1835.6	2725.7	3718.0
0.0	900.2	1676.9	2574.8	3355.8
