0.0	0.0	0.0	0.0	0.0
0.0	0.0	0.0	0.0	0.0
0.0	0.0	0.0	0.0	0.0
0.0	653.6	1771.6	2365.3	3643.7
0.0	704.2	1923.5	2622.8	3543.4
0.0	702.8	2000.9	2641.6	3405.5
0.0	642.5	1994.2	2622.7	3449.7
0.0	626.6	1929.0	2690.4	3554.3
0.0	733.8	1811.6	2583.5	3497.8
0.0	815.0	1903.5	2500.1	3479.4
0.0	508.2	1790.2	2550.5	3453.9
111.1	499.0	1842.3	2657.5	3484.9
78.4	609.7	1735.4	2614.3	3382.7
0.0	584.8	1555.1	2444.8	3271.0
0.0	564.9	1689.0	2575.0	3450.6
0.0	695.3	1650.7	2511.7	3350.9
0.0	664.4	1531.7	2604.0	3391.6
0.0	809.7	1637.8	2547.6	3350.8
292.7	885.0	1657.0	2422.9	3197.4
0.0	912.4	1598.7	2436.3	3184.7
0.0	894.0	1529.4	2628.9	3072.3
0.0	1021.9	1571.6	2821.6	3234.0
0.0	1026.0	1555.2	2812.8	3360.8
0.0	1117.1	2013.9	2868.9	3443.2
0.0	1133.8	1951.3	2870.8	3361.4
0.0	914.1	1835.7	2697.3	3457.7
0.0	843.8	1984.8	2750.5	3519.7
0.0	675.7	2018.4	2632.3	3454.6
0.0	717.1	2004.3	2517.8	3359.5
285.7	908.4	2009.9	2694.1	3426.6
0.0	938.2	1950.5	2604.9	3465.4
240.0	892.6	2021.5	2516.0	3484.7
0.0	971.7	2011.9	2411.9	3416.8
0.0	1057.7	1931.7	2481.6	3415.7
0.0	889.1	1847.2	2502.6	3494.8
521.7	739.7	1839.2	2495.7	3482.1
413.8	879.5	1889.3	2720.5	3527.9
0.0	935.8	1896.9	2751.0	3566.4
0.0	902.7	1901.4	2673.1	3446.0
0.0	881.4	1777.8	2489.2	3386.9
0.0	1161.3	1873.7	2478.9	3488.9
0.0	1215.5	1884.8	2563.4	3510.4
0.0	665.5	1836.2	2610.2	3529.9
0.0	721.0	1831.2	2560.0	3431.6
0.0	958.1	1763.5	2567.9	3405.0
0.0	1011.5	1795.4	2580.0	3532.4
0.0	949.1	1814.3	2567.4	3589.1
0.0	914.8	1829.9	2464.9	3481.6
0.0	830.2	1802.0	2460.4	3436.8
0.0	834.0	1801.8	2557.3	3486.7
190.5	902.3	1789.3	2558.7	3448.2
0.0	775.7	1671.3	2429.0	3353.3
0.0	939.3	1765.3	2618.0	3365.9
0.0	996.3	1812.3	2685.6	3419.1
0.0	896.3	1766.6	2630.5	3369.9
0.0	822.3	1658.6	2554.8	3378.8
0.0	864.8	1649.8	2460.0	3458.8
0.0	897.2	1682.7	2585.1	3413.4
141.2	892.2	1723.8	2606.4	3376.6
0.0	843.0	1661.9	2605.1	3408.2
0.0	752.7	1569.0	2353.2	3316.0
0.0	971.7	1627.3	2276.4	3422.2
0.0	610.9	1595.3	2346.4	3342.0
0.0	608.8	1722.0	2478.8	3332.7
0.0	555.1	1629.4	2448.3	3384.3
0.0	837.2	1712.4	2472.7	3264.0
0.0	720.5	1760.9	2493.3	3246.8
0.0	404.7	1639.2	2503.4	3273.9
0.0	327.0	1448.6	2465.8	3358.4
0.0	300.9	1410.4	2459.6	3469.6
113.4	456.3	1578.8	2510.7	3450.6
0.0	573.0	1634.2	2561.3	3426.2
116.3	644.4	1673.3	2531.2	3381.3
120.4	672.3	1673.4	2523.2	3331.2
120.0	704.2	1625.3	2515.8	3303.5
120.5	718.6	1570.1	2493.4	3264.0
120.0	731.5	1550.3	2478.5	3265.2
119.5	747.6	1525.0	2442.9	3311.2
119.6	754.2	1488.0	2369.9	3297.6
117.2	759.1	1455.6	2411.2	3307.2
115.7	755.5	1391.5	2435.8	3319.0
115.7	736.4	1355.7	2414.7	3289.2
115.7	720.7	1320.2	2420.5	3311.8
116.5	715.2	1280.0	2462.2	3308.4
116.7	739.9	1286.0	2446.3	3294.0
114.9	733.4	1292.0	2458.7	3297.7
114.0	725.3	1364.0	2464.8	3278.5
110.2	773.8	1491.3	2509.7	3260.3
107.8	825.4	1658.4	2498.6	3340.5
108.1	861.5	1748.2	2527.3	3370.9
108.1	608.0	1858.2	2454.6	3394.1
99.2	636.5	1965.3	2471.8	3455.3
105.3	659.1	1998.4	2555.7	3381.9
108.1	747.9	2065.8	2585.7	3446.9
112.1	463.4	2064.2	2580.3	3447.0
130.4	450.7	2036.1	2561.9	3475.2
138.2	441.9	2037.0	2576.9	3482.5
141.4	436.3	2048.3	2557.7	3448.7
144.3	461.5	2030.6	2487.7	3406.4
144.8	436.8	2022.6	2494.6	3376.7
145.7	467.1	2013.9	2486.4	3347.4
147.2	458.6	1980.1	2477.1	3350.4
151.0	491.3	1945.4	2452.7	3357.3
154.7	485.1	1896.2	2394.7	3335.3
158.8	497.8	1790.9	2313.2	3365.3
161.6	495.6	1739.4	2177.3	3386.5
162.8	496.3	1671.5	2010.2	3294.7
163.2	498.6	1616.5	1938.9	3267.9
161.6	459.7	1574.3	1881.4	3310.1
157.4	469.2	1537.7	1851.6	3310.7
154.5	443.2	1535.1	1886.2	3291.4
148.0	424.8	1544.5	1912.4	3283.8
143.4	413.6	1568.8	1961.0	3285.4
134.7	413.9	1617.7	2090.9	3340.9
130.7	402.3	1638.2	2269.7	3305.9
128.6	393.1	1649.4	2421.2	3303.3
125.9	397.3	1656.2	2525.7	3406.4
122.3	438.2	1668.1	2633.1	3544.7
118.7	502.2	1663.3	2625.4	3632.4
114.8	359.3	1617.7	2608.8	3667.8
110.1	628.7	1656.9	2688.3	3637.5
105.3	682.2	1663.4	2839.1	3609.5
100.0	754.7	1684.3	2901.0	3625.8
0.0	786.9	1680.9	2697.7	3598.8
279.1	801.7	1741.4	2783.8	3548.9
342.9	775.1	1990.3	2888.0	3516.3
0.0	856.4	2079.1	2786.8	3522.8
0.0	858.4	2065.9	2758.5	3485.4
0.0	1129.5	2275.4	3067.3	3503.5
0.0	462.6	2111.9	2838.5	3484.7
0.0	1027.6	1905.1	2714.9	3378.2
118.8	925.1	1788.5	2620.3	3303.3
81.1	990.9	1824.2	2583.1	3282.6
0.0	752.8	1930.8	2649.1	3235.9
0.0	845.8	2024.3	2718.6	3370.1
0.0	853.1	2050.7	2543.5	3408.1
0.0	817.6	1926.2	2417.2	3397.8
0.0	954.6	1882.6	2468.1	3358.1
0.0	741.2	1760.6	2421.3	3357.2
0.0	703.9	1844.4	2333.7	3393.4
0.0	645.1	1884.1	2292.4	3375.6
184.6	591.0	1787.3	2183.5	3256.6
0.0	397.4	1532.3	1949.3	3111.8
154.4	440.2	1521.2	1894.5	3122.9
151.6	398.5	1507.3	1878.1	3105.8
152.4	435.2	1480.9	1902.6	3094.1
154.2	415.8	1448.6	1930.4	3148.6
154.3	443.5	1392.5	2011.3	3188.6
155.4	423.3	1354.2	2101.4	3217.9
155.0	411.9	1261.4	2174.4	3255.0
155.4	433.0	1227.8	2309.0	3312.1
155.8	428.8	1192.0	2425.8	3357.6
154.7	467.9	1104.2	2498.2	3380.6
153.6	414.0	1063.5	2545.8	3460.6
153.1	467.3	1069.0	2590.6	3500.3
152.4	458.1	1096.8	2596.7	3500.7
153.6	514.1	1183.9	2611.8	3484.7
154.5	467.4	1247.2	2630.4	3441.7
154.6	491.5	1304.8	2597.2	3405.0
155.7	480.0	1396.3	2527.9	3399.6
155.0	476.1	1477.0	2515.4	3397.4
154.6	492.5	1579.1	2517.6	3387.8
153.5	489.4	1579.7	2433.2	3418.1
153.1	508.9	1801.2	2440.6	3435.9
153.3	451.0	1933.3	2445.8	3449.2
153.6	485.2	1959.9	2459.2	3459.9
154.5	462.4	1969.2	2484.8	3490.4
154.4	471.7	1936.7	2487.2	3482.0
154.3	469.7	1891.9	2440.3	3481.9
154.8	495.2	1884.3	2462.1	3483.2
154.4	489.2	1901.6	2476.4	3496.5
155.2	533.7	1922.9	2511.7	3484.7
155.7	508.3	1948.5	2536.0	3452.6
155.9	531.1	1950.8	2535.5	3452.7
155.9	531.8	1958.0	2542.7	3473.7
155.9	474.6	1925.0	2511.5	3477.9
155.7	511.7	1827.6	2432.8	3413.2
155.7	441.5	1662.0	2238.1	3334.3
155.8	417.6	1376.6	2205.5	3266.8
155.3	374.9	1147.0	2176.7	3049.7
73.6	370.3	1100.2	2164.9	2851.6
151.9	359.9	1121.6	2260.8	3020.4
149.9	374.4	1154.4	2280.2	3056.2
148.0	370.4	1225.8	2249.9	3141.0
146.1	364.4	1118.0	2244.8	3006.7
143.9	368.2	1098.0	2321.6	3093.0
140.9	353.3	1025.4	2386.5	3069.8
137.5	351.6	1136.1	2388.7	3044.9
134.7	646.4	1034.3	2409.7	3214.2
138.7	688.2	1070.6	2615.1	3269.3
128.0	695.7	1125.0	2692.3	3310.0
126.2	687.9	1129.7	2685.9	3302.3
123.8	690.9	1138.7	2743.2	3290.7
123.7	712.4	1148.8	2662.3	3229.2
122.6	707.6	1145.0	2637.1	3194.3
122.0	706.2	1156.2	2648.8	3172.0
121.1	708.4	1167.5	2572.6	3136.7
119.1	749.5	1188.7	2467.7	3026.9
118.9	726.9	1192.4	2400.5	3054.8
116.8	727.2	1205.3	2287.1	3029.0
115.0	756.2	1218.2	2197.4	3047.3
112.9	733.3	1222.6	2120.9	3011.3
111.2	705.4	1221.3	1999.6	3006.2
110.1	703.4	1211.7	1955.2	3040.5
109.6	694.8	1193.2	1965.1	3185.8
109.3	690.2	1146.1	1961.8	3253.1
109.4	651.8	1107.4	1931.1	3245.6
108.9	622.5	1085.8	1945.8	3226.6
106.6	577.2	1111.4	2040.9	3273.8
102.7	758.5	1657.7	2579.1	3393.7
96.0	815.7	1782.3	2656.5	3438.5
96.0	838.2	1797.6	2699.1	3497.3
354.7	774.9	1591.9	2545.6	3391.6
0.0	646.8	1202.9	2495.7	3300.6
106.2	594.3	1062.1	2497.4	3338.2
103.6	567.9	972.9	2480.8	3350.9
103.8	542.4	951.8	2491.8	3388.9
104.2	610.9	943.6	2515.0	3467.7
104.5	731.2	915.7	2582.2	3576.9
105.3	676.1	882.6	2623.9	3614.3
104.7	725.0	1859.2	2881.1	3680.9
102.4	709.9	1664.0	2800.2	3604.5
100.7	689.2	1481.1	2399.2	3233.7
98.3	706.9	1498.1	2320.4	3249.3
93.3	702.6	1657.4	2608.2	3398.3
93.8	620.1	1672.2	2749.4	3487.7
95.2	595.4	1736.5	2733.6	3500.2
100.0	788.7	1933.6	2660.7	3569.0
102.6	726.7	2003.5	2748.1	3544.9
0.0	574.9	2018.8	2882.1	3528.7
141.2	726.2	2049.7	2714.6	3491.8
0.0	763.1	1886.6	2659.5	3556.2
0.0	765.0	1948.3	2718.9	3495.8
96.8	639.8	2039.9	2783.0	3556.1
0.0	633.9	2007.0	2530.3	3463.4
0.0	813.4	1967.2	2510.0	3475.8
133.3	749.4	2007.7	2686.4	3568.4
75.0	611.8	2038.5	2654.3	3526.7
0.0	643.0	2004.8	2613.4	3557.6
151.9	556.3	2021.8	2586.2	3594.4
0.0	614.2	1992.2	2561.0	3608.0
0.0	554.5	1903.5	2498.8	3467.4
0.0	551.2	1954.9	2480.5	3377.6
0.0	627.8	1893.3	2601.7	3420.0
0.0	557.5	1740.2	2588.5	3333.6
0.0	476.4	1745.8	2545.0	3344.5
0.0	623.5	1968.8	2691.5	3433.3
0.0	586.6	2010.6	2509.2	3319.9
0.0	600.3	1859.6	2466.4	3304.3
