0.0	0.0	0.0	0.0	0.0
0.0	0.0	0.0	0.0	0.0
0.0	0.0	0.0	0.0	0.0
0.0	824.8	1631.9	2605.1	3566.1
0.0	834.2	1688.7	2567.4	3436.1
0.0	971.7	1786.3	2583.6	3407.9
0.0	870.2	1623.5	2432.4	3352.9
0.0	812.8	1676.7	2349.6	3321.0
0.0	838.1	1709.6	2340.2	3205.0
0.0	672.4	1789.1	2485.1	3290.7
413.8	620.0	1688.4	2580.4	3398.5
0.0	1178.2	1876.1	2730.3	3463.8
0.0	749.2	1737.8	2625.0	3370.9
0.0	1048.4	1860.7	2721.7	3431.6
0.0	966.4	1824.3	2696.6	3432.3
0.0	879.0	1629.7	2493.9	3352.9
0.0	889.9	1757.9	2537.5	3379.6
0.0	947.1	1835.7	2542.4	3403.8
0.0	817.9	1559.1	2381.4	3244.7
0.0	1011.0	1446.7	2333.8	3256.4
0.0	1062.2	1641.9	2314.2	3324.3
63.5	765.0	1284.6	1868.9	3292.7
0.0	681.7	1123.0	1640.3	3404.9
0.0	598.6	1129.0	1595.9	3630.5
92.3	613.5	1161.3	1626.4	3590.3
110.1	638.7	1173.3	1635.4	3512.2
104.3	688.8	1302.3	1750.0	3423.6
103.2	764.6	1439.0	2008.2	3383.2
100.5	873.6	1502.6	1903.0	3294.5
97.1	889.1	1512.0	1851.7	3321.8
98.0	870.0	1533.2	1927.3	3297.2
99.2	810.7	1588.4	2062.2	3261.8
101.2	812.5	1635.6	2049.1	3230.7
102.2	847.0	1631.8	2094.7	3240.1
103.5	809.7	1597.1	2184.2	3136.7
103.9	726.7	1589.4	2356.1	3160.5
105.3	708.8	1621.0	2328.4	3253.8
109.1	779.9	1642.1	2375.1	3312.4
110.1	798.5	1552.7	2381.3	3277.7
110.6	795.6	1613.8	2391.2	3215.6
111.1	750.2	1643.7	2450.8	3169.7
113.2	739.7	1613.7	2462.6	3168.2
115.4	688.6	1581.1	2336.4	3102.8
116.5	669.3	1585.3	2329.5	3089.6
116.5	669.2	1562.0	2378.4	3113.7
117.6	656.5	1537.1	2394.0	3182.7
122.2	639.4	1521.0	2419.1	3114.1
127.7	611.6	1504.2	2383.4	3308.5
130.4	594.5	1486.5	2355.9	3442.6
133.3	561.5	1427.6	2337.4	3447.4
130.4	527.9	1487.1	2449.9	3460.3
417.4	361.7	1523.5	2459.0	3387.3
86.1	875.7	1687.8	2527.4	3332.1
0.0	828.3	1747.0	2626.7	3371.6
0.0	731.9	1734.7	2622.1	3441.8
0.0	587.8	1561.0	2581.9	3510.1
0.0	653.0	1574.1	2611.7	3390.1
0.0	775.8	1922.5	2652.5	3393.8
0.0	828.7	2295.7	2944.1	3520.8
0.0	1040.0	2329.8	3130.8	3706.6
0.0	1007.9	2217.1	3186.7	3632.6
0.0	781.2	2007.5	3164.5	3658.0
0.0	821.3	2014.7	3071.6	3781.8
0.0	740.9	2146.5	3095.3	3761.7
333.3	738.6	2084.5	3088.7	3754.5
0.0	701.5	1927.7	3164.9	3834.8
363.6	694.8	2003.8	3120.3	3905.2
0.0	596.3	1815.9	2953.0	4187.4
71.9	954.2	1839.5	2887.1	4094.8
97.6	627.7	1643.7	2721.5	3682.6
148.1	733.3	1619.9	2658.2	3666.8
148.1	627.3	1722.7	2675.1	3524.5
105.3	632.8	1729.7	2705.9	3546.3
65.9	591.7	1600.4	2641.4	3653.8
0.0	620.6	1609.7	2584.3	3655.3
0.0	581.6	1729.0	2653.2	3659.5
0.0	533.9	1633.4	2724.8	3613.7
0.0	442.5	1497.6	2486.6	3440.2
0.0	470.3	1517.5	2449.3	3482.6
122.4	469.0	1585.7	2463.7	3467.1
122.4	490.3	1651.4	2484.4	3412.5
118.8	497.7	1719.9	2483.8	3411.9
118.8	508.3	1756.7	2443.6	3317.5
116.5	513.0	1798.0	2444.0	3448.7
115.4	525.9	1841.3	2466.5	3448.3
113.2	506.0	1879.7	2481.1	3460.8
115.4	547.1	1904.1	2522.1	3466.7
116.5	561.3	1908.0	2510.8	3519.4
115.8	584.4	1872.8	2544.4	3476.5
116.5	506.4	1188.0	2451.4	3295.9
116.5	385.2	1022.8	2385.0	2746.0
115.4	384.0	976.3	2409.7	2643.1
117.6	408.6	972.8	2401.0	2625.4
121.2	398.6	988.8	2429.4	2662.9
121.2	481.7	1381.2	2495.2	3219.3
118.8	408.5	1520.1	2393.9	3540.9
119.2	378.2	1554.4	2443.8	3513.2
121.6	404.4	1546.2	2558.8	3588.4
114.3	442.2	1519.2	2712.1	3585.2
116.5	592.3	1521.7	3009.8	3643.2
111.1	683.8	1587.8	3028.1	3608.0
104.3	1003.6	1690.2	2850.3	3472.0
428.6	1500.9	2339.0	2942.4	3578.2
0.0	896.9	1605.3	2590.8	3262.5
0.0	910.9	1551.7	2415.5	3297.9
155.8	1023.1	1585.3	2284.2	3212.7
0.0	1014.8	1514.7	2402.2	3278.7
375.0	1026.2	1476.8	2427.8	3316.5
0.0	763.4	1480.9	2165.7	3149.7
115.4	770.8	1570.3	2287.6	3275.7
0.0	414.8	1057.1	2029.2	3209.5
0.0	459.7	840.7	1536.3	3269.0
0.0	428.6	880.1	1508.7	3336.8
113.2	424.5	932.0	1452.2	3350.8
111.1	419.4	997.8	1456.0	3347.8
109.1	425.7	1077.1	1491.7	3360.8
104.3	425.4	1159.1	1544.6	3336.6
101.7	416.1	1292.5	1604.6	3334.9
103.4	396.2	1500.7	1705.9	3321.7
101.7	395.6	1597.0	1823.9	3381.8
105.3	383.6	1739.5	1950.6	3510.9
103.4	371.3	1845.0	2111.7	3620.0
104.3	361.6	1925.7	2297.3	3702.4
109.1	339.7	1976.5	2522.8	3758.7
115.4	342.5	2014.8	2618.2	3802.9
112.5	342.2	2035.1	2615.6	3875.4
113.2	333.4	2058.7	2636.4	3854.7
113.3	347.7	2076.3	2627.1	3886.6
113.0	339.8	2082.9	2615.4	3949.8
113.3	337.4	2063.1	2532.5	3885.3
113.6	328.2	2003.6	2372.7	3734.5
110.8	343.6	1871.7	2306.3	3371.6
104.9	362.5	1680.2	2281.2	3254.0
112.4	378.0	1668.2	2298.5	3279.6
105.4	438.0	1642.4	2361.5	3277.3
103.4	393.5	1636.7	2445.8	3386.0
106.2	396.1	1663.5	2483.9	3441.8
110.1	478.0	1583.1	2350.0	3402.4
114.3	494.5	1559.7	2317.4	3543.2
112.1	460.2	1535.5	2343.6	3129.4
111.0	456.9	1513.0	2316.1	2838.8
111.1	416.5	1462.2	2338.0	2683.9
105.3	492.4	1380.2	2423.6	2650.4
104.3	449.4	1248.5	2447.3	2792.3
110.1	428.3	1154.5	2285.8	2581.1
105.3	440.9	1003.8	2064.1	2638.4
109.1	444.1	864.8	2211.4	2724.2
106.2	429.4	866.2	2257.6	2856.6
103.4	446.0	971.4	2297.6	2675.9
105.1	431.1	930.4	2269.9	2638.7
105.3	422.9	918.9	2253.1	2796.4
103.4	427.4	916.4	2394.6	2854.2
103.4	429.9	900.5	2459.9	3059.4
103.4	468.8	881.3	2444.7	3164.5
105.3	455.2	681.2	2407.8	3266.8
107.4	509.9	775.0	2313.5	3446.9
108.1	443.1	829.8	2201.1	3425.9
104.5	479.1	866.0	2107.2	3486.3
104.4	569.5	957.0	1948.7	3452.6
108.0	488.9	1010.4	1857.5	3431.5
109.2	479.0	1050.6	1749.3	3400.2
108.3	499.5	1101.2	1692.8	3370.0
103.4	512.7	1142.6	1633.2	3331.9
105.8	493.9	1199.5	1620.6	3334.2
101.7	485.6	1246.7	1652.6	3366.0
104.0	440.5	1306.5	1672.8	3413.1
97.5	444.1	1398.4	1740.6	3312.8
95.1	442.7	1497.4	1810.5	3095.3
94.4	459.1	1630.2	1956.2	3031.2
91.8	1049.2	1773.3	2205.5	3032.7
94.3	1486.4	1917.1	2406.1	3199.2
95.2	1071.8	2024.8	2457.2	3174.5
0.0	705.4	2187.0	2608.5	3357.2
0.0	1018.7	2225.5	2816.9	3333.6
0.0	1074.3	2353.1	2989.7	3565.6
200.0	841.9	2322.8	2973.9	3585.4
0.0	867.1	2338.1	3082.9	3651.5
144.6	1002.6	2298.5	3120.3	3749.4
0.0	1079.1	2296.1	3173.8	3906.1
0.0	958.1	1876.6	2787.1	3912.7
0.0	909.5	1818.6	2713.1	3769.0
75.5	761.9	1805.0	2641.6	3655.7
0.0	735.8	1779.7	2672.6	3591.4
71.4	642.8	1731.7	2764.7	3550.4
0.0	612.5	1727.6	2820.2	3587.6
0.0	657.1	1685.7	2775.2	3604.0
0.0	744.8	1766.3	2802.8	3661.2
0.0	583.9	1729.6	2720.1	3748.7
0.0	505.9	1579.7	2661.7	3809.4
0.0	487.1	1556.7	2650.4	3947.0
122.4	509.5	1584.3	2644.1	3908.4
73.6	569.8	1618.0	2669.9	3877.3
101.7	592.2	1649.2	2682.6	3948.5
96.8	613.0	1653.2	2683.8	3935.1
88.2	624.1	1647.4	2693.2	3902.5
86.7	634.5	1633.8	2683.3	3896.9
86.3	649.1	1655.7	2692.1	3897.7
86.3	647.9	1661.6	2692.4	3863.8
87.4	641.4	1687.8	2689.4	3819.0
88.0	659.6	1672.9	2697.2	3816.3
85.1	653.4	1645.3	2681.0	3687.3
82.2	630.9	1647.1	2697.7	3764.1
82.2	639.7	1629.9	2744.4	3723.3
82.8	655.6	1595.2	2729.8	3559.4
83.9	569.9	1593.4	2694.2	3477.4
83.3	507.9	1607.8	2713.5	3407.8
80.0	417.7	1587.2	2419.2	2738.2
75.0	518.6	1519.4	2342.9	2697.6
75.0	545.9	1602.9	2329.5	2731.8
86.3	278.1	1737.6	2472.7	2828.8
82.8	387.0	1727.5	2555.3	2897.6
89.6	704.1	1882.0	2576.3	2984.9
91.6	851.5	1888.6	2630.6	3133.4
91.6	777.4	1767.8	2533.1	2918.7
91.1	844.3	1721.8	2516.0	3103.1
89.7	675.0	1807.8	2550.3	3161.4
89.6	709.1	1875.1	2474.2	3094.4
89.6	742.1	1869.9	2472.9	3101.4
92.3	1202.2	1834.4	2459.3	3081.5
