0.0	0.0	0.0	0.0	0.0
0.0	0.0	0.0	0.0	0.0
0.0	0.0	0.0	0.0	0.0
0.0	600.3	1659.3	2370.1	3418.3
0.0	824.4	1708.2	2486.8	3457.6
0.0	831.7	1721.3	2597.1	3480.2
0.0	474.7	1522.0	2610.3	3460.7
0.0	710.6	1571.3	2500.3	3424.6
0.0	655.5	1806.6	2475.3	3333.2
0.0	647.4	1924.0	2539.5	3425.1
0.0	954.7	1811.3	2489.0	3353.9
0.0	721.1	1716.5	2471.9	3337.8
0.0	698.4	1673.1	2550.2	3515.0
0.0	712.0	1629.3	2598.2	3416.1
0.0	797.9	1587.2	2605.7	3360.2
0.0	743.4	1796.7	2643.9	3472.2
0.0	921.4	1872.4	2642.1	3476.2
0.0	749.7	1711.3	2619.0	3574.4
0.0	544.1	1554.3	2656.0	3590.3
129.0	492.6	1569.3	2680.9	3603.3
480.0	692.7	1563.6	2668.7	3662.4
84.5	723.9	1511.9	2676.1	3629.4
80.5	621.2	1442.0	2642.5	3563.9
104.3	704.7	1434.5	2639.9	3529.1
545.5	888.2	1338.8	2582.5	3504.9
545.5	781.2	1334.3	2428.0	3402.3
0.0	508.5	1312.0	2491.6	3355.0
0.0	390.7	1396.9	2566.3	3390.3
125.0	304.0	1481.1	2560.8	3346.3
122.4	295.9	1259.3	2555.4	3323.0
126.3	280.9	1100.3	2602.6	3327.7
129.0	502.6	1209.2	2592.6	3309.5
130.1	489.2	930.6	2558.4	3339.0
134.8	573.1	948.2	2711.2	3375.9
135.3	586.2	950.3	2809.7	3363.8
134.4	589.3	947.3	2841.5	3361.2
136.1	575.0	924.4	2881.8	3348.3
141.8	557.4	897.7	2895.9	3327.4
145.7	583.7	906.1	2891.6	3322.8
149.6	543.3	933.3	2878.5	3340.1
154.9	563.3	968.3	2840.3	3364.5
161.1	557.9	1026.9	2783.3	3389.7
166.5	521.6	1077.6	2606.1	3452.2
170.6	491.8	1194.1	2475.1	3449.2
171.8	581.5	1390.3	2486.7	3378.7
166.3	731.0	1558.5	2564.2	3340.6
160.2	963.9	1652.2	2672.8	3460.8
76.4	1074.4	1920.5	2922.5	3530.4
266.7	1078.9	1911.0	2859.3	3409.6
0.0	786.9	1829.1	2792.7	3375.8
352.9	1058.4	1969.5	2892.6	3414.5
68.2	932.7	1884.7	2832.2	3361.0
0.0	868.5	1890.7	2668.1	3388.7
0.0	506.4	1883.5	2630.1	3351.4
255.3	663.5	1622.9	2589.4	3320.4
100.0	622.2	1560.6	2594.0	3266.8
134.8	692.7	1574.8	2735.1	3282.2
244.9	892.3	1574.6	2801.0	3279.9
0.0	625.5	1481.8	2726.6	3236.8
0.0	628.7	1442.0	2645.8	3170.8
147.0	484.3	1177.7	2617.1	3135.2
134.7	520.6	1050.7	2697.6	3247.6
134.0	522.4	945.8	2863.1	3311.5
129.0	484.2	908.9	2879.7	3291.8
126.9	485.4	873.3	2958.2	3412.0
124.6	473.9	862.0	2982.9	3473.9
122.2	457.0	857.9	2925.3	3459.3
120.3	452.6	867.0	2883.4	3521.9
118.7	485.9	895.7	2841.3	3499.7
117.2	535.5	1035.5	2862.2	3515.0
116.6	562.1	1252.4	2864.1	3517.9
119.4	587.6	1399.4	2839.3	3517.6
115.7	598.8	1505.4	2815.9	3506.4
115.1	553.6	1674.0	2779.6	3482.3
115.2	523.9	1847.8	2757.2	3507.5
115.5	508.9	1939.2	2751.6	3542.3
115.2	483.6	2027.4	2754.7	3534.3
116.4	481.1	2113.5	2737.3	3569.1
116.2	489.6	2172.9	2736.3	3573.8
117.1	496.2	2231.5	2720.0	3599.8
117.7	524.6	2306.3	2724.9	3628.9
118.1	507.1	2373.1	2723.6	3637.3
118.9	538.6	2363.1	2697.8	3638.1
120.8	583.0	2347.8	2714.1	3680.9
120.4	598.8	2406.8	2730.2	3709.2
119.0	413.0	2417.2	2707.0	3666.8
117.5	408.6	2333.6	2590.2	3608.6
121.4	784.9	2244.8	2611.7	3470.6
125.2	583.8	2137.1	2594.9	3285.5
125.0	576.8	2095.0	2636.7	3397.2
115.1	626.8	2101.4	2613.2	3408.8
123.8	635.7	1902.4	2437.9	3328.6
108.9	602.7	1701.2	2527.5	3399.5
110.4	705.0	1678.7	2438.2	3417.7
0.0	693.1	1637.1	2392.9	3355.1
0.0	654.2	1685.2	2543.5	3274.4
0.0	770.4	1633.5	2680.0	3354.7
0.0	773.6	1848.3	2710.9	3451.3
0.0	720.2	1715.2	2588.0	3484.5
0.0	535.1	1800.2	2615.6	3629.9
0.0	514.8	1861.3	2668.8	3685.6
0.0	450.7	1974.6	2694.4	3674.9
139.5	445.8	2018.5	2700.2	3736.0
0.0	471.9	2064.2	2719.5	3706.0
115.3	448.1	2097.8	2726.6	3666.1
117.0	418.7	2097.2	2709.7	3629.2
117.7	426.7	2072.5	2629.7	3550.2
118.0	421.4	1970.1	2455.1	3449.8
116.5	425.1	1757.7	2389.0	3323.2
116.3	298.2	1818.7	2582.1	3438.3
103.8	484.1	1830.5	2609.1	3398.8
69.3	718.1	1778.7	2542.0	3376.8
0.0	669.5	1768.5	2665.4	3500.7
0.0	793.1	1716.3	2553.7	3429.8
0.0	692.1	1667.1	2433.5	3451.6
0.0	769.6	1781.5	2477.8	3471.5
0.0	715.2	1929.2	2528.6	3435.2
0.0	680.6	1997.5	2527.3	3392.8
206.9	717.8	1984.5	2581.0	3478.4
190.5	752.2	1908.3	2614.8	3442.3
151.9	622.8	1886.1	2608.8	3471.9
0.0	636.5	1885.4	2654.8	3690.7
136.7	628.8	1837.3	2624.5	3719.8
136.0	613.7	1769.1	2603.1	3419.6
137.3	617.6	1703.5	2644.2	3186.7
137.9	529.9	1581.9	2348.3	2884.0
136.4	481.8	1540.4	2351.4	2741.6
66.3	508.3	1610.3	2534.1	2783.1
141.3	527.2	1660.5	2525.6	2815.2
140.3	567.5	1693.3	2487.8	2882.5
140.6	499.3	1700.5	2436.5	2941.0
141.8	478.9	1685.0	2426.0	2878.1
142.1	473.1	1680.4	2410.8	2831.3
140.7	511.4	1670.8	2494.2	2951.2
136.1	438.2	2011.9	2479.8	3088.5
127.8	445.8	2026.6	2458.3	3140.1
63.5	1277.0	2215.9	2573.1	3292.9
122.4	1263.6	2256.7	2606.7	3237.5
0.0	1146.4	2234.8	2613.5	3403.5
0.0	870.1	2261.4	2589.0	3404.7
0.0	1135.5	2286.7	2525.9	3288.3
0.0	465.7	1887.4	2364.8	3292.3
162.2	667.9	1681.5	2416.4	3342.3
78.9	723.8	1668.5	2505.9	3321.8
114.3	672.3	1516.6	2220.2	3076.3
89.6	532.1	1511.4	1897.6	3313.1
0.0	524.3	1507.1	1748.1	3493.4
134.7	509.1	1515.0	1754.1	3495.1
130.4	487.5	1565.1	1822.4	3443.8
124.6	491.1	1625.9	1874.2	3409.3
121.2	500.1	1728.9	1956.4	3406.2
118.9	496.9	1769.4	2431.6	3420.6
117.4	490.2	1783.8	2588.6	3428.3
117.5	484.7	1803.1	2596.6	3366.5
116.4	462.6	1835.2	2528.8	3220.9
114.4	450.3	1870.2	2417.6	3102.5
113.1	466.0	1907.6	2348.8	3126.0
113.1	473.7	1932.2	2291.8	3128.5
113.7	474.1	1915.0	2279.2	3154.0
115.5	477.8	1900.0	2259.3	3080.2
115.5	485.5	1842.6	2246.7	3003.8
114.8	512.6	1755.1	2190.2	2920.5
112.7	432.2	1663.3	2231.6	2934.0
107.9	368.2	1631.3	2347.9	3139.3
103.0	908.4	1881.7	2622.7	3206.5
97.0	810.1	1889.1	2734.1	3299.8
0.0	451.3	1890.3	2752.1	3536.7
0.0	414.0	1888.2	2773.6	3624.4
118.4	465.1	1897.0	2760.7	3704.4
113.6	455.8	1879.0	2751.4	3680.9
113.4	477.4	1859.8	2746.4	3637.8
113.5	482.9	1819.2	2696.7	3614.7
113.4	493.7	1785.3	2704.1	3483.5
112.8	494.9	1732.9	2616.4	3316.9
113.0	473.2	1615.0	2533.8	3278.0
113.2	485.4	1540.3	2355.4	3209.9
112.0	493.6	1520.0	2312.3	3194.2
108.7	485.8	1330.4	2313.9	3189.0
111.8	469.5	1358.7	2319.1	3186.4
111.5	465.4	1382.4	2355.9	3194.8
111.4	469.5	1510.1	2349.0	3243.1
112.3	461.3	1543.7	2341.0	3091.4
111.1	458.0	1342.4	2349.6	2876.7
110.1	324.2	982.9	2342.9	2782.7
108.1	283.0	893.2	2259.9	2776.1
110.1	322.1	915.0	2243.0	2766.4
113.2	346.1	892.7	2329.8	2822.6
111.1	361.5	1140.7	2538.5	3103.1
110.1	422.8	1835.3	2336.0	2960.1
110.1	435.8	1481.9	2456.1	2762.7
110.1	557.9	1480.0	2693.1	3127.4
114.1	622.8	1430.8	2699.8	3428.6
115.0	683.9	1366.6	2669.7	3546.4
113.6	694.0	1262.1	2667.0	3593.4
111.7	718.3	1221.6	2662.7	3634.7
110.5	739.9	1183.2	2664.4	3642.8
110.9	724.4	1111.5	2653.3	3667.9
111.3	736.5	1065.1	2635.8	3601.0
114.3	707.6	1102.6	2585.1	3607.7
115.8	704.1	1163.7	2535.4	3592.0
116.9	695.5	1231.2	2487.4	3459.1
117.6	674.6	1265.3	2480.4	3197.9
117.6	649.0	1261.2	2239.0	2858.9
117.7	590.2	1300.5	1913.8	2713.7
114.8	547.1	1326.5	1861.6	2715.5
115.3	526.7	1319.8	1798.3	2767.3
117.1	515.6	1310.4	1770.3	2757.9
116.3	465.5	1289.1	1772.7	2730.8
112.8	501.1	1482.5	2248.3	2994.6
108.7	391.0	1503.1	2458.5	2947.9
100.1	662.1	1541.8	2534.5	3072.4
101.8	598.3	1326.6	2301.7	3376.1
0.0	613.0	1185.5	2297.6	3512.5
114.4	619.4	1132.5	2425.8	3575.0
108.8	607.5	1016.0	2456.6	3574.6
106.9	606.5	967.9	2470.9	3616.9
105.4	616.9	942.2	2505.0	3632.7
103.4	607.2	939.3	2539.8	3635.9
102.2	588.9	935.6	2568.2	3633.8
101.6	589.8	912.2	2596.1	3661.0
100.7	577.7	897.0	2613.1	3653.9
100.0	599.2	869.5	2618.6	3652.5
99.5	598.9	891.6	2649.1	3663.2
98.8	600.6	907.7	2704.0	3659.1
98.2	626.8	905.3	2708.2	3647.7
98.2	624.5	884.8	2715.5	3622.6
97.2	628.8	895.0	2749.6	3605.8
96.7	637.3	903.0	2765.0	3639.9
96.8	670.3	920.8	2733.4	3612.1
98.5	629.8	908.7	2755.5	3626.5
94.7	638.4	924.7	2803.0	3710.1
101.3	665.7	951.2	2672.0	3657.3
88.9	711.1	1088.3	2851.6	3664.6
112.3	845.9	1186.6	2845.5	3508.7
82.1	825.1	994.1	2595.0	3313.9
110.1	698.2	1089.4	2380.7	3395.1
300.0	671.4	1061.1	2443.6	3364.1
255.3	763.8	1532.7	2712.8	3637.8
0.0	767.6	1760.5	2618.4	3519.3
0.0	572.6	1616.9	2478.5	3406.6
0.0	586.1	1633.9	2418.0	3317.4
0.0	629.4	1798.1	2453.5	3350.5
0.0	645.3	1676.5	2496.6	3276.6
0.0	795.4	1770.2	2680.8	3418.5
0.0	800.4	1774.3	2609.8	3471.8
