0.0	0.0	0.0	0.0	0.0
0.0	0.0	0.0	0.0	0.0
0.0	0.0	0.0	0.0	0.0
0.0	587.3	1712.4	2682.6	3457.1
0.0	652.5	1721.0	2638.4	3432.9
0.0	847.7	1712.5	2562.4	3378.7
0.0	818.8	1640.3	2462.4	3156.1
0.0	819.4	1683.4	2539.8	3256.6
0.0	841.4	1647.0	2711.1	3488.2
0.0	1146.7	1894.0	2659.7	3514.1
0.0	826.5	1705.8	2524.2	3436.8
0.0	811.9	1624.7	2578.3	3430.9
0.0	847.8	1730.5	2622.3	3433.6
0.0	839.4	1721.3	2574.3	3371.9
0.0	838.4	1729.3	2557.9	3401.1
0.0	639.4	1567.4	2555.5	3413.7
0.0	732.5	1578.8	2548.2	3459.5
0.0	764.1	1797.5	2602.9	3566.1
0.0	285.6	1592.3	2640.6	3480.4
0.0	283.4	1429.9	2618.2	3132.5
0.0	427.6	1796.2	2645.9	3684.6
240.7	468.3	1905.6	2734.9	3621.5
259.0	517.6	1941.6	2775.7	3571.1
123.6	519.5	1912.7	2753.5	3492.5
124.9	553.4	1849.9	2719.9	3286.3
126.5	593.5	1797.0	2706.9	3337.3
130.2	632.5	1718.8	2718.7	3514.7
132.8	674.9	1486.6	2720.5	3459.8
135.2	735.3	1388.6	2706.7	3426.5
137.7	794.6	1295.5	2659.1	3433.9
139.5	780.0	1221.8	2658.8	3459.8
140.8	737.2	1149.0	2640.9	3463.2
143.4	736.5	1107.6	2630.9	3436.4
145.2	744.4	1072.5	2611.0	3412.8
147.4	754.3	1108.8	2573.7	3392.5
146.7	866.3	1666.7	2567.2	3399.8
135.3	1153.0	1871.1	2662.4	3462.4
71.9	1139.9	1881.9	2673.7	3486.7
0.0	640.7	1760.0	2596.8	3423.0
375.0	1059.4	1910.3	2594.6	3488.2
94.5	851.5	1879.2	2640.7	3464.0
0.0	776.9	1958.5	2686.2	3569.1
187.5	870.6	1982.8	2581.4	3634.5
0.0	673.4	1927.3	2572.4	3663.7
0.0	646.8	1882.3	2572.2	3584.4
0.0	388.3	1781.3	2431.0	3508.0
0.0	430.2	1724.3	2475.5	3645.2
0.0	456.0	1542.8	2562.1	3591.3
144.2	432.1	1093.6	2567.7	3489.2
142.7	437.5	1052.0	2566.5	3478.5
136.6	363.9	980.5	2507.7	3357.0
130.6	248.9	1641.5	2552.1	3426.3
64.0	251.3	1703.3	2579.8	3431.1
118.2	293.9	1782.6	2560.1	3404.3
0.0	878.9	1779.1	2643.8	3440.1
0.0	833.9	1739.9	2676.6	3454.6
0.0	660.3	1477.2	2564.5	3426.6
0.0	669.9	1404.4	2514.4	3603.2
0.0	741.0	1336.2	2483.8	3632.0
71.0	783.9	1238.0	2468.9	3584.9
244.9	778.4	1236.7	2394.9	3604.8
0.0	741.4	1066.8	2320.8	3622.0
0.0	663.7	992.4	2162.8	3657.6
149.5	671.0	1030.7	2051.1	3665.2
145.2	663.8	1063.0	1925.9	3650.8
147.3	654.3	1149.4	1833.0	3671.7
147.4	645.5	1167.0	1759.9	3682.7
148.1	634.7	1178.3	1721.6	3681.9
147.5	611.0	1247.3	1672.7	3664.6
149.4	554.0	1340.8	1660.6	3644.3
153.0	498.8	1428.8	1659.5	3597.0
154.8	492.2	1471.0	1658.3	3548.4
155.1	466.8	1536.2	1671.8	3409.6
153.3	482.0	1556.1	1690.1	3242.9
151.1	432.1	1582.2	1720.8	3254.6
144.7	286.6	1645.6	2401.0	3364.3
71.7	295.3	1608.3	2424.9	3346.0
136.7	378.6	1554.6	2539.6	3359.4
130.6	272.5	1424.5	2235.5	2793.0
127.7	569.6	1619.0	2225.4	2873.0
128.0	566.7	1605.2	2167.2	2893.9
127.3	526.8	1302.4	2175.1	2992.3
118.8	555.0	1234.5	2222.9	3040.5
118.3	588.1	1523.0	2309.7	3087.6
116.6	480.4	1478.9	2325.4	3078.4
115.2	521.2	1462.9	2298.9	3067.1
113.7	458.2	1390.7	2288.7	3071.5
112.2	479.1	1322.0	2309.3	3104.8
110.8	469.3	1809.8	2469.7	3234.4
236.1	548.5	1961.2	2599.2	3373.4
108.8	504.3	2073.7	2660.1	3454.4
108.4	523.2	2162.0	2694.8	3507.4
107.1	545.2	2237.9	2720.1	3571.8
106.6	506.5	2273.8	2725.4	3623.6
106.7	486.1	2313.9	2758.7	3626.6
106.9	469.9	2345.6	2771.1	3555.7
107.8	476.5	2372.7	2762.8	3485.7
108.0	510.5	2377.3	2753.8	3495.8
107.6	444.2	2395.7	2742.9	3517.1
108.9	455.7	2417.0	2749.5	3485.1
109.7	489.2	2419.9	2768.3	3479.0
110.3	478.4	2388.9	2634.6	3396.3
112.4	493.7	2369.4	2590.2	3605.1
113.6	507.9	2431.8	2679.3	3605.5
113.6	534.8	2407.8	2727.7	3419.5
113.4	494.9	2409.2	2731.5	3444.4
112.7	718.8	2438.3	2720.0	3506.0
110.4	740.7	2349.5	2625.9	3397.2
111.9	543.2	2353.5	2727.8	3443.3
112.5	525.2	2283.3	2743.3	3548.2
116.8	571.5	2236.1	2793.8	3556.8
113.3	587.2	2195.4	2697.6	3429.3
121.7	630.8	2255.7	2703.5	3370.0
123.0	661.3	2210.3	2692.8	3352.4
120.9	679.2	2046.7	2698.5	3343.0
137.2	688.9	1905.4	2642.6	3279.4
131.9	775.9	1936.8	2626.3	3354.0
157.9	1003.4	1858.4	2663.4	3471.7
173.9	867.0	1763.8	2673.9	3458.0
101.7	907.9	1586.6	2672.9	3400.3
0.0	922.3	1366.5	2689.7	3293.9
164.4	686.6	1347.5	2607.0	3381.6
164.4	856.3	1414.8	2521.6	3382.7
176.5	757.8	1381.3	2508.8	3413.1
0.0	683.5	1264.9	2480.7	3476.2
0.0	714.4	1365.0	2455.8	3419.2
0.0	732.6	1448.8	2487.8	3532.0
107.7	726.9	1477.8	2489.3	3593.0
107.6	681.4	1504.1	2478.1	3524.2
109.7	658.0	1481.7	2475.8	3523.6
109.6	626.2	1393.4	2417.0	3459.5
111.2	586.9	1223.2	2329.1	3425.8
113.3	506.0	1017.2	2360.3	3402.8
114.2	445.0	818.9	2410.5	3361.2
113.4	483.6	723.5	2492.4	3310.4
112.1	512.0	810.0	2525.7	3352.1
111.0	445.2	813.7	2494.0	3379.7
109.8	420.8	838.7	2483.6	3318.2
109.8	464.6	821.5	2491.0	3240.5
110.3	478.1	727.9	2570.4	3232.8
112.2	484.0	712.8	2617.9	3223.0
117.5	491.3	738.2	2738.4	3223.3
120.8	516.5	750.7	2760.1	3220.5
124.4	517.0	752.3	2755.2	3219.7
127.9	487.0	751.7	2781.1	3192.1
129.1	481.1	777.0	2791.5	3175.7
127.8	481.3	814.4	2678.3	3151.1
124.8	479.9	840.8	2533.5	3176.5
113.0	460.5	905.2	2354.5	3133.4
107.5	499.2	1002.6	2318.5	3056.1
101.5	689.7	1350.3	2426.1	3156.7
95.3	455.0	1357.6	2470.0	3224.3
258.9	1015.1	1466.1	2559.9	3337.1
81.2	967.5	1611.8	2516.8	3321.2
0.0	1145.2	1885.4	2571.1	3365.2
0.0	698.1	1746.9	2548.0	3325.8
0.0	783.5	1830.0	2797.6	3441.5
0.0	816.1	1947.1	2969.5	3488.4
413.8	793.2	2104.5	3085.6	3548.3
105.3	801.8	2061.7	2957.7	3370.6
0.0	599.6	1974.6	2819.5	3397.5
0.0	605.8	1977.5	2833.6	3430.1
285.7	874.1	2267.6	2942.4	3457.0
0.0	339.3	2238.4	2820.7	3527.7
0.0	339.8	2308.1	2999.6	3669.9
0.0	359.9	2319.2	3014.1	3684.6
130.1	297.0	2307.7	2971.5	3661.2
128.5	338.4	2285.3	2904.5	3592.4
127.6	368.6	2225.0	2732.5	3579.3
124.2	375.1	2049.7	2500.7	3498.2
123.8	369.1	1833.6	2449.2	3424.6
122.3	319.0	1740.5	2463.4	3384.6
74.1	736.3	1686.6	2551.2	3350.4
0.0	913.8	1849.0	2638.2	3397.7
0.0	671.3	1667.0	2472.7	3488.0
0.0	678.7	1888.7	2548.7	3503.6
0.0	858.4	1920.0	2653.2	3491.7
0.0	717.3	1959.9	2544.9	3509.6
68.8	640.7	2006.7	2562.6	3491.5
0.0	466.4	1949.0	2604.2	3493.1
127.9	501.6	1899.5	2485.8	3474.1
121.9	524.5	1773.1	2430.6	3324.5
119.4	496.9	1595.6	2362.2	3267.7
119.8	482.3	1399.4	2340.8	3169.8
116.9	465.2	1144.3	2385.3	2901.7
115.3	283.9	911.7	2390.7	2884.5
118.8	309.8	902.1	2414.2	2856.1
117.6	318.1	870.5	2379.8	2751.1
118.8	753.8	1145.0	2368.4	2826.9
238.6	480.6	841.8	2322.7	2872.0
115.4	494.9	816.9	2356.7	3110.5
115.4	582.6	2153.7	2707.8	3384.0
110.2	505.5	753.5	2408.7	3351.0
108.1	528.9	775.5	2378.0	3343.2
108.4	661.8	858.2	2443.6	3375.2
106.8	693.3	958.7	2516.2	3360.0
105.5	578.2	1090.1	2431.1	3323.1
104.2	570.3	1211.4	2382.2	3323.7
101.9	547.3	1366.4	2345.8	3369.9
101.0	533.3	1486.2	2312.5	3378.6
100.7	530.2	1599.8	2281.9	3367.1
99.8	518.6	1686.6	2387.4	3350.7
99.8	500.4	1741.6	2479.4	3267.1
99.8	562.7	1737.9	2525.9	3157.6
99.1	578.4	1651.8	2542.3	3274.0
97.1	437.4	1683.7	2539.7	3388.2
88.5	440.9	1904.8	2592.9	3392.7
97.1	460.7	2072.2	2639.1	3400.4
100.8	477.8	2153.7	2698.5	3536.4
100.1	499.1	2231.9	2731.8	3591.2
98.6	501.7	2277.4	2672.6	3631.8
98.7	512.1	2314.6	2583.4	3634.2
97.9	655.0	2304.7	2564.9	3630.7
98.4	616.2	2079.3	2545.8	3715.7
97.6	423.5	889.7	2428.1	3027.1
94.1	379.8	1027.9	2457.7	3034.3
97.7	621.4	1460.6	2466.7	3261.9
97.6	320.0	1539.4	2466.2	3256.5
97.3	457.9	1586.1	2470.5	3119.3
95.2	762.4	1636.3	2484.6	3192.3
108.4	830.4	1632.2	2424.1	3295.9
99.2	851.5	1639.7	2408.4	3272.7
104.3	787.1	1678.2	2469.3	3332.3
