0.0	0.0	0.0	0.0	0.0
0.0	0.0	0.0	0.0	0.0
0.0	0.0	0.0	0.0	0.0
0.0	763.8	1632.3	2667.0	3324.5
0.0	816.4	1711.5	2502.1	3298.4
0.0	804.3	1755.8	2429.4	3352.7
0.0	748.0	1750.7	2633.8	3432.2
0.0	853.7	1808.8	2626.3	3389.0
0.0	824.5	1772.3	2561.7	3432.3
0.0	792.7	1716.1	2568.3	3471.7
0.0	767.1	1712.1	2574.2	3465.8
0.0	852.3	1723.7	2597.4	3472.9
0.0	754.6	1674.3	2613.6	3466.4
96.8	979.7	1887.2	2620.7	3421.4
0.0	1046.8	1865.2	2664.0	3460.1
0.0	998.1	1691.7	2713.9	3409.7
0.0	836.4	1650.7	2590.7	3386.4
0.0	824.5	1727.6	2511.4	3368.6
0.0	807.6	1669.8	2444.1	3333.4
0.0	821.2	1679.3	2447.6	3388.2
0.0	825.7	1693.3	2453.9	3487.9
0.0	771.8	1622.1	2461.4	3471.3
0.0	661.4	1550.1	2382.4	3378.6
0.0	580.3	1565.1	2456.4	3450.2
0.0	543.2	1607.8	2511.3	3427.1
73.2	572.8	1631.1	2476.1	3476.3
226.4	557.9	1646.8	2473.3	3601.8
206.9	264.2	1720.6	2460.9	3694.3
0.0	310.5	1734.3	2514.4	3641.7
172.4	395.5	1734.5	2531.3	3618.9
176.5	361.9	1733.5	2552.5	3645.0
142.4	401.9	1768.9	2555.3	3704.5
137.5	403.4	1825.5	2542.0	3728.8
122.7	394.6	1847.4	2576.0	3741.0
130.9	395.6	1874.6	2582.0	3747.5
128.3	377.4	1910.7	2586.2	3677.0
128.3	374.1	1925.2	2602.6	3724.3
128.9	369.6	1926.7	2614.1	3717.8
126.7	408.9	1928.9	2627.9	3650.9
125.7	441.5	1930.2	2613.4	3680.6
121.4	444.1	1875.7	2645.2	3632.0
120.4	564.0	1890.4	2675.1	3659.4
114.3	666.4	1879.5	2632.6	3578.6
0.0	702.7	1752.4	2652.6	3605.2
0.0	851.8	1872.7	2944.0	3906.3
130.4	866.6	1894.7	2975.1	4278.2
69.8	857.1	1852.7	2985.2	4728.2
187.5	905.2	1780.3	3195.5	4478.9
461.5	580.5	1832.7	3263.5	4361.9
0.0	666.8	1775.4	2839.2	3836.2
300.0	836.8	1828.7	2743.5	3736.0
166.7	812.1	1897.6	2695.4	3789.1
500.0	554.5	1867.8	2544.8	3577.4
0.0	490.7	1939.8	2551.5	3583.5
0.0	383.5	2007.2	2582.7	3735.2
149.0	353.1	2061.0	2606.4	3733.5
133.6	310.8	2092.9	2600.5	3733.2
135.0	243.1	2118.1	2622.1	3683.1
132.5	242.3	2141.1	2601.2	3667.8
132.3	239.5	2152.5	2618.1	3664.7
131.3	245.5	2152.7	2629.3	3634.8
128.3	242.5	2159.0	2597.8	3597.2
128.9	245.5	2155.2	2564.7	3538.6
127.2	249.4	2112.6	2549.8	3554.1
127.0	241.6	2044.6	2554.2	3536.3
127.4	244.8	1961.3	2545.0	3410.4
127.2	249.0	1879.2	2450.0	3206.8
126.7	250.8	1823.3	2403.6	3085.7
126.7	249.4	1801.2	2440.4	3344.6
123.5	242.6	1658.4	2515.1	3644.4
125.2	248.8	1234.9	2533.4	3576.9
123.5	251.2	1366.5	2548.1	3660.0
124.0	249.5	1509.1	2557.1	3679.4
122.8	265.7	1409.3	2550.9	3688.5
122.0	252.1	1525.9	2530.7	3619.0
121.2	238.9	1713.1	2489.6	3601.1
117.4	233.6	1736.0	2506.9	3613.7
116.5	992.1	1844.1	2793.7	3713.7
137.9	784.4	1830.4	2751.3	3589.5
0.0	597.1	1587.7	2552.1	3555.4
0.0	460.3	1550.8	2479.8	3541.3
157.9	496.0	1518.3	2437.8	3470.8
119.6	520.3	1465.5	2411.7	3392.5
123.9	536.2	1407.6	2389.2	3312.8
124.2	573.2	1351.2	2392.1	3267.5
124.8	585.1	1271.8	2327.0	3143.5
125.7	610.0	1261.3	2325.2	3088.1
126.4	645.3	1235.0	2300.3	2955.7
128.0	621.9	1171.7	2129.3	2907.5
130.4	654.0	1166.3	2010.8	2898.4
130.3	577.9	1169.5	1926.1	2877.6
129.5	685.0	1200.8	1944.6	2826.7
130.8	666.8	1245.5	1900.7	2845.3
130.7	706.3	1282.2	1879.4	2850.8
130.8	641.9	1322.6	1870.7	2894.3
131.7	630.7	1340.5	1803.5	2833.4
131.7	629.8	1300.7	1736.9	2780.3
132.4	602.0	1321.4	1791.6	2774.0
132.6	482.3	1236.1	1749.4	2811.7
133.2	450.1	1169.9	1742.6	2831.3
133.3	318.8	1127.7	1763.5	2860.0
133.2	272.9	1167.2	1773.8	3030.9
134.8	267.4	1170.0	1778.7	2996.6
133.3	273.0	1176.9	1808.2	2978.8
131.9	272.8	1095.3	1809.1	3065.4
130.4	315.9	1106.1	1864.7	3176.8
133.3	343.9	1323.9	2221.8	3492.1
129.0	435.5	1648.3	2387.9	3423.1
127.7	834.4	1785.5	2597.0	3497.8
125.0	812.4	1740.0	2542.7	3348.0
0.0	685.5	1632.7	2371.3	3228.2
0.0	696.7	1466.9	2329.5	3351.7
0.0	756.7	1281.3	2219.0	3218.8
0.0	715.5	1250.8	2209.1	3231.9
375.0	509.6	1300.9	2161.5	3248.2
0.0	510.7	1319.7	1806.3	3141.0
0.0	486.5	1356.9	1742.5	3136.3
146.3	502.9	1378.6	1765.3	3119.2
129.3	527.1	1422.9	1834.3	3069.2
131.6	533.3	1447.3	1920.8	3017.3
129.0	550.5	1463.8	2001.1	2991.6
127.9	599.4	1476.2	2133.3	3049.4
127.9	601.7	1484.4	2254.4	3070.8
126.7	609.3	1449.7	2303.9	3077.1
126.8	623.4	1384.0	2343.1	3334.3
126.7	647.0	1363.4	2417.7	3421.7
127.4	653.5	1342.4	2449.8	3378.2
127.7	645.8	1313.3	2453.5	3371.2
127.8	645.8	1276.3	2490.6	3419.8
127.1	634.9	1264.6	2544.4	3351.2
127.9	626.3	1273.4	2507.6	3283.1
127.3	618.8	1272.6	2491.8	3354.5
127.3	594.2	1282.2	2483.0	3367.4
126.6	570.5	1331.9	2473.9	3262.8
126.1	548.2	1356.2	2449.5	3246.4
123.7	495.9	1356.7	2265.8	3323.6
123.7	408.8	1301.0	2124.8	3391.8
112.6	416.1	1341.7	2288.8	3276.1
120.8	475.8	1386.7	2498.5	3311.0
118.4	501.0	1400.0	2543.4	3341.3
120.8	504.3	1416.9	2493.0	3337.6
122.2	517.8	1388.6	2495.6	3266.4
119.7	528.7	1373.2	2536.9	3152.4
120.2	536.3	1336.3	2561.4	3151.7
119.7	539.2	1318.7	2576.7	3241.8
120.8	531.6	1329.4	2580.2	3264.3
120.1	536.6	1315.5	2588.9	3186.9
120.7	522.0	1289.2	2559.7	3237.3
118.9	518.1	1270.6	2551.8	3234.6
114.2	506.2	1272.0	2552.3	3209.1
111.2	482.4	1258.4	2574.5	3208.0
109.4	459.5	1266.1	2560.9	3253.1
102.4	428.4	1288.5	2499.5	3160.3
97.5	424.4	1296.3	2487.7	3236.0
0.0	417.1	1350.5	2465.0	3338.9
87.0	426.9	1393.7	2497.4	3411.6
93.1	453.0	1444.7	2496.3	3241.0
83.7	454.9	1500.4	2454.3	3242.6
84.2	446.0	1510.5	2473.3	3337.7
83.0	459.9	1505.7	2471.2	3391.8
84.2	472.4	1491.9	2459.4	3408.0
84.6	490.6	1467.0	2479.2	3385.4
67.1	528.7	1463.6	2459.9	3409.8
184.6	523.0	1523.9	2459.6	3463.6
210.5	531.5	1534.4	2489.6	3564.8
83.3	553.7	1521.8	2481.9	3540.0
0.0	490.2	1581.4	2506.7	3567.0
0.0	493.1	1484.1	2412.6	3531.2
494.7	501.2	1486.9	2469.3	3423.3
497.6	505.5	1517.6	2535.7	3443.8
0.0	506.4	1542.4	2614.6	3478.5
0.0	513.7	1451.4	2543.0	3501.6
0.0	967.9	1533.3	2506.5	3396.1
0.0	815.2	1490.0	2526.7	3438.3
0.0	712.2	1473.4	2435.4	3548.5
0.0	642.9	1472.0	2449.5	3422.1
0.0	598.0	1510.7	2322.2	3343.6
0.0	603.5	1408.5	2457.2	3536.8
0.0	647.7	1397.0	2452.8	3485.9
0.0	580.5	1532.0	2410.0	3461.4
0.0	851.2	1498.5	2522.6	3523.0
0.0	762.9	1475.8	2472.0	3499.6
0.0	610.3	1462.0	2349.1	3336.2
290.0	909.1	1592.9	2422.6	3325.4
0.0	803.4	1480.2	2178.4	3220.7
0.0	766.7	1474.1	2221.9	3273.3
0.0	850.7	1480.2	2210.8	3252.9
0.0	850.1	1483.7	2194.7	3239.1
0.0	721.2	1466.7	2186.8	3307.5
279.1	742.3	1430.2	1989.7	3095.4
0.0	800.2	1446.6	2062.8	3344.9
118.8	846.5	1491.4	2110.9	3525.0
0.0	836.4	1504.4	2023.9	3121.7
0.0	855.1	1478.3	2153.6	3198.9
209.5	792.5	1469.5	2066.3	3314.6
0.0	750.2	1506.9	2168.5	3223.9
285.7	743.8	1481.6	2081.2	3089.2
173.9	829.5	1460.1	2064.6	3213.3
279.1	818.6	1436.2	1977.7	3280.0
279.1	808.9	1473.5	1963.9	3221.2
0.0	795.1	1466.9	1931.3	3076.2
