0.0	0.0	0.0	0.0	0.0
0.0	0.0	0.0	0.0	0.0
0.0	0.0	0.0	0.0	0.0
0.0	692.6	1633.3	2307.8	3254.1
0.0	779.9	1722.7	2406.8	3250.1
0.0	862.0	1769.9	2640.1	3499.2
0.0	908.0	1806.6	2566.2	3555.4
0.0	892.4	1794.3	2475.8	3423.4
0.0	509.5	1693.2	2521.6	3434.0
0.0	901.9	1826.7	2654.0	3438.2
0.0	766.0	1681.6	2640.9	3382.1
0.0	814.4	1747.6	2681.6	3379.2
0.0	834.1	1770.3	2636.5	3383.7
0.0	827.4	1819.5	2601.8	3433.6
0.0	858.4	1853.2	2598.5	3440.1
0.0	682.8	1771.4	2573.9	3441.5
0.0	749.9	1755.7	2677.6	3342.5
0.0	826.2	1779.0	2747.6	3479.8
0.0	728.7	1644.2	2688.5	3495.0
0.0	673.0	1547.6	2648.6	3454.4
196.7	481.0	1487.8	2647.3	3561.5
161.4	509.4	1478.1	2638.0	3555.9
155.9	530.5	1485.7	2609.4	3577.9
150.8	515.0	1503.1	2605.0	3584.8
151.9	478.5	1564.4	2621.6	3573.8
148.2	449.4	1639.0	2615.9	3489.8
148.1	451.0	1709.9	2643.9	3298.6
151.2	420.5	1781.3	2683.0	3197.8
146.2	379.1	1850.1	2697.4	3221.9
142.9	724.7	1978.6	2681.4	3288.0
131.9	819.3	2287.5	2744.5	3325.4
69.4	1331.4	2428.5	2913.4	3371.6
0.0	559.1	2049.7	2610.8	3239.5
0.0	378.2	2114.1	2588.5	3264.5
0.0	706.4	1987.7	2463.3	3176.7
0.0	730.4	1926.9	2322.8	3164.4
0.0	776.3	1824.5	2223.5	3154.6
0.0	462.4	1717.9	2073.6	3150.2
171.4	481.8	1578.6	1976.3	3170.0
157.8	496.6	1423.9	1930.5	3186.3
153.8	458.5	1303.4	1855.7	3130.9
150.5	492.7	1458.5	2019.7	3216.4
148.1	626.9	1636.2	2463.7	3390.5
67.8	938.8	1656.0	2578.1	3443.5
63.5	875.9	1762.7	2659.2	3412.0
63.5	945.1	1939.3	2738.1	3456.6
0.0	946.7	1873.6	2596.6	3495.6
0.0	832.3	1722.9	2492.3	3494.3
0.0	688.2	1654.9	2576.0	3467.2
0.0	772.7	1760.5	2515.4	3238.6
0.0	835.4	1675.4	2241.6	3269.0
0.0	861.3	1665.4	2232.3	3376.9
102.6	890.8	1559.2	2235.1	3407.8
0.0	944.3	1536.2	2221.6	3422.0
126.3	812.4	1454.5	2220.3	3415.7
140.5	746.0	1238.8	2226.6	3452.8
151.5	784.5	1267.1	2242.8	3456.0
160.0	798.6	1240.9	2276.1	3408.3
163.3	778.2	1210.8	2320.8	3454.6
162.2	760.4	1212.6	2359.8	3485.7
165.1	739.8	1199.1	2412.7	3516.3
167.4	732.9	1193.7	2471.9	3561.8
171.5	720.9	1173.9	2506.4	3576.9
174.7	695.4	1084.6	2518.2	3577.7
177.2	671.8	1070.1	2551.5	3537.7
179.0	663.1	1042.4	2566.1	3537.3
185.8	660.8	991.3	2587.7	3587.0
200.9	690.0	1039.6	2643.8	3642.8
206.3	693.0	1058.3	2668.3	3621.8
208.8	638.2	1075.6	2691.0	3555.7
212.8	585.4	1062.8	2652.3	3579.9
215.2	606.6	1119.1	2619.7	3589.5
210.2	545.2	1343.8	2588.5	3427.2
202.5	601.5	1463.6	2526.7	3482.3
94.0	729.1	1562.0	2571.8	3536.5
0.0	972.5	1716.0	2738.4	3658.8
0.0	774.8	1666.6	2784.5	3842.4
0.0	742.1	1615.8	2796.8	3795.8
109.1	903.7	1730.3	2951.6	4065.8
75.5	844.5	1875.5	2936.9	3876.5
500.0	756.2	1815.5	2827.3	3829.9
342.9	710.7	1767.1	2796.1	3802.9
571.4	704.9	1749.8	2721.2	3682.8
461.5	379.2	1749.6	2710.4	3644.5
571.4	415.5	1892.3	2625.4	3694.5
240.5	458.6	1991.2	2645.6	3915.3
241.6	453.9	2072.5	2662.5	3893.6
225.3	436.8	2127.7	2629.6	3844.9
214.6	398.4	2136.0	2622.0	3778.2
201.8	386.5	2159.8	2637.9	3804.3
188.6	400.2	2193.5	2677.3	3734.9
175.6	438.5	2201.3	2716.6	3674.8
162.2	771.8	2148.8	2755.8	3637.5
78.4	631.4	2160.2	2754.8	3657.0
141.2	684.3	2072.7	2681.1	3649.3
148.1	754.0	2047.4	2672.9	3648.4
146.0	574.2	2032.4	2724.3	3700.9
149.4	602.9	1997.6	2673.4	3717.8
152.2	665.4	1934.1	2623.0	3618.0
162.6	620.4	1892.9	2609.4	3677.8
168.7	656.9	1867.0	2576.6	3734.2
171.9	636.7	1811.6	2500.3	3613.6
171.9	636.7	1717.8	2477.6	3719.3
171.6	635.4	1649.5	2521.3	3668.3
170.3	625.1	1595.2	2483.7	3656.6
168.9	600.9	1511.2	2382.5	3661.3
166.0	565.5	1382.1	2318.4	3514.3
164.5	555.0	1268.2	2239.0	3347.3
159.1	453.9	1390.3	2320.7	3346.2
149.5	425.9	1668.3	2547.4	3443.5
74.1	396.8	1657.8	2596.2	3618.6
146.3	762.7	1535.6	2537.2	3650.9
0.0	612.2	1308.5	2454.8	3600.2
168.7	531.1	1054.7	2473.0	3641.1
164.5	534.4	1092.6	2502.4	3649.3
162.3	535.1	1085.3	2543.9	3648.6
160.0	496.9	1053.5	2578.7	3679.6
156.6	482.1	967.3	2691.4	3679.7
152.3	440.3	994.7	2697.7	3584.2
147.1	445.4	941.6	2700.7	3673.9
142.3	381.7	922.0	2663.5	3652.4
134.2	451.4	939.4	2592.9	3633.3
127.9	430.4	897.5	2712.5	3709.8
131.8	512.9	907.0	2737.6	3739.0
127.3	520.8	973.3	2741.1	3766.2
125.3	539.6	1016.0	2728.9	3713.7
125.0	561.2	1168.6	2722.7	3688.0
125.3	560.3	1296.3	2719.2	3617.3
124.5	569.7	1363.7	2730.1	3605.6
124.4	566.1	1526.4	2693.9	3528.6
124.9	563.0	1647.2	2669.4	3441.9
124.9	548.0	1718.8	2657.6	3479.9
126.2	540.6	1799.9	2634.2	3425.8
126.2	517.6	1838.2	2621.4	3446.6
126.8	522.4	1903.8	2614.7	3550.1
127.9	530.4	1907.4	2611.5	3634.4
130.1	544.9	1889.1	2611.3	3574.0
131.6	565.1	1834.2	2547.8	3629.4
134.2	601.3	1772.4	2530.3	3756.5
138.9	621.8	1708.6	2527.4	3757.3
140.9	635.7	1651.7	2484.9	3693.7
146.1	639.5	1506.5	2427.6	3631.9
149.7	617.9	1355.9	2318.7	3570.5
154.3	488.2	1299.7	2367.1	3350.6
158.0	403.3	1511.3	2547.8	3351.5
74.6	643.2	1680.1	2636.2	3438.7
0.0	688.5	1658.9	2514.7	3521.6
0.0	713.3	1697.6	2587.7	3317.6
0.0	725.1	1707.8	2574.0	3348.1
0.0	642.4	1711.1	2588.5	3477.6
0.0	814.3	1691.0	2676.6	3450.0
0.0	844.6	1539.8	2569.0	3476.4
0.0	867.0	1820.1	2593.4	3411.7
241.5	1023.7	1286.7	2424.4	3276.3
0.0	1021.5	1277.1	2422.6	3590.5
0.0	888.9	1221.9	2371.4	3764.3
0.0	711.1	1184.6	2459.0	3726.7
0.0	780.1	1349.5	2491.7	3535.8
0.0	781.9	1479.0	2573.2	3397.9
0.0	766.4	1739.5	2692.7	3354.4
461.5	788.5	1898.8	2844.2	3462.4
88.9	892.0	1782.9	2835.8	3481.4
136.4	535.6	1680.4	2720.0	3436.6
0.0	471.1	1016.9	2578.6	3464.3
178.1	538.8	931.3	2581.9	3530.2
174.8	521.5	895.3	2585.7	3514.5
171.8	527.5	896.3	2578.5	3389.5
167.9	552.7	947.3	2610.2	3382.4
166.3	586.3	999.2	2600.2	3423.1
162.9	605.6	999.2	2603.9	3375.3
161.2	623.3	1005.1	2602.6	3357.1
159.8	628.5	1010.4	2609.4	3369.2
159.4	637.2	1026.2	2613.0	3402.0
159.7	628.5	1062.8	2601.8	3469.0
159.7	647.6	1100.7	2558.1	3441.8
160.5	681.2	1110.9	2550.4	3416.7
162.1	650.9	1098.6	2545.6	3426.7
162.3	643.4	1093.1	2537.3	3420.1
162.8	619.6	1108.5	2523.1	3432.4
164.4	665.5	1123.7	2488.9	3461.4
165.7	654.6	1133.3	2450.4	3437.0
169.0	634.4	1140.3	2445.5	3423.0
171.4	644.8	1168.5	2451.9	3433.6
171.9	651.0	1195.1	2465.8	3431.7
173.9	648.0	1199.9	2463.9	3465.5
179.1	660.8	1219.9	2453.6	3521.8
183.5	640.9	1158.2	2490.6	3556.0
187.9	618.9	1266.0	2538.8	3632.5
190.4	559.0	1320.5	2581.6	3698.7
193.6	471.9	1331.3	2623.7	3609.6
194.0	406.9	1482.5	2733.9	3648.7
96.8	666.1	1780.2	2780.9	3711.6
96.0	856.2	1932.9	2783.1	3683.9
0.0	864.0	1907.9	2836.5	3790.8
0.0	720.1	1842.9	2809.7	3602.1
0.0	804.9	1883.0	2850.6	3587.2
0.0	951.3	2041.7	2967.5	3595.5
184.6	841.1	2127.4	2976.6	3649.6
0.0	819.7	2073.5	2802.3	3701.5
0.0	805.2	2085.7	2860.1	3640.6
166.7	771.4	1775.3	2849.1	3642.2
137.9	827.7	1854.8	2706.6	3655.0
110.1	845.6	1828.9	2753.7	3595.5
230.8	842.8	1668.9	2763.1	3595.9
255.3	730.3	1698.0	2709.6	3474.4
0.0	808.4	1681.6	2502.1	3316.1
0.0	766.8	1667.2	2404.4	3298.0
0.0	691.1	1624.0	2437.2	3314.5
0.0	772.5	1672.5	2407.9	3289.8
0.0	778.1	1681.2	2399.3	3274.7
0.0	851.6	1793.3	2596.1	3366.8
63.9	854.7	1738.9	2559.7	3385.1
0.0	685.4	1712.4	2566.2	3431.8
0.0	678.3	1837.1	2560.1	3479.8
