0.0	0.0	0.0	0.0	0.0
0.0	0.0	0.0	0.0	0.0
0.0	0.0	0.0	0.0	0.0
0.0	811.6	1452.6	2487.2	3316.8
0.0	801.0	1491.9	2478.0	3377.5
0.0	743.2	1514.8	2574.6	3422.0
0.0	761.0	1558.6	2546.7	3430.3
0.0	765.2	1564.6	2477.8	3334.3
0.0	826.4	1561.3	2545.1	3320.0
0.0	1040.2	1725.2	2699.4	3319.8
0.0	1070.0	1720.0	2676.8	3431.6
0.0	704.2	1703.5	2669.1	3429.1
0.0	916.6	1830.2	2687.3	3444.6
0.0	889.4	1873.3	2555.0	3522.1
0.0	892.8	1845.3	2495.0	3439.5
0.0	559.9	1693.4	2435.7	3313.2
0.0	383.5	1408.4	2425.1	3340.3
0.0	374.0	1275.6	2388.2	3372.4
0.0	513.9	1240.1	2401.8	3367.8
125.0	553.0	1200.7	2417.2	3361.6
120.0	576.6	1187.1	2391.2	3319.0
121.2	597.4	1154.9	2499.8	3317.3
120.0	602.1	1101.4	2524.5	3328.6
121.2	594.4	1076.8	2538.0	3331.6
121.2	610.0	1031.5	2538.1	3323.7
126.3	611.0	1019.6	2560.9	3280.6
130.4	617.9	1037.7	2534.8	3237.8
130.4	606.7	1020.9	2491.5	3162.4
65.2	590.7	981.3	2425.9	3130.5
134.8	606.0	987.1	2302.2	3045.6
136.4	598.6	949.2	2148.5	3031.9
139.0	586.8	976.5	1977.0	3069.4
139.5	581.1	998.0	1794.9	3075.0
141.2	553.2	967.5	1703.5	3026.5
141.2	552.6	1014.4	1665.8	2995.6
142.9	509.0	992.6	1614.5	2985.3
146.3	465.3	1013.6	1634.3	2987.0
137.9	457.4	1030.0	1706.2	2909.8
141.2	435.1	1093.8	1759.9	2857.4
142.9	443.1	1228.8	1843.7	2869.1
143.1	426.1	1345.0	1869.1	2959.3
142.3	411.6	1472.3	1964.4	3162.4
140.7	430.8	1569.6	1964.6	3243.3
139.3	425.3	1659.5	2100.8	3395.6
137.6	399.4	1708.1	2333.6	3429.4
136.4	404.7	1716.4	2364.5	3407.3
134.4	389.0	1668.8	2390.3	3426.6
131.9	355.3	1656.3	2528.3	3426.7
125.0	717.0	1745.9	2616.4	3459.9
0.0	864.9	1841.3	2589.0	3461.2
0.0	890.0	1765.6	2606.2	3535.5
0.0	722.7	1633.9	2627.8	3521.4
0.0	701.7	1681.7	2658.9	3431.5
0.0	706.0	1600.6	2569.2	3443.1
0.0	600.3	1575.7	2544.8	3526.5
0.0	831.3	1657.5	2530.7	3553.6
218.2	920.8	1669.7	2511.1	3546.1
112.1	929.3	1552.0	2472.3	3386.6
107.1	613.6	1500.6	2289.8	3311.0
0.0	624.2	1425.6	1767.7	3339.9
144.1	555.6	1327.5	1670.1	3363.6
134.5	590.5	1241.3	1610.9	3572.5
129.2	562.4	1247.4	1561.8	3666.9
128.6	559.2	1215.2	1520.2	3705.3
126.3	549.9	1196.3	1494.2	3695.9
123.7	560.3	1203.8	1496.2	3575.1
122.6	562.7	1218.5	1492.7	3497.3
122.5	566.2	1227.3	1500.4	3506.1
122.6	555.2	1246.7	1532.6	3519.5
122.5	550.1	1278.6	1593.8	3354.1
122.7	555.6	1310.7	1614.2	3211.0
122.6	581.2	1362.5	1623.8	3023.6
123.3	581.0	1366.1	1614.8	2804.7
123.7	568.4	1398.2	1617.1	2599.2
123.7	549.6	1587.6	2338.5	2988.7
121.6	536.0	1559.2	2318.4	3063.4
121.1	494.6	1447.2	2293.3	2992.2
122.4	532.9	1399.5	2285.8	3147.5
120.0	596.2	1515.4	2325.1	3384.4
120.2	631.8	1556.6	2452.9	3516.3
117.8	654.9	1574.9	2423.4	3524.0
117.1	690.4	1579.6	2334.2	3491.5
116.0	709.8	1597.7	2319.3	3503.2
115.6	716.0	1589.6	2388.3	3541.7
115.1	721.0	1604.4	2411.7	3540.1
114.5	726.9	1619.8	2380.6	3548.0
113.1	736.0	1603.0	2409.1	3533.4
112.0	736.7	1590.7	2360.3	3500.1
111.9	731.3	1574.5	2352.4	3539.8
112.0	732.3	1568.2	2319.6	3532.5
111.8	721.2	1554.9	2358.3	3527.2
111.1	722.0	1536.2	2372.0	3519.5
111.1	690.1	1534.6	2319.6	3545.8
111.2	667.1	1528.3	2373.7	3535.8
111.3	594.5	1488.3	2411.7	3467.1
111.6	543.6	1469.5	2353.1	3354.2
110.8	316.7	1464.4	2394.8	3387.0
102.8	315.2	1535.3	2576.7	3447.4
107.1	329.3	1584.6	2526.7	3337.8
108.1	492.4	1510.0	2468.0	3285.1
113.2	701.1	1618.0	2637.7	3148.1
0.0	1005.4	1652.8	2295.3	3153.8
483.2	1049.5	1677.8	2386.4	3250.2
67.8	483.9	1562.6	2086.8	3195.0
0.0	496.0	1428.8	1746.1	2996.1
0.0	480.9	1400.2	1738.5	3053.0
118.0	490.5	1365.6	1778.1	3101.5
110.6	495.0	1330.6	1811.8	3158.7
110.4	499.8	1312.0	1851.2	3172.3
110.2	519.3	1294.8	1894.3	3185.4
110.0	546.2	1339.0	2023.9	3230.8
109.7	553.3	1332.7	2185.3	3327.9
109.4	569.6	1351.7	2420.6	3383.1
109.2	587.3	1370.3	2462.7	3446.9
110.5	566.5	1347.2	2469.5	3480.5
110.6	597.5	1361.1	2485.4	3574.6
109.5	577.5	1360.4	2467.8	3666.1
110.0	542.3	1362.1	2467.7	3696.3
110.1	585.2	1431.4	2432.7	3696.5
109.1	625.4	1564.1	2513.9	3552.1
105.3	762.1	1584.0	2843.1	3809.7
105.3	854.4	1925.3	2932.8	3960.8
0.0	753.8	1875.8	2920.4	3926.0
0.0	862.3	1882.2	2950.8	3877.4
0.0	788.6	1742.8	2739.3	3663.4
0.0	931.8	1738.8	2736.4	3672.3
218.2	922.8	1741.5	2826.6	3606.1
83.3	909.5	1592.8	2550.5	3516.4
244.9	1122.4	1726.0	2538.8	3472.6
230.8	951.9	1523.2	2624.0	3397.5
266.7	986.2	1604.7	2640.5	3405.0
0.0	910.3	1694.7	2607.1	3507.0
500.0	719.3	1284.4	2559.6	3409.2
500.0	685.8	1254.6	2421.5	3221.1
117.6	507.6	1145.8	2368.8	3198.5
0.0	540.9	862.6	2371.8	3235.4
0.0	516.9	913.4	2353.8	3264.0
109.1	544.6	976.1	2293.5	3318.9
107.1	567.4	1052.6	2266.9	3309.9
107.1	582.1	1097.2	2256.5	3343.9
106.2	574.1	1136.3	2251.2	3455.2
106.2	568.6	1183.9	2284.4	3556.4
106.2	594.4	1280.4	2378.3	3638.0
103.4	581.2	1420.3	2467.3	3625.3
103.4	738.3	1581.9	2717.5	3731.2
100.0	1127.2	2143.5	3024.9	4182.6
0.0	1029.8	1982.3	3098.1	4348.0
0.0	962.1	1862.5	2989.0	4251.3
0.0	889.3	2050.6	3074.9	4661.0
413.8	800.3	1885.2	2997.9	5006.6
413.8	855.0	1792.6	2920.1	4723.6
150.0	641.0	1720.7	2820.5	3871.3
0.0	669.2	1925.8	3030.9	4534.9
428.6	703.9	1979.3	2974.3	4459.6
0.0	770.9	1679.7	2620.4	3555.0
413.8	509.9	1545.6	2622.9	3567.9
111.1	750.5	1612.4	2467.4	3560.7
0.0	851.0	1506.9	2395.5	3539.2
315.8	812.6	1258.6	2406.2	3459.3
0.0	577.7	1100.0	2369.6	3371.7
0.0	559.1	1025.5	2452.8	3379.1
109.1	529.9	893.0	2481.9	3307.3
109.1	501.6	850.1	2367.1	3177.2
104.3	514.2	846.0	2427.6	3230.9
102.6	506.3	842.3	2450.3	3224.8
100.8	505.0	825.4	2371.4	3227.7
100.1	491.7	802.1	2318.6	3392.1
99.2	509.7	823.6	2286.6	3321.5
99.2	517.3	857.2	2310.1	3171.3
99.2	520.6	898.5	2288.5	3146.2
98.7	557.4	964.9	2207.5	3143.9
99.2	625.8	1044.5	2154.7	3227.7
99.4	679.6	1102.5	2094.1	3230.8
98.4	767.4	1205.3	2085.5	3257.0
99.2	718.2	1261.9	2063.5	3287.0
98.2	710.9	1286.4	2070.7	3387.3
98.3	698.3	1378.0	2049.0	3389.9
97.9	725.2	1417.3	2020.6	3341.9
99.0	729.6	1397.1	1996.3	3352.7
99.0	697.6	1371.4	1961.2	3338.9
98.5	704.0	1397.1	1992.2	3367.9
97.6	666.0	1394.6	1974.2	3381.5
97.5	614.5	1319.2	1916.8	3339.5
97.0	594.7	1218.5	1832.2	3309.2
96.0	627.3	1190.8	1813.1	3327.7
95.7	629.4	1175.0	1765.9	3288.2
94.2	596.7	1175.6	1718.3	3204.8
91.2	615.2	1438.6	2246.4	3319.7
89.5	452.5	1251.9	2264.2	3321.7
89.6	555.1	1351.8	2254.3	3429.4
90.3	678.5	1329.9	2045.1	3274.5
88.6	634.8	1162.1	1587.2	3323.5
88.2	616.1	1147.0	1560.7	3338.0
86.3	597.0	1169.9	1541.7	3350.6
86.3	547.4	1202.0	1559.3	3340.4
82.2	523.4	1200.7	1558.9	3287.3
92.2	580.1	1371.8	1632.3	3381.5
89.2	526.3	1449.4	1993.6	3433.3
85.7	510.7	1431.4	2110.0	3448.1
96.0	579.7	1422.4	2341.2	3416.9
88.8	685.6	1368.5	2178.0	3365.7
102.6	645.8	1367.1	2368.8	3379.8
87.0	834.8	1449.2	1887.0	3228.1
106.2	753.4	1495.1	1860.4	3235.0
