0.0	0.0	0.0	0.0	0.0
0.0	0.0	0.0	0.0	0.0
0.0	0.0	0.0	0.0	0.0
0.0	688.3	1369.2	2566.1	3243.7
0.0	743.0	1410.4	2515.7	3251.5
0.0	752.7	1434.6	2559.2	3238.7
0.0	776.8	1494.3	2490.2	3293.1
0.0	783.0	1427.2	2462.4	3326.5
0.0	689.0	1454.8	2533.5	3308.1
0.0	800.7	1472.3	2438.4	3329.0
0.0	812.6	1467.6	2547.1	3336.8
0.0	678.0	1306.7	2375.9	3237.4
0.0	730.6	1321.5	2459.1	3474.8
0.0	749.4	1318.5	2467.0	3471.0
0.0	810.6	1475.8	2419.1	3377.7
0.0	877.8	1548.0	2507.5	3348.4
0.0	742.6	1545.7	2450.4	3318.7
0.0	796.1	1675.3	2528.8	3357.7
500.0	939.7	1994.0	2632.5	3445.8
521.7	782.5	1816.7	2711.5	3500.5
0.0	795.1	1734.7	2713.0	3532.0
0.0	845.7	1698.7	2681.1	3481.4
0.0	857.4	1676.1	2564.7	3512.7
0.0	731.7	1524.7	2519.8	3536.4
0.0	827.2	1414.3	2506.7	3513.5
0.0	886.6	1839.9	2605.4	3524.8
0.0	892.8	1884.1	2610.1	3460.8
244.9	606.4	1015.9	2522.1	2978.0
229.2	607.9	1015.1	2519.1	3064.7
210.8	622.2	985.2	2518.0	2831.7
182.8	654.7	973.0	2483.3	2753.6
157.3	624.7	961.5	2502.7	2815.0
140.3	613.7	952.2	2538.7	2821.8
135.1	608.9	935.4	2572.9	2813.3
133.9	591.0	938.6	2562.8	2847.7
134.8	569.6	945.3	2528.4	2849.6
135.5	545.0	941.7	2581.5	2863.9
136.7	532.1	928.1	2558.8	2912.9
139.1	557.4	907.5	2490.6	2942.5
141.9	511.0	879.5	2620.5	3041.3
145.0	533.9	869.0	2819.4	3132.2
146.8	478.5	817.8	2714.0	3128.8
147.5	523.1	814.8	2395.4	3100.5
144.6	427.5	902.8	2283.4	2840.4
144.3	281.2	1008.5	2281.3	2796.1
151.9	295.8	1007.0	2327.4	2733.1
151.9	294.2	1061.8	2289.9	2730.7
150.0	332.6	987.8	2299.2	2696.7
150.0	361.3	946.2	2376.9	2650.7
150.0	319.7	972.3	2376.0	2658.7
141.2	300.1	987.6	2300.6	2646.8
137.9	298.5	999.0	2274.5	2744.9
142.9	483.8	1052.3	2321.4	2958.3
148.1	562.0	1121.8	2469.8	3069.9
140.3	627.8	1189.4	2479.3	3034.7
138.0	661.9	1248.2	2519.5	3048.1
138.2	666.0	1262.7	2540.7	2986.0
138.7	667.3	1276.8	2510.7	3005.6
138.0	659.1	1334.5	2509.7	3084.6
137.1	650.4	1354.2	2520.1	3068.0
136.8	621.3	1343.8	2548.1	3052.2
136.2	570.2	1331.8	2587.9	3128.9
133.9	552.8	1314.0	2582.0	3281.9
131.4	572.2	1323.8	2507.7	3317.0
117.5	372.0	1345.0	2471.9	3368.5
117.6	374.3	1413.3	2485.1	3334.1
121.2	330.1	1452.2	2515.2	3297.5
123.7	456.3	1479.0	2497.6	3316.5
0.0	544.0	1425.3	2460.4	3289.0
126.7	565.9	1425.5	2374.7	3247.0
119.0	571.3	1491.4	2182.8	2937.9
114.1	558.7	1502.7	2098.5	2914.7
109.7	543.7	1437.2	1893.9	2908.2
110.6	536.9	1413.2	1764.9	2845.8
108.8	526.9	1390.2	1697.4	2882.6
107.7	509.8	1396.3	1667.8	2910.0
104.6	495.1	1383.4	1678.1	2940.2
104.6	520.2	1375.5	1665.8	2960.4
105.8	558.4	1399.7	1669.0	2973.6
107.3	582.8	1380.6	1649.3	3125.0
108.7	664.8	1372.0	1654.3	3086.6
108.9	637.6	1389.5	1661.5	3024.8
111.1	628.8	1475.6	1688.4	2964.6
100.8	702.8	1441.9	1730.0	2936.2
93.8	690.9	1492.7	1770.3	2988.1
0.0	775.2	1444.9	1847.5	3002.3
176.5	812.0	1471.3	1947.2	3030.3
285.7	738.0	1473.7	2029.4	2995.9
255.3	683.2	1461.9	2052.5	3068.8
222.2	671.6	1467.6	2034.5	3228.4
0.0	681.5	1511.1	2287.8	3336.1
0.0	705.2	1438.5	2405.9	3464.7
0.0	641.5	1514.4	2401.6	3376.6
0.0	863.7	1471.3	2417.3	3277.4
0.0	811.4	1444.0	2471.9	3291.6
444.4	776.9	1372.7	2355.3	3224.4
0.0	899.2	1296.4	2344.7	3194.2
315.8	840.5	1350.5	2345.7	3297.1
0.0	785.4	1292.9	2414.1	3402.2
545.5	779.3	1231.7	2561.9	3406.2
0.0	825.0	1179.7	2602.1	3354.7
0.0	797.9	1163.3	2528.3	3238.4
0.0	735.3	1163.4	2423.1	3199.0
197.0	768.9	1176.8	2511.4	3229.1
0.0	755.2	1197.4	2470.7	3235.3
149.3	745.5	1212.6	2339.2	3249.1
137.3	724.8	1243.2	2305.3	3295.2
138.4	765.8	1288.1	2280.8	3275.6
133.2	741.3	1327.0	2205.7	3214.6
130.1	706.4	1329.7	2175.5	3228.7
129.2	674.0	1386.4	2221.4	3308.1
128.2	639.3	1469.8	2262.6	3394.6
127.6	622.1	1429.8	2242.7	3380.1
127.6	576.8	1427.5	2237.3	3425.5
127.9	474.3	1458.0	2367.4	3475.5
126.9	527.4	1529.6	2530.1	3520.6
126.3	873.3	1679.2	2734.2	3648.7
114.3	811.6	1850.2	2854.3	3661.9
0.0	799.8	1818.0	2863.1	3670.0
0.0	900.0	1806.2	2899.9	3753.7
235.3	1044.6	1823.9	2861.3	3797.5
0.0	864.4	1765.4	2856.9	3851.3
181.8	861.6	1743.8	2759.1	3662.9
0.0	908.2	1770.6	2733.0	3718.0
0.0	1001.9	1728.6	2724.6	3625.9
151.9	752.6	1717.1	2711.0	3547.1
107.1	726.7	1554.9	2728.1	3534.7
218.2	663.9	1369.4	2649.1	3470.0
0.0	564.2	1148.0	2550.3	3382.0
0.0	593.6	1165.0	2342.1	3344.1
150.8	629.0	1126.5	2321.8	3288.2
141.4	644.3	1087.7	2215.2	3163.1
137.9	658.1	1059.9	2245.2	3170.9
133.7	637.8	1042.6	2307.6	3172.3
130.9	682.9	1039.9	2299.3	3173.0
127.8	675.6	1017.4	2292.3	3194.2
126.2	666.6	1003.2	2215.0	3112.1
124.8	657.4	1044.4	2229.8	3116.6
123.6	663.6	1080.8	2276.6	3206.4
122.3	655.8	1055.5	2295.1	3207.7
121.7	652.4	1069.4	2395.1	3231.2
120.2	597.1	1101.2	2373.1	3234.7
119.9	574.0	1113.1	2349.8	3215.9
119.5	542.0	1100.6	2387.0	3248.7
114.8	582.6	1150.2	2405.4	3358.0
109.3	759.3	1526.6	2485.1	3364.3
108.0	774.0	1303.9	2474.0	3335.5
114.3	662.4	1267.7	2467.8	3368.4
115.4	703.0	1359.2	2505.8	3410.4
0.0	655.7	1370.3	2429.1	3330.0
131.3	582.7	1423.2	2381.0	3361.6
124.9	589.6	1453.1	2403.1	3389.9
119.6	601.0	1516.6	2405.5	3425.8
116.0	593.7	1567.6	2458.4	3343.5
115.2	584.3	1578.6	2389.2	3221.5
112.9	575.4	1583.5	2371.6	3242.9
111.3	583.0	1542.1	2152.6	3214.9
109.0	563.9	1435.8	2144.8	3152.0
108.1	561.5	1350.1	2173.0	3064.1
108.1	569.6	1310.4	2085.8	3099.1
106.2	313.7	1310.2	2143.4	2947.0
103.4	316.7	1261.1	2175.4	2890.4
108.1	353.8	1282.4	2170.6	2944.1
112.1	336.5	1254.7	2176.7	2811.2
111.1	377.8	1528.2	2191.3	2939.6
111.1	1086.6	1790.8	2346.7	3236.3
118.8	665.2	1302.5	2205.5	2993.6
113.2	667.6	1589.0	2422.3	3351.4
80.0	697.5	1557.5	2381.2	3138.9
342.9	620.5	1524.2	2502.9	3317.8
0.0	695.0	1654.5	2651.6	3506.4
0.0	742.4	1710.8	2572.2	3534.9
0.0	809.4	1754.1	2597.5	3463.0
0.0	787.8	1798.0	2625.4	3397.5
0.0	800.4	1798.0	2652.9	3447.9
