0.0	0.0	0.0	0.0	0.0
0.0	0.0	0.0	0.0	0.0
0.0	0.0	0.0	0.0	0.0
0.0	686.9	1458.1	2428.5	3283.1
0.0	734.7	1613.8	2472.2	3363.1
222.2	896.8	1670.1	2458.4	3406.6
266.7	802.7	1503.0	2268.5	3300.5
0.0	788.0	1481.5	2337.8	3280.3
0.0	910.1	1592.6	2555.6	3329.8
0.0	719.6	1599.3	2637.1	3368.1
0.0	725.4	1668.9	2711.2	3453.0
0.0	792.5	1649.6	2602.9	3434.1
0.0	840.2	1756.1	2675.2	3358.2
120.0	856.1	1810.3	2712.3	3363.2
0.0	1015.2	1828.3	2681.9	3442.8
0.0	1043.3	1633.5	2559.7	3463.7
255.3	786.6	1436.4	2425.8	3195.4
0.0	706.3	1358.7	2143.4	3084.0
196.7	815.3	1394.6	2137.9	3258.0
0.0	885.8	1492.1	2068.2	3274.9
121.2	904.7	1493.6	2013.0	3313.5
0.0	886.6	1496.4	1994.1	3281.1
0.0	899.0	1501.9	1902.5	3310.9
0.0	841.2	1441.6	1851.0	3332.9
0.0	924.4	1397.9	1844.8	3360.7
0.0	552.5	1351.4	1771.6	3292.2
183.5	517.1	1281.3	1755.0	3233.3
158.0	530.8	1312.6	1764.6	3221.2
152.5	511.5	1372.8	1799.6	3221.8
146.9	490.3	1428.4	1849.8	3185.0
144.6	462.9	1426.1	1851.0	3168.7
141.3	444.9	1515.9	1992.6	3059.3
139.1	407.8	1523.9	2396.7	3038.4
137.1	414.8	1486.5	2355.5	3088.8
162.2	461.6	1533.0	2361.4	3193.0
121.9	386.3	1551.4	2410.1	3356.2
112.6	584.1	1543.1	2526.2	3330.6
112.1	745.2	1633.2	2566.6	3310.5
82.2	946.0	1796.1	2563.1	3388.2
0.0	928.4	1793.8	2516.9	3535.8
0.0	934.5	1864.7	2599.5	3563.5
0.0	490.2	1820.2	2728.1	3566.6
0.0	964.1	1806.6	2758.7	3588.6
0.0	812.2	1795.6	2631.6	3540.4
0.0	758.2	1820.6	2538.9	3496.6
0.0	844.5	1823.1	2462.4	3393.5
244.9	769.4	1759.0	2391.3	3301.6
0.0	558.6	1727.3	2379.8	3244.5
160.0	576.8	1670.4	2349.4	3211.1
158.0	522.3	1628.5	2266.2	3210.8
156.7	536.6	1677.5	2339.0	3191.1
158.4	541.3	1664.2	2375.2	3173.5
158.8	518.3	1655.4	2355.7	3183.6
158.8	569.9	1641.9	2362.4	3194.3
158.5	575.1	1624.5	2329.1	3229.3
158.7	568.7	1598.8	2339.0	3242.2
158.9	594.7	1560.1	2336.2	3225.3
158.3	617.6	1508.5	2353.0	3247.3
158.3	621.1	1372.7	2348.0	3226.1
157.9	635.8	1306.5	2378.0	3248.5
158.1	671.1	1243.4	2433.6	3187.2
157.8	656.5	1177.9	2471.5	3143.4
156.6	700.9	1159.9	2522.2	3149.7
156.1	667.4	1085.9	2522.8	3141.0
156.1	600.8	1047.5	2519.2	3165.6
155.9	574.1	1059.0	2538.5	3206.9
155.5	527.6	1063.2	2526.1	3239.6
155.3	481.8	1053.4	2473.2	3257.4
153.6	474.7	1054.9	2469.7	3281.8
152.0	437.6	1067.9	2611.6	3294.1
150.0	490.3	1072.5	2638.3	3293.6
150.0	398.7	1064.7	2657.2	3239.8
150.0	403.7	1049.2	2631.2	3154.5
148.1	407.9	1031.3	2648.7	3234.5
148.1	496.0	1063.5	2681.9	3243.9
150.0	475.5	1104.8	2693.3	3226.6
148.6	516.8	1073.5	2549.7	3159.1
148.3	514.8	1066.2	2551.6	3176.4
148.9	534.7	988.5	2539.5	3092.3
149.0	559.5	985.7	2552.2	3006.8
149.2	572.5	1005.7	2567.5	3022.1
150.0	590.4	993.1	2582.9	3034.5
150.8	557.0	970.3	2599.6	3043.7
151.4	553.8	949.9	2632.8	3068.4
152.2	534.3	929.7	2650.4	3071.9
152.7	524.3	942.0	2711.9	3106.1
152.9	489.0	910.9	2812.5	3149.1
153.2	456.1	932.7	2804.1	3183.2
153.4	464.0	902.8	2833.9	3202.2
153.8	463.7	930.2	2816.8	3197.9
152.9	459.6	892.2	2773.5	3179.4
151.9	468.8	924.3	2804.2	3179.2
151.6	479.0	895.0	2801.6	3175.0
151.1	503.0	938.0	2763.2	3167.7
151.9	537.2	924.8	2753.2	3131.1
153.5	539.4	937.3	2762.6	3109.0
153.7	549.5	940.9	2740.3	3089.5
153.8	543.7	944.6	2714.3	3098.2
154.5	563.3	961.9	2672.8	3113.9
154.8	582.6	984.5	2623.8	3124.7
155.5	554.4	1007.8	2622.4	3138.3
155.5	544.8	1034.5	2633.3	3217.2
155.9	487.9	1075.7	2507.8	3256.8
155.3	464.2	1066.1	2373.7	3249.8
154.4	469.0	1074.0	2369.3	3295.1
150.0	474.5	1102.7	2347.2	3362.2
152.3	497.9	1072.5	2336.6	3383.3
151.1	471.2	1111.3	2290.5	3383.8
150.1	485.0	1128.9	2244.0	3320.0
150.2	455.9	1157.9	2204.1	3284.4
148.7	460.7	1199.0	2196.7	3344.6
150.2	503.2	1190.2	2298.5	3311.1
149.8	538.1	1222.3	2428.7	3309.1
148.1	539.7	1156.6	2482.4	3280.1
147.4	598.0	968.6	2533.9	3265.9
146.1	522.6	886.0	2549.1	3281.2
144.7	501.6	930.5	2577.9	3287.1
144.2	436.8	986.5	2573.4	3242.6
142.9	430.8	951.4	2569.2	3244.2
142.4	417.9	999.5	2544.0	3327.8
141.4	421.2	952.2	2542.6	3672.4
141.2	424.7	990.9	2565.1	3844.2
141.2	422.4	994.6	2531.1	3860.3
141.1	453.5	990.3	2546.9	3619.5
144.4	587.2	1086.6	2543.8	3191.5
146.7	618.6	1169.8	2527.3	3123.9
144.8	645.9	1205.4	2494.1	3094.2
145.3	632.3	1239.0	2466.7	3095.7
146.2	655.4	1259.3	2469.7	3093.7
146.7	647.5	1316.9	2427.0	3103.6
147.1	659.4	1363.9	2399.3	3110.6
147.1	642.8	1419.4	2336.3	3146.3
146.4	660.5	1462.4	2343.7	3196.7
144.7	652.5	1481.6	2318.5	3209.5
143.2	657.4	1512.8	2319.2	3202.2
140.9	662.7	1534.3	2323.4	3256.0
138.8	647.9	1526.1	2304.4	3260.4
135.9	657.1	1575.5	2339.1	3278.3
129.1	667.7	1607.6	2313.3	3295.9
124.8	658.5	1613.6	2277.6	3327.2
121.4	658.4	1631.8	2283.1	3329.3
117.1	663.2	1667.3	2248.9	3277.4
112.8	662.6	1707.1	2257.7	3167.0
109.8	667.1	1710.6	2276.7	3177.2
107.4	673.4	1737.5	2251.0	3262.7
105.3	619.5	1783.8	2316.9	3302.2
102.5	575.5	1820.0	2419.9	3290.4
98.0	486.6	1810.5	2464.5	3266.4
92.9	691.7	1774.7	2419.8	3255.7
91.8	737.5	1911.2	2474.8	3344.2
73.6	997.4	1986.1	2495.6	3441.5
0.0	677.6	1973.8	2507.9	3400.7
400.0	1289.3	2237.2	2666.5	3403.0
85.1	920.7	2258.0	2649.0	3408.1
0.0	978.8	2240.8	2626.0	3410.5
0.0	1067.0	2242.6	2628.9	3439.9
0.0	1009.5	2135.9	2641.6	3396.9
0.0	1151.6	2116.9	2631.2	3343.2
0.0	670.4	2003.4	2610.9	3277.9
300.0	1109.9	2202.9	2688.1	3248.0
226.4	694.9	2209.8	2746.7	3307.2
461.5	1062.1	2258.9	3041.1	3422.8
122.4	309.0	2147.2	3060.5	3512.9
93.0	730.3	1693.7	2735.1	3385.2
80.5	964.5	1703.9	2645.2	3430.5
0.0	992.4	1832.9	2592.0	3644.4
0.0	803.3	1775.3	2577.6	3489.2
0.0	913.1	1698.0	2511.3	3402.0
0.0	1015.3	1639.5	2522.6	3421.8
0.0	1127.3	1676.7	2491.8	3305.9
104.3	866.8	1712.0	2783.2	3540.3
0.0	708.2	1644.9	2582.0	3522.3
0.0	769.8	1611.1	2512.5	3449.1
240.0	882.2	1623.4	2479.9	3378.0
151.9	729.1	1593.7	2482.7	3321.8
193.5	737.8	1552.8	2509.6	3313.6
93.8	733.9	1575.7	2540.4	3399.3
0.0	797.1	1592.6	2568.2	3359.9
0.0	908.2	1552.2	2588.9	3373.8
74.1	815.8	1539.2	2584.6	3414.2
0.0	702.3	1516.1	2534.8	3401.2
315.8	734.2	1508.5	2597.0	3397.4
112.1	639.9	1472.6	2562.4	3416.7
120.0	568.7	1434.2	2572.9	3412.2
0.0	656.1	1395.6	2601.3	3442.1
73.6	577.7	1358.9	2491.3	3366.4
0.0	564.3	1313.2	2429.5	3343.3
0.0	997.3	1416.4	2576.0	3445.9
