0.0	0.0	0.0	0.0	0.0
0.0	0.0	0.0	0.0	0.0
0.0	0.0	0.0	0.0	0.0
0.0	714.5	1961.2	2726.9	3509.1
0.0	791.8	1865.7	2712.1	3384.6
0.0	819.8	1697.4	2698.9	3371.8
0.0	941.3	1864.8	2732.8	3486.8
0.0	845.6	1664.1	2541.8	3428.6
0.0	786.8	1659.6	2552.0	3421.7
0.0	882.0	1676.9	2635.1	3400.6
0.0	1022.8	1735.7	2745.0	3451.4
0.0	930.3	1748.6	2690.2	3524.5
0.0	965.4	1903.9	2635.0	3566.8
0.0	1154.0	1942.6	2665.2	3569.6
0.0	785.8	1661.9	2701.9	3601.6
0.0	769.1	1555.5	2630.1	3412.2
0.0	745.1	1621.1	2559.7	3223.1
222.2	825.5	1687.2	2570.0	3383.2
0.0	813.6	1665.7	2717.9	3676.2
0.0	705.3	1564.5	2681.3	3801.5
132.0	721.2	1585.4	2662.1	3775.5
128.0	714.4	1586.0	2641.3	3520.7
124.4	716.1	1581.3	2632.9	3500.5
122.1	662.0	1574.1	2664.5	3508.3
120.9	613.7	1574.3	2710.0	3514.3
120.0	610.1	1567.0	2723.0	3184.5
120.0	549.5	1538.8	2724.0	3299.5
120.5	513.8	1470.9	2713.3	3517.6
117.5	482.0	1443.9	2724.1	3642.3
111.1	495.1	1467.8	2763.0	3693.9
106.2	517.9	1522.5	2742.5	3657.3
106.2	482.8	1565.9	2803.4	3711.4
0.0	446.6	1492.5	2820.2	3644.2
0.0	428.0	1500.7	2884.1	3539.5
0.0	452.9	1482.3	2713.4	3457.1
0.0	447.0	1445.4	2497.1	3026.1
120.0	455.6	1420.4	2329.3	2961.4
117.6	428.8	1417.4	2164.5	3068.1
115.4	422.2	1332.6	2009.8	3114.8
117.6	427.6	1288.1	1703.9	3007.6
119.4	425.1	1236.3	1624.1	3036.8
119.7	423.2	1183.2	1578.9	3042.1
119.5	398.1	1165.1	1587.0	3032.9
121.5	407.2	1132.2	1612.8	3030.6
121.3	418.5	1142.5	1653.9	3067.3
122.1	415.5	1134.7	1671.0	3063.9
123.3	427.7	1144.5	1773.1	2965.4
126.7	434.4	1147.0	1932.6	3035.0
126.4	471.8	1131.3	2104.5	2985.5
126.6	508.6	1073.5	2448.8	3157.3
126.6	461.9	1031.2	2611.2	3418.3
126.7	462.7	1011.9	2648.4	3564.9
125.7	477.2	975.3	2663.9	3530.8
123.9	479.2	956.8	2714.5	3525.8
121.3	473.7	938.5	2719.1	3595.4
119.1	464.4	918.1	2688.0	3641.3
116.7	449.1	895.6	2723.6	3634.6
113.9	475.3	869.5	2729.0	3614.7
111.6	473.7	847.5	2763.1	3590.0
109.5	490.1	833.7	2750.9	3547.7
107.2	504.5	857.4	2741.4	3527.4
105.1	475.1	893.7	2689.5	3535.7
101.9	403.6	1667.2	2467.5	3416.3
97.5	313.5	1721.0	2434.5	3360.5
86.3	699.8	1775.2	2618.0	3425.3
88.9	631.1	1720.9	2546.0	3417.7
93.0	591.8	1610.5	2612.5	3473.9
0.0	837.6	1707.2	2636.1	3495.3
0.0	884.7	1780.3	2612.6	3466.0
0.0	768.8	1709.8	2576.2	3554.7
0.0	673.8	1507.2	2674.2	3544.1
0.0	744.3	1284.2	2811.5	3559.9
461.5	834.4	1476.1	2794.3	3504.6
0.0	762.2	1306.3	2690.6	3403.6
0.0	687.6	1016.8	2550.1	3323.7
0.0	668.9	1076.1	2448.0	3250.1
123.2	615.2	1153.1	2318.0	3178.3
118.7	616.2	1194.3	2072.2	3112.7
116.8	607.8	1254.8	1986.5	3047.6
115.8	599.7	1265.8	1880.2	3043.0
116.0	600.1	1310.7	1839.3	2995.7
115.5	587.5	1342.0	1816.4	2978.8
114.8	598.3	1389.9	1803.0	2948.0
112.9	635.3	1530.7	1787.7	2938.5
110.1	350.0	1657.3	2087.1	3284.8
152.8	341.0	1618.1	2347.1	3344.9
80.0	771.9	1719.2	2565.5	3417.3
91.6	726.3	1777.8	2618.9	3403.0
0.0	689.0	1782.0	2537.8	3422.9
0.0	753.7	1750.2	2580.2	3391.0
0.0	686.6	1645.6	2732.5	3502.3
0.0	731.0	1639.9	2567.2	3514.8
218.2	682.5	1610.4	2445.2	3341.1
0.0	650.1	1551.0	2415.6	3112.3
0.0	650.3	1592.7	2395.4	3221.3
122.6	679.2	1604.6	2375.2	3267.3
118.8	680.7	1633.4	2462.7	3294.3
114.8	712.3	1651.9	2471.9	3280.9
114.3	682.5	1670.8	2516.6	3348.0
113.2	702.3	1651.6	2527.3	3311.4
112.5	789.0	1612.4	2512.1	3368.8
112.2	803.5	1560.9	2447.5	3356.7
110.3	683.2	1468.3	2304.1	3310.0
108.2	564.8	1384.0	2278.9	3309.4
105.2	564.8	1367.2	2228.9	3255.0
100.5	862.4	1689.7	2491.4	3280.6
94.8	920.4	1766.0	2694.4	3378.9
83.9	974.3	1760.4	2560.9	3425.3
272.7	1289.4	1795.8	2550.9	3472.5
99.2	779.0	1613.0	2571.2	3393.0
142.9	775.5	1689.6	2692.0	3456.5
315.8	887.1	1713.2	2674.5	3454.3
142.9	915.7	1684.4	2731.9	3513.0
0.0	884.8	1728.7	2653.4	3509.1
0.0	781.3	1406.1	2500.4	3441.2
0.0	709.7	1304.4	2448.3	3442.7
0.0	655.3	1107.8	2462.0	3448.8
0.0	657.7	1060.9	2357.1	3470.9
0.0	678.6	1071.6	2338.2	3438.1
109.5	710.3	1111.1	2340.7	3365.9
109.6	745.8	1175.5	2303.7	3291.4
109.6	737.2	1207.6	2290.8	3126.1
109.5	736.7	1224.6	2227.2	3017.6
109.1	727.3	1238.5	2165.5	2878.6
109.1	744.0	1261.4	2155.2	2819.6
109.1	693.4	1264.0	2120.7	2800.7
109.1	747.1	1252.5	2061.3	2815.1
109.9	698.8	1226.2	1923.6	2781.1
110.1	664.5	1130.7	1865.1	2826.5
110.1	639.5	1041.4	1781.2	2848.3
109.1	515.0	1109.5	1739.9	2907.1
107.6	367.8	1005.4	1686.9	2901.9
107.1	425.6	1014.0	1659.2	2903.9
106.2	428.6	996.3	1628.8	2909.7
108.1	456.7	1059.3	1623.5	2920.2
108.1	428.4	987.9	1625.2	2949.9
106.2	439.6	1010.5	1647.4	2978.7
105.3	595.0	1087.3	1619.5	2968.5
105.7	604.0	1191.6	1599.7	2946.9
105.0	589.1	1259.8	1629.6	2929.4
103.5	599.5	1328.3	1621.8	2878.2
103.4	596.6	1432.0	1677.3	2874.2
102.6	507.9	1495.6	1848.3	2859.1
102.6	488.6	1559.7	2013.8	2885.0
99.2	618.6	1728.7	2320.0	3202.5
95.2	610.8	1946.7	2979.8	3283.7
91.6	1064.0	1978.0	2985.3	3569.7
0.0	695.9	1784.2	2938.8	3708.6
0.0	747.6	1788.6	2980.4	3790.2
571.4	715.6	1689.7	2772.2	3671.8
162.2	815.3	1623.5	2604.5	3613.2
79.5	854.5	1541.0	2487.3	3468.9
94.5	820.7	1497.7	2454.0	3412.5
0.0	793.8	1466.4	2557.9	3465.7
0.0	858.4	1485.1	2328.3	2975.2
0.0	728.7	1380.2	2327.9	3112.0
121.5	728.4	1384.3	2336.9	3382.9
106.3	686.0	1384.5	2324.9	3308.4
105.3	680.8	1404.5	2298.1	3125.3
104.2	669.4	1433.3	2248.0	3082.8
103.1	672.8	1434.0	2184.5	3112.4
102.1	666.8	1442.1	2127.2	3123.5
101.4	648.2	1436.0	2059.0	3192.5
101.3	638.8	1432.9	1977.7	3218.3
100.2	636.7	1401.5	1924.7	3242.6
100.6	629.6	1403.9	1866.8	3218.5
99.8	625.7	1398.0	1787.3	3196.5
98.6	611.3	1399.3	1758.7	3187.6
98.9	582.0	1344.8	1706.5	3108.7
98.4	540.4	1322.1	1722.7	2985.1
98.4	526.1	1336.8	1712.4	3026.9
99.4	516.5	1336.8	1723.9	3022.4
100.3	495.7	1259.0	1761.7	2943.9
98.2	384.8	1195.3	2461.8	3270.0
99.2	408.7	1161.6	2695.7	3602.6
97.6	405.8	1150.1	2744.0	3600.9
0.0	442.5	1111.2	2630.7	3505.7
107.1	465.5	1103.6	2720.2	3471.7
101.7	459.1	1070.6	2643.2	3268.5
102.6	455.4	1136.1	2590.2	3333.9
98.4	469.7	1197.7	2682.2	3546.3
0.0	478.6	1244.6	2826.1	3645.5
107.8	484.4	1260.8	2832.8	3711.3
108.8	489.1	1251.4	2822.3	3684.9
109.5	494.1	1231.5	2809.6	3744.0
109.4	484.5	1185.4	2826.4	3777.8
108.4	496.8	1134.9	2817.4	3727.2
106.5	505.9	1097.4	2878.7	3527.1
102.7	376.6	1061.9	2809.6	3583.4
102.6	469.0	1044.0	2774.5	3749.7
105.7	438.9	1016.4	2791.0	3846.8
105.1	437.0	990.4	2741.5	3817.9
103.7	437.4	967.2	2658.1	3715.9
101.8	441.8	944.0	2667.5	3681.4
100.8	456.7	966.2	2728.8	3819.7
99.6	488.6	987.5	2794.8	3813.9
97.2	591.4	1040.9	2793.1	3783.3
95.2	560.3	1125.4	2786.9	3771.8
92.5	564.0	1196.7	2733.0	3594.4
88.2	694.6	1338.1	2616.9	3217.6
90.2	867.9	1422.9	2744.0	3204.6
92.5	913.7	1443.8	2775.8	3056.3
92.3	894.8	1485.8	2808.1	3511.2
90.7	806.5	1490.9	2768.7	3668.6
93.8	744.8	1498.5	2744.0	3552.3
113.3	677.5	1480.2	2707.3	3548.7
114.5	662.0	1517.1	2707.2	3674.6
109.5	661.0	1488.8	2701.8	3644.1
104.6	634.5	1438.3	2688.0	3647.7
101.7	641.3	1419.7	2688.6	3695.5
99.5	654.9	1345.4	2689.5	3661.4
98.3	651.0	1256.1	2676.9	3486.6
98.8	649.2	1188.9	2663.5	3473.0
98.9	641.8	1139.6	2679.2	3500.5
98.4	634.3	1087.8	2685.3	3623.4
98.0	634.8	1033.9	2686.2	3714.5
97.4	633.5	1029.1	2676.7	3708.5
96.3	645.0	1030.3	2679.3	3700.4
96.3	625.8	1019.5	2701.2	3723.8
96.4	627.2	985.6	2690.8	3704.8
95.0	649.0	981.9	2669.8	3661.5
94.3	641.9	909.2	2673.7	3706.2
95.3	605.1	881.8	2674.7	3639.9
94.8	521.5	862.0	2683.5	3440.1
96.6	494.8	820.1	2629.8	3463.9
97.3	455.1	829.5	2506.6	3486.1
131.5	603.4	1746.1	2627.6	3600.1
88.2	677.5	1712.1	2597.4	3437.3
142.6	740.8	1733.2	2517.0	3390.5
63.8	970.4	1696.8	2536.3	3424.5
155.8	250.1	1618.1	2522.5	3469.1
160.0	211.5	1486.8	2555.1	3540.2
169.0	239.6	1544.7	2588.5	3524.6
0.0	275.8	1682.4	2578.2	3464.0
0.0	702.1	1649.5	2493.2	3317.9
