0.0	0.0	0.0	0.0	0.0
0.0	0.0	0.0	0.0	0.0
0.0	0.0	0.0	0.0	0.0
0.0	550.4	1667.6	2414.8	3260.2
0.0	677.9	1742.0	2458.3	3397.5
0.0	739.7	1806.0	2396.3	3407.4
0.0	782.4	1810.4	2533.9	3478.9
0.0	780.4	1805.8	2651.0	3467.3
0.0	895.6	1836.8	2581.8	3444.2
0.0	949.8	1739.7	2471.0	3447.2
324.3	989.6	1749.3	2601.0	3535.6
0.0	796.3	1811.6	2662.3	3518.6
0.0	778.2	1804.6	2589.5	3468.8
0.0	853.2	1815.3	2644.7	3444.2
71.4	878.0	1718.6	2579.6	3378.5
0.0	764.8	1662.8	2561.4	3397.9
0.0	679.1	1756.2	2680.8	3364.6
0.0	666.2	2153.3	2826.9	3403.9
300.0	788.0	2337.1	2978.3	3423.0
0.0	776.5	2231.0	2813.2	3447.7
0.0	823.3	2164.0	2841.5	3511.1
0.0	868.0	2220.9	2722.1	3443.7
0.0	964.3	2240.1	2701.8	3489.0
428.6	982.7	2323.6	2745.4	3565.5
0.0	1002.5	2422.7	2764.5	3531.0
190.5	827.3	2266.1	2761.9	3459.8
206.9	460.6	1885.5	2735.2	3436.9
200.0	440.6	1910.9	2739.8	3508.8
196.5	443.3	1923.7	2771.8	3508.5
255.8	318.9	1963.2	2750.7	3536.3
134.7	294.8	1997.0	2718.6	3538.7
132.4	464.2	1998.3	2692.8	3569.5
130.3	364.5	2002.8	2714.0	3593.0
127.2	403.2	2031.8	2689.8	3662.2
120.8	915.0	1928.2	2720.4	3691.0
354.2	847.8	1940.2	2746.2	3710.3
0.0	843.4	1985.5	2722.5	3783.0
480.0	797.9	1996.4	2749.2	3800.6
0.0	864.2	2035.4	2846.4	3730.9
0.0	936.6	2127.8	3023.6	3746.9
0.0	993.5	2028.3	2874.8	3877.5
0.0	836.1	1949.0	2801.7	3992.9
0.0	853.7	1904.0	2800.1	3991.8
315.8	786.4	1806.6	2924.5	4024.8
125.0	578.5	2057.6	3105.3	4030.6
122.4	591.0	1970.3	2762.0	3694.2
187.5	774.4	1728.2	2552.3	3641.1
0.0	722.8	1846.0	2637.3	3590.3
0.0	644.9	1878.6	2545.2	3578.4
0.0	291.3	1131.8	2352.7	3468.7
0.0	341.1	1234.3	2329.9	3292.5
138.9	566.2	1278.6	2332.3	3425.3
279.6	591.9	1280.3	2314.0	3323.8
132.3	632.5	1246.5	2249.5	3259.3
129.6	659.7	1181.6	2191.6	3256.4
128.9	649.7	1133.1	2193.8	3189.7
128.8	652.1	1128.3	2165.5	3096.9
129.4	655.8	1116.9	2128.3	2964.9
130.2	669.9	1090.3	2080.4	2809.6
131.0	623.6	1104.1	1961.2	2700.9
135.7	639.4	1113.5	1825.5	2641.5
137.7	606.9	1106.9	1727.9	2578.0
139.5	593.6	1108.9	1659.4	2563.1
139.6	601.1	1098.3	1636.5	2547.7
139.0	607.0	1076.4	1633.1	2513.5
138.2	606.8	1074.4	1651.0	2517.7
137.5	610.0	1029.7	1718.3	2556.4
136.4	596.8	1012.5	1811.6	2580.9
134.7	636.9	987.3	1922.7	2547.7
134.8	603.7	909.9	2037.5	2602.2
135.0	631.2	885.3	2161.4	2820.1
135.9	623.9	870.0	2231.2	3092.8
135.9	609.0	879.5	2294.6	3224.7
136.4	603.3	872.0	2292.8	3228.4
137.0	576.2	865.4	2279.1	3199.0
137.9	569.5	871.6	2306.9	3213.8
138.0	549.6	888.3	2324.8	3268.2
137.5	534.7	930.0	2233.8	3363.3
137.3	401.0	1124.0	2271.3	3296.9
134.8	397.9	1319.6	2361.5	3287.3
64.9	357.2	1163.2	2371.6	3404.6
137.7	282.5	1081.2	2417.5	3284.2
129.7	564.8	1139.6	2318.0	3247.5
128.1	541.1	1136.8	2033.0	3001.5
131.9	555.0	1052.3	2016.8	3000.5
132.2	1062.8	1991.2	2808.0	3615.8
125.1	346.2	1487.5	2208.3	3245.3
123.4	275.9	1482.6	2429.4	3391.6
126.4	252.3	1283.4	2292.3	3282.2
127.1	429.3	1070.2	2262.2	3121.8
128.4	441.2	968.1	2340.1	3067.8
127.6	425.3	1028.8	2308.5	2984.7
125.5	437.2	1207.0	2352.4	3075.6
125.0	523.0	2213.6	2512.1	3603.2
127.7	516.3	2199.1	2518.4	3584.3
126.8	518.7	773.8	2489.3	3138.9
125.8	537.6	740.0	2521.9	2888.5
128.8	529.4	773.1	2533.7	2944.1
129.3	527.3	777.7	2443.9	2891.1
128.9	529.6	857.2	2282.1	2854.1
128.3	532.7	1005.9	2151.4	2773.9
127.9	533.3	1094.6	1991.6	2697.6
127.4	522.9	1223.8	1747.9	2641.3
126.4	500.5	1365.9	1964.1	2668.4
126.3	430.0	1487.5	2222.8	2687.8
123.3	289.8	1625.4	2332.2	2698.4
122.8	263.0	1604.6	2369.1	2892.1
121.8	532.3	1790.5	2347.5	2989.6
255.0	528.2	1919.7	2527.0	3414.6
252.5	497.2	2059.3	2560.6	3578.2
119.9	462.7	2076.9	2495.1	3648.4
121.5	453.6	1980.7	2405.1	3484.9
119.0	276.8	831.4	2278.2	2687.5
117.6	276.6	822.4	2344.1	2850.5
120.0	330.4	841.8	2357.1	2672.4
118.8	348.9	799.7	2314.5	2624.6
118.7	339.6	802.4	2212.1	2483.0
118.7	478.9	1138.8	2367.0	3438.8
243.6	493.5	1040.3	2405.6	3437.0
120.0	487.4	1011.1	2453.7	2923.9
119.0	491.1	1001.9	2325.6	2767.2
118.9	472.7	949.2	2246.0	2838.3
118.8	488.7	917.0	2339.6	2991.7
119.6	524.1	1045.1	2404.2	3358.2
124.8	548.2	1075.7	2575.6	3407.1
124.0	582.8	1158.3	2507.9	3472.1
123.5	576.0	1215.2	2340.4	3461.7
122.5	583.9	1322.4	2558.5	3361.1
121.8	584.6	1502.9	2587.9	3274.5
120.2	575.0	1739.3	2587.7	3457.5
119.0	574.5	1911.8	2610.9	3480.9
118.2	581.1	2027.1	2626.7	3455.5
117.8	491.7	2137.5	2653.0	3402.0
114.8	466.8	2282.0	2729.2	3377.6
121.6	424.7	2247.2	2757.6	3290.7
126.0	418.8	2242.2	2720.4	3376.3
126.7	364.6	2077.7	2598.9	3369.7
128.3	524.1	2231.5	2658.2	3566.2
132.8	622.9	2170.1	2704.7	3455.6
67.0	616.8	2083.4	2695.8	3465.2
65.8	701.9	2128.3	2693.0	3645.0
131.4	699.9	2141.6	2639.3	3623.8
0.0	793.2	2025.4	2626.8	3508.1
0.0	573.3	1968.4	2625.5	3447.3
210.6	498.5	1908.3	2564.6	3376.0
0.0	563.6	1746.8	2632.1	3417.1
