0.0	0.0	0.0	0.0	0.0
0.0	0.0	0.0	0.0	0.0
0.0	0.0	0.0	0.0	0.0
0.0	1112.6	1960.4	2729.6	3395.0
0.0	1130.1	1917.8	2674.8	3407.4
0.0	794.1	1665.5	2549.0	3394.5
113.2	808.2	1791.8	2502.1	3509.7
122.4	760.9	1800.6	2621.7	3506.3
0.0	817.2	1862.5	2689.0	3500.2
0.0	977.7	1925.1	2721.1	3410.8
0.0	889.5	1855.6	2621.6	3280.6
0.0	1037.0	1897.6	2619.9	3303.2
0.0	864.8	1906.8	2619.1	3312.3
0.0	904.4	1881.7	2553.8	3399.0
0.0	1024.6	1833.9	2532.6	3453.6
0.0	523.7	1737.5	2633.0	3308.5
200.0	291.5	1861.2	2734.0	3322.8
0.0	427.8	1901.9	2693.6	3448.7
202.0	416.0	1891.9	2696.9	3475.0
201.7	514.2	1856.6	2670.1	3385.6
0.0	566.3	1874.4	2707.6	3403.2
126.0	570.4	1845.2	2687.2	3147.2
126.9	514.0	1821.1	2639.7	3182.1
125.0	450.9	1775.6	2601.7	3369.7
120.3	459.4	1699.8	2546.9	3521.7
118.7	546.2	1699.1	2509.2	3546.5
100.9	679.3	1723.1	2603.6	3430.1
0.0	620.1	1502.4	2589.4	3309.1
0.0	577.5	1411.9	2577.3	3174.7
116.5	618.7	1310.1	2604.1	3141.3
114.3	646.7	1234.1	2667.4	3244.0
110.1	653.2	1176.7	2735.0	3340.5
108.1	658.9	1120.2	2783.4	3356.5
109.1	645.0	1022.7	2825.3	3386.1
108.1	625.9	965.7	2850.2	3456.5
108.1	606.9	955.5	2865.8	3453.4
107.1	633.6	955.9	2887.5	3492.1
107.1	621.4	926.5	2889.3	3490.3
108.1	604.0	904.1	2928.4	3528.0
108.1	627.2	888.8	2954.0	3582.0
109.1	553.3	857.7	2974.2	3607.9
111.1	519.0	872.3	2999.4	3584.9
113.2	444.4	896.6	2988.0	3498.4
118.8	454.8	1037.0	2739.7	3230.7
118.8	538.5	1627.3	2502.2	3500.6
115.4	775.6	1681.3	2424.9	3545.8
131.9	1025.6	1535.7	2539.7	3255.9
0.0	1175.5	1919.0	2849.8	3556.8
0.0	796.1	1618.5	2718.1	3447.7
0.0	1114.8	1890.0	2671.9	3414.5
0.0	1194.7	1516.1	2591.0	3282.2
0.0	783.9	1702.0	2791.2	3546.0
0.0	735.8	1768.2	2896.9	3734.0
0.0	803.8	1726.4	2902.2	3759.2
461.5	888.2	1691.9	2819.9	3634.7
0.0	819.4	1700.7	2744.8	3522.1
0.0	842.7	1716.7	2786.5	3440.8
0.0	526.3	1691.1	2725.8	3302.9
0.0	482.1	1715.5	2666.4	3096.0
160.0	444.2	1762.4	2634.1	3005.5
150.0	432.2	1777.6	2615.8	3080.9
149.2	467.4	1819.4	2655.1	3236.4
144.6	497.4	1876.1	2477.9	2777.0
136.4	479.5	1930.7	2565.6	2873.8
131.9	427.8	2005.0	2471.8	2854.3
133.3	354.9	2096.0	2533.2	3095.5
131.9	330.7	2072.8	2425.3	3210.4
129.0	200.0	1393.1	2402.6	3253.0
110.1	376.9	1578.1	2546.8	3403.9
66.7	1253.2	1712.6	2629.4	3479.8
0.0	683.1	1583.1	2434.1	3278.8
375.0	650.9	1637.9	2484.3	3470.1
0.0	663.1	1750.3	2713.4	3686.5
196.7	972.1	1773.2	2861.4	3903.3
214.3	842.8	1918.4	2910.8	3994.9
0.0	747.1	1835.2	2812.4	3867.6
413.8	782.9	1757.4	2824.4	3805.7
240.0	743.3	1772.4	2794.4	3671.2
0.0	561.0	1680.6	2689.2	3469.1
0.0	362.4	1811.5	2769.4	3542.1
82.8	983.6	1983.4	2629.0	3483.5
0.0	1037.0	1986.2	2655.7	3450.1
0.0	823.1	1696.3	2566.8	3385.8
0.0	1018.1	1748.7	2652.5	3331.7
0.0	658.5	1450.7	2597.4	3397.6
0.0	856.9	1629.5	2666.8	3465.8
0.0	754.3	1634.1	2814.8	3556.6
0.0	759.5	1587.4	2877.5	3651.0
0.0	773.0	1445.6	2884.7	3696.3
203.4	816.5	1490.9	2966.7	3753.5
0.0	878.9	1644.9	2829.4	3738.7
0.0	879.0	1680.5	2815.5	3692.6
0.0	642.9	1170.1	2638.7	3674.4
134.8	659.2	1257.9	2694.1	3707.8
0.0	614.6	1297.2	2690.8	3703.4
0.0	601.4	1352.7	2626.1	2976.8
141.2	614.3	1467.6	2380.1	2839.1
141.2	557.1	1548.7	2442.4	2923.8
134.8	579.8	1623.7	2241.2	2791.0
134.8	570.0	1720.2	2042.6	2700.6
134.8	450.0	1790.0	2314.4	2744.7
133.3	483.5	1829.6	2256.0	2734.9
133.3	405.2	1893.3	2336.5	2823.9
129.0	362.1	1943.2	2554.0	3019.5
131.9	351.4	1948.2	2541.1	2985.1
131.9	360.5	1971.5	2570.6	2984.3
131.9	365.2	1910.7	2549.0	3146.1
131.9	358.9	1803.2	2542.6	3580.3
131.9	938.4	1767.4	2902.1	4160.7
144.6	437.1	1729.1	2802.9	4097.7
571.4	765.4	1836.0	2867.2	3924.6
0.0	796.1	1847.1	2735.5	3845.3
0.0	838.9	1790.3	2784.4	3899.6
413.8	822.2	1754.8	2935.4	4133.8
0.0	771.8	1712.0	2936.3	4022.9
187.5	783.6	1724.2	2777.0	3703.8
160.0	1016.2	1821.4	2747.7	3624.0
67.4	822.7	1913.7	2603.8	3578.2
71.0	316.0	1826.0	2463.3	3522.0
0.0	316.9	1231.7	2464.4	2832.0
164.4	325.9	1130.8	2170.0	2693.8
0.0	329.1	1151.0	2183.8	2667.4
136.4	317.6	1269.2	2216.4	2667.5
121.2	335.3	1281.0	2225.5	2645.2
121.2	339.8	1353.6	2283.0	2644.5
118.8	368.0	1353.3	2346.3	2781.7
117.6	352.3	1788.2	2297.1	2846.9
117.6	367.8	1992.1	2445.7	2795.6
116.1	377.2	2203.4	2705.3	2820.2
114.3	366.9	2222.4	2769.5	3088.4
114.3	366.3	2247.3	2712.5	3094.8
114.3	350.8	2227.5	2681.9	3007.3
114.7	396.8	2156.1	2661.5	2952.9
115.4	390.6	2056.7	2536.5	2914.3
116.5	445.6	2064.2	2427.6	2919.3
115.4	472.4	2050.5	2437.3	2999.1
115.1	483.6	2078.5	2455.7	3015.2
114.0	482.5	2047.2	2492.8	3054.0
114.3	487.0	2080.4	2486.0	3037.1
115.4	462.1	2070.1	2451.7	2986.7
116.2	512.7	2083.4	2411.9	2842.7
118.8	344.0	2160.1	2479.8	3095.9
122.4	342.7	2142.1	2519.3	3182.5
121.2	319.8	2089.5	2571.2	3203.9
126.3	311.1	2031.2	2612.2	3403.0
121.2	332.5	1839.4	2562.8	3458.6
70.2	413.4	1707.1	2582.7	3360.0
64.2	894.7	1790.0	2692.9	3433.4
0.0	886.6	1695.5	2706.2	3387.2
0.0	884.0	1689.7	2791.5	3508.2
324.3	639.6	1869.1	2753.3	3622.6
0.0	626.5	1940.2	2766.7	3567.2
387.1	836.4	1981.1	2845.2	3620.3
0.0	540.3	1939.0	2765.4	3597.5
0.0	638.7	1982.4	2680.2	3518.0
166.7	649.9	2026.1	2596.0	3427.8
179.1	446.5	1997.2	2570.5	3400.0
0.0	453.7	1781.8	2479.3	3218.1
0.0	389.1	1920.1	2452.1	3060.6
0.0	328.1	1129.4	2359.2	2695.3
115.4	305.5	1809.5	2338.5	2716.7
142.9	374.3	1088.6	2278.3	2633.1
0.0	342.6	1082.3	2220.6	2701.3
126.3	304.4	1112.3	2238.5	2818.1
64.2	335.1	1120.1	2246.9	2675.3
214.3	352.1	1104.4	2358.9	2819.4
0.0	351.7	1168.0	2429.9	2842.8
63.8	321.6	1595.3	2463.1	3358.4
222.2	779.0	1762.3	2426.0	3482.9
85.1	678.2	1809.4	2617.2	3454.6
171.4	1122.6	1743.1	2916.3	3781.2
0.0	875.9	1776.2	3066.2	4323.2
0.0	894.8	2011.8	3027.4	4375.7
106.2	991.7	2032.3	2966.0	4399.3
75.0	1008.1	2017.0	2972.9	4560.9
0.0	718.5	1896.6	2815.3	4291.4
0.0	920.1	1893.4	2879.5	4538.1
428.6	957.8	1810.4	2897.1	4327.7
85.1	996.1	1943.4	2922.4	3987.0
0.0	793.7	1802.0	2716.8	3876.8
181.8	700.1	1768.0	2704.2	4143.5
292.7	842.6	1847.2	2662.5	4031.8
114.3	751.1	1815.0	2664.2	3962.8
0.0	652.2	1763.1	2740.6	3900.8
155.8	566.9	1628.2	2647.3	3866.6
0.0	556.0	1609.3	2620.8	3526.7
0.0	586.1	1660.4	2599.8	3248.4
121.5	614.7	1663.6	2059.1	2784.9
122.4	548.0	1672.2	1866.5	2738.7
121.2	501.3	1698.4	2003.8	2783.6
122.4	463.7	1745.6	1987.3	2862.3
122.4	410.2	1763.4	2046.7	2893.9
121.2	429.9	1681.4	2103.0	3008.4
123.7	371.4	1532.3	2266.2	2855.1
121.2	352.5	1192.9	2340.4	2784.4
129.0	342.2	1187.8	2447.9	2996.1
129.0	290.7	1830.2	2594.6	3382.2
139.5	702.5	1895.8	2838.8	3372.3
150.0	923.3	2278.3	3030.2	3371.9
169.0	686.5	2342.0	2950.2	3407.0
324.3	692.8	2034.9	2822.7	3336.6
0.0	710.1	1937.1	2715.3	3266.1
375.0	1026.3	1885.8	2612.4	3312.6
0.0	835.8	1913.6	2507.4	3251.0
0.0	588.0	1801.6	2376.1	3126.8
0.0	761.7	1931.1	2359.9	3148.5
0.0	566.8	2026.2	2431.8	3184.2
0.0	670.2	1874.1	2393.3	3198.3
0.0	998.4	1925.3	2348.5	3225.9
285.7	646.4	1790.2	2188.4	3138.6
0.0	512.7	1541.8	1838.9	3189.3
135.0	514.5	1455.2	1747.2	3159.0
82.2	494.6	1393.6	1699.6	3260.6
150.6	432.7	1346.5	1702.8	3277.3
84.4	447.1	1275.6	1657.5	3255.7
0.0	431.1	1264.8	1680.6	3250.0
255.3	407.2	1278.5	1822.9	3225.7
73.6	465.8	1323.9	1720.2	3146.2
0.0	469.5	1409.1	1760.1	3150.7
0.0	503.5	1577.8	1884.4	3040.9
63.5	553.8	1616.8	1976.8	2963.9
0.0	535.8	1732.1	2172.4	2922.7
0.0	619.4	1774.7	2236.8	2945.6
300.0	557.5	1825.2	2277.4	2941.4
0.0	713.0	1880.5	2412.0	2984.8
0.0	395.7	1853.5	2392.2	3012.6
137.9	467.1	1979.1	2476.0	2980.5
0.0	646.9	2080.0	2693.2	3081.4
99.0	861.7	2188.5	2726.8	3181.6
103.1	496.7	2083.3	2617.6	3092.8
106.9	386.1	1864.7	2560.7	3041.8
110.4	333.4	1511.1	2509.6	3056.3
112.1	375.5	1166.9	2511.7	2988.1
116.5	325.5	1131.9	2534.1	2966.6
120.0	352.9	1234.0	2505.0	3003.3
122.4	770.0	1496.9	2534.3	2980.4
120.0	1122.6	1868.7	2561.8	3056.3
114.4	894.8	1862.7	2523.7	3095.6
116.9	955.4	1861.8	2609.3	3169.6
63.5	871.7	1910.2	2674.6	3224.3
0.0	883.2	1917.7	2659.6	3190.4
0.0	882.4	1884.6	2623.6	3102.9
157.9	859.6	1853.8	2523.6	2977.7
