0.0	0.0	0.0	0.0	0.0
0.0	0.0	0.0	0.0	0.0
0.0	0.0	0.0	0.0	0.0
0.0	435.1	1786.3	2716.4	3501.9
0.0	463.6	1787.0	2681.0	3451.3
0.0	456.0	1625.8	2654.5	3415.8
0.0	775.3	1539.0	2643.6	3413.0
0.0	939.7	1633.4	2549.4	3397.1
0.0	962.5	1676.1	2470.6	3436.5
0.0	778.1	1830.7	2601.9	3505.0
0.0	741.6	1781.7	2531.6	3337.8
0.0	828.7	1858.5	2670.7	3494.8
0.0	797.4	1721.4	2588.4	3521.8
0.0	921.8	1915.6	2524.4	3437.0
131.9	963.6	2063.2	2689.3	3473.0
0.0	966.9	1937.5	2776.2	3614.3
0.0	805.6	1695.5	2662.4	3470.5
0.0	764.8	1742.6	2560.9	3490.8
0.0	428.7	1690.4	2577.5	3461.2
0.0	423.3	1683.5	2528.2	3159.5
0.0	421.1	1685.1	2293.2	3020.5
0.0	443.6	1658.7	2159.0	2947.5
136.0	439.4	1596.0	1993.3	2954.0
0.0	429.4	1598.5	1918.1	2987.1
88.9	407.9	1610.6	1945.5	3023.9
0.0	398.5	1635.8	2000.6	2995.6
101.7	401.2	1671.3	2028.3	2987.8
101.7	396.9	1686.7	2118.3	2971.1
99.2	419.5	1723.4	2323.6	2959.3
99.2	482.4	1735.3	2407.7	3121.7
97.6	513.2	1741.9	2546.4	3338.8
94.5	593.9	2177.3	2868.9	3552.3
87.6	713.0	2160.8	3086.6	3503.1
87.0	712.8	2296.0	3199.6	3708.2
0.0	651.3	1773.3	3185.4	3755.5
0.0	684.2	1765.2	2990.3	3717.4
102.6	693.3	1926.3	2769.5	3645.0
102.6	326.1	1657.8	2375.4	3332.0
0.0	331.7	1125.4	2380.1	3018.4
0.0	338.1	1118.6	2609.9	3268.4
0.0	338.8	1135.7	2626.4	2906.1
118.8	342.7	1107.6	2386.2	2743.7
109.1	364.7	1262.3	2646.4	2901.3
111.1	355.4	1299.3	2554.6	2788.1
108.1	369.6	1606.1	2569.1	3210.5
110.1	380.1	1666.8	2555.3	3394.6
109.1	487.7	1639.7	2470.0	3344.0
111.1	471.1	1575.5	2306.2	3093.8
108.1	541.0	1484.0	2321.4	3217.8
112.1	539.9	1377.4	2261.4	3121.5
112.1	531.5	1298.7	2339.8	3108.7
113.2	542.4	1219.4	2440.3	3404.8
116.5	530.7	1156.5	2453.1	3455.4
111.1	502.0	1068.9	2516.8	3424.0
114.3	503.9	1025.4	2510.5	3435.1
112.1	481.4	938.6	2534.0	3405.5
111.1	461.7	889.8	2551.3	3384.4
113.2	442.3	822.2	2576.6	3317.3
115.4	442.6	755.0	2561.0	3298.3
110.1	400.5	700.2	2572.2	3296.2
109.1	427.0	1036.0	2599.5	3289.1
110.1	412.5	1132.2	2472.3	3258.4
108.1	445.2	1244.2	2520.3	3221.8
106.5	495.3	1234.1	2603.4	3283.3
109.9	488.6	1125.9	2506.7	3321.8
105.0	441.5	913.1	2463.4	3116.0
115.4	426.7	742.6	2426.2	3206.6
103.5	425.6	713.7	2389.8	3245.3
117.9	427.3	731.4	2411.4	3208.4
102.6	426.6	715.0	2395.1	3068.8
110.1	425.2	724.5	2387.5	3007.3
107.1	441.4	736.2	2393.1	3111.2
109.1	438.9	749.3	2429.9	3203.9
108.9	444.1	741.9	2440.0	3225.1
109.0	455.2	770.0	2451.4	3187.7
108.3	466.1	766.7	2476.4	3187.2
108.1	455.4	751.2	2466.1	3265.2
107.1	472.4	755.8	2420.6	3305.7
105.7	481.6	792.5	2405.1	3201.3
109.9	496.5	863.3	2326.8	3266.2
106.2	502.7	898.0	2258.6	3265.8
109.1	499.2	950.7	2191.8	3312.5
108.9	548.0	1039.1	2093.8	3337.5
108.0	546.3	1077.2	2014.6	3356.4
107.2	546.4	1094.5	1931.2	3285.7
107.1	586.1	1130.2	1849.9	3119.3
104.3	585.5	1129.9	1776.2	3083.0
102.1	574.6	1135.7	1720.7	3068.5
98.4	560.0	1131.8	1683.4	3078.2
96.8	430.9	1123.0	1638.1	3054.9
93.0	584.5	1199.1	1943.6	3135.5
90.9	628.3	1217.9	1795.0	3043.6
90.9	578.5	1209.4	1722.7	3166.9
94.5	423.1	1128.3	1947.8	3239.0
93.0	485.4	1085.7	2110.9	3285.3
90.2	552.0	1128.3	2532.3	3295.3
89.9	740.2	1140.5	2657.1	3299.3
90.5	718.8	1124.3	2663.0	3281.5
0.0	679.5	1095.2	2763.9	3291.4
0.0	694.3	1125.6	2623.3	3212.7
0.0	739.5	1154.2	2262.0	3282.7
103.9	606.2	1172.6	2408.9	3265.4
102.6	751.3	1338.6	2725.8	3227.5
0.0	738.8	1357.0	2427.7	3257.1
0.0	598.2	1392.5	2393.7	3237.2
117.1	632.3	1566.1	2389.4	3149.5
114.3	353.2	1201.4	2421.6	2806.1
121.2	323.6	1251.6	2439.4	2863.0
121.2	323.7	1208.7	2302.0	2733.1
129.0	333.3	1069.7	2281.3	2650.5
0.0	330.5	1082.6	2448.3	2988.1
0.0	351.5	1245.4	2364.1	2939.2
134.8	340.1	1497.3	2467.1	3072.3
0.0	317.5	1168.1	2318.1	2624.7
108.1	348.5	1593.1	2424.2	3167.6
78.9	418.2	1642.0	2469.0	3342.6
0.0	498.3	1751.2	2516.7	3316.1
0.0	619.5	1828.6	2531.4	3236.1
340.7	665.7	1817.3	2505.5	3241.9
120.0	639.8	1833.8	2500.0	3233.4
75.5	638.0	1851.8	2503.1	3263.3
126.3	635.2	1820.9	2453.1	3266.6
78.4	638.1	1822.8	2457.3	3281.0
0.0	680.2	1821.8	2476.3	3302.9
166.7	661.3	1798.8	2467.6	3353.7
0.0	604.4	1778.6	2431.6	3347.9
0.0	669.6	1680.4	2389.5	3288.6
0.0	741.5	1660.2	2328.8	3223.2
0.0	730.8	1596.7	2244.0	3143.5
80.0	691.6	1546.4	2307.8	3130.8
95.2	680.6	1484.7	2351.6	3173.7
84.1	468.5	1432.0	2312.4	3160.8
91.6	507.8	1377.4	2243.9	3137.7
87.3	699.2	1300.9	2202.7	3184.3
88.2	657.1	1231.0	2186.5	3220.1
89.6	676.8	1194.2	2177.3	3214.0
89.6	672.1	1140.4	2230.1	3221.4
89.3	688.8	1137.1	2208.3	3246.9
89.0	656.9	1038.4	2219.5	3224.5
88.2	645.9	1029.6	2268.1	3200.4
88.9	662.5	1031.5	2286.1	3210.4
88.1	777.0	1140.9	2284.2	3184.1
88.9	694.6	957.6	2232.4	3088.8
87.6	481.0	1101.1	2257.1	3188.0
89.4	760.0	1373.2	2346.8	3219.3
91.6	762.2	1336.6	2344.2	3352.5
93.0	581.5	1373.9	2367.0	3427.0
93.8	612.7	1559.8	2393.7	3350.8
102.6	649.8	1297.1	2385.4	3328.1
105.0	770.2	1238.0	2446.2	3370.3
110.8	831.3	1435.0	2374.9	3322.3
113.2	789.6	1555.0	2396.1	3362.7
113.1	834.9	1651.3	2463.2	3514.6
111.2	897.8	1699.0	2488.7	3464.3
