0.0	0.0	0.0	0.0	0.0
0.0	0.0	0.0	0.0	0.0
0.0	0.0	0.0	0.0	0.0
0.0	800.0	1870.4	2698.0	3688.0
0.0	922.4	1878.7	2635.2	3569.2
0.0	914.1	1920.1	2667.5	3501.9
113.2	896.0	1814.9	2696.1	3472.4
0.0	907.6	1701.5	2730.0	3400.4
0.0	879.5	1798.7	2751.2	3426.3
0.0	690.9	1808.0	2716.7	3420.8
0.0	720.8	1764.0	2686.6	3547.4
0.0	783.4	1508.6	2519.7	3445.4
0.0	759.1	1537.5	2328.9	3257.6
0.0	670.7	1550.7	2250.5	3160.0
0.0	829.0	1566.9	2439.4	3326.9
0.0	778.6	1590.0	2590.1	3512.2
0.0	365.7	1597.7	2571.3	3514.2
0.0	572.4	1644.5	2630.5	3714.7
0.0	491.7	1723.8	2646.5	3770.8
112.8	466.9	1842.8	2654.9	3722.9
108.3	445.4	1939.7	2692.6	3733.3
110.3	443.9	2020.2	2725.6	3705.9
109.2	447.9	2070.5	2730.5	3690.3
109.8	600.5	2044.1	2673.8	3621.8
105.3	785.1	1804.2	2537.9	3373.8
66.4	788.9	1826.3	2577.7	3408.5
69.0	728.5	1786.4	2605.3	3354.6
0.0	687.6	1761.6	2677.8	3329.4
0.0	688.2	2021.2	2772.6	3573.0
0.0	643.4	2009.4	2742.2	3549.1
0.0	571.7	1932.2	2668.6	3526.8
255.3	625.4	1938.6	2614.6	3579.9
333.3	601.8	1870.2	2535.5	3608.0
0.0	537.6	1776.2	2459.5	3686.7
0.0	503.4	1674.3	2525.8	3834.8
128.5	446.2	1566.4	2607.3	3735.8
112.6	358.1	1548.3	2627.9	3648.6
117.3	288.5	1530.9	2632.3	3305.8
114.6	277.4	1535.0	2587.8	3112.9
115.0	327.8	1689.4	2640.4	3357.6
112.4	697.9	1641.7	2914.6	3356.2
109.1	763.0	1889.3	2791.0	3401.4
100.0	803.1	2027.9	2886.8	4016.8
400.0	856.1	1809.8	2824.2	3859.3
0.0	950.7	1782.2	2966.5	4015.1
222.2	892.7	1792.3	2930.9	4070.7
126.3	884.5	1870.9	2889.2	4400.1
571.4	689.8	1808.2	2940.2	4461.3
571.4	863.5	1785.2	2841.4	4174.1
0.0	994.1	1772.2	2734.9	3799.2
171.4	667.5	1751.6	2711.9	3684.0
0.0	678.8	1728.1	2722.2	3710.8
285.7	704.1	1750.2	2668.7	3701.5
96.8	703.5	1746.6	2666.9	3588.0
0.0	669.0	1663.8	2608.1	3515.6
0.0	523.3	1632.6	2555.6	3602.1
0.0	509.4	1646.6	2558.9	3598.0
129.6	534.6	1631.2	2556.4	3477.7
130.5	525.6	1559.1	2523.5	3213.5
129.0	455.0	1525.9	2511.6	2981.0
127.6	480.3	1539.5	2426.6	2923.6
129.9	520.2	1548.4	2325.9	2943.0
130.5	506.3	1541.4	2290.7	2952.4
131.8	522.1	1547.1	2205.9	2953.2
131.9	523.8	1518.6	2129.1	2962.8
132.0	533.0	1481.4	2102.9	2978.6
130.4	530.9	1490.5	2135.8	2983.0
130.6	540.2	1521.2	2155.6	2972.5
131.8	534.2	1519.6	2232.6	3017.2
132.5	518.4	1531.9	2369.3	3065.2
130.1	515.9	1547.4	2458.7	3116.4
129.3	521.0	1548.4	2470.4	3222.7
128.4	507.3	1563.3	2512.4	3345.0
126.1	499.8	1580.5	2554.5	3489.0
121.1	497.5	1579.2	2563.5	3630.7
117.9	469.9	1572.5	2597.5	3637.1
100.7	426.2	1538.7	2613.1	3789.4
69.9	416.8	1523.8	2615.5	3734.1
218.2	416.0	1530.4	2629.2	3567.7
65.6	396.8	1568.6	2715.3	3644.1
0.0	732.1	1824.0	2914.5	3687.2
0.0	768.3	1793.2	2771.7	3633.5
545.5	754.8	1755.9	2747.2	3592.1
250.0	1004.8	1797.4	2853.2	3619.3
307.7	864.1	1763.7	2764.9	3667.0
375.0	809.3	1797.7	2777.4	3786.6
129.0	940.2	1793.5	2806.0	3753.5
0.0	862.7	1724.7	2761.6	3742.6
196.7	987.6	1856.5	2843.3	3738.2
196.7	810.2	1775.6	2796.3	3599.6
0.0	716.6	1733.5	2721.2	3732.9
84.5	601.0	1683.9	2646.2	3775.4
141.2	577.8	1640.6	2583.7	3622.3
0.0	541.6	1620.3	2547.3	3480.3
135.2	560.3	1592.3	2516.0	3448.9
115.4	569.4	1558.1	2461.9	3383.1
122.7	537.0	1475.6	2407.4	3284.1
121.8	536.6	1303.7	2427.0	3194.5
122.4	518.1	1186.7	2417.0	3182.8
121.8	347.2	1315.3	2392.4	3154.5
121.8	302.7	1328.2	2407.1	3117.4
125.9	306.3	1511.6	2528.8	3276.6
129.3	322.0	1613.6	2670.8	3349.2
131.7	963.2	1901.2	2857.2	3458.3
140.7	665.9	1853.8	2659.9	3374.5
69.0	676.1	1804.2	2609.0	3344.1
0.0	681.8	1611.9	2657.5	3493.8
444.4	607.5	1153.3	2678.2	3570.1
444.4	576.0	1140.8	2728.0	3545.2
0.0	444.1	974.4	2823.0	3572.8
0.0	461.9	1007.5	2818.5	3652.9
126.2	474.3	1039.1	2785.1	3731.9
126.5	489.5	1088.1	2724.3	3787.7
124.2	461.9	1213.9	2661.3	3784.2
124.1	486.1	1398.4	2626.2	3748.1
121.4	485.7	1506.1	2643.3	3841.4
122.6	472.4	1588.1	2610.1	3792.1
122.0	445.6	1691.2	2607.1	3758.6
123.1	447.2	1749.4	2619.8	3772.9
120.2	452.7	1733.0	2612.3	3818.3
119.5	454.7	1735.8	2609.2	3842.8
117.6	445.7	1705.5	2603.2	3826.9
115.9	458.2	1691.6	2642.6	3820.8
112.6	686.4	1738.2	2686.9	3746.5
112.1	760.0	1816.3	2708.4	3851.0
116.5	797.4	1796.1	2793.0	3888.1
0.0	853.4	1683.5	2710.1	3969.0
0.0	824.8	1746.7	2711.6	3973.6
0.0	970.4	1839.2	2779.5	3821.0
480.0	1072.5	1850.4	2830.8	3819.9
0.0	894.9	1850.6	2812.1	3785.1
0.0	796.5	1697.3	2664.8	3697.8
0.0	827.2	1636.2	2752.3	3710.7
226.4	743.1	1637.3	2717.5	3810.9
80.0	664.8	1572.7	2633.8	3779.0
90.9	680.2	1505.0	2594.9	3734.0
0.0	625.5	1466.5	2644.7	3693.3
0.0	618.3	1468.5	2655.8	3719.6
102.7	659.1	1481.5	2647.7	3633.0
111.1	670.1	1485.4	2581.9	3595.4
109.1	719.0	1504.5	2457.8	3601.1
113.0	710.7	1509.9	2440.8	3605.6
108.1	693.7	1541.7	2483.8	3588.6
113.0	677.5	1571.1	2615.3	3603.2
114.1	677.9	1599.0	2645.5	3586.8
116.5	667.6	1599.5	2598.2	3485.7
114.4	667.2	1559.8	2567.0	3381.2
115.2	637.3	1489.7	2498.0	3242.2
115.3	623.7	1419.0	2556.5	3103.7
115.6	611.6	1348.1	2315.4	2734.9
113.2	647.3	1405.7	2380.0	2746.5
115.6	606.4	1426.4	2550.1	2883.0
116.3	622.0	1403.6	2405.0	2981.7
114.6	612.3	1349.9	2325.1	3061.4
116.1	574.2	1223.1	2325.8	3117.4
114.2	523.9	1177.5	2286.1	3134.4
112.8	488.8	1069.8	2276.5	3152.4
112.5	493.8	1121.4	2269.7	3118.3
112.7	485.2	1118.6	2283.3	3118.6
112.7	544.9	1090.8	2256.7	3126.8
114.1	561.0	1135.2	2251.0	3114.2
115.2	602.1	1181.1	2264.0	3110.6
110.2	653.1	1223.9	2284.1	3070.9
110.7	840.6	1411.4	2310.6	3133.1
112.2	778.8	1421.9	2304.6	3112.0
109.6	659.8	1438.1	2293.2	3116.5
112.4	615.4	1486.5	2289.4	3198.4
112.4	585.0	1494.0	2294.4	3284.3
113.3	578.4	1503.6	2276.9	3264.1
112.0	559.7	1521.0	2266.9	3262.3
113.7	413.1	1547.8	2294.6	3280.3
132.5	570.8	1576.0	2410.8	3350.8
91.6	987.5	1927.8	2603.3	3410.2
100.8	872.9	1904.4	2656.1	3557.2
0.0	868.1	1665.4	2608.5	3523.4
0.0	796.1	1653.3	2550.1	3431.8
0.0	672.9	1681.8	2528.7	3363.3
0.0	869.7	1653.5	2569.2	3248.8
0.0	588.8	1657.2	2794.9	3605.4
0.0	553.3	1662.6	2789.5	3783.2
0.0	667.4	1608.7	2749.8	3683.9
113.2	693.7	1577.3	2737.3	3574.4
0.0	782.6	1572.1	2626.9	3453.1
0.0	754.9	1518.5	2480.3	3134.7
0.0	681.3	1493.8	2558.9	3451.1
141.5	678.7	1529.9	2516.2	3465.1
117.6	682.3	1531.8	2263.0	3022.6
125.0	683.5	1493.0	2344.4	3109.9
122.7	694.3	1513.1	2414.1	3228.2
125.0	655.4	1515.8	2351.9	3053.7
125.8	662.4	1513.1	2311.1	3125.6
123.7	658.4	1525.2	2336.6	3293.6
122.2	636.7	1557.3	2394.8	3263.4
119.8	608.6	1593.7	2219.0	3144.7
118.7	595.2	1585.6	2197.7	3284.7
114.6	615.3	1561.8	2256.5	3319.9
113.2	635.7	1600.9	2267.0	3234.7
110.1	580.5	1582.6	2308.4	3283.3
107.4	532.8	1483.3	2258.9	3287.4
104.8	549.2	1446.9	2264.3	3178.8
103.3	496.1	1429.2	2398.6	3126.9
101.9	453.9	1467.6	2342.4	3114.0
100.2	429.3	1498.2	2355.6	3203.8
99.4	395.7	1547.1	2293.1	3186.3
99.7	480.0	1615.1	2335.9	3118.2
98.9	371.4	1535.5	2492.2	3257.0
96.8	215.5	1550.8	2481.3	3347.5
93.8	555.1	1562.2	2646.8	3334.7
99.2	578.6	1666.9	3194.5	3322.3
129.0	853.4	1677.2	3181.8	3711.9
0.0	804.0	1653.2	2862.3	3772.0
363.6	680.0	1677.4	2757.7	3827.0
272.7	972.7	1634.7	2553.8	3763.8
0.0	759.3	1613.6	2568.6	3762.4
0.0	727.6	1628.0	2545.3	3773.0
375.0	756.8	1650.5	2622.8	3709.9
148.1	971.5	1708.7	2658.0	3680.3
571.4	946.3	1678.3	2696.7	3725.9
115.4	571.5	1660.2	2669.3	3721.8
0.0	616.3	1552.7	2605.1	3626.1
176.5	716.0	1552.9	2660.8	3721.3
0.0	721.1	1600.6	2539.4	3662.5
0.0	675.0	1579.9	2349.7	3555.3
0.0	532.2	1510.9	2264.7	3459.2
0.0	688.7	1438.5	2224.8	3423.5
0.0	694.8	1432.2	2390.7	3368.6
0.0	503.5	1451.7	2426.3	3318.0
266.7	719.8	1478.7	2429.2	3225.0
0.0	814.4	1523.1	2598.5	3459.0
0.0	1189.0	1646.6	2730.5	3508.7
0.0	1236.4	1502.2	2676.7	3503.0
0.0	1241.7	1491.6	2575.2	3508.8
0.0	879.0	1645.3	2460.6	3399.3
0.0	807.2	1762.5	2646.8	3438.8
0.0	797.1	1743.2	2691.8	3507.7
0.0	1087.2	1833.7	2666.3	3460.6
0.0	1113.0	1841.2	2619.9	3441.3
0.0	675.6	1805.2	2585.1	3516.6
0.0	705.8	1796.8	2670.7	3487.7
0.0	645.5	1615.3	2587.9	3480.4
0.0	714.2	1749.2	2591.9	3383.2
