0.0	0.0	0.0	0.0	0.0
0.0	0.0	0.0	0.0	0.0
0.0	0.0	0.0	0.0	0.0
0.0	730.9	1481.7	2577.3	3393.3
0.0	748.2	1572.6	2577.9	3309.8
255.3	732.5	1621.9	2634.7	3355.0
125.0	904.2	1649.7	2599.0	3415.4
63.8	914.6	1678.5	2499.0	3263.3
0.0	719.2	1569.6	2450.8	3120.0
0.0	746.9	1541.1	2640.2	3350.1
0.0	787.6	1588.0	2611.3	3453.4
0.0	778.4	1755.1	2644.1	3504.8
0.0	860.8	1752.9	2629.0	3396.4
0.0	896.2	1854.8	2674.8	3358.9
0.0	954.6	1909.8	2791.5	3454.7
0.0	999.9	1922.8	2754.6	3434.5
0.0	696.9	1885.1	2609.8	3667.2
0.0	634.7	1813.2	2493.4	3600.0
0.0	750.9	1806.4	2398.0	3386.4
235.3	763.7	1856.7	2345.0	3328.2
0.0	646.7	1855.6	2336.3	3229.0
428.6	690.3	1858.5	2382.9	3229.5
0.0	774.5	2047.7	2504.6	3344.1
0.0	993.7	2038.0	2564.8	3304.0
0.0	480.6	1444.4	2591.4	3294.2
0.0	497.3	1387.2	2671.8	3387.9
0.0	500.9	1402.7	2699.5	3428.0
99.1	476.8	1430.7	2756.8	3414.0
100.2	454.8	1523.7	2786.4	3433.6
97.5	451.8	1591.7	2819.1	3598.9
95.2	576.1	1794.7	3001.5	3978.0
98.4	844.1	1915.8	2972.4	3954.4
0.0	1002.0	1917.1	2909.9	3890.2
0.0	773.3	1883.5	3004.2	3998.7
129.0	997.7	1891.3	3058.0	3994.7
0.0	810.6	1849.3	2918.4	3933.3
0.0	778.8	1889.6	3003.6	4001.9
0.0	850.2	1824.2	3011.3	4033.0
0.0	828.2	1919.7	2944.7	3978.9
300.0	800.7	1863.8	2879.8	3777.9
160.0	772.3	1976.2	2938.5	3836.1
260.9	799.4	1919.6	2938.5	3788.5
244.9	556.2	1625.3	2710.3	3546.7
206.9	553.3	1486.7	2722.1	3354.0
0.0	574.2	1336.2	2726.7	3354.7
127.4	623.2	1293.0	2686.9	3434.2
113.5	657.8	1278.8	2647.1	3460.9
115.7	693.6	1270.0	2621.9	3518.5
113.5	740.0	1262.0	2625.1	3491.1
113.2	765.2	1271.6	2595.4	3425.7
113.4	738.7	1294.6	2614.8	3489.1
114.1	722.7	1334.5	2588.8	3420.6
115.6	698.0	1396.5	2586.0	3361.6
116.9	664.5	1465.0	2587.5	3306.7
118.3	618.5	1520.1	2689.9	3352.3
121.1	582.8	1573.1	2737.1	3308.6
122.4	527.8	1556.7	2557.9	3181.6
121.6	438.6	1536.8	2444.4	3154.0
109.1	410.8	1559.4	2414.1	3063.5
123.7	450.3	1449.7	2075.7	2943.8
121.2	370.6	1233.4	1935.3	2965.1
0.0	385.9	1079.8	2313.6	3152.3
127.0	428.0	1063.4	2306.1	3196.6
120.9	749.5	1496.7	2383.6	3255.4
123.1	626.4	1575.5	2447.9	3200.3
123.3	482.1	865.9	2386.5	3170.9
124.9	499.1	864.3	2464.3	3155.5
126.6	508.5	849.4	2598.0	3271.2
127.3	523.1	865.6	2668.5	3300.9
127.9	530.7	907.6	2679.1	3292.6
129.2	600.9	990.2	2690.7	3285.1
130.2	611.5	1057.4	2666.4	3287.2
130.9	620.0	1095.2	2676.2	3284.4
132.4	636.7	1188.2	2658.7	3282.4
133.3	598.9	1285.7	2660.2	3267.1
133.7	575.6	1345.3	2720.2	3336.9
135.4	499.4	1387.0	2405.5	3222.9
137.2	471.9	1416.2	2365.9	3018.2
138.9	427.0	1499.5	2383.8	2984.5
141.2	398.6	1499.9	2428.0	2990.8
70.2	415.8	1476.2	2542.8	2957.2
137.9	420.3	1450.5	2518.1	2898.8
137.0	403.6	1428.1	2544.5	3062.3
133.3	380.4	1464.5	2529.7	3438.5
129.0	362.4	1505.3	2824.3	3670.7
126.3	873.4	1756.5	2924.1	3712.8
117.6	779.4	1956.4	2964.8	3804.9
0.0	776.4	1804.4	2947.5	3864.9
0.0	705.4	1754.5	2856.3	3777.0
480.0	476.3	1666.4	2792.7	3665.6
279.1	477.1	1403.6	2771.0	3464.9
127.7	507.8	1352.4	2727.3	3370.0
112.6	551.3	1291.1	2644.9	3183.8
109.2	554.1	1276.5	2459.5	3144.3
105.1	591.3	1231.1	2423.2	3129.5
100.0	609.2	1192.3	2418.4	3055.6
97.4	616.1	1176.0	2396.6	3044.3
96.0	623.7	1172.6	2351.5	3053.9
94.9	627.5	1193.0	2365.4	3117.8
94.8	625.5	1225.9	2370.6	3126.9
94.4	662.8	1208.0	2362.8	3138.7
95.3	713.7	1219.9	2343.4	3178.9
95.8	750.8	1340.3	2356.1	3160.0
94.8	746.7	1441.0	2392.2	3166.4
94.6	776.4	1522.1	2373.5	3149.6
97.0	841.1	1585.9	2409.3	3122.0
99.1	830.5	1566.2	2454.0	3177.9
101.6	851.2	1613.2	2459.5	3224.4
103.6	856.3	1599.6	2515.6	3302.0
106.4	776.7	1632.8	2541.9	3327.8
108.9	682.6	1644.0	2592.0	3307.2
111.2	644.0	1621.3	2639.9	3360.3
111.4	640.8	1614.8	2647.6	3348.9
109.7	644.0	1633.7	2610.7	3331.1
108.9	647.3	1645.0	2632.5	3361.0
107.6	665.9	1594.6	2659.7	3374.0
107.1	677.7	1548.2	2652.2	3412.7
107.6	677.4	1524.4	2618.4	3407.8
109.5	686.2	1517.6	2622.3	3391.2
110.4	672.4	1475.6	2572.3	3293.7
111.3	665.1	1425.4	2504.8	3253.2
113.0	667.9	1441.5	2494.1	3320.4
113.4	627.0	1375.8	2449.5	3304.6
112.5	635.1	1402.1	2367.0	3282.3
111.4	634.0	1426.4	2378.7	3345.7
108.6	815.1	1696.2	2639.1	3496.1
108.8	669.4	1641.5	2679.3	3519.5
148.1	685.9	1476.5	2565.4	3464.7
255.3	738.3	1724.9	2652.0	3536.5
169.0	649.7	1691.8	2697.8	3488.4
169.0	770.0	1665.8	2645.2	3425.8
0.0	782.5	1688.2	2576.5	3387.6
120.0	533.2	1709.3	2599.9	3398.3
0.0	510.1	1732.9	2728.8	3468.0
0.0	508.2	1765.6	2746.1	3483.1
117.3	520.2	1811.7	2804.7	3485.8
115.3	524.7	1811.7	2790.7	3490.0
115.6	507.1	1794.1	2811.1	3501.1
115.0	494.9	1798.3	2862.5	3546.3
114.8	465.2	1782.4	2858.5	3514.6
114.7	438.1	1730.8	2696.5	3436.2
114.9	446.1	1644.5	2606.1	3396.4
114.5	428.5	1573.8	2700.0	3324.1
112.1	407.2	1493.3	2667.9	3362.6
113.2	376.4	1748.2	2787.8	3429.0
111.1	952.6	1890.2	2894.3	3413.6
109.1	840.3	2018.9	2903.1	3465.9
0.0	918.7	1944.1	2814.7	3329.5
0.0	553.1	2001.0	2780.5	3382.0
0.0	656.5	2096.9	2808.1	3375.1
0.0	1376.9	2386.9	2904.4	3325.2
0.0	513.2	2188.3	2851.0	3371.8
0.0	820.6	2042.4	2838.9	3490.4
169.0	732.7	1595.7	2651.8	3666.0
69.0	956.7	1668.3	2589.3	3707.7
400.0	974.8	1675.6	2582.2	3588.6
0.0	377.7	1492.3	2560.9	3228.7
0.0	399.7	1430.0	2641.6	2894.9
123.7	402.0	1497.1	2691.4	3570.9
100.7	414.4	1606.0	2682.7	3659.8
99.6	481.6	1732.2	2752.4	3558.4
102.3	499.8	1789.1	2806.8	3476.1
98.4	502.3	1795.7	2797.1	3478.7
98.4	496.6	1785.0	2774.9	3449.8
98.4	505.7	1793.3	2734.5	3404.7
98.1	520.6	1771.1	2722.4	3318.2
97.4	543.0	1751.3	2644.3	3337.9
97.1	567.7	1678.9	2564.9	3220.2
96.5	580.0	1608.9	2481.4	3093.6
96.3	583.7	1538.3	2415.5	3055.8
95.7	602.0	1422.2	2370.8	3005.9
95.0	604.1	1350.8	2308.2	2999.3
94.2	589.5	1281.4	2253.0	3011.6
93.1	578.3	1203.0	2240.4	2978.1
91.1	602.9	1163.8	2237.8	2964.7
90.0	585.2	1130.2	2222.0	2924.4
88.9	584.8	1105.9	2205.8	2889.9
88.0	562.4	1050.8	2218.2	2905.8
87.5	544.1	1021.1	2199.0	2906.3
86.1	534.5	1011.3	2163.2	2895.1
85.7	561.3	1007.2	2146.1	2909.5
84.3	561.5	1045.4	2120.5	2870.2
83.4	563.2	1112.1	2135.5	2897.7
82.2	564.5	1155.4	2110.4	2871.6
82.0	576.0	1234.0	2075.6	2870.9
82.4	622.3	1283.7	2034.4	2891.2
82.9	605.8	1295.0	2037.1	2900.3
82.8	603.8	1343.2	2040.1	2934.3
83.4	618.8	1371.7	2025.0	2991.3
83.4	640.3	1399.9	2038.0	2936.4
83.9	680.1	1423.9	2044.5	2934.8
85.6	741.1	1419.8	2039.0	2930.1
87.7	738.2	1462.5	2089.5	2987.7
90.6	767.3	1537.8	2581.3	3099.1
94.3	786.6	1477.6	2470.7	3108.1
100.7	818.3	1487.8	2476.2	3220.9
106.3	809.3	1606.0	2519.2	3256.3
106.2	960.5	1748.8	2525.3	3256.9
105.3	915.5	1910.3	2613.8	3412.8
111.1	803.7	2034.4	2708.4	3466.9
0.0	818.8	2040.8	2696.5	3536.9
0.0	838.8	1991.6	2711.5	3491.5
315.8	976.6	1982.1	2758.2	3433.5
342.9	976.0	1947.3	2643.5	3322.7
500.0	1131.9	2068.1	2564.0	3445.3
352.9	851.8	1952.8	2506.5	3526.1
136.4	805.2	2105.8	2563.9	3714.4
400.0	859.5	2164.3	2645.9	3693.4
113.2	1034.3	2167.4	2678.7	3582.4
0.0	1064.2	2107.9	2700.1	3575.9
375.0	1077.4	2130.1	2733.2	3755.7
400.0	748.9	1958.7	2618.2	3557.0
127.7	809.0	1979.7	2665.2	3577.2
571.4	972.0	2114.0	2835.0	3629.4
87.6	1177.6	2105.1	2814.0	3581.2
0.0	1217.0	2192.8	2784.1	3597.7
0.0	951.4	2065.1	2723.8	3531.9
260.9	940.2	1948.0	2741.9	3533.5
210.5	799.9	1930.4	2745.3	3502.9
0.0	769.0	1949.8	2670.5	3525.5
300.0	847.3	2068.5	2691.9	3557.5
400.0	1125.1	2125.3	2684.2	3516.6
0.0	1017.7	2090.4	2721.3	3526.6
0.0	1025.4	2065.5	2761.1	3485.5
0.0	823.0	2049.2	2692.2	3610.2
0.0	829.4	2094.7	2619.0	3671.8
0.0	940.1	2121.8	2612.3	3534.5
0.0	1132.5	2103.4	2661.0	3611.3
0.0	581.8	1966.3	2625.7	3609.5
461.5	807.3	1990.6	2647.5	3569.5
461.5	858.6	2092.1	2553.3	3510.7
