0.0	0.0	0.0	0.0	0.0
0.0	0.0	0.0	0.0	0.0
0.0	0.0	0.0	0.0	0.0
0.0	997.8	1742.1	2669.7	3474.1
0.0	952.1	1575.1	2608.2	3416.0
0.0	719.5	1319.6	2470.5	3377.3
0.0	858.1	1643.2	2531.8	3360.1
0.0	1008.8	1747.1	2618.6	3347.3
0.0	965.7	1659.6	2638.0	3471.2
0.0	1032.9	1740.7	2745.9	3514.0
0.0	1037.2	1886.9	2757.0	3482.6
480.0	651.4	1650.8	2598.2	3448.4
0.0	847.6	1680.3	2614.1	3402.5
0.0	938.6	1809.2	2622.5	3365.8
0.0	972.1	1651.1	2580.3	3351.6
123.7	1012.3	1587.3	2520.5	3315.9
0.0	1047.6	1794.4	2610.4	3357.1
0.0	655.6	1551.8	2455.5	3424.2
0.0	578.1	1351.9	2465.6	3364.8
0.0	470.6	1276.8	2450.1	3324.7
0.0	476.1	1197.4	2449.0	3318.4
0.0	493.8	1165.9	2524.3	3368.4
0.0	501.3	1172.8	2562.1	3448.1
0.0	505.5	1153.0	2550.7	3437.1
64.8	510.7	1110.4	2554.1	3435.2
0.0	475.2	1072.4	2571.8	3429.3
0.0	448.1	1025.4	2572.8	3390.4
63.5	453.8	1000.4	2596.2	3430.9
92.3	448.2	966.0	2611.8	3434.1
0.0	444.5	963.7	2572.5	3414.6
101.9	485.9	994.1	2580.5	3413.3
113.5	473.2	1104.5	2570.5	3388.8
0.0	455.9	1217.2	2540.1	3323.1
0.0	425.3	1372.9	2528.2	3300.1
0.0	425.6	1575.4	2502.2	3231.9
100.8	412.1	1769.8	2529.4	3286.0
0.0	410.4	1885.6	2542.0	3230.2
0.0	423.4	1964.8	2508.6	3298.5
0.0	429.5	1996.5	2523.2	3300.8
0.0	447.1	1941.4	2507.9	3383.4
96.0	467.1	1865.7	2486.5	3302.6
0.0	473.5	1815.1	2516.5	3258.2
92.3	505.2	1701.0	2484.3	3337.5
0.0	569.0	1588.0	2462.1	3331.5
0.0	587.5	1491.9	2446.0	3293.9
0.0	703.4	1448.4	2474.4	3304.4
0.0	701.6	1405.0	2502.1	3384.9
0.0	755.3	1381.4	2475.0	3359.7
0.0	704.1	1352.3	2340.1	3277.9
112.4	675.0	1320.1	2367.5	3232.6
119.3	654.4	1349.6	2398.5	3238.9
118.2	624.1	1385.5	2399.9	3195.4
119.2	584.5	1428.0	2340.7	3188.2
119.0	580.8	1417.0	2237.3	3155.9
118.8	573.8	1415.8	2133.7	3101.7
120.3	593.8	1446.0	2091.7	3099.6
119.4	649.2	1456.0	2131.6	3143.2
117.8	560.8	1427.8	2169.4	3174.7
115.4	577.4	1476.0	2159.3	3163.2
121.2	553.4	1493.5	2159.3	3136.4
0.0	555.3	1505.4	2181.1	3126.0
0.0	533.6	1498.9	2260.6	3157.4
146.3	500.9	1459.5	2373.4	3187.4
91.4	533.6	1437.3	2420.2	3160.5
89.1	531.5	1415.1	2421.8	3159.0
64.5	476.7	1360.1	2469.8	3246.5
63.5	456.9	1365.1	2398.4	3262.2
66.7	432.3	1658.9	2725.6	3432.1
0.0	869.4	1628.0	2751.0	3394.8
0.0	926.8	1600.2	2653.9	3332.4
0.0	972.7	1678.6	2645.6	3348.4
0.0	931.1	1721.8	2673.0	3332.3
0.0	979.9	1683.8	2553.5	3331.2
0.0	985.1	1531.1	2599.7	3401.2
0.0	469.1	1282.6	2636.8	3206.0
0.0	400.1	1108.1	2488.4	2977.7
0.0	372.6	1077.5	2537.0	3134.3
133.3	369.0	1123.6	2517.2	3148.4
118.8	401.4	1122.1	2517.4	3364.0
0.0	450.8	1109.1	2519.2	3761.7
0.0	450.6	1151.4	2562.5	3791.8
112.2	475.4	1156.1	2544.0	3701.4
115.6	473.9	1160.6	2562.1	3667.7
115.8	476.7	1193.7	2435.2	3461.9
117.5	486.5	1204.0	2398.2	3262.2
117.4	492.5	1267.4	2440.7	3382.8
117.0	490.5	1368.1	2495.6	3364.0
116.6	480.4	1474.3	2485.6	3123.1
116.5	503.5	1585.7	2415.9	2994.4
116.4	462.8	1685.1	2421.6	3004.9
116.3	475.7	1635.6	2336.0	3050.7
116.9	474.1	1295.8	2383.1	3123.5
120.0	459.3	1229.1	2399.1	3290.5
122.4	448.4	1222.8	2331.2	3256.2
122.4	439.6	1165.5	2278.3	2826.8
118.8	443.2	1126.6	2326.4	2780.3
121.2	446.3	1091.8	2359.2	2774.3
121.2	398.8	1053.7	2376.0	2870.1
116.5	390.9	1135.7	2342.9	3066.7
115.4	456.5	1185.8	2295.9	3197.8
108.1	502.8	1103.8	2312.6	2995.8
218.2	486.4	1108.6	2331.4	3102.6
200.0	513.6	1434.4	2584.5	3379.1
0.0	788.8	1670.1	2720.1	3570.3
480.0	741.2	1716.5	2765.4	3833.3
0.0	714.4	1642.6	2688.7	3728.6
500.0	850.8	1733.5	2610.7	3722.8
0.0	849.5	1743.3	2687.4	3779.3
0.0	977.7	1923.5	2659.2	3673.1
0.0	879.4	1928.6	2604.2	3510.9
0.0	688.7	1362.7	2607.3	3390.8
226.4	661.9	1377.8	2604.9	3455.6
0.0	466.8	1344.4	2579.3	3425.9
0.0	367.7	1161.8	2589.2	3105.9
0.0	353.2	1140.4	2678.6	2966.9
114.3	368.3	1138.7	2702.6	3013.9
116.5	369.1	1138.7	2729.3	3208.7
115.4	365.2	1165.8	2710.5	3226.3
113.2	454.4	1300.9	2726.7	3501.7
115.1	478.0	1419.0	2767.1	3872.5
115.1	467.7	1476.9	2736.6	3835.3
114.4	464.0	1532.1	2761.1	3986.2
113.7	458.6	1618.3	2805.9	3976.2
113.5	450.2	1662.8	2817.1	3942.2
114.6	446.5	1726.6	2833.4	3606.0
113.8	447.7	1760.0	2866.2	3836.2
113.4	441.1	1758.3	2847.3	3720.9
112.1	355.2	1544.0	2660.1	3632.5
0.0	992.9	1631.4	2580.1	3452.2
80.5	1013.8	1832.0	2598.5	3512.1
0.0	1026.1	1973.3	2738.8	3605.9
0.0	1014.8	1990.7	2721.9	3612.9
0.0	874.8	1787.5	2561.9	3550.7
0.0	968.2	2030.6	2926.6	3749.1
0.0	971.4	2389.6	3155.4	3774.4
0.0	881.7	2456.4	3179.0	3755.0
0.0	904.4	2321.1	3083.9	3716.0
0.0	1052.0	2127.9	2984.9	3634.2
0.0	673.4	2069.9	2962.4	3579.3
0.0	331.0	2144.2	2929.4	3554.5
0.0	897.3	2188.9	2923.7	3606.7
400.0	713.5	2085.0	2884.8	3654.1
92.3	642.0	2037.9	2746.3	3625.8
0.0	533.6	1893.6	2696.0	3654.3
352.9	522.6	1930.6	2752.6	3687.9
0.0	385.8	2075.4	2702.6	3632.7
0.0	388.8	2241.6	2592.9	3732.1
128.9	345.5	2282.5	2578.2	3826.7
111.4	348.7	2218.3	2567.1	3784.4
110.3	357.1	1257.9	2548.4	3085.1
107.1	360.2	1097.1	2530.2	3171.5
104.3	386.7	1285.5	2475.3	3262.2
103.4	382.8	1371.5	2425.2	3309.1
104.5	363.6	1539.5	2478.0	3358.5
103.3	363.4	1472.9	2463.1	3367.8
102.8	374.1	1428.7	2500.0	3408.8
100.8	871.3	1701.1	2629.8	3363.8
107.0	573.7	1919.7	2759.1	3231.1
0.0	646.4	1961.2	2831.4	3422.5
0.0	311.7	2217.1	2969.5	3447.1
0.0	365.6	2385.8	2959.2	3600.9
0.0	414.7	2384.2	2877.3	3790.4
112.5	347.9	2343.5	2868.4	3830.6
114.9	349.7	2297.2	2784.1	3829.4
112.7	380.8	2256.3	2769.4	3887.7
112.7	375.5	2225.9	2727.9	3792.7
112.3	384.8	2181.8	2739.1	3829.5
112.1	414.1	2131.1	2688.4	3815.9
111.7	409.8	2074.1	2632.4	3440.2
111.5	439.6	2007.3	2594.6	3456.8
111.5	445.0	1913.5	2552.9	3371.5
109.9	458.1	1764.5	2546.7	3366.3
108.3	476.9	1728.5	2533.5	3313.2
107.1	414.1	1689.0	2525.4	3258.3
107.4	379.5	1661.4	2573.2	3312.7
109.1	466.9	1668.5	2605.5	3351.5
104.3	592.7	1655.3	2593.9	3359.6
103.4	546.5	1842.4	2617.7	3367.4
112.1	547.8	1895.3	2633.8	3280.4
112.1	444.2	1865.1	2623.7	3223.3
111.1	657.0	1998.5	2844.7	3434.6
111.4	378.5	1958.4	2765.8	3454.5
110.9	381.3	1919.3	2735.9	3353.1
111.0	645.7	1987.0	2796.8	3334.4
109.1	604.7	1932.6	2838.3	3356.7
111.1	326.9	1986.8	2881.7	3417.0
110.1	343.3	1973.3	2838.4	3468.9
111.1	360.4	1996.6	2851.8	3440.6
111.2	377.0	2023.9	2817.3	3412.9
111.2	404.4	1963.5	2714.2	3377.2
111.2	427.0	1860.7	2635.4	3314.8
110.9	443.4	1691.7	2438.1	3233.4
110.1	450.9	1446.5	2312.4	3155.9
108.2	437.2	1396.8	2365.5	3125.5
106.2	425.1	1387.9	2360.1	3162.1
107.1	415.6	1395.8	2354.7	3184.3
107.1	434.9	1442.2	2335.8	3188.6
106.2	404.7	1477.2	2367.9	3191.6
106.2	402.5	1458.2	2366.5	3177.8
106.2	419.9	1538.9	2281.7	3209.8
105.3	427.3	1807.7	2476.9	3333.4
105.1	425.9	1934.5	2922.6	3585.1
102.1	411.3	1941.5	2914.4	3670.9
101.6	414.9	1922.4	2912.9	3658.4
102.0	415.6	1897.6	2852.7	3248.6
102.3	421.1	1845.2	2182.1	3035.2
103.3	424.2	1819.6	2032.4	3034.2
102.9	415.2	1783.6	1887.1	3048.7
102.2	399.4	1712.6	2141.1	3038.1
101.7	377.3	1599.2	2327.1	2962.4
99.9	396.4	1648.5	2288.9	2923.8
101.7	452.7	1614.5	2329.6	2933.5
104.3	413.7	1562.8	2336.0	2930.9
105.3	407.3	1514.7	2301.3	2952.8
104.3	431.2	1921.4	2396.2	3044.7
105.3	423.9	2004.5	2675.9	3122.0
104.3	437.6	2060.8	2827.5	3073.7
104.3	431.9	2126.0	2714.9	3084.2
105.3	408.3	2281.3	2678.1	3149.9
105.4	457.6	2342.8	2673.3	3179.4
104.2	484.5	2434.9	2789.4	3208.0
103.7	409.4	2433.2	2789.7	3313.3
102.7	922.6	2292.4	2676.1	3236.9
102.1	866.4	2356.8	2779.8	3244.8
103.0	896.7	2010.2	2692.8	3251.2
104.2	972.4	2142.0	2706.1	3315.5
105.5	685.5	1355.7	2483.7	3249.9
100.8	953.7	2065.5	2538.4	3325.1
0.0	816.6	2030.8	2577.7	3279.1
0.0	693.9	1757.4	2385.4	3187.3
0.0	676.9	1711.6	2348.8	3273.3
0.0	629.0	1574.4	2381.1	3289.4
118.8	706.4	1484.6	2346.1	3258.4
