0.0	0.0	0.0	0.0	0.0
0.0	0.0	0.0	0.0	0.0
0.0	0.0	0.0	0.0	0.0
0.0	778.4	1646.3	2559.6	3480.8
0.0	782.1	1649.0	2559.2	3457.2
571.4	773.6	1684.3	2552.0	3520.3
0.0	696.9	1704.0	2554.8	3419.2
0.0	775.7	1821.5	2534.5	3379.3
0.0	905.8	1786.8	2561.7	3416.0
0.0	665.1	1581.5	2633.1	3426.5
0.0	673.0	1760.2	2638.5	3429.4
0.0	734.4	1780.7	2543.8	3360.4
0.0	966.6	1785.6	2592.9	3493.1
0.0	1198.4	1859.0	2567.6	3586.9
255.3	858.4	1862.4	2367.5	3413.4
0.0	307.8	1570.7	2149.4	3430.3
0.0	277.1	1484.0	2137.8	3508.1
0.0	361.1	1271.2	2114.7	3481.7
179.1	364.6	1359.5	2134.3	3202.5
0.0	540.0	1643.2	2353.7	3462.9
156.2	590.0	1735.8	2412.0	3504.5
153.5	622.8	1777.0	2423.8	3566.8
155.4	544.3	1825.8	2433.2	3514.5
156.3	499.2	1865.6	2439.5	3571.7
157.7	479.4	1909.6	2441.7	3569.0
159.5	424.9	1934.0	2435.3	3575.7
160.9	422.4	1914.2	2360.5	3543.6
162.2	409.7	1806.4	2308.7	3623.1
162.2	395.5	1594.6	2268.4	3623.0
160.7	297.5	985.6	2173.1	3463.3
74.1	314.2	961.7	2180.3	3461.2
77.4	302.7	942.8	2198.6	3383.5
150.0	293.0	898.3	2194.5	3262.0
150.0	295.4	931.6	2220.7	3250.3
0.0	311.7	1863.2	2292.5	3636.0
153.8	327.7	1954.9	2339.5	3751.0
155.6	326.6	1997.9	2399.1	3717.8
158.2	333.5	2005.6	2446.7	3746.2
158.7	349.0	1972.5	2468.1	3814.5
158.5	375.9	1869.4	2505.8	3695.7
157.9	405.7	1807.2	2587.0	3622.0
151.9	910.5	1806.0	2754.9	3626.8
144.6	766.9	1801.4	2913.1	3718.3
0.0	677.1	1863.2	2700.9	3737.8
0.0	946.5	1836.9	2691.0	3723.0
0.0	864.9	1766.4	2731.6	3772.6
0.0	799.1	1785.0	2779.8	3743.3
0.0	766.2	1786.2	2793.1	3669.2
127.7	774.8	1866.8	2968.0	3875.2
179.1	741.6	1986.1	2993.9	3919.8
111.1	899.6	2047.3	3003.1	3827.0
0.0	919.2	1963.4	2783.5	3639.2
307.7	722.7	1693.8	2523.2	3544.0
0.0	596.3	1509.0	2418.8	3557.8
0.0	475.3	1329.3	2375.1	3464.7
0.0	527.4	1294.6	2349.8	3362.8
145.0	510.4	1190.9	2280.2	3305.0
137.9	459.6	1115.5	2162.0	3232.2
134.2	310.3	1133.8	2128.2	3507.5
134.8	278.3	1246.3	2145.6	3561.6
65.6	300.2	1247.0	2200.4	3360.3
130.4	439.1	1174.8	2101.7	3449.0
131.9	517.1	1075.0	2120.6	3394.8
131.9	638.8	1095.5	2287.7	3364.7
128.8	673.3	1094.2	2389.2	3451.0
126.5	684.9	1079.6	2339.7	3410.2
126.2	671.1	1084.6	2362.1	3436.0
124.9	658.4	1086.1	2359.5	3493.2
123.7	666.9	1084.6	2317.8	3477.2
122.3	654.0	1078.7	2346.6	3413.9
121.2	602.4	1080.8	2255.9	3221.4
120.1	550.4	1057.7	2305.1	3276.6
117.6	529.2	1076.1	2368.8	3428.7
115.4	512.6	1128.7	2314.1	3364.1
118.8	410.2	1190.8	2297.1	3283.7
115.4	471.3	1252.0	2321.9	3285.2
116.5	498.8	1298.6	2377.9	3430.1
120.0	530.2	1290.8	2372.8	3623.3
126.3	523.6	1329.1	2368.3	3691.2
122.4	516.2	1378.9	2321.0	3618.3
120.0	492.0	1385.2	2364.5	3439.2
122.4	483.2	1455.3	2338.8	3496.6
121.8	497.1	1501.9	2324.4	3136.8
120.1	566.7	1460.1	2319.8	2897.6
116.0	624.8	1388.8	2314.9	3037.6
110.8	310.1	1531.0	2519.5	3304.9
118.8	296.3	1538.4	2522.5	3126.2
118.8	297.1	1534.3	2427.4	3088.5
120.0	299.1	1593.9	2586.5	3248.3
117.6	317.7	1554.5	2299.9	3158.0
117.6	378.1	1605.3	2472.7	3356.6
0.0	458.8	1674.2	2412.0	3315.9
0.0	487.7	1688.9	2395.0	3096.9
120.0	500.2	1706.2	2397.6	3176.5
117.6	509.2	1705.8	2373.5	3366.5
117.6	532.4	1711.9	2385.0	3270.6
117.6	532.9	1682.7	2344.7	3212.4
118.8	534.6	1687.5	2386.3	3194.0
115.4	537.3	1695.9	2400.4	3080.1
118.8	542.4	1718.9	2367.4	3123.5
118.8	539.3	1731.5	2372.0	3164.6
117.6	527.7	1747.3	2406.7	3124.5
115.4	519.7	1760.8	2400.7	3129.3
117.6	517.6	1782.2	2406.0	3256.9
117.6	520.5	1807.2	2384.0	3348.1
116.5	510.9	1818.3	2343.8	3135.2
117.6	517.5	1881.8	2362.7	3246.8
117.6	680.6	1921.0	2423.6	3231.5
117.6	695.1	1932.5	2377.3	3153.9
117.6	488.1	1968.1	2344.3	3107.3
114.3	500.0	1958.0	2427.4	3116.7
121.3	552.9	1995.4	2506.4	3116.5
125.0	647.8	2017.5	2475.9	3184.3
116.5	639.5	2045.5	2482.9	3199.2
110.1	861.5	2064.0	2545.6	3216.9
105.2	990.0	2059.9	2572.8	3297.5
102.6	928.8	2082.5	2600.7	3409.8
122.4	870.3	2048.3	2640.1	3387.1
374.7	941.9	2020.1	2720.6	3501.2
413.9	820.4	2034.4	2639.6	3371.6
0.0	787.9	2046.1	2575.5	3388.2
0.0	780.0	2012.2	2518.0	3373.0
0.0	928.8	1962.4	2575.0	3319.0
0.0	944.7	1951.0	2576.0	3345.4
77.6	823.6	1910.4	2463.8	3336.9
300.0	734.3	1844.7	2461.6	3284.6
324.1	894.3	1860.8	2530.6	3300.9
117.6	893.3	1851.0	2431.6	3320.6
87.8	820.8	1818.2	2376.4	3420.4
342.5	828.5	1779.8	2409.1	3461.4
157.9	863.0	1771.0	2387.8	3332.8
0.0	848.2	1733.4	2430.8	3289.1
166.7	833.3	1699.8	2486.4	3296.7
0.0	837.8	1685.6	2458.8	3287.5
101.7	847.4	1645.9	2520.8	3266.3
115.4	929.4	1618.1	2604.8	3256.6
75.9	909.9	1603.5	2625.6	3161.6
0.0	856.1	1615.2	2737.2	3150.3
122.4	846.6	1582.7	2638.8	3184.1
222.2	856.8	1425.2	2620.7	3213.7
230.8	857.1	1446.6	2588.4	3259.4
0.0	966.8	1483.3	2640.4	3258.4
0.0	947.8	1539.2	2605.8	3255.9
97.6	904.0	1478.2	2453.6	3249.0
0.0	786.1	1429.9	2553.8	3184.8
0.0	868.4	1471.8	2457.3	3142.4
0.0	892.8	1423.6	2369.8	3187.0
0.0	899.3	1383.8	2653.6	3201.9
69.0	803.8	1419.5	2663.1	3204.4
0.0	846.2	1478.8	2633.3	3264.5
0.0	990.5	1551.3	2623.5	3268.3
0.0	980.4	1521.9	2410.7	3349.8
0.0	794.1	1432.9	2436.3	3547.0
222.2	895.3	1652.7	2675.6	3573.9
203.4	923.4	1839.0	2653.8	3719.6
461.5	990.1	1823.2	2573.8	3705.1
0.0	991.7	1820.9	2710.5	3732.3
133.3	867.2	1891.0	2762.3	3844.5
134.8	931.1	1914.2	2698.3	3625.4
0.0	1042.5	1898.9	2730.9	3229.9
0.0	997.1	1726.2	2794.9	3285.2
0.0	992.3	1849.6	2754.6	3694.5
0.0	975.9	1843.9	2482.9	3675.7
181.8	944.6	1839.2	2581.2	3804.6
0.0	867.2	1823.9	2667.9	3698.2
0.0	917.2	1925.3	2699.2	3583.1
352.9	847.5	1943.8	2762.9	3769.2
190.5	866.1	1907.8	2774.6	3669.4
122.4	874.5	1973.6	2694.7	3478.2
83.9	877.9	1852.4	2619.4	3608.3
162.2	823.5	1781.2	2695.7	3712.1
184.6	683.0	1848.8	2733.2	3702.3
184.6	675.3	1836.0	2753.0	3863.2
0.0	757.9	1796.9	2657.2	3806.5
400.0	748.0	1794.4	2687.9	3847.2
120.0	800.0	1861.3	2718.6	3879.1
0.0	864.6	1825.8	2696.5	3731.7
134.8	680.7	1778.2	2549.1	3703.2
244.9	742.8	1776.0	2550.2	3689.2
222.2	765.3	1806.5	2656.7	3640.6
196.7	696.6	1787.8	2619.6	3615.2
