0.0	0.0	0.0	0.0	0.0
0.0	0.0	0.0	0.0	0.0
0.0	0.0	0.0	0.0	0.0
0.0	899.9	1876.9	2452.4	3714.6
0.0	841.9	1659.3	2349.9	3423.2
0.0	774.0	1540.3	2398.6	3395.7
141.5	775.6	1566.0	2353.1	3344.2
0.0	762.1	1653.2	2325.9	3277.5
0.0	692.7	1636.4	2520.9	3354.7
0.0	753.7	1666.0	2585.0	3452.5
0.0	709.7	1764.3	2550.1	3439.2
0.0	665.2	1717.4	2577.5	3372.9
0.0	642.5	1674.6	2584.0	3492.0
0.0	588.9	1720.3	2559.7	3503.0
0.0	535.1	1599.6	2507.7	3364.2
110.1	1000.9	1836.1	2648.3	3407.1
0.0	948.6	1758.4	2484.7	3406.6
0.0	1248.7	1625.4	2350.6	3415.6
0.0	974.6	1599.2	2548.7	3408.2
0.0	667.4	1708.7	2604.3	3456.9
0.0	718.0	1841.0	2646.9	3553.3
0.0	817.2	1649.0	2577.5	3623.3
571.4	804.3	1663.3	2594.4	3502.0
0.0	511.2	1743.1	2648.5	3497.0
0.0	478.8	1756.0	2677.7	3614.6
126.5	446.7	1835.0	2695.2	3485.8
105.2	421.5	1909.0	2722.3	3383.5
106.7	399.5	1963.8	2736.0	3373.3
113.3	385.7	2006.1	2772.6	3432.7
100.4	361.0	2059.8	2753.8	3459.8
77.1	356.6	2104.0	2503.0	3344.5
134.7	333.3	2108.1	2486.4	3333.5
63.5	229.6	1843.5	2334.2	3385.4
324.3	315.7	2109.2	2456.8	3332.6
0.0	316.4	2206.6	2912.4	3457.2
0.0	319.3	2230.7	2892.0	3488.9
0.0	328.3	2239.9	2905.1	3414.8
98.4	352.3	2220.0	2865.9	3287.6
110.1	356.5	2209.8	2877.2	3253.1
111.1	344.2	2215.4	2826.1	3211.1
112.6	351.6	2190.9	2779.2	3279.2
115.1	357.9	2138.0	2773.0	3314.7
116.5	369.2	2077.3	2754.9	3261.4
118.8	377.9	2001.3	2686.6	3276.1
119.2	435.2	1887.9	2610.4	3266.5
117.6	447.3	1739.1	2508.8	3250.2
112.6	329.1	1565.2	2462.0	3283.3
110.2	367.6	1578.4	2534.7	3428.2
107.1	410.3	1673.6	2579.7	3580.1
0.0	422.1	1649.9	2583.2	3445.1
120.5	490.2	1580.6	2365.7	3350.3
120.0	457.8	1445.6	1890.4	3251.2
119.5	464.4	1343.0	1775.1	3144.8
115.4	432.4	1251.9	1709.9	3198.4
111.1	460.6	1185.8	1694.7	3241.8
104.8	460.4	1106.0	1704.2	3266.1
102.2	434.9	1032.3	1728.6	3251.3
99.8	456.5	973.1	1774.3	3269.5
98.2	477.8	943.8	1831.6	3226.0
97.2	492.0	881.4	1929.9	3216.5
95.7	531.9	1410.7	2014.7	3218.2
93.0	612.2	1128.1	2147.6	3321.8
92.6	544.4	994.0	2219.7	3383.3
93.3	504.9	763.8	2262.1	3419.3
92.6	496.1	721.8	2304.6	3507.9
93.8	466.7	707.9	2366.1	3551.3
95.3	490.4	708.4	2400.2	3556.5
96.6	497.9	752.4	2432.0	3496.4
96.8	521.3	780.6	2471.0	3491.2
97.9	561.0	795.1	2500.3	3499.4
100.0	592.1	825.8	2523.9	3475.6
100.9	587.4	807.3	2543.3	3430.7
101.0	605.0	820.4	2572.2	3394.6
101.0	615.6	840.0	2587.9	3419.7
102.5	624.3	850.9	2603.7	3357.7
103.2	593.6	849.5	2628.3	3301.6
104.2	601.5	857.4	2642.8	3274.7
106.0	644.1	879.4	2637.9	3258.8
105.3	604.0	856.7	2620.7	3275.9
107.8	647.6	872.8	2599.4	3353.0
109.7	652.7	890.4	2533.1	3379.4
112.8	768.7	1032.6	2474.6	3350.5
113.6	678.1	1075.3	2420.8	3362.3
116.2	818.5	1172.5	2411.7	3430.5
115.4	778.7	1308.2	2494.3	3500.9
105.0	979.7	1397.0	2359.1	3409.2
63.5	970.6	1437.8	2198.9	3234.5
571.4	991.6	1764.6	2385.9	3237.1
0.0	834.6	1796.7	2716.7	3386.9
0.0	758.7	1719.5	2702.7	3408.6
0.0	713.8	1800.6	2643.6	3405.0
0.0	738.0	1749.5	2522.9	3373.3
0.0	511.8	1696.9	2371.7	3420.4
0.0	870.8	1635.4	2207.0	3331.9
151.9	877.2	1520.8	2114.2	3113.8
0.0	779.8	1374.8	2048.6	3255.1
139.7	414.8	1260.8	1938.2	3311.0
0.0	438.8	1136.0	1887.6	3224.7
0.0	423.1	1048.7	1838.9	3331.9
103.4	419.1	960.3	1839.7	3364.1
101.9	451.6	884.7	1793.6	3398.0
99.2	486.0	870.9	1759.3	3540.8
96.8	462.5	844.8	1735.2	3514.2
96.5	493.4	829.9	1762.7	3423.7
94.5	470.6	838.7	1708.9	3405.3
93.3	443.9	876.9	1667.9	3368.4
92.3	414.8	931.7	1653.3	3408.7
92.5	419.1	969.3	1621.4	3416.0
93.8	422.1	1036.4	1510.9	3354.7
93.8	466.2	1091.5	1461.2	3307.4
95.3	444.0	1142.9	1500.3	3308.4
94.7	452.4	1177.2	1534.3	3270.0
94.1	449.2	1236.9	1594.5	3168.6
93.9	455.0	1318.6	1689.4	3038.7
93.7	405.8	1464.6	1860.7	2910.6
92.2	302.7	1560.0	2522.8	3398.2
90.4	276.7	1577.0	2488.5	3342.2
86.1	318.6	1511.7	2580.2	3274.2
85.7	318.3	1454.7	2532.6	3290.6
82.8	274.0	1548.7	2431.9	3406.2
0.0	912.9	1871.4	2447.1	3481.8
0.0	885.1	1950.4	2503.4	3440.7
0.0	1291.5	1935.0	2657.8	3474.0
0.0	499.5	1847.1	2552.4	3280.3
203.4	672.9	1739.9	2202.1	3057.9
146.3	552.3	1620.6	2164.8	3126.1
0.0	416.9	1288.1	1551.4	3114.0
112.1	424.5	1253.8	1468.0	3201.9
104.3	432.5	1245.1	1462.3	3177.5
102.0	443.4	1288.9	1507.0	3145.1
101.2	453.0	1318.1	1607.5	3133.0
100.0	476.0	1351.1	1756.2	3080.7
98.7	487.5	1424.9	1866.5	3021.1
97.8	495.0	1465.6	1990.3	3046.8
97.5	489.0	1465.4	2081.9	3180.1
98.1	491.5	1471.5	2135.2	3254.3
99.5	481.4	1450.3	2171.4	3237.0
100.0	472.2	1395.7	2183.3	3254.2
97.9	458.8	1316.5	2177.3	3259.5
94.8	443.9	1297.8	2176.7	3223.0
94.5	555.4	1296.5	2154.8	3231.2
91.1	473.9	1317.3	2163.7	3270.6
91.5	511.3	1329.5	2171.0	3249.2
91.8	616.9	1356.0	2160.1	3227.5
90.0	626.7	1387.4	2182.1	3403.7
90.5	620.5	1398.3	2344.5	3569.0
91.6	657.5	1417.6	2389.6	3446.6
88.7	593.2	1402.4	2363.0	3120.8
86.7	438.9	1061.1	2361.5	2908.9
86.4	427.5	1006.3	2373.8	2834.3
85.0	419.3	1006.3	2336.7	2882.8
88.1	408.3	1029.2	2332.7	2871.7
85.1	376.7	1086.8	2407.3	3097.0
85.0	383.7	1081.4	2403.6	3049.8
85.1	369.8	1063.3	2336.0	3032.6
83.9	435.9	1065.3	2371.8	3153.7
87.0	383.4	1087.4	2465.2	3163.0
91.6	483.9	1172.6	2373.2	3126.1
89.6	688.3	1514.3	2388.8	3317.1
94.5	843.9	1616.4	2460.0	3427.3
89.8	868.4	1621.0	2542.6	3452.7
88.1	759.0	1476.7	2607.8	3375.6
81.1	812.6	1441.0	2723.7	3367.9
0.0	892.9	1735.7	2654.6	3350.6
0.0	705.3	1571.2	2454.0	3488.4
0.0	723.9	1735.2	2343.3	3648.0
428.5	914.4	1931.1	2334.2	3664.9
73.6	649.2	1382.5	2543.3	3593.7
444.4	755.8	1556.9	2478.6	3559.6
413.8	823.2	1549.3	2341.8	3581.9
85.7	763.1	1459.0	2422.3	3652.9
292.7	874.4	1528.7	2479.6	3575.1
0.0	844.2	1560.0	2449.9	3458.6
139.5	787.5	1382.5	2253.5	3354.3
210.5	843.1	1349.6	2391.5	3431.4
