0.0	0.0	0.0	0.0	0.0
0.0	0.0	0.0	0.0	0.0
0.0	0.0	0.0	0.0	0.0
0.0	568.2	1616.8	2596.8	3438.5
0.0	735.2	1647.5	2572.2	3431.2
0.0	1030.4	1897.3	2645.3	3457.8
0.0	996.4	1866.3	2667.0	3450.0
0.0	1005.8	1793.4	2783.2	3472.7
0.0	808.7	1533.3	2622.1	3317.2
0.0	749.1	1451.3	2508.2	3128.4
0.0	803.4	1458.8	2576.9	2968.8
0.0	782.5	1428.4	2642.7	3156.3
0.0	712.7	1424.6	2568.1	3355.5
0.0	1076.0	1547.0	2563.1	3332.0
0.0	1004.8	1478.6	2453.1	3216.2
0.0	762.1	1397.4	2318.3	3302.2
179.1	453.2	1231.0	2354.3	3193.6
180.8	577.7	1244.8	2323.7	3151.7
174.0	527.5	1252.5	2125.6	3249.7
160.0	414.3	1258.6	2194.2	3229.7
147.6	327.7	1244.0	2219.7	3139.7
146.3	328.2	1243.6	2192.1	3062.9
145.0	344.0	1532.9	2349.5	3058.8
143.0	307.0	1554.3	2489.9	3049.1
141.5	1050.3	2114.8	2953.7	3404.3
141.4	952.5	2322.4	3129.7	3487.2
134.8	1060.5	2232.7	3396.6	3443.8
0.0	991.9	2060.0	3456.9	3652.0
0.0	922.3	1902.2	3279.7	3736.3
0.0	792.3	1823.3	3142.3	3771.0
500.0	713.8	1885.4	3074.1	3752.1
500.0	749.1	1753.9	2892.2	3779.7
500.0	714.8	1533.8	2659.7	3727.3
184.6	692.2	1589.8	2545.5	3700.5
203.4	568.1	1399.4	2522.0	3649.9
0.0	553.2	1310.8	2440.2	3505.4
164.2	581.9	1294.6	2363.0	3430.2
163.3	605.6	1265.4	2304.4	3354.7
158.9	634.3	1242.3	2243.2	3321.0
157.3	635.0	1227.3	2171.8	3316.2
154.2	640.1	1217.3	2122.6	3317.0
154.1	665.0	1216.4	2106.4	3291.0
153.3	674.5	1234.5	2075.9	3300.9
155.0	674.0	1251.2	2055.2	3289.6
156.0	673.7	1268.8	2053.7	3301.2
155.2	668.8	1316.6	2049.9	3309.0
155.7	661.1	1393.9	2035.9	3328.4
153.6	638.8	1427.9	2035.6	3329.3
152.8	627.7	1459.2	2042.0	3336.0
149.2	605.3	1507.9	2062.1	3332.5
147.6	590.7	1528.0	2071.5	3364.2
143.7	559.1	1522.6	2061.4	3378.3
141.8	543.5	1447.5	2036.9	3380.2
139.2	517.1	1346.5	2034.4	3413.7
135.0	417.9	1255.9	2045.1	3412.2
133.1	462.9	1231.2	2052.0	3415.9
129.7	423.8	1236.2	2081.1	3410.4
127.9	380.5	1279.3	2103.0	3441.2
127.2	411.9	1292.0	2098.6	3462.7
128.0	421.3	1337.9	2118.1	3422.3
130.8	489.0	1415.2	2125.4	3213.6
130.9	527.9	1450.8	2147.3	3068.3
130.9	521.0	1447.1	2141.5	2923.0
130.9	526.0	1453.4	2146.0	2861.6
129.9	532.3	1450.8	2130.7	2891.8
129.5	545.8	1422.3	2137.6	3275.0
129.2	574.0	1426.8	2117.6	3343.0
130.1	593.1	1450.7	2109.7	3323.3
129.9	600.8	1456.9	2048.6	3337.7
129.7	585.0	1510.3	2103.2	3366.9
129.3	571.8	1552.7	2108.8	3237.4
127.7	539.4	1653.4	2134.9	3108.6
127.1	562.3	1756.3	2414.2	3306.3
128.2	873.8	1783.9	2555.3	3267.6
124.8	1091.0	2084.6	2804.0	3305.1
0.0	960.5	2055.8	2850.7	3325.0
375.0	924.7	1919.5	2806.2	3355.5
0.0	750.1	1806.7	2707.0	3363.7
0.0	707.2	1723.7	2634.3	3369.0
0.0	657.4	1681.4	2496.0	3433.4
0.0	669.9	1551.5	2458.9	3453.9
82.8	653.5	1477.3	2401.7	3357.2
158.6	540.9	1249.4	2359.9	3184.0
195.6	534.8	1193.9	2306.2	3207.1
76.7	527.8	1146.6	2357.3	3272.2
76.3	519.4	1077.6	2379.8	3304.4
144.8	539.9	1043.9	2397.2	3299.7
138.9	545.0	1088.7	2347.2	3215.4
137.8	580.9	1127.1	2335.0	3195.8
137.1	659.6	1190.6	2426.0	3206.4
139.4	825.3	1322.0	2513.3	3301.4
143.2	878.8	1453.7	2551.8	3311.0
149.2	640.8	1416.3	2451.3	3291.0
156.0	615.1	1512.2	2424.6	3349.0
150.4	637.5	1516.1	2448.3	3314.7
145.3	664.9	1486.8	2415.9	3293.2
143.8	650.6	1486.3	2410.7	3284.8
141.9	639.4	1471.7	2369.1	3255.8
139.2	631.9	1453.6	2354.1	3223.8
139.7	617.4	1451.5	2324.1	3265.8
141.1	583.9	1428.4	2339.6	3308.0
140.3	634.4	1573.9	2361.0	3354.2
134.1	730.7	1708.5	2361.4	3397.4
63.5	721.9	1733.3	2570.9	3404.3
0.0	793.9	1775.4	2608.0	3340.1
0.0	875.8	1820.9	2496.0	3333.6
0.0	889.8	1778.5	2482.2	3435.4
64.9	269.8	1490.6	2427.1	3402.8
0.0	1012.4	2032.1	2752.3	3552.5
0.0	574.3	1934.7	2804.5	3756.5
0.0	392.3	1429.4	2604.1	3722.0
210.5	489.1	1424.2	2512.1	3510.6
112.1	530.4	1473.6	2705.5	3623.2
175.0	708.8	1632.9	2924.4	3768.4
153.7	1150.8	2018.7	3158.3	3864.9
148.1	574.2	1927.9	3067.1	3874.3
0.0	942.8	1859.1	3037.3	3837.7
206.9	892.5	1891.8	3118.5	3829.6
545.5	1112.5	1909.6	3268.3	3932.2
0.0	905.6	1870.8	3060.4	3887.8
0.0	1034.1	1917.3	3032.5	3919.0
0.0	561.1	1682.1	2927.7	3862.9
169.0	1335.6	1955.2	3039.3	3878.2
102.6	1005.8	1824.7	2566.3	3734.1
0.0	642.5	1589.5	2418.4	3677.8
121.2	468.4	1521.3	2376.5	3534.6
0.0	497.9	1488.7	2247.5	3315.8
170.1	504.9	1461.2	2128.5	3334.9
151.0	512.7	1457.5	2034.1	3290.2
151.9	520.8	1447.9	1951.9	3223.9
149.5	526.4	1448.5	1917.6	3263.8
148.1	516.4	1456.1	1900.2	3236.4
147.6	513.0	1470.6	1885.4	3279.8
145.7	481.7	1474.7	1906.7	3308.1
145.4	450.0	1528.7	1986.1	3064.7
143.9	420.8	1588.9	2109.6	2978.0
142.1	835.0	1699.3	2258.1	3097.3
130.9	803.8	1877.3	2365.8	3114.1
68.6	1081.4	2206.9	2750.2	3417.4
230.8	1063.5	2225.4	3012.9	3323.0
0.0	1067.8	2105.1	3044.7	3272.8
0.0	1234.9	2209.8	3110.8	3356.2
0.0	1284.4	2393.0	3132.5	3528.9
0.0	1045.9	2418.0	2913.7	3542.4
0.0	774.1	1737.0	2486.7	3566.4
0.0	752.0	1722.8	2475.2	3451.4
151.9	463.6	1674.5	2460.0	3290.7
203.4	447.2	1634.7	2404.3	3207.1
210.3	460.7	1608.0	2403.4	3196.9
71.1	425.4	1596.3	2408.0	3204.4
120.1	415.4	1608.5	2437.6	3238.0
124.2	467.7	1574.5	2414.7	3266.6
166.4	446.2	1522.7	2436.1	3385.1
67.4	441.0	1539.5	2848.1	3762.0
128.0	992.9	1820.8	3168.7	3892.1
133.3	877.3	1795.2	3135.2	3895.3
0.0	813.0	2126.6	3167.2	3863.3
0.0	798.6	1738.5	2687.1	3744.6
571.4	839.2	1694.9	2597.1	3752.0
571.4	733.6	1654.2	2526.9	3738.5
300.0	748.6	1714.4	2532.6	3691.3
266.7	714.7	1570.8	2492.6	3562.5
123.7	676.1	1524.4	2453.6	3412.4
171.4	624.2	1493.6	2417.6	3339.7
0.0	634.8	1398.6	2397.1	3351.0
143.7	637.6	1361.7	2344.1	3366.2
140.4	658.6	1312.9	2346.6	3416.1
65.9	655.4	1313.2	2349.3	3376.1
64.2	673.4	1275.9	2355.3	3264.7
64.1	660.9	1243.6	2352.1	3385.7
125.7	662.1	1225.0	2357.0	3394.7
127.7	644.2	1196.1	2344.5	3268.1
127.2	643.5	1190.5	2354.7	3202.8
127.5	619.5	1160.4	2328.6	3135.9
127.5	595.2	1148.3	2343.5	3017.2
128.8	562.0	1109.8	2362.2	2947.3
127.1	536.6	1069.1	2354.1	2928.3
128.2	525.9	1076.8	2394.0	2985.3
130.9	541.6	1115.0	2384.2	3042.4
134.6	521.1	1111.6	2392.6	3060.2
135.2	528.7	1102.9	2415.6	3090.5
140.1	495.6	1200.2	2417.0	3205.4
150.6	938.6	1437.0	2798.9	3558.5
145.9	1142.4	1839.1	3105.5	3630.6
67.4	1105.2	1912.3	3130.1	3719.5
0.0	761.4	1580.2	2958.6	3734.8
0.0	371.2	1609.7	3167.9	3766.4
342.9	1263.8	2346.7	3320.2	3794.3
0.0	909.9	1930.0	3176.7	3768.6
0.0	1080.4	1878.4	3173.3	3780.6
0.0	424.0	1473.8	3044.6	3777.7
0.0	946.2	1506.7	3095.8	3762.2
222.2	1026.8	1443.0	3128.0	3681.1
0.0	892.4	1368.9	2998.6	3633.7
0.0	726.1	1444.4	3041.4	3713.8
279.1	709.5	1491.7	3118.9	3682.5
0.0	753.3	1507.4	3085.3	3640.8
102.6	835.7	1649.6	3045.4	3602.6
100.0	783.6	1560.3	3018.3	3625.0
0.0	701.4	1551.7	3032.4	3563.3
0.0	701.4	1570.5	2933.8	3539.8
0.0	844.4	1496.1	2772.8	3579.1
0.0	949.6	1596.6	2631.2	3488.0
0.0	996.4	1652.9	2560.7	3353.6
0.0	595.6	1375.2	2615.6	3260.5
0.0	599.4	1229.4	2573.7	3291.3
0.0	572.3	1145.0	2338.0	3300.3
0.0	993.6	1374.7	2328.6	3242.5
0.0	1020.0	1751.1	2608.4	3312.7
