0.0	0.0	0.0	0.0	0.0
0.0	0.0	0.0	0.0	0.0
0.0	0.0	0.0	0.0	0.0
0.0	777.2	1591.7	2437.0	3302.8
0.0	786.6	1612.0	2523.2	3386.4
0.0	798.5	1647.9	2605.2	3483.9
0.0	836.7	1812.1	2669.7	3432.5
0.0	771.0	1800.8	2703.4	3379.8
0.0	967.9	1749.4	2617.1	3454.0
0.0	929.7	1731.4	2619.3	3521.0
0.0	837.9	1765.9	2606.3	3517.5
0.0	769.7	1664.3	2490.3	3438.8
0.0	746.5	1599.0	2478.7	3360.2
0.0	770.5	1575.5	2382.7	3384.7
0.0	754.3	1558.0	2293.4	3408.6
0.0	634.2	1562.8	2472.8	3472.5
0.0	756.6	1640.9	2524.1	3492.9
0.0	657.3	1693.5	2487.0	3400.4
0.0	606.8	1598.4	2458.4	3413.0
0.0	512.7	1582.1	2434.4	3420.7
171.3	526.4	1613.5	2398.1	3359.8
144.6	548.1	1622.2	2311.9	3322.0
138.4	540.3	1644.8	2262.8	3241.8
135.7	552.6	1646.2	2193.5	3200.2
139.3	537.2	1617.6	2144.6	3234.5
138.8	483.6	1598.6	2092.2	3205.4
138.8	489.0	1632.8	2068.1	3234.3
135.8	433.8	1616.7	2052.6	3277.8
136.0	408.8	1600.3	2034.6	3332.8
135.6	389.8	1651.9	2059.0	3400.6
136.2	397.6	1736.0	2218.2	3397.5
132.7	265.1	1774.3	2509.8	3322.5
124.2	267.7	1779.0	2709.6	3433.9
63.5	263.7	1510.1	2563.6	3435.0
127.7	1018.2	2143.7	2247.7	3356.1
124.2	1022.8	2126.2	2317.8	3193.7
121.1	696.7	1877.3	2524.7	3310.6
0.0	365.7	1952.8	2687.7	3399.6
0.0	344.6	1973.5	2691.0	3416.5
163.0	403.0	1950.4	2631.5	3367.3
152.0	411.6	1941.2	2593.2	3364.6
143.8	423.0	1941.9	2541.0	3341.4
137.8	409.7	1914.9	2544.0	3307.9
136.3	417.7	1931.7	2555.8	3328.6
137.8	413.5	1928.0	2556.7	3329.0
137.7	412.5	1936.3	2575.8	3345.7
137.8	418.9	1980.6	2576.0	3372.0
139.6	422.0	1994.5	2528.4	3362.2
141.0	419.6	2026.6	2573.7	3335.8
143.0	450.7	2026.7	2582.8	3284.0
145.7	388.3	2062.9	2618.9	3284.0
150.5	382.3	2049.6	2583.4	3385.8
152.1	353.6	2031.3	2558.1	3428.6
154.4	347.5	1981.0	2440.4	3367.7
85.7	396.1	1863.1	2353.5	3371.7
63.5	239.7	1767.0	2340.4	3400.3
67.9	285.5	1796.7	2292.5	3429.1
227.6	259.8	1842.7	2363.9	3434.0
240.4	243.1	1865.0	2429.5	3421.4
234.8	347.3	1926.4	2479.2	3429.5
202.0	366.4	1893.7	2499.1	3435.3
182.6	358.0	1775.2	2469.9	3444.6
165.3	377.1	1743.4	2441.0	3423.3
140.6	376.4	1695.5	2470.8	3475.1
104.7	413.7	1658.3	2512.2	3521.3
128.9	686.2	1662.0	2572.4	3464.5
125.0	435.6	1626.6	2724.6	3505.6
117.6	412.0	1617.5	2682.7	3634.3
0.0	398.1	1586.1	2702.0	3594.5
125.0	315.0	1556.7	2584.9	3620.3
129.0	330.2	1553.5	2515.1	3510.1
130.4	309.5	1569.0	2533.3	3474.8
132.1	345.2	1551.8	2493.9	3447.0
135.0	331.5	1494.5	2513.9	3279.1
130.9	304.4	1443.0	2570.8	3059.2
132.3	477.8	1392.8	2268.4	2954.1
127.5	238.2	1398.7	2239.0	3062.4
128.1	237.7	1320.1	2291.7	3109.4
120.0	240.2	1246.3	2336.0	3172.1
121.5	249.9	1207.2	2306.0	3213.3
118.2	270.3	1173.3	2316.3	3105.9
115.4	716.0	1750.8	2507.2	3066.8
108.1	793.7	1929.8	2477.8	3158.3
105.5	862.3	2008.2	2411.3	3387.5
100.8	732.8	1740.5	2326.8	3313.6
0.0	652.3	1330.2	2436.6	3507.3
0.0	721.6	1299.8	2388.3	3503.0
131.9	670.8	1201.7	2265.6	3274.6
0.0	588.7	1126.3	2241.8	3201.1
133.8	605.6	1076.2	2224.4	3316.8
138.0	659.3	1082.6	2238.0	3358.2
139.5	682.9	1083.3	2254.7	3316.5
139.3	691.8	1076.0	2265.5	3321.3
136.2	704.5	1071.3	2274.2	3330.0
134.2	722.6	1069.0	2288.5	3351.4
133.6	703.5	1083.8	2295.6	3391.9
134.1	727.5	1109.4	2295.6	3397.5
133.6	702.6	1106.3	2310.4	3380.4
133.6	687.3	1138.6	2363.8	3450.5
134.8	677.2	1198.3	2455.1	3475.4
134.9	656.1	1215.2	2515.2	3533.1
135.3	633.3	1290.0	2510.7	3593.7
133.3	838.1	1492.5	2743.3	3644.2
132.9	953.0	1754.7	2825.5	3638.9
65.6	718.1	1891.8	2950.7	3647.7
545.5	985.2	2066.6	3196.1	3652.4
0.0	985.6	1969.9	3157.8	3565.0
0.0	1027.2	2155.2	2969.3	3329.4
0.0	937.1	1854.4	2832.3	3248.7
155.8	874.4	1494.3	2692.9	3276.6
166.7	795.6	1347.0	2482.5	3322.4
67.4	883.8	1559.3	2728.0	3350.9
0.0	424.9	1019.9	2513.2	3151.3
175.9	390.5	950.1	2458.0	3205.4
145.5	416.3	951.0	2484.8	3376.6
135.9	439.3	976.5	2505.8	3415.1
130.3	453.4	979.2	2474.1	3395.5
128.8	483.7	981.4	2576.6	3407.8
127.0	471.5	988.5	2629.5	3411.9
125.0	449.5	997.2	2575.5	3372.3
124.3	408.0	1000.9	2541.0	3299.0
123.6	436.9	1022.6	2579.2	3217.6
122.2	511.0	1077.1	2620.0	3177.2
118.6	1075.5	1999.2	2784.7	3359.6
112.9	972.5	1658.5	2790.0	3274.7
72.0	490.7	1295.1	2661.1	3276.9
0.0	447.7	1229.3	2435.0	3237.2
150.0	455.8	1235.9	2437.5	3101.5
136.8	466.8	1264.7	2411.9	3073.1
132.4	483.1	1430.6	2398.0	3226.1
128.2	404.3	1511.4	2513.2	3436.6
117.5	792.7	1462.9	2524.0	3463.2
0.0	704.0	1706.6	2654.9	3448.5
0.0	1099.3	1724.2	2695.3	3517.5
0.0	944.3	1710.1	2520.4	3495.9
0.0	814.5	1739.1	2563.8	3441.3
0.0	521.0	1757.5	2588.3	3634.1
0.0	588.9	1655.8	2397.6	3468.9
571.4	451.9	1515.0	2403.9	3184.1
163.6	460.3	1479.8	2392.6	3112.6
155.2	298.2	1426.4	2343.1	3086.1
131.5	298.9	1407.6	2386.7	2976.1
127.7	297.7	1409.8	2439.8	3282.4
126.0	310.3	1366.8	2365.4	3289.5
123.7	306.2	1248.0	2293.1	3201.9
122.3	405.0	1398.4	2251.7	3128.0
123.7	465.8	1555.1	2325.7	3151.3
119.1	354.2	1706.8	2458.8	3200.3
117.5	283.8	1611.4	2391.9	3271.8
115.6	677.1	1511.1	2255.9	3330.4
115.4	663.8	1459.4	2244.1	3263.8
0.0	468.2	1506.6	2363.8	3249.3
129.0	484.1	1520.2	2337.0	3235.3
129.2	508.9	1534.9	2348.5	3234.4
128.4	511.8	1569.6	2354.0	3251.5
130.2	525.4	1619.7	2370.0	3273.3
130.1	535.8	1654.5	2406.8	3280.5
130.3	535.7	1675.4	2387.1	3289.1
129.4	527.9	1737.2	2382.7	3312.8
128.2	519.2	1814.4	2421.3	3297.3
127.5	511.2	1841.3	2406.7	3277.7
128.2	508.4	1897.6	2389.3	3303.7
128.7	517.9	1968.0	2473.3	3339.2
129.8	527.8	1987.5	2440.8	3339.6
129.3	524.6	2001.0	2412.6	3339.1
128.6	525.2	2018.8	2466.7	3367.6
128.9	523.5	1978.6	2477.6	3360.5
128.0	517.2	1928.3	2472.8	3351.4
126.9	504.6	1900.4	2437.4	3353.8
124.3	497.9	1794.2	2425.2	3259.8
123.6	458.4	1724.1	2387.0	3095.2
120.8	434.4	1666.8	2298.4	3086.5
116.2	351.2	1444.8	2232.5	3140.8
118.3	398.5	1401.9	2323.9	3149.0
118.6	478.7	1366.6	2255.0	2974.1
121.1	498.4	1100.9	2158.0	3113.1
123.2	481.3	966.7	2232.4	3269.8
119.6	452.9	873.7	2189.2	3133.5
120.2	448.8	867.1	2186.7	3132.0
122.4	483.8	867.6	2156.8	3063.5
122.4	512.6	880.2	2126.6	3112.2
123.7	536.3	881.5	2084.3	3195.2
124.7	522.4	872.1	2009.4	3061.6
127.7	529.8	896.2	1990.8	3056.6
127.7	521.1	953.4	1953.9	3140.9
128.3	525.8	1013.5	1811.4	3197.2
129.0	511.1	1046.9	1785.0	3323.1
128.9	512.8	1094.3	1772.5	3417.0
128.9	533.9	1151.3	1769.7	3431.7
129.4	532.2	1176.4	1727.8	3486.6
130.3	517.8	1204.1	1740.8	3467.6
130.5	521.2	1263.6	1762.7	3439.8
130.0	524.1	1282.6	1754.9	3461.4
129.0	508.7	1305.2	1762.4	3459.4
128.0	502.8	1371.4	1798.4	3469.6
126.3	512.5	1401.5	1872.2	3392.8
125.2	505.2	1423.5	1882.7	3254.8
124.4	491.6	1457.7	1972.7	3112.3
124.1	484.3	1513.9	2034.1	3110.6
123.6	457.6	1527.2	2146.1	3147.3
124.1	425.8	1553.9	2557.2	3234.0
124.2	405.2	1580.4	2534.3	3326.8
124.5	363.6	1517.6	2499.5	3377.9
123.1	268.9	1492.2	2548.0	3363.9
122.5	268.8	1581.7	2531.5	3358.7
122.1	258.4	1696.8	2563.3	3374.1
122.4	242.8	1572.5	2631.8	3356.3
121.2	247.9	1552.4	2450.3	3255.4
127.7	709.4	1787.2	2815.6	3564.0
122.4	917.2	2137.0	3563.8	3586.3
0.0	1025.7	2136.7	3295.6	3831.0
117.6	681.1	2044.5	3251.6	3815.7
0.0	871.2	2163.0	3204.9	3774.8
0.0	848.7	2265.4	3315.2	3714.3
0.0	1037.8	2162.8	3278.0	3748.8
139.5	906.7	1840.0	3228.2	3696.3
0.0	908.5	1731.0	3125.3	3493.9
0.0	1014.6	1680.9	3097.4	3495.8
0.0	887.0	1657.8	3073.7	3590.7
181.8	778.6	1629.5	3034.5	3490.1
307.7	755.9	1613.5	3047.4	3420.8
0.0	707.8	1607.8	3004.2	3406.2
134.8	714.7	1564.6	2939.6	3344.8
90.9	725.0	1555.7	2917.2	3341.6
329.3	709.1	1547.1	2934.0	3243.1
0.0	803.9	1582.4	2782.1	3245.5
0.0	819.3	1539.3	2733.0	3320.0
0.0	898.4	1541.5	2737.6	3299.1
0.0	944.6	1598.3	2679.7	3189.2
0.0	640.4	1531.0	2623.6	3289.3
0.0	595.4	1412.7	2700.1	3338.2
0.0	666.9	1500.5	2630.4	3340.0
0.0	684.4	1543.0	2670.9	3408.7
0.0	653.2	1528.7	2620.3	3410.1
0.0	656.2	1545.8	2530.2	3424.7
