0.0	0.0	0.0	0.0	0.0
0.0	0.0	0.0	0.0	0.0
0.0	0.0	0.0	0.0	0.0
0.0	795.6	1731.8	2697.1	3259.1
0.0	819.5	1732.6	2749.3	3281.3
375.0	805.0	1702.6	2708.7	3283.1
338.6	763.3	1617.3	2721.5	3294.4
342.9	694.3	1582.9	2688.0	3260.5
73.2	773.6	1655.9	2717.3	3289.0
0.0	792.4	1653.5	2752.0	3304.7
333.3	680.7	1525.2	2684.6	3260.3
333.3	798.6	1594.8	2730.2	3388.3
65.6	740.0	1769.0	2747.0	3459.1
0.0	659.2	1745.7	2701.1	3463.6
0.0	909.5	1700.3	2705.3	3511.0
0.0	805.7	1764.2	2566.1	3414.9
0.0	761.4	1681.2	2489.5	3390.7
0.0	857.1	1513.5	2624.0	3404.7
0.0	783.6	1493.7	2668.9	3343.2
0.0	638.4	1533.6	2564.2	3334.4
0.0	663.6	1641.4	2451.2	3389.0
0.0	461.6	1702.4	2508.0	3510.2
0.0	640.8	1852.1	2612.1	3605.8
0.0	589.8	1523.5	2606.4	3585.3
0.0	723.0	1607.1	2618.0	3596.8
71.9	685.2	1557.9	2530.1	3376.2
0.0	628.7	1488.0	2509.0	3359.3
142.9	458.3	1510.6	2505.6	3422.5
0.0	440.7	1451.3	2504.3	3289.9
0.0	399.8	1482.7	2499.3	3208.1
77.4	380.2	1552.6	2484.9	3273.4
0.0	379.5	1565.4	2649.1	3417.2
96.8	292.7	1603.8	2619.8	3432.9
92.3	288.7	1709.4	2524.7	3344.2
74.5	281.9	1683.8	2616.9	3359.5
70.2	742.2	1563.1	2596.3	3356.5
304.1	833.7	1715.3	2616.6	3390.5
0.0	777.6	1752.0	2550.3	3338.4
0.0	835.8	1827.1	2600.2	3276.4
0.0	856.4	1955.4	2741.6	3368.7
0.0	858.9	1955.4	2623.7	3340.4
400.0	784.7	1770.9	2492.1	3449.2
0.0	772.1	1623.2	2485.7	3538.0
0.0	746.9	1632.9	2397.7	3523.7
0.0	681.7	1388.8	2201.7	3254.1
0.0	610.7	1290.4	2120.7	3403.8
0.0	625.9	1114.6	1844.1	3737.7
133.4	640.1	1018.0	1856.7	3787.9
116.7	637.5	1013.9	1898.6	3760.3
116.0	609.4	1025.1	1937.7	3680.7
114.7	612.2	1073.9	2005.8	3505.5
113.9	605.9	1089.7	2063.1	3453.6
112.5	591.5	1131.6	2095.9	3467.3
112.2	609.8	1229.7	2124.3	3227.1
111.7	605.5	1283.1	2118.4	3094.1
113.8	614.4	1303.6	2123.1	3107.0
114.5	605.5	1315.9	2154.4	3249.8
115.2	611.9	1355.0	2168.5	3168.2
116.2	603.6	1351.9	2163.9	3079.0
115.4	608.2	1320.5	2221.0	3130.2
115.4	617.5	1268.2	2242.5	3169.2
115.8	604.6	1226.2	2250.0	3260.1
117.6	588.3	1195.0	2277.8	3427.1
118.1	586.4	1096.9	2275.4	3378.8
119.0	557.9	1014.0	2281.1	3446.9
119.6	564.5	990.7	2346.3	3402.2
120.8	246.4	1076.8	2320.8	3204.1
110.4	231.4	1163.9	2420.4	3320.0
115.4	233.3	1066.2	2436.1	3370.6
115.2	229.7	1159.2	2365.6	3298.5
114.9	227.0	1305.0	2439.9	3353.6
111.1	219.9	1359.8	2540.8	3405.5
107.5	237.4	1317.7	2506.2	3345.7
100.4	475.3	1150.6	2727.3	3459.8
0.0	451.4	883.4	2769.3	3699.9
118.1	420.4	888.8	2823.4	3487.7
106.2	409.7	815.4	2908.0	3592.5
105.3	406.6	749.3	2948.8	3676.5
105.8	400.1	733.7	2957.7	3789.4
104.3	390.5	732.4	2913.0	3629.6
103.9	383.2	743.9	2915.0	3623.0
104.1	380.1	749.5	2889.6	3643.0
103.6	374.7	773.1	2842.4	3695.2
104.3	351.4	804.4	2832.7	3727.9
103.4	327.8	856.6	2538.3	3364.2
103.4	336.8	900.5	2414.8	3165.2
101.7	360.7	948.6	2429.5	3169.7
101.7	439.3	1089.3	2532.7	3105.0
104.3	490.8	1192.2	2538.3	3115.7
104.3	495.1	1247.9	2556.0	3141.0
103.4	503.1	1282.4	2450.1	3157.4
105.3	478.8	1311.0	2358.3	3154.2
105.3	447.9	1342.8	2337.0	3171.1
105.1	411.6	1343.2	2341.9	3240.1
105.6	390.5	1315.0	2360.1	3362.7
105.4	336.5	1303.1	2350.5	3339.8
105.5	330.8	1294.7	2354.4	3357.1
105.1	332.6	1262.7	2352.3	3449.4
104.7	334.5	1245.5	2333.2	3473.7
104.3	325.4	1304.3	2307.9	3402.6
103.7	302.7	1287.8	2295.6	3347.7
102.4	314.8	1275.2	2304.2	3330.8
101.8	312.7	1226.1	2312.9	3379.2
101.8	309.2	1264.9	2315.2	3451.0
101.4	310.3	1299.6	2319.2	3482.1
100.8	309.4	1268.4	2362.9	3201.9
101.3	312.4	1250.4	2411.5	2877.3
101.7	298.9	1263.6	2459.9	2915.6
101.7	266.2	1279.6	2454.9	2887.0
101.7	269.9	1244.6	2473.6	2857.5
99.2	302.0	1314.7	2445.8	2681.3
100.8	303.2	1349.3	2461.6	2829.8
100.0	302.5	1397.7	2461.8	3582.7
100.0	310.9	1478.4	2651.6	4009.2
96.0	277.7	1611.7	3149.5	4916.2
0.0	722.1	1672.2	3192.3	4845.0
255.3	950.9	1725.8	3007.8	4206.0
0.0	685.5	1635.8	2838.3	3956.3
0.0	627.4	1603.4	2631.7	3710.4
0.0	472.3	1498.0	2550.4	3544.1
0.0	493.1	1464.4	2410.5	3589.5
95.2	510.8	1403.5	2282.3	3572.4
95.2	547.0	1353.4	2210.5	3565.9
92.2	572.1	1275.8	2239.6	3597.4
86.3	567.9	1223.8	2194.0	3569.3
81.7	586.4	1209.0	2137.6	3641.4
79.0	587.2	1176.0	2124.3	3635.8
78.6	583.7	1182.6	2056.2	3550.6
78.1	579.8	1165.1	2002.2	3582.7
79.1	576.1	1164.4	1961.5	3546.0
80.4	573.1	1177.0	1946.6	3463.0
82.2	563.6	1192.1	1938.3	3471.7
82.2	561.0	1218.3	1935.2	3469.0
82.3	571.1	1213.7	1920.2	3447.5
82.4	566.8	1229.5	1922.9	3415.9
82.7	553.2	1178.1	1948.1	3402.2
82.7	557.0	1144.7	2042.2	3435.3
81.3	546.9	1119.8	2108.3	3429.2
81.3	524.0	1062.9	2137.3	3468.7
80.9	537.8	1100.2	2173.9	3590.4
78.9	605.2	1189.5	2216.3	3534.2
78.1	752.0	1318.5	2358.0	3551.2
77.2	782.1	1575.0	2653.1	3553.4
77.4	1041.8	1704.9	2690.0	3513.0
0.0	1097.8	1909.0	2661.8	3533.5
66.7	1149.8	1941.3	2669.3	3587.2
107.1	1063.2	1850.0	2599.6	3553.8
0.0	716.8	1824.8	2614.7	3528.2
0.0	1019.8	1967.3	2702.7	3558.1
141.2	1042.6	1821.9	2679.7	3393.1
375.0	1010.3	1809.7	2684.9	3512.5
169.0	928.3	1804.6	2751.1	3710.2
136.4	900.3	1722.2	2720.8	3586.3
0.0	893.3	1558.1	2725.6	3419.6
0.0	751.5	1572.0	2758.4	3602.9
0.0	566.9	1398.2	2708.3	3682.8
0.0	410.8	988.2	2716.8	3626.2
79.2	403.9	864.2	2738.3	3745.8
85.7	430.3	859.7	2734.1	3757.8
88.5	457.2	909.7	2735.8	3765.5
88.6	510.1	951.7	2746.7	3734.4
88.6	534.7	989.2	2721.8	3692.8
88.4	540.2	1031.0	2667.3	3685.9
85.9	540.6	1064.9	2618.6	3725.3
84.6	558.6	1106.3	2577.3	3751.7
82.8	559.9	1133.6	2572.1	3687.6
80.0	567.6	1155.1	2536.8	3637.2
79.8	578.6	1155.5	2499.5	3648.2
78.3	551.4	1160.0	2464.3	3647.6
76.0	524.0	1163.9	2460.1	3608.2
73.6	523.7	1153.2	2442.1	3584.5
73.6	497.3	1145.7	2344.4	3554.2
69.0	484.3	1130.2	2234.8	3553.7
0.0	445.2	1129.4	2247.4	3437.3
0.0	436.6	1139.2	2273.1	3381.7
0.0	410.9	1169.3	2222.8	3431.6
0.0	401.1	1199.6	2205.3	3283.8
102.6	400.2	1236.5	2168.4	3178.1
0.0	378.7	1293.0	2132.2	3295.7
0.0	361.1	1327.3	2205.0	3346.5
141.2	389.4	1527.6	2531.3	3357.8
0.0	776.3	1788.5	2637.9	3345.3
0.0	781.4	1855.1	2670.1	3477.7
67.4	792.8	1878.3	2731.9	3476.4
0.0	905.7	1823.1	2627.9	3405.9
0.0	614.2	1692.8	2478.1	3406.0
461.5	648.7	1697.0	2590.8	3500.7
0.0	725.0	1706.2	2612.2	3512.6
187.5	600.6	1689.0	2509.7	3420.9
0.0	646.2	1725.1	2436.7	3310.4
0.0	615.8	1674.6	2465.0	3225.2
363.6	628.7	1662.6	2520.4	3311.4
0.0	697.4	1659.6	2553.1	3480.4
106.2	735.0	1590.3	2379.3	3512.5
79.5	693.1	1581.4	2382.7	3446.8
173.9	705.0	1548.2	2464.7	3510.9
82.2	748.0	1524.6	2372.7	3480.8
0.0	646.7	1467.5	2324.5	3399.9
0.0	556.7	1364.0	2434.9	3465.8
0.0	585.7	1393.9	2401.6	3383.8
0.0	619.0	1471.0	2381.7	3243.9
0.0	473.3	1404.3	2445.4	3359.9
0.0	454.2	1391.5	2422.6	3398.8
64.9	446.6	1405.3	2417.2	3339.6
0.0	489.8	1441.2	2362.8	3277.0
139.5	391.0	1388.1	2425.4	3291.5
