0.0	0.0	0.0	0.0	0.0
0.0	0.0	0.0	0.0	0.0
0.0	0.0	0.0	0.0	0.0
0.0	649.3	1256.9	2456.0	3557.3
0.0	763.7	1681.0	2510.8	3432.1
0.0	770.1	1787.2	2492.4	3361.9
0.0	778.4	1892.3	2650.5	3506.5
116.5	868.6	1966.7	2667.6	3513.8
118.8	673.6	1761.3	2483.1	3435.7
0.0	699.1	1595.7	2428.2	3550.8
0.0	732.8	1691.3	2458.6	3486.9
0.0	594.5	1798.6	2490.1	3456.6
0.0	699.9	1808.8	2574.4	3466.2
0.0	750.7	1782.1	2604.8	3486.5
0.0	856.2	1779.8	2603.4	3656.6
0.0	374.9	1797.5	2567.6	3650.8
117.6	488.8	1554.6	2502.7	3456.5
121.2	570.7	1633.1	2393.7	3569.9
235.3	681.0	1582.2	2430.4	3681.6
235.3	371.4	1625.1	2483.9	3657.7
0.0	380.7	1702.2	2507.0	3693.1
0.0	383.0	1740.6	2528.1	3688.5
0.0	378.2	1763.3	2519.5	3718.8
96.0	409.5	1716.7	2535.9	3748.8
102.2	433.8	1707.5	2567.0	3684.9
100.3	710.5	1761.9	2593.4	3685.4
98.4	794.8	1969.9	2636.3	3777.9
90.9	720.6	1834.8	2595.3	3773.2
255.3	740.7	1866.0	2723.0	3915.7
333.3	595.9	2208.9	2922.1	4370.7
266.7	1007.1	2331.0	3021.8	4914.5
71.0	1090.7	2132.2	3022.8	4413.4
428.6	833.4	1832.6	2788.4	4002.6
461.5	774.0	1802.8	2799.2	4051.0
307.7	961.8	1871.4	2896.8	4175.6
179.1	858.9	1757.5	2731.0	4617.6
0.0	389.6	1682.2	2593.5	4079.5
480.0	407.4	1699.0	2591.9	3614.9
0.0	405.1	1710.1	2589.8	3464.4
116.5	405.8	1741.1	2603.4	3488.4
113.8	408.4	1756.1	2593.2	3429.0
114.4	422.3	1769.5	2593.6	3460.8
114.3	429.9	1766.3	2575.2	3467.4
113.9	423.5	1748.9	2559.9	3486.6
113.3	436.0	1725.8	2554.0	3499.2
112.1	430.2	1724.6	2568.8	3405.2
111.0	427.5	1713.2	2564.0	3302.2
110.5	424.1	1684.5	2581.3	3357.1
108.3	408.8	1675.2	2579.3	3374.8
105.0	399.1	1673.6	2586.9	3446.8
102.1	398.0	1644.1	2598.5	3454.7
100.0	407.2	1610.2	2652.1	3458.1
96.3	422.4	1550.7	2597.8	3515.3
94.5	434.9	1503.0	2533.4	3477.0
92.3	463.5	1537.7	2572.8	3551.7
0.0	411.4	1591.3	2609.3	3750.4
88.2	400.5	1572.8	2704.9	3988.0
89.6	689.1	1651.4	2996.8	4161.6
92.3	567.3	1482.7	2473.5	3441.0
81.1	313.2	1341.2	2369.7	3379.6
77.9	288.7	1482.9	2351.4	3564.1
193.8	316.8	1431.1	2436.1	3491.2
193.5	291.2	1328.5	2428.0	3164.5
200.0	258.2	1260.7	2389.9	3065.8
96.0	258.2	1230.0	2393.4	2831.4
97.0	282.2	1344.7	2433.4	3137.3
97.7	329.0	1709.8	2558.4	3513.2
221.4	434.8	1729.4	2561.8	3493.3
98.1	519.0	1730.9	2478.2	3448.9
97.7	534.4	1698.8	2405.2	3342.3
98.4	562.1	1629.9	2279.2	3316.3
98.2	583.6	1511.0	2163.0	3350.2
98.4	578.9	1400.2	2100.6	3316.1
98.8	542.3	1299.7	2022.7	3234.2
99.7	485.2	1214.7	1968.8	3236.2
99.6	458.2	1162.2	2001.6	3335.1
96.5	428.4	1155.5	2060.8	3370.1
92.9	441.8	1213.5	2098.8	3376.0
93.0	437.0	1236.7	2177.6	3348.9
93.0	434.5	1260.7	2283.8	3366.3
98.7	429.6	1293.6	2416.5	3394.0
104.4	428.9	1343.3	2554.5	3428.4
107.1	417.5	1338.3	2620.9	3408.2
110.1	422.1	1349.5	2636.9	3483.7
109.1	405.6	1329.5	2630.7	3475.4
102.6	382.3	1336.0	2572.5	3484.7
96.8	350.1	1252.5	2536.7	3454.4
96.0	246.1	1172.0	2532.2	3385.5
97.6	358.5	1204.3	2570.4	3395.0
0.0	394.3	1202.6	2609.0	3351.5
0.0	455.3	1213.1	2610.2	3302.3
0.0	475.6	1147.1	2639.2	3261.5
113.2	465.6	1116.9	2651.4	3228.9
117.0	474.8	1013.7	2668.2	3290.1
116.7	465.7	921.9	2657.3	3308.8
115.4	430.7	881.8	2669.5	3278.3
113.3	457.3	868.7	2706.3	3206.6
112.4	413.5	842.8	2738.1	3140.6
112.0	412.0	833.4	2784.9	3086.7
112.3	391.5	828.4	2803.1	3137.0
113.0	388.1	839.7	2807.4	3185.7
113.2	396.2	850.3	2764.2	3210.9
113.2	429.9	895.4	2734.2	3274.2
111.7	478.0	1017.4	2729.7	3492.5
110.4	529.5	1085.5	2723.0	3372.2
107.7	566.0	1187.1	2660.6	3205.1
106.3	583.5	1261.5	2626.0	3260.9
104.2	587.4	1295.8	2585.3	3176.6
102.4	587.0	1355.5	2564.0	3161.2
100.8	592.7	1386.2	2531.8	3253.2
100.0	591.6	1390.5	2499.8	3273.9
99.1	589.6	1444.1	2545.2	3264.2
97.9	592.2	1479.2	2584.2	3327.7
96.1	588.7	1450.4	2537.9	3409.4
94.3	589.6	1429.3	2508.4	3490.2
92.6	571.6	1395.7	2496.7	3521.4
91.0	558.7	1430.3	2472.5	3567.8
89.6	549.4	1465.3	2484.0	3476.1
88.6	603.2	1465.9	2547.0	3519.5
88.6	671.6	1433.1	2544.3	3482.9
85.1	534.9	1460.2	2577.0	3488.6
90.2	907.0	1825.7	2688.2	3672.3
315.8	822.2	1738.4	2713.2	3830.1
0.0	929.3	1705.7	2782.0	3825.5
352.9	961.7	1823.9	3090.1	4075.6
76.4	506.1	1747.0	3196.5	4071.6
162.2	878.4	1831.0	3164.6	4053.3
77.9	791.9	1588.1	2699.6	3881.0
0.0	902.3	1593.9	2636.2	3918.2
324.3	890.1	1653.5	2688.3	3440.4
137.9	1109.6	1746.6	2701.9	3395.0
333.3	823.6	1483.6	2625.0	3470.8
0.0	485.7	1376.2	2599.5	3459.3
0.0	506.0	1408.3	2681.5	3506.4
91.6	522.9	1398.6	2643.0	3566.6
80.1	459.5	1388.5	2599.1	3511.8
84.3	335.1	1358.7	2472.2	3396.9
80.4	323.4	1280.3	2479.6	3459.3
80.1	331.9	1274.4	2398.6	3358.8
84.5	358.4	1241.5	2316.4	3351.4
86.3	330.3	1268.9	2341.4	3380.5
90.2	262.0	1293.3	2420.3	3344.8
90.2	257.2	1187.0	2395.2	3329.3
90.8	448.3	982.2	2298.5	3279.7
94.5	517.3	1018.5	2494.7	3262.0
93.8	738.0	1114.2	2436.9	3308.3
92.8	663.1	1170.8	2301.8	3294.2
90.9	672.6	1257.6	2639.0	3194.5
90.8	703.4	1417.8	2575.6	3290.9
90.9	671.9	1487.7	2341.3	3377.6
90.5	654.8	1584.4	2262.1	3392.7
90.0	650.8	1641.1	2377.7	3356.0
89.9	579.5	1698.6	2377.2	3310.6
89.5	531.1	1621.5	2277.2	3230.4
89.0	339.8	1485.4	2274.5	3102.1
87.7	278.0	1639.4	2364.5	3147.6
89.6	255.5	1360.9	2250.6	3023.8
90.9	281.5	1352.5	2266.3	3155.8
90.9	282.0	1411.8	2277.7	3001.9
90.9	485.9	1436.8	2304.1	2865.6
0.0	597.5	1409.2	2280.3	2979.5
94.8	604.0	1246.7	2225.8	3220.8
93.2	647.9	1172.3	2208.9	3333.3
92.5	622.9	1149.3	2121.9	3352.9
93.1	701.5	1057.6	2105.6	3321.8
93.2	614.9	979.9	2112.6	3347.1
93.2	618.7	980.5	2054.8	3444.3
93.6	553.0	981.4	2010.8	3544.0
94.1	570.9	976.1	1924.1	3565.1
93.6	524.5	984.1	1865.7	3585.1
94.1	521.0	995.2	1823.0	3646.3
94.6	507.5	1006.5	1787.2	3687.3
94.3	505.4	1055.0	1787.3	3590.1
94.9	502.9	1119.9	1806.3	3614.9
95.4	500.0	1193.3	1810.4	3538.0
95.6	496.7	1233.9	1822.9	3473.1
95.7	487.2	1364.0	1823.7	3379.2
96.0	469.6	1450.0	1849.9	3301.4
96.3	413.1	1522.1	1902.8	2998.9
96.8	447.4	1581.9	1934.9	2667.9
96.6	498.9	1655.4	2067.1	2883.0
94.9	352.0	1573.7	2225.5	3117.1
91.8	349.1	1725.5	2369.5	2947.6
204.9	391.5	1843.1	2460.7	3388.2
200.2	362.3	1887.8	2439.6	3681.9
96.3	365.1	1917.0	2480.7	3735.6
96.7	367.4	1969.3	2522.8	3775.8
96.5	362.3	1983.3	2516.5	3780.9
95.7	353.1	1986.7	2505.5	3756.2
94.6	345.8	2001.5	2539.8	3779.6
94.1	342.0	1977.1	2488.9	3678.2
93.3	348.4	1956.7	2454.0	3724.3
91.8	365.8	1858.9	2399.9	3738.7
91.2	361.7	1830.5	2466.7	3678.4
89.6	395.7	1942.4	2723.0	3725.7
83.8	350.3	1887.4	2807.9	3766.9
70.2	288.3	1847.1	2671.8	3786.2
67.5	243.3	1872.7	2673.7	3583.9
91.6	631.8	1741.1	2586.4	3301.0
0.0	605.8	1628.7	2491.3	3338.4
69.8	411.4	1659.6	2510.2	3398.8
0.0	265.3	1774.4	2566.7	3447.0
0.0	824.3	1805.1	2696.0	3581.2
83.9	450.7	1833.2	2569.8	3480.2
0.0	365.9	1906.4	2501.5	3444.0
0.0	347.3	1950.2	2515.2	3605.4
0.0	368.9	1946.9	2538.6	3637.2
94.1	385.7	1955.9	2551.3	3813.6
97.2	394.8	1966.8	2560.5	3708.6
94.6	381.0	1963.0	2567.4	3687.3
93.7	380.7	1968.8	2573.4	3676.4
92.6	364.4	1960.7	2541.3	3678.4
91.9	362.6	1953.9	2538.0	3820.1
90.9	358.4	1944.3	2541.3	3866.6
89.2	357.0	1913.6	2483.7	3822.2
87.9	362.4	1890.3	2418.4	3831.0
86.0	414.9	1865.9	2373.7	3838.2
85.5	401.8	1822.4	2304.6	3817.4
81.2	384.8	1805.6	2265.8	3783.4
78.4	377.0	1775.1	2254.5	3700.2
79.4	366.0	1723.6	2239.8	3562.3
76.9	375.0	1689.7	2213.0	3597.1
0.0	374.0	1636.8	2220.6	3467.5
0.0	374.6	1607.8	2238.2	3652.0
80.5	377.5	1576.8	2208.5	3752.9
0.0	386.1	1504.0	2195.7	3594.6
0.0	371.1	1469.0	2196.8	3263.8
77.1	364.8	1428.6	2238.0	3541.8
86.7	390.2	1373.4	2268.4	3627.5
98.4	352.7	1352.8	2253.5	3667.4
0.0	366.4	1316.1	2296.4	3616.9
0.0	401.8	1244.8	2369.7	3663.9
137.9	392.9	1272.5	2419.0	3684.8
69.8	882.9	1522.3	2465.2	3674.8
133.3	906.6	1850.9	2493.5	3387.9
64.2	863.1	1494.7	2376.3	3001.7
571.4	855.6	1423.4	2343.2	2975.7
0.0	850.1	1424.3	2325.5	3166.1
0.0	738.7	1514.6	2440.1	3375.2
0.0	740.8	1572.0	2578.8	3458.8
0.0	724.7	1489.8	2552.5	3355.6
0.0	455.2	1439.5	2367.1	3329.5
81.1	788.3	1642.8	2464.8	3383.6
76.9	714.4	1374.4	2395.0	3351.0
0.0	777.6	1586.3	2378.9	3423.3
