0.0	0.0	0.0	0.0	0.0
0.0	0.0	0.0	0.0	0.0
0.0	0.0	0.0	0.0	0.0
0.0	899.9	1812.2	2639.3	3378.5
0.0	987.9	1835.8	2583.1	3377.7
0.0	1027.5	1798.7	2541.9	3360.8
0.0	536.0	1713.3	2591.5	3441.0
0.0	555.4	1665.9	2619.6	3477.3
0.0	724.8	1694.1	2618.9	3375.2
0.0	808.0	1737.0	2578.8	3428.8
0.0	782.5	1663.3	2482.8	3449.0
0.0	791.3	1733.4	2472.7	3378.1
63.5	840.1	1729.8	2496.8	3548.1
0.0	200.0	1709.8	2523.0	3495.6
0.0	259.6	1544.0	2306.2	3357.1
0.0	314.8	1494.8	2265.5	3324.3
176.5	265.9	1462.8	2287.3	3288.5
64.2	333.0	1134.9	2219.7	3420.9
148.0	370.8	1267.5	2202.0	3283.7
141.4	432.5	1710.2	2248.6	3248.9
148.1	464.5	1931.2	2513.9	3377.1
148.2	475.0	2017.8	2624.6	3448.6
150.5	451.0	2054.7	2654.1	3452.9
154.0	471.6	2070.6	2650.1	3455.2
155.4	503.9	2084.8	2650.9	3469.0
156.8	507.3	2065.8	2661.2	3479.8
156.9	527.9	2007.6	2634.7	3492.0
157.3	519.0	1955.8	2503.1	3466.5
156.0	486.3	1940.3	2426.3	3337.0
152.5	444.0	1479.2	2274.1	2545.5
152.7	427.3	1324.4	2302.6	2569.5
151.9	415.1	1189.7	2266.5	2670.7
150.0	530.0	1071.1	2259.1	2919.7
144.6	392.5	947.0	2281.6	2678.7
136.4	484.6	938.6	2322.9	2703.0
130.2	582.9	1039.3	2363.6	3120.8
122.4	524.6	856.5	2378.0	3210.9
117.0	503.5	853.0	2328.1	3225.8
113.3	461.0	853.4	2288.8	3243.5
108.1	495.9	870.2	2269.8	3351.6
107.4	508.3	905.8	2285.0	3369.2
107.1	536.6	945.2	2293.3	3334.6
107.1	561.1	972.1	2254.1	3312.8
107.1	595.9	1010.0	2411.2	3333.0
106.9	638.5	1056.4	2320.8	3336.0
106.9	622.4	1085.3	2235.2	3357.9
107.1	647.2	1109.8	2205.7	3411.5
107.2	660.5	1153.3	2214.2	3407.5
107.1	656.0	1210.3	2207.0	3420.5
106.9	648.7	1241.0	2242.1	3439.5
106.4	658.2	1276.1	2206.3	3465.8
106.0	654.3	1279.3	2236.8	3495.2
105.6	680.2	1281.9	2242.3	3492.8
106.0	655.4	1273.2	2175.8	3492.7
105.8	656.4	1259.1	2161.5	3482.8
105.6	680.4	1243.0	2115.8	3480.9
105.5	662.1	1188.0	2133.0	3493.4
105.6	663.8	1121.2	2155.5	3522.4
105.9	648.5	1053.4	2136.2	3555.4
106.3	634.3	1044.9	2157.7	3592.8
106.5	614.6	1023.7	2159.8	3634.4
107.4	587.1	997.2	2175.8	3594.3
109.0	562.9	991.0	2195.6	3561.9
109.0	569.8	1013.2	2172.4	3532.6
108.1	569.2	1114.1	2176.3	3582.3
106.6	851.2	1632.7	2802.9	3852.1
103.5	785.6	1720.5	2775.5	3839.6
96.0	763.7	1728.9	2688.5	3774.9
480.0	815.5	1839.3	2839.3	3724.5
387.1	961.7	1859.1	2943.5	3701.1
0.0	870.2	1834.2	3010.3	3681.7
0.0	745.9	1851.3	3086.0	3688.1
0.0	775.5	1901.8	3078.3	3675.0
75.5	857.4	1988.1	3185.7	3543.6
244.9	776.0	1688.8	3037.4	3449.6
0.0	1027.6	1814.6	2921.9	3537.1
90.2	1109.6	1833.5	2746.6	3512.5
0.0	1098.7	1854.2	2718.1	3419.9
73.2	842.8	1760.0	2560.3	3416.6
0.0	901.3	1790.9	2673.8	3480.4
0.0	916.1	1819.1	2719.0	3473.4
0.0	876.3	1761.8	2631.9	3408.0
0.0	834.6	1725.6	2605.1	3394.6
0.0	732.6	1685.0	2616.4	3454.0
0.0	952.2	1705.5	2555.4	3483.3
0.0	898.4	1342.6	2201.6	3273.4
0.0	398.5	1132.2	1522.5	2739.0
0.0	505.3	1214.6	1595.8	2582.5
137.0	510.3	1278.1	1701.6	2598.7
136.4	515.3	1377.9	1927.0	2615.5
136.6	532.1	1468.6	2083.9	2647.6
136.8	523.4	1567.8	2541.2	3340.8
136.6	526.4	1651.3	2552.1	3568.9
136.6	522.8	1754.0	2503.2	3664.6
137.1	510.6	1901.4	2512.2	3691.0
138.2	512.0	1952.7	2518.5	3661.5
138.5	504.5	1986.0	2469.9	3651.4
138.9	498.1	1965.3	2426.5	3722.7
140.2	511.2	1999.9	2400.0	3723.0
139.9	530.0	1857.5	2345.4	3525.0
139.9	771.6	1836.8	2288.6	3668.9
138.8	546.6	1624.3	2209.8	3461.7
136.1	631.0	1968.4	2362.0	3557.0
130.0	554.8	1923.8	2445.1	3579.3
130.0	529.1	1971.9	2488.3	3497.5
127.0	556.5	1935.5	2511.4	3457.6
125.4	575.2	1861.9	2481.3	3572.7
120.7	558.2	1784.7	2482.4	3589.0
116.8	515.7	1675.8	2436.2	3665.0
113.2	524.9	1607.3	2343.7	3639.0
110.7	508.2	1480.2	2305.5	3314.5
102.4	325.0	1461.8	2335.0	2929.4
106.6	307.2	1463.6	2332.0	3149.9
103.4	302.7	1411.5	2345.0	3365.3
98.4	311.7	1602.2	2419.8	3435.1
91.1	1165.6	1858.6	2686.7	3597.8
88.2	941.6	1817.1	2544.4	3565.2
0.0	832.1	1780.8	2520.9	3421.1
0.0	760.4	1733.8	2562.2	3426.9
0.0	802.4	1809.3	2616.0	3495.8
0.0	780.2	1710.8	2537.3	3352.4
0.0	664.0	1575.7	2503.3	3473.6
0.0	460.4	1575.3	2515.6	3368.6
0.0	492.1	1553.8	2405.0	3366.6
0.0	804.9	1616.0	2387.4	3458.3
65.2	762.7	1608.8	2431.1	3475.4
0.0	690.5	1604.5	2426.6	3451.0
0.0	651.4	1671.3	2384.9	3554.3
130.0	638.7	1629.2	2402.6	3602.4
117.7	661.0	1629.0	2445.5	3601.4
115.1	662.6	1627.6	2465.3	3573.2
113.1	654.9	1630.9	2468.3	3566.8
110.7	645.1	1633.5	2455.2	3566.2
109.2	638.5	1632.5	2463.5	3550.9
107.7	645.7	1627.4	2492.6	3550.4
106.9	619.9	1612.5	2483.5	3559.7
106.4	627.0	1589.8	2420.0	3574.3
105.5	612.8	1585.9	2398.1	3564.7
105.5	602.9	1569.1	2442.3	3564.8
105.2	595.5	1545.4	2449.0	3549.2
105.2	607.6	1523.5	2463.3	3567.7
103.2	587.9	1500.9	2474.8	3580.4
102.0	635.6	1589.4	2511.6	3592.9
96.6	788.1	2035.4	3332.7	3689.3
91.7	955.0	1945.3	2793.7	3874.1
0.0	910.4	1889.0	2772.5	3858.4
0.0	862.3	1710.9	2903.9	3698.1
0.0	611.7	1671.4	2867.2	3633.8
375.0	725.8	1776.7	2828.3	3657.6
375.0	680.3	1623.0	2782.4	3623.9
196.7	724.8	1694.6	2988.8	3564.4
96.8	938.3	1718.0	3010.9	3449.2
352.9	1028.8	1633.2	2810.0	3311.4
0.0	717.2	1506.0	2648.9	3377.8
0.0	652.8	1470.8	2460.6	3312.5
71.9	843.6	1589.7	2573.7	3426.4
131.9	564.9	1421.4	2506.7	3373.0
0.0	576.4	1407.8	2425.8	3258.9
115.4	489.7	837.2	2277.5	3123.3
0.0	442.1	806.0	2387.7	3134.3
102.6	408.1	767.9	2424.7	3166.8
105.0	433.5	824.2	2418.4	3187.4
106.4	470.4	988.7	2380.7	3264.3
110.0	481.8	1095.6	2386.0	3325.0
112.4	508.3	1204.4	2436.8	3317.2
115.5	534.4	1302.2	2571.7	3417.5
117.9	542.9	1343.6	2608.7	3504.4
121.6	561.0	1365.4	2592.7	3512.9
123.1	566.2	1375.3	2600.2	3563.3
124.8	586.4	1339.2	2575.3	3594.6
127.8	579.2	1308.1	2543.2	3566.2
131.1	591.6	1304.9	2572.7	3540.6
132.5	598.5	1257.4	2599.8	3549.6
134.0	595.7	1204.9	2608.7	3579.4
135.8	594.5	1139.2	2651.2	3612.5
136.3	571.6	1081.8	2676.3	3586.8
136.3	578.1	985.2	2703.9	3633.7
135.0	560.0	935.8	2557.5	3710.6
135.1	558.6	927.5	2571.2	3677.8
136.5	588.1	961.4	2754.4	3626.8
136.4	553.7	969.4	2669.5	3528.2
136.5	553.5	1100.5	2622.4	3603.9
136.6	517.7	1264.8	2732.2	3640.4
135.2	528.2	1427.4	2680.3	3561.4
134.7	524.1	1487.9	2777.4	3558.9
135.4	531.0	1558.3	2763.9	3586.3
136.1	524.7	1646.2	2796.1	3630.4
136.8	523.7	1636.7	2642.6	3689.6
137.2	518.2	1617.5	2604.0	3426.0
137.3	585.8	1716.9	2399.7	2706.5
134.8	478.3	1341.2	2342.5	2662.3
139.5	410.1	1378.0	2350.4	2655.2
137.9	437.3	1413.0	2311.4	2666.6
137.9	453.8	1622.6	2524.8	2951.5
134.8	723.3	1757.3	2492.1	3422.2
134.7	755.0	1675.7	2445.9	3465.6
86.4	544.8	1646.2	2591.9	3423.1
0.0	986.2	1649.8	2699.0	3556.1
446.4	893.1	1635.4	2650.7	3584.2
400.0	723.1	1554.7	2616.2	3705.9
272.7	707.9	1521.5	2753.1	3635.1
0.0	462.3	1473.5	2711.4	3554.4
144.6	558.7	1443.6	2806.2	3563.4
127.7	625.1	1584.1	2947.1	3619.3
122.4	1106.0	1778.3	2998.3	3691.3
122.4	1096.4	1768.6	2837.0	3654.5
0.0	802.5	1743.2	2864.3	3728.3
0.0	772.9	1734.1	2777.5	3757.1
0.0	672.9	1957.6	3029.4	3826.2
0.0	708.5	1940.0	3196.8	3854.5
0.0	758.2	1824.7	3019.5	3737.1
0.0	972.2	1887.1	2885.8	3722.1
141.2	783.8	1826.3	2771.5	3781.3
0.0	692.5	1517.1	2767.3	3656.5
375.0	709.9	1477.6	2762.0	3551.2
279.1	757.4	1517.1	2600.0	3435.0
0.0	550.6	1394.4	2569.1	3415.9
0.0	582.0	1336.6	2577.0	3507.8
114.6	574.5	1293.6	2563.6	3530.8
106.6	570.6	1297.4	2543.3	3506.2
100.3	592.0	1288.0	2521.3	3454.9
95.3	611.4	1262.2	2443.2	3359.3
93.3	605.6	1225.7	2126.6	3183.6
90.9	576.8	1124.7	2044.0	3248.6
89.2	510.6	1098.9	2036.3	3167.2
87.2	352.1	994.9	2023.7	2999.6
80.5	667.9	1461.0	2073.2	3109.5
182.3	842.3	1782.4	2591.1	3467.6
78.4	371.5	1110.1	2204.4	3385.9
100.8	571.2	1480.6	2225.6	3406.7
95.6	520.1	1160.7	1889.1	3187.7
0.0	502.8	1205.0	2252.9	3309.7
191.0	581.3	1299.7	2036.6	3339.1
0.0	609.9	1333.3	1869.2	3216.4
122.4	626.5	1363.5	1989.3	3236.7
0.0	679.0	1443.3	1827.6	3377.9
0.0	729.2	1485.8	1973.6	3452.1
118.1	754.0	1457.8	1881.6	3402.2
101.7	573.8	1377.7	1690.7	3384.6
121.2	665.6	1377.1	1665.2	3178.8
93.0	766.8	1421.9	1755.9	3065.0
99.2	804.5	1404.7	1849.7	3048.9
102.6	834.0	1397.4	2049.3	3040.7
97.6	830.6	1485.2	2376.6	3062.1
89.6	783.4	1565.2	2585.2	3183.5
0.0	785.1	1642.5	2551.4	3145.8
