0.0	0.0	0.0	0.0	0.0
0.0	0.0	0.0	0.0	0.0
0.0	0.0	0.0	0.0	0.0
0.0	584.1	1621.9	2648.9	3398.2
0.0	650.5	1656.8	2589.8	3430.4
0.0	806.3	1808.9	2674.8	3437.9
0.0	816.8	1964.7	2756.0	3508.2
0.0	1010.8	1945.1	2663.7	3521.6
0.0	972.6	1795.6	2578.3	3455.8
0.0	1008.0	1824.9	2612.6	3479.9
0.0	938.2	1823.7	2643.1	3543.8
0.0	972.4	1751.3	2572.6	3385.3
0.0	748.4	1566.7	2512.2	3297.6
0.0	829.2	1649.1	2553.9	3403.5
0.0	916.4	1745.9	2609.2	3483.0
0.0	677.0	1686.5	2576.4	3396.0
0.0	686.5	1752.1	2599.9	3338.3
0.0	867.0	1877.2	2820.2	3363.6
0.0	901.2	2225.1	3122.4	3487.3
0.0	1034.0	2360.6	2918.2	3499.4
0.0	867.0	2129.3	2587.5	3547.6
0.0	711.2	1899.9	2545.7	3568.2
0.0	870.5	1824.5	2534.8	3523.3
413.8	848.1	1821.1	2599.1	3468.9
0.0	420.5	1712.6	2499.6	3435.4
204.1	428.8	1672.5	2447.4	3438.6
0.0	477.0	1662.0	2463.5	3443.3
167.7	526.6	1618.3	2484.1	3500.0
167.2	545.2	1573.9	2490.3	3529.6
169.1	511.1	1544.4	2514.9	3566.9
169.2	494.5	1502.9	2517.8	3581.5
168.5	518.1	1475.0	2526.2	3656.8
167.3	580.1	1484.3	2567.7	3633.3
160.9	701.0	1614.6	2598.5	3582.6
155.8	745.6	1810.8	2624.1	3639.6
139.5	619.5	1982.7	2969.0	3850.4
162.2	985.6	2206.5	3135.2	3900.4
0.0	958.8	2164.9	3085.8	3894.3
65.6	1030.7	2076.5	3180.2	4010.4
0.0	495.9	1920.7	2905.0	3903.5
240.0	754.0	1806.3	2685.0	3662.4
87.0	950.9	1789.5	2638.0	3589.3
0.0	978.7	1957.5	2613.3	3505.8
0.0	952.6	1884.8	2529.0	3533.4
0.0	303.5	1142.0	2416.8	3470.3
0.0	286.1	1034.9	2346.1	2684.5
151.9	419.1	2065.7	2548.3	3757.8
146.3	285.0	1751.6	2499.2	3692.4
142.1	586.8	1409.9	2460.5	3587.0
147.2	607.4	1409.1	2390.2	3539.2
139.0	620.1	1409.8	2370.0	3484.2
140.3	629.3	1406.8	2413.3	3489.7
141.4	637.7	1393.6	2401.7	3484.0
141.8	629.3	1406.0	2395.9	3453.8
142.6	632.5	1395.2	2362.6	3457.2
144.9	607.5	1396.1	2412.6	3421.4
145.8	602.6	1404.3	2444.2	3415.7
146.6	582.0	1376.3	2463.1	3478.3
146.3	547.7	1366.4	2491.4	3592.8
144.4	511.9	1290.5	2432.9	3678.2
141.1	249.6	1206.6	2486.7	3531.1
115.4	218.2	1681.4	2550.9	3332.8
115.8	210.4	1703.7	2626.8	3372.6
69.4	237.6	1651.1	2559.3	3469.8
222.2	765.9	1851.6	2615.1	3550.6
0.0	838.5	1834.4	2744.2	3758.5
0.0	999.6	1871.6	2998.0	3894.4
0.0	923.8	1935.3	3178.4	3887.9
545.5	985.5	1834.3	3132.2	3878.8
0.0	875.2	1583.6	3080.6	3851.2
0.0	782.6	1776.4	2972.5	3858.8
315.8	730.7	1673.6	2900.4	3726.8
428.6	833.3	1441.3	2923.3	3631.4
363.6	524.8	1261.3	2638.5	3538.4
75.5	478.0	1153.8	2502.0	3405.7
0.0	491.5	1209.1	2415.8	3319.4
220.9	534.3	1236.8	2384.6	3222.8
106.1	555.5	1199.5	2325.5	3185.7
181.2	555.6	1207.4	2202.5	3192.4
0.0	557.7	1202.7	2120.9	3219.8
130.4	575.5	1207.5	2008.3	3224.5
0.0	592.7	1212.1	1947.0	3284.1
134.6	624.8	1231.3	1868.0	3195.2
137.2	622.6	1258.2	1835.0	3172.1
133.6	655.1	1325.0	1816.0	3247.2
131.2	691.6	1343.9	1770.8	3244.9
132.3	711.9	1343.9	1762.2	3206.1
132.6	658.5	1301.9	1699.3	3247.3
131.5	727.2	1327.3	1703.6	3350.0
131.9	680.6	1322.3	1738.5	3277.5
130.5	589.6	1305.8	1801.6	3189.7
129.6	579.4	1352.9	1882.8	3129.1
127.3	573.0	1398.2	1977.5	3160.7
123.2	639.5	1400.9	2172.3	3213.1
119.2	724.9	1386.2	2213.8	3243.1
116.5	700.4	1618.5	2293.5	3319.8
100.8	796.1	1945.6	2824.3	3318.1
0.0	831.3	2289.9	3040.4	3325.2
0.0	891.7	2256.1	3007.0	3345.8
0.0	1134.9	2141.4	2915.1	3511.1
0.0	835.5	2334.7	2995.3	3443.9
0.0	894.1	2242.3	3053.3	3279.9
0.0	986.1	2229.4	3077.4	3307.9
84.5	484.0	2111.9	3063.3	3412.5
279.1	1166.0	2263.8	3025.2	3435.6
141.2	1203.1	2284.4	2945.0	3378.9
0.0	1044.5	2208.0	2900.3	3331.0
480.0	772.8	2011.4	2727.9	3233.4
0.0	636.3	1576.8	2408.6	3100.3
0.0	524.4	1349.5	2126.5	3184.4
0.0	555.2	1322.6	1901.4	3304.3
143.5	553.0	1308.9	1842.4	3236.7
145.0	553.2	1323.2	1800.6	3250.0
142.3	574.3	1340.4	1749.4	3250.2
142.7	556.0	1369.7	1710.3	3347.4
143.1	566.1	1420.8	1726.9	3391.9
145.0	524.0	1457.5	1754.0	3482.4
146.2	491.8	1481.2	1776.3	3453.5
147.4	447.6	1514.1	1798.9	3405.0
148.1	451.9	1577.0	1837.0	3310.6
147.2	455.0	1650.2	1906.0	3100.2
146.0	415.2	1739.2	2111.7	3003.8
141.8	353.0	1760.0	2414.7	3349.7
68.9	653.4	1797.5	2618.5	3295.0
64.2	1135.9	2057.7	2727.5	3147.4
0.0	833.3	1757.9	2647.5	3197.8
0.0	1301.7	2107.1	2765.3	3356.3
0.0	1386.9	2211.0	2898.2	3478.0
0.0	832.9	2117.9	2851.0	3335.6
0.0	677.8	2151.9	2876.8	3307.9
0.0	1279.8	2264.2	2696.4	3329.0
0.0	591.3	1874.0	2499.3	3382.7
0.0	518.4	1897.8	2429.2	3377.1
144.6	321.1	1888.6	2365.4	3376.3
206.9	323.9	1906.5	2396.1	3408.6
88.8	342.6	1942.2	2456.9	3457.8
0.0	346.0	1957.1	2526.3	3382.8
82.2	314.4	1985.1	2526.8	3384.5
177.2	323.5	2014.5	2516.8	3461.2
0.0	324.0	2032.0	2508.2	3464.3
0.0	342.3	2053.9	2509.3	3500.5
0.0	335.0	2076.6	2539.2	3506.2
113.2	625.2	2086.8	2492.5	3518.3
120.9	758.5	2118.8	2456.7	3387.4
68.5	759.4	2146.1	2477.7	3426.3
116.6	703.7	2112.2	2484.2	3499.3
162.2	700.0	2102.3	2525.4	3471.1
0.0	738.6	2022.3	2605.2	3445.1
0.0	699.2	2010.8	2603.4	3453.7
105.3	663.4	2023.2	2598.4	3476.0
190.6	687.7	1962.1	2555.9	3495.6
264.7	704.2	1860.0	2571.7	3464.1
292.7	713.8	1801.5	2563.9	3440.8
157.9	690.5	1749.2	2555.8	3469.7
0.0	710.2	1758.0	2565.2	3437.1
118.8	759.7	1711.7	2428.9	3464.2
0.0	780.1	1605.0	2500.6	3430.0
0.0	709.9	1631.2	2484.7	3397.3
96.8	793.4	1699.4	2350.2	3402.4
127.5	818.0	1681.2	2463.9	3498.9
0.0	668.1	1686.2	2428.0	3523.2
136.4	701.7	1627.4	2296.6	3415.0
0.0	744.5	1628.8	2346.9	3381.4
84.5	724.1	1585.1	2387.8	3470.8
0.0	749.9	1502.9	2411.1	3427.1
107.1	734.8	1517.2	2388.8	3465.6
96.0	781.8	1571.6	2331.0	3541.2
205.5	776.0	1582.9	2364.3	3518.2
196.7	707.0	1611.5	2445.0	3434.0
0.0	756.2	1648.3	2568.0	3472.4
0.0	758.2	1639.8	2416.1	3451.8
0.0	688.7	1619.9	2394.1	3464.5
324.3	704.8	1610.4	2437.8	3485.6
0.0	759.4	1615.2	2483.7	3578.1
0.0	721.4	1574.8	2594.8	3553.9
0.0	754.1	1619.8	2655.6	3550.8
0.0	781.1	1613.5	2456.1	3511.2
0.0	780.6	1580.1	2440.3	3503.9
90.4	662.4	1575.0	2527.2	3601.9
244.8	699.0	1589.9	2523.2	3597.6
