0.0	0.0	0.0	0.0	0.0
0.0	0.0	0.0	0.0	0.0
0.0	0.0	0.0	0.0	0.0
0.0	456.1	1694.8	2554.7	3742.2
0.0	1112.9	1851.4	2649.2	3580.3
0.0	1021.2	1829.5	2730.4	3447.8
0.0	1061.9	1903.0	2739.0	3487.6
0.0	757.0	1750.9	2583.2	3417.8
0.0	643.4	1767.1	2520.3	3354.0
0.0	994.3	1816.4	2641.0	3385.5
0.0	772.6	1815.5	2589.5	3440.4
0.0	723.1	1656.8	2610.8	3351.4
0.0	656.7	1608.0	2623.4	3439.8
0.0	706.6	1819.5	2609.5	3438.7
0.0	750.3	1858.1	2698.9	3545.8
0.0	589.8	1865.4	2687.2	3538.4
0.0	422.2	1886.6	2706.8	3541.8
0.0	432.2	1871.1	2748.5	3535.3
0.0	444.2	1881.0	2714.3	3438.1
70.2	442.1	1939.9	2731.0	3476.5
0.0	447.4	1941.1	2754.3	3522.2
66.6	434.9	1970.1	2710.2	3537.8
64.2	395.4	2000.0	2575.6	3492.6
115.8	392.7	1907.8	2459.7	3258.8
113.2	554.8	1804.6	2473.6	3393.6
102.6	586.4	1912.9	2802.6	3514.9
100.3	645.4	1921.4	2681.9	3572.3
0.0	667.5	1783.1	2583.4	3449.4
375.0	636.6	1769.7	2744.8	3462.2
203.4	998.7	1887.5	2737.0	3502.4
333.3	949.1	1735.9	2572.5	3418.9
0.0	806.4	1491.9	2639.5	3375.4
0.0	994.2	1820.9	2792.9	3473.2
0.0	745.5	1903.5	2669.1	3493.1
0.0	816.1	1781.5	2653.4	3431.4
0.0	788.1	1739.0	2628.5	3495.5
0.0	652.9	1553.7	2424.8	3393.7
0.0	424.0	1426.4	2176.9	3246.8
0.0	446.8	1395.7	2186.9	3199.5
141.2	473.8	1358.8	2224.0	3186.0
137.9	420.5	1367.4	2219.2	3228.6
142.3	466.9	1362.4	2197.5	3204.8
143.0	425.5	1291.2	2252.7	3213.6
144.6	501.3	1313.8	2227.5	3088.7
145.1	477.1	1307.3	2212.5	2955.3
146.3	539.7	1374.7	2114.3	2967.6
146.5	500.0	1385.7	2210.0	3048.3
148.3	556.0	1430.5	2197.8	3063.6
149.6	457.8	1396.0	2335.6	3120.4
150.8	383.2	1471.6	2369.1	3129.2
151.0	405.0	1517.8	2460.6	3211.2
151.7	398.3	1554.0	2434.1	3201.9
153.8	402.4	1592.8	2424.2	3262.5
155.6	387.7	1729.7	2442.8	3312.5
158.6	355.2	1851.8	2459.4	3325.4
159.8	349.0	1905.3	2477.5	3322.3
159.6	375.4	1875.1	2524.3	3363.1
158.1	437.8	1848.5	2578.6	3477.0
157.4	863.6	1924.7	2830.7	3529.3
153.8	781.8	1988.8	2882.6	3610.3
141.2	911.3	2019.3	2794.5	3625.3
0.0	827.7	1836.1	2726.7	3559.7
125.0	552.2	1801.3	2793.4	3632.0
571.4	1023.5	1877.5	2878.4	3803.6
428.6	1088.6	1863.2	2896.3	3914.3
78.4	940.3	1694.8	3003.4	3854.5
210.5	900.9	1634.4	2820.8	3757.7
97.6	897.2	1696.8	2592.9	3631.3
65.2	869.4	1737.7	2593.6	3559.9
0.0	879.8	1958.5	2682.4	3574.7
0.0	840.7	1881.3	2613.6	3570.9
72.3	791.5	1625.9	2645.0	3648.6
0.0	768.4	1724.7	2735.2	3673.7
0.0	511.8	1534.4	2685.8	3408.6
0.0	503.7	1192.3	2758.4	3287.9
0.0	526.1	1162.1	2764.1	3299.9
77.9	540.2	1137.5	2739.8	3300.4
69.4	565.8	1075.0	2700.7	3245.8
69.4	571.5	1052.5	2664.7	3239.4
137.0	575.0	1060.9	2555.6	3231.0
131.9	596.9	1053.9	2483.5	3215.3
129.0	600.5	1024.8	2505.5	3222.5
123.7	601.2	1010.5	2524.1	3303.6
122.3	602.2	1005.6	2521.1	3381.1
120.6	600.4	997.7	2514.4	3378.9
117.8	601.1	1024.6	2477.8	3313.2
116.7	597.4	1057.9	2463.6	3325.9
114.8	589.8	1072.2	2456.2	3389.5
113.2	582.9	1091.1	2428.7	3417.7
108.4	588.1	1103.6	2414.2	3455.4
106.2	601.1	1127.2	2384.9	3469.2
109.1	596.0	1152.7	2346.2	3450.5
87.6	588.5	1156.3	2330.3	3402.1
545.5	578.2	1207.1	2290.4	3456.4
0.0	547.7	1257.0	2269.3	3483.1
210.5	538.3	1284.4	2408.0	3405.7
74.5	736.1	1447.7	2548.1	3560.2
0.0	692.4	1732.2	2566.1	3715.0
0.0	377.8	1492.3	2252.6	3374.6
0.0	467.4	1493.6	2312.8	3320.9
266.7	834.6	1742.3	2517.6	3413.7
133.3	772.0	1735.0	2473.1	3441.1
0.0	785.6	1805.1	2478.4	3469.2
0.0	772.6	1762.8	2564.3	3398.6
0.0	755.5	1685.5	2588.3	3363.3
0.0	713.8	1637.7	2555.2	3440.9
0.0	803.9	1769.8	2578.5	3485.3
0.0	816.6	1817.8	2578.4	3451.8
571.4	802.0	1768.8	2604.6	3103.2
0.0	788.2	1750.4	2683.3	3335.9
0.0	759.2	1771.3	2688.4	3387.3
0.0	688.2	1753.2	2759.8	3355.3
218.2	718.3	1964.6	2778.5	3495.2
0.0	670.9	1992.5	2753.2	3423.7
0.0	417.4	2043.0	2724.6	3382.7
0.0	431.8	2062.0	2683.2	3337.9
125.0	446.5	2053.4	2691.9	3405.1
122.4	484.2	2066.7	2708.9	3318.6
119.9	488.3	2109.5	2732.0	3339.8
120.4	482.0	2142.2	2757.9	3395.4
121.4	485.1	2180.6	2786.2	3395.9
121.6	482.4	2166.7	2797.0	3385.8
121.8	465.3	2176.9	2811.9	3397.8
122.5	437.8	2176.6	2783.8	3457.2
123.5	424.1	2172.1	2776.1	3448.8
123.8	424.9	2185.1	2736.9	3395.9
124.8	411.4	2085.5	2509.2	3344.9
125.6	386.8	1820.8	2324.6	3379.2
126.2	364.1	1191.8	2342.4	3292.5
127.7	392.3	1038.5	2375.8	3276.6
127.7	437.9	1111.1	2397.4	3342.5
131.9	529.7	1325.7	2444.6	3315.6
131.9	591.2	994.0	2403.0	3297.4
130.7	452.7	1069.8	2323.9	3386.7
130.4	335.4	1150.1	2270.4	3412.7
125.0	347.7	1149.8	2294.1	3311.5
117.7	333.1	1175.1	2290.7	3364.4
114.3	368.8	1389.9	2319.8	3377.0
103.4	446.2	1611.5	2260.7	3355.5
0.0	461.2	1752.0	2423.0	3386.2
66.8	469.6	1779.2	2590.5	3444.8
315.8	469.0	1792.4	2632.4	3467.6
0.0	470.1	1786.3	2622.2	3443.2
444.4	497.6	1776.9	2551.3	3092.0
0.0	486.1	1777.8	2616.1	2995.8
0.0	482.4	1772.5	2506.2	3066.8
0.0	477.4	1776.7	2456.3	3148.0
0.0	487.8	1780.6	2366.4	3025.0
74.5	477.3	1778.4	2379.4	3136.7
0.0	461.4	1766.6	2421.9	3272.5
116.5	459.7	1667.0	2562.6	3051.4
114.3	365.4	1077.9	2479.7	2836.9
112.1	347.7	1284.7	2430.0	2823.3
112.1	341.4	1010.8	2440.1	2843.5
111.1	339.2	1084.8	2467.6	2877.7
111.1	340.5	966.0	2517.4	2854.0
112.1	350.3	865.6	2569.0	2801.8
114.3	541.8	1380.4	2621.1	2980.0
111.1	751.0	1491.9	2588.0	3181.8
110.1	605.2	1532.3	2526.1	3246.1
105.3	607.8	1722.8	2597.1	3449.2
90.2	728.3	1726.7	2897.9	3614.5
0.0	762.1	1792.9	2854.7	3713.2
387.1	871.7	1859.0	2800.9	3657.6
428.6	749.8	1826.8	2761.3	3642.6
0.0	715.8	1787.1	2688.0	3564.8
187.5	884.9	1851.2	2670.5	3495.9
0.0	748.3	1766.4	2658.9	3437.7
0.0	552.1	1720.0	2613.2	3360.6
0.0	365.1	1759.7	2477.9	3235.9
0.0	364.2	1791.8	2425.0	3296.3
125.0	362.1	1789.4	2368.7	3298.4
121.7	363.5	1774.9	2350.4	3301.6
121.4	369.5	1736.0	2335.7	3315.2
122.4	376.8	1675.8	2332.7	3332.6
122.4	384.6	1633.8	2352.3	3358.2
126.3	376.3	1633.8	2366.7	3352.0
123.7	378.4	1685.4	2383.7	3330.0
122.4	378.2	1731.5	2408.3	3351.5
120.0	392.0	1790.8	2443.7	3341.3
117.6	444.4	1859.7	2532.9	3356.5
114.3	469.5	1906.8	2581.2	3433.7
117.6	472.2	1941.4	2564.1	3488.9
116.5	453.7	1944.8	2571.8	3508.2
120.0	404.3	1933.4	2607.4	3500.4
122.4	432.9	1927.8	2626.1	3512.8
122.4	388.5	1908.0	2623.0	3457.9
124.7	392.5	1883.4	2722.0	3469.0
123.2	380.2	1851.4	2731.1	3429.7
121.0	370.8	1838.0	2732.4	3381.6
121.2	359.1	1792.8	2754.1	3389.5
120.0	353.5	1778.6	2766.7	3536.2
118.8	371.6	1825.5	2817.6	3741.0
116.5	691.6	1884.6	2849.9	4093.2
111.1	816.5	1842.7	2826.3	4218.9
400.0	894.8	1797.9	2766.2	3856.4
136.4	669.6	1889.0	2838.8	3939.0
0.0	820.3	1829.1	2817.4	3767.7
190.5	769.5	1800.2	2793.1	3560.9
0.0	579.8	1730.4	2816.2	3568.8
0.0	691.1	1840.5	2829.0	3559.0
0.0	645.3	1870.4	2799.3	3678.5
104.3	593.9	1810.9	2653.3	3534.1
127.7	645.5	1746.6	2650.8	3631.7
0.0	538.6	1866.2	2665.5	3566.2
146.3	541.0	1900.9	2683.7	3413.7
121.2	523.9	1918.8	2706.6	3484.4
115.4	511.4	1911.4	2712.2	3543.9
110.1	502.1	1893.6	2701.3	3526.5
106.4	512.0	1880.5	2682.6	3555.7
104.6	522.7	1875.8	2640.9	3544.8
104.3	522.9	1852.5	2642.1	3471.5
104.2	531.1	1851.6	2648.8	3506.5
104.3	540.3	1842.9	2637.0	3553.3
104.3	549.1	1810.2	2653.9	3528.4
102.8	554.5	1803.4	2653.7	3521.5
102.4	555.1	1782.6	2654.1	3625.4
100.3	551.7	1762.5	2664.6	3660.6
99.5	540.4	1777.0	2663.1	3602.9
99.9	529.6	1766.6	2682.2	3639.0
98.4	508.7	1748.6	2712.4	3683.4
100.0	490.6	1733.7	2719.0	3659.1
86.3	503.6	1720.9	2680.8	3619.5
86.1	528.3	1613.0	2632.5	3711.8
132.8	235.2	1587.3	2591.4	3519.8
72.0	248.2	1645.0	2488.9	3361.7
93.8	359.0	1666.0	2615.1	3465.1
0.0	336.4	1703.7	2618.6	3441.3
100.0	356.2	1684.8	2655.9	3475.6
142.0	403.3	1607.6	2707.4	3512.2
77.9	280.3	1638.3	2660.7	3512.7
85.7	595.7	1696.7	2620.6	3439.8
187.2	640.0	1581.7	2626.6	3447.2
500.0	660.3	1374.1	2691.5	3357.8
160.0	805.3	1691.7	2799.0	3398.4
400.0	777.5	1707.4	2867.7	3523.6
181.8	772.0	1440.1	2678.5	3275.8
0.0	796.7	1496.8	2579.9	3232.9
0.0	851.9	1606.7	2631.3	3284.7
255.3	719.9	1283.9	2503.1	3062.0
0.0	743.2	1570.3	2605.1	3239.2
71.9	752.2	1712.5	2636.3	3420.4
146.3	746.2	1600.9	2627.5	3340.2
0.0	647.6	1568.3	2512.6	3260.1
0.0	662.8	1597.2	2549.1	3307.9
