0.0	0.0	0.0	0.0	0.0
0.0	0.0	0.0	0.0	0.0
0.0	0.0	0.0	0.0	0.0
0.0	577.6	1896.2	2601.8	3571.2
0.0	960.7	1752.9	2573.5	3482.9
0.0	944.8	1759.7	2594.9	3389.4
0.0	864.3	1761.6	2557.6	3414.5
0.0	779.3	1717.7	2610.1	3513.1
0.0	728.3	1580.7	2569.1	3454.5
0.0	793.2	1622.7	2641.2	3471.1
100.0	896.4	1751.5	2686.4	3499.2
0.0	800.6	1581.0	2486.0	3388.4
0.0	689.5	1591.0	2545.1	3364.5
142.9	673.7	1499.4	2570.0	3407.3
0.0	797.7	1510.1	2611.0	3417.7
0.0	811.3	1496.1	2613.0	3422.5
0.0	823.5	1529.1	2646.1	3582.7
0.0	777.7	1533.5	2657.6	3573.6
0.0	713.5	1449.4	2584.3	3476.1
292.7	711.8	1464.7	2607.2	3516.4
0.0	646.6	1508.9	2577.3	3443.2
0.0	763.2	1563.9	2520.6	3367.6
0.0	837.2	1853.9	2522.2	3384.7
0.0	883.9	1861.8	2632.8	3383.2
0.0	1012.0	1830.0	2693.3	3404.8
0.0	600.4	1669.5	2644.9	3421.2
0.0	739.9	1684.2	2616.0	3532.9
0.0	769.0	1768.8	2538.9	3571.9
0.0	724.5	1710.9	2604.6	3486.5
0.0	886.3	1729.0	2745.8	3527.9
0.0	717.7	1630.3	2725.9	3531.5
375.0	375.6	1514.5	2662.4	3547.3
0.0	426.6	1508.2	2572.5	3459.9
158.4	422.5	1530.3	2428.6	3343.0
132.8	553.5	1507.4	2214.7	3228.2
122.4	540.0	1407.5	1837.6	3189.1
114.9	585.2	1278.8	1748.3	3175.1
113.8	702.3	1237.0	1765.8	3142.7
113.7	806.8	1264.5	1868.1	3110.7
113.3	663.7	1119.3	1681.9	3072.0
112.2	326.1	1012.1	1629.6	3097.7
113.0	330.8	1046.2	1596.4	3187.8
112.7	349.9	1113.3	1554.0	3185.8
112.1	394.6	1188.8	1607.1	3227.0
114.2	458.0	1290.6	1668.3	3298.7
113.6	440.0	1415.1	1740.0	3280.3
114.7	441.1	1468.5	1841.1	3314.3
115.1	463.7	1505.9	1936.4	3315.1
116.2	486.8	1599.9	2049.0	3348.9
116.8	489.0	1685.8	2165.1	3343.3
117.6	489.0	1709.9	2273.4	3368.5
118.1	487.4	1747.2	2350.5	3387.6
119.3	480.8	1787.3	2387.5	3423.0
122.3	432.5	1822.9	2399.1	3405.0
125.2	397.5	1797.4	2428.1	3277.1
127.9	438.1	1677.2	2466.5	3221.0
116.7	470.3	1621.0	2464.6	3296.6
63.5	459.1	1649.8	2406.6	3252.1
123.7	414.8	1684.9	2403.2	3271.9
122.4	282.9	1675.5	2585.6	3269.8
63.5	342.7	1575.2	2623.8	3416.5
131.9	879.3	1740.3	2669.3	3547.4
64.5	883.5	1698.2	2643.2	3477.6
63.5	938.9	1846.1	2408.2	3291.2
0.0	1020.9	1919.1	2367.3	3394.5
0.0	459.1	1868.4	2457.7	3386.8
200.0	537.8	1829.0	2401.2	3229.7
0.0	535.1	1765.8	2129.3	3164.1
90.2	566.8	1635.0	2277.4	3117.3
130.4	677.7	1600.8	2392.5	3403.0
0.0	602.0	1519.8	2350.9	3537.5
145.8	577.6	1446.9	2319.5	3480.7
138.0	563.5	1373.0	2323.0	3453.3
133.8	497.2	1316.8	2317.9	3476.7
134.1	847.6	1296.4	2361.8	3449.3
130.5	569.6	1220.5	2385.9	3469.4
130.7	516.4	1173.9	2422.8	3432.7
130.6	439.6	1197.0	2451.6	3457.3
129.9	490.1	1260.9	2464.4	3539.2
130.2	468.3	1318.1	2450.7	3571.7
128.0	389.7	1395.9	2483.2	3624.6
128.1	414.5	1419.2	2514.9	3581.1
127.1	318.6	1439.5	2467.0	3473.0
124.1	795.9	1723.7	2637.0	3541.0
100.3	1051.9	2081.4	2971.2	3665.9
129.0	1016.8	2236.0	3192.0	3619.0
333.3	1099.2	2131.8	3178.7	3530.2
0.0	825.5	2098.4	3037.2	3422.6
0.0	691.5	1865.5	2639.5	3245.0
0.0	874.7	1850.3	2527.4	3225.6
480.0	1082.7	1637.1	2475.3	3299.5
101.7	1220.1	1747.8	2542.1	3392.8
0.0	1108.8	1708.1	2460.7	3249.8
0.0	1032.0	1721.5	2492.3	3253.7
375.0	1057.4	1756.6	2675.3	3430.6
129.0	1110.9	1619.2	2682.9	3401.7
0.0	420.0	1190.7	2387.5	3154.9
157.9	380.8	1072.8	1973.5	3205.3
153.8	397.8	1136.2	1703.8	3220.8
168.4	436.0	1191.2	1651.3	3243.4
132.1	526.4	1288.4	1736.4	3177.8
125.9	495.0	1431.1	1852.0	3157.2
121.4	496.7	1541.8	1938.8	3201.8
118.0	518.7	1684.1	2059.3	3318.1
117.9	530.0	1742.8	2176.1	3327.2
117.9	550.6	1809.8	2240.0	3336.2
117.6	571.6	1852.6	2293.2	3412.5
117.6	587.0	1852.6	2355.1	3473.1
119.3	603.4	1809.5	2401.2	3458.6
119.1	614.6	1820.6	2462.1	3394.3
121.2	633.4	1799.0	2484.2	3374.8
121.2	641.6	1768.7	2580.9	3523.1
122.7	647.6	1679.5	2650.2	3604.6
126.1	646.0	1588.9	2670.1	3584.8
127.0	648.0	1531.7	2580.3	3307.0
127.5	643.4	1453.7	2597.3	3620.3
127.7	601.4	1246.5	2484.4	3260.1
126.8	438.1	1180.2	2261.1	2869.1
122.4	412.8	1143.1	2226.9	2860.4
0.0	439.1	1075.0	2199.6	2932.8
0.0	506.1	1064.6	2240.3	2957.7
127.7	511.1	1003.4	2776.7	3556.4
126.3	546.2	1027.2	2828.6	3708.1
123.7	593.0	1008.4	2829.0	3706.7
124.9	614.4	968.7	2783.6	3668.1
124.6	618.1	1013.4	2698.0	3616.5
123.4	640.9	1076.5	2757.6	3604.0
120.7	657.3	1109.0	2744.8	3596.9
119.9	663.1	1166.3	2701.8	3586.0
121.5	671.0	1256.8	2640.4	3522.5
121.9	670.9	1347.5	2550.6	3464.9
123.0	671.4	1447.2	2530.1	3466.3
122.9	631.9	1537.7	2503.3	3473.8
123.0	644.0	1650.0	2427.5	3279.9
123.4	666.3	1738.0	2352.6	3269.2
121.8	590.2	1795.5	2247.1	3347.0
120.2	552.2	1721.0	2246.8	3449.6
118.6	425.0	1645.6	2383.5	3445.9
100.4	747.3	1532.6	2426.0	3311.0
0.0	974.3	1428.6	2514.2	3357.4
0.0	889.4	1181.5	2380.6	3345.2
0.0	768.2	1071.0	2048.6	3235.1
0.0	915.8	1504.2	2484.9	3293.6
479.9	1033.2	1601.3	2472.6	3356.7
203.4	995.8	1746.7	2423.0	3358.5
0.0	453.7	1072.1	2105.9	3180.4
0.0	467.9	1085.7	1622.9	3266.1
126.4	543.3	1171.8	1600.7	3324.7
127.9	569.0	1252.3	1616.4	3301.0
124.2	546.1	1322.3	1710.7	3289.7
122.0	532.5	1440.5	1788.6	3296.6
120.3	591.5	1510.4	1896.8	3325.7
119.2	569.2	1536.7	1968.2	3308.7
118.8	589.1	1554.8	2030.0	3326.8
118.0	605.9	1578.5	2089.2	3357.2
118.9	608.2	1575.0	2138.9	3351.0
117.6	608.5	1589.2	2197.0	3412.3
116.8	608.8	1589.9	2218.1	3439.7
116.7	604.2	1565.9	2235.6	3428.0
115.7	590.0	1501.4	2224.3	3439.3
115.2	588.0	1377.9	2196.3	3344.4
114.1	556.0	1197.3	2166.2	3361.0
110.3	329.0	1172.1	2203.4	3442.2
103.4	321.8	1184.4	2224.4	3388.4
109.1	412.5	1164.4	2252.4	3280.2
102.0	301.9	1214.3	2263.6	3277.4
100.6	308.1	1377.3	2362.5	3263.2
93.0	458.4	1396.3	2450.4	3354.0
0.0	475.6	1464.8	2529.4	3452.0
0.0	477.3	1511.1	2578.3	3486.0
93.5	460.4	1536.5	2639.8	3583.9
91.6	440.1	1519.7	2689.2	3741.4
90.9	425.0	1498.2	2712.4	3736.4
68.2	319.1	1583.5	2684.6	3589.9
65.9	994.1	1863.1	2735.2	3565.0
68.2	1058.5	1846.4	2688.7	3627.0
0.0	854.6	1608.6	2573.6	3569.6
71.0	1000.0	1841.4	2843.8	3634.3
0.0	979.5	2009.8	3170.8	3832.7
0.0	1024.2	1944.1	2996.9	3707.7
0.0	887.2	1677.3	2739.4	3707.1
333.3	819.5	1599.0	2794.6	3711.0
571.4	764.1	1578.5	2953.7	3719.2
461.5	670.6	1583.2	2863.5	3729.8
545.5	835.5	1698.1	2688.1	3782.3
480.0	856.2	1808.6	2701.5	3853.6
461.5	879.0	1687.5	2769.7	3753.3
133.3	711.8	1650.6	2904.1	3805.1
84.5	937.1	1718.0	3023.2	3766.4
146.3	1133.0	1752.3	3171.8	3677.9
73.2	715.1	1733.2	3058.3	3596.9
0.0	1007.6	1852.1	2749.0	3592.1
0.0	979.9	1698.1	2595.7	3547.3
85.1	933.8	1590.8	2574.9	3662.3
190.5	764.4	1592.6	2534.3	3642.8
235.3	910.5	1584.6	2380.4	3530.9
428.6	878.3	1654.0	2454.0	3451.0
0.0	752.9	1533.7	2422.6	3211.6
0.0	607.7	1456.9	2385.3	3254.5
0.0	687.4	1568.0	2444.5	3374.3
0.0	716.2	1590.6	2452.1	3266.2
