0.0	0.0	0.0	0.0	0.0
0.0	0.0	0.0	0.0	0.0
0.0	0.0	0.0	0.0	0.0
0.0	747.2	1642.1	2552.2	3419.0
0.0	668.2	1631.2	2534.7	3437.0
206.9	681.6	1564.1	2281.6	3318.8
0.0	717.9	1540.0	2315.4	3305.1
0.0	747.1	1602.0	2393.2	3422.1
0.0	776.0	1626.0	2479.5	3431.8
0.0	859.2	1690.2	2549.7	3279.5
0.0	906.8	1672.1	2577.7	3286.0
0.0	910.6	1670.0	2667.8	3376.4
0.0	614.8	1646.4	2574.1	3433.0
0.0	632.6	1608.0	2522.5	3445.6
0.0	909.5	1649.2	2563.1	3465.1
0.0	897.9	1848.4	2583.5	3556.3
0.0	776.8	1717.4	2626.7	3495.6
0.0	830.9	1712.8	2604.3	3469.7
0.0	912.8	1850.7	2717.9	3602.4
0.0	805.9	1751.2	2599.4	3538.6
0.0	980.4	1680.5	2711.8	3442.9
0.0	1061.0	1728.8	2671.6	3492.5
0.0	717.5	1609.1	2534.2	3421.3
0.0	770.8	1470.1	2483.9	3406.8
0.0	818.9	1508.4	2512.5	3373.0
566.4	1097.8	1626.5	2659.6	3523.5
0.0	1060.0	1549.1	2732.7	3636.4
0.0	1013.0	1417.5	2670.4	3532.5
480.0	973.1	1411.6	2675.4	3486.2
279.1	1116.4	1535.7	2721.8	3690.8
0.0	1085.4	1435.9	2701.5	3638.3
0.0	1018.3	1275.3	2685.2	3437.5
0.0	841.7	1218.5	2695.7	3674.1
0.0	790.1	1204.3	2716.5	3727.2
63.8	736.5	1178.8	2694.8	3727.6
545.5	747.8	1146.0	2736.0	3697.8
0.0	742.9	1112.9	2785.2	3691.0
73.2	718.6	1090.1	2818.7	3735.9
73.2	684.5	1070.0	2842.7	3722.7
77.4	640.5	1048.9	2864.9	3615.3
75.5	597.6	980.2	2906.9	3577.3
148.1	546.7	943.8	2923.8	3358.8
152.2	507.4	887.5	2914.8	3157.5
154.0	446.0	787.9	2851.1	3171.3
153.8	440.2	758.1	2927.2	3243.9
150.0	423.0	748.1	2989.8	3270.7
148.1	447.9	748.8	3063.2	3349.9
146.3	437.8	773.8	3082.2	3346.5
146.3	459.6	819.6	2961.1	3316.0
146.3	512.0	903.1	2814.7	3285.8
151.9	543.9	925.6	2860.8	3267.6
150.0	565.1	936.9	2807.3	3140.1
150.0	582.1	953.1	2916.0	3193.9
152.1	585.5	958.4	2805.8	3295.5
153.8	590.2	956.1	2560.0	3341.1
157.3	593.6	961.0	2582.0	3364.0
160.0	652.6	965.5	2477.9	3264.6
160.0	640.5	964.1	2185.8	3057.0
160.0	631.6	957.5	2457.2	3042.1
160.0	581.3	950.9	2635.1	3122.8
155.9	615.3	975.1	2700.0	3299.9
155.8	628.8	1009.5	2702.5	3370.0
149.1	646.5	1063.2	2673.1	3432.7
144.0	608.0	1058.9	2678.5	3484.8
134.9	597.7	1061.2	2669.5	3465.4
129.0	595.9	1055.9	2627.9	3326.7
126.3	597.9	1082.6	2560.0	3341.9
123.7	582.5	1118.1	2481.9	3359.7
125.1	573.5	1141.8	2430.2	3375.6
125.0	532.2	1157.8	2317.2	3430.2
125.6	515.4	1164.3	2208.8	3499.2
126.3	497.7	1179.6	2289.7	3486.8
125.0	502.0	1184.0	2423.2	3376.1
125.0	491.8	1128.2	2441.4	3453.7
125.0	538.2	1956.5	2489.2	3529.9
127.7	475.0	1067.0	2485.1	3504.8
123.7	398.9	1109.9	2494.8	3450.7
120.0	423.1	1115.5	2483.7	3334.5
122.4	408.0	1156.9	2499.9	3233.8
120.0	369.2	1168.0	2476.1	3266.8
118.7	414.5	1104.7	2348.2	3313.1
116.5	400.3	802.8	2234.8	3232.0
116.5	396.6	802.5	2223.6	3227.7
111.1	420.8	816.9	2251.0	3192.3
113.2	427.0	862.2	2266.9	3157.9
113.2	433.6	898.7	2315.4	3116.6
109.1	455.5	965.7	2338.5	3094.5
112.1	448.4	1054.8	2324.7	3056.5
112.1	453.2	1166.2	2252.7	3021.2
113.4	443.9	1314.0	2226.6	2982.8
112.1	455.4	1493.3	2033.1	2855.1
111.8	459.7	1547.7	1921.0	2578.4
110.2	347.5	1457.3	2212.6	2546.2
98.6	402.3	1630.1	2382.2	3112.2
0.0	412.8	1736.0	2378.5	3321.0
120.9	418.7	1787.9	2385.9	3267.2
116.5	402.4	1793.3	2378.9	3368.3
120.9	386.6	1728.6	2303.2	3305.4
118.8	382.7	1637.9	2240.1	3178.5
114.1	279.7	1659.9	2348.2	3389.9
63.5	228.9	1642.8	2499.1	3441.4
99.9	829.1	1764.1	2772.6	3449.9
0.0	738.8	1835.0	2766.0	3489.4
0.0	810.8	1715.2	2550.4	3381.5
0.0	674.7	1656.3	2501.9	3354.7
0.0	728.5	1751.9	2667.2	3450.9
0.0	730.1	1787.8	2625.2	3480.1
0.0	435.3	1556.0	2583.6	3349.1
0.0	272.9	1500.5	2587.3	3413.1
122.4	440.8	1727.7	2361.6	3347.3
0.0	409.4	2003.0	2396.5	3290.5
0.0	440.5	2107.1	2521.3	3305.9
131.1	411.7	2147.3	2631.0	3320.5
127.7	424.6	2146.4	2744.6	3405.1
126.3	428.7	2149.2	2738.5	3442.0
125.0	435.1	2144.1	2653.5	3445.9
123.7	392.2	2124.4	2645.2	3426.5
123.7	384.5	2106.5	2662.6	3453.9
123.7	407.2	2069.2	2587.2	3424.7
123.7	468.6	2014.0	2582.6	3411.2
122.4	523.2	1922.3	2518.8	3488.7
123.7	562.6	1818.8	2340.9	3392.7
127.7	622.2	1754.1	2402.0	3309.4
127.9	670.5	1686.3	2368.9	3051.2
130.4	720.3	1596.1	2281.5	3143.4
130.4	772.1	1503.0	2327.5	3537.4
131.9	842.1	1432.3	2261.2	3278.3
134.0	808.1	1424.2	2301.8	3530.2
134.8	874.2	1454.0	2399.5	3421.7
136.8	848.7	1450.6	2391.9	3637.9
138.9	782.4	1414.3	2357.7	3488.9
140.9	747.0	1311.6	2307.4	3313.2
142.4	677.0	1696.2	2274.7	3280.0
142.9	626.3	1678.3	2220.3	3154.7
142.9	904.8	1740.0	2291.3	3157.5
142.9	713.2	1825.9	2225.8	3128.8
0.0	885.9	1881.5	2536.3	3204.0
0.0	972.0	1793.5	2620.4	3211.8
0.0	944.5	1768.4	2718.5	3257.7
0.0	886.1	1710.7	2703.6	3378.1
114.3	904.9	1333.9	2626.3	3448.4
0.0	818.9	1791.0	2892.9	3506.6
279.1	874.3	1982.1	3077.2	3540.3
279.1	506.7	2062.4	3120.0	3630.1
0.0	333.7	2047.2	3089.5	3591.1
0.0	312.3	2170.2	2978.9	3479.2
137.9	401.8	2219.0	2785.8	3419.8
125.0	362.9	2228.3	2724.3	3339.5
117.3	357.3	2201.9	2611.1	3263.0
113.2	328.4	2101.0	2358.8	3215.7
108.1	340.2	1915.7	2312.9	3204.7
108.1	362.1	1605.3	2396.0	3214.4
107.1	431.3	1369.2	2375.2	3219.4
105.0	394.6	1435.2	2441.9	3288.3
187.5	310.3	1438.4	2566.3	3390.0
81.1	659.2	1733.3	2492.5	3404.2
90.9	662.0	1759.4	2512.8	3397.8
0.0	803.3	1806.4	2620.0	3390.0
0.0	824.0	1917.6	2667.0	3456.8
0.0	448.4	1624.0	2541.4	3393.8
0.0	743.3	1566.6	2460.5	3355.3
0.0	817.3	1467.4	2502.8	3499.9
0.0	810.3	1375.4	2484.3	3553.0
0.0	780.3	1291.8	2450.9	3411.2
0.0	689.6	1216.0	2453.4	3425.0
0.0	682.2	1224.4	2457.3	3545.2
114.2	698.7	1242.6	2456.1	3661.5
110.2	704.8	1251.9	2451.8	3717.6
107.1	702.4	1266.9	2459.7	3643.3
104.9	710.8	1289.6	2455.4	3455.3
102.6	701.6	1300.9	2421.2	3464.7
100.8	688.9	1322.7	2417.8	3510.6
100.0	685.2	1358.3	2403.7	3546.7
99.7	676.0	1384.2	2413.7	3515.4
98.7	658.5	1466.0	2378.1	3483.1
97.9	639.9	1540.2	2424.7	3540.4
97.4	608.5	1607.2	2449.4	3629.1
96.4	597.1	1702.1	2461.1	3537.2
95.1	556.1	1791.0	2473.5	3436.0
95.3	507.1	1885.8	2474.4	3393.7
97.5	483.6	1890.1	2507.5	3380.0
97.0	451.6	1877.6	2461.0	3399.1
97.9	465.5	1684.4	2413.3	3345.4
97.0	424.5	1606.4	2450.6	3375.1
87.3	297.5	1731.8	2540.0	3339.2
110.0	306.1	1694.1	2553.7	3406.0
103.4	744.1	1871.5	2622.0	3467.5
0.0	540.5	1928.8	2621.7	3417.4
0.0	580.6	1901.9	2561.4	3218.8
0.0	557.3	1941.6	2612.2	3202.9
106.2	660.8	1929.3	2741.2	3381.7
104.3	818.7	1938.4	2800.1	3435.9
99.8	586.2	1917.0	2750.9	3387.2
105.3	579.4	1826.3	2654.8	3248.3
82.7	656.6	1746.8	2602.7	3321.7
285.7	538.8	1711.6	2448.5	3366.7
0.0	640.6	1690.1	2511.8	3424.6
0.0	675.4	1698.5	2501.8	3493.8
0.0	660.7	1568.0	2521.2	3539.5
0.0	600.4	1639.8	2600.2	3496.7
0.0	426.0	1694.7	2584.7	3382.9
