0.0	0.0	0.0	0.0	0.0
0.0	0.0	0.0	0.0	0.0
0.0	0.0	0.0	0.0	0.0
0.0	696.8	1658.6	2560.1	3504.3
0.0	798.6	1856.9	2663.1	3621.5
0.0	773.6	1805.1	2634.9	3467.8
0.0	812.0	1709.5	2623.0	3392.7
0.0	760.4	1709.0	2555.7	3480.4
0.0	877.4	1737.5	2500.0	3454.6
0.0	939.7	1766.4	2509.5	3408.8
0.0	1034.8	1803.2	2527.9	3469.9
0.0	1050.0	1902.1	2593.5	3420.7
0.0	583.2	1729.0	2566.5	3308.7
0.0	731.6	1918.3	2584.2	3380.9
0.0	893.1	1982.2	2794.9	3488.5
0.0	919.0	1803.2	2775.8	3485.3
0.0	468.0	1592.9	2521.5	3364.4
0.0	660.5	1373.0	2187.8	3273.3
0.0	665.4	1351.5	2152.5	3236.9
0.0	776.2	1423.8	2122.2	3228.4
0.0	789.4	1503.6	2056.5	3257.8
0.0	701.1	1429.4	2006.6	3240.2
0.0	678.6	1413.2	1931.6	3302.5
108.2	693.3	1439.8	1826.5	3307.5
107.2	653.4	1477.3	1912.4	3365.4
103.5	793.1	1500.3	2240.0	3518.7
105.6	765.1	1446.9	2403.3	3518.3
98.1	715.0	1383.1	2427.9	3347.9
73.6	970.5	1398.8	2496.9	3396.5
0.0	731.9	1497.6	2501.3	3401.1
0.0	777.1	1663.8	2541.9	3311.3
0.0	857.1	1627.8	2650.1	3334.7
0.0	955.3	1349.8	2520.9	3416.8
0.0	769.7	1235.8	1995.4	3422.3
0.0	737.9	1231.7	2029.5	3477.7
0.0	505.7	1216.9	2208.9	3320.6
133.3	904.5	1233.4	2178.8	3238.7
67.0	870.2	1245.8	2181.0	3287.1
166.7	826.4	1244.6	2266.8	3259.9
0.0	831.5	1248.2	2252.9	3190.1
0.0	785.7	1288.6	2336.0	3252.3
0.0	867.4	1273.7	2375.8	3328.5
0.0	384.3	1243.2	2193.8	3328.8
0.0	603.5	1180.0	1930.2	3416.5
0.0	479.8	1115.2	1447.0	3557.9
159.6	394.8	1130.0	1540.0	3543.4
160.1	426.2	1136.0	1622.6	3539.9
162.6	376.9	1127.5	1682.1	3525.1
165.8	393.3	1127.5	1758.5	3549.5
167.5	370.6	1129.5	1833.9	3576.4
169.0	365.0	1120.7	1879.5	3575.7
169.5	374.5	1123.5	1905.3	3575.2
171.2	367.0	1141.3	1914.6	3569.6
172.2	342.7	1173.3	1929.9	3566.1
172.1	351.8	1194.7	1941.9	3535.2
171.4	342.2	1218.1	1969.7	3544.0
171.1	355.1	1260.3	1967.1	3405.1
171.3	343.2	1352.6	1956.2	3245.3
171.3	341.0	1468.0	1924.0	3132.4
170.6	347.5	1499.8	2052.6	3203.2
168.6	289.8	1543.9	2363.1	3211.3
79.0	302.7	1529.2	2246.4	3086.4
158.8	298.8	1514.6	2273.6	3150.8
152.1	286.0	1471.0	2199.7	3218.5
150.0	308.3	1400.4	2186.2	3255.1
143.7	740.2	1387.8	2289.7	3382.6
139.5	715.6	1509.1	2413.7	3425.5
136.4	479.4	1143.1	2477.5	3357.6
141.2	461.7	1068.1	2571.2	3141.0
142.9	375.4	997.7	2633.3	2965.0
136.4	486.9	971.7	2696.3	2954.0
139.5	469.5	964.9	2743.3	3326.6
142.9	335.8	980.7	2725.7	3455.1
137.9	437.8	987.1	2677.1	3566.3
141.2	361.6	1034.6	2600.8	3564.9
136.4	487.2	1122.2	2590.6	3492.6
139.5	575.2	1169.5	2601.2	3571.5
142.9	600.9	1217.2	2569.8	3615.5
139.5	627.5	1264.2	2499.6	3603.7
139.9	638.0	1293.3	2496.4	3609.5
141.2	652.8	1319.9	2470.8	3625.4
141.7	660.4	1335.4	2457.2	3602.8
142.8	666.2	1358.5	2445.0	3596.6
143.7	668.2	1382.2	2427.1	3599.2
144.1	657.2	1414.6	2435.4	3568.7
143.2	652.8	1399.9	2392.3	3575.8
141.9	645.7	1395.5	2391.8	3603.5
140.0	639.4	1388.0	2369.2	3607.3
138.2	606.8	1367.3	2373.1	3499.3
136.4	564.5	1333.0	2352.2	3296.6
131.9	490.9	1288.7	2292.5	3190.4
131.2	469.4	1293.6	2249.0	3211.8
119.9	491.1	1339.0	2235.6	3171.9
121.7	508.8	1387.5	2228.2	3209.0
118.3	533.3	1373.8	2166.5	3245.3
115.2	567.4	1347.2	2061.6	3281.0
109.4	589.4	1342.7	2001.1	3293.9
107.2	559.0	1294.3	1882.6	3341.2
106.0	537.0	1302.4	1791.3	3505.2
104.6	519.4	1285.5	1728.3	3596.3
103.6	477.7	1249.6	1651.5	3606.4
103.8	453.5	1246.8	1593.4	3624.4
103.7	442.7	1216.8	1548.4	3579.8
103.9	434.5	1194.1	1459.7	3634.5
103.6	427.1	1187.9	1438.0	3655.9
101.8	420.5	1138.3	1410.9	3620.6
100.8	407.4	1099.7	1389.1	3610.6
102.1	399.5	1078.8	1369.5	3563.1
100.0	409.0	1073.9	1810.3	3568.6
101.5	403.5	1060.9	1989.5	3551.0
101.1	420.0	1069.2	1774.6	3513.0
100.1	411.8	1089.4	1713.0	3559.3
100.4	421.4	1132.8	1677.7	3491.8
101.7	426.4	1184.9	1677.1	3490.2
103.2	437.1	1292.9	1709.9	3457.8
104.5	437.9	1407.9	1754.3	3429.8
105.8	482.2	1503.2	1876.2	3449.4
107.1	572.1	1566.4	1958.9	3415.9
107.1	601.6	1642.5	2027.7	3420.3
106.6	610.5	1675.9	2117.7	3374.8
105.2	653.2	1687.5	2206.0	3299.5
105.5	636.9	1667.3	2254.6	3311.2
107.5	637.6	1696.7	2319.2	3303.3
108.5	626.2	1698.8	2415.3	3269.1
109.7	609.9	1705.2	2459.4	3316.6
110.0	606.6	1709.7	2502.5	3373.1
109.9	601.0	1659.2	2587.3	3415.5
109.8	562.3	1626.9	2587.7	3480.9
109.9	423.4	1565.3	2552.8	3661.2
106.5	230.0	1459.2	2566.6	3801.7
112.1	233.8	1164.3	2588.5	3817.9
109.7	237.0	1170.6	2609.7	3708.5
109.6	329.7	1077.0	2590.5	3551.9
107.4	266.4	1095.2	2558.1	3368.6
107.4	261.6	1246.5	2500.1	3163.4
104.3	309.1	1476.7	2523.7	3374.6
100.3	372.6	1573.7	2523.3	3370.4
94.8	455.0	1587.3	2535.4	3363.6
0.0	566.8	1761.7	2527.2	3479.1
0.0	491.3	1738.7	2508.9	3499.2
0.0	520.1	1711.1	2448.2	3457.9
108.1	566.1	1725.1	2402.6	3463.0
109.9	600.2	1693.8	2361.5	3427.6
112.3	643.1	1647.8	2319.9	3372.5
114.6	680.5	1608.5	2323.2	3309.7
115.4	692.2	1557.1	2354.3	3260.2
115.4	693.2	1494.5	2373.4	3294.7
117.4	703.0	1457.0	2382.5	3290.3
118.3	707.8	1405.6	2409.0	3259.0
119.8	696.1	1348.6	2410.2	3255.2
119.9	670.5	1327.4	2413.6	3224.5
121.2	634.5	1326.4	2394.4	3150.6
123.7	586.2	1345.1	2450.1	3108.9
122.7	553.4	1371.9	2551.7	3355.8
123.2	409.3	1198.0	2529.1	3620.7
120.0	413.7	1001.3	2546.2	3722.1
123.7	353.6	1162.3	2520.5	3794.3
121.8	396.1	1390.3	2533.0	3818.6
120.2	390.4	1403.7	2468.3	3793.3
118.6	337.5	1401.7	2388.1	3752.7
115.3	518.8	1414.2	2368.1	3510.0
113.5	480.4	1454.4	2231.5	2971.8
117.9	493.9	1466.8	2160.9	3168.8
116.4	483.3	1439.9	2117.2	3240.6
115.6	484.0	1407.6	2091.0	3257.2
115.0	487.3	1368.4	2059.1	3310.9
114.3	491.1	1298.1	2051.8	3309.8
113.2	486.2	1216.2	2045.2	3294.4
113.2	484.9	1166.0	2050.9	3300.7
113.2	476.8	1099.9	2069.7	3287.1
113.2	457.3	999.5	2080.1	3400.0
111.9	434.7	926.8	2113.8	3431.6
110.8	432.3	837.8	2121.8	3486.1
110.1	447.2	757.8	2111.9	3490.0
109.9	347.1	792.9	2047.2	3396.0
109.9	330.9	916.1	2207.1	3432.0
109.8	426.8	933.9	2262.0	3346.9
109.8	448.9	1104.5	2279.8	3310.5
109.1	397.2	881.4	2186.2	3148.4
110.2	358.4	780.3	2155.0	3079.3
111.5	363.3	789.1	2148.0	3133.7
113.5	423.4	851.8	2173.3	3208.5
114.8	434.5	956.1	2162.9	3182.2
116.2	451.8	1055.6	2143.3	3199.1
117.2	480.0	1192.6	2122.7	3218.2
118.4	477.8	1329.8	2124.1	3166.0
118.9	442.1	1428.6	2193.1	3051.6
120.3	526.6	1433.0	2325.3	3042.6
119.9	282.9	1388.7	2396.2	3139.2
109.7	644.1	1361.7	2460.0	3311.9
110.1	324.0	1368.5	2495.2	3378.3
0.0	381.4	1367.3	2432.6	3405.1
0.0	509.0	1305.4	2459.2	3682.4
121.1	457.1	1221.9	2463.9	3740.8
119.5	436.5	1212.6	2453.9	3704.2
119.0	413.8	1226.8	2442.7	3693.9
117.6	390.5	1201.4	2396.5	3698.1
118.1	413.6	1194.3	2403.9	3704.4
116.5	432.9	1142.4	2480.0	3665.0
116.0	457.3	1294.5	2554.8	3693.0
114.8	364.6	1254.5	2539.7	3511.2
111.5	358.0	1334.4	2594.0	3230.1
109.4	335.6	1281.6	2552.2	3207.9
103.6	641.0	1546.8	2407.0	3215.0
98.4	811.1	1648.9	2481.1	3338.8
363.6	759.8	1700.5	2553.1	3432.6
363.6	869.4	1820.9	2597.6	3433.6
375.0	733.8	1768.8	2633.0	3400.6
400.0	650.9	1744.5	2631.3	3411.8
0.0	542.3	1848.6	2588.3	3260.5
226.4	938.1	1898.8	2406.9	3220.8
118.8	800.9	1869.1	2403.1	3254.9
0.0	575.8	1765.1	2423.8	3204.7
0.0	345.7	839.9	2428.4	2957.4
0.0	340.2	807.2	2495.7	3262.0
117.9	530.7	924.5	2479.7	3313.5
120.5	527.7	915.0	2434.7	3407.3
116.6	511.7	906.4	2404.6	3400.2
114.0	515.1	952.4	2367.2	3360.8
113.0	539.0	970.6	2323.3	3347.2
111.7	520.9	954.1	2271.5	3328.6
109.1	503.4	935.2	2247.2	3339.7
106.4	483.4	911.2	2231.2	3306.8
106.5	467.0	891.1	2183.6	3216.5
105.1	475.5	892.1	2113.2	3241.9
109.2	516.8	916.7	2084.1	3187.8
92.0	543.1	934.0	2025.3	3194.0
188.1	512.0	916.0	1961.4	3182.7
0.0	542.9	960.8	1975.5	3193.4
67.2	558.6	984.8	2007.6	3242.5
197.9	564.1	1023.5	1790.8	3239.1
93.9	560.9	1071.4	1759.4	3295.0
114.5	582.2	1097.6	1728.6	3375.7
63.5	566.6	1130.0	1689.0	3372.4
196.7	563.3	1165.9	1659.1	3448.9
94.2	561.7	1180.0	1641.5	3431.2
94.6	556.2	1179.2	1603.2	3378.9
68.6	573.4	1187.3	1585.9	3419.1
124.1	581.4	1204.5	1600.8	3413.1
80.0	606.2	1227.4	1652.3	3364.1
0.0	605.4	1356.0	2046.2	3375.5
104.6	612.1	1340.8	1895.6	3387.6
100.0	549.6	1297.1	2008.9	3272.5
102.1	433.2	1345.0	2154.6	3252.8
96.9	468.5	1437.3	2433.3	3344.2
109.1	558.4	1472.3	2466.4	3339.7
109.1	528.5	1511.5	2489.1	3382.4
110.8	410.8	1491.2	2297.0	3325.6
105.2	581.2	1430.6	2260.5	3323.5
105.3	642.5	1481.2	2371.0	3385.2
107.1	702.5	1516.7	2414.8	3426.3
108.9	794.6	1538.9	2405.2	3356.5
