0.0	0.0	0.0	0.0	0.0
0.0	0.0	0.0	0.0	0.0
0.0	0.0	0.0	0.0	0.0
0.0	552.1	1727.5	2577.8	3429.5
0.0	521.1	1697.1	2586.4	3289.4
0.0	550.8	1620.8	2605.8	3365.5
0.0	569.7	1653.6	2729.6	3457.0
0.0	576.3	1567.5	2726.7	3433.3
0.0	577.0	1538.0	2680.7	3491.0
0.0	516.2	1523.4	2671.0	3465.1
0.0	515.3	1592.1	2665.3	3366.0
0.0	605.1	1616.0	2633.7	3330.6
0.0	972.6	1784.3	2792.1	3424.5
0.0	981.2	1737.1	2700.0	3483.2
0.0	918.8	1554.3	2482.9	3340.9
0.0	974.0	1680.8	2572.8	3357.9
395.9	595.6	1167.0	2472.4	3336.1
0.0	444.2	1222.0	2565.5	3315.2
0.0	454.0	1395.0	2598.5	3373.9
85.6	444.6	1611.5	2579.6	3396.4
114.2	442.0	1833.2	2607.9	3385.2
112.0	426.8	2052.9	2622.0	3527.7
114.5	431.7	2269.6	2632.7	3544.0
116.1	426.5	2302.7	2616.3	3467.9
116.7	424.0	2282.1	2726.8	3464.3
117.1	450.6	2214.0	2659.1	3409.5
118.6	479.8	2148.3	2762.7	3410.4
118.8	513.7	2076.5	2727.5	3414.5
118.8	540.3	1910.4	2661.2	3293.7
118.6	560.8	1810.8	2652.6	3197.0
117.5	572.0	1749.5	2598.6	3248.7
115.8	558.8	1629.5	2554.5	3288.6
114.9	553.1	1493.5	2462.3	3324.2
112.6	471.6	1428.7	2415.3	3311.3
103.7	422.8	1463.9	2434.3	3332.7
103.9	405.9	1494.2	2420.2	3302.2
105.0	537.0	1543.4	2280.7	3100.6
103.5	269.3	1551.6	2437.4	3103.7
101.7	365.1	1577.8	2396.3	3226.8
99.8	453.3	1690.8	2466.3	3280.4
0.0	498.9	1635.9	2658.3	3274.2
124.8	513.1	1617.4	2685.0	3374.1
126.6	535.4	1600.0	2722.0	3357.6
129.7	565.8	1580.4	2737.0	3263.4
134.5	579.5	1550.9	2759.1	3279.8
137.0	560.9	1529.1	2798.1	3196.1
144.6	592.9	1434.6	2729.5	2955.1
146.3	564.0	1425.1	2695.5	2969.9
146.3	563.0	1506.9	2710.2	3087.0
146.4	546.8	1527.6	2727.8	3062.0
144.6	479.9	1549.9	2788.6	3131.3
150.0	537.4	1667.2	2870.3	3219.0
157.9	515.5	1780.0	2843.5	3138.0
159.9	497.3	1885.6	2821.5	3084.1
160.0	483.5	2064.3	2665.2	2993.7
158.6	470.7	2198.6	2906.9	3162.9
153.8	478.1	2267.8	2722.2	3370.2
153.5	485.8	2076.5	2618.6	3364.6
150.1	497.5	1365.6	2561.9	3076.8
147.7	487.1	1522.2	2496.9	3055.3
143.6	491.1	1530.1	2408.4	3117.7
140.8	533.7	1685.6	2455.6	3288.1
137.4	471.2	1707.2	2391.6	3487.8
131.5	489.7	1678.9	2499.0	3452.7
122.7	786.7	1844.0	2699.7	3420.7
112.4	498.7	1896.6	2721.9	3399.5
0.0	515.2	1862.1	2752.4	3367.4
0.0	571.4	1791.5	2721.6	3285.0
118.1	636.5	1719.6	2713.8	3363.5
113.2	671.2	1659.8	2701.8	3357.8
109.0	743.6	1632.6	2689.8	3107.3
102.9	840.5	1644.7	2539.5	3111.3
100.1	895.2	1632.6	2559.9	3157.5
99.3	822.4	1546.8	2591.1	3158.3
96.8	809.2	1514.4	2557.8	3115.2
104.3	891.8	1537.2	2556.1	3147.5
106.2	924.0	1554.4	2592.2	3303.5
105.3	654.0	1499.8	2565.4	3361.0
110.1	923.4	1501.4	2561.2	3220.3
116.5	859.2	1513.6	2509.3	2946.9
123.7	783.9	1493.3	2528.1	2823.4
126.9	822.3	1469.4	2505.4	2932.6
123.7	899.3	1495.1	2530.2	3121.9
126.3	701.7	1497.1	2533.8	3080.0
126.3	658.8	1484.0	2550.8	3000.9
126.3	707.4	1473.3	2550.5	3101.7
126.3	736.0	1478.7	2523.8	3135.8
125.0	696.5	1526.6	2520.6	3056.0
125.3	711.6	1549.7	2420.5	3006.3
125.0	720.8	1595.8	2502.1	3030.3
126.3	700.3	1638.0	2557.2	3113.6
126.3	674.3	1664.5	2572.5	3155.5
126.0	643.6	1703.3	2603.4	3265.2
125.8	623.0	1780.4	2641.8	3287.3
125.0	584.9	1855.3	2601.6	3265.0
125.0	561.4	1934.4	2603.8	3345.2
125.1	561.4	1945.9	2606.6	3343.4
125.0	549.3	1985.4	2650.4	3283.2
123.5	505.4	1929.7	2656.6	3073.4
123.6	437.2	1781.3	2518.0	2968.4
122.1	389.9	1634.3	2652.5	3278.6
111.3	368.3	1632.1	2676.8	3369.5
115.6	417.7	1653.5	2682.9	3412.9
112.8	475.1	1688.9	2707.1	3502.4
115.8	494.7	1705.6	2759.7	3396.9
113.8	502.1	1699.8	2771.7	3328.4
114.0	511.0	1660.4	2735.9	3415.0
114.5	514.7	1625.9	2816.6	3373.5
115.3	516.0	1618.2	2821.1	3301.0
115.7	523.4	1614.6	2793.3	3314.7
115.7	513.0	1617.6	2807.9	3273.9
117.1	491.5	1567.4	2800.1	3096.1
119.1	464.4	1516.5	2653.7	3032.5
118.2	391.8	1504.1	2306.4	3147.1
118.7	400.9	1553.7	2392.0	3009.7
120.8	394.6	1603.1	2398.1	3020.0
120.0	400.1	1609.5	2331.4	3060.4
119.4	365.2	1613.7	2102.6	2900.6
115.5	432.7	1610.5	1928.8	2917.0
113.0	446.2	1572.5	1944.1	2974.2
109.1	425.5	1529.3	1883.3	3076.9
109.1	419.2	1460.8	1793.0	3048.7
107.1	413.3	1399.7	1740.0	2954.1
105.3	414.2	1366.0	1729.0	2993.5
106.1	416.7	1356.2	1708.1	3065.4
106.0	423.8	1354.0	1720.9	3106.3
106.4	444.2	1364.1	1753.2	3055.1
107.5	447.5	1414.2	1795.4	3090.9
107.7	461.2	1431.4	1880.7	3072.2
107.0	488.5	1443.2	2005.3	3044.7
105.9	503.5	1443.7	2149.9	3052.0
104.7	510.4	1416.9	2243.9	3116.8
103.0	504.4	1354.5	2369.5	3181.7
102.2	453.8	1255.7	2375.2	3250.7
102.1	338.2	1225.5	2404.1	3323.7
90.7	200.0	1189.0	2509.8	3346.2
100.3	206.0	1228.9	2441.3	3316.9
94.5	212.2	1288.1	2416.1	3339.1
91.6	205.5	1282.7	2403.9	3393.1
91.6	206.6	1115.6	2403.9	3417.4
85.7	535.6	1130.4	2362.9	3331.1
90.2	486.5	1271.3	2554.3	3284.2
0.0	471.6	1221.6	2628.8	3225.4
116.5	476.3	1251.8	2639.0	3237.9
109.1	484.0	1307.6	2619.8	3248.1
109.1	482.8	1416.7	2581.1	3245.8
108.1	466.1	1506.8	2585.6	3259.0
108.1	447.7	1593.9	2520.4	3220.2
108.5	441.7	1682.2	2416.1	3170.1
106.3	427.1	1768.1	2387.2	3142.2
104.6	433.1	1868.6	2461.9	3228.4
104.3	872.4	2153.8	2606.5	3378.9
95.2	1128.8	2170.5	2614.7	3396.7
0.0	1159.3	2136.3	2649.2	3414.6
0.0	1171.5	2124.4	2664.2	3379.6
76.9	1106.7	2154.0	2623.9	3424.4
0.0	1297.1	2141.5	2611.9	3490.3
0.0	843.2	1893.1	2535.6	3325.9
0.0	769.9	1728.2	2502.8	3143.2
0.0	561.8	1627.7	2469.0	3066.1
0.0	488.2	1420.6	2391.2	3044.7
102.4	503.9	1295.5	2437.3	3052.5
0.0	509.2	1193.6	2512.4	3211.9
87.8	507.1	1096.0	2538.8	3282.2
84.8	498.1	974.1	2669.2	3342.6
84.2	494.5	945.9	2690.5	3323.2
82.7	488.3	878.0	2695.0	3352.6
82.1	491.1	863.4	2629.5	3324.1
82.9	511.6	865.3	2432.7	3317.4
83.3	489.2	837.9	2002.0	3351.2
85.0	461.9	862.9	2029.1	3316.1
86.3	525.3	948.5	2114.3	3318.2
85.0	568.9	1035.3	2039.9	3317.8
85.7	716.2	1589.5	2226.6	3287.9
86.5	805.0	1600.6	2320.8	3292.7
92.1	684.1	1613.5	2379.0	3349.7
93.5	687.1	1594.9	2436.3	3367.5
91.8	781.8	1651.5	2447.2	3389.4
94.5	806.0	1660.6	2528.7	3414.0
93.8	760.8	1498.5	2495.5	3464.1
93.8	997.1	1497.5	2505.3	3496.4
93.8	808.1	1441.8	2486.3	3415.7
92.3	840.9	1600.8	2578.2	3447.9
87.6	748.3	1407.3	2484.6	3428.4
99.2	733.0	1370.0	2407.7	3393.0
