0.0	0.0	0.0	0.0	0.0
0.0	0.0	0.0	0.0	0.0
0.0	0.0	0.0	0.0	0.0
0.0	447.3	1561.9	2884.8	3587.0
352.9	940.9	1678.9	2787.8	3489.4
0.0	871.8	1717.1	2718.6	3488.1
0.0	922.9	1775.0	2621.7	3514.9
0.0	891.6	1773.5	2663.0	3547.6
0.0	793.2	1829.5	2546.4	3431.8
0.0	674.9	1843.7	2494.4	3446.7
0.0	795.8	1824.0	2503.2	3509.9
0.0	792.1	1667.4	2484.1	3346.8
0.0	709.3	1508.4	2462.4	3398.3
0.0	567.8	1568.3	2517.7	3455.5
0.0	687.8	1611.4	2560.7	3505.4
0.0	695.2	1797.9	2649.5	3508.1
0.0	909.2	1862.1	2653.3	3380.1
104.3	943.0	1784.7	2595.0	3404.1
0.0	800.8	1581.1	2512.2	3357.4
85.1	883.9	1442.7	2342.8	3222.2
83.9	920.4	1583.9	2418.8	3226.8
0.0	451.0	959.5	1931.2	3144.2
0.0	459.9	871.5	1669.3	3151.5
104.3	434.6	889.0	1473.4	2971.5
105.3	429.5	922.4	1421.7	2812.4
105.3	460.8	939.3	1425.1	2793.5
103.4	467.9	944.0	1440.9	2869.5
106.2	500.8	944.0	1489.5	2874.3
107.1	504.8	954.8	1531.1	2826.9
109.1	520.9	969.6	1589.0	2731.3
112.1	509.4	986.7	1647.1	2630.3
112.3	530.3	1037.2	1735.8	2656.8
113.2	562.4	1099.9	1812.6	2694.1
116.5	554.6	1180.2	1901.4	2762.7
118.0	547.9	1275.9	1976.7	2899.4
120.3	550.5	1399.7	2084.7	3076.6
122.4	542.4	1511.5	2146.2	3196.3
124.1	531.2	1574.5	2202.0	3269.1
125.9	514.4	1618.2	2242.5	3326.8
130.5	520.6	1650.0	2266.5	3373.6
132.0	480.2	1624.2	2268.9	3383.6
133.0	528.9	1602.0	2248.9	3408.7
134.8	512.3	1567.2	2221.9	3419.0
135.4	520.9	1465.2	2207.4	3461.4
136.1	539.1	1349.5	2238.7	3501.1
137.9	541.5	1250.6	2363.1	3454.0
138.7	539.5	1150.3	2440.3	3381.8
139.0	566.8	1091.8	2487.3	3389.7
139.5	563.8	1036.3	2486.2	3388.3
139.7	567.3	1000.0	2512.5	3424.3
141.0	560.5	992.1	2558.8	3415.0
141.7	537.5	984.7	2570.7	3431.0
142.6	543.0	987.5	2603.4	3427.9
142.7	503.6	913.2	2656.9	3400.3
142.5	489.7	890.8	2698.6	3367.7
141.8	486.7	842.5	2706.0	3352.8
142.6	473.1	845.2	2646.6	3439.4
142.6	461.4	855.4	2500.3	3375.6
143.2	455.4	832.2	2485.3	3418.5
143.1	457.5	797.5	2380.1	3421.7
78.1	516.6	1146.3	2515.3	3442.6
176.0	583.8	1249.1	2486.5	3468.7
81.0	566.3	1269.9	2417.2	3381.1
174.7	506.9	941.0	2349.5	3178.3
183.8	686.5	947.4	2565.3	3316.9
181.8	520.9	967.8	2393.2	3228.1
0.0	514.7	946.0	2271.7	3178.8
0.0	511.2	956.2	2233.5	3322.9
111.2	510.4	965.2	2196.5	3248.3
115.4	496.1	976.5	2118.7	3087.1
115.7	507.5	1013.7	2051.8	3091.8
113.8	503.3	1034.2	1960.3	3130.6
112.0	499.9	1080.1	1884.3	3133.8
109.7	488.6	1152.5	1817.2	3130.6
108.7	486.1	1223.2	1778.7	3102.3
107.3	455.6	1316.2	1755.6	3108.4
106.7	441.4	1426.0	1759.2	2999.4
106.9	394.8	1503.3	1790.6	3042.8
106.5	412.8	1560.0	2097.1	3220.4
103.1	657.3	1630.7	2529.3	3380.7
90.2	883.1	1732.3	2572.4	3378.3
67.4	817.4	1610.0	2582.0	3420.9
0.0	652.9	1585.5	2674.6	3598.0
0.0	648.2	1626.1	2722.7	3674.2
0.0	660.3	1615.2	2620.7	3675.8
0.0	792.1	1675.5	2577.9	3700.6
96.0	804.7	1658.4	2536.1	3666.5
0.0	767.3	1642.7	2522.5	3579.9
200.0	877.9	1633.2	2424.2	3415.6
398.2	712.7	1629.7	2417.7	3415.8
100.8	728.5	1580.7	2376.7	3353.8
0.0	564.3	1530.0	2336.9	3362.4
0.0	528.8	1566.8	2322.4	3389.4
125.7	535.1	1558.1	2305.1	3362.1
122.0	535.6	1546.2	2270.6	3350.0
120.2	532.7	1514.9	2268.9	3343.0
117.5	520.9	1491.8	2250.4	3355.9
116.3	502.4	1464.9	2243.2	3355.5
115.7	484.7	1446.9	2245.7	3360.7
115.6	480.5	1444.4	2237.6	3353.9
115.3	471.6	1450.3	2236.8	3375.1
114.5	466.6	1463.0	2237.2	3374.7
113.8	446.1	1468.3	2245.7	3403.8
112.1	439.0	1494.1	2262.4	3433.3
110.5	427.2	1515.8	2281.0	3461.7
108.8	412.8	1541.5	2313.1	3527.0
106.0	432.7	1630.1	2311.7	3574.4
98.2	517.4	1745.5	2611.2	3543.1
110.2	1332.3	2262.0	3561.2	3629.8
69.0	724.4	1551.3	3424.8	3892.8
0.0	452.9	1562.6	3388.1	3969.0
400.0	478.4	1597.7	3271.3	3991.9
0.0	479.6	1698.4	3298.8	3875.6
521.7	955.3	1859.3	3282.5	3782.0
148.1	741.9	1879.0	3078.5	3781.8
66.3	866.1	2021.5	3107.1	3740.7
86.3	927.9	1882.7	3125.7	3689.4
65.6	661.6	1796.4	3049.1	3710.6
0.0	932.3	1802.9	2949.2	3658.1
0.0	623.0	1670.2	2557.2	3566.2
0.0	444.8	1625.4	2466.7	3528.2
0.0	389.1	1657.1	2452.8	3477.7
120.5	414.1	1665.5	2434.1	3431.9
109.2	438.3	1666.3	2440.1	3416.0
109.0	476.0	1667.4	2434.7	3538.0
108.1	413.9	1662.8	2430.9	3595.2
106.8	392.1	1659.5	2426.1	3402.6
104.3	410.8	1656.8	2458.9	3395.9
101.8	396.6	1701.6	2813.9	3716.2
100.0	382.1	1778.3	3130.5	3704.9
99.2	796.3	2109.9	3104.3	3681.7
102.6	985.8	2357.6	3208.1	3770.1
100.8	753.9	2103.1	2772.0	3688.5
101.7	455.9	1877.1	2537.1	3519.1
0.0	361.9	1855.9	2478.3	3449.1
120.0	369.6	1867.0	2496.6	3390.6
116.5	381.8	1875.5	2498.3	3367.2
118.5	386.8	1883.9	2434.3	3336.2
118.9	387.8	1880.8	2395.2	3291.0
119.0	391.6	1861.8	2346.7	3272.8
119.0	376.9	1855.5	2329.6	3260.7
118.9	375.8	1847.7	2290.7	3261.9
119.2	364.4	1836.7	2275.3	3233.6
118.0	362.0	1829.4	2250.2	3192.7
117.4	351.8	1829.5	2250.8	3125.9
116.0	383.8	1820.5	2253.8	3112.8
113.4	347.2	1807.5	2235.4	3111.9
111.1	710.1	1728.3	2241.1	3125.3
110.1	824.6	1751.3	2359.0	3313.2
106.2	743.9	1747.7	2350.0	3311.5
444.4	535.2	1596.6	2254.8	3174.2
375.0	620.8	1595.2	2224.0	3108.8
0.0	388.7	1502.5	2156.4	3136.8
0.0	416.9	1404.6	2262.8	3179.7
0.0	468.0	1261.8	2095.4	3130.4
116.5	440.1	1105.2	2002.9	3193.8
102.1	429.5	1036.1	1998.7	3180.5
98.4	414.5	988.0	2047.1	3184.9
96.2	407.3	950.8	2092.1	3203.8
95.1	413.5	936.1	2139.0	3186.0
93.9	418.5	921.1	2173.8	3175.4
93.0	445.0	905.9	2242.1	3155.1
91.9	453.6	886.7	2262.0	3131.8
89.8	475.6	876.6	2259.7	3123.2
89.8	496.4	883.0	2303.6	3128.1
89.7	511.2	879.9	2333.4	3126.8
89.2	510.0	865.8	2369.0	3180.0
89.1	523.2	840.4	2382.8	3172.2
89.5	564.9	966.9	2328.3	3155.0
89.7	569.0	952.4	2381.1	3176.7
88.8	589.6	1274.1	2446.9	3194.0
89.4	832.5	1686.9	2434.1	3414.8
89.8	612.5	1298.4	2386.6	3262.5
88.8	632.9	1374.1	2421.6	3160.4
87.6	633.4	1456.2	2367.4	3212.6
83.9	629.3	1437.5	2557.2	3346.9
0.0	626.4	1399.4	2455.6	3439.1
0.0	635.8	1469.7	2459.1	3339.2
0.0	640.7	1489.2	2581.5	3267.4
63.5	607.1	1502.4	2541.6	3303.5
