0.0	0.0	0.0	0.0	0.0
0.0	0.0	0.0	0.0	0.0
0.0	0.0	0.0	0.0	0.0
0.0	640.1	1753.9	2616.9	3281.5
0.0	700.0	1727.6	2620.4	3419.6
0.0	754.5	1735.2	2716.0	3480.9
0.0	837.7	1820.8	2744.4	3505.4
0.0	788.7	1862.2	2620.5	3441.4
0.0	904.6	1723.8	2523.3	3425.4
0.0	835.8	1801.1	2563.4	3408.7
0.0	1005.8	1821.6	2704.7	3456.7
0.0	1022.4	1835.0	2657.0	3473.0
0.0	931.0	1789.3	2568.1	3372.1
0.0	877.8	1678.6	2584.8	3363.4
0.0	733.1	1614.2	2435.1	3265.0
0.0	861.5	1680.6	2534.6	3244.4
0.0	859.3	1726.4	2576.9	3328.6
0.0	949.6	1817.6	2608.5	3411.6
0.0	964.2	1841.8	2557.0	3458.1
0.0	1006.8	1814.1	2569.5	3358.1
69.4	948.8	1763.6	2573.1	3044.9
0.0	902.9	1726.1	2497.2	2990.5
0.0	834.3	1573.8	2444.8	3438.7
0.0	860.6	1595.0	2466.3	3558.0
101.9	832.8	1559.0	2457.5	3503.2
111.6	840.1	1521.9	2488.3	3497.0
112.1	828.8	1443.1	2478.0	3515.1
114.3	820.2	1376.0	2479.3	3494.1
115.9	824.8	1349.5	2493.7	3488.4
116.7	830.5	1275.6	2501.7	3374.2
118.7	799.6	1233.8	2543.9	3334.4
120.5	726.3	1187.3	2570.6	3275.8
122.4	693.9	1127.7	2587.1	3283.2
127.7	674.3	1086.2	2620.1	3312.9
129.0	664.5	1066.1	2642.2	3324.0
130.4	662.9	1072.1	2688.3	3306.2
132.0	627.6	1075.4	2715.0	3298.2
133.3	591.7	1098.0	2739.0	3312.7
134.9	540.3	1136.2	2778.1	3346.7
135.5	526.0	1144.9	2826.1	3482.9
135.0	505.7	1143.8	2857.9	3580.5
133.1	501.4	1155.0	2907.6	3637.7
128.9	547.0	1172.8	2946.3	3758.1
125.5	609.8	1348.1	2965.4	3814.2
123.7	547.9	1718.1	3161.7	3876.2
116.5	608.6	1676.9	3085.4	3876.3
0.0	899.0	1763.9	2970.6	3927.2
123.7	905.4	1899.8	3005.8	3785.0
285.7	713.7	1973.7	3040.5	3772.6
0.0	822.1	1928.2	3035.8	3645.3
521.7	569.1	1877.2	2876.0	3672.9
0.0	362.9	1959.7	2729.0	3628.9
126.3	365.6	2007.3	2803.9	3585.6
122.4	525.8	2105.8	2750.8	3475.3
121.2	353.1	2114.0	2629.2	3328.0
118.8	354.3	2095.5	2562.8	3379.3
117.6	381.1	1934.1	2485.2	3383.6
119.0	429.9	1832.2	2172.3	3419.2
117.0	413.7	1736.9	2010.3	3414.4
116.8	429.8	1670.9	1895.9	3341.3
117.0	447.7	1576.5	1721.6	3458.3
116.4	461.9	1508.8	1702.6	3535.0
116.4	466.6	1470.8	1691.8	3506.9
116.9	465.9	1409.1	1692.8	3500.4
115.0	463.4	1446.5	1792.8	3457.5
113.4	443.3	1494.2	1933.0	3351.4
110.8	428.8	1618.5	2196.8	3254.1
107.8	578.1	1932.1	2408.2	3288.1
101.7	1004.8	2206.9	2625.2	3355.5
88.8	981.2	2448.9	3129.9	3604.2
127.7	983.7	2415.5	3219.5	3684.1
0.0	783.8	2399.3	3262.8	3757.9
0.0	1006.3	2382.9	3255.2	3755.3
0.0	722.7	2143.6	3108.0	3713.3
0.0	548.2	2077.7	3186.4	3789.5
153.8	862.1	2088.5	3176.9	3905.6
85.1	903.3	2040.3	3146.1	3865.5
0.0	780.8	1931.7	3040.8	3826.6
0.0	760.2	1822.4	2993.8	3906.3
0.0	922.6	1899.8	2964.8	3903.8
315.8	893.2	1910.6	2845.9	3897.8
0.0	1000.4	1839.2	2864.5	3821.8
0.0	506.9	1489.6	2848.4	3737.3
0.0	579.8	1357.0	2782.4	3655.4
149.7	620.0	1337.8	2771.7	3618.1
147.6	705.6	1333.6	2803.0	3611.1
148.2	752.9	1310.9	2809.0	3646.7
149.4	729.1	1334.2	2803.1	3671.2
150.3	677.6	1352.5	2801.3	3607.1
151.1	636.2	1388.8	2810.0	3541.5
152.0	591.6	1411.2	2826.9	3654.3
153.2	537.1	1424.4	2618.7	3132.5
155.0	372.5	1450.1	2128.9	2835.5
153.8	427.7	1494.1	2264.6	2846.1
77.4	392.1	1544.6	2471.8	2989.5
153.8	425.2	1470.2	2307.9	2944.4
146.3	418.8	1227.0	2103.2	2807.7
139.5	455.6	1276.0	2472.2	2847.3
137.9	417.9	1217.0	2377.4	2842.3
132.7	418.9	1332.4	2451.1	2926.8
126.3	409.6	1216.3	2095.2	2921.4
120.0	382.4	1176.0	1859.8	3004.4
114.3	366.0	1153.0	1875.1	3178.9
108.5	370.4	1113.5	2020.6	3256.1
102.9	399.0	1050.9	2221.7	3363.6
95.2	430.5	1087.3	2135.8	3294.9
87.0	536.8	1217.7	2011.8	3220.1
0.0	544.1	1177.3	1554.5	3166.9
197.4	543.8	1145.3	1494.3	3305.0
96.8	526.0	1137.1	1464.2	3383.4
94.8	520.2	1128.4	1441.8	3468.1
93.9	530.4	1135.5	1419.7	3465.8
92.7	561.7	1161.8	1414.8	3401.8
91.4	590.7	1181.6	1430.2	3444.9
90.9	612.8	1193.6	1442.7	3421.0
90.0	622.1	1202.0	1459.4	3405.9
89.3	608.1	1239.8	1486.5	3424.3
88.5	593.7	1257.9	1535.0	3379.0
87.6	595.1	1268.6	1585.0	3321.4
86.5	568.2	1273.2	1567.1	3292.2
85.7	544.0	1299.0	1573.1	3271.2
84.7	531.6	1340.7	1601.5	3260.2
83.9	556.1	1378.1	1642.8	3191.4
82.8	695.9	1453.0	1690.3	3196.8
81.1	564.1	1507.5	1699.9	3407.8
80.0	483.5	1541.8	2405.0	3516.9
78.4	411.1	1567.0	2715.0	3821.3
76.9	412.5	1556.4	2708.0	3687.8
78.4	391.8	1291.9	2670.2	3389.9
77.0	399.4	1306.2	2701.1	3814.8
76.9	393.6	1384.8	2614.8	3659.1
76.9	421.8	1477.7	2472.9	3427.4
77.9	402.1	1463.8	2116.8	2777.5
0.0	413.4	1563.4	2222.6	2792.0
0.0	543.5	1665.1	2654.1	3789.5
81.1	427.4	1721.4	2656.3	3820.0
81.1	568.5	1768.5	2678.9	3641.1
0.0	737.7	1828.6	2673.1	3339.4
0.0	840.7	1862.9	2677.8	3359.9
80.1	873.7	1842.2	2680.9	3347.4
79.5	837.3	1806.8	2649.2	3401.6
78.9	831.5	1781.3	2622.1	3352.5
79.2	817.0	1786.5	2629.0	3324.3
79.5	857.1	1769.0	2647.3	3233.7
79.5	857.0	1703.3	2623.2	3362.1
80.5	906.9	1692.2	2633.9	3366.7
80.8	879.4	1681.0	2622.5	3263.2
81.6	851.1	1630.3	2626.8	3222.3
80.1	876.7	1579.9	2616.3	3198.4
80.9	934.8	1541.6	2593.5	3212.4
80.6	919.7	1531.0	2579.4	3207.9
80.8	962.7	1479.2	2568.0	3190.1
81.9	917.6	1443.8	2543.4	3194.1
83.3	904.0	1412.0	2525.3	3176.7
85.0	878.6	1354.0	2493.7	3137.1
87.1	857.8	1298.6	2479.0	3147.4
89.9	848.1	1238.2	2461.8	3154.7
93.5	852.4	1179.0	2487.1	3140.3
96.7	831.3	1124.9	2500.0	3127.7
100.8	772.7	1068.3	2505.5	3126.0
103.4	688.5	1006.8	2524.5	3113.3
109.7	674.5	968.0	2584.2	3118.9
113.2	656.2	883.6	2534.7	3139.3
119.6	633.7	875.8	2571.3	3121.0
122.9	641.2	904.2	2616.9	3128.6
126.7	649.2	945.7	2635.8	3191.5
132.6	710.3	1009.8	2688.7	3189.9
137.2	834.4	1073.7	2701.5	3153.9
138.8	720.5	1023.4	2647.5	3177.5
142.5	613.1	1063.4	2405.1	3122.3
142.9	565.1	1111.0	2488.9	3057.0
142.9	940.4	1293.7	2572.2	3060.2
144.2	727.7	1270.2	2380.3	3140.5
142.0	914.1	1292.9	2284.6	3188.0
135.8	993.1	1323.2	2334.9	3241.2
127.4	1016.2	1377.3	2367.0	3353.8
121.2	978.5	1446.8	2486.5	3401.1
120.0	848.2	1436.1	2258.4	3340.3
0.0	718.1	1423.4	2145.5	3323.7
0.0	854.3	1438.9	2150.1	3356.6
0.0	870.0	1462.6	2057.7	3314.5
169.0	743.5	1477.3	2046.8	3285.4
173.9	883.6	1501.4	2185.2	3366.0
164.1	639.0	1505.4	1978.0	3288.1
0.0	623.5	1566.1	2178.4	3428.2
172.0	798.2	1510.5	2160.7	3452.5
0.0	863.3	1504.7	2469.2	3432.1
75.6	838.5	1573.4	2610.7	3554.9
0.0	719.3	1540.4	2527.2	3461.3
0.0	653.6	1563.2	2432.6	3303.2
