0.0	0.0	0.0	0.0	0.0
0.0	0.0	0.0	0.0	0.0
0.0	0.0	0.0	0.0	0.0
0.0	621.6	1567.9	2589.7	3398.8
0.0	985.9	1741.0	2653.2	3516.7
0.0	809.7	1774.6	2693.8	3524.9
0.0	816.4	1735.9	2651.3	3485.3
0.0	727.9	1624.0	2461.9	3366.0
0.0	786.6	1572.7	2507.5	3346.8
0.0	742.6	1616.5	2499.9	3387.4
0.0	687.5	1642.7	2531.0	3423.4
0.0	707.9	1772.4	2573.7	3369.0
0.0	813.2	1791.9	2556.1	3375.0
0.0	648.5	1766.6	2567.0	3512.0
0.0	728.1	1729.3	2549.9	3547.1
0.0	871.3	1741.5	2470.0	3480.4
0.0	687.9	1687.8	2465.3	3430.6
0.0	698.6	1529.6	2434.4	3286.0
0.0	538.7	1577.5	2510.2	3262.8
315.8	548.5	1557.1	2475.1	3440.5
0.0	434.9	1557.7	2343.2	3707.9
0.0	434.4	1556.4	2265.5	3757.1
96.3	860.1	1533.2	2207.7	3508.4
98.1	909.0	1499.5	1938.1	3182.9
110.5	1069.6	1507.3	2383.7	3331.9
65.6	912.0	1577.2	2560.4	3429.9
67.0	738.9	1635.6	2653.4	3460.3
0.0	725.6	1592.9	2527.1	3393.2
0.0	782.4	1704.9	2502.4	3449.4
0.0	719.4	1642.5	2521.1	3354.4
0.0	292.5	1254.4	2234.7	3276.7
0.0	721.0	1238.6	2450.2	3554.2
446.7	999.7	1191.9	2446.0	3643.3
445.0	862.0	1095.9	2352.0	3487.3
66.3	759.0	1064.1	2410.2	3560.8
0.0	647.5	1035.1	2402.9	3575.6
0.0	529.9	969.2	2406.8	3460.3
0.0	500.0	936.7	2404.1	3365.3
117.0	499.9	932.8	2402.2	3314.4
118.0	487.2	917.0	2403.2	3317.5
118.1	484.7	913.2	2418.0	3326.5
118.0	496.0	915.3	2416.0	3265.5
117.4	493.5	912.1	2409.7	3244.3
115.7	475.2	896.4	2369.9	3251.9
112.3	503.3	904.2	2345.2	3208.6
107.5	498.3	924.7	2384.2	3193.8
103.4	497.9	950.5	2413.1	3209.9
99.5	522.0	975.8	2440.9	3179.2
96.7	542.2	987.9	2460.2	3127.6
94.6	500.9	1008.6	2452.6	3172.1
93.9	459.4	1002.0	2479.2	3259.6
94.5	440.2	1001.7	2501.1	3279.1
95.3	456.7	1010.0	2474.4	3369.2
95.9	451.2	1026.9	2428.9	3457.8
96.5	442.8	1081.6	2436.8	3501.9
97.3	473.1	1154.5	2449.0	3526.6
99.3	485.5	1222.4	2418.0	3534.9
101.2	502.1	1313.3	2394.2	3471.7
101.6	494.6	1378.9	2397.0	3423.0
101.5	516.4	1439.9	2391.5	3421.6
101.2	498.7	1518.8	2379.6	3362.3
100.7	476.3	1593.0	2377.0	3326.8
99.6	449.0	1664.3	2417.7	3323.1
97.7	576.8	1741.6	2560.8	3282.5
95.1	1443.8	2352.9	2833.3	3540.9
84.5	625.7	2042.0	2625.6	3434.1
0.0	636.4	1934.6	2704.6	3419.4
0.0	867.0	2111.2	2742.3	3393.7
0.0	1005.8	2213.8	2718.2	3354.2
0.0	1226.3	2190.2	2788.5	3347.1
0.0	1161.2	2110.7	2769.6	3412.5
0.0	903.0	1975.8	2674.5	3495.9
0.0	838.1	1815.2	2656.5	3443.2
0.0	742.5	1760.7	2697.6	3389.6
115.4	450.5	1744.7	2691.6	3255.8
0.0	480.3	1614.3	2497.3	3262.2
0.0	419.5	1542.2	2241.0	3438.7
87.6	311.5	1455.4	2203.1	3407.7
83.9	295.0	1636.9	2194.1	3676.7
82.8	294.1	1580.1	2175.3	3501.1
80.0	275.5	1592.6	2175.6	3487.2
78.9	317.9	1594.6	2185.6	3221.0
78.4	267.7	1627.8	2190.6	2864.8
79.5	298.3	1361.0	2188.6	2785.0
77.4	330.8	1387.4	2203.2	2707.7
77.9	578.0	1422.4	2259.1	2841.3
77.1	635.9	1733.7	2291.8	3116.4
75.9	520.8	941.7	2218.0	3016.2
75.0	513.0	968.9	2255.2	3029.8
74.1	509.7	1002.9	2314.9	3074.8
75.5	488.3	1002.8	2309.9	3069.6
75.0	479.7	1050.2	2310.9	3099.1
74.6	578.7	1104.6	2327.7	3115.5
75.0	604.6	1168.8	2323.0	3021.7
77.8	600.0	1220.6	2345.7	3358.6
77.9	631.1	1243.9	2340.7	3644.5
78.4	571.0	1284.6	2379.5	3683.5
76.5	463.0	1262.1	2490.2	3533.2
75.0	650.4	1383.8	2705.7	3368.2
76.1	774.3	1930.5	2883.5	3298.6
0.0	937.0	2184.3	3160.2	3291.0
96.8	625.9	2162.5	3150.5	3411.6
0.0	1143.8	2278.2	3112.9	3552.5
157.9	1029.3	2290.3	3181.7	3580.2
210.5	701.6	1828.6	2912.3	3318.6
80.0	680.3	1494.0	2251.7	3287.9
218.2	246.4	1483.4	2232.3	3222.6
240.0	685.2	1608.7	2368.1	3201.3
240.0	839.9	2177.8	3136.9	3263.4
0.0	670.3	2432.1	3169.0	3214.1
0.0	481.0	1659.0	2963.8	3132.0
0.0	600.9	1551.2	2737.9	3038.6
400.0	573.6	1515.5	2614.3	3071.1
0.0	471.3	1469.3	2615.1	3096.6
0.0	487.2	1449.3	2357.3	3182.7
78.4	589.9	1692.6	2445.2	3397.0
72.7	1052.8	1897.5	2682.8	3577.0
71.0	1000.0	1901.9	2692.9	3627.8
0.0	852.4	1833.4	2717.9	3498.2
0.0	840.8	1780.3	2573.7	3459.5
0.0	654.0	1646.4	2490.9	3405.0
0.0	1011.3	1768.3	2536.9	3373.8
0.0	1011.6	1676.8	2457.6	3220.8
0.0	1069.2	1693.8	2609.5	3291.8
0.0	1144.4	1823.0	2658.0	3334.1
255.3	1170.3	1783.7	2454.5	3167.2
0.0	1168.6	1780.6	2472.4	3149.2
0.0	1128.1	1733.6	2531.3	3188.2
448.7	1170.7	1644.4	2443.0	3180.0
449.6	1121.5	1621.8	2381.6	3181.8
77.9	1151.6	1689.2	2308.8	3114.1
0.0	436.4	1282.5	1947.4	2811.4
0.0	438.3	1287.4	1810.2	2624.6
0.0	426.7	1274.8	1792.2	2496.0
98.8	412.6	1296.6	1826.7	2499.4
95.6	413.0	1316.2	1886.4	2554.1
94.0	425.6	1329.0	1900.1	2600.7
92.5	407.8	1347.4	1911.0	2726.7
90.8	422.0	1324.8	1939.9	2890.1
89.3	399.2	1297.7	1950.9	2956.3
87.8	392.0	1289.2	2027.7	3182.7
85.4	443.0	1259.0	2107.8	3283.8
85.1	443.8	1245.7	2064.5	3390.0
84.5	441.7	1229.5	2088.8	3436.6
83.8	410.5	1249.0	2115.0	3463.8
83.5	391.9	1249.6	2097.3	3441.4
82.1	397.1	1213.0	2032.3	3429.2
80.1	391.0	1206.6	2088.4	3422.7
80.3	415.1	1208.6	2088.6	3371.5
79.4	403.0	1213.1	2118.3	3355.8
78.9	386.8	1270.8	2096.7	3466.8
77.4	385.2	1256.3	2046.9	3558.1
76.4	406.0	1394.1	2280.8	3421.9
74.1	515.9	1333.7	2255.7	3336.0
71.4	499.7	1320.8	2134.8	3448.7
68.6	730.7	1358.6	2208.3	3438.4
65.9	696.4	1363.5	2269.2	3332.6
66.7	609.3	1537.8	2236.7	3328.9
66.0	555.3	1472.0	2147.1	3241.8
134.8	459.7	1481.6	2115.5	3210.8
65.9	462.7	1553.1	2141.0	3306.0
153.8	550.9	1620.6	2211.4	3482.3
67.5	482.9	1694.1	2306.5	3428.6
0.0	481.9	1777.1	2334.2	3404.4
113.2	476.0	1759.2	2338.9	3397.1
0.0	496.9	1702.9	2342.2	3455.8
0.0	528.3	1669.4	2400.7	3492.8
0.0	502.7	1642.1	2398.0	3477.9
0.0	505.0	1587.2	2302.2	3544.2
88.4	322.3	1537.7	2220.5	3543.1
89.1	491.3	1550.9	2261.2	3630.7
88.8	515.8	1560.5	2431.3	3584.8
87.3	537.1	1540.9	2423.8	3492.8
86.3	528.0	1524.8	2383.8	3528.4
84.9	540.6	1528.9	2401.9	3559.5
82.9	545.6	1538.9	2447.0	3417.2
81.0	518.5	1524.2	2469.4	3258.0
77.7	610.8	1479.6	2473.2	3025.5
177.4	278.5	1477.6	2524.9	3122.2
64.5	301.1	1497.7	2634.2	3250.8
63.8	486.3	1636.2	2665.5	3302.9
0.0	530.2	1873.1	2704.4	3330.9
64.5	610.7	1700.6	2634.5	3351.0
64.5	698.7	1601.8	2488.8	3405.0
0.0	741.8	1616.2	2555.0	3243.7
0.0	746.9	1564.5	2581.4	3263.8
0.0	538.0	1415.8	2393.9	3211.3
0.0	546.1	1339.2	2372.2	3251.2
0.0	604.0	1321.6	2374.0	3323.5
79.6	705.4	1321.7	2403.0	3331.9
81.9	717.6	1304.2	2389.2	3387.8
79.9	721.8	1295.5	2388.1	3395.4
78.5	722.0	1244.4	2431.4	3360.3
78.2	750.5	1290.5	2450.8	3334.0
77.3	742.4	1353.5	2423.0	3326.9
77.2	753.4	1344.4	2375.0	3317.0
76.7	752.0	1357.9	2346.3	3322.8
76.7	753.4	1433.3	2340.9	3342.3
76.2	732.8	1476.0	2356.6	3393.0
75.9	696.9	1456.8	2306.2	3330.4
75.6	664.1	1476.4	2296.1	3320.2
75.5	651.1	1526.3	2305.4	3248.7
75.2	624.7	1561.4	2314.9	3286.1
73.8	505.7	1556.5	2300.8	3510.3
74.3	493.0	1554.2	2308.5	3675.0
74.3	451.4	1577.1	2321.8	3601.8
74.0	503.9	1571.1	2468.5	3588.0
73.2	459.7	1557.4	2863.6	3608.5
74.5	484.4	1644.9	3129.6	3674.4
63.8	506.4	1673.9	3182.0	3607.3
0.0	569.2	1683.3	2974.4	3563.5
0.0	568.8	1783.4	3005.7	3623.3
0.0	556.2	1614.0	2977.6	3598.2
0.0	564.2	1399.6	2886.2	3461.6
0.0	572.5	1362.4	2382.4	3377.7
74.5	640.9	1308.8	2387.3	3282.3
71.9	490.1	1210.3	2437.1	3244.3
73.2	625.1	1247.4	2437.6	3221.4
70.9	822.3	1745.4	2387.4	3121.9
64.9	431.3	1044.8	2251.9	2975.7
173.9	564.7	1118.0	2360.4	3114.4
210.5	747.9	1134.8	2430.9	3120.5
0.0	518.7	983.9	2292.2	3091.5
0.0	550.2	974.3	2343.6	3163.4
0.0	622.8	970.2	2279.0	3217.7
63.8	666.1	901.3	2223.2	3307.1
0.0	682.3	1049.8	2215.4	3409.3
0.0	643.2	1357.1	2303.1	3405.8
0.0	642.9	1844.9	2418.1	3366.7
65.6	601.2	1954.8	2436.6	3427.5
65.9	567.5	2007.9	2468.4	3384.6
64.0	551.1	1976.4	2470.1	3260.2
65.4	603.2	1976.5	2515.9	3550.5
65.5	584.0	1842.0	2500.4	3460.4
0.0	588.2	1526.0	2503.1	3165.9
112.1	624.7	1534.5	2539.3	3221.8
153.8	574.7	1620.5	2469.1	3197.9
181.8	755.0	1675.7	2439.3	3352.5
181.8	696.0	1902.0	2464.4	3496.5
105.3	677.7	1963.1	2517.8	3490.2
0.0	435.4	1567.9	2448.3	3261.8
0.0	550.1	1503.8	2434.0	3214.7
164.4	739.2	1583.8	2483.9	3284.4
0.0	742.0	1730.9	2450.1	3253.4
