0.0	0.0	0.0	0.0	0.0
0.0	0.0	0.0	0.0	0.0
0.0	0.0	0.0	0.0	0.0
0.0	886.5	1808.6	2638.1	3453.9
0.0	924.8	1905.2	2615.3	3434.7
0.0	1015.4	1791.3	2740.9	3422.1
0.0	720.9	1681.5	2758.7	3400.4
0.0	888.0	1748.4	2682.5	3522.7
0.0	953.6	1646.8	2603.0	3422.8
0.0	850.7	1682.5	2540.9	3470.0
0.0	1010.8	1817.7	2673.7	3541.8
0.0	800.6	1812.9	2734.5	3471.4
0.0	805.5	1760.0	2698.9	3466.4
0.0	957.9	1795.7	2715.2	3448.3
0.0	697.7	1713.9	2659.7	3381.6
0.0	668.4	1716.8	2600.2	3520.4
0.0	739.6	1715.8	2690.0	3592.3
0.0	667.4	1954.4	2826.6	3591.6
0.0	877.3	2013.9	2910.3	3544.4
0.0	685.4	1946.0	2778.1	3525.7
0.0	763.9	1975.1	2840.3	3637.3
0.0	668.2	2179.0	3046.1	3688.9
0.0	726.2	2488.6	3461.8	3479.2
0.0	525.1	2394.8	3219.1	3580.6
0.0	646.3	2267.5	3234.3	3560.2
0.0	623.5	2328.9	3258.5	3554.9
0.0	594.2	2227.3	3183.6	3521.5
0.0	668.3	2243.0	3143.4	3536.2
210.5	715.7	2438.9	3044.4	3581.0
0.0	803.5	2413.8	2939.2	3525.9
0.0	680.9	2000.8	2687.5	3309.0
0.0	744.4	2020.4	2644.1	3287.7
0.0	600.8	1993.8	2604.2	3271.6
0.0	561.3	1940.6	2560.1	3232.1
68.2	389.1	1933.2	2468.0	3171.3
187.5	433.3	1929.0	2284.6	3093.6
249.6	402.4	1868.1	2176.2	3069.9
133.4	341.1	1759.3	2108.0	3095.3
130.2	338.2	1650.1	2067.8	3102.2
126.9	352.8	1524.3	2049.0	3133.2
125.1	332.8	1477.9	2051.3	3157.1
125.5	346.2	1435.4	2044.5	3124.1
125.2	343.0	1399.0	2033.7	3118.1
124.6	433.5	1392.0	2015.3	3173.3
124.2	370.8	1419.0	2008.6	3136.5
126.5	360.9	1514.8	2035.3	3130.2
126.9	412.4	1650.6	2072.6	3104.6
127.6	402.7	1747.6	2169.7	3110.5
128.1	400.7	1800.2	2310.9	3153.7
127.5	421.2	1841.8	2417.9	3187.0
126.6	432.3	1861.9	2462.5	3213.2
127.4	425.5	1878.2	2535.3	3233.9
129.2	420.0	1888.4	2510.5	3193.8
132.6	431.5	1905.4	2534.7	3269.2
134.9	421.5	1924.2	2589.3	3329.5
137.0	421.7	1938.5	2601.8	3337.6
141.4	423.1	1945.2	2602.7	3331.7
143.3	433.4	1936.0	2614.1	3321.3
145.6	447.6	1927.8	2626.2	3330.3
146.5	439.6	1910.9	2632.0	3330.5
147.4	456.2	1878.5	2623.9	3343.0
148.1	407.8	1859.7	2568.9	3464.5
145.6	406.0	1887.2	2545.0	3497.0
145.5	383.3	1952.0	2588.8	3293.8
150.7	411.8	2012.7	2630.9	3293.6
151.1	376.7	2071.4	2718.3	3365.3
151.8	409.1	2103.2	2772.7	3390.5
152.1	383.9	2119.1	2778.4	3457.7
151.9	433.5	2096.9	2746.8	3539.2
152.7	379.6	2095.2	2776.4	3565.5
153.0	442.8	2079.6	2749.5	3537.6
153.5	388.4	2070.9	2732.4	3471.7
151.5	450.1	2053.4	2709.0	3386.5
152.0	400.0	2058.8	2732.0	3429.4
151.0	434.0	2047.5	2678.5	3318.1
151.7	425.2	2020.3	2684.0	3435.7
150.5	468.5	1992.6	2650.6	3393.0
150.6	445.2	1980.8	2661.9	3444.5
149.4	458.6	1966.4	2652.5	3429.7
149.8	438.1	1966.9	2683.5	3477.8
149.4	469.4	1944.1	2686.7	3461.8
150.1	439.7	1929.0	2709.5	3550.8
150.6	477.0	1903.0	2701.8	3500.6
151.5	462.8	1869.8	2700.6	3446.6
151.4	447.2	1787.2	2587.4	3358.2
150.7	412.9	1677.7	2520.6	3467.3
148.1	472.4	1601.8	2503.3	3451.4
145.3	395.9	1649.6	2531.7	3445.8
147.0	428.5	1690.0	2608.5	3470.1
146.4	445.1	1707.9	2648.6	3431.1
147.3	453.4	1709.0	2661.3	3444.6
146.4	442.4	1686.2	2642.6	3378.8
145.4	421.5	1649.8	2643.0	3436.7
143.8	478.5	1584.2	2643.9	3372.5
139.5	531.7	1510.9	2608.7	3308.5
132.3	588.3	1489.0	2541.7	3240.0
67.6	339.1	1467.6	2525.5	3380.4
133.2	396.8	1524.9	2512.9	3460.5
136.8	811.6	1529.2	2383.8	3239.1
137.7	495.1	1398.7	2204.8	2868.4
141.2	480.0	1324.6	2453.0	3170.3
141.2	432.8	1042.7	2320.0	3203.6
142.3	399.0	942.9	2339.7	3186.8
138.9	422.5	847.6	2407.7	3209.0
136.9	456.4	813.8	2350.6	3167.3
134.5	428.0	768.5	2322.5	3194.1
133.6	422.0	748.7	2361.9	3199.3
129.0	414.4	723.8	2459.8	3170.2
125.9	411.4	678.9	2465.4	3094.1
123.9	417.3	691.9	2472.0	3019.6
122.0	386.0	701.5	2488.2	3020.7
121.2	398.4	662.2	2461.6	2977.5
125.0	400.9	651.0	2442.4	2965.2
125.0	452.8	704.6	2411.7	2962.9
132.2	500.7	803.2	2321.0	3011.5
137.0	546.6	838.7	2147.5	3048.5
138.6	556.2	851.4	2042.8	3042.7
139.1	543.5	841.1	2018.1	3034.2
138.4	546.1	845.9	1994.2	3030.7
138.1	540.0	840.2	1969.2	3065.2
138.4	568.4	864.0	1955.9	3110.5
139.4	568.2	907.5	1929.0	3171.6
141.4	600.8	985.9	1873.2	3235.1
142.3	599.0	1044.2	1833.8	3299.9
144.7	542.9	1097.2	1810.6	3203.7
146.7	515.2	1164.3	1791.2	3153.7
149.0	485.6	1216.6	1797.8	3095.7
151.5	496.6	1247.0	1739.8	3016.6
152.4	482.2	1289.6	1768.9	2985.7
152.6	513.3	1295.7	2211.8	3040.8
151.2	559.9	1270.1	2192.2	3008.0
148.2	598.1	1989.4	2789.2	3181.4
147.9	565.7	2039.0	2603.9	3264.0
151.7	591.6	1418.8	2482.4	3384.4
149.4	535.3	1647.7	2414.9	3386.9
148.8	507.4	1756.3	2514.3	3362.5
73.6	505.8	1730.7	2670.5	3426.3
0.0	896.2	1793.2	2663.1	3442.8
74.1	1002.1	1741.5	2668.3	3445.8
545.5	867.6	1755.1	2585.6	3427.1
0.0	850.8	1867.0	2724.2	3562.0
0.0	850.8	1932.6	2847.7	3614.7
0.0	713.6	1800.9	2766.9	3465.3
0.0	707.4	1653.2	2642.8	3509.6
0.0	799.5	1591.7	2642.2	3575.5
461.5	414.0	1573.1	2627.4	3483.0
222.2	392.6	1632.0	2644.3	3494.0
218.2	403.4	1641.3	2616.9	3347.1
74.5	703.5	1737.9	2655.7	3487.1
0.0	682.1	1759.9	2740.1	3245.3
0.0	675.6	1756.5	2717.0	3163.7
0.0	623.4	1820.6	2706.8	3436.4
545.5	599.6	1862.2	2698.0	3484.4
260.9	560.3	1916.1	2700.7	3501.3
0.0	468.9	1914.5	2747.7	3480.5
0.0	460.6	1892.5	2726.8	3354.7
139.7	480.1	1885.3	2716.2	3442.4
124.5	468.5	1890.7	2705.7	3491.5
122.4	474.4	1885.0	2695.0	3523.7
120.5	484.3	1895.6	2654.7	3473.6
118.2	484.4	1917.8	2624.2	3464.4
115.9	468.6	1911.3	2641.3	3527.2
112.9	520.1	1868.3	2703.4	3532.9
110.5	516.1	1950.1	2521.8	3417.0
110.1	556.4	1963.6	2494.3	3406.1
110.2	495.2	1231.7	2526.7	3133.2
113.1	481.6	1075.9	2397.7	2931.9
115.4	481.3	1316.5	2394.0	3172.5
115.0	468.2	1473.3	2411.4	3332.7
112.5	358.4	1695.5	2408.0	3318.1
110.8	318.0	1789.4	2412.3	3307.6
110.6	1286.0	2002.7	2561.1	3603.5
0.0	1138.8	1991.7	2443.9	3671.7
0.0	387.0	1901.9	2411.7	3533.0
0.0	424.2	1839.5	2427.1	3441.6
123.8	420.2	1758.6	2404.1	3395.3
123.7	433.2	1694.9	2424.3	3399.1
123.2	425.4	1689.0	2459.3	3375.8
123.6	421.6	1694.7	2493.5	3350.7
126.8	401.8	1691.3	2519.3	3432.9
129.4	399.2	1697.5	2568.8	3435.1
134.5	413.1	1668.0	2581.9	3365.9
136.0	415.7	1616.0	2552.5	3319.6
137.2	400.4	1582.2	2533.0	3361.4
137.2	376.2	1538.1	2531.5	3393.0
64.9	353.7	1536.4	2531.5	3444.3
138.1	707.9	1688.0	2450.7	3432.3
133.3	953.8	2008.6	2734.1	3502.4
176.2	720.9	1784.3	2772.3	3542.9
181.8	696.1	1695.1	2633.0	3374.4
88.9	796.3	1698.5	2701.1	3456.7
571.4	641.0	1669.3	2661.5	3477.0
214.3	794.7	1700.8	2669.7	3427.8
0.0	826.9	1941.7	2505.1	3436.4
130.4	781.8	1788.4	2468.2	3399.8
0.0	704.1	1806.5	2542.9	3537.3
0.0	699.0	1681.6	2548.7	3517.2
0.0	726.3	1581.0	2474.8	3287.6
0.0	634.0	1538.9	2416.2	3235.4
0.0	536.3	1485.5	2443.8	3260.1
0.0	566.5	1488.0	2484.0	3290.3
132.7	588.1	1420.2	2533.1	3313.5
130.9	600.1	1381.6	2588.8	3324.1
130.6	610.7	1335.3	2651.9	3421.9
128.2	602.0	1249.7	2679.7	3478.3
126.4	601.7	1196.5	2725.4	3428.5
124.4	565.5	1135.6	2729.1	3376.9
121.7	532.7	1088.5	2731.8	3546.2
118.0	437.7	1013.8	2753.3	3631.4
118.1	497.4	1036.4	2756.6	3656.8
119.1	485.7	1062.8	2766.6	3605.4
119.7	543.1	1106.8	2763.8	3557.9
118.9	579.1	1162.3	2717.8	3507.4
117.6	564.4	1170.3	2716.2	3513.0
115.6	540.8	1180.7	2670.4	3444.5
113.7	477.4	1200.8	2634.6	3372.8
111.7	466.0	1260.6	2604.8	3356.0
109.5	450.8	1314.9	2561.7	3254.4
107.1	464.0	1376.6	2538.5	3117.1
104.6	495.9	1491.0	2512.2	3046.4
104.4	553.6	1593.5	2506.3	3153.1
103.6	1222.7	2139.6	2642.6	3268.3
98.4	1336.1	2321.4	2848.0	3280.8
100.8	1530.6	2393.1	2902.1	3456.0
222.2	1462.1	2408.8	2793.5	3439.9
0.0	1520.9	2480.7	2982.5	3351.4
0.0	1680.7	2507.3	3022.7	3475.8
0.0	1285.4	2476.6	2842.9	3232.8
0.0	559.2	1686.0	2610.5	3058.0
0.0	871.7	1739.1	2631.7	3153.1
272.7	814.2	1681.7	2580.7	3288.2
80.5	748.5	1709.0	2559.2	3181.0
0.0	471.8	1655.4	2540.4	3133.2
0.0	424.2	1650.8	2543.4	3105.5
122.4	421.3	1642.0	2495.8	3181.2
120.3	491.9	1615.2	2499.9	3213.2
119.7	486.7	1593.1	2494.1	3192.3
117.2	487.7	1580.4	2493.4	3178.1
114.4	487.6	1548.6	2474.1	3210.4
113.0	483.0	1505.9	2473.6	3179.6
111.5	468.9	1491.3	2451.7	3176.2
111.5	461.0	1444.2	2372.9	3132.2
111.5	435.6	1380.1	2361.8	3189.2
111.0	511.5	1291.8	2305.2	3343.1
146.9	327.0	1408.7	2471.8	3350.1
67.4	925.7	1807.5	2726.7	3495.3
72.3	983.4	1784.0	2720.3	3554.6
0.0	1013.2	1710.0	2651.7	3409.7
70.2	768.8	1724.7	2610.9	3300.0
0.0	704.5	1816.0	2627.9	3476.6
0.0	760.1	1795.5	2598.6	3420.7
0.0	855.0	1782.8	2682.7	3407.8
