0.0	0.0	0.0	0.0	0.0
0.0	0.0	0.0	0.0	0.0
0.0	0.0	0.0	0.0	0.0
0.0	855.7	1797.5	2615.0	3373.5
0.0	714.8	1630.6	2700.8	3386.4
0.0	697.8	1641.3	2743.7	3415.5
0.0	663.9	1642.3	2509.4	3333.9
0.0	780.7	1728.1	2617.0	3335.1
0.0	1156.2	2024.5	2775.2	3454.1
0.0	877.7	1923.5	2643.1	3513.2
0.0	832.7	1900.2	2681.9	3446.9
0.0	772.6	1832.1	2608.6	3312.4
0.0	881.9	1773.5	2595.3	3379.8
0.0	1089.8	2034.4	2658.5	3445.7
0.0	1101.2	2051.6	2700.3	3443.9
0.0	941.6	1855.5	2647.8	3422.1
428.6	508.2	1740.4	2544.4	3362.6
461.5	543.2	1837.8	2524.1	3273.9
0.0	224.6	2150.0	2728.8	3233.5
0.0	379.8	2214.2	2812.6	3397.7
191.6	440.6	2186.6	2683.0	3473.8
150.0	452.3	2074.6	2500.7	3029.2
146.3	473.2	2011.1	2466.6	2949.5
146.3	559.7	1948.8	2512.5	2929.9
144.6	619.9	1883.4	2630.9	3311.0
146.3	616.9	1833.3	2656.3	3314.5
147.9	608.9	1787.9	2684.7	3566.6
149.9	607.0	1787.9	2719.6	3719.0
150.0	589.8	1765.2	2705.2	3169.1
146.3	562.6	1699.3	2622.9	2765.7
142.9	523.6	1628.9	2723.6	3142.1
133.3	473.6	1635.1	2683.6	3458.2
0.0	339.7	1615.3	2624.1	3380.5
64.5	300.5	1626.5	2629.6	3472.1
66.7	314.7	1632.2	2623.1	3451.4
196.7	383.9	1707.0	2604.2	3412.6
0.0	432.7	1878.8	2537.8	3145.9
0.0	429.8	2053.7	2248.9	2887.1
160.0	376.8	2160.0	2634.2	2958.1
0.0	359.0	2201.9	2684.8	2993.0
181.8	366.3	2253.4	2829.5	3096.3
179.1	373.2	2274.8	2553.3	3043.6
187.5	402.2	2312.0	2832.9	3223.7
184.6	438.0	2316.8	2624.7	3034.6
206.9	456.0	2313.6	2871.5	3721.3
222.2	527.0	2273.2	2773.1	3559.6
226.4	480.5	2193.3	2697.8	3516.8
218.2	499.5	2006.7	2596.9	3439.0
240.0	493.9	1768.9	2505.6	3459.1
226.4	450.0	1541.7	2495.9	3438.5
222.2	493.2	1472.8	2494.4	3392.7
213.2	482.5	1465.3	2470.2	3328.9
206.6	478.7	1481.7	2452.4	3287.2
203.4	471.9	1482.9	2486.2	3377.0
203.4	468.1	1480.2	2512.9	3412.8
203.4	456.3	1481.2	2622.0	3475.4
203.4	474.3	1498.0	2730.1	3714.7
200.0	471.4	1480.3	2759.8	3764.0
197.3	454.3	1459.5	2756.1	3753.5
193.5	392.1	1466.6	2756.6	3752.7
190.5	397.2	1469.2	2772.6	3763.8
187.8	452.8	1463.0	2765.8	3746.1
185.2	448.1	1454.0	2725.9	3796.9
181.7	472.2	1475.6	2729.0	3783.4
178.7	518.8	1563.2	2808.3	3852.8
177.3	529.3	1629.3	2804.7	3830.5
176.5	624.0	1667.1	2784.6	3650.9
172.8	659.8	1683.0	2651.0	3016.9
171.4	689.1	1682.1	2634.0	3060.4
169.0	673.2	1672.9	2556.6	3139.4
169.0	684.4	1679.4	2618.1	3336.9
169.0	691.6	1663.2	2668.5	3477.5
166.7	714.2	1658.3	2688.1	3571.0
166.7	719.9	1661.3	2655.3	3402.4
166.7	716.6	1657.5	2685.5	3375.9
166.7	714.3	1642.2	2739.8	3626.8
165.3	653.9	1621.9	2744.1	3709.4
163.9	641.3	1559.4	2701.3	3500.1
161.2	520.1	1579.6	2683.8	3436.0
74.9	536.0	1671.6	2704.9	3632.0
159.7	547.4	1737.6	2696.5	3458.8
153.8	513.1	1822.1	2651.4	3323.7
150.1	472.4	1894.3	2596.0	3322.0
143.3	443.4	1984.5	2521.7	3382.3
137.3	396.3	2038.1	2393.4	3451.8
126.3	330.3	2080.2	2272.4	3527.3
123.7	336.3	1962.4	2212.9	2799.4
123.7	398.6	1789.5	2223.3	3262.6
124.7	396.0	1706.3	2406.0	3495.7
133.7	824.2	1702.7	2649.4	3556.8
184.6	1092.7	1751.3	2704.2	3673.2
0.0	982.0	1831.2	2810.6	3784.3
0.0	886.9	1839.7	2919.3	3849.5
0.0	735.6	1696.7	2812.1	3801.9
0.0	954.4	1674.4	2776.0	3720.4
363.6	516.6	1454.9	2887.2	3601.7
113.2	476.4	1411.1	2650.0	3429.5
0.0	818.8	1720.7	2677.5	3534.5
139.5	676.9	1820.2	2631.6	3544.2
63.5	793.0	1837.9	2716.3	3432.2
0.0	782.1	1844.4	2688.6	3384.1
0.0	878.8	1754.6	2749.1	3475.7
0.0	682.1	1586.9	2699.9	3464.7
0.0	477.1	1297.3	2715.5	3260.7
0.0	431.1	1010.3	2757.5	3355.3
0.0	449.5	952.8	2737.0	3468.0
166.7	447.8	939.4	2754.8	3470.6
162.9	487.5	1059.1	2731.7	3444.6
162.2	519.0	1111.4	2703.2	3394.4
162.2	563.5	1200.9	2691.6	3375.8
166.7	600.4	1240.6	2670.8	3330.9
160.0	586.2	1269.6	2665.2	3317.9
160.0	606.1	1281.3	2650.9	3301.2
160.0	574.7	1292.7	2641.9	3309.9
160.0	569.0	1313.2	2599.7	3325.3
160.0	562.3	1376.3	2567.4	3344.3
160.0	508.7	1433.1	2541.2	3346.0
160.0	471.0	1469.2	2520.1	3346.6
157.9	432.2	1531.0	2485.6	3335.8
157.9	400.6	1564.7	2535.3	3323.9
157.7	378.7	1567.5	2570.7	3322.6
151.9	351.2	1644.0	2518.6	3294.8
152.0	346.6	1798.6	2481.3	3264.6
147.3	349.0	1800.4	2444.2	3226.0
146.0	389.7	1884.2	2512.5	3285.6
139.5	406.7	1900.1	2701.5	3346.8
137.5	406.3	1883.9	2611.8	3370.7
131.9	373.4	1844.0	2585.6	3330.4
136.4	599.4	1814.1	2678.4	3310.0
139.5	498.9	1820.1	2671.8	3379.1
137.9	431.0	1858.4	2707.8	3488.4
137.9	424.5	1846.6	2633.7	3491.1
134.8	414.6	1873.7	2604.8	3455.3
129.0	392.6	1870.5	2616.3	3434.2
125.8	499.5	1821.9	2633.5	3503.6
122.4	526.6	1771.8	2639.0	3595.7
121.9	555.2	1744.3	2631.3	3610.8
120.2	605.1	1692.6	2602.7	3645.6
118.8	541.7	1609.9	2551.4	3602.0
116.6	293.4	1542.3	2546.7	3330.6
115.4	246.5	1562.9	2545.0	3241.4
116.8	246.0	1589.7	2523.9	3343.1
116.1	248.1	1591.8	2522.1	3476.4
114.4	270.8	1559.3	2525.1	3440.6
111.7	290.9	1556.1	2562.6	3528.7
111.1	448.9	1694.5	2567.2	3605.3
0.0	472.4	1725.0	2555.8	3618.4
119.3	476.6	1708.4	2585.7	3562.4
115.9	477.5	1708.3	2615.5	3586.7
114.3	500.7	1698.9	2614.7	3626.0
113.9	465.4	1670.9	2592.7	3622.4
114.5	470.8	1628.7	2568.4	3562.9
113.4	542.3	1557.8	2504.7	3470.5
69.4	298.4	1518.4	2557.3	3385.6
230.0	265.7	1509.1	2578.8	3318.0
111.1	274.3	1488.4	2588.7	3321.8
119.7	254.4	1465.6	2428.6	2735.0
117.6	284.3	1426.5	2498.7	2779.9
117.6	238.7	1404.6	2524.9	2946.8
244.9	592.8	1407.0	2611.8	3534.1
245.3	707.3	1455.2	2747.6	3573.4
248.5	719.0	1450.5	2719.2	3511.5
121.1	717.8	1423.9	2762.0	3567.8
119.3	730.7	1415.8	2703.7	3416.5
119.7	762.8	1403.4	2683.0	3246.8
118.3	773.5	1374.2	2562.4	2992.5
115.7	761.5	1362.7	2673.2	3029.6
112.9	749.5	1353.2	2661.6	3044.1
106.2	756.7	1345.7	2598.5	3037.9
0.0	737.4	1328.7	2526.7	3261.8
89.7	704.3	1292.0	2601.7	3303.3
76.8	643.2	1258.4	2337.9	3220.4
74.1	638.8	1222.2	2440.4	3227.3
74.1	268.6	1229.1	2432.8	3228.7
188.5	277.5	1277.0	2395.3	3224.6
96.8	230.6	1300.4	2350.2	3223.1
107.1	242.5	1330.0	2331.9	3208.3
116.5	253.3	1320.8	2345.1	3182.2
122.4	252.6	1340.8	2341.0	3133.7
124.0	254.8	1337.8	2293.4	3128.3
123.7	244.5	1421.8	2311.7	3134.5
0.0	558.6	1721.8	2403.7	3315.3
264.3	599.0	1888.2	2438.3	3390.0
125.0	568.3	1971.9	2490.3	3422.6
122.2	536.9	2034.0	2520.4	3494.0
122.3	575.4	2078.4	2587.3	3566.0
122.4	498.4	2121.6	2636.8	3564.7
122.6	456.7	2173.4	2621.3	3576.0
122.4	431.1	2194.7	2664.5	3582.0
121.8	388.9	2211.8	2717.2	3579.3
120.7	239.3	2240.5	2695.5	3576.5
118.7	232.6	2246.9	2679.1	3575.2
118.3	264.2	2251.4	2645.0	3557.3
117.6	257.3	2217.7	2569.2	3571.6
116.0	235.9	2064.1	2475.2	3682.0
114.8	228.9	1364.2	2413.6	3560.3
111.8	277.2	1275.8	2423.5	3481.5
111.1	290.6	1373.6	2472.5	3542.7
222.6	293.7	1402.7	2506.0	3470.0
110.9	319.9	1155.5	2405.4	3180.7
222.5	351.0	1146.4	2288.5	3174.6
217.7	360.9	1164.5	2235.3	3223.2
105.6	360.5	1146.0	2242.5	3239.5
210.6	656.2	1203.6	2298.5	3271.5
208.8	638.9	1291.3	2388.5	3227.6
104.6	660.0	1313.9	2533.2	3229.6
100.4	680.5	1281.7	2571.5	3268.2
98.8	686.6	1260.2	2635.1	3306.0
96.7	686.9	1242.4	2673.2	3328.2
94.9	700.0	1236.7	2682.5	3341.4
93.5	692.6	1256.3	2694.0	3352.7
92.3	704.3	1324.2	2694.1	3381.5
90.8	711.4	1346.2	2678.6	3388.9
89.8	715.9	1360.6	2659.7	3419.2
81.7	708.9	1417.3	2634.3	3442.4
81.4	693.4	1457.8	2613.0	3416.4
72.1	678.4	1501.1	2577.4	3382.3
0.0	638.8	1554.7	2531.0	3285.9
0.0	608.6	1610.2	2468.4	3175.9
0.0	593.2	1645.7	2402.9	3314.7
0.0	493.0	1664.4	2412.9	3476.9
0.0	437.1	1680.1	2658.2	3480.4
296.4	1024.6	1687.5	2745.9	3511.6
66.6	794.1	1665.8	2652.7	3505.2
0.0	882.6	1702.5	2605.3	3508.1
0.0	934.2	1694.8	2531.9	3447.4
0.0	727.1	1756.3	2531.0	3450.9
0.0	1052.9	1962.5	2805.1	3853.8
181.8	1133.7	2009.5	2901.5	4038.3
130.4	1030.3	1898.6	2875.8	3798.8
375.0	1127.2	2068.0	2942.1	3809.6
545.5	839.0	1999.3	2903.1	3767.5
0.0	876.4	1819.5	2848.6	3735.1
200.0	869.0	1917.2	2844.2	3725.1
0.0	945.8	1957.5	2869.6	3659.3
0.0	767.2	1902.6	2860.9	3615.5
0.0	886.3	1872.8	2766.4	3590.7
500.0	660.8	1674.5	2747.6	3541.6
0.0	789.7	1733.1	2731.8	3517.6
206.9	741.2	1833.7	2755.0	3573.2
76.9	710.7	1925.6	2781.7	3507.2
0.0	696.2	1942.6	2804.1	3449.5
0.0	854.1	1839.9	2708.9	3478.1
206.9	850.4	1831.3	2726.6	3504.5
210.5	859.8	1916.1	2756.1	3504.5
387.1	549.6	1797.3	2686.0	3433.6
0.0	723.3	1765.2	2643.7	3351.7
256.2	815.4	1665.8	2647.8	3348.3
168.0	834.1	1667.9	2580.1	3244.6
0.0	766.6	1709.8	2426.4	3233.4
324.3	764.1	1819.1	2425.7	3285.3
0.0	663.5	1720.0	2442.9	3326.9
0.0	672.8	1629.4	2511.3	3407.8
206.9	752.3	1617.1	2564.1	3448.5
74.1	739.8	1513.0	2528.6	3411.2
