0.0	0.0	0.0	0.0	0.0
0.0	0.0	0.0	0.0	0.0
0.0	0.0	0.0	0.0	0.0
0.0	624.9	1642.8	2527.2	3555.9
0.0	651.4	1591.4	2498.0	3407.7
428.6	859.9	1551.3	2437.8	3376.7
0.0	863.8	1612.0	2510.4	3424.5
0.0	922.2	1673.9	2647.6	3461.0
0.0	654.9	1773.0	2552.3	3343.6
0.0	895.9	1808.7	2619.7	3449.6
0.0	895.2	1745.5	2652.5	3476.5
0.0	627.0	1678.1	2637.7	3452.1
0.0	897.2	1895.4	2726.5	3454.9
0.0	800.7	1863.9	2655.2	3404.6
0.0	785.0	1776.2	2639.1	3335.9
113.2	949.3	1858.1	2861.4	3475.9
0.0	1038.0	1951.6	2866.0	3504.6
0.0	1067.2	2101.8	2963.9	3607.5
0.0	1022.4	1837.9	2884.4	3598.7
0.0	726.2	1727.3	2718.5	3492.0
0.0	723.6	1775.5	2769.2	3588.7
0.0	468.5	1755.7	2524.2	3657.1
0.0	457.8	1703.2	2501.5	3695.6
0.0	477.6	1618.6	2580.2	3673.2
147.7	484.4	1591.0	2630.3	3593.8
144.3	524.7	1588.5	2653.1	3673.5
140.3	521.6	1565.9	2666.0	3662.3
140.6	512.9	1531.3	2661.8	3715.7
140.1	460.9	1545.5	2684.8	3714.1
140.1	453.3	1535.3	2687.7	3766.0
141.2	458.4	1562.3	2723.1	3860.3
139.9	454.9	1602.8	2760.0	3960.9
138.4	413.7	1687.5	2868.1	4566.1
136.4	347.1	1877.6	3043.0	4879.1
66.7	455.6	1887.0	3052.8	4607.4
125.0	702.1	1875.4	3022.9	4735.2
130.4	763.6	1982.9	3107.1	4763.2
130.4	937.0	2053.6	3171.5	4758.3
65.2	932.4	1885.8	2996.5	4673.1
545.5	968.5	1832.7	2985.2	4705.7
121.2	849.3	1779.6	2845.8	4249.5
0.0	503.0	1570.0	2632.5	3744.1
0.0	407.3	1616.4	2595.1	3835.5
173.9	400.2	1634.7	2581.6	3900.8
163.0	425.3	1623.5	2579.1	3893.6
165.1	444.6	1613.2	2619.1	3869.7
166.7	481.6	1625.1	2633.0	3860.0
169.0	481.4	1580.5	2667.4	3893.6
164.8	492.9	1554.5	2658.1	3894.7
162.2	631.2	1665.5	2710.0	3946.1
157.9	766.9	1788.9	2928.5	3915.4
151.9	867.0	1903.5	3160.5	3937.4
0.0	759.4	1860.0	3226.1	3778.0
210.5	789.3	1759.2	2965.4	3660.9
0.0	635.1	1667.0	2744.9	3546.5
90.2	730.1	1550.0	2594.3	3453.6
85.7	968.6	1769.6	2715.0	3517.1
0.0	959.2	1781.9	2639.6	3510.9
0.0	935.3	1700.4	2551.6	3452.9
0.0	781.1	1617.4	2673.1	3471.7
0.0	606.0	1287.5	2539.3	3415.7
0.0	300.6	1292.5	2460.0	3395.5
0.0	306.0	1106.2	2451.6	3329.7
161.1	322.9	1105.6	2467.2	3343.8
147.7	584.2	1165.7	2638.9	3443.0
154.6	633.4	1169.5	2660.6	3480.2
148.1	640.2	1152.1	2679.9	3491.2
142.9	658.8	1158.5	2720.2	3503.8
142.9	668.5	1149.8	2728.7	3573.3
142.9	671.6	1168.8	2725.5	3576.1
144.6	680.7	1159.4	2709.4	3559.3
146.3	704.1	1183.0	2723.3	3586.4
146.3	717.6	1186.0	2725.5	3587.0
146.3	724.3	1188.2	2734.9	3617.4
148.1	734.8	1204.2	2742.0	3622.4
148.1	708.7	1210.0	2738.3	3664.0
148.1	702.7	1234.0	2724.4	3665.8
148.1	684.6	1253.6	2724.9	3682.8
146.7	644.6	1290.7	2732.5	3711.0
146.3	617.0	1280.5	2746.7	3790.5
144.6	601.7	1270.1	2729.8	3802.0
139.5	553.7	1255.9	2691.6	3740.7
136.4	438.9	1297.5	2650.8	3679.8
64.5	493.8	1389.5	2700.4	3603.1
133.3	536.5	1400.6	2725.6	3698.8
133.3	516.3	1487.0	2719.8	3699.1
130.4	495.0	1554.7	2715.2	3454.4
126.3	475.4	1601.7	2691.3	3354.9
122.4	454.3	1624.3	2598.4	3271.3
116.9	447.2	1667.0	2006.3	3209.7
114.3	452.1	1706.7	2006.6	3221.1
112.2	495.6	1740.0	2016.0	3241.6
111.6	500.1	1798.1	2001.0	3273.8
110.9	468.2	1889.6	2191.2	3298.6
109.2	543.0	1924.6	2476.7	3345.2
108.2	437.0	1934.5	2768.3	3385.5
107.0	423.6	1905.8	2829.6	3406.0
106.0	400.0	1892.6	2886.2	3432.1
104.6	378.5	1925.2	2905.3	3454.9
103.4	413.2	1953.4	2921.0	3492.0
103.4	415.0	1956.8	2909.2	3509.2
102.8	392.6	1953.0	2884.9	3500.6
101.4	317.0	1974.9	2833.0	3502.4
98.9	331.4	1988.2	2781.4	3517.1
97.4	413.1	1986.9	2714.7	3511.2
96.4	399.9	1987.3	2655.1	3487.4
95.2	389.9	1991.5	2588.0	3465.2
94.1	371.9	1976.8	2518.9	3435.4
92.6	356.0	2020.4	2447.5	3460.3
86.8	371.3	2008.2	2394.4	3434.2
85.8	374.5	1967.6	2349.6	3386.5
80.2	355.7	1942.2	2314.1	3417.5
69.7	369.4	1897.4	2289.2	3389.9
69.1	386.2	1845.7	2257.9	3376.1
0.0	368.4	1807.7	2239.6	3397.9
0.0	410.4	1744.3	2223.7	3396.5
0.0	419.0	1695.1	2228.8	3300.8
0.0	455.5	1622.6	2220.4	3284.2
0.0	469.1	1558.4	2254.5	3303.4
67.8	514.0	1506.7	2296.4	3301.8
67.3	667.3	1484.1	2326.1	3295.4
129.1	728.6	1435.6	2335.2	3289.1
110.0	771.4	1515.0	2476.8	3381.8
89.4	1038.9	1550.5	2613.2	3395.4
88.9	1028.3	1497.0	2509.7	3314.9
0.0	749.8	1590.2	2507.1	3295.8
292.7	816.5	1594.5	2576.0	3450.7
0.0	590.9	1438.8	2475.9	3334.1
226.4	866.3	1543.7	2536.5	3409.6
0.0	767.4	1592.1	2517.1	3426.1
0.0	743.6	1505.1	2453.8	3435.6
0.0	832.4	1598.8	2557.5	3437.4
102.6	818.0	1688.5	2613.2	3476.6
0.0	795.1	1633.6	2515.5	3423.8
