0.0	0.0	0.0	0.0	0.0
0.0	0.0	0.0	0.0	0.0
0.0	0.0	0.0	0.0	0.0
0.0	579.3	1502.5	2381.9	3454.9
0.0	570.1	1621.8	2588.2	3404.1
0.0	707.1	1717.7	2722.0	3436.2
0.0	748.5	1694.6	2696.2	3485.0
0.0	781.9	1664.3	2572.0	3477.4
0.0	740.0	1732.4	2567.3	3456.4
0.0	809.8	1822.4	2622.4	3417.5
0.0	987.5	1867.4	2739.6	3551.3
0.0	524.0	1566.7	2451.3	3439.1
0.0	564.7	1501.4	2364.0	3308.9
0.0	728.5	1629.9	2492.7	3314.6
0.0	645.2	1561.0	2490.2	3417.0
0.0	504.7	1580.0	2576.5	3617.3
461.5	528.9	1523.4	2642.7	3857.4
0.0	533.2	1458.3	2641.9	3507.3
0.0	565.6	1392.1	2663.2	3482.9
0.0	571.4	1298.7	2709.3	3864.5
79.3	564.4	1169.6	2722.0	3313.8
0.0	575.3	1105.6	2774.3	3623.4
90.7	568.5	1053.8	2823.9	3615.3
93.6	546.5	1013.4	2815.7	3539.7
92.0	463.2	1009.7	2798.2	3631.6
90.7	378.6	1060.8	2714.5	3534.6
85.5	207.8	1183.6	2583.2	3478.4
83.6	282.2	1434.0	2484.7	3365.6
72.7	895.5	1794.8	2459.7	3341.9
0.0	783.5	1861.0	2603.0	3275.4
0.0	772.2	1724.4	2523.3	3309.9
0.0	798.5	1732.0	2576.0	3363.2
0.0	488.8	1756.9	2717.2	3595.4
0.0	795.6	1777.4	2781.4	3793.9
0.0	679.5	1692.5	2744.5	3860.7
0.0	677.6	1759.2	2746.7	3836.9
88.9	711.8	1727.7	2710.1	3752.8
116.5	751.8	1601.7	2698.0	3721.1
0.0	779.8	1520.5	2678.7	3663.9
0.0	642.1	1452.6	2676.7	3605.2
0.0	565.9	1359.2	2670.3	3646.2
0.0	569.4	1292.4	2657.1	3618.5
120.4	558.1	1219.6	2651.1	3391.6
120.7	554.7	1187.5	2647.8	3250.3
111.0	555.6	1130.9	2633.9	3307.1
114.3	555.2	1142.2	2623.4	3342.8
114.6	553.0	1175.7	2604.9	3392.4
116.0	535.2	1206.9	2565.6	3347.7
116.8	519.3	1272.0	2518.7	3345.7
117.2	498.9	1339.9	2485.5	3329.2
116.0	475.3	1459.5	2443.2	3325.0
115.3	444.2	1593.9	2436.0	3325.0
114.4	416.8	1731.2	2463.6	3346.1
114.3	316.6	1841.1	2488.2	3352.2
115.0	314.1	1913.0	2529.5	3362.3
113.9	359.3	1961.0	2548.2	3349.4
110.4	388.7	2007.4	2543.5	3365.1
107.5	313.1	2023.6	2503.1	3375.2
105.5	300.4	2025.8	2487.6	3413.0
102.4	287.1	2028.9	2490.2	3384.7
99.4	276.1	2020.1	2428.2	3360.8
96.6	279.6	1993.3	2400.5	3344.1
95.3	299.9	1941.7	2283.7	3355.6
94.9	311.9	1881.3	2229.3	3338.1
94.2	337.6	1815.6	2196.1	3291.6
93.1	380.7	1732.8	2160.8	3281.1
92.0	411.5	1634.4	2169.2	3289.4
91.1	386.6	1493.5	2141.0	3324.5
90.9	360.3	1363.5	2146.0	3314.3
89.8	355.9	1195.4	2143.1	3311.5
89.4	353.5	1034.7	2159.5	3273.2
88.4	339.6	887.2	2177.3	3261.5
86.6	326.7	834.1	2196.9	3285.5
84.0	405.0	1017.4	2218.2	3255.9
85.1	451.5	752.9	2237.5	3154.1
87.0	487.1	834.8	2280.5	3099.2
90.4	662.2	1461.0	2354.0	3118.7
89.9	668.6	1523.7	2370.4	3145.6
90.1	370.0	707.5	2307.2	3063.1
91.3	409.9	782.6	2297.2	3066.3
90.2	432.6	848.7	2255.6	3049.4
91.7	448.7	922.7	2202.3	2994.4
91.5	456.6	1018.0	2179.8	2997.5
90.1	480.3	1106.2	2181.6	3027.2
89.3	508.8	1211.7	2203.3	3187.7
89.1	503.8	1296.2	2278.1	3268.3
88.3	480.2	1357.7	2404.1	3125.4
83.6	476.6	1386.0	2524.5	3217.8
80.2	1084.2	1805.4	2592.4	3533.5
72.5	705.9	1754.7	2607.5	3441.6
88.9	1063.7	1908.7	2627.4	3441.9
0.0	811.3	1797.1	2645.0	3397.9
0.0	886.8	1838.9	2656.2	3482.4
0.0	920.9	1871.9	2633.5	3527.2
0.0	674.7	1794.4	2634.7	3470.7
0.0	769.7	1642.3	2681.3	3561.3
0.0	746.1	1784.5	2784.2	3633.3
0.0	863.2	1965.4	2932.6	3655.4
0.0	489.6	1690.4	2964.2	3718.8
176.5	1058.0	1727.7	2924.8	3679.2
102.6	1057.3	1697.1	2802.4	3628.7
90.9	1029.1	1680.3	2746.9	3576.0
0.0	577.1	1616.9	2558.4	3430.4
0.0	615.2	1560.2	2595.2	3426.5
0.0	871.2	1629.5	2668.3	3387.6
0.0	877.2	1771.0	2677.8	3390.5
0.0	848.8	1803.4	2670.5	3510.4
0.0	798.4	1657.5	2604.3	3394.2
0.0	932.6	1591.3	2507.8	3431.7
172.9	715.7	1592.4	2368.7	3504.0
218.2	610.8	1579.1	2492.0	3516.3
423.1	832.4	1514.8	2362.9	3413.4
210.5	1165.3	1452.7	2329.2	3393.4
0.0	429.2	1459.7	2279.1	3344.6
0.0	458.7	1226.0	2125.5	3170.8
0.0	451.6	1147.1	2056.0	3138.0
128.8	442.2	1097.6	2016.6	3138.7
113.8	451.0	1084.4	1983.2	3076.4
109.7	554.3	1121.0	2058.0	3120.7
100.7	352.0	1654.2	2583.8	3443.4
102.6	580.2	1688.9	2568.8	3472.2
67.4	848.5	1741.1	2497.9	3478.1
0.0	796.6	1630.3	2496.9	3392.5
0.0	838.1	1755.2	2601.1	3373.0
0.0	1227.8	1689.5	2539.7	3386.0
0.0	567.5	1529.2	2249.7	3474.5
0.0	599.5	1564.5	2470.0	3477.6
76.0	573.8	1525.1	2347.8	3321.2
0.0	628.4	1476.4	2121.5	3263.7
0.0	614.4	1445.6	2106.8	3207.7
130.3	589.7	1421.2	2159.6	3179.1
97.6	583.9	1387.2	2180.9	3121.7
84.6	573.8	1318.2	2207.1	3135.4
83.5	586.7	1313.5	2230.2	3236.6
80.9	549.0	1329.5	2222.2	3258.2
82.1	568.4	1324.0	2202.1	3277.1
81.7	564.9	1339.8	2297.3	3260.6
81.2	551.6	1356.3	2274.4	3370.3
80.6	556.9	1339.9	2265.9	3381.8
80.4	561.8	1324.6	2268.7	3144.8
79.6	556.9	1378.3	2233.6	2997.0
80.2	617.5	1464.7	2258.2	3134.1
84.5	616.0	1506.5	2209.0	3044.6
85.7	708.4	1597.2	2225.8	2964.7
85.7	672.8	1414.7	2201.7	2988.3
82.2	653.7	1360.8	2207.2	3107.6
79.5	703.0	1468.5	2356.2	3320.6
0.0	688.9	1509.1	2392.1	3489.9
0.0	671.8	1666.3	2379.1	3540.1
0.0	696.9	1520.0	2351.0	3357.5
0.0	860.3	1644.3	2413.6	3326.2
0.0	677.7	1679.2	2448.8	3445.1
