0.0	0.0	0.0	0.0	0.0
0.0	0.0	0.0	0.0	0.0
0.0	0.0	0.0	0.0	0.0
0.0	844.5	1656.1	2525.2	3459.6
0.0	889.8	1616.0	2548.4	3413.7
0.0	951.1	1839.2	2624.3	3370.4
0.0	857.0	1829.2	2583.4	3351.5
0.0	826.2	1789.3	2635.3	3365.8
0.0	653.7	1769.0	2703.9	3409.9
0.0	790.5	1697.4	2653.7	3461.0
0.0	807.3	1642.9	2514.0	3469.5
0.0	803.2	1548.0	2489.3	3428.3
0.0	769.6	1397.2	2460.3	3302.9
0.0	756.7	1126.8	2464.0	3207.8
0.0	753.6	1112.6	2373.5	3207.5
0.0	654.6	1173.9	2429.7	3338.9
130.4	602.1	1123.7	2495.9	3318.0
0.0	549.0	1031.4	2607.6	3395.2
0.0	520.3	1010.6	2654.0	3423.2
0.0	493.3	1033.0	2593.8	3320.1
0.0	452.3	1003.6	2600.8	3413.5
0.0	421.9	1078.9	2574.3	3467.3
92.2	447.8	1187.1	2555.8	3416.6
96.4	476.9	1273.9	2570.0	3516.0
97.5	503.1	1360.5	2563.3	3516.0
99.1	503.3	1451.4	2497.8	3467.7
101.4	505.1	1498.7	2384.3	3366.9
102.2	502.2	1493.9	2236.8	3343.5
102.3	504.1	1447.6	2066.8	3353.5
102.7	505.7	1418.7	1939.1	3392.8
103.7	508.1	1360.9	1781.1	3391.3
104.5	511.3	1350.5	1739.1	3419.1
105.4	510.1	1337.0	1699.7	3417.2
105.9	514.5	1290.2	1665.9	3392.9
105.9	507.9	1240.3	1630.8	3396.8
104.9	521.6	1226.5	1635.7	3434.0
103.8	515.1	1207.0	1630.7	3438.4
102.1	515.6	1194.3	1622.0	3412.5
100.8	521.6	1191.3	1633.4	3420.3
100.6	528.5	1183.2	1620.9	3415.6
99.9	539.9	1182.4	1641.1	3352.8
98.8	553.1	1175.4	1672.7	3322.0
99.1	573.0	1178.3	1701.2	3342.8
98.9	573.8	1175.6	1744.1	3335.5
99.3	572.4	1166.0	1806.2	3346.0
100.5	566.2	1151.2	1885.8	3350.4
102.6	572.8	1154.0	1950.4	3286.0
104.8	589.1	1172.6	2200.7	3288.0
107.6	553.1	1176.0	2449.9	3384.6
109.3	527.9	1202.8	2613.8	3382.1
110.9	478.3	1225.0	2622.8	3432.9
111.3	393.4	1246.7	2592.6	3583.8
111.4	435.4	1286.3	2589.6	3632.0
113.0	436.7	1342.0	2585.9	3555.5
115.2	469.3	1377.2	2474.4	3415.5
116.1	470.3	1422.1	2339.4	3329.9
116.2	446.7	1431.0	2206.9	3259.9
115.4	456.8	1434.6	2066.3	3222.7
114.3	431.2	1448.3	2074.4	3092.5
112.4	431.6	1466.8	2276.3	3084.8
111.6	436.3	1472.6	2382.0	3248.4
110.5	436.0	1456.9	2512.3	3511.9
104.1	652.8	1600.8	2562.0	3442.2
99.2	750.3	1693.1	2586.4	3359.8
480.0	627.7	1539.8	2529.0	3397.8
85.7	547.3	1560.6	2531.8	3459.4
375.0	846.9	1773.7	2622.8	3530.9
0.0	853.4	1763.5	2590.3	3714.2
0.0	814.5	1612.2	2591.9	3708.4
0.0	714.5	1584.7	2596.7	3775.2
0.0	683.2	1611.9	2565.1	3746.4
0.0	537.7	1607.3	2505.5	3725.3
0.0	540.7	1655.6	2483.7	3733.7
116.0	531.7	1713.0	2413.3	3683.0
111.7	522.2	1785.9	2349.9	3540.6
109.7	543.1	1819.1	2273.7	3505.6
108.9	521.8	1835.0	2268.4	3410.4
109.1	500.8	1803.9	2292.4	3291.5
106.9	484.7	1495.2	2305.1	3139.0
106.1	475.3	1373.8	2351.5	3166.4
105.3	470.6	1237.5	2359.5	3180.1
104.3	484.3	1237.0	2363.9	3266.4
203.4	482.5	1282.9	2405.2	3246.8
196.7	461.0	1227.8	2349.0	3025.9
97.6	474.3	1204.5	2319.3	3040.2
96.0	472.8	1350.2	2350.2	3523.0
93.3	478.3	1490.0	2370.1	3707.5
90.9	511.0	1572.8	2494.7	3659.0
87.0	506.1	1646.5	2847.3	3666.2
82.8	633.6	1698.1	2945.2	3693.8
0.0	709.2	1755.7	2806.2	3717.9
0.0	653.3	1725.1	2736.8	3744.5
375.0	841.9	1960.0	2744.0	3665.3
0.0	910.3	2259.9	2986.8	3716.6
87.6	1105.0	2262.4	3089.8	3775.7
86.3	965.6	2081.5	3068.6	3687.8
89.6	1140.2	2357.9	3253.3	3744.6
400.0	968.1	2177.1	3078.8	3699.7
500.0	835.0	2350.0	3148.3	3681.6
0.0	813.4	2316.5	3043.3	3598.4
0.0	742.4	1940.6	2707.7	3554.1
0.0	711.2	1676.6	2615.9	3493.3
0.0	426.9	1659.9	2684.4	3404.9
0.0	376.5	1631.9	2622.9	3141.6
0.0	421.6	1574.5	2536.4	3169.0
97.6	354.4	1565.3	2491.8	3234.2
88.9	338.6	1590.3	2510.8	3329.9
184.4	286.1	1599.9	2507.2	3301.5
90.5	250.7	1611.8	2493.6	3341.0
90.3	236.0	1623.1	2500.6	3377.3
88.2	250.0	1615.9	2494.2	3344.6
85.1	241.0	1577.0	2496.6	3368.0
81.6	354.5	1493.5	2597.1	3226.5
81.6	553.5	1614.5	2775.9	3311.7
0.0	465.7	1696.8	2660.7	3321.6
0.0	327.6	1687.6	2492.3	3312.2
0.0	312.2	1715.5	2405.2	3192.7
102.8	315.3	1715.1	2337.7	3128.7
104.6	338.4	1712.6	2306.7	3114.1
106.0	334.9	1714.5	2273.5	3104.7
107.3	323.7	1702.5	2217.1	3101.4
107.6	319.5	1675.7	2172.3	3088.3
108.0	341.5	1646.0	2128.3	3106.0
108.5	323.1	1573.2	2103.6	3120.6
109.1	349.8	1512.9	2116.1	3141.3
108.9	338.7	1480.3	2097.5	3120.4
107.5	360.8	1465.3	2083.3	3101.2
105.8	338.8	1421.9	2070.0	3114.5
104.2	341.6	1358.8	2069.2	3134.6
102.9	361.4	1291.7	2079.0	3177.3
101.5	405.4	1200.2	2108.3	3187.6
99.7	448.1	1119.3	2074.7	3174.9
98.9	438.8	1063.9	2078.3	3214.7
97.1	427.1	1019.4	2072.9	3208.5
96.0	416.7	978.8	2090.2	3174.7
94.1	388.0	1018.0	2172.4	3140.3
92.6	376.9	1056.2	2078.3	3053.6
90.3	370.1	985.3	2024.5	2998.2
89.2	360.6	951.5	2001.0	2913.8
87.6	356.0	909.9	1949.4	2910.2
85.9	361.6	885.9	2019.9	2981.0
87.0	365.3	871.4	2096.8	2980.5
86.3	373.3	882.6	1952.8	2982.4
87.2	380.4	917.9	1765.1	2901.7
86.9	398.8	1000.8	1584.1	3017.3
86.8	445.9	1101.4	1573.5	2998.3
88.2	477.7	1154.5	1622.0	2951.2
89.8	496.9	1193.1	1700.3	2975.8
87.7	551.0	1220.4	1852.4	3008.8
86.7	588.9	1228.2	1951.5	3083.1
85.9	606.1	1272.6	2023.4	3170.2
84.7	599.0	1329.0	2087.8	3259.5
84.7	578.8	1387.8	2100.6	3299.1
83.8	563.0	1451.9	2161.1	3172.8
82.2	543.6	1533.5	2223.1	3114.7
82.3	526.9	1609.6	2312.6	3109.4
83.5	521.7	1702.7	2390.8	3152.7
83.3	491.4	1774.7	2429.0	3225.7
79.9	466.3	1792.2	2525.4	3145.9
76.7	476.3	1787.0	2486.0	3160.9
74.0	550.7	1586.7	2366.5	3189.1
67.0	572.2	1625.0	2378.2	3163.6
160.0	570.6	1769.4	2386.3	3230.1
74.1	399.5	1420.3	2356.1	3056.1
0.0	386.0	1400.8	2351.9	3094.6
208.1	534.5	1445.7	2376.9	3134.9
206.4	509.5	1324.7	2357.0	3041.0
0.0	459.9	1360.5	2328.6	3038.4
82.2	438.9	1356.2	2372.5	2992.4
83.8	476.8	1333.1	2359.1	2951.7
84.5	514.6	1399.7	2324.5	2978.8
89.0	584.5	1512.7	2413.7	3078.6
92.3	582.8	1559.9	2431.0	3265.5
92.3	581.2	1538.1	2395.9	3365.8
93.0	604.7	1485.0	2325.8	3276.2
95.5	639.7	1455.6	2248.5	3305.8
99.6	653.6	1433.7	2254.6	3341.2
98.4	667.7	1439.6	2273.5	3366.7
102.3	666.5	1440.8	2245.2	3374.7
98.9	648.1	1394.4	2219.0	3312.9
97.3	649.4	1405.5	2205.2	3295.4
95.6	699.9	1417.4	2247.5	3322.5
94.8	674.4	1377.2	2219.9	3316.1
92.8	670.2	1363.7	2194.6	3279.0
91.5	658.5	1325.6	2180.3	3243.8
90.1	657.0	1276.9	2139.4	3248.6
88.7	686.9	1235.0	2174.4	3259.4
86.2	688.9	1243.6	2066.3	3262.1
84.9	742.0	1244.7	2133.2	3266.0
83.6	774.2	1207.7	2096.2	3275.7
80.6	673.7	1167.6	2222.0	3264.1
80.0	698.2	1156.4	2171.5	3195.9
80.9	721.5	1117.2	2146.6	3195.1
76.1	712.3	1073.2	2155.1	3169.1
75.7	668.3	1024.7	2166.0	3127.2
76.2	665.1	975.0	2154.8	3092.4
76.7	680.7	919.2	2247.0	3095.4
78.6	596.9	864.1	2318.3	3107.6
78.4	559.0	828.3	2307.5	3140.6
77.4	646.2	1800.2	2391.8	3319.5
77.5	632.9	1472.4	2351.5	3243.6
72.6	603.2	1196.6	2402.0	3229.2
78.1	596.8	1239.1	2457.6	3265.7
80.0	611.8	1492.7	2421.8	3256.6
78.9	600.3	1568.9	2350.0	3246.9
75.0	719.1	1333.2	2422.3	3098.9
85.5	752.8	1211.8	2389.6	3174.1
88.2	839.5	1543.4	2550.8	3300.1
84.5	832.8	1471.4	2475.9	3269.8
0.0	846.4	1403.4	2465.9	3221.7
0.0	848.9	1500.3	2577.2	3350.4
0.0	897.5	1543.2	2579.4	3455.9
