0.0	0.0	0.0	0.0	0.0
0.0	0.0	0.0	0.0	0.0
0.0	0.0	0.0	0.0	0.0
0.0	887.1	1642.2	2431.4	3508.0
0.0	877.6	1772.3	2358.9	3410.0
214.3	821.3	1813.1	2269.1	3341.7
0.0	767.1	1827.8	2320.6	3350.9
124.6	902.5	1804.7	2298.7	3492.9
413.8	869.0	1801.3	2429.1	3351.0
122.4	873.0	1719.0	2431.2	3415.1
126.4	848.5	1574.7	2318.9	3456.6
200.8	799.9	1564.6	2359.6	3408.8
200.0	861.3	1586.4	2375.4	3489.8
132.0	796.7	1716.4	2350.9	3519.2
129.3	748.0	1768.3	2628.4	3492.9
373.4	885.3	1757.7	2484.0	3420.9
444.4	868.1	1636.3	2354.9	3358.9
142.9	778.7	1654.6	2347.7	3468.4
428.6	635.6	1650.9	2286.0	3472.1
121.2	764.3	1751.2	2476.5	3555.7
63.9	786.7	1720.3	2539.8	3453.0
0.0	509.3	1678.9	2623.2	3420.9
0.0	537.3	1792.1	2674.1	3402.7
0.0	810.1	1679.9	2575.8	3377.9
0.0	682.5	1556.1	2486.7	3423.5
0.0	413.4	1449.0	2437.5	3411.6
104.3	1041.9	1639.1	2540.8	3461.7
72.3	1004.5	1763.1	2606.7	3395.6
0.0	912.2	1774.0	2543.5	3418.8
0.0	634.1	1708.2	2541.6	3422.3
0.0	379.3	1492.7	2540.2	3430.0
0.0	442.6	1404.2	2482.1	3409.4
0.0	672.6	1702.6	2620.2	3586.9
0.0	597.0	1680.3	2598.5	3581.5
0.0	557.9	1585.3	2587.6	3696.8
0.0	528.0	1615.6	2688.7	3684.0
166.2	497.1	1604.8	2740.9	3563.9
154.2	478.9	1570.3	2617.2	3513.5
153.5	384.3	1519.8	2418.1	3526.4
147.8	352.8	1499.7	2390.3	3573.8
144.6	343.2	1471.8	2413.7	3617.9
145.5	323.9	1473.6	2414.7	3487.8
146.8	333.8	1457.9	2394.0	3547.3
147.1	327.4	1446.8	2389.0	3598.2
150.2	331.9	1426.0	2360.6	3684.9
150.8	316.1	1468.2	2325.9	3423.1
154.9	534.9	1621.1	2432.1	3377.5
159.9	714.5	1773.0	2536.9	3457.9
158.6	701.6	1850.2	2557.2	3483.6
158.2	713.5	1901.5	2601.8	3479.1
159.1	705.3	1931.4	2616.1	3423.8
159.9	775.7	1966.1	2698.2	3500.0
159.9	694.7	2006.6	2618.3	3501.2
160.5	796.4	2041.9	2722.8	3495.8
162.2	814.9	2082.4	2725.8	3451.0
164.4	748.2	2056.7	2651.6	3315.7
165.8	803.2	2059.5	2649.2	3269.9
166.7	846.2	2094.8	2710.9	3313.6
167.1	673.3	2022.9	2579.0	3355.6
166.8	643.2	2008.2	2518.3	3272.1
166.9	642.4	2020.3	2535.9	3215.3
167.8	728.1	2001.8	2650.1	3245.9
167.8	679.6	1942.9	2433.4	3213.8
168.2	645.7	1866.4	2310.3	3180.9
169.9	635.6	1819.1	2214.9	3137.3
171.1	606.9	1750.3	2214.3	3155.9
170.9	569.6	1628.5	2185.5	3222.8
170.4	520.7	1607.3	2303.1	3450.8
169.3	350.6	1575.8	2456.8	3414.5
166.8	334.7	1526.5	2508.4	3020.7
168.9	337.1	1530.0	2577.4	3039.9
169.6	342.0	1488.1	2526.0	3140.2
166.6	352.5	1441.5	2455.2	3398.2
160.0	369.5	1421.4	2535.1	3637.2
0.0	407.4	1618.7	2716.0	3818.4
0.0	798.9	1858.8	2950.3	4104.6
80.5	963.5	1875.4	2975.3	5078.9
0.0	816.4	1822.1	2860.5	4963.6
444.4	761.7	1674.7	2624.2	3854.4
68.2	539.8	1533.6	2621.1	3775.0
250.0	552.2	1452.9	2665.8	3576.1
0.0	624.0	1413.0	2768.0	3480.3
208.3	622.5	1396.6	2756.9	3494.4
196.7	629.7	1380.8	2588.7	3090.1
196.7	627.0	1281.9	2301.2	2930.9
200.0	682.3	1213.0	2419.7	2967.7
193.5	796.2	1297.1	2613.7	2981.3
176.9	922.7	1363.4	2637.0	2923.5
171.9	712.9	1330.8	2647.0	3180.2
171.5	674.6	1390.3	2563.6	2944.5
171.4	824.8	1422.2	2703.9	3391.7
169.0	806.1	1431.7	2706.6	3551.8
166.7	830.5	1437.8	2675.0	3530.6
166.7	847.5	1460.5	2681.4	3517.0
164.4	831.1	1473.7	2685.7	3352.5
164.4	846.3	1479.7	2672.0	3219.6
169.0	856.9	1490.4	2554.2	2851.7
169.0	837.6	1483.1	2527.9	2753.1
164.4	829.0	1495.9	2485.0	2728.0
164.4	828.3	1509.8	2510.4	2728.2
166.7	797.8	1523.6	2402.3	2726.6
166.7	759.7	1547.6	2334.3	2717.2
166.7	760.6	1585.9	2479.7	2706.2
166.7	767.7	1609.8	2599.4	3081.9
166.7	757.3	1647.0	2596.5	3077.2
164.4	738.4	1633.5	2548.3	2946.5
164.8	722.3	1545.0	2557.4	3069.3
164.4	701.7	1516.6	2543.1	3353.9
164.3	664.9	1451.2	2586.2	3463.2
161.4	491.7	1334.0	2632.4	3766.6
159.5	448.6	1274.4	2673.9	3625.5
159.0	438.1	1276.6	2746.2	3291.1
154.7	416.9	1255.5	2748.4	3168.8
153.3	325.8	1208.6	2758.4	3738.7
149.9	314.6	1299.8	2726.9	3805.3
149.3	425.2	1530.8	2761.0	3651.2
153.8	446.9	1632.5	2841.0	3554.5
150.8	462.5	1683.3	2872.5	3524.0
148.2	448.4	1777.7	2840.6	3438.3
148.0	459.9	1842.0	2849.2	3618.4
147.1	455.3	1885.7	2841.4	3657.5
146.8	448.7	1873.4	2824.9	3739.7
145.2	454.2	1867.6	2744.3	3610.1
144.4	440.5	1833.4	2658.2	3591.3
143.9	424.6	1800.5	2616.6	3804.6
144.1	420.9	1760.2	2632.8	3853.5
143.0	519.1	1729.6	2682.0	3863.2
139.0	488.4	1693.2	2638.9	3746.9
134.7	270.4	1657.7	2601.6	3721.3
66.9	281.3	1640.3	2650.0	3683.2
138.7	274.3	1598.1	2692.7	3589.1
137.5	269.5	1503.2	2658.9	3607.4
131.9	259.2	1575.6	2813.1	3847.1
137.9	600.6	1858.7	2956.3	4404.4
137.9	823.5	1813.1	2978.2	4475.5
0.0	981.3	1821.7	2922.8	3969.9
0.0	948.6	1866.8	2879.2	4120.9
461.5	872.8	1828.0	2937.6	3800.7
571.4	854.9	1759.1	2884.4	3943.0
272.7	784.8	1719.8	2759.9	3675.5
0.0	831.1	1729.7	2743.7	3719.8
0.0	835.6	1741.3	2790.2	3751.0
0.0	809.9	1738.0	2790.8	3622.6
0.0	716.3	1665.9	2730.0	3515.8
184.6	770.5	1583.5	2543.9	3425.9
121.2	547.4	1594.2	2552.1	3370.3
0.0	823.4	1604.3	2706.5	3408.9
144.6	752.4	1608.9	2671.9	3457.2
117.6	802.7	1739.6	2711.4	3556.8
0.0	868.4	1767.4	2763.4	3607.8
342.9	890.3	1783.8	2593.8	3515.4
0.0	918.4	1560.4	2603.0	3529.2
0.0	790.6	1471.9	2571.7	3530.1
0.0	791.0	1580.4	2643.2	3458.7
0.0	767.6	1679.0	2531.5	3451.1
125.0	746.9	1679.3	2600.2	3535.5
108.1	894.8	1658.9	2709.2	3529.9
0.0	688.9	1324.5	2544.6	3503.7
0.0	378.6	1066.0	2594.6	3560.0
176.4	413.4	1040.6	2673.2	3761.4
159.3	503.5	1109.7	2703.3	3682.5
159.5	571.0	1137.6	2697.0	3661.0
159.1	608.3	1174.2	2715.4	3676.7
158.0	656.8	1248.8	2728.4	3711.9
157.1	665.2	1243.5	2739.1	3697.6
156.0	664.2	1236.6	2738.6	3676.7
155.7	681.8	1235.6	2751.6	3666.0
153.7	674.4	1255.5	2746.6	3673.9
153.9	663.6	1253.6	2745.1	3692.1
152.9	657.7	1313.4	2735.1	3681.8
153.0	660.4	1358.4	2726.2	3623.8
152.0	645.4	1396.0	2706.8	3614.6
151.5	642.8	1432.7	2712.8	3724.6
150.1	521.3	1413.9	2693.4	3682.0
148.4	447.4	1413.7	2683.0	3281.4
145.2	368.2	1422.7	2667.7	2904.7
67.3	384.4	1512.1	2639.4	2856.4
140.5	462.6	1558.3	2498.6	2955.6
134.8	442.1	1547.8	2338.3	2906.2
134.8	438.5	1590.2	2117.5	2892.2
133.3	443.7	1634.9	2015.5	2883.5
134.7	435.4	1634.2	1951.2	2893.1
134.4	438.0	1649.3	1925.4	2956.8
133.4	444.0	1658.2	1955.6	2944.0
133.3	438.7	1600.5	1954.7	2939.0
133.5	424.1	1589.7	1929.0	3026.1
133.7	422.1	1571.3	1891.5	3012.1
134.4	407.0	1558.2	1880.5	2949.3
134.5	395.3	1602.2	1872.1	2907.5
133.2	434.6	1705.8	1864.2	2932.6
131.6	515.9	1688.3	1841.3	3049.1
128.1	277.8	1704.2	2143.8	3142.7
64.2	296.1	1700.1	2552.2	3403.8
65.6	730.8	1754.3	2610.1	3325.5
132.0	814.9	1862.4	2771.2	3259.1
0.0	558.2	1816.9	2801.4	3400.9
0.0	356.4	1756.8	2715.4	3330.3
127.7	379.3	1674.5	2732.9	3229.9
123.7	659.8	1753.9	2802.1	3577.6
123.3	693.6	1811.3	2779.3	3634.2
125.0	763.9	1798.1	2803.0	3569.3
0.0	719.6	1773.7	2839.7	3628.5
121.2	680.8	1772.6	2755.9	3532.7
77.9	548.1	1783.5	2691.2	3453.5
210.5	742.5	1714.8	2703.0	3521.0
208.5	775.0	1653.8	2628.8	3405.0
109.3	753.3	1650.4	2483.9	3383.3
397.1	502.0	1650.8	2506.2	3327.3
0.0	491.9	1580.1	2574.1	3370.4
0.0	561.0	1487.7	2410.5	3333.3
0.0	570.8	1601.5	2394.7	3353.0
0.0	495.8	1618.9	2564.9	3533.2
146.3	505.1	1649.8	2505.5	3452.7
0.0	486.1	1593.8	2425.9	3390.4
