0.0	0.0	0.0	0.0	0.0
0.0	0.0	0.0	0.0	0.0
0.0	0.0	0.0	0.0	0.0
0.0	816.5	1673.3	2334.6	3393.0
0.0	769.1	1640.1	2448.8	3457.5
0.0	620.3	1586.2	2347.3	3464.0
150.0	642.6	1592.1	2274.1	3471.6
142.9	596.4	1647.3	2161.2	3414.8
142.9	599.7	1671.3	2269.8	3392.3
63.5	550.3	1584.0	2202.7	3311.6
106.2	538.3	1549.5	2259.4	3257.0
117.6	700.9	1588.3	2231.0	3407.1
139.5	707.5	1599.5	2344.9	3393.2
138.1	755.9	1592.1	2403.6	3354.4
190.5	778.9	1535.1	2355.3	3322.9
226.0	871.5	1520.5	2312.1	3290.5
219.9	682.4	1493.0	2416.5	3348.9
461.5	741.0	1412.8	2381.6	3461.6
0.0	746.7	1379.5	2340.3	3441.2
125.0	784.7	1665.3	2439.0	3430.1
70.2	931.6	1823.4	2581.6	3546.8
0.0	706.6	1793.1	2596.8	3504.5
0.0	873.0	1793.8	2544.6	3361.8
0.0	808.6	1635.0	2515.0	3338.8
0.0	625.8	1473.0	2446.3	3303.1
292.7	391.8	1504.9	2420.5	3356.6
292.7	1166.6	1845.9	2527.0	3463.4
0.0	371.8	1457.1	2495.4	3502.8
0.0	315.2	1543.8	2487.2	3508.1
0.0	256.9	1126.9	2462.3	3261.8
0.0	394.1	1007.3	2522.0	3226.4
114.8	432.0	928.3	2660.5	3295.6
109.8	468.9	891.7	2706.9	3250.6
108.5	482.9	884.3	2721.9	3239.3
108.3	466.9	878.7	2739.8	3247.9
110.1	461.2	882.6	2722.7	3223.4
109.9	456.3	894.1	2705.6	3208.2
112.1	433.6	911.0	2750.8	3291.1
115.4	442.2	923.4	2741.6	3366.4
114.6	428.6	957.7	2703.7	3345.4
117.8	570.3	1187.8	2576.3	3320.6
122.0	596.9	1272.4	2540.0	3316.9
129.0	672.4	1361.6	2531.5	3449.7
137.9	741.3	1577.8	2599.0	3536.3
0.0	548.1	1661.2	2951.7	3536.3
0.0	700.7	1693.0	3023.4	3554.3
93.0	745.4	1638.5	2904.0	3610.1
307.7	632.1	1607.7	3069.9	3671.4
0.0	778.7	1694.8	3115.6	3774.3
106.2	743.0	1723.6	2978.8	3798.3
91.6	694.1	1472.0	2757.4	3679.2
75.5	894.5	1255.4	2533.6	3514.2
0.0	717.8	1234.4	2347.5	3331.1
0.0	1095.9	1845.6	2667.4	3447.8
0.0	1115.4	1769.2	2596.0	3384.7
0.0	651.4	1412.8	2515.3	3565.2
0.0	772.5	1608.8	2636.9	3638.7
0.0	432.9	1441.1	2519.5	3588.6
0.0	443.7	1335.4	2430.7	3680.7
119.6	484.9	1281.7	2423.6	3639.8
122.0	391.2	1220.0	2410.3	3558.3
120.3	509.3	1232.2	2426.3	3540.8
113.6	457.7	1217.8	2440.4	3521.1
111.8	497.0	1231.5	2431.2	3509.4
111.1	489.9	1166.0	2436.8	3535.1
110.3	473.2	1095.7	2447.8	3517.9
112.1	488.9	1073.6	2465.5	3539.6
114.4	504.5	1104.6	2485.0	3593.7
112.9	532.9	1126.8	2536.2	3622.9
111.9	545.4	1100.2	2548.9	3599.8
112.1	551.3	1139.1	2529.7	3621.5
111.6	554.3	1172.1	2523.1	3663.4
112.0	543.0	1203.9	2544.5	3662.3
111.3	534.6	1238.1	2605.2	3645.2
109.3	515.5	1261.2	2603.8	3683.0
109.8	646.0	1524.0	2586.8	3676.8
110.4	905.7	1655.7	2713.5	3647.8
111.1	848.1	1583.5	3078.8	3706.5
126.3	687.2	1604.1	3153.4	3807.3
0.0	775.3	1708.8	3159.3	3788.0
173.9	790.0	1902.3	3168.2	3764.7
0.0	811.1	1806.0	3151.0	3699.2
0.0	626.9	1720.4	3084.0	3481.9
0.0	1122.0	1585.5	2770.3	3210.5
0.0	977.4	1677.5	2500.9	3238.0
0.0	607.1	1619.2	2316.6	3278.7
107.1	780.5	1756.6	2541.2	3369.7
0.0	619.0	1542.6	2471.9	3290.3
0.0	844.4	1518.2	2445.1	3313.7
0.0	689.2	1613.3	2566.5	3470.3
0.0	553.9	1814.7	2625.6	3462.9
125.0	422.9	1814.4	2577.2	3370.5
127.7	254.6	1659.5	2653.7	3379.7
124.0	261.9	1559.6	2580.3	3373.1
116.5	244.9	1489.6	2584.5	3383.1
117.6	453.8	1398.8	2560.8	3345.3
0.0	436.8	1135.9	2040.2	3085.4
0.0	413.2	1036.9	1516.1	2940.7
0.0	411.9	1054.6	1467.9	2860.0
112.2	443.4	1081.8	1498.4	2942.0
110.7	472.6	1100.1	1660.8	2974.1
111.2	521.4	1130.2	1762.5	2944.2
111.1	552.5	1164.6	1895.3	2967.8
110.0	567.8	1192.1	2007.0	3005.8
109.2	553.5	1218.8	2064.3	3026.9
109.4	573.3	1251.7	2043.9	3056.6
111.1	565.1	1345.7	2000.1	3064.6
113.7	721.2	1470.8	1981.3	3041.3
117.6	681.2	1545.4	2200.6	3133.8
137.8	599.6	1514.3	2291.7	3262.7
0.0	682.2	1527.4	2340.6	3268.6
0.0	658.0	1625.4	2436.2	3236.8
0.0	615.2	1618.2	2453.5	3265.3
0.0	483.8	1587.9	2504.2	3344.2
0.0	521.6	1602.3	2410.8	3314.9
203.4	968.3	1632.6	2445.8	3271.1
103.4	800.8	1616.9	2296.4	3183.0
206.9	724.8	1608.8	2146.9	3214.9
315.8	576.9	1553.3	2068.1	3196.9
0.0	508.6	1354.4	1912.8	3076.7
146.5	547.3	1294.3	1887.4	3111.0
97.2	583.4	1233.7	1852.4	3103.5
0.0	603.5	1177.8	1833.0	3096.7
94.7	613.1	1167.6	1808.0	3077.5
99.4	605.4	1138.5	1782.6	3046.7
100.6	601.2	1138.0	1754.9	3075.0
100.2	584.7	1141.3	1704.2	3034.1
100.7	579.0	1144.9	1646.1	3021.6
99.2	534.8	1167.5	1617.2	3076.3
98.9	508.4	1173.9	1594.4	3083.6
99.3	479.8	1150.4	1590.5	3113.0
99.4	446.0	1178.0	1561.2	3043.6
100.7	432.2	1218.3	1620.2	3025.0
102.1	421.7	1246.6	1800.3	3051.0
103.8	414.1	1392.3	2080.9	3092.5
103.6	1179.9	1529.9	2394.9	3205.2
96.7	787.4	1762.7	2521.7	3342.9
226.4	705.6	1851.6	2531.4	3399.0
190.5	624.6	1799.8	2559.4	3423.4
0.0	995.8	1802.4	2645.0	3483.7
0.0	904.6	1848.3	2722.2	3530.3
235.3	774.1	1720.5	2667.2	3501.9
0.0	776.3	1720.1	2656.1	3641.9
0.0	721.4	1788.5	2700.8	3592.8
0.0	715.3	1968.0	2702.6	3621.4
0.0	728.5	1781.3	2681.9	3536.5
0.0	728.8	1775.6	2700.6	3568.2
151.9	200.0	1859.6	2695.6	3534.1
0.0	300.6	2002.1	2732.1	3509.9
0.0	301.1	2047.6	2797.7	3522.2
128.5	304.7	2119.5	2783.4	3518.8
121.9	325.1	2117.0	2748.7	3523.9
117.8	356.9	2127.5	2721.8	3539.7
115.1	298.3	2156.4	2680.5	3544.9
113.9	313.4	2143.2	2624.7	3568.9
112.1	333.1	2122.5	2492.6	3560.0
112.2	416.7	2059.8	2392.1	3528.3
112.6	655.4	1945.6	2463.6	3563.9
111.6	656.3	1836.2	2661.3	3614.4
115.3	785.5	1815.5	2618.6	3623.5
69.0	783.5	1840.5	2586.3	3542.7
0.0	716.4	1838.3	2683.6	3436.9
90.9	781.7	1879.0	2742.9	3557.9
0.0	841.6	1823.5	2773.1	3646.8
444.4	882.8	1827.5	2694.6	3613.4
0.0	780.0	1684.1	2650.2	3363.4
0.0	733.5	1675.1	2682.6	3410.0
0.0	751.5	1850.6	2677.7	3457.5
88.9	882.7	1807.2	2610.7	3304.3
63.5	890.2	1756.2	2599.2	3407.0
0.0	702.8	1566.9	2604.9	3441.2
0.0	814.4	1541.7	2551.7	3332.2
142.9	783.6	1628.3	2603.1	3296.1
0.0	556.2	1631.3	2603.8	3408.5
413.8	501.1	1337.5	2527.2	3420.4
0.0	564.5	1040.3	2576.6	3424.5
0.0	617.6	1084.4	2621.4	3425.9
0.0	669.6	1120.7	2655.3	3466.5
0.0	703.4	1121.9	2654.3	3485.8
100.0	726.8	1174.5	2647.9	3534.7
98.4	735.4	1221.0	2610.1	3555.8
99.7	740.2	1286.3	2568.3	3578.8
99.2	751.4	1363.9	2566.0	3619.5
97.7	762.7	1444.4	2541.6	3535.6
96.9	767.4	1482.1	2490.2	3547.8
97.6	744.8	1552.3	2483.4	3480.8
97.8	724.1	1624.0	2436.6	3402.6
98.7	685.4	1705.3	2421.5	3414.6
101.3	763.8	1776.4	2426.1	3469.7
104.0	770.4	1816.2	2429.0	3358.1
106.1	787.0	1838.7	2469.1	3376.7
105.5	841.0	1849.6	2511.7	3519.8
103.4	758.1	1882.7	2496.0	3589.5
97.6	806.1	1965.7	2474.3	3552.4
97.6	799.0	1938.8	2505.6	3395.3
100.9	692.2	1787.3	2519.1	3339.4
121.1	626.5	1844.8	2495.8	3420.2
123.1	620.5	1864.4	2499.6	3404.1
117.5	589.7	1827.4	2516.4	3508.1
114.0	487.8	1860.1	2504.4	3540.2
110.0	488.6	1862.0	2520.1	3537.8
108.6	506.6	1889.5	2519.2	3527.0
107.2	499.6	1886.9	2533.0	3530.6
107.3	482.9	1875.5	2537.0	3509.0
107.8	478.1	1895.9	2526.9	3512.4
108.3	510.7	1897.9	2552.8	3453.5
108.1	504.8	1895.1	2523.2	3471.9
107.6	502.6	1885.1	2554.8	3554.3
106.0	519.5	1870.6	2559.5	3519.9
104.0	510.1	1860.3	2582.0	3488.1
101.8	523.0	1824.9	2557.1	3407.5
99.7	465.5	1783.5	2582.6	3483.2
97.5	520.9	1800.1	2577.9	3482.2
99.2	525.9	1785.1	2605.1	3466.3
99.5	529.1	1757.7	2625.6	3511.7
99.2	546.9	1723.3	2569.2	3405.8
99.1	558.3	1719.5	2568.3	3513.4
99.0	571.5	1687.4	2584.2	3532.1
99.2	596.8	1661.5	2627.0	3509.5
98.9	601.8	1604.9	2586.3	3472.3
98.6	603.2	1548.7	2603.8	3421.6
97.8	613.8	1531.1	2673.9	3348.5
99.0	630.3	1518.3	2687.1	3427.9
99.1	634.5	1457.3	2678.5	3571.4
99.0	614.8	1394.2	2679.5	3585.4
99.3	610.1	1352.1	2496.6	3624.8
98.7	528.4	1338.4	2251.9	3552.6
98.0	502.7	1307.8	2382.1	3364.4
97.4	325.3	1322.1	2314.1	3020.0
96.0	342.9	1325.9	2344.9	3168.8
96.8	327.7	1305.5	2268.2	2943.3
97.6	449.8	2009.8	2425.3	3253.8
104.3	394.6	1837.9	2401.4	3315.6
106.2	317.3	1491.5	2416.7	3242.3
108.1	324.9	1238.5	2421.2	3321.8
103.4	511.7	1126.3	2358.1	3298.3
105.5	473.5	1376.1	2414.9	3318.3
106.2	873.5	1582.5	2453.7	3337.9
107.1	674.8	1337.7	2375.3	3290.8
0.0	690.9	1513.1	2448.6	3410.2
0.0	518.8	1569.4	2565.8	3560.7
0.0	523.0	1589.7	2535.7	3588.8
214.3	571.3	1583.6	2461.3	3548.6
0.0	712.8	1607.8	2460.8	3518.9
0.0	672.2	1631.7	2421.6	3478.6
101.7	643.5	1510.3	2387.8	3441.4
0.0	574.8	1383.6	2347.4	3403.5
0.0	701.7	1561.7	2398.6	3459.3
175.6	768.5	1571.6	2506.1	3518.1
0.0	689.8	1576.1	2426.9	3429.8
0.0	697.3	1734.1	2563.9	3466.5
