0.0	0.0	0.0	0.0	0.0
0.0	0.0	0.0	0.0	0.0
0.0	0.0	0.0	0.0	0.0
0.0	932.2	1654.0	2502.1	3312.2
0.0	801.5	1602.6	2489.4	3350.1
0.0	826.2	1585.2	2548.2	3437.8
0.0	835.8	1595.4	2584.4	3429.7
0.0	843.3	1777.4	2671.1	3467.3
0.0	832.1	1871.5	2656.0	3439.1
0.0	879.9	1785.7	2659.3	3378.1
0.0	795.0	1564.3	2574.3	3364.7
0.0	649.0	1520.9	2626.1	3406.9
0.0	737.3	1645.1	2688.3	3417.3
0.0	818.8	1684.2	2707.2	3425.2
0.0	767.4	1564.7	2568.1	3415.4
0.0	829.8	1615.2	2482.2	3476.4
0.0	843.7	1822.0	2618.3	3573.5
120.0	629.0	1700.8	2636.9	3541.0
0.0	665.5	1738.2	2674.0	3607.6
0.0	622.1	1625.6	2549.1	3608.2
0.0	468.0	1541.0	2516.9	3589.2
0.0	485.1	1566.7	2493.4	3615.2
0.0	481.3	1652.6	2523.6	3631.0
114.5	479.3	1731.1	2528.9	3614.6
115.2	473.2	1790.8	2517.3	3492.1
114.6	455.6	1877.5	2460.8	3500.5
117.8	419.9	1945.7	2410.2	3509.0
121.2	376.3	2036.9	2363.7	3574.6
124.2	329.3	2075.9	2350.5	3621.4
123.8	347.6	1994.2	2283.1	3686.3
120.0	394.4	1767.3	2174.8	3674.2
109.1	861.3	1862.4	2279.3	3634.8
94.5	958.0	1820.4	2521.0	3548.5
0.0	984.1	1634.7	2167.5	3317.8
100.0	1299.3	1546.2	2339.6	3374.1
0.0	873.3	1347.4	2385.0	3410.1
164.4	756.6	1230.7	2415.3	3461.0
461.5	774.0	1204.2	2454.1	3634.9
0.0	805.6	1226.5	2446.5	3580.1
0.0	845.9	1240.0	2619.9	3637.5
0.0	826.9	1298.4	2719.4	3602.4
0.0	744.8	1370.5	2643.3	3674.5
0.0	616.9	1134.0	2663.3	3712.5
0.0	461.4	927.9	2655.8	3724.5
144.9	404.5	907.3	2652.2	3713.2
131.0	417.9	938.2	2687.1	3705.1
123.9	460.2	997.6	2692.0	3696.2
122.4	498.8	1040.4	2711.2	3653.3
120.2	517.7	1054.6	2702.5	3643.0
118.4	517.7	1054.2	2701.0	3576.3
118.1	501.6	1056.7	2659.0	3557.2
118.6	490.2	1064.8	2632.8	3540.5
119.6	495.9	1052.9	2631.7	3463.2
120.5	487.0	1016.1	2599.1	3429.5
121.8	469.5	999.7	2577.0	3461.1
122.5	461.5	987.8	2581.1	3459.0
122.8	448.3	998.7	2571.8	3486.9
123.2	429.6	982.5	2558.8	3493.1
122.4	416.2	999.0	2547.1	3472.7
121.9	397.1	1026.5	2551.0	3494.2
120.1	392.1	1070.8	2529.3	3524.2
118.4	395.9	1134.6	2523.3	3535.8
118.0	392.3	1203.1	2533.2	3619.2
118.9	372.0	1249.9	2539.7	3658.1
121.0	325.3	1313.3	2556.5	3711.4
122.3	333.2	1384.2	2523.4	3741.3
120.6	442.9	1423.3	2702.4	3729.7
116.5	765.0	1613.9	3004.3	3775.8
115.4	705.7	1726.4	2851.5	3792.1
113.2	849.8	1790.5	2964.7	3949.9
428.6	709.6	1665.8	2994.4	3951.8
106.2	896.2	1672.1	2951.9	3807.5
0.0	829.9	1711.5	2898.3	3819.2
0.0	824.1	1736.4	2899.5	3829.9
0.0	961.9	1744.8	2982.0	3874.1
333.3	806.6	1752.3	3020.3	3916.9
244.9	824.0	1688.2	2829.2	3802.6
500.0	774.4	1622.8	2675.0	3816.5
114.3	737.3	1592.5	2650.5	3768.3
500.0	628.8	1454.2	2630.2	3685.9
0.0	615.4	1249.7	2628.8	3663.8
0.0	669.3	1180.9	2744.3	3529.1
115.7	651.3	1105.3	2774.9	3400.9
111.2	563.5	1057.7	2440.8	3178.5
110.3	528.8	1016.7	2257.9	3211.0
110.0	499.3	1041.8	2304.6	3233.6
109.6	366.3	1077.7	2429.2	3296.9
110.1	295.3	1078.2	2332.2	2805.5
117.6	294.1	1101.2	2317.1	2661.6
117.6	327.1	1076.5	2329.5	2643.8
116.5	328.6	1088.8	2400.0	2641.1
115.4	397.4	1107.3	2487.8	2981.3
115.3	435.5	1325.8	2409.7	3277.5
113.1	428.0	1041.3	2338.2	3276.8
114.3	654.2	1070.8	2340.9	3328.6
375.0	618.7	1227.8	2375.4	3460.4
0.0	759.6	1552.6	2510.9	3405.4
0.0	756.1	1612.1	2619.8	3389.0
0.0	735.0	1619.6	2622.7	3513.7
0.0	733.1	1636.9	2640.6	3594.3
0.0	748.3	1583.4	2645.2	3617.9
119.7	767.4	1496.9	2638.2	3603.6
125.0	728.6	1422.5	2636.5	3644.2
121.2	700.0	1414.8	2675.4	3608.8
119.1	701.6	1384.1	2720.0	3638.1
115.3	741.8	1431.1	2774.7	3653.7
109.6	733.6	1446.7	2724.9	3617.6
105.4	730.0	1441.4	2677.1	3547.9
103.9	713.5	1457.5	2645.7	3542.6
102.8	738.4	1495.4	2673.8	3563.6
105.8	723.2	1502.9	2659.1	3537.4
105.3	709.4	1549.0	2574.9	3557.4
106.3	720.9	1562.1	2565.3	3612.3
107.0	717.5	1587.3	2508.8	3617.4
106.8	668.9	1566.2	2388.8	3589.4
106.0	615.7	1486.1	2200.1	3569.9
104.5	508.3	1388.0	2177.9	3422.0
103.1	336.0	1269.6	2156.0	3096.7
101.5	320.9	1251.0	2161.8	2799.7
100.0	312.7	1241.7	2177.0	3102.4
102.6	311.3	1218.6	2200.8	3228.7
100.0	348.4	1303.4	2240.7	3477.2
0.0	630.4	1476.8	2240.8	3618.9
0.0	664.5	1524.9	2308.1	3558.0
91.1	688.4	1563.7	2380.7	3481.8
86.7	684.8	1587.2	2362.1	3575.1
80.6	651.6	1639.3	2391.5	3613.4
109.1	667.1	1638.9	2443.1	3555.4
97.8	688.2	1632.6	2449.3	3596.1
102.0	710.0	1634.4	2443.1	3640.6
102.2	736.1	1590.1	2428.8	3556.3
102.1	759.4	1546.6	2367.8	3575.2
100.2	742.4	1502.5	2368.1	3529.0
102.0	730.1	1486.4	2367.8	3494.2
101.9	695.0	1484.5	2355.1	3545.1
101.7	696.2	1454.6	2351.5	3508.7
102.0	718.1	1443.4	2243.6	3440.4
102.4	737.3	1477.3	2315.3	3179.5
0.0	771.4	1556.1	2457.6	3407.7
0.0	975.3	1856.8	2704.6	3471.0
0.0	1074.0	1780.3	2773.9	3391.3
63.8	879.8	1675.6	2645.8	3416.1
0.0	957.9	1702.6	2518.8	3360.4
0.0	915.3	1690.4	2514.7	3361.9
0.0	856.6	1758.6	2480.9	3300.1
0.0	762.1	1887.2	2481.3	3190.6
0.0	907.6	1967.9	2719.4	3215.1
0.0	613.7	1915.0	2465.0	3147.6
428.6	400.1	1439.9	1906.9	3033.5
0.0	397.9	1427.5	1805.6	3064.7
96.8	413.2	1425.1	1729.6	3142.2
98.5	432.1	1414.8	1741.0	3162.6
99.2	426.7	1428.2	1751.3	3157.2
91.0	429.3	1453.8	1751.8	3191.0
0.0	444.0	1495.2	1810.4	3201.1
67.4	449.0	1527.3	1899.4	3181.5
64.9	460.7	1563.2	1989.7	3206.7
64.6	471.0	1617.0	2125.3	3205.4
0.0	479.6	1631.7	2177.5	3262.4
0.0	489.8	1656.9	2281.2	3539.5
0.0	489.2	1664.9	2418.7	3548.1
81.8	488.1	1736.4	2484.1	3544.9
94.7	483.3	1765.6	2470.5	3536.0
96.0	481.0	1796.4	2482.6	3534.6
97.1	479.3	1817.2	2515.4	3505.1
97.4	458.9	1862.0	2517.5	3447.7
97.6	439.4	1902.5	2516.4	3482.0
97.0	434.5	1953.7	2535.3	3538.2
95.7	425.7	1943.9	2553.9	3503.9
94.7	410.6	1984.9	2493.3	3494.2
95.1	407.0	1954.6	2537.4	3478.7
95.2	386.3	1968.4	2556.2	3503.2
94.1	381.4	2026.8	2523.6	3499.2
94.1	397.7	2053.6	2519.0	3507.4
107.8	382.4	2062.6	2475.4	3497.1
163.3	371.6	2066.1	2484.0	3504.2
155.3	366.4	2063.2	2464.3	3450.3
135.9	351.8	1960.4	2429.7	3413.2
0.0	356.2	1984.0	2479.2	3507.0
155.2	349.6	1935.8	2447.6	3565.3
74.6	337.8	1833.5	2383.4	3505.4
133.3	891.7	1832.4	2475.9	3476.4
66.3	1044.4	1882.1	2682.2	3448.3
73.4	733.2	1753.3	2676.7	3452.4
0.0	496.5	1760.6	2671.1	3520.2
0.0	1045.2	1885.5	2682.9	3513.6
0.0	865.3	1790.1	2735.1	3518.0
0.0	1085.1	1999.7	2871.8	3657.9
0.0	852.5	1768.7	2690.5	3742.6
352.9	458.7	1708.7	2626.9	3594.4
352.9	791.6	1672.4	2554.7	3484.1
0.0	581.6	1637.1	2544.9	3515.2
214.3	568.7	1585.1	2599.2	3596.1
206.9	582.7	1651.9	2530.7	3544.2
141.2	539.2	1611.7	2499.3	3636.8
113.2	523.5	1709.0	2515.0	3698.9
111.4	689.3	1757.8	2457.6	3630.9
116.0	707.0	1647.8	2407.9	3632.7
184.6	665.3	1595.3	2340.2	3691.6
0.0	684.7	1511.6	2272.9	3601.6
0.0	709.0	1500.6	2279.5	3459.2
0.0	515.5	1490.2	2297.6	3479.3
79.5	427.6	1432.8	2202.6	3411.3
