0.0	0.0	0.0	0.0	0.0
0.0	0.0	0.0	0.0	0.0
0.0	0.0	0.0	0.0	0.0
0.0	541.7	1817.9	2600.1	3477.7
0.0	798.4	1862.2	2681.0	3432.4
0.0	796.7	1803.0	2595.7	3401.1
0.0	671.5	1674.6	2582.5	3469.1
0.0	886.2	1713.0	2694.5	3486.1
0.0	853.3	1706.1	2685.8	3519.9
0.0	860.4	1994.0	2800.5	3562.5
0.0	798.5	1899.9	2817.9	3547.8
0.0	854.5	1589.6	2709.4	3437.7
0.0	889.2	1579.3	2588.4	3454.4
0.0	842.3	1634.1	2567.0	3505.8
0.0	810.9	1800.5	2755.5	3565.0
0.0	749.4	1827.3	2760.0	3565.6
0.0	716.0	1545.9	2581.0	3555.3
0.0	444.1	884.8	2555.6	3474.9
0.0	458.9	841.4	2845.7	3457.3
0.0	456.7	903.2	2881.3	3509.9
131.5	486.1	957.7	2866.0	3525.2
132.5	510.7	1039.9	2826.0	3515.6
134.5	534.1	1121.8	2798.4	3506.6
134.9	550.7	1275.6	2713.1	3512.3
135.8	543.4	1399.2	2706.6	3514.4
137.2	523.7	1515.3	2622.6	3514.5
139.8	531.7	1619.5	2408.1	3349.2
140.6	423.1	1726.4	2553.0	3289.8
121.3	753.6	2055.7	2854.4	3487.5
72.3	850.0	1993.4	2901.0	3425.0
0.0	749.1	1969.6	2941.8	3401.5
0.0	772.2	2076.0	2968.6	3509.7
0.0	806.5	2118.1	2990.2	3495.8
0.0	1024.9	2143.5	2927.9	3458.2
0.0	914.0	2110.1	2943.7	3443.6
0.0	746.3	2034.2	2939.7	3374.1
0.0	978.0	2147.0	2941.6	3408.7
0.0	956.0	2104.3	2939.0	3439.3
0.0	772.5	1976.1	2891.7	3398.1
0.0	735.8	1991.6	2816.7	3378.9
0.0	674.6	1965.6	2674.9	3441.8
0.0	683.5	1892.8	2619.7	3430.1
0.0	696.0	1821.0	2590.7	3442.7
0.0	685.9	1822.0	2537.7	3422.7
142.9	442.0	1769.5	2461.6	3306.3
0.0	430.9	1690.3	2399.7	3246.6
140.8	429.7	1614.0	2369.2	3261.5
138.2	453.8	1545.4	2362.7	3238.3
136.4	544.9	1502.6	2348.2	3092.3
134.8	560.0	1514.7	2291.2	2939.6
132.8	531.5	1516.6	2110.1	2822.7
132.4	489.1	1517.0	1985.1	2821.3
131.3	496.7	1544.7	1937.4	2862.7
130.8	434.4	1557.0	1965.9	2978.8
132.3	446.0	1551.7	2170.4	3167.9
132.0	451.5	1399.4	2339.1	3333.9
131.7	483.0	1373.5	2373.8	3334.6
131.9	474.9	1610.1	2433.0	3182.3
132.5	522.5	1699.5	2591.4	3222.7
135.1	541.2	1746.1	2649.6	3387.4
130.3	553.7	1804.2	2749.1	3504.6
129.8	566.5	1807.8	2700.2	3485.6
130.1	571.6	1843.8	2672.7	3494.4
131.4	569.5	1864.2	2678.3	3483.6
133.5	572.6	1900.3	2649.5	3476.9
134.3	560.1	1943.7	2621.4	3611.1
135.2	551.6	1937.4	2644.9	3591.6
133.8	553.9	1961.5	2697.2	3530.8
132.8	547.0	1991.1	2668.4	3540.1
131.5	529.5	1967.9	2672.1	3565.7
129.5	521.5	1974.0	2676.3	3544.8
127.8	512.2	2006.6	2666.8	3557.8
125.8	510.5	2032.1	2665.4	3502.3
124.1	505.2	2041.3	2678.3	3517.5
121.2	495.9	2025.9	2647.2	3528.3
119.6	488.1	2015.9	2620.4	3570.3
118.3	471.7	2008.0	2634.9	3624.4
117.3	468.6	2019.5	2625.0	3660.3
117.3	460.2	1981.4	2586.6	3612.8
118.0	446.0	1869.1	2560.2	3462.1
116.6	460.5	1623.1	2520.7	3378.9
115.4	369.0	1205.8	2381.7	3586.1
113.3	298.4	1271.1	2337.0	3568.3
112.3	259.8	1238.0	2293.5	3529.4
112.1	219.0	1230.7	2315.0	3379.9
113.2	221.7	1223.3	2331.4	3363.3
111.0	297.6	1237.2	2307.7	3484.1
212.0	415.7	1311.2	2342.4	3439.3
210.4	521.8	1612.1	2472.0	3305.4
212.0	526.1	1817.1	2545.7	3550.9
102.0	526.0	1888.3	2555.3	3556.3
98.7	541.1	1918.6	2572.0	3581.9
108.1	554.4	1924.4	2578.6	3585.4
113.1	556.7	1933.5	2582.8	3601.1
116.7	562.7	1924.6	2575.5	3508.6
119.4	571.4	1939.0	2587.8	3495.7
122.0	544.4	1896.7	2576.9	3482.8
123.3	525.7	1879.7	2588.9	3503.6
123.8	488.4	1779.4	2638.2	3543.6
124.5	470.5	1715.6	2626.1	3602.6
124.0	497.0	1628.3	2480.6	3646.2
125.6	472.3	1721.8	2604.4	3532.6
126.4	481.0	1819.5	2562.9	3486.1
126.1	484.4	1946.2	2593.4	3566.4
123.7	469.7	2034.4	2610.9	3578.9
123.4	474.3	2033.2	2609.2	3496.4
122.1	476.6	1954.8	2561.1	3474.1
120.5	465.1	1781.5	2554.5	3438.9
119.1	455.7	1617.6	2604.9	3436.9
117.4	452.6	1361.6	2652.8	3443.5
115.8	445.4	1219.1	2679.0	3445.5
112.8	442.4	1141.0	2663.7	3442.7
111.1	466.0	1133.8	2620.8	3421.8
110.0	481.8	1161.3	2612.0	3417.6
109.4	494.4	1154.2	2629.8	3397.2
108.6	507.4	1207.6	2620.3	3423.3
107.2	518.4	1276.4	2605.8	3546.8
105.9	533.0	1336.8	2598.1	3653.3
104.2	560.4	1396.1	2594.4	3605.8
103.7	583.7	1459.1	2589.2	3600.8
104.2	594.2	1521.2	2608.2	3609.1
103.8	607.9	1584.6	2612.3	3583.7
104.4	620.3	1630.1	2626.9	3601.3
105.2	634.4	1671.9	2626.6	3617.4
106.1	630.5	1705.5	2648.4	3635.7
106.1	623.8	1725.3	2705.6	3680.5
108.1	638.7	1736.1	2694.4	3641.9
108.3	744.2	1765.9	2662.9	3592.1
110.1	858.7	1794.6	2632.2	3622.3
112.2	801.4	1792.4	2608.0	3427.8
113.1	795.2	1831.3	2506.1	3302.8
116.5	774.9	1888.7	2388.3	3267.6
117.8	793.4	1822.3	2500.7	3228.1
118.3	818.8	1819.2	2534.5	3240.8
125.0	791.5	1844.5	2417.1	3221.0
118.8	797.9	1919.9	2464.5	3322.8
118.8	822.1	1881.3	2466.4	3246.5
121.2	741.8	1863.9	2590.9	3248.5
123.7	734.7	1816.1	2527.3	3257.0
123.7	713.8	1701.1	2373.9	3157.8
63.5	714.9	1753.2	2358.4	3158.9
141.2	720.4	1818.9	2222.6	3242.7
0.0	714.1	1870.4	2342.3	3225.7
0.0	738.7	1897.7	2495.9	3244.8
0.0	786.3	1803.0	2510.5	3322.2
0.0	737.5	1713.3	2482.7	3337.0
0.0	744.1	1780.7	2587.4	3327.3
81.2	851.7	1825.2	2555.3	3402.8
0.0	792.7	1912.8	2457.8	3452.0
0.0	701.1	1843.8	2446.0	3418.3
