0.0	0.0	0.0	0.0	0.0
0.0	0.0	0.0	0.0	0.0
0.0	0.0	0.0	0.0	0.0
0.0	623.3	1783.5	2355.5	3151.4
0.0	753.7	1806.4	2445.9	3234.4
363.6	752.5	1797.4	2456.8	3301.9
413.8	719.6	1837.7	2413.9	3331.9
218.2	524.3	1834.8	2427.9	3295.1
0.0	558.1	1844.6	2437.3	3402.3
0.0	474.1	1813.1	2478.8	3432.9
0.0	875.7	1774.9	2542.9	3391.1
0.0	786.9	1758.3	2708.0	3482.0
0.0	824.1	1816.7	2634.3	3420.8
0.0	633.5	2053.2	2556.8	3405.9
0.0	699.7	2044.2	2522.3	3419.6
0.0	718.2	2027.3	2518.8	3484.3
0.0	744.2	2011.8	2531.9	3344.8
400.0	738.0	2009.7	2481.4	3323.8
0.0	433.1	1947.1	2465.9	3408.6
0.0	463.6	1971.5	2428.1	3425.0
163.7	462.2	1969.8	2419.6	3407.2
156.0	511.2	1928.9	2397.7	3401.3
158.0	464.5	1865.4	2351.3	3371.1
159.0	478.4	1759.5	2270.7	3356.7
156.0	616.1	1574.8	2338.2	3335.4
144.9	792.5	1785.1	2530.3	3326.1
133.3	903.4	1886.4	2594.4	3342.3
69.0	908.9	1783.0	2496.0	3398.9
68.2	822.5	1775.2	2695.3	3451.2
0.0	782.3	1811.9	2731.9	3366.2
0.0	826.1	1794.8	2697.0	3398.6
0.0	791.0	1998.3	2732.2	3413.4
0.0	757.6	2081.5	2718.6	3332.7
0.0	744.0	2233.6	2627.5	3277.1
0.0	636.1	2247.1	2666.6	3348.3
0.0	422.7	2122.6	2681.4	3287.4
0.0	385.0	2149.4	2675.1	3277.9
143.1	326.7	2154.7	2590.1	3292.1
136.6	324.7	2132.4	2508.3	3268.5
135.0	451.1	2077.3	2491.3	3230.8
134.1	395.1	2013.9	2437.2	3205.5
132.3	397.2	1946.1	2423.2	3169.1
130.3	404.2	1878.3	2384.1	3121.9
130.1	406.4	1850.1	2396.9	3109.4
129.4	389.6	1839.4	2427.3	3109.3
128.5	391.9	1831.6	2492.5	3151.9
126.8	408.5	1806.3	2529.8	3189.6
124.2	323.5	1743.1	2530.1	3183.1
111.8	215.8	1736.8	2554.5	3305.3
112.1	240.8	1737.3	2552.8	3371.2
107.1	234.4	1685.9	2557.8	3398.2
107.1	259.1	1713.9	2553.7	3436.9
107.3	257.8	1682.4	2544.4	3503.3
106.8	284.3	1640.0	2644.3	3479.3
107.1	822.6	1800.8	2731.2	3441.4
0.0	632.8	1783.5	2622.6	3421.9
0.0	454.0	1818.0	2535.1	3391.0
148.3	423.1	1844.5	2551.7	3385.9
141.3	481.7	1836.6	2513.6	3367.0
147.1	406.8	1837.4	2477.4	3354.9
154.5	398.7	1829.1	2452.0	3349.5
163.0	382.8	1821.0	2447.3	3355.3
170.2	385.1	1806.0	2430.3	3352.9
175.9	385.4	1796.5	2417.1	3343.2
179.0	385.3	1781.6	2400.4	3333.3
182.0	390.4	1746.1	2414.2	3332.8
182.1	392.6	1713.5	2400.5	3326.5
177.6	413.4	1692.4	2395.0	3326.1
170.3	471.5	1662.4	2372.7	3290.3
160.5	447.0	1650.7	2378.0	3247.4
148.7	408.7	1621.6	2343.4	3246.7
139.4	407.3	1602.4	2345.7	3244.9
127.2	413.2	1577.6	2344.8	3236.9
118.2	408.9	1535.8	2328.9	3256.4
113.3	417.1	1496.0	2301.8	3217.5
110.2	412.4	1453.7	2287.7	3183.9
110.5	419.6	1403.3	2285.0	3186.7
109.7	427.1	1336.6	2278.3	3221.8
108.3	428.0	1295.6	2259.0	3216.1
106.6	425.6	1266.1	2262.8	3167.2
106.5	421.1	1205.7	2290.5	3155.2
104.3	424.2	1154.9	2309.0	3151.3
103.9	427.9	1125.6	2320.0	3176.6
104.7	437.6	1098.6	2299.9	3167.2
107.1	390.6	1078.7	2295.9	3143.4
108.8	400.0	1057.8	2294.9	3161.4
111.7	358.8	1038.2	2306.5	3174.4
114.4	381.4	1027.3	2345.9	3127.0
116.9	438.8	1028.2	2310.5	3168.9
117.5	495.2	1048.8	2068.2	3161.5
121.3	518.6	1053.6	2157.9	3098.2
127.7	667.3	1115.1	2133.6	3073.9
129.2	711.7	1140.5	2129.0	3214.4
117.6	696.1	1226.9	2168.3	3233.2
114.8	966.6	1328.0	1955.0	3244.6
110.1	790.1	1315.4	2119.4	3228.7
102.6	837.6	1353.5	2317.2	3275.1
106.2	959.8	1475.1	2450.4	3318.8
90.2	873.4	1452.8	2409.5	3291.4
100.8	808.6	1431.6	2392.6	3239.5
73.2	793.9	1421.9	2317.6	3301.9
0.0	776.7	1423.0	2393.8	3330.4
153.8	823.1	1408.3	2340.4	3341.4
82.2	838.5	1437.3	2236.2	3294.6
65.2	810.1	1483.3	2305.7	3321.9
148.1	876.3	1509.5	2299.6	3361.7
218.2	862.3	1547.8	2233.5	3339.5
104.3	787.6	1505.9	2359.0	3263.8
0.0	787.3	1531.7	2488.3	3315.1
0.0	776.4	1462.7	2494.6	3305.8
0.0	801.3	1482.2	2524.6	3370.5
0.0	806.1	1563.4	2492.8	3315.9
0.0	797.0	1555.1	2381.2	3304.8
0.0	745.6	1526.2	2254.3	3348.6
0.0	754.1	1504.1	2322.9	3280.1
307.7	797.4	1521.7	2406.7	3352.9
315.8	802.0	1469.3	2426.4	3379.9
0.0	870.7	1461.8	2442.8	3399.3
0.0	836.3	1483.7	2388.2	3408.2
0.0	852.9	1528.6	2382.2	3331.4
0.0	881.1	1546.4	2448.8	3326.9
0.0	857.5	1596.2	2505.6	3331.6
0.0	858.8	1604.7	2481.3	3338.4
0.0	736.1	1621.0	2531.1	3428.4
0.0	661.0	1542.3	2476.6	3502.5
0.0	901.4	2010.8	2545.6	3450.3
0.0	862.2	1920.3	2467.9	3332.6
0.0	868.0	1692.6	2478.5	3448.6
0.0	881.3	1685.3	2520.6	3402.8
0.0	968.3	1877.0	2618.5	3471.6
0.0	857.8	1886.9	2562.8	3466.2
0.0	650.8	1762.2	2466.2	3416.3
0.0	954.0	1869.7	2679.3	3458.0
0.0	955.2	1822.1	2638.4	3361.7
0.0	688.2	1740.0	2551.1	3305.4
0.0	640.7	1700.4	2653.3	3439.6
0.0	729.6	1730.1	2654.2	3436.9
0.0	776.9	1751.2	2541.3	3494.5
0.0	918.3	1713.5	2516.6	3471.9
0.0	811.9	1604.6	2499.2	3382.9
0.0	999.3	1604.2	2496.0	3633.1
0.0	730.8	1508.7	2399.6	3772.2
0.0	632.4	1493.4	2635.7	3706.3
428.6	480.6	1475.1	2297.5	3392.5
0.0	483.2	1384.6	2190.9	3329.7
157.7	501.2	1312.9	2208.4	3325.4
161.5	528.4	1250.2	2204.1	3300.3
161.8	539.2	1203.9	2194.5	3256.5
161.9	531.4	1146.5	2189.9	3313.2
162.0	498.1	1134.4	2217.4	3430.6
163.5	495.1	1155.8	2257.2	3384.1
164.7	479.8	1180.4	2266.1	3133.1
164.3	485.8	1221.8	2248.0	2953.6
163.3	408.5	1232.0	2246.2	2961.3
157.7	685.4	1247.0	2470.3	3082.4
72.5	309.8	1392.1	2719.7	3045.7
67.5	663.1	1833.2	2706.9	3360.8
71.0	914.9	1839.8	2649.8	3379.1
0.0	999.6	1827.7	2543.2	3455.4
0.0	924.6	1792.6	2576.2	3299.7
0.0	935.1	1819.5	2777.8	3375.3
0.0	952.7	1819.1	3368.2	3372.8
0.0	657.3	1808.4	2819.9	3596.2
0.0	801.5	1718.8	2565.3	3476.6
0.0	796.8	1670.7	2528.7	3413.5
413.8	666.4	1657.9	2375.2	3421.6
85.7	776.9	1640.4	2255.6	3286.2
0.0	412.3	1572.0	2176.8	3230.4
0.0	405.7	1508.8	2185.9	3319.9
136.0	400.4	1437.6	2215.5	3310.2
134.5	388.0	1362.1	2208.4	3326.0
133.0	391.7	1249.3	2202.2	3326.0
128.7	391.7	1190.9	2215.0	3310.8
124.9	394.0	1131.9	2199.3	3304.3
121.0	407.5	1074.1	2243.3	3252.5
114.3	434.4	1053.0	2259.0	3224.8
107.6	429.5	1054.6	2257.2	3224.2
104.9	440.7	1093.1	2241.9	3180.3
101.8	458.4	1195.4	2238.0	3102.7
98.0	477.1	1269.5	2236.5	3073.0
93.7	502.0	1376.3	2211.1	3082.0
90.4	513.0	1457.1	2174.5	2982.6
87.5	534.5	1535.9	2198.6	2948.9
85.9	543.3	1597.3	2271.0	3002.9
82.5	532.3	1635.8	2385.1	3113.8
79.6	533.0	1647.4	2487.5	3198.6
118.8	515.8	1663.1	2442.9	3214.8
0.0	530.1	1621.4	2466.8	3279.5
0.0	759.6	1556.7	2561.1	3383.7
0.0	856.9	1619.2	2646.2	3416.3
0.0	895.2	1658.0	2561.5	3481.0
0.0	775.4	1629.7	2531.3	3509.2
0.0	846.1	1635.9	2660.5	3379.5
142.9	753.2	1719.8	2663.3	3420.7
0.0	762.3	1716.2	2584.5	3359.8
0.0	683.7	1678.1	2826.1	3338.7
0.0	840.4	1834.6	2990.3	3519.9
0.0	718.9	1785.8	2651.2	3666.2
0.0	925.3	1793.9	2578.0	3707.5
266.7	874.0	1727.1	2653.2	3706.6
140.5	785.0	1660.7	2543.1	3536.9
0.0	757.7	1564.2	2476.2	3530.5
76.4	740.9	1668.9	2436.0	3495.8
122.4	671.6	1705.3	2527.2	3501.6
0.0	688.9	1639.9	2375.8	3465.6
0.0	641.8	1538.8	2428.4	3340.9
133.3	653.8	1447.9	2383.0	3267.5
155.8	655.5	1547.1	2453.9	3278.6
187.5	643.3	1523.6	2417.9	3304.3
173.9	655.7	1526.1	2318.2	3313.5
74.5	725.8	1472.1	2353.6	3347.4
0.0	754.1	1485.3	2346.8	3345.6
