0.0	0.0	0.0	0.0	0.0
0.0	0.0	0.0	0.0	0.0
0.0	0.0	0.0	0.0	0.0
0.0	894.3	1737.0	2676.6	3516.8
0.0	876.1	1760.7	2657.5	3433.6
0.0	852.4	1725.7	2605.6	3386.0
0.0	748.5	1643.7	2576.0	3419.9
0.0	711.1	1626.9	2535.4	3371.3
0.0	724.6	1703.3	2586.1	3358.8
0.0	599.0	1691.8	2635.5	3403.7
0.0	1057.9	1856.0	2687.3	3444.6
0.0	911.1	1716.3	2561.9	3360.9
0.0	784.5	1767.8	2573.6	3407.9
0.0	854.7	1835.7	2600.4	3420.4
0.0	554.9	1659.4	2595.1	3367.3
0.0	641.4	1668.2	2602.6	3420.0
0.0	200.0	1472.6	2562.9	3345.7
352.9	486.1	1725.7	2572.1	3396.5
0.0	403.4	1764.4	2550.7	3401.0
279.1	618.7	1825.5	2556.9	3330.8
0.0	326.6	1984.7	2630.8	3477.2
0.0	357.3	2088.5	2638.4	3356.1
80.5	361.2	2116.5	2645.3	3563.2
0.0	393.4	2163.4	2603.1	3495.6
99.2	376.3	2188.5	2668.8	3474.2
99.7	616.1	2223.8	2647.5	3381.0
234.0	480.3	2196.3	2638.8	3435.8
105.0	532.5	2145.7	2642.4	3523.8
237.5	534.4	2080.4	2632.2	3509.6
115.9	536.9	1948.8	2646.2	3539.6
120.0	559.7	1910.9	2665.6	3557.6
122.1	553.6	1825.1	2648.3	3506.6
124.6	554.5	1721.7	2622.4	3568.7
126.3	547.0	1616.0	2608.4	3547.3
129.1	539.0	1584.0	2575.3	3524.1
131.5	308.2	1491.3	2487.5	3228.1
134.0	303.7	1455.0	2448.4	3360.2
139.5	289.4	1438.5	2406.8	3612.5
142.9	311.4	1470.0	2437.9	3701.2
143.6	295.6	1494.7	2503.1	3709.8
146.3	286.2	1602.3	2837.7	3776.0
145.6	633.0	1769.5	3118.2	3853.4
0.0	718.3	1832.3	3082.8	3770.2
292.7	597.0	1715.9	3042.5	3768.2
0.0	886.6	1851.2	3143.0	3840.5
80.5	1221.1	2146.3	3240.2	3836.4
169.0	1053.5	2166.1	3042.9	3765.9
0.0	614.8	1912.9	2947.6	3777.0
179.1	726.6	1985.5	2901.3	3615.0
153.8	838.8	1929.5	2852.8	3583.0
78.9	713.6	1976.9	2889.9	3642.5
0.0	661.6	1948.7	2796.8	3689.6
0.0	377.1	1709.1	2571.8	3569.5
0.0	472.0	1739.9	2559.4	3458.4
0.0	543.8	1736.8	2505.6	3328.6
287.3	546.4	1780.0	2495.6	3233.2
275.9	552.2	1842.8	2486.8	3299.2
135.9	554.7	1894.3	2463.7	3356.1
135.0	532.7	1918.7	2457.8	3333.6
134.4	459.4	1923.1	2439.3	3444.9
133.4	308.0	1675.2	2424.0	3362.8
132.4	283.0	1535.1	2345.2	3220.9
129.7	274.3	1626.8	2365.3	3242.4
128.6	265.6	1599.0	2405.0	3347.6
121.5	333.1	1420.7	2186.9	3207.3
80.7	314.5	1326.2	2222.5	3358.3
80.0	802.0	1712.6	2572.3	3506.0
85.7	814.3	1773.7	2711.1	3534.1
0.0	783.7	1697.6	2565.2	3477.5
0.0	918.9	1731.4	2521.0	3423.7
0.0	767.9	1565.6	2492.7	3247.1
0.0	929.4	1715.8	2597.7	3398.6
0.0	861.7	1602.7	2554.6	3515.0
0.0	993.5	1613.9	2474.9	3498.2
260.9	598.2	1603.8	2441.6	3418.5
0.0	474.9	1529.7	2403.4	3329.6
0.0	443.3	1464.0	2326.3	3187.2
105.7	446.7	1411.3	2302.7	3027.9
106.4	389.7	1512.8	2291.7	2994.7
101.9	527.9	1506.6	2347.5	3238.4
96.9	256.4	1457.9	2459.6	3338.8
94.2	230.3	1456.9	2536.0	3324.1
107.3	237.5	1539.3	2566.7	3421.2
102.6	256.0	1572.8	2670.8	3337.8
98.4	258.8	1595.0	2547.6	3284.3
98.4	247.2	1660.2	2458.4	3349.2
95.5	253.0	1712.6	2453.1	3308.3
95.1	509.7	1643.4	2550.8	3362.9
0.0	468.9	1667.2	2509.5	3459.4
0.0	457.2	1661.9	2462.0	3506.3
104.3	435.2	1628.8	2455.6	3439.4
114.0	439.9	1597.0	2450.8	3433.5
112.9	459.1	1564.4	2443.7	3492.2
113.7	460.9	1539.4	2425.6	3521.8
114.1	460.5	1499.3	2426.8	3523.2
113.5	460.4	1476.4	2411.0	3525.1
113.2	477.8	1486.1	2463.5	3585.5
112.4	573.4	1663.2	2832.4	3593.8
109.8	700.9	1853.6	3133.1	3711.6
108.1	941.7	1893.0	2997.3	3743.2
0.0	968.9	1921.1	3024.7	3733.6
0.0	917.2	1941.4	3127.7	3772.5
0.0	886.1	1883.3	3140.8	3746.2
0.0	750.4	1889.9	3032.2	3712.5
0.0	628.5	1682.3	2844.6	3683.0
266.7	751.6	1672.9	2813.2	3623.0
255.3	906.6	1564.0	2626.4	3557.0
69.4	535.7	1422.7	2437.6	3518.0
0.0	432.5	1315.3	2328.0	3438.8
115.4	452.9	1204.5	2323.9	3267.9
100.8	669.8	1414.4	2336.1	3211.0
81.1	280.4	1634.5	2516.2	3437.8
151.9	572.2	1585.9	2498.6	3454.7
86.3	462.2	1581.9	2586.3	3491.0
0.0	804.1	1914.2	2641.6	3519.4
0.0	825.9	2053.4	2632.4	3389.7
0.0	1158.5	2198.1	2841.8	3486.0
240.0	1122.4	2225.0	2936.1	3616.6
387.1	884.0	2061.8	2971.8	3503.5
0.0	699.5	1481.5	2756.2	3485.9
0.0	741.6	1442.1	2593.9	3561.0
0.0	560.4	1357.0	2530.6	3585.5
0.0	511.4	1280.0	2532.1	3568.4
101.7	500.6	1298.4	2542.0	3594.9
99.4	315.9	1340.1	2455.6	3522.5
94.7	293.8	1363.4	2484.3	3371.0
94.3	296.0	1345.1	2444.6	3212.5
96.0	308.5	1400.8	2303.2	2821.4
95.2	335.9	1456.2	2228.0	2828.4
95.2	443.8	1545.7	2345.8	3388.1
98.4	623.3	1583.8	2571.2	3422.4
97.8	631.8	1652.4	2582.3	3374.4
99.2	615.7	1664.1	2561.5	3330.1
98.3	632.9	1654.5	2571.7	3309.4
98.9	725.0	1715.6	2553.7	3300.0
99.6	697.3	1705.9	2545.5	3331.2
100.2	698.2	1677.1	2516.0	3362.9
99.4	709.5	1657.8	2483.7	3361.2
99.5	704.0	1626.6	2455.1	3354.9
100.8	702.4	1591.1	2416.4	3319.2
99.0	796.0	1564.1	2443.7	3319.6
98.6	698.8	1482.8	2471.6	3453.8
98.3	594.4	1437.8	2444.8	3378.8
98.7	568.5	1404.9	2424.2	3554.4
99.7	494.8	1399.3	2465.7	3642.8
98.2	614.3	1497.7	2550.8	3643.9
94.5	645.2	1721.7	2655.1	3636.7
92.2	1132.8	2159.0	3185.5	3697.4
137.6	1076.5	2140.8	3182.8	3561.9
133.3	450.8	2102.1	3075.4	3148.9
146.3	556.5	1762.0	2584.3	3193.3
146.3	273.3	1614.5	2568.2	3426.3
130.4	259.7	1584.3	2586.1	3474.2
125.0	272.8	1399.6	2377.7	3362.3
142.9	303.7	1446.2	2278.6	3218.9
142.9	334.9	1413.0	2288.1	3150.9
248.6	515.9	1514.4	2356.9	3239.1
105.3	531.8	1538.3	2435.5	3265.9
260.4	585.0	1541.8	2486.8	3262.7
98.0	587.9	1514.0	2526.0	3243.2
97.9	530.2	1446.5	2489.7	3289.2
96.4	299.7	1385.6	2434.2	3381.7
93.8	265.5	1420.8	2521.1	3320.1
93.8	269.8	1447.9	2471.9	3165.2
96.0	298.4	1404.1	2468.9	3133.1
94.5	273.5	1209.9	2235.1	2810.4
94.5	482.6	1160.2	2412.6	2888.1
96.0	398.2	1185.1	2592.2	3377.3
97.6	481.1	1183.3	2503.1	3392.1
97.7	755.2	1163.9	2464.8	3487.0
98.7	672.7	1039.9	2612.3	3481.6
99.1	738.6	1058.0	2638.2	3365.4
98.7	733.7	1066.6	2643.1	3242.6
97.0	765.0	1068.6	2663.6	3295.5
97.7	775.9	1058.1	2677.9	3319.6
97.3	810.2	1068.9	2663.5	3253.1
95.9	743.4	1041.4	2690.3	3271.9
95.9	748.1	1023.9	2674.9	3249.3
102.0	730.4	1038.8	2637.0	3269.3
93.9	716.0	1040.0	2659.7	3281.8
92.1	710.1	1022.1	2658.3	3301.0
91.5	718.0	1018.6	2598.0	3324.6
91.3	719.3	1034.0	2376.7	3119.9
105.9	853.6	1059.4	2430.1	3135.3
92.2	623.3	1016.1	2549.6	3226.1
90.5	876.7	1087.7	2591.5	3254.4
100.8	658.6	1060.0	2511.9	3097.3
106.6	720.6	1065.8	2529.8	3153.7
269.5	711.7	1041.5	2511.3	3184.1
76.2	687.1	1091.9	2568.0	3230.7
282.4	860.7	1289.5	2535.6	3298.4
70.6	711.9	1073.4	2276.7	3169.8
126.5	768.9	1112.2	2371.2	3265.2
100.7	786.4	1507.3	2859.4	3435.8
102.3	859.1	1642.6	3113.5	3659.8
100.0	883.8	1723.7	3187.5	3707.6
0.0	928.3	1627.4	3104.3	3592.8
0.0	1003.6	1912.0	3136.4	3660.2
0.0	1078.9	2037.3	3440.2	3508.6
255.3	1144.9	2259.9	3203.2	3729.2
0.0	886.8	2329.2	3253.7	3711.6
0.0	910.3	2213.5	3164.2	3635.6
0.0	535.1	1844.3	2976.2	3633.8
75.5	913.7	1846.2	2796.5	3566.1
0.0	801.7	1495.5	2572.7	3376.1
0.0	824.0	1501.3	2487.2	3395.3
0.0	801.4	1513.2	2486.2	3512.2
0.0	1125.4	2108.6	3026.5	3857.2
0.0	625.4	1831.5	2816.4	3758.3
0.0	441.8	1499.8	2443.8	3555.2
0.0	767.7	1594.5	2484.7	3587.5
137.9	768.2	1595.0	2546.3	3600.0
333.3	732.8	1512.0	2452.2	3535.4
153.8	689.5	1457.2	2496.9	3520.5
0.0	621.8	1476.3	2533.6	3518.7
0.0	784.3	1486.9	2607.9	3437.5
0.0	893.5	1496.5	2548.7	3398.1
64.5	901.1	1550.5	2542.8	3418.7
352.9	795.9	1484.3	2572.6	3391.1
166.7	735.8	1395.1	2385.7	3329.6
0.0	926.3	1385.1	2478.3	3444.0
0.0	921.1	1397.6	2535.7	3410.4
0.0	896.0	1574.1	2415.4	3297.4
