0.0	0.0	0.0	0.0	0.0
0.0	0.0	0.0	0.0	0.0
0.0	0.0	0.0	0.0	0.0
0.0	525.4	1693.7	2576.7	3516.6
0.0	942.3	1867.0	2455.2	3423.0
0.0	1000.8	2059.5	2529.9	3394.4
0.0	899.5	1761.2	2554.1	3269.1
0.0	818.7	1658.7	2501.7	3253.0
0.0	629.4	1522.5	2429.4	3169.9
0.0	852.6	1749.0	2616.8	3300.6
0.0	857.9	1778.6	2639.9	3327.8
0.0	1003.9	1638.3	2651.1	3371.0
78.4	1044.3	1905.6	2732.0	3435.0
0.0	1035.5	1795.3	2678.9	3439.2
123.3	1101.7	1918.9	2716.7	3471.6
0.0	929.8	1837.3	2572.6	3353.3
0.0	993.7	1646.3	2504.7	3334.3
0.0	995.7	1844.1	2678.6	3471.6
0.0	1066.9	1804.4	2675.2	3424.2
85.1	963.0	1665.8	2649.5	3413.8
72.7	940.7	1683.7	2655.0	3497.4
0.0	635.0	1461.7	2634.1	3567.1
120.0	1167.4	1865.7	2712.1	3505.6
545.5	1089.5	1829.0	2615.5	3381.9
0.0	911.3	1642.6	2565.1	3415.1
0.0	1070.1	1672.6	2543.5	3405.0
0.0	1060.0	1621.3	2630.0	3481.0
0.0	962.3	1587.6	2619.4	3527.9
0.0	995.2	1608.2	2611.4	3451.4
0.0	641.4	1411.0	2500.4	3265.1
0.0	633.5	1369.9	2449.7	3082.4
0.0	642.2	1293.7	2490.9	3237.2
0.0	647.7	1249.5	2524.2	3530.6
0.0	639.6	1185.6	2529.9	3532.4
0.0	607.2	1143.4	2631.1	3435.2
107.1	618.3	1111.9	2749.7	3412.8
109.1	623.5	1070.2	2691.9	3414.9
110.1	593.9	1031.0	2662.9	3417.0
114.3	572.4	998.7	2703.8	3413.9
117.8	533.8	985.9	2768.5	3370.4
121.2	508.7	958.9	2827.3	3386.5
122.5	494.2	931.3	2803.4	3375.9
123.5	489.2	911.7	2572.0	3393.1
123.8	486.8	920.4	2525.8	3461.8
123.5	434.8	910.9	2437.8	3369.1
120.0	522.3	994.8	2278.2	3172.5
114.3	507.8	1084.0	2265.0	3244.9
107.1	387.3	1182.2	2352.5	3252.7
100.8	479.7	1378.9	2691.0	3425.2
230.8	843.9	1625.8	2722.1	3544.0
64.2	446.4	1645.1	2637.5	3387.2
444.4	1123.5	1887.7	2414.7	3424.2
0.0	924.3	1851.6	2417.5	3448.0
0.0	688.5	1803.6	2349.2	3457.3
250.0	717.2	1974.0	2491.4	3344.7
0.0	483.9	2005.6	2559.6	3253.8
0.0	468.1	1943.1	2448.1	3210.6
0.0	506.2	1871.9	2436.5	3193.9
130.5	522.1	1873.4	2429.6	3225.1
130.4	534.2	1872.4	2387.8	3161.8
130.4	529.0	1876.6	2383.5	3136.7
130.6	528.6	1899.2	2441.9	3146.8
130.7	523.3	1909.8	2475.8	3112.0
129.5	516.7	1917.3	2468.2	3147.2
127.8	510.4	1949.3	2473.9	3204.4
124.6	500.7	1978.1	2489.3	3141.9
119.3	487.4	2007.8	2498.0	3163.9
116.5	466.6	2049.5	2505.4	3190.2
112.1	447.5	2087.0	2514.3	3200.6
109.1	431.0	2122.7	2518.0	3207.5
104.7	415.1	2149.5	2541.1	3197.0
100.8	401.0	2173.0	2597.3	3182.5
97.7	387.0	2198.3	2597.0	3205.1
96.0	369.9	2208.9	2566.4	3182.7
92.3	365.4	2224.6	2556.7	3174.0
90.9	371.9	2241.1	2573.8	3170.0
86.3	365.3	2248.6	2645.7	3185.7
81.0	391.8	2207.8	2500.6	3192.1
78.1	351.2	2077.8	2322.9	3128.3
75.9	487.0	1799.9	2307.8	3118.7
69.8	947.9	1677.3	2295.0	3221.8
78.9	1143.6	1715.3	2545.2	3342.5
0.0	1110.2	1815.8	2498.1	3374.2
0.0	1081.3	1904.3	2439.2	3496.2
110.1	862.7	1687.9	2465.4	3428.7
218.2	793.6	1707.3	2557.5	3361.1
0.0	264.2	1569.6	2516.9	3309.1
0.0	290.1	1378.9	2466.9	3290.6
0.0	1156.9	2068.6	2698.3	3843.2
95.2	1253.5	1825.2	2665.9	3733.3
94.5	1218.6	1912.0	2673.0	3475.0
0.0	1112.2	1766.0	2540.5	3355.5
203.4	1160.6	1896.0	2461.6	3381.2
0.0	1166.5	1903.5	2600.0	3466.8
0.0	1142.0	1709.7	2535.9	3377.4
0.0	298.5	1239.4	2419.1	3298.4
0.0	749.6	1281.7	2450.4	3365.8
0.0	973.7	1641.1	2621.9	3364.3
0.0	857.7	1521.4	2713.2	3332.5
0.0	1024.8	1832.8	2698.4	3479.1
0.0	999.6	1952.2	2733.2	3495.5
0.0	1014.8	1797.7	2613.1	3433.6
150.0	1090.3	1668.0	2618.3	3402.2
0.0	1159.3	1888.8	2705.6	3483.4
0.0	1155.5	1817.9	2643.3	3467.7
0.0	1061.7	1722.5	2534.0	3435.6
0.0	1078.9	1983.0	2688.0	3476.9
0.0	1117.4	1913.1	2717.6	3374.9
0.0	1025.6	1811.5	2632.5	3355.2
0.0	993.7	1763.3	2540.3	3313.0
0.0	548.0	1442.7	2301.3	3330.1
0.0	600.2	1898.4	2679.8	3571.3
461.5	628.2	1960.0	2678.7	3536.5
0.0	465.2	1948.1	2724.4	3404.5
0.0	505.2	1909.5	2713.1	3311.1
113.6	530.4	1907.0	2650.4	3334.4
112.5	546.5	1914.3	2551.2	3255.0
112.4	551.2	1925.7	2544.6	3283.5
114.8	555.6	1944.5	2537.6	3247.9
116.8	531.2	1991.0	2585.7	3233.7
117.0	497.1	2034.1	2538.2	3230.4
117.6	468.5	2051.7	2494.9	3218.6
117.4	437.8	2068.6	2438.1	3211.0
116.5	401.5	2113.6	2348.0	3258.1
114.9	436.7	1974.9	2292.8	3243.9
109.4	212.7	1231.8	2308.1	3234.9
71.4	210.8	1360.1	2280.4	3174.0
74.5	208.3	1548.4	2202.4	3107.7
104.3	207.9	1201.8	2221.4	3217.4
0.0	551.3	1407.2	2311.4	3295.1
0.0	566.0	1459.6	2385.6	3296.1
0.0	200.0	1398.6	2470.4	3237.0
103.4	201.2	1347.3	2440.8	3269.1
110.1	200.0	1301.9	2475.3	3289.3
103.4	200.9	1317.6	2448.8	3310.7
98.4	200.0	1334.8	2410.0	3339.7
0.0	763.4	1530.8	2425.5	3369.9
0.0	852.0	1669.3	2496.7	3437.0
0.0	374.4	1630.5	2526.7	3423.6
0.0	394.9	1645.3	2573.8	3389.7
106.2	420.5	1666.2	2578.8	3353.6
103.4	403.8	1644.5	2583.8	3325.2
100.9	401.4	1656.3	2589.4	3358.0
98.6	477.9	1721.8	2542.5	3267.4
95.8	536.1	1941.2	2468.4	3276.3
101.7	232.8	1374.2	2446.6	3277.1
71.9	232.3	1305.5	2385.3	3343.4
65.9	658.0	1228.5	2388.2	3295.6
0.0	1003.1	1633.2	2491.6	3283.4
0.0	1085.2	1726.5	2441.0	3356.6
0.0	1075.9	1591.0	2300.6	3207.3
157.0	1218.5	1640.4	2256.6	3141.7
0.0	1333.2	1753.8	2398.1	3198.1
0.0	1287.8	1853.8	2450.8	3272.7
0.0	1349.7	1956.4	2651.5	3272.2
0.0	1131.6	1833.3	2556.1	3353.1
0.0	956.9	1869.4	2521.0	3328.8
0.0	472.9	1839.2	2373.3	3057.3
0.0	496.1	1344.8	1875.4	2967.5
0.0	503.2	1303.5	1876.5	2980.2
121.1	525.5	1317.0	1921.3	3007.6
118.4	552.2	1325.4	1978.3	3007.0
118.4	579.4	1333.1	2049.6	3017.0
118.2	589.1	1353.2	2086.7	3038.0
116.6	596.5	1414.4	2186.9	3128.7
114.8	594.2	1481.5	2262.0	3205.2
113.7	585.2	1543.1	2324.3	3219.5
112.2	572.6	1611.6	2341.4	3289.4
109.3	536.8	1680.3	2376.9	3286.4
107.2	509.4	1760.7	2394.5	3271.0
104.5	487.1	1827.0	2407.3	3304.5
101.2	478.6	1903.3	2436.0	3305.6
98.2	467.6	1964.6	2472.5	3320.5
95.7	444.7	2004.9	2491.9	3338.4
91.7	408.8	2046.5	2491.8	3312.1
87.6	402.8	2070.7	2416.7	3331.3
83.3	387.9	2091.6	2422.6	3331.1
77.9	394.9	2135.8	2470.5	3328.0
77.4	383.7	2182.7	2459.2	3266.8
72.2	354.7	2160.0	2496.7	3203.4
70.2	443.7	2140.5	2480.4	3211.1
70.2	407.7	1997.4	2483.8	3170.9
63.8	820.9	1949.0	2398.4	3125.3
65.2	798.5	1797.8	2176.5	3109.9
63.5	590.4	1697.6	2162.6	3083.1
0.0	577.8	1645.6	2307.6	3273.4
67.4	762.0	1632.2	2436.6	3357.8
0.0	765.6	1666.8	2406.9	3309.3
0.0	743.9	1672.7	2447.0	3380.8
250.0	660.3	1528.6	2556.2	3403.7
0.0	742.0	1569.8	2528.9	3366.4
0.0	579.8	1622.2	2454.7	3308.2
71.0	591.6	1801.5	2603.6	3339.6
255.3	359.9	1634.0	2647.0	3336.7
260.9	529.2	1547.3	2621.6	3310.6
