0.0	0.0	0.0	0.0	0.0
0.0	0.0	0.0	0.0	0.0
0.0	0.0	0.0	0.0	0.0
0.0	992.2	1684.1	2687.0	3570.0
0.0	730.6	1679.0	2651.9	3470.8
0.0	957.9	1877.1	2720.2	3431.8
0.0	924.2	1900.4	2711.2	3353.3
0.0	898.4	1781.3	2755.8	3408.8
0.0	864.0	1713.1	2627.9	3474.9
0.0	857.2	1714.9	2596.9	3423.2
0.0	836.9	1731.2	2644.9	3441.1
0.0	883.7	1785.7	2575.3	3521.4
0.0	843.8	1845.5	2570.2	3453.6
0.0	865.2	1847.5	2744.3	3426.4
0.0	948.6	1910.4	2756.6	3457.9
0.0	961.7	1896.8	2852.9	3535.8
0.0	728.6	1853.1	2743.5	3504.4
0.0	580.8	1917.7	2275.0	3256.2
246.1	1110.4	2057.8	2296.3	3376.7
260.1	1331.9	1564.2	2493.8	3304.5
141.2	1124.3	1453.5	2432.5	3220.8
0.0	849.1	1604.3	2518.2	3384.1
0.0	825.8	1683.1	2558.5	3500.7
0.0	851.3	1775.1	2478.8	3545.1
0.0	815.3	1821.4	2500.4	3593.2
0.0	782.3	1773.0	2415.7	3545.2
0.0	810.5	1737.6	2418.4	3404.6
0.0	757.9	1816.0	2488.4	3445.6
0.0	684.9	1787.7	2471.4	3420.5
0.0	669.9	1703.2	2396.0	3317.2
0.0	652.6	1674.1	2352.4	3184.9
157.9	627.8	1646.1	2343.4	3234.0
184.4	794.9	1600.2	2335.8	3299.3
0.0	755.5	1564.2	2310.2	3329.2
107.1	662.9	1533.6	2305.4	3316.0
105.3	682.2	1481.9	2299.4	3376.4
105.5	696.6	1432.3	2274.3	3315.1
104.3	654.0	1404.4	2293.7	3295.9
115.5	707.4	1367.4	2274.8	3421.5
97.7	599.7	1313.3	2221.2	3426.2
98.3	349.5	1517.6	2249.3	3305.8
88.2	337.8	1766.5	2352.5	3376.1
0.0	392.4	1835.5	2396.5	3491.8
0.0	488.7	1237.2	2327.8	3614.6
134.8	489.1	1000.6	2342.1	3561.7
94.9	450.8	971.0	2316.4	3545.7
89.6	413.9	979.6	2346.8	3585.0
0.0	422.1	970.1	2367.3	3643.0
99.1	438.2	934.4	2351.9	3627.8
103.1	515.6	939.3	2366.9	3577.0
108.1	675.6	1008.8	2410.5	3472.8
111.8	753.3	1071.3	2397.5	3419.2
110.5	731.5	1051.7	2429.1	3437.1
111.1	736.5	1069.4	2425.8	3370.1
110.4	731.6	1049.8	2442.1	3396.3
112.3	724.6	1015.1	2460.6	3393.9
113.4	737.9	1017.2	2447.4	3463.2
114.1	812.2	1063.1	2413.9	3438.7
115.0	815.5	1005.5	2389.8	3448.4
116.3	733.0	1021.7	2467.1	3542.6
117.1	735.1	1049.4	2448.0	3527.8
118.6	713.9	1057.8	2423.7	3417.5
119.8	657.6	1081.3	2367.0	3521.7
120.8	630.5	1133.5	2330.0	3537.7
122.2	611.0	1122.7	2337.4	3482.8
122.9	649.7	1171.6	2328.5	3476.3
125.1	892.2	1400.9	2423.8	3631.0
127.0	1124.2	1990.4	2936.8	3699.8
127.5	981.9	1825.6	2963.6	3709.9
0.0	951.6	1788.5	3004.2	3820.9
0.0	865.9	1898.6	3058.2	3727.7
0.0	805.0	1810.7	3111.8	3592.4
244.9	926.1	1771.8	3184.6	3599.5
107.1	494.3	1644.1	3362.3	3474.3
413.8	1304.9	1837.5	3131.7	3583.5
255.3	1011.7	1390.1	2693.3	3509.4
222.2	921.5	1296.2	2663.1	3492.6
0.0	1040.3	1668.8	2695.4	3532.4
76.4	546.3	1708.2	2728.0	3565.2
0.0	767.6	1691.9	2618.1	3504.7
0.0	862.9	1494.1	2411.6	3430.6
324.3	624.5	1427.7	2384.7	3635.9
324.3	482.1	1407.0	2446.9	3595.5
0.0	426.8	1358.5	2369.8	3330.6
0.0	429.5	1270.8	2384.2	3362.7
0.0	429.0	1220.3	2368.1	3366.3
107.4	447.0	1149.5	2347.8	3336.6
112.8	437.4	1104.4	2373.4	3321.2
108.9	433.0	1075.0	2382.3	3295.1
109.3	430.9	1061.4	2397.0	3319.6
108.2	423.6	1054.2	2398.7	3327.1
106.4	424.9	999.1	2442.6	3308.6
105.4	434.2	995.7	2458.5	3281.6
103.6	443.1	975.2	2427.5	3333.7
102.9	475.2	938.1	2389.4	3287.2
108.1	479.2	947.7	2409.4	3250.9
118.2	494.7	958.1	2430.2	3313.9
122.0	530.1	954.4	2492.0	3343.1
202.7	525.8	941.2	2509.0	3377.1
100.1	507.2	908.2	2491.9	3361.8
99.4	476.8	894.8	2531.5	3322.3
100.8	474.0	896.2	2557.1	3574.8
101.0	475.0	886.2	2495.1	3627.8
101.6	483.4	865.4	2469.7	3556.9
102.9	462.7	851.4	2494.8	3457.7
102.0	455.9	835.0	2548.7	3419.9
104.2	440.8	829.4	2312.9	3229.9
103.7	457.6	789.5	2271.8	3294.4
103.6	424.4	771.7	2268.9	3289.1
106.2	411.1	792.8	2282.9	3301.1
109.1	514.2	1333.0	2433.3	3303.3
111.1	506.3	1353.6	2367.2	3329.5
107.7	409.0	1408.2	2381.3	3314.8
101.7	318.6	1329.2	2395.9	3209.0
102.6	322.2	1398.3	2342.2	3178.0
105.3	332.1	1469.7	2356.3	3202.3
108.1	318.9	1469.1	2464.6	3260.6
105.3	349.8	1525.6	2407.2	3217.1
117.6	356.3	1509.3	2390.9	3265.0
107.1	372.0	1366.8	2329.5	3310.9
105.3	361.5	1405.8	2283.8	3364.7
122.4	354.8	1337.0	2383.4	3305.4
106.2	363.5	1336.2	2407.4	3336.4
123.7	500.5	1454.6	2374.3	3380.2
117.6	913.3	1544.7	2503.1	3244.8
0.0	932.2	1393.1	2452.1	3166.9
0.0	1029.0	1500.6	2543.3	3323.4
279.1	860.5	1494.0	2528.9	3403.9
142.9	836.3	1466.5	2438.2	3349.0
0.0	600.4	1564.0	2578.2	3598.3
0.0	293.1	1775.1	2650.3	3487.8
0.0	312.4	1680.6	2585.7	3351.6
133.3	527.2	1312.9	2562.4	3472.6
0.0	607.0	1356.2	2500.9	3613.6
0.0	425.8	1354.6	2493.9	3557.8
103.1	435.1	1390.1	2466.0	3619.2
89.9	424.7	1420.1	2490.1	3651.6
101.7	418.3	1425.8	2528.5	3651.7
95.6	472.5	1471.4	2523.0	3692.1
96.1	503.1	1503.5	2537.3	3662.5
105.7	818.9	1669.6	2574.9	3659.3
105.8	770.9	1648.1	2644.2	3673.3
115.4	741.0	1644.9	2956.2	3675.8
0.0	786.6	1751.3	3016.5	3721.6
0.0	770.7	1761.1	3054.0	3701.8
0.0	858.5	1767.2	3147.1	3661.9
0.0	949.4	1866.1	3141.3	3724.6
0.0	793.0	1749.4	2973.9	3715.3
0.0	901.8	1798.3	3037.2	3732.5
130.4	611.3	1676.0	3066.9	3779.1
0.0	810.8	1686.0	2864.6	3693.2
0.0	762.3	1659.9	2622.9	3621.6
203.4	669.1	1514.4	2464.8	3491.1
0.0	643.4	1491.3	2417.2	3342.4
0.0	669.3	1496.8	2422.2	3342.5
99.4	708.2	1543.5	2450.4	3336.0
106.6	689.3	1602.5	2447.4	3332.6
105.9	693.5	1662.5	2440.5	3322.6
106.3	713.1	1710.9	2460.6	3333.4
104.9	668.1	1738.6	2452.4	3283.1
103.0	716.1	1772.9	2463.8	3261.4
100.1	798.1	1814.4	2466.3	3261.8
98.0	648.1	1849.7	2455.7	3268.9
96.8	619.4	1856.0	2478.5	3228.5
94.8	639.4	1898.2	2498.0	3234.6
93.8	671.8	1958.9	2499.1	3298.8
91.6	630.2	1933.9	2480.0	3251.8
89.8	541.4	1886.9	2469.4	3263.3
234.1	543.8	1958.2	2454.4	3119.0
77.7	497.7	1876.3	2396.2	3084.3
245.9	481.2	1605.8	2253.5	3182.5
250.0	461.1	1431.6	2215.8	3243.5
72.3	250.7	1383.9	2218.3	3178.0
0.0	252.7	1389.4	2160.5	3296.6
571.4	257.9	1393.9	2125.8	3273.5
0.0	275.0	1450.7	2168.5	3153.7
0.0	268.2	1482.8	2291.7	3189.5
100.8	304.6	1577.3	2293.5	3248.2
106.2	948.4	1650.8	2299.9	3329.8
106.2	714.0	1416.2	2308.8	3216.6
110.5	886.0	1485.0	2501.4	3251.2
114.1	945.0	1532.2	2581.0	3394.5
110.3	812.0	1507.3	2527.5	3338.2
118.8	786.2	1469.3	2426.9	3386.1
85.7	874.1	1511.1	2439.7	3295.9
97.6	828.5	1508.5	2443.8	3355.1
0.0	849.3	1411.2	2377.0	3384.9
0.0	870.4	1436.5	2464.4	3489.9
0.0	701.1	1452.6	2543.0	3514.7
141.2	759.6	1418.0	2408.6	3448.5
