0.0	0.0	0.0	0.0	0.0
0.0	0.0	0.0	0.0	0.0
0.0	0.0	0.0	0.0	0.0
0.0	573.1	1702.1	2717.2	3392.9
0.0	934.8	1788.1	2700.3	3392.2
0.0	888.5	1730.7	2604.6	3384.6
0.0	307.4	1600.4	2629.8	3471.0
0.0	315.5	1486.7	2500.3	3395.0
235.3	561.2	1568.1	2500.7	3459.7
0.0	718.3	1619.9	2587.4	3370.6
0.0	760.9	1555.6	2557.5	3372.5
0.0	530.6	1505.6	2516.1	3438.3
0.0	695.9	1532.8	2536.1	3418.7
90.2	456.7	1501.4	2526.4	3390.3
0.0	509.0	1463.8	2537.7	3387.5
0.0	589.8	1454.2	2451.7	3303.4
0.0	569.2	1489.8	2498.5	3427.1
0.0	500.3	1609.3	2569.2	3523.2
0.0	477.2	1666.8	2634.4	3539.4
166.9	498.1	1738.6	2608.9	3558.3
0.0	477.6	1776.3	2662.9	3572.8
146.1	464.0	1838.4	2671.1	3577.0
133.3	445.3	1915.4	2638.2	3557.7
134.6	434.0	1954.0	2629.3	3529.3
134.1	413.5	1976.0	2637.5	3436.7
135.1	410.2	1982.5	2616.3	3413.3
135.5	412.4	1979.8	2556.0	3450.1
135.3	412.1	1960.7	2497.3	3467.1
132.8	430.3	1788.6	2430.6	3356.5
127.6	530.8	1714.2	2422.2	3343.8
132.3	739.7	1714.1	2596.8	3454.0
72.7	1053.8	1817.5	2708.8	3416.3
0.0	1062.9	1728.2	2639.0	3382.2
109.1	750.7	1784.3	2557.6	3423.9
0.0	760.7	1807.5	2563.6	3406.4
0.0	1113.3	1728.8	2605.3	3437.6
0.0	1231.8	1724.9	2631.6	3375.6
193.5	1073.2	1765.6	2477.9	3392.9
184.7	1029.8	1675.3	2455.2	3359.0
184.6	628.9	1524.3	2524.8	3424.5
0.0	694.5	1395.5	2518.2	3397.5
279.1	598.0	1123.4	2334.1	3289.5
0.0	630.9	1074.9	2259.3	3370.7
144.0	635.5	1081.3	2257.7	3427.2
143.1	648.1	1114.6	2409.9	3435.6
139.5	711.4	1159.9	2368.2	3416.5
138.7	678.9	1223.0	1984.1	3373.5
137.7	658.5	1303.0	2045.1	3409.5
137.4	652.4	1361.3	2528.6	3499.8
136.7	631.6	1432.4	2607.9	3516.4
136.3	595.3	1577.6	2627.9	3497.5
134.3	577.3	1696.9	2549.0	3515.1
134.4	560.1	1857.2	2685.1	3565.7
134.5	543.6	1963.9	2725.1	3564.0
133.4	507.7	1950.5	2663.9	3596.7
132.8	462.4	1737.4	2376.6	3586.0
130.9	244.6	1163.6	2330.4	3607.9
131.3	238.5	1328.6	2337.0	3612.1
130.6	239.0	1530.9	2353.7	3769.5
130.1	255.6	1725.1	2343.6	3664.0
127.9	265.1	1748.1	2361.4	3623.4
125.8	275.2	1745.7	2405.7	3595.2
124.2	241.2	1690.5	2431.8	3431.9
124.6	253.1	1662.3	2474.2	3399.3
121.5	253.1	1637.3	2584.8	3506.4
121.2	277.2	1632.9	2604.7	3449.4
121.2	329.0	1570.3	2559.0	3269.8
123.7	650.4	1919.8	2682.2	3722.3
0.0	451.4	1967.9	2736.3	3750.8
0.0	384.8	2019.8	2723.8	3541.2
160.0	403.0	2123.8	2687.4	3445.2
143.9	429.0	2156.8	2757.6	3512.3
144.6	386.1	2186.9	2738.1	3536.5
145.6	393.5	2218.7	2814.7	3550.8
146.5	337.1	2231.8	2798.5	3530.8
148.4	317.6	2247.2	2730.3	3524.3
149.3	306.4	2241.5	2818.1	3491.3
150.4	305.1	2258.4	2826.0	3496.4
151.5	320.1	2238.0	2685.2	3485.4
156.2	322.7	2165.8	2434.7	3408.6
158.6	347.2	919.5	2320.5	3374.3
74.9	235.5	1044.8	2322.9	3398.0
73.2	230.8	1523.1	2491.8	3391.6
95.2	709.3	1623.9	2552.2	3378.7
67.0	943.3	1682.6	2641.0	3450.5
80.5	964.8	1895.9	2650.2	3445.8
0.0	1043.3	1884.3	2626.1	3418.8
0.0	514.3	1510.2	2539.6	3350.7
0.0	512.0	1291.5	2397.7	3242.1
0.0	1026.1	1699.6	2611.2	3273.8
111.1	952.0	1698.5	2693.5	3436.5
0.0	1157.2	1720.7	2663.3	3462.7
0.0	856.4	1752.3	2703.2	3388.6
0.0	882.6	1691.0	2687.5	3384.0
0.0	473.3	1693.1	2670.5	3393.7
0.0	615.9	1820.9	2737.3	3414.4
0.0	687.0	1715.9	2635.1	3380.4
0.0	722.4	1646.0	2579.2	3432.4
0.0	785.4	1594.6	2563.2	3337.4
126.3	778.1	1653.6	2520.8	3157.2
0.0	771.0	1695.5	2513.7	3090.2
0.0	684.8	1710.9	2535.9	3165.2
159.7	628.8	1656.1	2504.7	3513.4
152.7	617.7	1622.2	2498.9	3580.3
149.1	605.0	1580.5	2486.9	3630.0
147.5	614.0	1584.2	2562.4	3619.3
146.0	613.0	1582.1	2554.0	3704.1
145.3	616.2	1612.2	2558.0	3767.5
142.3	613.4	1645.2	2640.9	3861.5
138.4	682.7	1653.4	2726.3	3775.5
133.3	794.1	1683.9	2806.3	3863.8
133.3	849.4	1688.2	2883.5	4224.8
176.5	849.3	1799.9	2730.6	4058.7
70.2	863.8	1851.0	2814.0	4209.1
0.0	775.3	1765.6	2848.7	4065.0
126.3	950.3	1800.8	2868.5	4017.1
123.7	693.5	1733.9	2936.7	4329.9
333.3	812.8	1645.8	2892.6	4097.3
352.9	867.4	1730.2	2952.3	4039.9
226.4	755.1	1739.8	2711.5	3780.3
118.8	772.0	1669.7	2586.1	3705.7
125.0	529.3	1564.8	2569.5	3698.8
0.0	526.2	1494.2	2625.0	3615.8
169.0	494.7	1319.3	2415.1	3328.9
143.4	347.9	1123.3	2305.4	3262.8
70.7	312.5	1100.5	2206.6	3374.5
137.5	295.1	1117.9	2176.5	3494.2
134.9	275.4	1139.2	2214.2	3696.4
133.3	272.9	1154.0	2235.1	3832.1
132.9	255.4	1156.1	2213.7	3845.1
131.9	272.9	1223.9	2209.4	3752.0
131.9	525.5	1443.3	2236.5	3502.2
140.5	548.3	1563.4	2485.3	3411.0
129.2	555.8	1626.4	2570.4	3442.8
128.0	550.4	1644.6	2612.3	3600.7
127.5	542.9	1649.3	2613.1	3716.0
127.5	520.8	1644.7	2623.6	3748.4
126.6	502.4	1632.2	2645.4	3726.0
125.9	492.0	1610.8	2648.3	3722.2
124.0	487.4	1591.1	2639.7	3711.5
121.9	451.1	1585.7	2656.9	3681.3
120.0	427.6	1619.1	2658.1	3723.8
114.3	427.4	1643.7	2713.2	3890.9
111.1	413.7	1621.7	2725.7	3791.6
214.3	448.3	1598.5	2662.0	3717.5
114.3	447.6	1628.1	2652.2	3787.6
126.3	456.6	1627.2	2640.0	3693.7
120.0	460.9	1637.1	2626.4	3558.8
120.0	484.8	1596.5	2630.2	3533.4
117.9	504.8	1547.4	2633.7	3441.4
114.3	520.7	1430.7	2534.2	3333.6
114.1	509.6	1244.7	2397.0	3315.6
114.3	380.1	1209.5	2361.8	3588.9
112.1	282.6	1192.7	2299.7	3533.1
115.7	210.5	1174.2	2294.9	3482.0
114.3	270.2	1187.0	2288.0	3510.3
115.4	259.8	1167.7	2310.1	3583.5
113.2	234.0	1190.6	2301.3	3380.2
111.1	237.3	1405.7	2312.0	3280.4
114.3	542.1	1660.2	2401.1	3333.9
238.7	574.9	1814.9	2681.7	3439.1
118.2	589.3	1868.8	2728.2	3531.4
116.1	579.1	1901.0	2711.7	3556.5
117.2	565.4	1900.6	2742.3	3589.8
118.1	572.1	1874.1	2743.7	3648.1
120.4	579.4	1834.1	2778.7	3631.4
120.8	564.3	1791.2	2782.6	3572.4
121.1	564.2	1724.5	2753.1	3448.4
121.1	521.1	1617.7	2515.7	3122.4
120.9	452.2	1520.9	2167.8	2809.9
121.2	221.4	1455.6	2697.1	3340.3
121.2	241.1	1470.0	2691.6	3246.6
121.2	244.0	1437.3	2686.3	3197.1
121.2	233.9	1437.1	2693.7	3566.6
121.2	416.3	1437.5	2690.7	3631.2
120.0	236.4	1451.0	2714.5	3712.2
119.1	236.2	1450.0	2692.5	3498.7
118.9	230.2	1454.4	2616.4	3055.6
118.5	497.9	1458.4	2654.8	3384.5
120.0	520.3	1502.2	2655.8	3504.2
120.6	582.0	1589.2	2717.6	3667.6
118.6	591.1	1656.9	2741.2	3665.3
113.1	594.2	1691.6	2743.8	3614.1
111.9	610.2	1692.7	2751.7	3644.5
113.2	626.7	1716.1	2759.1	3615.1
109.0	596.0	1683.0	2758.2	3587.2
108.0	621.8	1630.5	2764.6	3514.4
117.4	643.7	1586.8	2755.3	3420.8
135.0	733.2	1563.2	2700.8	3255.1
134.8	614.8	1474.1	2660.7	3151.6
0.0	624.6	1380.5	2773.1	3252.3
143.9	647.9	1290.1	2583.2	3239.1
0.0	596.5	1260.6	2434.0	3171.1
0.0	492.1	1282.7	2430.9	3017.9
103.9	248.0	1140.7	2583.2	3144.6
136.4	244.1	1099.7	2407.2	3239.8
0.0	269.1	1124.4	2391.6	3151.5
173.9	210.2	1209.3	2421.2	3425.5
0.0	277.2	1403.8	2518.5	3419.0
0.0	274.2	1369.8	2421.4	3214.6
0.0	245.7	1209.1	2304.3	3114.9
0.0	857.8	1523.4	2377.9	3198.3
120.0	760.0	1425.5	2221.9	3306.6
116.5	716.4	1199.8	2084.9	3223.9
116.5	726.4	1197.3	2307.9	3207.2
115.4	773.8	1224.4	2242.1	3271.9
116.5	748.4	1230.5	2052.1	3192.4
0.0	700.1	1229.5	2034.9	3200.4
279.1	853.4	1322.0	2352.0	3300.9
74.1	846.7	1307.4	2360.5	3321.8
230.8	898.4	1377.6	2292.0	3264.9
0.0	865.9	1397.0	2306.1	3190.5
67.8	813.0	1428.4	2404.6	3302.6
244.9	799.5	1452.5	2424.5	3423.9
204.7	974.7	1758.0	2616.3	3448.0
190.5	1000.9	1847.0	2665.1	3501.0
0.0	931.9	1831.5	2676.3	3541.3
