0.0	0.0	0.0	0.0	0.0
0.0	0.0	0.0	0.0	0.0
0.0	0.0	0.0	0.0	0.0
0.0	727.9	1481.4	2539.2	3266.1
0.0	806.3	1377.4	2628.6	3253.4
0.0	822.8	1187.8	2650.8	3265.0
146.3	791.4	1139.0	2576.5	3161.5
151.9	879.8	1212.6	2527.4	3206.4
0.0	889.3	1650.1	2580.0	3387.7
0.0	864.7	1696.9	2616.8	3409.2
0.0	674.3	1657.0	2632.2	3405.5
0.0	753.0	1597.9	2572.3	3441.2
0.0	635.9	1506.4	2500.2	3405.7
0.0	485.6	1528.5	2524.3	3352.8
0.0	576.1	1675.5	2540.7	3457.1
0.0	734.4	1666.3	2670.0	3543.1
65.6	671.1	1736.4	2781.1	3440.4
0.0	361.6	906.9	2444.3	3085.6
0.0	355.3	945.0	2514.2	3097.2
157.9	372.1	1055.7	2494.1	3136.5
154.5	373.5	1285.9	2464.6	3152.1
158.5	367.2	1438.7	2457.4	3210.5
161.6	347.0	1645.4	2453.4	3303.1
162.6	356.5	1878.8	2474.5	3381.9
162.0	413.6	1979.0	2486.1	3426.6
160.0	254.3	1979.3	2462.9	3391.2
73.9	464.3	1669.6	2408.6	3073.6
71.0	566.5	1456.6	2430.7	2978.4
81.6	710.1	1631.6	2394.1	3081.5
0.0	709.8	2003.3	2507.3	3359.2
0.0	644.0	2066.5	2633.1	3446.1
0.0	1027.3	2186.7	2809.9	3497.6
0.0	623.3	2075.8	2789.5	3457.9
300.0	655.1	2137.3	2740.1	3462.6
0.0	440.3	2108.5	2677.6	3331.7
108.1	451.7	2128.9	2650.2	3270.9
214.1	439.6	2182.7	2637.4	3361.4
191.4	432.2	2187.2	2642.4	3405.2
185.0	502.7	2153.8	2603.8	3392.0
180.3	460.5	2104.8	2584.1	3368.3
177.6	466.3	1975.7	2521.3	3310.1
176.2	484.7	1707.3	2425.5	3215.7
174.1	368.3	1353.5	2369.7	3233.0
171.4	353.9	2219.0	2427.0	3492.3
173.6	355.2	2303.2	2480.4	3382.8
173.2	366.2	2351.7	2747.3	3262.1
172.5	629.1	1578.8	2475.0	3084.2
171.9	639.7	1920.7	2625.7	3197.0
175.1	589.2	1031.1	2577.4	3084.0
170.0	629.1	1045.3	2717.9	3091.5
169.7	703.0	1057.6	2774.2	3119.1
169.2	648.8	1059.0	2781.5	3167.3
168.7	645.0	1046.2	2756.7	3162.3
168.8	681.1	1078.2	2809.5	3141.6
168.6	656.4	1131.9	2818.9	3179.0
168.8	680.9	1170.6	2851.7	3245.9
168.8	664.2	1175.0	2841.7	3216.0
168.6	656.8	1184.7	2808.7	3228.0
168.6	671.2	1195.6	2797.0	3260.9
167.3	691.2	1204.1	2728.7	3271.4
165.4	639.5	1219.3	2709.5	3305.8
163.8	659.9	1245.7	2704.3	3285.3
162.0	673.6	1359.3	2687.3	3191.8
158.9	650.6	1364.0	2681.8	3243.2
156.2	588.3	1378.7	2708.1	3427.6
149.9	529.8	1374.6	2708.9	3451.7
147.7	506.3	1425.2	2664.1	3478.1
143.2	377.3	1487.5	2664.0	3454.0
140.4	560.5	1555.4	2643.3	3445.5
139.7	599.4	1594.6	2621.2	3481.5
136.2	628.7	1616.7	2622.9	3469.2
135.1	617.7	1612.9	2632.7	3491.3
134.3	498.6	1631.3	2637.8	3492.6
133.7	466.8	1665.0	2631.0	3423.6
133.2	429.8	1655.4	2686.4	3518.2
130.9	441.4	1677.5	2701.8	3678.3
130.4	733.6	1792.6	2790.0	3666.1
131.9	765.8	1837.0	2829.5	3742.7
0.0	702.2	1815.2	2789.7	3746.4
0.0	979.7	1842.6	2853.4	3668.3
0.0	865.6	1771.9	2965.5	3622.8
235.3	809.2	1754.4	3106.5	3564.5
0.0	800.6	1733.7	3071.1	3644.5
375.0	858.9	1794.3	2977.1	3553.1
0.0	725.4	1724.8	2667.8	3425.7
179.1	707.6	1654.0	2619.3	3425.4
139.5	434.8	1553.0	2619.7	3273.4
174.3	444.5	1533.6	2601.1	3188.8
164.9	439.7	1487.4	2616.7	3254.4
154.5	433.7	1491.5	2638.1	3313.1
153.8	431.8	1473.3	2643.4	3256.7
153.6	432.2	1441.8	2683.0	3255.9
152.7	432.8	1422.2	2721.4	3319.3
152.2	434.1	1414.0	2702.8	3346.2
152.0	441.0	1408.7	2695.0	3374.6
151.8	448.6	1373.4	2695.4	3428.6
150.0	439.5	1310.1	2703.1	3414.7
146.7	437.4	1240.2	2733.6	3332.3
142.4	427.7	1188.9	2715.3	3297.3
136.4	406.4	1209.0	2600.9	3384.1
128.9	524.1	1362.3	2572.5	3340.9
123.7	772.2	1540.8	2608.8	3258.6
121.2	704.4	1434.7	2514.2	3207.1
123.7	610.6	1245.4	2394.5	3120.1
141.1	351.5	1164.7	2396.4	3082.2
138.1	332.1	1308.1	2382.2	3089.4
139.6	316.2	1660.2	2402.1	3182.1
139.7	332.0	1800.0	2385.5	3274.6
138.9	271.7	1941.3	2440.7	3385.8
136.6	272.2	2012.2	2391.6	3402.3
134.2	283.2	2049.8	2349.6	3401.6
128.3	292.4	2061.7	2348.4	3420.5
127.7	225.7	1991.5	2386.2	3444.4
123.8	241.1	1857.1	2592.8	3467.7
122.4	961.7	1977.7	2753.2	3477.0
258.9	971.2	1996.5	2787.5	3480.9
63.5	892.2	1993.7	2765.7	3517.5
0.0	1007.3	1984.4	2612.1	3469.7
0.0	886.6	1997.4	2572.3	3521.9
0.0	969.0	1980.0	2805.2	3709.9
120.0	618.6	1900.3	2771.5	3643.4
0.0	621.4	1811.0	2355.8	3374.3
0.0	497.0	1692.9	2290.2	3280.4
0.0	428.0	1655.3	2253.6	3152.4
143.5	432.6	1588.2	2266.2	3110.6
139.5	454.0	1494.8	2303.4	3090.0
132.2	485.6	1452.6	2322.4	3114.0
131.6	484.1	1425.4	2323.6	3119.4
130.5	491.2	1425.1	2309.3	3087.2
129.0	496.3	1414.4	2351.3	3110.1
127.6	502.8	1440.3	2351.7	3131.1
124.3	503.7	1478.6	2342.4	3128.7
125.0	501.1	1497.2	2345.7	3127.6
121.2	493.6	1519.0	2395.1	3108.4
120.0	483.9	1538.2	2379.7	3125.7
117.1	477.2	1573.3	2376.5	3140.3
116.5	476.5	1634.5	2382.7	3185.0
115.4	464.7	1647.8	2429.9	3232.4
113.2	456.5	1638.2	2482.9	3195.3
110.1	429.4	1605.5	2515.5	3178.8
110.2	408.8	1562.3	2500.1	3174.9
121.0	234.5	1570.7	2504.8	3233.2
96.0	213.9	1529.3	2493.5	3201.1
107.1	219.6	1517.8	2479.9	3262.7
105.3	227.9	1536.8	2499.9	3307.7
104.3	313.0	1556.9	2496.9	3361.3
102.6	596.5	1694.6	2561.4	3533.3
0.0	738.7	1775.8	2567.0	3525.3
0.0	770.1	1738.3	2518.8	3224.5
112.1	776.1	1717.5	2567.9	3165.7
103.0	752.1	1750.4	2579.6	3241.0
79.8	755.2	1758.4	2574.2	3218.0
79.4	755.8	1726.4	2607.0	3232.8
100.0	786.6	1704.4	2650.2	3271.1
0.0	762.1	1681.0	2668.2	3249.7
120.0	741.4	1669.0	2629.2	3260.7
284.0	709.3	1673.9	2482.3	3234.3
98.4	696.0	1643.5	2348.8	3203.9
0.0	671.1	1628.9	2508.4	3282.1
0.0	636.2	1626.2	2563.8	3306.0
400.0	600.8	1650.1	2564.1	3258.6
0.0	790.0	1609.0	2616.4	3257.5
66.5	700.0	1609.5	2588.8	3367.2
