0.0	0.0	0.0	0.0	0.0
0.0	0.0	0.0	0.0	0.0
0.0	0.0	0.0	0.0	0.0
0.0	659.2	1562.0	2649.8	3476.3
0.0	740.9	1638.0	2692.1	3499.4
0.0	826.0	1727.0	2705.6	3500.9
0.0	664.0	1765.8	2694.6	3489.0
0.0	842.9	1743.9	2676.3	3434.8
0.0	888.3	1781.9	2713.8	3301.0
0.0	804.8	1838.7	2702.6	3348.0
0.0	904.4	1850.9	2727.1	3407.1
0.0	987.0	1686.9	2657.0	3399.1
0.0	1038.1	1793.0	2717.1	3549.7
0.0	841.8	1863.3	2689.5	3508.1
0.0	1023.7	1938.0	2710.7	3488.8
0.0	1009.3	1879.9	2701.5	3460.2
0.0	588.7	1659.9	2596.9	3409.1
0.0	655.8	1652.2	2550.1	3367.3
0.0	556.8	1613.5	2440.1	3368.3
0.0	512.7	1536.6	2429.8	3242.8
150.0	479.4	1476.8	2390.2	3019.8
129.7	518.1	1481.7	2180.9	2901.6
124.3	517.4	1409.3	2012.3	2835.8
123.6	535.5	1335.9	1937.7	2693.4
124.2	554.7	1257.6	1898.5	2607.3
125.2	556.7	1194.3	1891.9	2514.0
124.1	559.5	1205.8	1921.5	2506.2
123.3	574.2	1201.7	1941.5	2518.5
122.7	560.5	1180.9	1967.2	2516.9
123.1	547.5	1168.9	1998.1	2502.0
124.1	539.2	1185.9	2065.5	2550.3
123.3	538.0	1206.4	2113.1	2723.7
123.3	524.2	1225.1	2194.2	2896.1
123.4	524.0	1209.1	2289.0	2993.9
124.0	516.5	1197.3	2343.9	3072.3
124.7	507.5	1070.5	2402.7	3111.0
124.1	511.2	1082.7	2384.2	3139.5
125.0	510.9	1082.2	2392.7	3176.1
125.8	506.3	1146.1	2422.5	3191.3
124.9	517.2	1194.9	2402.5	3183.3
123.9	513.6	1277.8	2305.7	3177.8
123.4	501.7	1405.2	2275.8	3201.4
122.8	492.4	1548.9	2258.7	3253.5
123.3	487.0	1624.2	2206.1	3207.6
122.1	487.7	1672.8	2143.3	3135.6
120.8	485.7	1644.7	2042.3	3073.9
120.0	479.6	1545.0	1996.5	3030.9
120.1	490.5	1407.9	1991.8	3051.7
120.0	432.0	1278.2	2050.1	3060.0
120.5	469.7	1099.0	2058.5	3025.9
119.8	512.6	1023.0	2095.0	2991.1
116.9	668.4	1064.8	2125.3	2915.9
115.0	528.5	920.9	2166.5	2868.3
113.7	530.8	922.5	2171.5	2833.7
113.5	493.9	886.6	2156.6	2796.9
114.4	470.0	886.4	2164.5	2760.5
114.6	500.6	906.4	2177.3	2770.6
114.4	547.5	970.2	2199.0	2787.1
114.7	624.6	1025.0	2234.3	2811.0
114.4	655.9	1051.6	2281.7	2790.2
115.7	665.3	1067.3	2286.9	2786.4
115.6	655.4	1104.8	2285.6	2827.9
115.2	658.9	1162.9	2273.0	2857.6
114.7	656.5	1229.1	2282.4	2867.6
114.6	649.3	1256.3	2251.4	2883.0
115.1	650.5	1281.4	2227.4	2906.5
115.0	655.1	1318.7	2207.6	2919.8
116.1	631.2	1409.9	2217.4	2957.8
115.9	636.0	1456.7	2251.9	3030.6
115.6	613.6	1491.2	2294.4	3111.2
116.2	566.6	1555.7	2332.7	3146.8
117.1	518.5	1588.6	2386.5	3241.9
118.7	456.1	1597.9	2424.5	3291.6
117.9	457.1	1590.4	2428.7	3347.0
116.7	533.5	1583.0	2447.3	3433.3
112.0	563.3	1565.4	2507.9	3579.5
108.1	471.1	1573.7	2731.1	3883.0
103.4	684.8	1990.2	2954.3	4158.5
98.4	963.6	2017.0	3075.3	4215.3
107.1	914.4	2179.6	3136.3	4340.3
0.0	553.7	2051.3	2894.8	4048.4
226.4	946.2	2130.2	2946.2	4005.8
184.6	755.0	1900.3	2840.7	3854.5
166.7	842.6	1897.2	2930.8	4019.6
300.0	889.3	1784.3	2662.5	3694.6
0.0	874.2	1827.6	2705.5	3646.6
0.0	651.6	1482.9	2508.1	3342.9
0.0	533.0	1418.4	2426.3	3195.1
142.8	569.5	1378.7	2398.0	3168.8
122.9	631.6	1396.5	2383.4	3154.1
119.2	633.2	1392.6	2379.2	3063.2
115.6	635.6	1405.5	2364.9	2990.2
115.9	636.8	1413.7	2335.9	2875.9
115.1	635.2	1405.4	2288.8	2814.1
114.3	635.9	1406.8	2297.1	2821.7
114.6	634.4	1403.2	2290.5	2879.0
115.4	640.4	1405.5	2272.4	2873.7
116.5	638.4	1384.2	2273.1	2887.6
118.6	641.4	1362.6	2255.2	2909.0
121.7	643.6	1369.7	2292.7	2897.9
121.6	611.9	1381.2	2325.9	2922.5
119.9	602.2	1358.0	2321.8	2936.6
115.2	545.3	1314.2	2288.7	2916.4
108.1	556.8	1271.7	2263.5	3002.7
79.7	644.1	1244.2	2262.3	3267.5
71.9	300.7	1208.1	2249.9	3334.9
144.6	303.8	1251.9	2297.2	3313.5
136.4	362.5	1327.1	2377.4	3325.8
129.0	371.6	1300.7	2436.1	3348.3
0.0	365.6	1502.2	2529.2	3392.8
0.0	385.5	1366.3	2461.1	3281.3
210.5	602.9	1308.3	2408.6	3387.3
0.0	550.4	1528.4	2481.7	3408.4
0.0	643.0	1486.1	2408.5	3483.2
