0.0	0.0	0.0	0.0	0.0
0.0	0.0	0.0	0.0	0.0
0.0	0.0	0.0	0.0	0.0
0.0	807.0	1731.8	2437.7	3321.3
0.0	811.4	1739.9	2493.7	3338.2
0.0	855.4	1719.2	2614.4	3353.4
0.0	815.1	1715.9	2526.1	3297.3
0.0	811.6	1652.2	2445.3	3234.2
0.0	741.9	1524.9	2419.5	3217.5
0.0	819.6	1673.5	2406.3	3228.0
196.7	828.2	1686.2	2397.7	3125.3
0.0	807.2	1669.9	2459.8	3199.1
0.0	739.5	1615.9	2428.8	3316.2
0.0	739.5	1675.2	2357.8	3451.3
0.0	776.9	1769.6	2474.6	3377.6
0.0	791.6	1618.8	2465.7	3345.6
0.0	745.9	1644.6	2512.2	3279.3
0.0	799.8	1649.9	2499.5	3140.0
0.0	846.2	1648.4	2442.4	3089.4
0.0	800.4	1588.2	2428.5	3129.8
0.0	771.6	1522.7	2364.1	3052.6
150.3	745.3	1443.0	2431.9	3119.8
127.0	700.7	1364.1	2423.3	3065.0
123.9	667.3	1359.3	2380.1	3014.1
130.0	657.1	1399.8	2317.5	3017.3
132.6	635.8	1422.9	2223.3	3076.4
134.3	568.8	1463.1	2208.1	3124.8
136.5	532.0	1501.9	2116.5	3223.5
136.5	556.5	1651.6	2139.2	3286.2
133.4	464.3	1683.6	2122.6	3325.5
106.2	497.1	1638.5	2571.4	3510.4
98.4	760.8	1574.3	2626.8	3488.4
0.0	860.6	1718.2	2650.4	3541.8
0.0	1002.4	1768.7	2543.8	3471.6
0.0	846.5	1794.0	2380.6	3393.6
0.0	739.9	1753.4	2298.2	3409.5
0.0	541.4	1669.2	2276.8	3441.1
0.0	539.0	1630.4	2358.0	3423.7
169.7	606.1	1533.9	2361.5	3299.7
162.4	626.3	1435.2	2375.8	3178.0
156.0	601.7	1416.4	2338.3	3142.4
155.7	559.0	1392.2	2304.5	3153.0
154.5	532.4	1327.6	2279.6	3262.4
152.0	368.3	1306.2	2219.1	3512.7
150.0	347.2	1321.9	2181.1	3438.5
150.0	353.7	1314.2	2101.0	3256.7
148.1	337.2	1365.3	2049.6	3373.4
148.1	314.8	1327.9	2064.6	3180.4
146.3	302.1	1478.5	2161.7	3133.1
144.6	306.4	1627.1	2540.8	3168.1
143.5	309.4	1866.7	2708.5	3167.0
142.7	340.8	1894.1	2659.3	3130.4
142.3	489.9	1895.2	2547.1	3128.3
142.7	488.8	1823.6	2371.9	3114.2
141.7	482.4	1715.6	2165.7	3068.3
139.9	457.7	1649.1	2023.4	3034.1
139.3	504.4	1580.1	1885.4	3018.4
138.4	591.1	1482.0	1832.8	3007.6
136.8	536.0	1326.0	1774.1	3024.2
135.4	398.9	1275.6	1705.8	3043.4
134.4	393.1	1202.0	1644.9	3039.0
133.4	528.8	1169.8	1672.3	3015.7
131.5	542.2	1195.6	1725.4	2995.2
131.0	558.4	1230.2	1749.9	2991.3
129.7	548.2	1232.3	1762.7	2947.1
130.5	539.2	1237.6	1804.1	2905.8
130.6	563.9	1251.6	1901.1	2868.6
131.0	592.8	1251.4	1993.7	2816.1
131.0	623.4	1245.8	2069.4	2801.8
130.4	676.7	1273.6	2153.0	2809.3
130.9	690.4	1282.6	2192.5	2785.9
132.5	686.1	1293.3	2217.5	2790.1
133.4	741.3	1340.6	2212.0	2852.2
135.2	700.3	1360.6	2247.5	2854.4
136.6	674.4	1385.8	2260.3	2825.4
137.7	657.0	1478.0	2266.2	2865.0
138.8	616.5	1541.0	2256.1	2904.5
139.9	585.5	1589.3	2256.5	2902.1
141.0	558.5	1604.4	2344.1	2847.9
140.3	544.7	1607.0	2355.6	2825.2
138.3	572.3	1638.1	2394.0	2837.6
138.3	558.2	1653.0	2425.2	3041.2
138.9	564.8	1742.7	2427.2	3205.1
139.0	581.9	1836.8	2444.4	3333.1
139.6	541.3	1894.6	2466.9	3441.4
140.2	545.8	1933.7	2479.6	3505.6
138.9	515.9	1893.3	2400.9	3495.8
137.9	475.5	1767.1	2281.9	3373.5
135.1	318.4	1611.0	2311.3	2983.0
132.8	468.2	1247.7	2258.5	2650.1
133.3	327.2	1249.1	2239.3	2753.2
133.3	330.2	1240.2	2301.9	2728.5
131.9	577.6	1122.1	2337.7	2855.8
130.6	453.2	1215.7	2320.9	3023.8
129.7	381.8	1537.5	2352.1	3136.3
129.5	529.3	1624.0	2444.4	3276.9
135.3	549.7	1592.2	2467.4	3250.4
132.0	579.8	1528.4	2414.2	3017.5
130.3	644.1	1528.5	2227.9	2845.3
129.1	555.1	1480.4	1877.7	2819.9
127.4	553.2	1388.4	1687.0	2889.5
127.4	690.4	1270.4	1660.7	2978.0
125.4	620.7	1215.1	1618.2	3012.3
123.3	574.7	1168.9	1593.0	2971.5
121.5	441.7	1068.8	1565.9	2942.6
119.8	583.2	1132.0	1563.1	2996.2
120.0	615.7	1159.9	1537.6	3068.9
120.7	534.1	1166.4	1480.6	3032.5
121.4	544.5	1175.6	1487.7	2862.2
122.2	535.4	1207.1	1535.4	2872.4
124.1	559.4	1227.9	1628.4	2825.9
126.0	590.6	1240.7	1709.4	2671.6
127.8	622.2	1224.0	1884.0	2718.6
128.0	657.6	1226.9	2027.6	2823.4
131.1	701.3	1240.2	2170.3	2712.3
132.0	706.2	1243.6	2343.9	2844.7
134.4	722.8	1270.1	2434.7	2891.6
138.1	736.6	1278.7	2429.7	2925.1
139.8	724.2	1293.2	2413.4	2902.6
142.0	732.6	1342.7	2423.1	2907.5
143.0	722.0	1341.0	2435.8	2923.8
145.4	750.8	1363.9	2457.7	2966.3
145.2	734.3	1344.9	2438.3	2954.4
143.9	758.5	1339.7	2399.5	2928.9
142.9	751.9	1329.4	2394.0	2940.5
138.4	741.7	1369.6	2403.2	3013.0
135.4	734.8	1412.0	2413.7	3027.0
131.9	724.6	1401.2	2418.5	3021.3
129.4	712.6	1402.0	2340.7	3055.6
125.1	708.8	1420.0	2330.1	3070.5
116.6	685.0	1488.8	2353.1	3108.0
113.3	647.7	1569.5	2370.4	3184.8
107.5	618.3	1615.7	2425.8	3245.3
105.3	597.1	1633.4	2476.7	3335.0
105.0	577.4	1642.9	2493.2	3399.4
105.2	516.7	1615.4	2501.9	3410.0
104.3	465.5	1564.7	2478.2	3420.5
102.5	370.9	1578.2	2456.5	3491.4
98.4	330.9	1410.7	2487.7	3468.4
101.0	320.7	1541.0	2465.7	3456.0
99.8	335.3	1076.4	2457.7	3485.6
95.2	458.2	1499.4	2536.8	3441.4
0.0	767.5	1687.8	2719.5	3522.1
0.0	922.3	1781.8	2818.0	3596.3
0.0	834.9	1749.4	2828.6	3594.4
0.0	747.9	1728.7	2836.1	3627.2
428.6	771.8	1703.7	2950.7	3794.3
101.7	871.6	1776.8	2745.1	3644.1
0.0	903.7	1824.8	2713.8	3643.6
0.0	899.6	1709.2	2723.5	3570.2
300.0	999.7	1734.1	2855.9	3641.1
88.2	889.8	1785.8	2821.2	3689.4
0.0	864.6	1733.2	2725.5	3572.6
184.6	716.3	1754.1	2742.7	3602.2
0.0	643.1	1722.7	2607.9	3599.6
0.0	653.9	1682.8	2636.6	3511.5
0.0	732.6	1610.2	2658.2	3495.7
307.7	770.4	1648.9	2600.8	3429.6
285.7	713.7	1615.8	2564.0	3408.5
65.6	720.7	1585.8	2597.1	3413.1
0.0	692.2	1705.2	2541.1	3410.4
144.6	717.2	1726.7	2592.6	3436.4
0.0	751.7	1687.9	2529.5	3391.5
0.0	881.1	1758.8	2513.9	3369.6
187.8	850.0	1795.3	2602.9	3405.6
0.0	902.3	1837.4	2651.4	3454.1
0.0	824.6	2003.4	2653.1	3538.9
0.0	433.2	1843.8	2650.3	3400.7
0.0	547.9	1699.1	2580.5	3252.1
133.3	638.4	1651.2	2473.3	3335.6
0.0	927.0	1650.2	2533.4	3520.8
0.0	837.4	1735.1	2714.1	3506.9
0.0	821.0	1693.0	2601.0	3268.1
0.0	701.8	1622.0	2665.5	3307.7
500.0	777.6	1828.7	2776.0	3384.0
0.0	866.1	2059.6	2855.1	3491.0
0.0	751.0	1714.4	2754.3	3401.0
0.0	655.1	1805.0	2728.6	3388.2
0.0	539.1	1924.7	2693.7	3347.5
0.0	455.1	1925.5	2592.8	3327.8
146.5	423.5	1887.1	2555.1	3279.2
131.9	419.6	1808.0	2503.9	3290.0
129.0	411.8	1788.2	2489.0	3290.6
126.1	398.2	1780.3	2455.1	3347.6
125.5	398.6	1732.9	2432.4	3386.6
125.3	359.0	1668.6	2410.1	3349.9
123.5	405.4	1597.9	2339.7	3373.1
117.9	268.9	1574.4	2380.0	3343.1
111.1	283.5	1562.5	2422.9	3360.2
113.7	276.0	1537.6	2411.5	3388.2
111.6	621.4	1488.7	2555.6	3492.4
0.0	265.7	1602.8	2583.6	3573.0
0.0	906.2	1879.1	2857.2	3946.5
100.0	861.3	1772.6	2892.8	4473.2
444.4	550.3	1842.9	2751.7	4171.6
160.0	719.0	1873.1	2702.0	3805.8
160.0	611.3	1715.9	2671.5	3651.2
0.0	663.8	1598.8	2617.6	3479.0
285.7	722.9	1435.6	2480.5	3322.3
0.0	538.0	1225.7	2429.6	3293.6
127.7	520.8	1135.7	2460.1	3093.8
125.4	543.6	1127.6	2503.5	3105.8
121.6	574.9	1155.3	2539.6	3180.1
119.7	604.2	1181.4	2534.4	3194.8
118.8	634.9	1234.7	2458.6	3095.9
117.4	626.8	1309.2	2323.1	3052.7
116.5	597.4	1380.4	2263.8	3117.6
115.6	563.6	1450.2	2242.8	3145.2
114.9	535.2	1576.1	2242.3	3152.7
115.5	487.9	1707.7	2289.8	3197.5
116.3	436.1	1813.4	2405.0	3232.3
114.8	380.5	1860.8	2508.3	3256.3
114.5	363.3	1834.2	2682.0	3218.4
113.2	358.8	1801.8	2796.1	3333.5
104.3	382.0	1627.3	2709.8	3338.4
92.3	961.8	1889.7	2822.4	3442.3
96.0	879.0	1739.9	2659.1	3442.2
77.9	749.9	1758.9	2854.1	3581.8
0.0	744.7	1868.6	3058.4	3661.2
387.1	823.7	1952.9	3038.8	3597.2
352.9	515.1	1870.7	2903.4	3452.8
0.0	413.2	1810.2	2831.5	3301.9
138.2	448.5	1834.8	2704.4	3222.3
135.2	392.6	1853.3	2625.3	3207.7
133.9	407.9	1855.4	2555.6	3167.5
134.7	409.8	1838.5	2499.7	3208.2
135.0	418.1	1844.3	2462.1	3169.5
133.8	433.7	1846.9	2396.3	3139.7
131.8	460.6	1816.8	2327.3	3112.0
130.1	480.8	1779.1	2292.0	3091.0
128.0	490.0	1746.7	2286.3	3046.7
125.0	486.6	1702.7	2290.6	3042.0
122.6	471.8	1644.0	2256.8	3005.5
119.3	456.5	1610.0	2248.4	2995.7
114.1	473.2	1558.6	2263.2	3000.9
108.3	501.8	1514.8	2271.3	2977.6
103.4	484.7	1456.6	2268.6	3013.0
99.5	432.6	1390.8	2274.9	3036.1
95.3	407.3	1322.2	2284.2	3019.2
93.2	399.1	1278.4	2286.6	3030.9
91.7	417.5	1233.5	2364.7	3200.0
90.8	431.7	1189.4	2398.1	3287.5
90.2	460.4	1228.1	2322.3	3081.4
93.8	650.4	1443.9	2404.0	3180.0
95.0	860.2	1450.4	2510.7	3281.9
91.8	833.5	1468.5	2486.9	3258.7
87.6	785.7	1601.6	2444.5	3385.0
0.0	738.1	1734.1	2480.2	3412.7
0.0	734.2	1445.0	2571.3	3386.8
0.0	731.0	1487.2	2562.3	3412.2
88.2	701.7	1708.7	2453.2	3390.8
