0.0	0.0	0.0	0.0	0.0
0.0	0.0	0.0	0.0	0.0
0.0	0.0	0.0	0.0	0.0
0.0	770.8	1787.3	2637.6	3386.1
0.0	756.3	1762.2	2555.5	3347.1
0.0	840.1	1939.7	2672.1	3409.3
0.0	898.7	1843.1	2623.4	3459.2
0.0	793.6	1777.6	2624.2	3484.1
0.0	715.8	1765.1	2541.5	3465.8
0.0	729.0	1607.2	2397.6	3435.3
0.0	753.4	1613.9	2398.7	3448.9
0.0	602.4	1454.1	2279.6	3417.9
0.0	955.7	1495.7	2313.9	3389.2
0.0	893.8	1476.4	2278.5	3336.2
0.0	971.9	1470.3	2234.8	3191.9
122.6	959.5	1440.5	2213.1	3196.6
0.0	857.1	1422.9	2180.6	3215.9
0.0	912.1	1437.4	2252.7	3046.1
0.0	916.5	1441.9	2249.2	3189.4
0.0	843.8	1413.8	2259.3	3297.7
0.0	805.8	1336.5	2297.4	3366.3
0.0	823.1	1302.4	2318.5	3335.5
98.6	800.4	1257.0	2333.4	3361.0
99.3	771.6	1230.1	2352.1	3389.1
99.4	750.7	1166.9	2371.6	3317.6
101.4	735.8	1134.6	2388.9	3290.3
102.4	721.2	1141.7	2373.6	3233.7
102.8	672.0	1122.8	2350.2	3148.0
103.4	662.0	1120.6	2282.4	3154.3
105.3	634.8	1122.3	2263.4	3387.2
108.1	581.9	1130.6	2326.7	3475.8
109.1	508.9	1157.3	2337.2	3429.8
109.1	505.2	1187.1	2383.5	3342.5
111.1	450.3	1219.8	2439.2	3435.9
111.1	529.0	1395.7	2844.0	3484.7
106.2	799.4	1728.0	3084.3	3704.1
95.2	712.4	1730.9	3106.8	3712.7
0.0	820.6	1638.8	3160.2	3712.6
0.0	886.3	1644.4	2991.7	3689.1
500.0	1005.5	2132.9	3202.7	3699.9
0.0	526.0	2018.8	3306.2	3747.0
0.0	1110.5	2164.4	3220.7	3790.2
0.0	801.5	2207.2	3273.0	3779.4
0.0	715.8	2087.9	3223.6	3759.3
0.0	730.5	1966.6	3214.7	3763.5
0.0	1017.4	2024.2	3091.1	3729.6
0.0	755.5	1651.6	2780.7	3660.3
0.0	786.2	1539.0	2527.3	3548.1
0.0	495.7	1507.0	2474.2	3304.4
0.0	482.6	1569.7	2483.5	2962.2
107.3	490.5	1642.2	2204.8	2682.8
100.8	493.6	1698.9	2466.6	3191.1
100.8	492.8	1770.1	2475.6	3265.3
100.9	485.7	1825.0	2477.2	3220.9
101.4	479.9	1896.8	2480.5	3253.7
102.3	469.8	1957.0	2475.9	3252.6
102.8	460.3	2006.8	2490.9	3307.1
102.9	448.2	2043.0	2503.4	3445.0
103.4	438.5	2055.3	2511.8	3373.8
104.0	420.1	2039.2	2479.4	3208.1
105.1	417.1	1964.5	2425.1	3179.5
106.3	419.0	1753.0	2362.0	3149.3
106.2	421.1	1578.5	2354.7	3266.0
102.5	588.0	1656.5	2561.3	3370.3
80.0	729.5	1689.1	2564.5	3358.4
0.0	706.3	1697.5	2436.6	3377.1
0.0	780.3	1676.0	2427.0	3418.2
0.0	781.4	1620.4	2460.3	3337.1
0.0	714.0	1523.0	2502.3	3301.7
0.0	623.4	1559.2	2534.8	3300.9
0.0	621.7	1619.5	2439.1	3293.9
0.0	433.1	1549.2	2412.5	3366.9
0.0	429.3	1572.4	2502.4	3345.9
109.5	426.5	1589.8	2557.0	3431.0
96.2	431.3	1593.2	2589.1	3398.7
97.1	431.6	1630.6	2609.0	3420.2
94.3	465.0	1628.6	2695.2	3435.7
90.8	607.9	1630.5	2882.6	3499.7
81.1	682.4	1797.4	3052.6	3486.2
81.1	911.7	1878.1	3044.5	3530.6
400.0	852.9	1886.6	3141.3	3674.6
0.0	747.8	1856.9	3204.5	3616.6
352.9	748.4	1780.3	3124.4	3536.1
400.0	905.4	1871.8	3058.5	3556.1
272.7	756.5	2027.2	3140.2	3506.8
100.8	818.8	2100.7	3102.7	3422.3
250.0	1188.1	2248.8	3070.4	3494.1
77.4	1007.7	2277.6	3021.0	3519.2
0.0	877.2	2344.7	3160.1	3609.7
0.0	826.2	2110.3	3154.6	3589.5
0.0	793.8	1677.9	2734.3	3493.0
0.0	833.5	1715.9	2604.1	3462.5
0.0	671.5	1700.0	2586.4	3412.7
0.0	668.5	1660.4	2548.6	3494.9
0.0	593.8	1645.3	2456.7	3430.0
0.0	439.2	1651.0	2402.5	3295.0
0.0	445.1	1640.5	2381.1	3216.2
108.1	418.5	1598.2	2338.5	3131.7
103.4	410.3	1568.8	2360.9	3180.6
100.8	391.8	1564.0	2343.2	3153.2
98.2	364.9	1584.2	2309.6	3161.7
96.8	372.2	1553.4	2314.4	3217.9
95.2	371.1	1582.1	2353.1	3181.9
92.3	367.8	1589.9	2342.5	3203.1
90.2	359.7	1678.8	2476.5	3329.5
89.6	462.9	1749.3	2858.6	3383.9
84.5	987.2	1676.9	3057.0	3447.2
0.0	458.6	1637.4	3058.2	3465.1
500.0	1023.8	1843.1	3010.6	3518.1
206.9	540.7	1618.7	2931.9	3505.0
0.0	877.9	1715.1	3040.3	3481.1
142.9	797.7	1697.8	3108.2	3548.2
0.0	741.4	1582.4	3109.4	3626.5
545.5	583.1	1519.1	3015.2	3629.0
545.5	737.0	1565.1	2800.6	3535.5
461.5	836.4	1655.6	2609.5	3482.9
0.0	729.6	1646.5	2548.1	3543.9
0.0	511.0	1589.5	2514.3	3565.5
0.0	473.7	1544.3	2521.3	3502.7
0.0	484.4	1537.5	2517.3	3366.0
106.0	506.0	1552.4	2494.1	3393.0
90.0	527.0	1570.5	2479.9	3531.4
89.1	540.9	1592.4	2422.9	3326.4
87.5	536.9	1602.8	2328.4	3143.0
85.4	529.3	1634.9	2274.9	3239.8
85.2	518.7	1682.2	2339.4	3308.5
83.1	509.4	1737.0	2358.1	3287.9
81.7	495.7	1766.6	2346.5	3237.6
81.6	478.6	1796.0	2384.5	3219.4
80.5	464.5	1913.2	2349.6	3192.0
80.3	440.2	1964.8	2448.6	3255.4
78.6	433.7	1984.2	2458.0	3325.7
78.4	404.9	1955.1	2402.5	3262.9
77.9	378.8	1917.4	2309.9	3187.4
77.9	384.3	1952.4	2299.3	3136.2
77.9	395.6	1850.2	2312.6	3287.3
72.4	404.3	1804.6	2378.1	3270.8
72.3	750.2	1678.6	2464.9	3252.0
72.0	848.2	1636.8	2537.0	3366.6
70.2	761.9	1708.1	2571.2	3408.4
0.0	785.0	1699.9	2592.7	3444.6
0.0	720.0	1606.9	2573.4	3420.6
0.0	820.0	1519.7	2532.4	3346.1
0.0	792.5	1532.5	2432.0	3351.9
0.0	582.3	1503.4	2434.5	3258.5
461.5	716.3	1633.5	2488.6	3315.1
222.2	692.7	1625.9	2492.0	3403.9
214.3	739.4	1751.4	2490.5	3437.4
0.0	878.2	1643.3	2442.1	3443.4
0.0	811.8	1460.4	2455.4	3393.7
0.0	810.3	1470.7	2506.9	3408.5
0.0	816.3	1536.3	2504.4	3364.3
0.0	775.7	1460.7	2403.4	3333.3
0.0	584.6	1430.8	2414.4	3544.2
324.3	1123.9	1826.1	2527.4	3665.7
83.9	812.8	1404.9	2282.3	3470.5
0.0	739.0	1360.2	2359.2	3474.9
0.0	738.4	1234.2	2325.7	3305.2
176.5	694.4	1250.9	2377.0	3208.4
0.0	677.0	1895.6	2602.7	3436.2
0.0	1011.6	1973.1	2638.7	3505.6
0.0	927.9	1743.3	2641.6	3413.5
0.0	679.4	1618.3	2586.8	3409.8
0.0	907.4	1797.4	2475.5	3376.3
