0.0	0.0	0.0	0.0	0.0
0.0	0.0	0.0	0.0	0.0
0.0	0.0	0.0	0.0	0.0
0.0	894.1	1799.4	2634.8	3386.6
0.0	857.9	1783.0	2667.8	3410.0
0.0	819.6	1819.1	2631.4	3365.1
0.0	856.4	1659.5	2523.0	3356.0
0.0	842.4	1556.7	2549.2	3389.1
0.0	723.5	1540.6	2602.9	3502.1
0.0	618.2	1503.4	2595.4	3521.7
0.0	800.1	1570.3	2460.1	3507.8
0.0	848.6	1589.2	2448.9	3459.8
0.0	765.9	1679.3	2638.3	3483.5
0.0	769.0	1698.7	2618.8	3446.2
0.0	735.0	1615.7	2546.4	3454.7
0.0	729.2	1670.5	2619.8	3455.7
0.0	754.6	1640.8	2543.6	3376.7
0.0	769.7	1830.2	2656.4	3489.2
0.0	844.2	1811.5	2697.7	3465.2
0.0	853.8	1699.8	2700.8	3498.2
0.0	641.2	1628.0	2620.0	3477.4
134.8	715.4	1652.5	2637.7	3535.1
0.0	725.1	1638.5	2600.8	3492.7
157.9	818.4	1632.4	2621.8	3440.8
113.2	900.8	1676.5	2677.4	3461.5
214.3	642.0	1515.9	2558.6	3499.9
0.0	553.7	1257.9	2698.1	3602.1
0.0	596.2	1276.6	2800.6	3632.6
143.5	615.8	1305.8	2807.0	3582.0
139.0	622.2	1319.5	2860.7	3637.3
138.0	621.3	1328.5	2864.0	3648.1
135.0	625.3	1324.8	2911.4	3540.7
133.6	626.6	1326.6	2954.1	3676.3
132.6	618.9	1335.8	2943.6	3523.0
131.4	629.7	1350.6	2914.2	3392.9
130.9	616.5	1372.3	2925.1	3392.4
129.7	607.5	1382.5	2899.1	3464.8
127.9	623.1	1390.1	2867.9	3445.3
126.7	623.2	1390.9	2846.8	3410.8
126.4	606.4	1397.7	2842.2	3477.9
124.7	594.1	1436.2	2812.2	3473.8
123.1	601.7	1511.2	2787.9	3563.1
120.1	605.1	1544.8	2787.8	3576.9
117.6	624.9	1593.8	2743.4	3559.7
114.8	620.2	1625.8	2722.6	3590.4
112.0	680.4	1716.0	2688.3	3590.2
108.7	603.3	1780.8	2649.7	3516.4
106.4	621.0	1828.7	2629.5	3447.7
104.8	580.2	1870.0	2749.3	3555.1
104.0	539.9	1889.2	2788.0	3679.1
103.4	536.8	1896.1	2746.2	3628.5
103.4	531.2	1894.5	2682.8	3613.6
102.8	525.7	1855.0	2602.8	3703.3
103.6	529.4	1807.7	2527.6	3715.3
102.8	523.9	1768.9	2519.4	3775.8
103.0	537.8	1733.2	2544.5	3810.0
103.3	514.8	1694.2	2548.3	3801.9
104.4	515.6	1682.0	2557.1	3785.6
103.3	512.8	1667.8	2602.8	3764.3
101.5	457.2	1671.0	2595.8	3744.4
99.6	725.3	1657.5	2510.1	3700.9
96.9	719.3	1609.9	2427.4	3636.4
98.3	740.4	1595.1	2482.4	3648.0
93.9	825.2	1589.3	2506.2	3634.1
98.0	838.8	1581.3	2566.3	3648.4
93.5	791.5	1565.8	2626.9	3661.4
92.0	862.9	1564.3	2578.8	3597.8
90.9	743.7	1567.8	2584.8	3415.0
92.3	742.3	1633.3	2635.1	3525.3
94.6	691.2	1634.5	2650.6	3527.2
98.4	669.7	1596.4	2595.1	3365.2
106.4	824.5	1621.2	2651.9	3558.6
112.7	288.6	1511.6	2607.3	3599.4
116.5	248.5	1485.9	2604.1	3462.4
126.3	306.3	1508.9	2530.9	3419.3
126.3	491.5	1641.4	2637.2	3490.8
117.6	458.2	1657.0	2713.3	3628.6
0.0	427.1	1656.7	2691.5	3711.9
0.0	450.9	1656.2	2678.5	3653.4
123.3	488.2	1673.7	2704.1	3684.4
123.3	478.2	1727.1	2712.6	3664.5
120.4	488.5	1776.1	2710.4	3637.7
118.8	479.6	1843.5	2599.5	3637.1
118.2	473.9	1902.6	2640.7	3615.0
117.8	470.0	1943.6	2523.2	3574.6
117.8	466.8	1984.1	2552.6	3538.0
117.5	465.4	1997.6	2630.0	3498.8
116.9	469.9	2001.4	2620.0	3527.9
115.9	475.6	1965.2	2541.1	3499.5
115.4	501.4	1930.9	2567.2	3511.4
116.1	530.7	1889.8	2569.8	3488.3
116.2	569.1	1828.1	2547.6	3493.0
116.9	592.8	1763.1	2461.2	3451.1
116.8	636.1	1702.5	2367.1	3439.7
115.5	672.7	1660.1	2376.2	3411.9
115.1	692.5	1577.7	2339.0	3382.0
114.6	670.0	1515.9	2301.8	3336.8
114.9	630.1	1458.1	2161.0	3351.9
112.5	600.8	1407.1	2022.4	3384.2
107.0	551.6	1479.2	2123.6	3353.6
279.4	897.1	1710.7	2569.8	3354.8
83.8	734.1	1642.3	2443.6	3331.9
0.0	749.6	1613.8	2369.3	3337.8
0.0	968.7	1705.7	2388.2	3264.0
428.6	1002.9	1673.1	2413.3	3322.9
214.2	714.6	1645.6	2551.7	3454.6
0.0	787.4	1682.6	2540.9	3530.1
0.0	617.9	1631.3	2563.7	3494.7
0.0	455.4	1474.3	2652.3	3426.3
147.5	497.0	1427.7	2674.1	3436.3
121.8	472.4	1377.2	2707.0	3370.9
118.0	440.6	1350.4	2525.6	3194.3
113.3	537.5	1351.1	1821.9	3188.2
108.0	526.5	1347.7	1641.7	3229.5
105.2	530.1	1344.9	1696.5	3212.0
105.6	498.1	1331.3	1809.0	3303.9
108.1	513.0	1270.9	1850.0	3355.8
108.4	508.6	1228.7	1949.8	3309.1
108.2	501.6	1126.2	2011.9	3286.3
107.7	391.0	1058.0	2119.5	3343.0
105.3	351.9	1019.2	2280.8	3403.1
105.3	388.6	985.4	2404.0	3442.1
107.1	421.4	980.0	2504.2	3482.9
108.1	407.3	980.8	2540.7	3548.4
109.1	407.3	976.9	2579.0	3537.2
109.1	409.2	957.4	2569.4	3614.9
109.1	501.7	907.3	2629.2	3440.9
112.1	562.5	831.3	2528.9	3348.5
112.1	560.4	805.3	2518.9	3340.8
110.0	573.6	822.1	2537.3	3284.4
111.1	597.5	849.1	2766.4	3292.2
111.3	552.9	867.7	2891.6	3276.7
111.8	598.2	869.8	2653.2	3218.5
112.3	608.0	925.7	2525.6	3156.7
112.6	610.0	978.5	2428.9	3092.9
112.4	608.5	993.8	2316.9	3046.3
112.4	604.9	1013.5	2141.9	2952.5
112.4	617.7	1014.8	2088.4	2969.8
112.1	626.0	1035.7	1968.5	3027.2
111.1	596.3	1057.0	1872.0	3017.0
110.9	603.3	1044.7	1799.1	3055.4
110.7	580.2	1054.5	1755.4	3064.6
110.1	586.7	1072.9	1741.7	3074.4
109.0	574.6	1079.7	1787.1	3090.6
108.5	556.0	1121.5	1865.1	3099.9
107.5	557.5	1161.0	1972.5	3182.6
106.6	545.1	1191.3	2055.2	3253.1
105.2	535.9	1208.3	2120.7	3263.3
104.3	530.3	1206.1	2131.4	3287.2
102.9	519.7	1197.2	2144.2	3284.7
102.6	501.4	1175.1	2155.2	3278.9
101.7	495.5	1158.7	2168.8	3228.0
99.5	489.8	1145.0	2168.5	3169.4
101.6	472.9	1146.4	2198.4	3150.2
101.7	467.8	1178.0	2194.7	3169.4
123.7	460.0	1229.3	2150.8	3231.4
99.2	456.3	1303.0	2133.5	3313.2
96.0	485.3	1400.7	2213.4	3282.4
112.1	860.6	1567.6	2429.9	3340.9
106.0	868.7	1616.6	2510.7	3384.9
97.6	921.7	1699.4	2657.8	3431.8
0.0	710.1	1764.7	2664.5	3407.4
0.0	831.8	1749.5	2638.6	3427.1
0.0	972.0	2135.6	2723.7	3418.2
131.9	915.5	1755.6	2665.3	3356.8
0.0	1129.2	1808.9	2709.2	3377.0
0.0	765.6	2062.7	2769.6	3463.8
0.0	637.3	1944.7	2742.8	3470.4
0.0	699.3	1913.4	2751.1	3501.2
292.7	722.8	1781.8	2729.1	3509.6
179.1	594.1	1688.4	2734.0	3459.7
480.0	497.8	1864.9	2748.1	3480.1
0.0	350.2	2011.8	2793.4	3514.8
125.0	393.5	2046.6	2824.4	3522.5
131.9	343.5	2072.8	2794.6	3550.3
114.3	366.1	2092.8	2831.2	3555.1
117.6	352.2	2104.4	2805.1	3570.5
109.1	376.7	2082.6	2806.5	3589.4
109.4	376.8	2060.0	2806.3	3582.2
107.4	409.1	2062.0	2794.9	3576.5
109.9	402.9	2066.7	2783.3	3611.5
105.3	422.3	2054.8	2717.3	3613.0
101.7	413.1	2026.0	2648.5	3613.6
107.1	465.3	1981.7	2589.5	3664.1
100.8	519.8	1930.9	2571.2	3640.9
108.1	540.4	1899.6	2577.7	3637.8
196.7	574.7	1870.5	2581.4	3595.4
0.0	584.8	1869.9	2554.7	3583.8
0.0	585.5	1836.3	2562.6	3654.1
112.3	579.0	1847.9	2593.2	3658.9
191.0	590.9	1827.3	2640.3	3666.7
114.6	602.6	1794.0	2654.2	3736.8
96.0	585.0	1765.7	2687.6	3734.3
111.1	581.5	1742.6	2682.8	3657.0
92.3	579.4	1690.3	2659.6	3521.3
113.6	525.5	1691.6	2688.0	3497.6
107.8	580.1	1689.9	2653.8	3693.1
85.4	517.1	1704.5	2658.6	3727.5
0.0	518.1	1750.0	2663.9	3653.8
93.5	535.9	1804.2	2603.5	3614.3
109.4	544.2	1832.5	2605.2	3564.2
95.2	507.0	1823.6	2624.3	3548.1
115.0	466.2	1778.7	2633.5	3622.1
94.2	445.1	1749.2	2690.7	3685.6
110.4	471.8	1729.5	2669.0	3602.8
93.1	528.2	1711.4	2657.5	3671.4
106.6	335.5	1749.1	2628.3	3606.5
87.6	267.2	1708.6	2561.5	3392.1
123.7	905.7	1795.2	2565.8	3494.1
114.3	485.4	1578.3	2555.3	3434.7
0.0	783.3	1732.1	2732.3	3663.4
315.8	588.7	1705.8	2621.4	3623.6
315.8	1135.0	1752.8	2664.6	3583.4
72.3	788.8	1715.3	2640.3	3587.5
363.6	648.8	1686.5	2623.1	3564.3
324.3	561.3	1632.2	2577.0	3460.1
0.0	810.7	1694.3	2474.8	3503.2
480.0	838.8	1724.8	2634.0	3498.9
444.4	753.7	1736.0	2692.9	3491.6
142.9	860.6	1748.1	2769.5	3595.1
142.9	857.8	1685.0	2710.0	3571.8
0.0	869.0	1667.1	2520.1	3515.4
133.3	902.3	1622.7	2499.4	3444.3
