0.0	0.0	0.0	0.0	0.0
0.0	0.0	0.0	0.0	0.0
0.0	0.0	0.0	0.0	0.0
0.0	884.3	1456.8	2349.0	3066.8
0.0	883.0	1504.2	2451.0	3245.0
0.0	679.8	1646.7	2537.1	3418.8
0.0	827.2	1701.7	2640.8	3466.8
0.0	752.4	1567.5	2411.3	3346.0
0.0	680.4	1457.1	2507.1	3386.6
0.0	754.9	1739.4	2692.6	3485.0
0.0	925.3	1764.2	2689.6	3416.3
0.0	770.3	1724.5	2634.0	3409.2
0.0	795.2	1879.8	2662.9	3515.4
0.0	893.8	1837.9	2648.7	3493.4
0.0	877.5	1726.1	2645.5	3336.8
0.0	801.2	1674.0	2549.3	3364.3
0.0	824.9	1618.1	2588.8	3427.5
0.0	978.8	1813.9	2794.9	3372.9
0.0	963.2	1765.8	2555.2	3320.0
0.0	775.5	1633.7	2554.3	3255.1
0.0	982.6	1616.9	2671.0	3207.5
0.0	998.2	1564.7	2591.0	3299.4
0.0	803.7	1224.7	2395.4	3209.3
0.0	789.8	1264.7	2341.2	3147.0
0.0	827.1	1282.7	2243.9	3008.4
0.0	666.4	1300.7	2191.4	2989.0
0.0	698.7	1375.6	2230.0	2964.0
77.3	679.2	1479.1	2268.6	3009.0
0.0	661.5	1495.3	2294.9	3063.6
105.1	569.2	1539.0	2379.8	3120.0
112.3	546.7	1603.2	2406.4	3214.5
111.7	521.0	1683.0	2433.2	3258.9
113.4	524.8	1673.4	2503.3	3269.8
112.3	548.1	1657.5	2729.7	3375.6
109.7	807.9	2093.2	3143.0	3647.0
103.4	887.8	2157.6	3173.6	3804.1
94.5	920.9	1913.3	3176.1	3810.4
0.0	940.0	1875.6	3151.6	3843.4
0.0	461.1	1766.8	3143.9	3910.2
0.0	992.2	1884.5	3199.8	3964.4
81.1	954.0	1962.3	3196.2	4118.9
64.5	1201.8	2034.8	3198.6	4128.5
0.0	1121.5	1979.0	3179.9	4009.1
0.0	1053.2	1871.0	3081.6	3959.1
0.0	514.3	1831.6	2913.7	3847.0
164.4	822.7	1835.2	2845.7	3716.8
72.3	537.0	1287.2	2368.0	3447.6
0.0	538.0	1186.9	2384.2	3420.1
0.0	585.8	1176.0	2342.3	3366.7
123.2	618.5	1137.8	2273.7	3275.1
124.7	630.8	1133.9	2276.8	3266.5
125.3	631.9	1138.6	2283.0	3226.1
126.9	632.3	1156.9	2299.3	3195.8
127.9	642.6	1155.9	2238.1	3147.1
129.5	622.4	1180.9	2209.4	3130.9
131.8	625.2	1224.1	2198.7	3089.0
133.0	621.3	1272.5	2168.9	3022.7
134.1	584.7	1412.2	2195.9	3010.5
135.2	549.7	1535.4	2206.6	3034.6
136.1	518.4	1653.7	2291.7	3037.1
136.5	461.4	1746.7	2370.2	3088.3
137.0	460.1	1757.8	2404.6	3128.3
135.9	452.0	1764.5	2421.1	3123.1
134.8	417.6	1765.6	2377.5	2985.1
132.1	435.5	1745.3	2332.7	2928.1
130.3	446.2	1651.9	2197.3	2927.0
129.4	443.6	1607.6	2062.9	2970.0
129.4	477.5	1566.5	2044.9	2973.2
128.4	513.4	1475.5	1989.7	2930.4
127.5	501.9	1423.1	1916.7	2895.1
126.5	477.9	1473.0	1926.2	2882.0
124.8	483.2	1410.1	1888.6	2892.5
123.1	551.6	1349.0	1898.9	2827.2
120.0	694.0	1280.8	1944.6	2829.7
120.0	751.2	1115.8	1976.0	2813.6
125.0	749.4	1099.3	2018.8	2786.1
127.7	662.3	1095.5	2031.5	2783.4
130.4	507.2	1078.5	2056.0	2783.8
134.8	437.6	1004.2	2086.7	2771.8
148.1	487.5	958.9	2072.3	2733.5
148.5	487.5	992.4	2029.1	2702.5
149.7	458.3	1024.6	1957.9	2650.4
148.8	472.8	1065.2	1896.7	2654.3
149.2	462.7	1077.9	1818.7	2652.0
150.7	472.6	1093.6	1756.4	2676.7
152.7	468.0	1131.9	1680.5	2674.9
153.9	475.8	1199.1	1659.7	2677.1
152.7	472.3	1243.3	1658.0	2694.8
152.0	457.9	1278.1	1674.6	2734.5
150.7	451.8	1547.4	2083.2	3124.4
147.2	626.6	1741.0	2352.8	3344.4
142.5	1035.1	1860.4	2636.5	3325.0
69.8	1099.8	2084.2	2912.7	3348.5
0.0	987.3	2148.0	2940.7	3421.0
300.0	1075.1	2270.2	3098.7	3540.8
255.3	1229.9	2338.5	3119.0	3573.3
0.0	626.5	1998.6	3098.5	3616.7
0.0	636.4	2032.2	3111.7	3599.5
218.2	757.8	2011.1	3152.8	3507.1
0.0	482.5	1826.8	2851.3	3295.6
0.0	453.7	1476.8	2476.5	3245.9
0.0	538.2	1477.5	2399.4	3252.6
210.9	572.3	1427.8	2291.3	3303.0
0.0	573.9	1422.8	2311.7	3438.5
122.7	595.9	1421.7	2344.0	3500.8
124.8	610.1	1413.4	2373.3	3550.2
121.1	614.2	1376.9	2358.6	3615.5
119.0	626.8	1281.3	2407.6	3578.0
116.8	599.8	1226.5	2424.1	3518.4
113.2	641.2	1219.9	2381.3	3542.4
110.8	614.6	1229.3	2317.9	3574.6
109.5	586.3	1239.4	2293.3	3572.9
107.5	551.2	1219.2	2323.0	3642.8
106.4	536.1	1227.7	2434.5	3709.4
100.3	456.5	1454.4	2591.0	3655.2
104.8	502.5	1574.9	2529.1	3469.3
126.3	865.3	1975.0	2944.2	3699.2
63.5	662.3	2178.9	3117.6	3962.1
0.0	822.6	2255.3	3236.7	4162.4
428.6	994.7	2097.3	3144.4	4074.8
0.0	1041.7	1990.7	3098.9	3950.7
0.0	1077.4	1848.2	3092.9	3971.8
0.0	1050.2	1795.7	2987.8	3890.4
0.0	918.5	1777.5	2834.5	3740.1
272.7	837.4	1720.6	2895.8	3709.2
203.4	457.6	1472.8	2683.4	3628.6
210.5	653.2	1423.4	2453.8	3641.3
94.5	548.3	1393.2	2415.3	3567.5
0.0	539.5	1269.3	2372.8	3469.0
153.1	554.5	1260.2	2362.6	3464.3
106.9	565.9	1250.8	2373.9	3429.2
110.7	595.0	1281.6	2416.8	3371.3
110.4	589.4	1300.0	2396.6	3402.3
111.3	616.2	1305.7	2359.6	3403.4
110.9	615.2	1307.0	2433.2	3343.3
110.7	636.5	1333.2	2407.3	3366.3
110.2	625.3	1382.2	2372.2	3387.1
109.5	630.0	1446.9	2433.4	3348.6
109.3	614.6	1537.9	2384.5	3222.1
109.2	602.7	1598.6	2383.2	3162.1
109.2	649.5	1627.8	2407.9	3259.8
109.0	643.0	1645.4	2418.6	3332.0
108.8	606.3	1664.3	2438.0	3382.6
108.5	579.6	1667.6	2461.2	3428.9
108.3	528.9	1601.4	2585.0	3352.5
109.5	459.6	1645.5	2624.8	3386.3
110.3	1016.4	1795.9	2634.6	3462.4
113.4	717.8	1644.1	2493.4	3431.5
120.9	282.0	1501.4	2470.2	3535.1
121.6	878.9	1811.9	2522.9	3608.3
113.4	836.0	1699.2	2510.7	3485.8
105.3	889.2	1665.2	2483.8	3490.2
115.4	904.5	1619.3	2495.1	3530.8
0.0	965.8	1733.8	2645.4	3608.6
0.0	684.4	1756.7	2736.2	3708.8
0.0	760.2	1728.1	2690.8	3714.4
0.0	799.5	1805.7	2670.4	3663.4
