0.0	0.0	0.0	0.0	0.0
0.0	0.0	0.0	0.0	0.0
0.0	0.0	0.0	0.0	0.0
0.0	854.0	1751.2	2620.1	3523.5
0.0	854.4	1881.9	2662.3	3461.7
0.0	1102.1	1601.2	2575.9	3413.1
0.0	1113.4	1879.4	2627.5	3460.5
240.0	1045.4	1854.4	2570.2	3382.9
0.0	739.1	1812.8	2601.3	3422.2
0.0	987.9	1842.1	2663.5	3461.4
0.0	983.4	1853.3	2685.6	3458.7
0.0	1078.2	1754.0	2624.3	3316.0
0.0	1030.0	1853.2	2667.9	3352.7
0.0	1006.0	1938.8	2723.6	3367.2
0.0	990.8	1957.5	2689.6	3372.8
0.0	935.8	1856.9	2608.5	3423.5
0.0	712.2	1675.3	2662.5	3459.6
0.0	899.1	1619.6	2652.9	3452.5
0.0	697.7	1420.0	2686.9	3560.8
0.0	636.4	1445.8	2706.9	3622.1
0.0	615.7	1486.5	2728.2	3553.4
88.2	654.8	1630.9	2641.6	3431.2
86.6	1188.4	1807.2	2790.1	3404.3
88.2	1076.5	1817.4	2804.9	3384.2
0.0	1092.5	1899.6	2792.5	3428.0
545.5	1035.6	1899.6	2777.3	3507.8
95.2	826.3	1901.9	2713.5	3457.5
157.9	765.0	1747.8	2645.5	3427.1
196.7	802.7	1712.5	2635.0	3408.7
66.7	939.0	1766.1	2855.8	3628.3
71.9	836.4	1774.4	2844.4	3626.7
444.4	830.0	1841.4	2788.8	3534.4
300.0	770.6	1826.2	2812.1	3527.3
0.0	808.5	1765.8	2753.2	3574.4
0.0	583.2	1549.9	2625.1	3526.0
0.0	498.1	1497.6	2419.4	3502.5
0.0	492.8	1440.4	2283.5	3334.4
125.3	487.0	1386.2	2180.0	3088.0
124.6	482.8	1465.3	2055.4	2944.1
123.1	469.6	1404.4	1880.8	2911.1
120.8	460.6	1392.0	1780.6	2909.2
118.7	450.3	1404.9	1742.9	2912.8
117.6	438.1	1378.4	1636.7	2928.6
115.7	423.9	1378.7	1643.0	2940.8
114.5	410.8	1404.5	1682.5	2940.1
113.1	400.8	1444.1	1681.9	2918.2
111.3	372.7	1515.5	1753.8	2931.4
110.8	388.4	1580.3	1790.4	2951.7
105.9	491.8	1641.0	1866.6	3212.9
103.6	238.5	1784.9	2212.1	3229.5
92.6	222.7	1755.6	2497.9	3405.5
94.5	902.4	1816.6	2738.9	3397.9
91.9	799.3	1911.2	2780.2	3492.9
90.6	1150.2	2121.8	2881.4	3609.6
0.0	673.4	2102.7	2835.2	3602.5
0.0	557.1	1914.8	2795.3	3534.4
387.1	967.9	1954.6	2803.6	3469.9
0.0	1063.1	1955.1	2780.8	3569.9
0.0	484.0	1955.9	2714.0	3583.8
187.5	562.3	2103.7	2696.6	3580.4
82.8	720.5	1942.8	2657.8	3498.1
375.0	728.1	1889.9	2673.4	3528.8
94.5	680.3	1830.1	2629.8	3439.6
0.0	443.0	1713.3	2372.3	3445.9
0.0	499.8	1676.9	2381.4	3519.4
127.1	534.3	1588.0	2246.1	3581.8
123.7	582.4	1545.7	2265.6	3594.3
120.6	623.1	1483.6	2304.9	3619.2
118.9	662.5	1482.3	2291.1	3646.4
116.2	694.7	1457.3	2305.0	3578.2
113.7	716.4	1437.0	2341.2	3578.4
111.9	721.0	1438.7	2349.2	3610.7
111.1	724.6	1443.4	2348.3	3675.2
107.6	715.2	1492.2	2351.9	3593.1
105.3	698.0	1535.3	2375.3	3468.0
103.2	680.7	1556.4	2387.8	3632.9
100.0	645.1	1537.0	2376.6	3632.7
98.5	527.0	1486.2	2373.9	3472.8
97.6	388.7	1499.2	2362.0	3503.3
84.0	337.8	1536.1	2418.0	3661.6
87.4	252.4	1548.7	2467.9	3528.9
81.2	244.6	1529.1	2439.0	3456.9
76.7	235.2	1524.7	2451.8	3457.0
74.5	243.1	1590.4	2363.3	3400.0
73.7	230.6	1588.0	2389.9	3278.9
72.7	213.3	1552.5	2543.9	3365.4
71.9	207.3	1482.9	2557.6	3444.2
70.6	219.2	1578.9	2552.6	3419.0
67.8	1121.8	2120.2	2789.2	3548.0
89.8	538.6	1758.7	2698.8	3626.5
0.0	575.7	1622.2	2625.0	3703.2
0.0	633.7	1522.1	2495.7	3589.5
0.0	684.6	1451.7	2384.3	3344.8
103.8	719.8	1409.3	2361.9	3298.9
103.1	717.6	1344.1	2374.0	3399.1
102.6	715.7	1300.9	2416.9	3451.3
100.8	709.1	1256.8	2437.2	3481.6
100.8	689.1	1202.9	2433.9	3469.2
101.6	670.5	1183.1	2426.7	3441.3
101.7	635.5	1147.1	2406.5	3369.0
102.3	588.5	1098.2	2413.6	3273.7
102.2	567.4	1085.9	2390.3	3294.4
101.8	541.2	1072.8	2379.8	3274.8
101.6	508.3	1108.6	2332.3	3329.7
99.3	518.4	1937.5	3282.1	3312.9
96.6	510.6	1760.3	3166.3	3608.4
0.0	994.4	1928.1	3170.0	3671.7
260.9	825.8	1848.5	3075.3	3803.1
75.0	893.2	1799.4	3078.1	3868.3
136.4	867.9	1855.2	3138.1	3795.5
352.9	834.7	1889.1	3028.1	3832.8
122.4	899.2	1941.9	3020.6	3952.1
206.9	673.0	1949.4	2985.0	3984.2
184.6	983.0	2039.1	2921.1	3863.5
64.5	861.6	1871.2	2679.3	3509.8
121.2	941.9	1945.5	2719.1	3586.4
0.0	951.3	1893.2	2785.7	3691.0
0.0	710.2	1724.5	2690.3	3557.9
0.0	929.3	1902.7	2755.1	3623.3
0.0	821.5	1855.4	2641.8	3606.0
0.0	519.0	1071.2	2470.7	3495.1
0.0	495.3	931.9	2408.5	3642.3
106.2	470.6	892.8	2323.0	3633.3
99.2	455.6	866.7	2314.6	3579.1
0.0	437.8	840.0	2351.1	3514.3
0.0	430.6	815.2	2320.1	3398.9
96.8	431.0	819.1	2315.7	3310.9
97.6	426.0	824.4	2292.7	3318.0
96.8	408.3	820.3	2320.8	3354.1
97.0	454.6	855.9	2301.5	3398.9
95.6	528.5	915.2	2293.1	3451.5
96.1	558.9	960.4	2253.4	3467.2
95.9	575.0	999.3	2262.6	3497.5
95.6	591.4	1038.3	2262.7	3427.1
94.7	629.1	1092.5	2261.6	3307.9
94.2	660.9	1135.3	2274.7	3277.7
93.5	672.8	1177.9	2291.5	3297.1
92.3	674.9	1258.7	2343.5	3292.8
92.3	673.5	1398.8	2404.9	3303.1
91.6	647.7	1518.8	2447.2	3352.8
91.8	626.3	1610.3	2455.9	3466.3
90.9	625.7	1679.3	2459.1	3504.4
89.6	544.9	1731.6	2449.5	3522.0
88.9	523.1	1808.9	2547.6	3506.5
88.0	512.8	1860.5	2588.0	3436.7
86.1	530.1	1894.2	2606.7	3448.6
83.9	596.3	1908.5	2633.2	3404.3
82.1	481.8	1891.3	2616.3	3617.7
81.6	432.8	1838.0	2580.6	3756.1
80.7	453.2	1743.2	2536.4	3801.4
77.9	500.8	1645.2	2515.5	3699.4
72.6	413.3	1534.5	2542.3	3155.9
63.5	565.6	1629.3	2559.1	3266.1
214.7	531.9	1739.7	2558.2	3402.3
72.8	681.9	1632.0	2524.9	3453.1
73.6	1213.8	1936.1	2567.7	3555.5
0.0	860.6	1525.9	2525.1	3475.3
116.5	830.7	1522.2	2523.1	3392.2
0.0	886.0	1621.1	2541.7	3354.6
0.0	786.9	1553.4	2568.8	3335.8
0.0	975.3	1484.0	2516.1	3129.9
444.4	613.8	1438.6	2372.1	3090.3
413.8	595.0	1396.9	2388.4	3049.9
315.8	664.8	1366.1	2423.1	2999.8
300.0	652.2	1440.5	2358.4	3103.2
480.0	799.1	1580.1	2462.6	3225.7
428.6	922.7	1575.8	2556.9	3196.0
461.5	948.6	1582.5	2495.7	3215.5
222.2	1014.5	1854.7	2498.3	3351.6
342.9	953.8	1724.1	2503.1	3310.1
160.0	844.2	1457.7	2429.2	3302.5
0.0	865.3	1456.4	2416.6	3098.9
500.0	809.2	1514.5	2409.6	3054.7
112.1	752.6	1435.7	2422.6	3222.2
126.3	980.0	1392.8	2479.2	3212.0
123.7	774.6	1382.8	2413.9	3020.2
240.0	796.6	1451.8	2441.3	3203.2
141.2	1090.8	1492.2	2397.5	3154.1
181.8	594.2	1445.8	2357.6	3097.8
300.0	636.5	1424.5	2458.9	3056.7
0.0	846.4	1446.7	2453.3	3068.3
324.3	823.2	1420.6	2483.2	3126.4
413.8	665.5	1448.1	2505.9	3266.4
127.7	659.0	1406.5	2530.2	3420.7
0.0	816.4	1417.9	2523.4	3237.1
0.0	703.2	1410.6	2391.3	3092.5
413.8	764.0	1405.5	2333.7	3083.3
100.8	695.7	1412.9	2321.2	2944.6
235.3	706.0	1393.6	2349.1	2963.6
571.4	712.0	1389.4	2372.8	3009.2
104.3	916.5	1460.9	2434.6	3030.7
