0.0	0.0	0.0	0.0	0.0
0.0	0.0	0.0	0.0	0.0
0.0	0.0	0.0	0.0	0.0
0.0	659.1	1683.1	2754.3	3652.8
300.0	896.5	1798.3	2706.9	3476.0
0.0	882.4	1754.9	2689.5	3449.1
0.0	848.1	1594.0	2720.3	3397.3
68.6	704.3	1621.0	2710.6	3462.0
0.0	624.7	1577.5	2711.9	3483.7
0.0	596.0	1501.5	2604.7	3465.4
0.0	648.3	1551.9	2682.3	3420.3
0.0	693.7	1579.5	2686.7	3344.0
0.0	579.8	1727.0	2634.1	3368.4
0.0	575.5	1748.6	2500.3	3322.8
0.0	593.8	1739.5	2398.7	3285.6
0.0	548.5	1761.2	2413.8	3201.7
166.7	696.0	1793.9	2433.8	3269.3
0.0	645.2	1813.5	2469.9	3308.3
0.0	608.2	1850.8	2403.8	3289.0
0.0	629.6	1846.1	2339.7	3277.5
0.0	628.4	1806.8	2332.7	3270.7
0.0	641.3	1747.0	2296.3	3246.7
0.0	475.1	1762.3	2288.1	3262.8
0.0	391.6	1761.7	2266.3	3276.7
112.5	406.6	1742.6	2283.4	3259.8
110.6	460.2	1694.0	2251.0	3226.9
109.4	455.2	1632.2	2214.5	3194.5
107.9	453.1	1546.4	2237.0	3241.0
106.4	453.4	1455.4	2216.0	3310.8
105.4	475.0	1326.1	2194.1	3356.3
104.6	481.0	1193.4	2189.3	3302.7
103.3	495.0	1078.8	2181.8	3316.3
102.1	526.5	990.5	2189.0	3392.3
100.1	531.5	940.6	2196.9	3454.8
98.2	482.1	897.2	2199.1	3465.6
93.8	480.7	878.2	2206.4	3483.2
91.5	491.8	868.8	2212.0	3426.1
88.5	519.6	959.5	2257.3	3396.6
84.8	693.4	1153.9	2256.3	3381.5
80.8	719.0	1692.5	2279.7	3384.7
78.4	763.0	1937.7	2329.0	3401.5
74.5	692.8	1932.9	2362.0	3301.3
0.0	722.9	2123.6	2427.8	3263.7
0.0	878.8	2100.0	2419.1	3298.6
134.8	931.3	2174.3	2630.8	3371.4
0.0	520.0	2206.9	2833.9	3329.2
0.0	577.0	2162.5	2468.1	3324.1
0.0	919.4	2152.9	2579.5	3360.6
218.2	1146.4	2204.7	2725.4	3421.9
0.0	732.1	2149.3	2478.7	3291.5
0.0	700.9	2201.0	2607.2	3285.9
0.0	1131.7	2212.9	2723.8	3311.5
0.0	985.0	2216.5	2671.9	3296.6
0.0	862.7	2174.2	2656.9	3255.1
0.0	1293.2	2200.5	2717.8	3343.2
0.0	675.5	2152.5	2494.9	3381.3
0.0	795.6	2087.9	2389.3	3322.8
190.5	780.0	1910.5	2270.3	3283.2
88.2	501.9	1990.0	2335.8	3366.9
88.2	456.8	1808.8	2291.9	3405.9
0.0	369.6	1770.2	2148.4	3314.6
118.8	313.2	1741.7	2100.4	3271.0
105.3	285.3	1729.3	2111.7	3277.1
101.9	285.1	1715.7	2099.2	3254.8
99.2	283.1	1708.6	2109.8	3242.1
98.7	280.3	1706.1	2129.9	3221.3
98.4	286.7	1718.5	2150.1	3122.1
98.4	347.9	1696.6	2215.5	2939.4
96.6	591.3	1647.1	2234.0	2882.8
94.3	671.2	1604.4	2269.3	2959.7
86.6	455.4	1555.7	2325.9	3107.7
92.2	297.9	1551.4	2353.3	3130.7
90.9	820.9	2195.9	2836.4	3122.8
0.0	337.0	1638.4	2463.2	3125.7
0.0	396.0	1584.0	2359.1	3198.8
0.0	411.3	1547.3	2335.9	3214.2
96.3	432.3	1503.7	2314.5	3246.9
96.1	469.2	1444.2	2303.6	3310.1
93.2	471.9	1420.2	2299.9	3309.9
91.8	480.3	1420.9	2270.8	3264.4
92.3	477.5	1387.7	2261.2	3260.6
94.5	467.0	1318.0	2191.8	3233.9
94.4	447.7	1229.5	2151.0	3201.9
94.0	435.2	1149.5	2080.7	3172.0
93.7	444.3	1144.0	2034.6	3201.1
90.3	529.0	1655.2	2359.0	3274.7
74.2	500.6	1533.5	2531.8	3345.7
71.0	721.7	1826.6	2738.8	3460.9
63.5	897.0	1825.7	2770.0	3485.5
0.0	541.0	1687.1	2576.7	3379.2
0.0	743.9	1671.6	2689.6	3365.3
0.0	727.5	1668.4	2672.4	3328.5
0.0	775.2	1728.8	2572.9	3357.8
0.0	809.4	1773.3	2472.6	3359.4
0.0	906.5	1700.5	2519.3	3406.8
76.4	1139.3	1828.2	2588.7	3425.7
0.0	793.2	1656.0	2577.2	3374.3
0.0	763.1	1691.9	2685.9	3478.6
0.0	746.7	1693.1	2656.0	3451.4
0.0	1040.8	1745.9	2619.7	3387.6
0.0	731.6	1632.5	2618.2	3345.7
0.0	767.4	1746.8	2596.7	3452.8
0.0	722.2	1727.0	2607.6	3485.1
0.0	809.7	1782.0	2772.9	3439.3
0.0	942.7	1816.9	2882.6	3529.8
0.0	788.2	1613.8	2657.0	3566.7
342.9	958.1	1657.1	2594.3	3658.9
0.0	983.7	1706.2	2573.0	3532.5
0.0	1027.1	1751.0	2530.9	3319.7
0.0	681.0	1586.4	2457.1	3360.8
266.7	680.1	1563.4	2485.9	3498.9
0.0	798.0	1547.5	2434.9	3576.3
0.0	642.9	1453.0	2332.9	3481.7
0.0	462.9	1385.4	2349.1	3435.0
0.0	437.8	1365.4	2345.8	3549.9
100.8	436.2	1376.2	2340.7	3591.6
84.5	423.6	1389.2	2350.9	3568.5
82.7	445.4	1396.7	2390.6	3547.0
82.8	559.9	1458.7	2418.0	3470.0
75.6	497.6	1936.0	2444.4	3450.4
199.2	1120.2	1807.0	2652.2	3402.0
0.0	930.3	1711.0	2605.2	3388.0
0.0	923.4	1697.8	2577.9	3377.5
0.0	1129.1	1741.5	2647.2	3440.5
0.0	812.1	1631.6	2672.3	3472.2
0.0	665.1	1698.1	2787.5	3634.7
0.0	565.3	1589.2	2530.0	3570.3
0.0	553.0	1564.3	2400.8	3523.3
0.0	575.9	1568.8	2421.0	3514.5
0.0	638.7	1634.8	2381.8	3563.9
0.0	609.8	1634.5	2338.4	3538.7
102.0	624.7	1667.8	2347.4	3443.2
93.4	778.5	1661.6	2320.9	3425.0
94.1	775.2	1681.4	2332.1	3444.4
94.3	817.5	1698.3	2366.4	3463.8
93.5	753.1	1696.6	2357.1	3442.3
93.7	630.0	1678.5	2371.7	3407.0
93.1	674.7	1662.5	2326.4	3411.9
93.4	665.6	1646.0	2256.3	3382.5
92.6	653.0	1618.1	2222.8	3359.2
92.2	641.5	1595.3	2174.1	3369.1
92.1	660.3	1559.7	2123.4	3352.1
91.0	661.0	1507.0	2141.2	3316.5
89.9	672.0	1470.8	2059.6	3313.4
89.1	618.9	1417.0	1942.5	3322.9
86.9	644.0	1330.3	1964.3	3254.0
84.8	658.1	1274.0	1857.3	3256.8
82.2	756.0	1212.0	1908.7	3256.5
81.2	649.2	1109.8	1917.3	3259.0
79.4	728.7	1089.4	1937.9	3253.1
78.0	727.8	1087.8	1921.1	3244.9
76.3	749.9	1085.1	1930.1	3216.0
76.1	664.3	1051.8	1942.4	3190.7
75.3	656.4	1074.8	1958.0	3121.1
74.3	644.6	1070.3	2023.5	3074.5
75.2	750.0	1075.7	1857.1	3084.9
75.7	753.5	1139.4	1893.7	3057.1
75.5	722.8	1190.5	2347.7	2927.6
75.9	504.1	1256.7	2508.7	3263.9
74.6	460.2	1419.7	2443.1	3541.9
73.5	370.3	1413.0	2342.2	3460.6
74.1	384.8	1424.7	2402.2	3435.7
76.8	420.8	1418.6	2421.7	3418.2
76.2	373.6	1313.6	2334.6	3391.7
76.7	705.2	1429.7	2554.6	3208.7
77.6	592.2	1316.6	2423.2	3138.3
75.9	533.2	1241.3	2142.1	3209.5
77.6	521.3	1346.1	1917.6	3222.0
76.2	482.2	1379.2	1952.0	3254.2
76.7	710.3	1404.1	2097.3	3273.1
77.4	722.0	1424.5	2092.5	3253.2
76.6	800.6	1427.1	2164.4	3281.7
75.8	957.6	1450.7	2146.3	3296.1
75.4	827.6	1497.0	2239.1	3310.5
73.6	769.9	1515.4	2279.3	3321.2
75.9	817.6	1513.4	2205.3	3306.8
72.3	897.8	1634.2	2364.0	3279.3
72.3	495.8	1481.8	2309.5	3303.3
73.6	532.8	1510.7	2311.9	3294.1
71.4	738.5	1500.2	2437.9	3379.4
0.0	753.5	1505.8	2324.0	3329.8
67.4	747.6	1533.6	2380.0	3344.5
77.4	844.9	1545.8	2513.3	3365.8
320.9	848.0	1488.6	2414.8	3294.7
0.0	685.6	1448.5	2400.3	3305.6
0.0	638.6	1493.1	2235.3	3256.8
0.0	703.5	1488.2	2243.0	3240.6
250.0	638.5	1499.4	2406.6	3344.3
0.0	761.8	1491.9	2376.1	3335.5
