0.0	0.0	0.0	0.0	0.0
0.0	0.0	0.0	0.0	0.0
0.0	0.0	0.0	0.0	0.0
0.0	648.5	1820.5	2525.0	3503.2
0.0	679.3	1815.1	2447.2	3493.4
0.0	831.7	1748.2	2397.7	3424.1
0.0	943.2	1763.2	2389.8	3331.8
0.0	812.4	1810.9	2422.0	3403.3
0.0	834.1	1674.1	2339.1	3373.8
0.0	845.9	1707.4	2320.5	3298.5
0.0	760.9	1671.3	2290.3	3408.2
0.0	892.5	1696.4	2373.1	3364.8
0.0	944.5	1702.6	2372.0	3343.2
0.0	833.9	1614.8	2408.7	3432.1
0.0	780.1	1647.1	2412.9	3423.8
0.0	818.5	1607.1	2475.2	3419.6
129.0	683.2	1512.7	2516.4	3345.5
240.0	608.9	1535.9	2502.9	3472.5
0.0	705.6	1681.1	2574.4	3491.3
0.0	734.3	1587.3	2525.5	3381.9
0.0	771.4	1611.1	2422.3	3387.0
0.0	291.7	1474.3	2352.2	3398.3
0.0	308.6	1445.6	2332.2	3460.6
0.0	291.5	1577.7	2513.7	3406.8
0.0	578.6	1606.0	2593.3	3378.3
94.5	541.3	1476.5	2456.1	3437.1
95.2	563.9	1431.6	2439.6	3430.1
96.8	719.2	1456.1	2444.2	3422.5
100.0	369.9	1508.4	2462.0	3424.5
108.1	421.4	1532.1	2483.5	3437.7
115.4	482.2	1539.1	2506.5	3449.9
128.8	512.3	1552.1	2527.2	3467.4
134.0	538.7	1552.9	2528.2	3460.5
137.8	552.7	1564.7	2552.2	3454.6
149.8	593.1	1557.3	2553.7	3478.3
154.8	609.8	1568.7	2552.8	3515.7
154.4	619.6	1547.9	2560.2	3552.8
149.1	652.6	1543.0	2564.2	3596.1
137.1	635.2	1541.9	2502.8	3620.5
128.9	627.8	1522.1	2439.7	3578.9
118.4	623.8	1505.3	2324.1	3545.1
107.7	650.3	1489.1	2256.7	3575.6
102.7	646.6	1465.4	2277.5	3588.7
98.5	533.7	1414.5	2344.0	3489.7
94.6	349.8	1549.4	2388.8	3555.1
93.9	380.3	1942.2	2396.6	3638.7
97.7	379.3	2102.3	2438.2	3615.2
99.2	373.5	2044.1	2466.6	3610.9
100.4	366.0	2041.7	2431.5	3615.1
100.5	368.3	2002.8	2434.5	3635.4
100.3	329.6	2038.7	2432.9	3614.8
100.2	352.0	1792.1	2322.3	3443.4
102.8	261.8	1534.2	2245.7	3550.9
103.3	549.2	1598.8	2241.4	3664.5
102.6	801.2	1630.8	2250.4	3584.8
99.9	713.7	1652.8	2243.5	3437.7
95.3	826.0	1650.0	2291.5	3448.7
0.0	846.3	1654.9	2297.2	3361.9
236.7	736.8	1697.9	2223.3	3365.9
90.5	709.6	1696.3	2331.8	3414.1
0.0	683.6	1672.2	2415.9	3429.6
0.0	641.0	1671.4	2435.5	3429.4
70.5	690.2	1639.7	2414.3	3445.2
0.0	686.6	1623.5	2370.1	3527.1
93.3	683.5	1598.2	2347.2	3594.8
97.6	694.9	1567.4	2352.0	3649.2
102.3	707.6	1559.0	2367.8	3661.0
103.7	684.6	1517.6	2356.3	3630.9
106.2	669.7	1484.1	2335.5	3597.1
111.1	645.1	1441.2	2306.5	3564.1
112.2	666.2	1406.0	2303.0	3534.4
112.2	663.5	1364.7	2296.4	3433.9
112.1	745.3	1630.0	2408.3	3438.8
110.1	880.3	1702.6	2539.6	3426.2
143.2	1018.5	1676.3	2605.6	3422.7
90.2	1077.8	1852.1	2697.3	3511.2
0.0	881.2	1768.8	2611.5	3444.2
0.0	962.7	1727.6	2464.2	3369.3
150.0	833.7	1487.2	2270.1	3315.3
0.0	890.9	1756.9	2558.8	3333.7
0.0	928.3	1815.4	2624.3	3247.4
571.4	764.3	1661.5	2652.7	3260.1
0.0	998.1	1707.3	2479.9	3277.1
285.7	886.4	1572.7	2333.2	3189.4
0.0	400.1	1240.1	1630.4	3169.5
0.0	489.5	1226.8	1580.1	3189.8
120.0	441.2	1215.7	1580.1	3206.4
113.5	437.4	1187.9	1593.7	3258.6
108.5	437.0	1159.3	1613.9	3338.8
105.2	459.7	1126.9	1654.0	3380.2
101.0	466.0	1059.5	1730.0	3378.2
96.0	472.9	996.3	1832.4	3366.9
93.8	471.2	910.4	1955.4	3301.6
417.5	527.7	1771.3	3118.4	3460.1
411.0	533.1	2104.2	3231.4	3523.5
88.2	517.0	2200.5	3245.4	3491.5
88.5	466.9	1042.3	2874.6	3386.7
89.9	405.6	703.6	2765.7	3387.0
92.4	395.8	657.5	2715.7	3358.9
93.7	409.2	661.5	2696.3	3258.5
94.3	444.4	675.2	2542.3	3226.6
96.8	519.3	764.8	2527.1	3215.9
99.4	547.2	816.1	2493.5	3222.1
101.1	574.9	870.7	2448.3	3241.8
103.1	616.1	942.7	2409.9	3270.6
102.0	626.3	973.0	2355.8	3280.8
103.4	668.8	1017.6	2333.9	3297.0
103.4	686.7	1067.8	2285.5	3319.3
103.4	678.0	1113.4	2236.1	3320.7
100.8	678.3	1160.6	2170.2	3344.4
98.4	691.4	1206.5	2130.2	3346.0
98.4	709.5	1231.9	2120.3	3352.2
96.8	731.0	1261.5	2104.7	3373.6
94.5	752.4	1285.9	2123.5	3377.2
93.0	731.2	1280.4	2134.2	3377.1
90.1	670.4	1250.7	2146.8	3371.0
87.9	653.1	1207.4	2201.1	3378.7
87.0	636.0	1143.3	2267.9	3404.8
84.0	628.1	1095.4	2351.9	3479.9
83.5	619.4	994.2	2430.6	3550.2
82.8	614.2	955.0	2465.5	3593.8
81.6	564.6	954.1	2544.4	3613.6
81.2	547.7	902.6	2599.6	3612.3
82.0	536.3	866.5	2627.2	3542.6
82.4	537.2	846.6	2631.9	3535.1
84.3	545.7	857.9	2658.5	3602.4
85.7	568.8	885.0	2475.2	3618.6
89.8	603.0	925.4	2441.4	3640.1
91.6	659.2	898.0	2335.9	3640.2
91.6	757.1	948.5	2256.8	3519.4
93.8	296.7	907.2	2270.8	3367.5
93.8	663.8	1030.8	2265.7	3240.6
92.3	810.8	1123.0	2362.4	3337.3
96.6	821.9	1472.5	2650.3	3416.9
98.3	788.4	1809.3	2997.6	3399.4
100.8	822.5	1803.1	2945.0	3364.6
104.3	1126.9	1855.5	2928.2	3372.9
387.1	1134.5	2150.0	2969.2	3371.1
0.0	806.1	2254.3	3003.2	3381.4
0.0	879.5	2325.7	3006.8	3472.2
0.0	702.8	2201.6	3050.8	3417.2
0.0	634.5	2102.0	2905.3	3262.9
0.0	836.2	2216.2	2857.2	3426.2
480.0	924.7	2389.3	3050.7	3525.7
0.0	444.9	2310.3	2920.0	3556.6
375.0	842.1	2335.7	3026.2	3492.5
136.4	754.9	2332.6	3037.0	3500.6
0.0	863.9	2344.4	2877.4	3502.8
0.0	844.5	2035.6	2596.3	3334.0
0.0	611.0	1856.1	2540.3	3264.8
0.0	360.6	1796.5	2450.4	3215.2
0.0	369.5	1807.1	2312.7	3251.8
244.6	360.1	1680.9	2017.5	3248.4
114.3	348.6	1297.2	2069.8	3286.5
110.1	347.7	961.4	2113.8	3272.1
102.6	405.9	861.1	2128.0	3267.4
97.2	376.0	801.7	2196.8	3331.4
95.1	431.0	819.5	2192.9	3345.1
96.8	461.7	806.2	2238.9	3336.5
98.8	486.8	790.6	2277.8	3299.3
97.4	564.6	857.1	2278.1	3325.3
206.7	548.9	951.0	2236.6	3346.1
96.8	566.1	1062.8	2258.1	3343.0
97.6	581.6	1186.9	2245.8	3362.2
97.7	547.9	1314.9	2187.1	3479.4
98.7	554.6	1365.5	2226.4	3553.3
99.1	475.6	1382.5	2366.9	3562.0
98.2	280.3	1387.7	2414.4	3267.3
94.3	267.9	1402.9	2398.2	3003.3
189.3	246.2	1526.1	2404.5	3284.9
176.5	320.9	1448.5	2333.2	3332.4
79.5	886.7	1840.9	2820.8	3595.9
0.0	670.7	1767.1	2924.7	3629.6
0.0	858.9	1740.5	3039.9	3644.9
0.0	833.0	1977.5	2915.4	3557.9
0.0	813.5	1826.4	2536.0	3405.9
0.0	909.4	2122.7	2531.8	3385.3
0.0	481.1	1618.5	2233.6	3294.7
0.0	445.1	1532.0	2045.3	3240.0
112.1	432.6	1462.7	1917.8	3299.5
104.6	442.0	1371.5	1810.0	3399.6
100.0	463.9	1343.2	1775.1	3402.5
96.2	472.3	1301.0	1734.5	3429.3
95.1	452.3	1288.9	1658.5	3456.6
94.6	463.9	1258.4	1625.5	3457.6
96.0	449.6	1258.5	1592.9	3461.9
98.3	446.9	1227.3	1566.4	3501.6
98.3	510.5	1241.3	1605.1	3385.2
98.4	532.8	1232.4	1612.8	3298.2
96.0	551.0	1199.3	1629.6	3293.0
93.9	562.1	1148.3	1700.0	3252.3
92.8	548.8	1231.3	1872.4	3253.0
91.4	374.9	1542.9	2044.0	3293.2
87.3	332.6	1599.8	2017.5	3256.1
196.7	343.3	1582.4	1914.3	3216.1
91.6	351.1	1752.3	2021.8	3312.7
91.9	336.3	1615.8	2047.0	3293.7
196.7	360.5	1711.7	1975.9	3312.7
203.4	354.9	1165.8	1934.3	3355.0
218.2	538.6	1263.1	1953.2	3293.2
213.5	553.6	1394.7	1961.8	3286.6
102.6	605.3	1454.0	1952.6	3308.2
105.4	622.8	1465.5	1950.3	3302.0
107.0	587.4	1463.2	1924.5	3290.3
108.4	655.5	1443.4	1858.7	3293.6
107.9	634.6	1380.0	1838.0	3323.8
108.1	648.6	1357.2	1820.4	3310.3
106.8	621.2	1325.8	1802.7	3316.9
104.9	631.9	1294.4	1764.1	3317.5
102.3	623.4	1279.0	1709.9	3342.5
99.8	613.3	1279.7	1701.4	3354.3
96.7	629.8	1277.2	1674.7	3387.9
94.2	623.1	1274.8	1630.5	3404.4
91.3	560.9	1271.2	1602.5	3402.9
85.3	555.5	1231.4	1559.3	3400.0
81.3	569.0	1239.7	1547.9	3386.4
76.4	574.4	1226.6	1547.3	3399.3
76.4	567.3	1283.7	1604.8	3429.6
76.9	541.2	1312.0	1655.5	3388.9
78.6	541.4	1306.3	1673.0	3364.6
80.8	572.6	1250.3	1683.8	3433.8
81.7	858.8	1397.0	1839.2	3405.4
86.4	642.1	1337.1	1685.3	3313.8
89.7	663.5	1423.7	1664.0	3386.6
91.3	634.2	1539.7	1787.8	3415.3
94.0	672.3	1547.6	2027.4	3414.5
96.7	692.6	1480.5	1922.5	3327.6
91.6	704.9	1475.0	1941.2	3207.4
91.6	748.5	1472.9	1947.4	3235.9
83.3	654.6	1395.3	2035.5	3253.4
134.8	774.9	1500.3	2113.7	3318.5
129.0	783.5	1527.2	2128.3	3321.3
0.0	832.1	1521.6	2199.4	3315.0
0.0	830.7	1634.3	2420.5	3458.5
