0.0	0.0	0.0	0.0	0.0
0.0	0.0	0.0	0.0	0.0
0.0	0.0	0.0	0.0	0.0
0.0	626.0	1724.4	2545.6	3435.5
0.0	641.4	1708.3	2513.8	3510.9
0.0	686.9	1638.6	2533.8	3536.9
0.0	895.5	1801.1	2670.2	3452.0
0.0	877.6	1817.4	2731.8	3475.9
0.0	838.4	1682.2	2641.1	3473.5
0.0	818.0	1822.5	2633.8	3447.9
0.0	866.4	1736.1	2662.0	3494.9
0.0	671.3	1657.7	2687.7	3360.6
0.0	745.4	1587.1	2615.0	3335.3
0.0	784.0	1636.0	2511.2	3435.4
0.0	733.6	1474.3	2412.0	3466.6
0.0	820.0	1483.7	2539.3	3549.6
444.4	867.0	1522.5	2606.6	3612.6
0.0	557.7	1533.8	2505.6	3386.2
0.0	984.6	1505.6	2594.2	3173.3
0.0	957.1	1515.5	2449.9	3076.9
0.0	371.4	1382.9	2226.8	3094.0
0.0	375.7	1305.7	2209.8	2966.0
127.7	342.3	1317.4	2123.1	2914.2
125.0	281.2	1171.8	2074.4	2936.9
116.5	255.5	1101.6	2059.6	2956.6
113.2	326.2	1060.6	2025.2	2945.6
111.1	220.5	1894.0	2171.7	3211.5
110.1	713.9	1808.8	2278.2	3301.3
102.8	568.4	1639.8	2435.1	3416.5
100.0	504.0	1422.0	2468.5	3404.9
69.7	653.3	1383.5	2430.4	3334.3
0.0	624.4	1379.7	2262.3	3239.4
0.0	605.6	1413.7	2025.5	3056.1
0.0	362.1	1400.5	1908.5	2865.1
0.0	454.5	1486.6	1930.4	2799.2
121.2	474.4	1485.0	1925.9	2782.6
118.8	474.8	1456.2	1913.9	2785.7
121.2	484.6	1413.0	1904.9	2763.0
126.0	553.7	1409.1	1863.2	2726.9
127.9	526.1	1356.8	1803.0	2736.0
130.4	494.9	1352.5	1788.4	2742.5
133.3	487.4	1355.2	1775.7	2723.7
134.7	446.7	1292.0	1760.6	2734.1
134.4	463.6	1237.9	1783.6	2733.1
134.0	466.9	1191.1	1795.4	2755.5
133.2	464.9	1187.7	1810.4	2757.2
132.3	456.2	1147.8	1839.2	2779.4
131.9	436.6	1088.6	1927.3	2803.5
131.9	414.7	956.3	2013.4	2884.0
132.2	381.2	886.5	2131.5	2967.4
131.6	370.4	795.4	2237.9	3195.6
128.6	361.2	822.5	2335.7	3149.3
129.2	335.9	807.1	2369.1	3131.8
131.6	325.9	867.4	2437.9	3197.3
130.4	331.1	821.2	2494.4	3145.4
129.9	374.2	787.1	2502.4	3063.1
131.9	369.9	754.3	2554.1	3041.0
129.0	386.4	776.6	2537.5	3021.7
125.9	384.2	837.2	2512.6	3034.1
120.0	369.3	910.1	2464.1	2976.3
118.5	359.3	967.8	2297.8	2867.7
112.5	371.9	1082.5	2270.6	2946.9
104.0	297.2	1179.0	2517.5	3341.2
217.3	929.7	1248.6	2551.5	3394.2
78.4	1009.3	1484.7	2585.1	3382.0
112.1	626.8	1439.5	2624.2	3440.4
116.5	1201.4	1651.3	2708.0	3553.8
0.0	1003.6	1702.1	2700.6	3558.3
0.0	969.6	1431.4	2615.3	3451.7
0.0	1155.4	1541.4	2512.0	3449.2
177.4	1222.1	1681.9	2495.7	3352.6
63.5	1121.7	1697.4	2450.7	3307.2
63.5	1126.8	1704.9	2527.9	3379.7
0.0	985.2	1539.2	2387.3	3265.1
0.0	803.4	1414.0	2177.8	3223.7
0.0	624.9	1339.8	2053.9	3217.3
0.0	604.8	1447.4	2032.9	3104.2
250.0	578.3	1504.0	1971.7	3137.8
0.0	612.8	1459.9	1930.5	2954.7
0.0	492.2	1464.0	2002.5	2883.4
129.5	475.5	1487.0	2131.7	2999.4
125.6	468.4	1501.1	2461.4	3124.7
123.4	466.8	1555.6	2516.5	3220.9
120.9	454.9	1572.2	2545.7	3272.2
119.0	458.6	1588.6	2540.1	3359.3
119.2	466.1	1560.2	2559.5	3412.7
119.3	464.7	1553.5	2556.4	3478.0
118.6	447.1	1503.0	2358.4	3507.9
117.2	448.8	1435.4	2213.9	3612.8
116.5	423.5	1379.3	2318.7	3675.7
115.7	422.1	1336.8	2463.8	3704.1
114.2	418.2	1278.6	2566.4	3618.4
112.2	485.7	1281.4	2565.4	3490.4
110.9	478.8	1294.4	2554.8	3593.4
109.5	464.9	1228.1	2535.9	3680.2
107.3	448.4	1184.3	2543.0	3529.1
104.0	422.3	1233.5	2519.7	3450.8
100.9	420.2	1346.4	2682.2	3739.4
97.6	354.4	1488.3	3164.2	3777.1
93.0	804.6	1607.3	3168.9	3683.0
89.6	779.3	1546.9	3164.5	3709.9
0.0	1140.4	1670.1	3120.9	3636.8
148.1	818.9	1642.8	2816.9	3543.0
81.6	578.5	1568.7	2749.1	3525.0
72.7	545.1	1665.8	2739.4	3526.1
0.0	567.5	1630.6	2604.6	3349.0
0.0	589.7	1544.1	2466.2	3346.6
0.0	908.0	1669.8	2506.8	3385.6
0.0	816.9	1907.3	2452.3	3367.9
571.4	965.7	2236.6	2722.0	3440.8
571.4	961.2	2207.6	2787.4	3545.9
87.6	646.1	1953.4	2618.1	3602.9
0.0	590.3	1884.3	2565.3	3508.9
0.0	452.2	1758.8	2294.5	3167.7
0.0	933.4	1588.2	2322.7	3130.3
0.0	293.5	1157.2	2130.4	3092.8
0.0	290.6	1132.6	2080.7	3056.6
190.5	305.1	1106.8	2098.2	3113.1
88.9	440.5	1316.9	2097.2	3184.9
177.3	261.8	1775.6	2140.8	3269.5
87.6	272.5	1058.7	2094.1	3229.2
86.4	456.6	1620.4	2078.1	3142.5
182.8	348.5	1775.6	2182.3	3093.1
100.6	372.8	1889.4	2290.7	3132.3
94.9	386.2	1930.5	2400.0	3178.2
94.5	397.6	1945.8	2484.9	3223.5
96.1	406.4	1926.7	2516.1	3271.9
95.3	402.0	1865.9	2448.4	3235.9
93.8	379.2	1389.7	2381.3	3190.1
91.8	351.7	1471.1	2436.7	3156.1
95.2	353.5	1504.1	2466.7	2979.7
95.2	379.1	1464.8	2447.6	2872.2
95.7	397.7	1400.1	2480.4	3013.9
94.5	360.1	1471.2	2521.9	2923.0
190.0	605.7	1484.3	2547.6	2995.3
196.6	484.3	1450.5	2494.1	3053.9
96.6	494.4	1370.9	2463.8	3107.8
94.1	487.9	1219.2	2482.4	3140.1
95.4	475.1	1130.8	2474.8	3110.4
95.2	447.0	1066.9	2442.6	3138.0
96.7	428.0	1040.4	2452.5	3151.6
95.9	407.6	1025.0	2441.3	3090.3
94.9	395.4	1035.9	2475.7	3042.9
95.1	394.8	1052.4	2439.4	2944.2
94.4	381.6	1110.1	2157.6	2812.7
93.3	370.7	1200.7	2262.9	3016.8
92.5	438.3	1236.4	2468.4	3235.3
81.6	587.6	1279.8	2493.1	3171.9
166.7	366.1	1353.4	2477.9	3109.2
0.0	355.0	1411.0	2428.7	3004.9
0.0	347.9	1453.2	2457.1	2966.3
85.9	353.1	1452.9	2475.0	2998.5
89.8	346.4	1422.3	2487.7	3076.5
88.4	350.2	1383.2	2493.7	3138.0
87.8	384.8	1362.1	2483.6	3124.0
83.6	348.7	1370.2	2496.8	3251.9
82.7	345.4	1375.8	2522.2	3253.3
80.2	343.1	1401.4	2560.3	3209.9
82.6	506.4	1459.1	2538.5	3391.6
88.9	398.5	1481.4	2539.5	3491.8
0.0	382.7	1486.0	2531.7	3393.2
89.2	418.5	1479.1	2500.7	3218.8
90.6	446.9	1414.6	2481.2	3216.2
92.4	461.2	1345.1	2526.6	3241.0
93.7	478.5	1259.5	2605.3	3233.5
93.9	472.8	1186.6	2639.4	3248.5
94.4	473.2	1124.8	2658.9	3262.9
93.5	467.1	1071.7	2662.6	3306.7
92.8	468.3	1039.2	2694.3	3346.3
94.3	419.2	1015.3	2754.0	3364.9
94.9	409.4	998.8	2779.1	3420.4
96.1	432.9	1092.4	2694.0	3506.0
92.1	850.2	1769.5	2885.2	3573.2
85.2	1033.0	1690.0	3097.4	3623.4
91.1	1112.9	1929.9	3255.8	3658.7
109.1	1079.7	1841.4	3222.0	3686.6
0.0	1017.6	1722.0	3183.8	3655.0
0.0	689.9	1691.3	3167.5	3590.1
0.0	1090.1	1996.8	3096.8	3408.3
0.0	822.1	1572.5	2837.2	3237.6
0.0	930.0	1487.8	2514.6	3172.8
125.0	960.9	1588.3	2506.6	3156.9
214.3	1004.0	1599.7	2573.9	3180.4
126.3	978.2	1613.6	2478.3	3182.7
461.5	974.4	1541.8	2604.2	3258.1
342.9	937.8	1459.7	2452.6	3250.8
0.0	643.3	1164.7	2284.6	3148.6
0.0	389.9	905.0	2172.6	3118.1
0.0	377.5	916.2	2030.0	2961.9
0.0	404.9	990.6	1916.2	2883.1
0.0	432.1	1045.6	1835.5	2807.3
0.0	412.7	1090.3	1769.4	2733.2
342.9	435.6	1132.2	1713.7	2756.4
0.0	424.2	1164.7	1659.0	2692.9
0.0	419.8	1172.7	1663.0	2768.5
106.2	419.2	1191.1	1681.8	2834.8
0.0	442.9	1192.0	1631.4	2664.0
0.0	435.5	1190.3	2046.7	3035.1
111.1	441.4	1177.3	2198.7	3232.2
105.3	449.5	1175.9	2084.6	2984.9
0.0	468.0	1190.0	2206.4	3085.2
0.0	585.7	1373.5	2500.2	3196.0
112.1	596.6	1450.1	2529.0	3093.8
80.0	609.9	1391.1	2449.5	2855.2
0.0	893.6	1542.4	2365.2	2900.4
96.8	932.1	1873.8	2631.4	3170.3
0.0	747.8	1883.5	2638.0	3186.5
0.0	878.4	1849.0	2634.1	3287.8
0.0	996.6	1926.6	2615.3	3228.1
82.8	781.4	1912.6	2628.8	3211.3
0.0	721.4	1744.6	2701.2	3202.2
0.0	812.5	1617.2	2729.3	3149.8
94.5	714.7	1644.4	2545.1	3083.4
85.7	797.2	1817.0	2561.4	3209.0
109.1	598.2	1884.2	2663.1	3241.0
0.0	563.4	1938.5	2650.9	3220.8
0.0	824.3	1924.2	2550.5	3179.5
70.6	607.2	1776.6	2475.2	3331.8
0.0	702.2	1825.7	2512.3	3381.9
0.0	822.1	1745.4	2420.0	3296.9
0.0	609.4	1542.9	2322.4	3214.4
