0.0	0.0	0.0	0.0	0.0
0.0	0.0	0.0	0.0	0.0
0.0	0.0	0.0	0.0	0.0
0.0	920.4	1662.4	2654.5	3409.2
0.0	715.1	1638.3	2595.3	3380.4
0.0	667.6	1537.9	2600.8	3370.3
0.0	786.2	1557.7	2625.4	3374.4
0.0	875.1	1541.0	2584.5	3402.7
0.0	913.1	1495.6	2574.9	3396.0
0.0	711.2	1491.0	2693.0	3428.6
65.6	723.5	1528.2	2615.8	3384.1
0.0	751.0	1494.8	2432.3	3416.1
0.0	786.4	1515.9	2473.2	3436.1
0.0	743.9	1641.8	2554.7	3430.4
91.6	701.7	1651.0	2660.9	3414.2
0.0	421.1	1515.3	2471.3	3282.5
0.0	423.5	1521.4	2429.6	3291.6
96.0	726.6	1727.7	2539.4	3336.1
85.7	818.9	1772.7	2573.1	3353.3
92.6	773.6	1781.2	2642.7	3268.3
85.1	880.0	1672.9	2671.1	3369.2
96.0	469.8	1550.2	2606.9	3505.9
0.0	582.8	1524.0	2557.0	3607.9
0.0	585.4	1505.5	2513.5	3519.6
81.4	624.9	1465.6	2486.1	3450.5
81.6	640.7	1479.6	2470.3	3401.4
81.6	652.1	1497.1	2478.4	3436.1
78.8	640.6	1529.3	2474.9	3230.1
85.1	630.1	1511.7	2480.1	3173.9
82.8	618.7	1527.6	2470.6	3102.9
85.7	566.8	1576.2	2487.8	3039.0
86.7	586.4	1637.2	2583.0	3317.9
85.0	389.7	1748.5	2641.0	3423.8
85.3	714.5	1791.3	2602.5	3460.8
203.4	679.7	1414.5	2586.1	3375.9
69.4	764.1	1329.7	2548.7	3460.8
0.0	807.4	1462.8	2767.8	3790.9
0.0	642.7	1734.6	2984.4	3936.6
0.0	582.6	1673.5	3005.0	3848.3
0.0	803.9	1739.8	2875.6	3695.1
0.0	1136.3	1772.8	2579.0	3581.0
0.0	634.0	1712.0	2433.2	3423.9
0.0	901.3	1667.9	2472.6	3444.7
97.6	1081.8	1672.2	2528.8	3523.2
110.1	907.5	1376.7	2433.0	3476.1
0.0	860.3	1391.6	2343.8	3457.2
89.6	518.4	1093.6	2527.3	3300.5
0.0	453.1	908.3	1892.7	3030.0
0.0	461.9	902.9	1866.2	2922.8
0.0	483.7	958.1	1811.7	2803.7
82.2	484.3	996.1	1814.6	2680.4
86.5	487.4	1068.5	1667.0	2547.6
85.4	477.3	1106.2	1630.8	2583.3
84.7	470.0	1152.5	1565.5	2536.5
83.3	469.0	1212.9	1606.8	2560.7
83.4	472.4	1246.3	1606.7	2597.6
83.6	473.4	1323.0	1688.5	2670.1
83.8	478.6	1422.9	1742.1	2722.1
83.4	423.1	1509.1	1750.9	2819.3
83.5	306.5	1568.9	1913.7	3036.8
76.2	407.9	1614.7	2322.4	2767.5
82.2	356.0	1642.7	2437.9	2889.5
80.0	285.9	1658.9	2648.3	3190.3
76.5	237.5	1572.1	2556.2	3378.8
73.4	272.5	1539.5	2562.0	3385.3
71.7	362.1	1635.2	2575.8	3395.3
67.4	855.6	1831.3	2740.4	3535.8
0.0	841.3	1994.9	2807.3	3588.8
0.0	352.7	1919.1	2765.1	3423.0
0.0	366.5	2112.0	2877.4	3569.3
92.0	356.6	2120.2	2866.1	3522.8
85.3	348.4	2159.4	2829.6	3453.2
82.9	350.1	2143.3	2771.7	3412.6
80.6	350.9	2103.1	2601.1	3440.5
79.7	340.0	1959.3	2360.9	3360.5
78.2	383.8	1824.0	2361.0	3291.5
77.3	451.9	1782.3	2498.2	3392.1
72.7	359.7	1702.5	2525.1	3487.4
71.9	807.7	1676.1	2544.5	3542.1
71.4	876.9	1737.9	2645.6	3556.3
68.6	1108.7	1785.1	2734.9	3544.1
68.6	692.9	1577.5	2597.7	3445.3
78.9	691.4	1603.4	2564.6	3407.5
0.0	635.1	1409.3	2458.8	3238.3
89.6	598.1	1242.6	2341.0	3278.7
0.0	584.0	1081.2	2206.4	3323.2
0.0	612.4	1130.6	2231.4	3346.6
0.0	629.9	1199.6	2262.0	3365.5
79.5	651.6	1252.6	2327.9	3356.7
82.2	647.1	1298.2	2316.9	3336.7
82.8	643.6	1373.2	2332.5	3278.2
82.8	621.8	1436.8	2373.7	3347.1
83.3	603.4	1515.1	2395.8	3354.3
83.1	580.2	1693.1	2416.3	3360.3
83.3	527.6	1801.6	2476.5	3329.3
81.5	485.6	1889.7	2521.6	3536.0
82.3	467.0	1910.7	2626.9	3654.6
82.3	489.9	1818.3	2602.4	3642.7
82.2	498.1	1628.3	2668.2	3512.7
77.9	882.4	1874.2	2778.0	3599.9
0.0	703.9	1884.5	2880.2	3768.8
0.0	627.7	1791.7	2779.5	3840.7
0.0	753.7	1927.4	2831.7	3891.8
0.0	715.1	1961.1	2825.3	3768.1
75.0	645.2	1831.5	2509.1	3603.4
375.0	1064.2	1797.2	2569.2	3533.9
545.5	1196.3	1706.5	2522.8	3411.1
139.5	1331.3	1577.7	2117.4	3422.1
255.3	469.8	1347.8	2089.7	3310.1
0.0	699.2	1477.9	2366.9	3384.4
0.0	1055.6	1409.7	2389.8	3601.1
0.0	1017.0	1082.8	2478.4	3832.9
0.0	707.4	1025.4	2456.6	3719.7
0.0	901.9	1395.5	2555.3	3612.6
73.2	852.4	1423.9	2469.2	3380.5
0.0	801.8	1388.5	2257.5	3337.0
0.0	738.8	1443.2	2303.3	3368.3
0.0	686.2	1404.4	2306.7	3347.0
129.0	646.7	1257.8	2072.2	3217.9
0.0	521.1	907.9	2010.9	3089.9
0.0	553.2	972.6	2035.4	3205.4
86.2	603.9	1084.0	2032.5	3222.9
77.1	622.8	1204.9	2055.8	3309.4
77.6	683.1	1268.9	2079.7	3346.1
77.0	748.2	1369.5	2075.4	3320.0
77.7	736.6	1427.9	2103.0	3402.5
78.9	696.8	1430.8	2080.5	3448.3
80.0	711.6	1465.9	2148.7	3438.5
81.1	703.6	1526.7	2207.1	3401.1
80.5	693.0	1574.1	2116.0	3500.9
78.4	769.7	1588.0	2090.2	3612.1
77.9	692.4	1601.2	2170.3	3454.1
77.8	675.3	1613.7	2392.0	3319.8
74.1	746.8	1594.7	2609.5	3481.4
0.0	704.6	1562.2	2475.3	3394.5
0.0	615.5	1470.8	2458.2	3402.7
0.0	889.7	1513.7	2556.4	3406.6
0.0	700.3	1450.0	2456.2	3321.4
0.0	674.0	1449.5	2253.5	3248.2
0.0	741.8	1571.2	2509.4	3096.1
148.1	480.2	1556.2	2458.3	2914.6
0.0	375.5	1383.2	2208.0	2901.5
0.0	545.6	1331.5	1899.0	2733.5
0.0	437.7	1351.9	1742.5	2555.9
99.7	421.6	1388.0	1720.6	2493.1
66.8	419.5	1457.6	1752.1	2401.2
66.8	401.7	1509.2	1836.2	2426.4
76.4	391.6	1639.6	2097.8	2595.4
72.4	395.4	1746.8	2382.2	2915.2
71.1	385.7	1814.5	2481.0	3302.4
70.7	403.2	1984.7	2647.8	3527.4
68.1	399.4	2048.1	2712.0	3579.9
69.8	373.2	2114.3	2753.2	3607.5
69.7	350.9	2161.3	2766.2	3717.9
72.6	372.6	2166.2	2772.4	3811.3
73.2	333.8	2136.4	2736.8	3777.8
72.9	755.4	1936.6	2657.3	3512.1
63.5	768.1	1669.5	2687.4	3388.3
72.5	739.1	1781.8	2642.8	3406.1
74.5	715.7	1821.6	2729.0	3348.2
0.0	851.8	1740.6	2609.9	3338.3
0.0	930.3	1835.3	2660.4	3285.8
0.0	635.2	1877.8	2733.9	3431.7
0.0	601.4	1782.3	2751.5	3413.5
0.0	531.4	1438.9	2702.6	3191.3
0.0	540.4	1725.7	2663.3	3251.9
142.9	617.7	1920.4	2624.0	3344.7
106.2	612.7	1944.6	2571.3	3459.1
0.0	502.2	1903.4	2578.0	3693.7
0.0	485.1	1778.5	2488.8	3686.4
80.7	484.7	1597.7	2390.6	3578.5
74.9	514.9	1385.7	2506.3	2994.2
67.8	512.5	1277.1	2528.5	2956.5
69.0	436.5	1240.1	2565.2	2925.8
75.9	486.5	1236.1	2586.0	2826.9
75.9	907.1	1414.8	2600.0	2781.2
75.5	491.1	1191.9	2532.8	2899.1
75.5	540.0	1099.0	2586.4	2964.9
74.1	569.8	1259.3	2552.4	2817.6
74.1	706.9	1694.9	2592.8	3011.6
73.6	657.1	1229.8	2463.7	2711.8
71.9	736.1	1209.5	2464.5	3017.3
72.7	707.5	1221.8	2464.8	3329.5
73.2	463.4	1298.1	2458.4	3529.1
0.0	447.9	1563.5	2461.3	3554.0
73.9	453.7	1813.6	2432.4	3586.8
74.8	454.9	1991.1	2460.1	3564.1
75.0	441.3	2151.2	2511.4	3667.9
72.4	398.4	2221.0	2568.9	3575.3
72.7	403.0	2250.7	2660.7	3555.3
72.7	374.6	2271.9	2733.9	3679.6
73.1	550.4	2275.1	2775.6	3726.7
73.1	341.1	2263.8	2825.0	3654.2
73.8	383.4	2266.7	2833.1	3593.2
74.1	386.4	2289.9	2845.1	3709.1
73.1	340.2	2266.6	2880.5	3671.2
74.2	357.7	2241.9	2942.9	3646.0
74.7	445.2	2246.4	2955.8	3612.8
74.8	403.4	2260.5	2954.5	3622.4
76.0	361.9	2196.4	2893.2	3594.3
75.9	360.0	2113.9	2845.4	3659.9
74.2	345.4	2000.6	2767.4	3734.8
74.1	421.1	1896.2	2697.2	3552.8
70.9	236.5	1804.1	2688.6	3566.1
72.4	387.4	1708.5	2589.3	3556.9
72.3	593.8	1464.2	2505.4	3323.3
67.4	618.8	1865.3	2738.9	3662.6
0.0	674.4	1917.6	2740.3	3664.4
0.0	631.9	1837.3	2698.2	3366.3
77.4	716.5	1846.6	2714.9	3446.7
82.8	735.5	1875.7	2755.2	3333.1
74.3	715.8	1851.7	2734.2	3321.5
72.6	779.4	1839.8	2693.5	3284.9
70.6	799.7	1806.4	2481.9	3183.9
93.8	761.4	1761.8	2614.0	3183.6
100.3	679.9	1696.3	2533.0	3253.1
0.0	698.1	1653.0	2378.2	3248.7
0.0	637.1	1594.1	2244.9	3227.7
