0.0	0.0	0.0	0.0	0.0
0.0	0.0	0.0	0.0	0.0
0.0	0.0	0.0	0.0	0.0
0.0	956.0	1911.2	2527.6	3524.5
0.0	778.8	1832.7	2690.9	3541.6
0.0	829.6	1971.8	2768.4	3633.2
0.0	891.9	1720.4	2567.0	3494.1
0.0	845.9	1722.2	2550.0	3420.4
0.0	861.9	1839.6	2613.9	3483.8
0.0	911.0	1784.5	2575.5	3550.3
0.0	978.3	1784.3	2449.7	3456.2
78.9	931.8	1668.7	2457.9	3409.2
0.0	851.1	1633.4	2582.3	3450.9
0.0	744.0	1755.4	2784.7	3518.5
0.0	718.8	1938.7	2780.4	3543.8
0.0	867.4	1843.6	2758.9	3602.5
121.2	811.8	1763.5	2685.4	3517.4
0.0	710.7	1540.0	2443.9	3394.7
0.0	604.9	1441.5	2373.1	3417.0
0.0	719.7	1604.3	2550.8	3376.7
117.6	743.1	1601.1	2622.0	3392.1
131.9	746.7	1725.4	2541.3	3489.8
0.0	660.6	1591.9	2506.1	3431.4
0.0	484.7	1578.2	2440.8	3298.7
0.0	449.9	1653.7	2310.8	3274.7
0.0	439.3	1757.8	2205.1	3218.2
113.3	431.7	1811.0	2120.1	3191.1
111.7	337.1	1814.6	2045.6	3245.5
108.9	287.6	1754.9	2012.3	3243.4
104.1	305.6	1726.4	2027.6	3266.5
95.7	284.6	1823.9	2199.7	3408.9
89.4	272.1	1693.6	2468.8	3541.6
84.0	292.7	1617.5	2599.0	3547.7
85.7	390.1	1593.7	2610.9	3422.0
79.5	781.1	1358.2	2470.5	3402.1
0.0	804.7	1364.7	2288.1	3503.2
516.5	681.1	1351.7	2365.8	3605.5
190.5	816.6	1359.9	2381.7	3618.4
141.5	403.3	1274.0	1843.7	3331.2
0.0	413.4	1269.3	1781.5	3255.1
105.0	429.2	1252.2	1735.2	3259.0
105.4	427.0	1260.3	1726.0	3243.4
105.0	448.2	1284.4	1750.4	3238.7
103.0	463.2	1331.6	1800.0	3231.6
102.9	483.8	1374.2	1848.9	3227.7
103.5	499.6	1438.1	1893.8	3238.6
103.6	511.3	1537.3	1935.4	3249.6
104.2	516.9	1624.7	2193.0	3316.7
103.9	520.1	1700.5	2275.7	3332.9
104.8	492.7	1759.3	2348.1	3352.2
105.2	460.1	1817.7	2356.0	3345.5
104.9	420.4	1876.4	2429.4	3315.4
105.8	409.3	1914.5	2441.4	3346.0
105.9	400.5	1896.4	2433.2	3438.3
106.6	414.3	1812.0	2302.2	3385.5
104.6	366.0	1691.8	2263.6	3306.4
103.8	375.9	1610.5	2388.5	3427.4
97.4	248.1	1629.2	2540.0	3453.9
151.9	239.8	1731.6	2644.8	3453.6
176.5	662.9	1771.5	2622.8	3425.3
158.1	1067.5	1894.3	2681.6	3475.9
155.8	1040.7	1842.8	2632.2	3433.1
76.4	946.6	1683.8	2780.4	3515.5
0.0	835.6	1752.3	2656.3	3484.7
266.7	822.3	1641.3	2507.0	3382.7
279.1	790.5	1531.3	2496.0	3316.2
0.0	592.7	1560.8	2784.4	3538.9
0.0	606.1	1518.2	2788.8	3660.6
0.0	538.6	1301.3	2630.4	3549.3
0.0	458.2	877.5	2530.8	3144.7
0.0	490.1	907.1	2544.7	3071.8
103.5	514.2	943.8	2528.5	3059.2
104.0	557.5	1010.4	2529.2	3062.0
104.2	630.8	1119.8	2528.5	3045.2
104.1	691.1	1219.3	2472.9	3059.7
103.6	712.6	1251.0	2496.4	3115.5
102.5	715.0	1286.0	2469.8	3106.4
102.0	718.6	1329.8	2450.1	3113.9
101.7	725.5	1362.4	2416.6	3137.4
101.6	737.5	1380.1	2397.2	3072.4
101.4	745.4	1402.6	2416.8	3052.6
99.9	740.0	1437.5	2412.1	3031.6
99.9	726.6	1485.8	2373.5	3085.5
100.0	704.1	1541.4	2296.1	3114.9
99.4	691.2	1589.5	2267.6	3366.6
98.5	662.9	1649.6	2180.3	3353.2
101.0	679.4	1751.1	2127.8	3364.0
97.0	689.8	1776.0	2158.9	3380.5
92.4	734.7	1835.9	2292.8	3402.9
134.2	737.6	1740.5	2586.4	3429.5
72.7	783.9	1858.5	2617.7	3519.8
64.2	1318.2	1817.0	2478.1	3399.7
0.0	1231.8	1751.4	2516.7	3289.1
83.3	843.8	1542.2	2504.8	3244.4
0.0	788.6	1444.3	2302.2	3212.9
0.0	866.9	1381.7	2417.9	3199.5
480.0	964.5	1626.4	2607.9	3274.5
210.5	696.8	1139.7	2614.0	3310.6
0.0	746.0	1151.7	2725.2	3361.1
78.9	741.4	1018.8	2737.6	3605.8
0.0	489.0	958.2	2607.3	3632.5
0.0	497.0	989.1	2509.5	3282.1
0.0	525.4	1042.1	2518.7	3250.4
88.2	551.3	1122.2	2523.8	3210.0
105.9	595.7	1220.7	2529.7	3239.5
95.1	635.7	1322.4	2522.4	3261.4
99.0	640.7	1372.3	2512.5	3251.7
96.4	652.4	1392.5	2486.5	3195.3
94.6	661.4	1397.4	2471.3	3206.1
96.6	654.0	1398.8	2449.7	3206.1
92.9	658.5	1374.0	2373.3	3201.8
94.8	642.4	1342.0	2288.1	3179.7
95.3	632.8	1318.1	2212.4	3172.8
94.4	627.1	1264.3	2143.4	3289.6
93.3	528.4	1309.0	2201.3	3234.8
89.8	514.3	1723.5	2587.1	3392.7
78.0	632.7	1554.2	2675.5	3390.5
0.0	666.5	1715.1	2630.2	3388.1
0.0	804.8	1818.9	2642.7	3495.2
0.0	771.5	1757.5	2637.8	3482.4
0.0	848.8	1725.3	2655.0	3508.7
0.0	834.5	1484.9	2501.5	3413.8
0.0	792.0	1240.3	2374.1	3245.9
0.0	598.8	1187.7	2101.9	3226.2
0.0	441.9	1208.1	1617.9	3269.4
0.0	427.8	1256.2	1627.8	3262.4
0.0	442.9	1310.3	1657.2	3168.9
91.2	449.2	1365.0	1690.6	3177.7
93.1	467.6	1388.0	1722.5	3035.5
92.2	449.6	1427.0	1759.4	2941.7
91.8	421.5	1475.4	1815.6	2872.9
91.4	356.9	1497.5	1883.0	2779.0
90.8	287.0	1534.9	2062.5	3009.4
89.2	277.7	1557.0	2321.0	3310.9
87.8	279.8	1546.1	2318.9	3413.9
89.5	252.3	1667.0	2484.5	3398.8
89.7	238.4	1681.9	2492.5	3426.8
94.5	343.0	1702.4	2540.2	3478.9
93.0	802.2	1757.1	2631.3	3402.7
87.6	918.9	1760.7	2726.6	3596.8
0.0	745.7	1857.5	2785.4	3833.9
0.0	929.2	2182.7	3152.6	3841.0
0.0	1020.2	2085.0	3087.5	3683.5
0.0	903.1	1962.7	3053.3	3726.9
0.0	767.1	2160.6	3068.9	3881.4
413.8	715.1	2302.4	3138.8	3839.0
0.0	891.8	2033.4	3016.7	3737.5
0.0	827.3	1669.7	3127.0	3762.3
0.0	890.7	1848.2	3038.9	3757.3
0.0	973.8	1869.4	3046.9	3730.4
0.0	655.6	1657.4	2838.9	3617.9
0.0	791.9	1739.7	2881.6	3600.8
428.6	836.8	1782.7	3031.0	3693.6
387.1	569.5	1454.0	3008.0	3758.3
0.0	579.3	1579.6	2853.5	3703.7
0.0	862.1	1779.9	2974.1	3778.3
0.0	728.2	1480.3	2978.8	3771.7
285.7	689.9	1430.6	2907.7	3661.7
0.0	766.8	1430.6	2818.5	3698.6
480.0	687.3	1447.2	2845.9	3653.1
244.9	599.4	1422.1	2881.0	3507.4
0.0	686.9	1361.9	2954.5	3613.6
240.0	735.1	1340.1	2931.3	3625.0
0.0	758.6	1406.6	2880.9	3542.9
93.8	661.3	1520.2	2773.2	3444.8
0.0	913.3	1574.4	2637.8	3443.3
0.0	709.5	1366.1	2630.1	3438.8
0.0	599.9	1308.9	2608.9	3428.0
0.0	595.3	1229.2	2602.7	3392.7
0.0	856.7	1363.6	2478.6	3342.9
0.0	883.5	1513.1	2666.9	3386.0
0.0	661.6	1451.2	2633.2	3276.6
