0.0	0.0	0.0	0.0	0.0
0.0	0.0	0.0	0.0	0.0
0.0	0.0	0.0	0.0	0.0
0.0	795.7	1646.6	2546.4	3267.8
0.0	779.0	1622.6	2558.6	3431.3
0.0	849.8	1806.4	2670.4	3542.5
123.7	882.3	1755.7	2663.2	3553.6
0.0	936.3	1773.6	2687.7	3524.7
0.0	857.9	1791.8	2698.4	3419.3
0.0	843.3	1741.5	2569.7	3373.5
0.0	823.5	1687.2	2478.2	3339.2
0.0	782.4	1633.8	2473.4	3389.4
0.0	790.9	1664.0	2468.5	3359.4
0.0	776.3	1677.2	2453.9	3304.7
0.0	777.7	1692.5	2447.0	3329.5
0.0	732.1	1685.8	2454.5	3291.9
117.6	735.0	1649.3	2491.8	3339.3
0.0	810.9	1639.5	2422.7	3402.7
0.0	811.7	1615.3	2372.9	3400.6
206.9	774.1	1637.1	2419.0	3536.6
0.0	789.8	1656.2	2436.9	3569.0
217.0	779.7	1628.7	2443.9	3477.5
230.8	746.5	1635.3	2373.8	3501.2
0.0	767.7	1634.1	2292.6	3567.1
0.0	768.8	1600.7	2335.6	3445.7
0.0	751.4	1606.3	2351.7	3283.9
0.0	737.7	1611.4	2340.9	3479.3
0.0	698.4	1563.7	2330.5	3536.4
104.3	691.0	1562.7	2290.0	3503.4
102.7	725.0	1560.5	2289.6	3423.2
104.2	667.7	1520.5	2216.4	3424.2
105.7	657.1	1473.3	2149.4	3393.3
108.1	648.8	1426.8	2067.6	3360.3
109.3	667.8	1505.2	2095.1	3329.7
108.2	716.9	1684.5	2460.7	3405.2
63.5	858.3	1874.8	2587.1	3439.5
63.8	915.2	1990.1	2701.9	3427.0
0.0	922.5	1857.1	2827.0	3363.4
0.0	416.1	1456.9	2587.6	3196.2
0.0	1081.7	1674.5	2698.3	3352.5
73.6	944.7	1695.8	2714.0	3426.9
0.0	872.2	1499.1	2670.3	3435.9
0.0	843.9	1597.6	2577.2	3340.9
0.0	1303.8	1872.6	2604.3	3326.3
0.0	714.2	1896.2	2666.8	3283.2
0.0	770.7	1937.2	2587.7	3257.9
0.0	917.9	1926.1	2587.1	3265.6
500.0	445.8	1559.9	2183.2	3218.0
0.0	438.9	1114.7	1900.5	3008.5
0.0	438.8	1039.7	1868.1	3045.6
0.0	445.8	1005.9	1907.8	3047.9
94.6	494.5	955.0	1975.1	3119.4
92.0	595.7	1554.5	2099.2	3137.5
90.7	693.3	1284.0	2156.6	3150.4
89.9	683.9	1226.5	2063.1	3083.4
90.4	712.0	1383.6	2021.8	3088.4
90.5	684.9	1159.6	1970.5	3174.4
90.8	466.4	837.8	1929.6	3136.6
91.0	482.5	848.3	1937.0	3124.5
89.9	468.5	901.7	1889.6	3131.5
90.7	451.3	933.6	1794.3	3180.0
91.5	460.7	978.0	1743.1	3183.2
91.3	460.3	1029.9	1717.7	3228.2
90.7	449.4	1068.7	1711.4	3260.6
89.9	477.2	1125.9	1704.9	3262.3
89.2	480.5	1169.7	1730.1	3270.1
87.2	463.7	1205.2	1732.8	3258.3
87.0	463.9	1243.0	1732.8	3231.0
87.0	451.5	1290.4	1738.6	3195.6
87.5	446.1	1339.3	1748.3	3180.8
87.7	439.5	1396.5	1760.1	3137.1
87.5	423.5	1486.7	1813.9	3122.1
87.3	423.8	1541.6	1850.6	3124.6
87.1	419.2	1581.1	1898.7	3316.5
87.6	432.1	1631.2	1958.3	3248.3
86.3	617.3	1692.0	2033.0	3148.2
84.2	504.2	1677.2	2243.8	3195.6
80.5	258.4	1660.1	2454.6	3248.7
81.6	794.2	1620.2	2563.7	3228.0
81.8	746.9	1913.4	2765.2	3336.3
0.0	1249.3	2118.4	2819.9	3317.3
85.7	924.0	1908.4	2859.4	3317.8
84.5	1403.2	2419.7	2961.1	3410.0
85.1	855.2	1805.7	2711.5	3333.1
0.0	668.2	1775.1	2743.0	3332.1
0.0	320.0	1734.5	2709.8	3354.6
0.0	344.8	1869.2	2672.0	3247.4
0.0	313.4	1914.0	2659.0	3319.6
108.1	302.6	1901.8	2642.8	3371.1
85.7	288.4	1916.0	2460.0	3263.1
88.3	318.4	1907.4	2377.7	3276.1
88.2	318.4	1906.1	2274.3	3293.3
88.9	275.1	1885.7	2224.7	3190.4
87.0	322.5	1852.2	2530.2	3095.4
86.9	361.3	1767.4	2419.6	3022.2
86.4	485.9	1664.1	2384.3	3310.3
80.0	249.0	1657.0	2442.3	3295.0
76.5	239.2	1618.2	2454.3	3170.2
80.0	254.0	1647.6	2481.3	3253.2
82.2	286.3	1595.7	2487.6	3211.4
81.1	275.0	1623.7	2475.1	3270.3
86.3	784.5	1760.8	2549.2	3250.4
0.0	468.5	1819.9	2617.7	3326.4
0.0	391.8	1830.6	2546.4	3371.8
0.0	363.4	1821.1	2543.3	3366.0
91.1	377.8	1821.6	2513.2	3359.4
89.5	379.4	1818.2	2470.4	3405.8
88.2	387.3	1806.9	2480.5	3452.4
88.1	391.6	1800.6	2464.7	3413.3
87.8	395.3	1795.3	2432.4	3375.3
87.5	419.9	1789.3	2417.8	3449.8
86.8	406.4	1767.8	2383.0	3508.6
88.5	403.1	1738.2	2377.5	3522.0
88.3	411.2	1702.5	2364.0	3401.4
87.0	366.5	1662.6	2307.4	3298.7
153.2	259.2	1598.6	2323.8	3363.5
76.4	274.7	1533.3	2450.8	3376.9
85.7	217.5	1316.8	2482.3	3376.5
85.7	895.8	1725.4	2620.6	3493.2
247.0	811.0	1431.9	2419.4	3296.2
461.5	741.2	1408.5	2412.9	3307.5
0.0	780.3	1472.2	2337.4	3191.2
279.1	766.0	1437.4	2304.7	3070.9
0.0	465.9	1129.4	2214.9	3161.0
0.0	396.9	961.6	2283.5	3227.4
0.0	407.3	977.0	2308.1	3229.6
0.0	422.9	1035.5	2321.6	3257.6
87.0	464.9	1116.5	2331.3	3294.6
91.4	470.8	1187.2	2345.3	3292.8
89.8	478.9	1259.3	2282.8	3294.0
88.9	499.1	1295.6	2262.3	3405.5
88.9	510.3	1303.3	2375.4	3424.5
88.9	535.7	1271.9	2492.8	3341.6
87.7	555.9	1230.5	2497.3	3374.3
88.1	560.6	1189.2	2467.2	3423.9
88.1	594.3	1159.9	2441.2	3433.0
86.6	620.2	1127.1	2430.4	3470.5
85.1	576.6	1100.3	2411.4	3505.2
85.6	572.7	1082.6	2403.0	3461.9
85.1	571.2	1070.9	2396.3	3462.8
86.0	620.4	1094.7	2437.0	3492.6
86.5	636.3	1154.8	2471.1	3541.1
87.0	625.3	1213.8	2495.1	3600.4
86.5	637.9	1246.1	2495.8	3531.9
84.4	625.1	1276.4	2495.2	3530.2
84.2	610.6	1297.7	2576.3	3526.9
82.6	600.3	1287.8	2587.0	3582.9
82.0	551.7	1383.5	2566.6	3725.3
82.1	479.2	1477.9	2550.9	3734.3
80.0	479.9	1458.8	2580.2	3719.7
83.0	223.3	1427.5	2591.2	3641.3
83.3	281.3	1422.3	2562.6	3782.0
80.5	561.2	1357.8	2539.2	3857.7
0.0	593.2	1387.2	2615.9	3672.5
84.9	616.8	1413.4	2611.6	3526.9
82.8	636.9	1412.5	2632.6	3581.5
80.5	615.3	1377.2	2620.3	3569.9
80.2	632.3	1355.1	2572.6	3548.4
77.8	669.4	1344.3	2549.4	3549.0
77.5	652.7	1314.1	2529.0	3526.3
76.6	648.4	1309.2	2540.4	3468.2
75.5	638.9	1332.7	2539.2	3448.0
74.9	683.7	1330.7	2534.3	3470.4
75.0	736.5	1350.8	2497.6	3540.7
73.6	652.2	1323.4	2484.7	3538.0
72.3	607.9	1281.1	2433.6	3518.6
73.2	589.8	1238.8	2422.2	3499.4
73.3	637.0	1263.9	2428.6	3513.5
72.6	776.7	1423.0	2405.7	3492.5
87.8	763.0	1554.7	2449.5	3453.7
75.9	761.1	1521.5	2524.6	3535.0
81.6	768.8	1568.4	2520.8	3553.3
0.0	780.7	1630.3	2566.9	3506.3
352.9	806.7	1583.9	2588.6	3571.5
333.3	923.9	1640.6	2774.0	3630.2
0.0	954.7	1721.4	2790.4	3638.0
153.8	961.5	1749.9	2575.2	3559.3
545.5	863.5	1657.1	2583.4	3543.4
0.0	906.2	1540.8	2607.0	3444.1
0.0	891.8	1575.9	2611.8	3461.8
285.7	826.3	1683.1	2538.2	3543.7
0.0	800.7	1536.9	2501.0	3532.6
0.0	778.7	1624.7	2575.1	3479.0
0.0	821.5	1616.0	2506.4	3518.0
0.0	796.1	1504.7	2432.3	3524.6
0.0	590.6	1403.9	2424.1	3405.2
0.0	722.6	1350.1	2472.3	3498.3
162.2	747.3	1335.2	2520.1	3506.3
480.6	765.4	1338.7	2468.4	3420.3
67.4	713.1	1434.9	2480.9	3424.1
0.0	789.2	1423.6	2499.6	3361.8
133.8	831.3	1434.5	2526.0	3393.9
193.5	797.3	1426.1	2482.9	3460.4
196.7	841.3	1424.5	2400.6	3375.7
96.8	917.6	1460.9	2503.2	3373.4
98.4	949.0	1484.1	2418.7	3397.3
