0.0	0.0	0.0	0.0	0.0
0.0	0.0	0.0	0.0	0.0
0.0	0.0	0.0	0.0	0.0
0.0	631.0	1792.7	2633.9	3365.4
0.0	888.0	1744.5	2595.7	3369.6
0.0	889.5	1710.6	2509.3	3359.6
0.0	1104.8	1954.5	2602.4	3445.0
0.0	985.0	1827.8	2634.1	3496.9
0.0	805.0	1844.1	2666.2	3483.4
0.0	573.6	1799.4	2679.7	3398.4
0.0	664.2	1815.9	2724.4	3477.0
0.0	687.5	1837.9	2687.8	3514.2
218.2	662.9	1935.8	2728.2	3416.9
0.0	633.8	1968.8	2695.2	3441.9
200.0	646.7	1940.8	2718.3	3536.0
123.7	492.6	1994.7	2818.9	3622.4
0.0	338.0	1950.2	2803.0	3560.0
0.0	370.2	1988.8	2890.1	3523.4
0.0	446.1	1987.2	2946.2	3572.3
101.0	415.6	1994.0	2880.5	3624.7
92.3	454.5	1999.8	2858.3	3616.2
90.5	420.7	1997.7	2861.5	3622.5
88.4	372.7	1983.8	2820.0	3604.9
86.6	342.4	1942.7	2641.0	3555.9
85.1	242.3	1873.2	2455.5	3488.4
84.4	258.8	1751.5	2429.9	3440.0
80.5	244.8	1734.6	2476.0	3394.8
81.6	254.4	1744.9	2548.8	3263.3
79.5	243.3	1715.0	2520.4	3316.1
79.5	237.4	1641.6	2434.0	3384.1
79.5	336.7	1694.4	2396.6	3303.9
78.4	515.0	1679.5	2169.0	3189.3
0.0	819.4	1715.6	2267.9	3231.8
0.0	1276.0	1866.2	2400.3	3239.5
0.0	1187.2	1851.9	2331.5	3196.6
0.0	477.1	1538.7	2272.0	3171.1
0.0	409.8	1456.3	1961.2	3045.3
0.0	470.6	1492.6	2005.0	3106.7
82.2	412.7	1439.2	1966.0	3129.4
86.3	454.1	1414.3	1817.9	2935.3
88.2	489.3	1389.0	1774.9	2780.7
90.2	448.3	1381.7	1778.0	2797.9
92.3	477.0	1373.6	1796.7	2778.3
93.7	422.2	1375.6	1828.5	2787.2
95.0	435.5	1381.3	1901.7	2837.2
95.6	439.0	1398.4	1952.4	2888.9
96.4	413.5	1417.9	2019.8	3029.4
97.1	419.9	1406.9	2081.6	3162.0
97.5	447.5	1383.0	2109.9	3277.5
98.3	426.1	1365.7	2142.1	3371.2
98.9	417.7	1336.5	2160.6	3422.0
99.1	428.8	1292.3	2166.6	3500.5
98.6	422.4	1239.9	2176.5	3558.0
98.0	415.0	1218.0	2231.6	3558.0
97.0	420.4	1198.9	2244.3	3554.1
96.7	430.9	1203.9	2253.4	3567.2
95.3	464.6	1206.3	2254.9	3521.9
93.9	466.1	1235.0	2276.8	3520.7
92.2	462.4	1263.7	2283.4	3527.3
91.5	461.3	1310.5	2261.8	3455.0
89.3	456.2	1352.2	2277.2	3355.7
87.1	447.2	1344.1	2304.1	3186.0
85.3	409.7	1302.9	2380.9	3002.5
84.4	322.0	1287.7	2429.7	3321.1
75.8	263.2	1322.0	2455.7	3273.9
84.9	256.4	1361.0	2449.8	3253.4
82.8	234.8	1370.1	2432.6	3330.2
80.5	246.0	1347.5	2431.5	3349.4
79.1	238.0	1498.8	2465.2	3429.0
78.0	232.7	1516.6	2560.3	3496.3
77.4	247.3	1467.5	2506.6	3489.0
79.5	261.5	1583.8	2603.1	3592.2
0.0	427.6	1610.4	2509.9	3702.1
0.0	448.6	1705.4	2491.2	3709.7
0.0	404.7	1771.4	2538.5	3681.2
93.7	405.3	1836.9	2561.7	3622.8
91.6	379.9	1909.1	2598.3	3588.2
93.4	345.5	1936.9	2670.9	3602.9
97.9	313.2	1972.2	2732.3	3674.4
99.1	312.1	1984.4	2745.6	3683.0
101.7	317.9	2007.8	2759.6	3612.7
103.0	317.7	2022.6	2766.8	3590.0
104.2	321.5	2026.7	2628.3	3576.7
102.7	344.0	1775.0	2212.5	3413.5
105.8	295.3	1558.7	2502.2	3402.8
109.1	256.9	1680.1	2722.6	3462.4
105.3	1055.1	1804.8	2648.4	3434.0
122.4	895.2	1799.1	2536.8	3388.6
0.0	756.0	1806.6	2665.3	3444.8
0.0	874.7	1740.4	2689.3	3490.9
0.0	583.2	1544.1	2602.1	3468.9
0.0	601.5	1608.6	2605.9	3398.8
157.9	658.1	1633.9	2639.7	3336.6
0.0	762.6	1651.2	2544.7	3404.7
0.0	606.0	1327.9	2322.3	3473.8
0.0	502.4	1392.1	2336.9	3503.5
77.9	669.1	1434.4	2362.4	3501.1
70.6	739.9	1497.0	2382.4	3509.6
259.4	762.1	1526.0	2425.6	3396.8
214.3	731.8	1490.3	2406.3	3289.2
0.0	734.5	1409.0	2349.7	3386.3
0.0	683.3	1428.0	2423.3	3492.2
0.0	620.8	1407.3	2444.4	3505.0
0.0	562.9	1361.1	2364.6	3468.3
0.0	833.6	1428.9	2374.1	3347.7
81.6	719.5	1687.6	2342.3	3270.7
222.2	704.0	1729.2	2318.8	3146.5
210.5	677.2	1938.7	2587.9	3193.6
333.3	382.2	1850.6	2606.7	3348.8
0.0	334.1	1686.9	2592.8	3426.1
0.0	309.4	1454.1	2639.7	3269.8
0.0	291.1	1443.0	2711.7	3403.2
95.8	299.0	1398.3	2608.2	3312.7
92.3	248.2	1482.2	2507.1	3293.3
88.9	240.1	1447.7	2534.5	3341.4
85.8	691.4	1455.5	2481.1	3389.9
81.7	638.3	1267.0	2319.7	3203.9
0.0	433.7	933.6	1474.5	2858.8
88.2	460.9	970.0	1451.3	2830.9
86.3	469.0	1027.0	1451.1	2869.7
83.3	496.4	1083.7	1471.2	2824.4
83.3	486.0	1121.6	1540.5	2859.9
83.7	495.1	1195.0	1617.8	2906.2
83.0	503.7	1240.1	1733.3	2924.2
82.9	503.7	1335.1	1824.9	2970.3
81.6	510.9	1415.7	1921.2	3045.2
80.7	495.0	1441.5	1987.2	3121.4
79.9	494.7	1474.8	2038.9	3207.7
78.4	505.1	1505.9	2100.8	3262.3
78.4	525.1	1545.2	2117.3	3283.1
75.5	524.0	1545.3	2159.4	3323.5
76.6	524.5	1528.8	2184.6	3347.7
75.5	535.9	1505.7	2230.8	3402.1
75.2	548.9	1488.0	2236.7	3430.1
72.7	561.9	1435.4	2243.6	3443.0
72.1	568.3	1401.8	2269.3	3526.0
71.0	583.0	1374.8	2327.2	3622.3
70.7	577.6	1372.4	2364.8	3568.7
69.6	564.8	1352.8	2327.8	3572.8
81.6	656.2	1442.3	2394.4	3682.2
81.6	794.7	1518.6	2430.3	3645.6
82.8	851.9	1733.9	2551.1	3543.8
0.0	682.9	1815.4	2699.7	3528.4
0.0	848.3	1885.5	2774.0	3500.6
0.0	852.2	1732.2	2625.4	3433.8
0.0	862.8	1683.4	2640.9	3452.2
0.0	835.2	1706.0	2602.4	3526.2
235.3	836.4	1798.9	2546.3	3588.8
0.0	820.3	1751.7	2659.7	3459.1
0.0	741.9	1620.9	2649.0	3411.0
0.0	781.5	1609.9	2548.8	3355.8
87.0	841.2	1588.9	2463.5	3374.2
0.0	685.8	1447.2	2359.5	3380.9
400.0	688.8	1393.4	2318.9	3306.7
0.0	653.3	1447.7	2245.4	3349.3
91.8	744.5	1537.9	2252.9	3390.1
176.5	753.8	1310.9	2208.5	3414.1
171.4	768.5	1394.4	2329.6	3499.8
0.0	715.9	1416.3	2500.3	3373.3
0.0	685.7	1402.3	2416.8	3315.7
0.0	687.9	1392.5	2408.9	3403.4
292.7	688.5	1336.2	2374.6	3355.7
