0.0	0.0	0.0	0.0	0.0
0.0	0.0	0.0	0.0	0.0
0.0	0.0	0.0	0.0	0.0
0.0	834.5	1985.6	2668.0	3318.5
0.0	733.6	1820.0	2616.5	3358.4
0.0	722.5	1802.2	2610.6	3459.1
0.0	810.8	1699.0	2608.2	3346.4
0.0	776.2	1685.8	2620.1	3332.3
0.0	848.9	1709.7	2671.6	3457.1
0.0	879.0	1747.0	2616.8	3462.3
0.0	1082.2	1789.3	2653.5	3526.1
240.0	974.9	1707.4	2570.6	3461.7
0.0	945.5	1814.6	2648.7	3385.6
0.0	872.3	1829.6	2635.9	3350.6
0.0	829.8	1873.2	2462.4	3371.6
0.0	816.4	1891.5	2558.9	3409.9
0.0	606.1	1894.9	2559.2	3454.7
0.0	714.7	2110.3	2529.5	3541.1
0.0	716.6	2218.6	2576.4	3528.6
0.0	540.0	2145.0	2553.1	3475.8
0.0	512.9	2044.0	2659.0	3412.8
0.0	533.5	2182.7	2635.6	3522.9
0.0	434.6	2203.4	2587.3	3609.8
0.0	394.3	2194.5	2582.7	3645.4
104.6	377.4	2190.6	2588.9	3648.0
87.9	365.8	2215.3	2505.5	3663.2
90.1	357.0	2250.0	2524.0	3708.9
91.1	355.4	2292.5	2551.4	3704.3
90.3	360.5	2297.7	2593.4	3697.2
90.2	361.0	2304.7	2556.5	3665.2
90.1	384.5	2295.5	2526.2	3658.1
89.2	389.7	2189.4	2373.8	3313.4
89.6	312.2	1871.6	2367.8	3128.2
89.8	248.7	1678.7	2386.1	3308.2
84.5	235.2	1723.5	2514.8	3447.9
81.8	243.4	1764.9	2585.7	3431.9
77.4	272.1	1313.8	2405.7	3313.4
75.0	623.3	1301.7	2560.4	3391.2
87.6	647.0	1373.2	2549.4	3400.5
0.0	1126.7	1791.2	2640.4	3472.8
0.0	896.3	1528.4	2463.6	3389.5
0.0	793.3	1637.5	2622.0	3547.1
0.0	962.6	1732.4	2735.9	3588.6
0.0	1085.3	1759.8	2710.3	3487.3
0.0	1117.8	1865.4	2649.3	3537.6
0.0	596.8	1956.9	2637.2	3658.7
0.0	677.5	1917.4	2660.7	3596.3
0.0	811.1	1843.5	2735.5	3526.2
400.0	712.8	1785.9	2523.0	3436.9
0.0	521.6	1721.3	2406.3	3355.0
0.0	512.5	1607.8	2386.2	3354.1
101.4	508.8	1530.5	2270.3	3325.4
100.3	536.5	1423.5	2240.7	3307.5
99.6	564.9	1356.1	2257.5	3305.0
98.5	528.6	1328.9	2255.3	3337.5
96.8	496.3	1299.6	2276.7	3409.6
93.0	495.1	1278.2	2258.5	3493.3
202.2	289.4	1274.8	2286.2	3470.0
85.9	339.8	1358.7	2498.6	3458.0
75.0	366.3	1569.8	2615.7	3423.0
78.4	726.2	1658.5	2435.1	3370.3
85.1	823.1	1677.2	2447.5	3279.9
0.0	1350.1	1407.6	2453.7	3339.9
0.0	849.2	1653.8	2419.4	3521.3
0.0	862.3	1653.1	2404.7	3659.8
0.0	510.8	1664.9	2377.6	3585.4
0.0	513.1	1640.5	2393.4	3504.2
0.0	507.3	1601.1	2432.7	3513.9
82.3	507.7	1540.4	2410.8	3443.9
76.4	489.7	1462.6	2380.9	3433.8
75.0	479.2	1347.4	2329.3	3424.7
72.9	514.7	1327.5	2359.5	3417.7
69.8	267.7	1308.0	2338.3	3323.6
63.5	254.7	1270.4	2296.7	3268.4
64.8	252.5	1363.2	2357.8	3263.3
63.5	241.7	1482.5	2447.1	3295.6
63.5	251.0	1443.3	2480.0	3353.9
63.5	268.9	1357.3	2417.8	3311.8
63.8	274.0	1388.2	2402.7	3283.7
63.8	267.2	1507.7	2453.7	3304.7
63.8	265.5	1543.3	2478.7	3341.7
179.1	236.9	1437.7	2485.3	3390.7
0.0	258.5	1340.2	2427.7	3431.0
76.9	552.2	1449.6	2619.2	3470.3
76.4	585.9	1538.0	2521.8	3381.6
0.0	512.2	1706.6	2369.6	3457.0
0.0	467.2	1764.8	2327.9	3527.5
0.0	488.9	1846.8	2366.1	3573.4
94.5	455.5	1896.3	2368.5	3579.2
94.7	428.4	1957.6	2381.6	3598.6
96.3	418.5	2033.6	2382.2	3634.6
95.4	414.6	2050.2	2342.2	3624.3
92.9	444.9	2048.4	2297.4	3623.0
87.6	254.0	1962.5	2305.6	3497.4
83.7	247.3	1752.5	2330.5	3415.4
84.8	249.4	1762.1	2438.0	3473.5
82.4	243.0	1688.3	2543.6	3374.9
80.2	255.2	1654.7	2640.8	3290.0
0.0	1024.4	1681.0	2539.8	3338.4
222.2	1011.3	1717.6	2492.7	3332.4
0.0	977.3	1792.2	2732.3	3453.3
0.0	876.2	1885.8	2974.6	3566.1
0.0	752.9	1884.1	3080.2	3689.1
0.0	871.9	1880.6	2963.6	3634.9
413.8	854.6	1868.8	2950.8	3643.3
0.0	831.3	1951.2	3066.2	3625.1
352.9	1020.9	2201.7	3092.0	3650.5
352.9	709.4	1955.8	3040.8	3543.2
0.0	892.3	1890.6	3033.7	3472.4
179.1	885.3	2079.3	2981.2	3634.4
0.0	727.8	1875.8	2918.4	3623.8
0.0	981.2	1866.7	2948.7	3533.2
0.0	919.6	1936.8	2939.1	3507.7
0.0	1023.5	2059.7	3015.1	3489.6
0.0	1403.3	2232.1	2968.0	3456.4
0.0	583.1	1646.1	2723.3	3238.8
0.0	901.4	1589.7	2650.7	3379.9
93.0	1124.1	1605.0	2552.2	3405.5
0.0	1157.8	1680.3	2585.5	3386.1
415.5	724.4	1538.4	2501.7	3348.7
67.5	849.1	1656.8	2548.3	3393.8
0.0	817.3	1678.5	2309.3	3273.4
0.0	404.7	912.2	2232.0	3183.6
0.0	404.7	928.6	2225.2	3177.5
93.8	412.9	988.5	2234.2	3245.5
94.2	423.6	1092.8	2214.4	3271.0
95.7	423.0	1206.5	2201.2	3288.2
97.3	440.3	1336.0	2201.7	3333.6
97.2	427.6	1504.9	2203.3	3394.2
97.0	416.7	1634.0	2225.4	3380.0
96.6	406.6	1752.4	2231.9	3388.6
95.7	414.6	1832.7	2241.6	3430.8
94.4	432.8	1831.3	2216.8	3413.5
92.1	419.1	1852.0	2262.5	3428.1
89.6	420.1	1900.7	2256.8	3464.2
86.7	330.7	1884.6	2210.8	3457.5
84.1	404.8	1873.0	2187.5	3470.2
80.3	375.2	1817.4	2194.4	3439.2
79.3	376.7	1799.0	2250.6	3400.6
78.4	412.6	1734.7	2242.9	3373.3
0.0	407.2	1782.6	2267.1	3392.1
0.0	406.8	1709.4	2279.3	3399.0
83.8	416.8	1602.0	2258.8	3364.3
84.7	419.2	1467.7	2247.8	3365.4
84.8	409.9	1407.2	2272.5	3363.9
81.6	408.3	1389.0	2275.6	3353.9
77.4	428.5	1265.2	2247.0	3357.8
74.5	517.2	1297.7	2231.8	3340.8
74.1	740.1	1590.0	2255.1	3365.5
68.2	484.9	1542.5	2267.1	3389.0
67.0	481.6	1568.2	2285.9	3353.1
0.0	425.5	1670.9	2353.1	3396.3
0.0	422.5	1724.2	2397.5	3459.7
72.7	420.3	1731.0	2453.6	3449.9
71.3	438.6	1763.8	2521.7	3484.3
71.4	417.9	1806.4	2560.9	3528.8
72.1	400.9	1783.4	2612.1	3579.5
72.0	418.4	1763.1	2661.9	3562.0
71.9	405.1	1776.4	2697.6	3595.2
70.2	405.2	1760.3	2735.7	3674.1
67.9	383.9	1737.0	2792.3	3718.8
67.4	470.7	1718.7	2747.5	3717.7
0.0	419.1	1780.8	2674.4	3673.0
0.0	403.5	1775.8	2690.4	3415.5
0.0	421.6	2228.7	2844.8	3428.3
214.3	470.2	2219.3	2799.1	3469.4
0.0	656.1	2405.9	2889.7	3491.2
0.0	595.3	2426.6	2968.1	3489.9
0.0	472.1	2393.7	3027.3	3517.0
0.0	507.3	2358.5	2917.3	3468.3
324.3	618.1	2191.4	2785.5	3393.6
67.0	374.0	2072.3	2755.5	3385.9
64.9	1219.5	2000.7	2688.2	3279.6
85.1	670.2	1447.6	2486.7	3295.7
272.7	471.0	1351.7	2532.1	3311.3
244.9	684.4	1546.9	2587.4	3296.8
222.2	851.9	1843.9	2480.4	3281.7
0.0	994.3	1819.3	2155.2	3249.7
0.0	1501.8	2001.5	2722.1	3544.2
0.0	1449.0	1963.3	2758.0	3475.1
0.0	1417.8	1900.7	2756.3	3428.1
0.0	410.7	1670.2	2315.8	3263.1
0.0	388.7	1513.9	2170.6	3263.4
0.0	462.0	1256.9	1586.8	3278.6
82.2	445.2	1262.8	1585.1	3364.0
86.4	482.8	1229.5	1583.2	3405.8
87.6	608.1	1247.2	1587.0	3393.0
89.6	622.2	1311.1	1585.1	3339.7
88.2	663.7	1399.8	1661.8	3275.3
87.0	673.5	1490.5	1765.4	3413.8
87.0	702.1	1565.1	1880.5	3289.1
83.9	748.9	1679.8	1973.0	3167.0
83.2	697.3	1800.1	2290.9	3363.4
81.6	652.0	1876.6	2154.5	3409.7
78.4	723.0	1960.7	2247.5	3438.8
75.9	736.4	1965.2	2253.2	3521.6
73.3	303.8	1599.2	2304.2	3587.5
71.0	270.8	1607.5	2299.2	3534.6
230.8	282.8	1467.2	2322.8	3253.8
63.8	321.9	1459.8	2292.9	3210.8
0.0	393.3	1449.1	2242.3	3269.3
0.0	267.6	1347.2	2170.3	3117.8
0.0	263.8	1417.7	2217.2	3158.8
222.2	270.0	1530.3	2318.1	3280.4
64.9	269.3	1568.0	2516.3	3294.3
67.0	267.7	1625.1	2536.2	3295.5
0.0	200.0	1648.8	2122.9	3258.4
144.6	969.2	1925.2	2440.0	3380.5
0.0	739.2	1926.5	2435.8	3513.4
0.0	743.7	1855.2	2450.3	3458.5
521.7	685.0	1947.0	2421.2	3284.2
144.6	727.1	1938.4	2490.9	3288.3
0.0	738.0	1916.5	2459.4	3254.5
0.0	778.7	1869.5	2399.4	3182.2
0.0	586.6	1800.2	2383.0	3230.7
0.0	520.8	1843.6	2372.5	3333.4
72.5	561.0	1898.2	2420.5	3341.8
69.4	667.4	1875.0	2539.8	3358.5
67.4	789.6	1843.7	2589.0	3404.5
0.0	830.3	1821.7	2501.6	3361.8
0.0	901.7	1849.3	2468.9	3365.4
0.0	760.1	1850.4	2484.7	3333.7
66.7	718.6	1836.6	2459.4	3248.9
106.2	669.1	1799.1	2412.1	3260.8
0.0	643.9	1819.1	2426.0	3223.0
0.0	866.8	1804.7	2370.9	3146.1
0.0	929.9	1784.2	2390.6	3239.5
81.1	724.7	1718.6	2388.9	3213.1
324.3	741.9	1675.5	2419.9	3128.7
0.0	861.0	1724.1	2529.8	3336.5
0.0	978.5	1687.3	2586.7	3502.0
0.0	572.9	1588.5	2348.6	3418.7
300.0	617.7	1548.4	2257.2	3408.8
148.1	1055.9	1664.1	2366.1	3428.6
0.0	773.3	1496.0	2406.4	3386.0
279.1	693.5	1482.4	2257.4	3218.0
0.0	827.9	1480.3	2256.6	3232.6
272.7	895.7	1532.3	2292.9	3315.0
283.4	943.5	1604.2	2394.7	3394.0
68.2	545.6	1528.2	2384.3	3434.0
0.0	883.5	1642.4	2398.5	3400.4
0.0	824.1	1623.2	2423.8	3299.7
0.0	810.8	1778.6	2535.6	3430.1
0.0	780.1	1703.2	2583.9	3400.8
68.2	780.4	1569.6	2424.5	3255.8
266.7	740.6	1615.9	2383.6	3332.2
133.3	984.4	1943.9	2551.7	3350.8
244.9	916.9	1704.3	2504.5	3427.0
0.0	830.1	1633.4	2466.4	3432.6
