0.0	0.0	0.0	0.0	0.0
0.0	0.0	0.0	0.0	0.0
0.0	0.0	0.0	0.0	0.0
0.0	881.6	1806.8	2604.7	3544.8
0.0	766.3	1590.1	2495.3	3370.5
0.0	706.1	1614.8	2442.5	3303.1
0.0	791.2	1718.4	2608.4	3411.9
0.0	806.6	1781.7	2583.0	3463.4
65.9	809.0	1766.6	2545.7	3466.6
387.1	833.4	1767.7	2626.1	3388.6
218.8	865.1	1799.6	2578.7	3465.7
0.0	763.8	1803.8	2484.6	3360.6
0.0	859.6	1788.0	2490.2	3278.8
226.4	560.2	1800.0	2463.6	3284.0
210.5	734.2	1839.1	2595.7	3372.0
193.5	736.9	1863.6	2578.5	3508.8
226.4	708.5	1841.9	2547.4	3552.7
0.0	471.9	1860.2	2524.1	3521.1
0.0	624.9	1857.9	2509.5	3473.7
211.6	677.4	1904.3	2555.2	3441.7
0.0	423.3	2069.3	2596.9	3509.2
105.9	438.2	2046.8	2580.3	3537.2
106.2	435.8	2045.7	2553.4	3568.4
107.4	427.2	2033.8	2562.7	3620.9
107.4	424.8	1937.0	2554.0	3579.3
105.7	405.3	1502.2	2511.2	3410.6
101.3	281.2	1280.8	2463.6	3001.0
103.7	284.2	1377.1	2344.0	2754.1
103.4	283.0	1385.9	2363.9	2950.7
103.4	287.4	1445.1	2493.2	3400.6
102.6	312.4	1644.6	2499.3	3432.0
102.9	381.6	1768.2	2478.4	3370.5
103.7	517.8	1864.5	2548.6	3542.3
106.9	357.9	1969.7	2517.7	3572.0
107.4	397.7	1978.3	2479.5	3546.6
108.0	388.8	1972.0	2476.4	3546.5
109.5	432.4	1946.2	2442.9	3554.6
111.0	440.3	1900.2	2399.7	3536.8
112.8	455.8	1851.5	2382.8	3515.8
113.5	456.9	1753.3	2339.3	3513.6
114.5	413.9	1627.9	2333.8	3461.9
115.3	468.4	1479.8	2270.4	3424.8
116.8	429.8	1346.9	2257.1	3373.5
116.4	439.3	1180.0	2204.2	3408.1
115.6	449.9	1111.4	2238.6	3436.2
115.2	460.4	1064.4	2184.1	3554.4
113.9	452.5	1010.3	2149.5	3690.0
113.1	465.0	1016.0	2152.0	3628.9
112.4	484.6	1049.1	2127.8	3558.0
112.6	519.9	1089.4	2100.6	3558.6
112.3	552.0	1117.9	2138.6	3581.7
111.9	593.8	1137.9	2144.4	3594.5
111.3	656.6	1163.9	2130.5	3586.7
111.1	694.6	1212.1	2141.9	3595.2
111.1	683.7	1249.8	2124.1	3592.8
112.1	660.5	1291.1	2116.5	3599.5
112.1	674.5	1381.9	2121.7	3652.0
112.1	665.0	1511.1	2150.9	3600.2
112.1	681.7	1605.0	2207.5	3621.9
112.5	594.1	1703.5	2259.0	3673.1
112.2	547.3	1761.3	2299.6	3676.7
112.1	517.9	1811.5	2386.7	3675.8
112.1	485.2	1842.4	2452.8	3595.7
111.8	452.4	1872.7	2538.3	3627.5
111.1	433.2	1834.6	2536.0	3447.6
110.1	329.1	1738.6	2527.6	3323.1
103.4	450.0	1724.5	2536.0	3477.6
68.7	285.4	1670.3	2452.1	3429.2
102.1	285.4	1638.7	2338.7	3378.7
101.2	277.2	1618.9	2354.0	3411.9
102.6	262.0	1688.2	2470.3	3396.7
102.6	369.5	1908.2	2603.5	3447.9
0.0	376.0	1983.0	2621.5	3579.1
115.7	382.9	2045.4	2651.7	3651.5
116.9	373.7	2078.2	2665.7	3613.5
116.2	380.6	2092.5	2680.5	3664.1
115.4	380.6	2097.3	2671.4	3695.4
116.2	386.5	2111.5	2660.3	3705.6
115.7	385.0	2119.9	2636.2	3707.1
114.6	393.2	2113.8	2600.2	3675.0
113.8	393.7	2098.4	2538.5	3690.5
112.3	403.7	2065.1	2547.2	3682.5
111.2	413.9	2028.5	2537.9	3674.1
109.3	428.7	1990.9	2514.0	3625.4
107.4	425.3	1935.9	2480.4	3629.1
105.5	434.7	1885.2	2458.7	3780.7
103.7	444.1	1847.1	2434.9	3831.1
101.6	464.7	1789.6	2412.9	3751.2
98.7	472.4	1742.8	2417.5	3737.5
97.3	475.3	1733.2	2408.2	3726.9
96.1	460.3	1719.9	2414.9	3694.4
94.0	441.4	1723.7	2420.3	3636.5
91.7	418.2	1703.4	2440.6	3412.0
91.6	430.2	1666.7	2477.4	3182.1
90.2	354.3	1652.8	2492.9	3293.4
84.2	259.5	1600.0	2482.3	3345.5
86.0	253.6	1609.2	2500.4	3264.8
82.1	261.1	1639.4	2481.0	3206.5
81.7	422.6	1592.4	2447.2	3233.2
80.6	421.4	1721.8	2448.6	3312.0
79.6	481.9	1811.6	2265.8	3171.3
434.7	832.7	1837.3	2596.6	3229.9
0.0	365.0	1662.6	2487.7	3217.4
0.0	479.1	1595.1	2109.8	3208.6
0.0	432.9	1569.3	2060.9	3102.3
82.8	396.6	1414.9	2043.0	3105.0
97.6	419.6	1415.6	1980.2	3240.1
95.2	443.9	1413.6	1926.4	3279.5
102.6	435.7	1436.3	1877.6	3325.7
103.4	439.6	1458.2	1904.6	3303.4
105.3	440.9	1489.5	1927.3	3332.7
107.1	448.3	1535.4	1962.7	3339.5
107.1	449.6	1548.8	1998.2	3361.7
108.1	470.3	1549.2	2049.5	3405.7
108.2	471.2	1562.2	2099.4	3445.3
108.2	484.2	1544.7	2146.2	3480.3
108.1	497.6	1551.0	2176.0	3484.7
107.1	500.1	1572.4	2247.7	3427.4
107.1	537.2	1561.8	2395.1	3406.3
103.4	932.2	1757.8	2582.8	3355.8
100.8	706.5	1698.0	2579.5	3468.5
521.7	896.5	1866.8	2630.2	3530.0
521.7	927.3	1796.3	2668.7	3467.2
0.0	833.6	1831.1	2753.9	3552.4
63.8	775.1	1758.8	2690.3	3489.5
0.0	1069.0	1871.9	2738.6	3458.7
127.7	663.0	1607.1	2488.7	3437.3
0.0	517.9	1719.6	2629.1	3445.7
0.0	744.8	1836.6	2666.6	3558.8
0.0	643.2	1843.3	2668.5	3648.7
0.0	422.6	1728.7	2575.4	3608.3
0.0	389.0	1728.3	2535.8	3466.6
0.0	425.1	1739.6	2535.6	3420.2
95.2	424.0	1734.0	2516.8	3408.1
94.5	415.4	1731.4	2507.3	3396.0
92.3	405.1	1716.3	2485.2	3453.4
90.2	395.5	1684.2	2449.3	3448.6
87.7	354.8	1627.4	2441.8	3417.5
85.3	349.0	1607.2	2446.2	3387.3
82.7	380.0	1412.9	2398.5	3260.8
76.9	343.4	1572.7	2409.3	3436.8
69.0	370.0	1573.7	2453.6	3379.7
68.0	403.9	1760.4	2491.8	3466.3
0.0	417.7	1836.8	2510.1	3550.3
0.0	456.1	1897.3	2547.2	3547.6
0.0	467.0	1919.5	2548.1	3549.6
67.4	447.6	1928.7	2552.2	3541.5
78.1	461.0	1952.6	2561.3	3505.6
0.0	461.2	1949.4	2574.5	3491.0
96.7	462.3	1947.6	2549.3	3468.9
99.9	460.5	1931.9	2526.6	3474.9
101.6	461.3	1895.8	2513.9	3493.7
102.4	465.4	1877.8	2524.5	3473.9
103.3	460.9	1840.1	2505.1	3445.1
103.7	461.5	1777.5	2500.8	3425.9
103.8	462.6	1704.0	2506.3	3366.6
103.6	481.5	1637.1	2484.3	3455.1
101.6	500.5	1529.1	2402.4	3703.7
99.1	490.6	1551.2	2422.6	3696.6
101.1	323.0	1524.6	2455.9	3764.6
99.2	537.5	1525.5	2452.2	3715.9
99.2	718.1	1751.8	2553.6	3312.1
97.7	669.1	1762.4	2503.9	3426.9
95.5	755.3	1725.7	2632.9	3447.2
90.5	842.2	1732.4	2752.6	3478.6
89.6	926.4	1684.1	2747.6	3395.1
162.2	879.3	1700.9	2639.5	3368.5
162.2	872.9	1771.5	2574.0	3406.1
0.0	767.0	1779.5	2662.4	3364.3
235.3	828.3	1686.5	2579.6	3406.6
0.0	777.0	1563.2	2499.2	3373.7
0.0	894.7	1759.3	2444.5	3223.4
0.0	940.5	1864.5	2526.2	3252.1
0.0	648.8	1483.8	1968.7	3106.6
0.0	578.7	1232.1	1889.1	3090.1
117.9	469.6	1179.4	1895.5	3130.7
93.0	423.9	1387.6	1891.1	3271.4
100.8	421.3	1619.2	2500.1	3572.5
99.2	454.0	1608.6	2731.4	3887.0
98.8	490.3	1577.1	2716.3	3867.9
100.3	491.6	1488.6	2634.7	3771.4
101.7	413.3	1493.3	2444.3	3691.0
100.8	465.5	1568.5	2500.8	3659.0
100.0	506.1	1562.6	2520.0	3702.7
100.8	457.1	1524.1	2521.2	3701.5
100.8	421.9	1558.9	2521.5	3672.1
100.0	407.8	1557.1	2547.9	3611.2
99.2	403.6	1511.7	2517.9	3491.3
99.2	462.3	1344.4	2531.0	3411.0
99.2	537.5	1338.4	2562.2	3433.1
209.8	639.3	1355.6	2461.8	3367.7
97.6	635.1	1357.4	2372.2	3150.9
97.6	637.3	1336.7	2371.9	3265.5
96.8	642.3	1312.9	2358.5	3340.8
97.6	578.2	1287.2	2266.2	3287.8
97.6	553.9	1238.6	2238.1	3280.8
96.7	570.7	1169.4	2219.7	3344.1
96.8	553.4	1102.2	2170.3	3299.7
96.0	513.7	1015.9	2179.9	3324.0
96.0	492.7	925.1	2146.0	3395.4
95.8	472.9	853.8	2079.1	3389.2
93.8	442.4	758.2	2050.7	3404.9
93.8	438.1	707.4	2081.3	3343.8
91.6	434.3	693.7	2045.6	3309.4
90.2	424.9	692.6	2062.1	3278.1
88.2	450.4	694.5	2058.3	3205.9
86.3	416.6	706.9	2056.1	3244.8
85.7	443.0	724.2	2062.3	3301.9
86.8	442.5	774.6	2032.5	3302.4
87.0	491.7	840.8	1996.2	3319.4
86.1	519.0	936.2	1992.2	3352.1
85.7	532.2	1030.2	1969.1	3328.8
85.7	522.8	1093.2	1943.5	3319.6
84.9	519.2	1184.5	1959.1	3309.0
86.3	524.5	1228.0	1919.4	3297.5
83.2	524.1	1272.8	1902.3	3301.6
85.4	533.0	1307.8	1879.6	3324.7
83.5	525.8	1334.1	1867.6	3252.0
81.1	536.6	1360.1	1856.8	3214.9
80.0	526.0	1369.4	1826.2	3233.2
76.9	530.0	1340.5	1835.1	3212.1
74.5	536.9	1339.5	1826.9	3191.7
74.5	537.1	1324.5	1803.7	3127.9
73.6	533.6	1361.2	1766.9	3064.9
76.4	522.7	1310.0	1721.4	3109.3
71.9	546.7	1310.5	1692.8	3107.7
71.4	554.7	1272.3	1680.1	3120.4
74.5	554.0	1265.0	1693.6	3045.8
85.7	510.6	1277.1	1694.1	3025.7
75.0	508.6	1273.9	1697.6	3103.5
75.0	569.2	1300.8	1741.2	3103.9
91.6	619.1	1303.8	1714.1	3077.6
92.3	965.4	1566.8	2355.3	3274.3
95.2	847.4	1533.9	2024.4	3309.3
91.0	852.0	1550.7	2215.7	3281.0
95.2	1187.2	1642.6	2474.9	3274.0
96.0	1040.8	1690.1	2590.4	3304.4
89.1	936.6	1467.9	1950.5	3132.9
92.3	585.3	1382.5	2087.2	3315.2
94.5	632.3	1510.8	2337.5	3378.3
117.6	628.5	1393.1	2230.4	3258.8
0.0	692.4	1363.2	2503.4	3324.2
272.7	915.9	1558.1	2730.5	3430.7
69.4	856.8	1703.9	2623.9	3462.0
0.0	768.1	1764.7	2589.8	3481.1
0.0	798.8	1735.3	2624.2	3429.3
0.0	1152.6	1760.7	2705.9	3462.4
0.0	821.0	1772.0	2689.5	3431.9
0.0	793.4	1914.5	2718.1	3498.1
0.0	801.3	1734.5	2637.1	3531.6
0.0	827.2	1731.0	2626.9	3475.1
75.5	840.4	1652.1	2620.3	3372.1
0.0	741.1	1532.1	2628.9	3396.4
0.0	824.6	1512.0	2688.7	3508.0
