0.0	0.0	0.0	0.0	0.0
0.0	0.0	0.0	0.0	0.0
0.0	0.0	0.0	0.0	0.0
0.0	498.5	1672.4	2744.9	3757.8
0.0	916.4	1825.3	2737.7	3491.7
0.0	757.0	1772.5	2538.6	3361.3
0.0	955.1	1641.7	2500.9	3427.5
0.0	1131.7	1809.6	2575.3	3441.3
0.0	906.2	1833.3	2682.4	3472.7
179.1	699.8	1576.9	2646.2	3471.9
0.0	682.5	1654.8	2686.9	3499.2
0.0	788.1	1758.2	2503.4	3547.6
0.0	879.0	1861.7	2538.8	3657.6
0.0	881.1	1804.5	2711.2	3715.3
173.9	579.4	1778.5	2688.5	3677.2
159.3	330.8	1686.0	2531.1	3643.2
0.0	321.3	1462.5	2305.2	3670.4
0.0	327.3	1496.9	2435.9	3621.6
102.7	419.7	1540.6	2568.3	3518.5
0.0	440.6	1610.2	2624.1	3565.4
107.9	455.2	1669.9	2624.4	3537.0
106.1	447.7	1706.4	2592.7	3424.6
104.6	453.8	1698.8	2523.1	3315.4
106.1	450.0	1675.3	2457.1	3268.7
108.8	441.1	1680.2	2358.5	3261.2
109.6	445.3	1678.8	2348.1	3200.2
111.1	457.9	1659.5	2385.6	3196.7
113.2	459.4	1639.3	2363.4	3266.2
115.9	473.1	1541.8	2408.2	3243.3
118.3	477.2	1521.1	2480.6	3237.7
118.9	473.0	1562.3	2499.0	3279.3
118.4	455.7	1496.2	2584.1	3290.9
116.7	470.5	1532.3	2611.7	3282.8
114.4	403.4	1574.0	2657.8	3372.2
111.3	428.7	1563.8	2697.4	3513.3
108.3	442.1	1492.2	2775.6	3627.7
107.0	437.4	2021.2	2926.5	3684.3
106.2	490.8	2038.4	2990.4	3721.9
100.8	484.7	1608.3	2678.3	3781.6
116.5	335.4	1257.5	2337.2	3706.0
117.1	330.2	1341.4	2539.9	3732.2
116.6	335.9	1221.2	2596.4	3760.8
116.0	354.1	1126.9	2590.1	3768.3
116.1	381.7	1308.9	2620.9	3662.2
117.2	430.5	1364.1	2708.8	3316.1
123.7	473.5	1453.1	2681.9	3324.5
120.8	476.1	1462.5	2651.2	3355.1
118.7	470.2	1470.4	2638.7	3339.7
118.5	457.0	1466.9	2620.5	3319.9
117.5	447.8	1469.9	2634.7	3358.1
114.3	455.2	1453.0	2688.7	3354.1
111.7	460.3	1450.7	2739.5	3314.2
109.5	540.5	1503.7	2790.6	3480.4
106.6	516.4	1552.3	2781.6	3517.0
103.1	929.0	1748.0	2767.4	3621.2
109.1	823.1	1986.7	2779.2	3695.4
0.0	790.3	1926.2	2820.7	3745.9
0.0	667.4	1901.3	2821.2	3782.5
0.0	936.9	2268.1	3026.3	3784.8
292.7	429.1	1930.9	2940.8	3885.9
307.7	841.8	1922.5	2825.6	3800.2
0.0	980.4	1868.3	2620.3	3575.9
0.0	1089.6	1937.8	2651.8	3421.6
0.0	1009.4	1714.7	2593.5	3358.5
0.0	964.1	1804.9	2695.2	3250.4
0.0	1197.8	1827.1	2682.7	3217.5
0.0	505.5	1236.8	2532.9	3285.0
0.0	530.9	1194.2	2393.7	3197.4
0.0	568.6	1133.2	2326.7	3215.7
133.5	522.0	1048.1	2099.4	3232.3
137.5	515.5	998.2	1996.9	3282.9
136.4	500.5	953.4	1860.4	3297.3
68.7	493.3	909.9	1799.6	3293.7
69.7	489.1	919.6	1827.0	3195.0
70.1	485.7	926.7	1776.3	3291.2
68.3	501.3	943.9	1720.8	3361.3
67.0	518.2	997.3	1714.1	3369.0
65.9	535.3	1039.5	1736.2	3291.5
63.7	545.8	1102.9	1764.0	3197.9
117.5	551.6	1207.2	1827.6	3180.6
123.6	542.0	1313.6	1887.2	3204.8
118.5	521.2	1440.9	2100.9	3238.8
114.8	511.6	1606.0	2227.6	3257.2
111.2	574.0	1709.4	2356.1	3348.3
109.4	631.8	1873.4	2412.2	3444.7
105.3	572.9	1903.8	2468.4	3439.7
99.6	459.1	1997.9	2629.9	3509.3
96.8	484.1	2079.7	2661.9	3562.6
96.6	546.5	2145.2	2675.1	3537.9
97.6	442.2	2179.1	2671.0	3521.6
100.1	441.5	2184.3	2732.9	3657.4
106.0	425.0	2206.0	2783.4	3652.0
105.0	392.5	2203.8	2808.9	3531.9
101.8	376.4	2238.4	2785.9	3453.7
100.5	374.1	2239.3	2762.9	3544.6
98.6	377.0	2222.8	2771.2	3620.4
98.1	368.1	2240.8	2731.9	3602.2
98.7	364.6	2172.6	2629.8	3589.1
99.1	364.1	2076.9	2566.6	3490.8
98.2	334.6	1849.4	2486.7	3415.9
96.9	428.6	1628.6	2471.9	3366.2
96.4	506.8	1604.9	2592.9	3342.9
93.9	522.2	1736.5	2648.5	3396.4
0.0	900.5	1859.6	2601.3	3425.0
0.0	800.3	1690.9	2492.9	3394.3
0.0	949.0	1825.7	2621.2	3432.6
0.0	748.1	1519.6	2405.9	3424.2
480.0	713.9	1511.8	2452.1	3346.1
0.0	761.5	1402.1	2494.6	3345.6
0.0	806.5	1218.3	2441.0	3348.5
123.7	839.0	1224.8	2410.6	3316.7
0.0	884.3	1346.9	2480.5	3235.0
0.0	784.6	1401.5	2520.0	3304.3
0.0	741.4	1367.3	2458.3	3274.2
109.4	760.8	1373.1	2441.7	3256.4
102.5	714.8	1440.6	2442.2	3243.1
99.9	665.7	1509.1	2447.4	3264.6
97.7	623.4	1539.6	2434.9	3303.8
96.7	567.4	1586.7	2391.9	3350.3
96.4	486.6	1573.5	2350.3	3350.5
96.2	461.6	1454.7	2317.8	3305.1
94.1	432.6	1501.1	2334.2	3241.8
88.4	1072.4	1780.5	2410.0	3287.0
86.6	1082.1	1763.3	2469.6	3360.6
93.8	836.4	1673.0	2617.8	3415.6
0.0	758.5	1741.5	2598.9	3349.5
0.0	747.7	1741.2	2517.5	3198.0
0.0	722.0	1773.4	2636.7	3215.5
500.0	696.4	1724.6	2663.5	3371.5
0.0	503.2	1685.2	2538.7	3356.8
0.0	545.8	1635.7	2439.2	3260.1
162.2	479.0	1661.1	2485.9	3274.3
209.3	478.7	1684.4	2521.4	3356.6
226.4	575.2	1692.9	2564.0	3437.2
0.0	529.3	1643.4	2540.4	3334.9
0.0	505.8	1635.0	2535.1	3398.3
0.0	604.1	1747.2	2566.4	3595.1
375.0	502.6	1525.1	2427.8	3525.7
0.0	746.7	1842.0	2662.8	3653.2
0.0	623.5	1640.9	2634.9	3689.2
0.0	625.8	1446.3	2451.2	3400.7
112.1	706.8	1718.6	2404.0	3161.1
0.0	748.6	1838.4	2379.6	3197.7
0.0	1173.8	2045.2	2430.1	3200.7
0.0	1037.6	1848.5	2363.0	3045.5
0.0	568.5	1666.5	2346.7	3142.6
0.0	591.3	1580.8	2233.6	3233.2
279.1	869.5	1587.0	2206.9	3214.9
0.0	786.2	1614.0	2304.1	3209.2
0.0	497.1	1437.7	2203.3	3189.8
123.9	473.7	1326.8	2141.6	3192.6
105.7	481.2	1213.9	2093.8	3234.8
104.0	296.5	1098.2	2091.0	3263.7
103.6	312.8	1127.6	2128.3	3272.2
103.4	324.0	1094.8	2239.1	3327.5
102.6	311.2	1087.1	2150.9	3339.3
102.6	303.4	1088.0	2074.7	3325.3
102.6	306.8	1100.5	2131.5	3309.9
103.5	319.2	1286.4	2233.4	3205.9
103.8	344.9	1918.4	2443.7	3127.9
103.8	358.1	1940.2	2540.3	3142.0
102.9	361.2	1900.7	2566.4	3210.5
103.5	393.8	1812.0	2551.5	3264.5
104.4	427.3	1682.4	2574.3	3328.9
104.2	445.0	1654.7	2650.8	3432.1
104.6	451.3	1520.4	2657.7	3362.2
102.2	485.5	1335.1	2689.5	3437.1
101.2	383.2	1305.8	2677.7	3557.2
102.3	421.5	1224.6	2697.2	3335.6
104.2	445.1	1180.7	2753.4	3413.9
103.8	467.4	1171.0	2761.8	3439.0
102.6	528.1	1159.2	2736.6	3443.9
100.2	547.2	1175.1	2696.1	3359.4
97.9	558.4	1189.1	2681.7	3343.9
97.7	591.6	1235.9	2629.3	3425.1
97.7	685.3	1296.0	2650.1	3372.9
97.1	725.8	1291.4	2725.4	3309.4
96.3	734.7	1294.2	2816.2	3350.1
96.8	791.0	1381.6	2772.4	3445.2
99.8	640.9	1422.8	2699.0	3435.1
93.8	662.5	1413.6	2589.5	3486.4
0.0	561.5	1450.2	2621.8	3649.6
0.0	597.1	1428.4	2760.2	3754.0
521.7	953.0	1775.8	2936.8	3684.1
0.0	1100.0	2041.5	2833.0	3622.0
413.8	1117.2	2152.7	2681.6	3578.6
0.0	1086.8	2005.4	2713.6	3483.1
0.0	699.3	1400.4	2742.5	3552.7
230.8	544.2	1524.6	2809.6	3619.5
0.0	608.0	1437.0	2839.9	3484.2
0.0	465.0	1097.6	2743.8	3353.6
0.0	486.7	1215.6	2788.2	3385.2
115.5	497.8	1273.5	2791.6	3333.6
113.2	497.0	1353.9	2733.3	3319.8
113.7	478.1	1444.0	2739.2	3446.9
114.3	465.7	1521.6	2699.8	3461.6
115.6	451.6	1597.2	2646.0	3535.6
133.9	448.8	1665.1	2638.8	3478.6
66.7	456.7	1882.7	2667.7	3411.5
67.0	464.5	1940.2	2703.8	3546.5
63.5	599.9	1947.1	2735.8	3547.9
128.0	864.7	1875.6	2628.6	3555.3
124.0	818.5	1884.3	2686.5	3525.5
63.5	851.7	1902.8	2717.6	3423.9
66.3	667.0	1805.9	2603.9	3369.8
146.3	764.9	1794.6	2709.6	3475.2
342.9	791.5	1772.4	2686.2	3437.6
166.7	625.2	1650.7	2719.6	3269.2
173.9	623.5	1642.2	2671.3	3327.9
88.9	698.9	1631.2	2545.5	3434.9
114.3	809.5	1581.2	2637.9	3487.2
300.0	887.1	1582.2	2629.8	3432.4
102.6	794.3	1556.2	2572.6	3334.8
0.0	884.6	1623.4	2549.8	3426.8
0.0	542.7	1499.0	2492.9	3502.1
0.0	565.6	1497.1	2580.6	3419.9
0.0	861.2	1627.3	2588.2	3379.6
0.0	753.1	1729.9	2625.3	3411.8
0.0	750.4	1773.0	2760.6	3467.5
64.2	698.4	1792.5	2670.4	3433.4
0.0	786.1	1692.8	2535.0	3473.1
0.0	767.8	1559.0	2543.8	3483.3
0.0	668.1	1609.2	2557.8	3440.1
0.0	798.9	1706.7	2545.2	3461.8
0.0	813.2	1749.7	2580.5	3374.4
0.0	739.8	1731.3	2600.1	3378.0
0.0	852.2	1633.8	2591.9	3370.4
0.0	811.8	1563.0	2521.9	3373.8
0.0	901.4	1753.7	2636.8	3382.0
0.0	968.8	1759.9	2554.7	3311.3
0.0	878.8	1802.6	2670.7	3436.0
101.7	773.1	1862.4	2674.6	3419.3
