0.0	0.0	0.0	0.0	0.0
0.0	0.0	0.0	0.0	0.0
0.0	0.0	0.0	0.0	0.0
0.0	747.5	1692.2	2593.6	3406.7
0.0	669.0	1595.3	2587.2	3344.4
375.0	614.8	1576.0	2564.2	3434.0
0.0	857.6	1705.6	2619.2	3485.3
0.0	734.1	1720.8	2660.1	3431.3
0.0	975.1	1879.4	2635.5	3489.7
0.0	978.8	1790.8	2702.4	3486.3
0.0	776.9	1770.8	2738.2	3497.2
63.7	695.0	1859.8	2694.9	3539.0
0.0	792.7	1797.2	2623.2	3494.1
0.0	636.7	1740.9	2614.4	3416.6
0.0	645.9	1748.7	2701.2	3440.9
0.0	770.2	1633.7	2623.0	3403.8
0.0	879.1	1627.0	2553.1	3381.3
0.0	853.3	1682.8	2599.8	3452.4
500.0	717.3	1720.2	2601.6	3404.2
0.0	794.7	1692.9	2561.7	3308.1
0.0	702.5	1648.4	2599.7	3362.0
0.0	661.2	1642.2	2583.2	3442.2
126.9	623.5	1592.5	2546.7	3451.7
114.1	650.5	1610.1	2575.9	3480.9
111.8	662.7	1607.0	2573.0	3557.3
110.2	662.0	1600.5	2587.2	3653.2
110.7	620.4	1571.0	2590.0	3684.8
110.0	616.3	1539.7	2588.5	3582.7
110.3	594.6	1558.8	2576.2	3550.8
109.3	601.3	1570.5	2576.6	3571.6
110.9	602.6	1566.0	2581.1	3541.8
112.8	604.0	1571.1	2549.2	3462.2
113.9	575.4	1557.4	2525.7	3510.7
115.3	586.1	1533.1	2510.1	3489.6
117.0	534.9	1450.3	2511.9	3468.1
118.1	611.3	1373.5	2531.7	3460.6
118.0	583.7	1221.5	2588.7	3438.7
114.3	668.6	1164.2	2514.1	3386.0
63.5	990.1	1825.5	2786.8	3475.9
64.6	754.4	1696.2	2588.1	3318.7
0.0	803.2	1650.6	2763.5	3429.1
0.0	809.6	1247.3	2753.2	3535.4
0.0	638.0	1123.5	2460.8	3374.6
0.0	1066.5	1233.0	2254.4	3379.6
153.8	793.6	1320.4	2346.1	3318.4
0.0	452.0	1336.6	2562.6	3354.9
0.0	502.1	1385.9	2598.2	3419.0
151.8	502.0	1448.8	2582.0	3506.4
129.3	481.9	1520.9	2626.0	3576.6
128.7	424.6	1555.3	2602.8	3636.8
132.0	431.1	1589.8	2581.2	3698.7
67.0	341.9	1586.0	2597.4	3633.0
72.7	333.9	1565.9	2647.7	3564.3
134.8	322.4	1745.6	2655.7	3499.5
70.2	877.3	1810.3	2621.0	3459.1
80.0	855.9	1654.8	2593.9	3418.1
78.9	833.6	1734.3	2635.7	3418.9
0.0	903.7	1874.6	2624.8	3386.2
0.0	680.0	1806.2	2610.9	3353.2
110.1	559.2	1795.5	2507.2	3337.8
0.0	956.6	1861.5	2392.5	3237.4
0.0	875.6	1822.6	2380.8	3312.0
90.2	594.0	1669.5	2401.5	3466.8
0.0	956.5	1613.3	2594.2	3552.0
0.0	888.0	1566.3	2783.3	3611.8
0.0	795.1	1506.9	2834.3	3587.9
0.0	613.4	1407.5	2704.0	3509.0
127.8	600.2	1407.0	2653.3	3534.9
111.7	599.2	1373.6	2693.9	3526.0
112.6	584.9	1350.2	2766.9	3562.3
113.4	594.5	1313.3	2816.1	3561.6
112.6	585.4	1267.1	2785.0	3464.1
112.1	635.6	1211.1	2777.9	3382.9
111.2	692.3	1187.2	2631.5	3350.6
108.8	690.6	1270.9	2336.4	3342.7
105.5	550.3	1611.8	2312.4	3484.1
100.0	677.9	1622.9	2316.2	3566.7
0.0	571.6	1512.7	2231.5	3574.9
0.0	562.0	1689.0	2331.7	3588.9
0.0	484.9	1659.1	2346.8	3532.4
131.2	495.3	1427.2	2436.9	3403.2
0.0	738.2	1392.3	2515.1	3333.1
0.0	824.8	1415.7	2606.8	3352.9
0.0	567.6	1443.7	2697.6	3492.2
0.0	468.6	1373.9	2716.5	3472.1
144.2	456.2	1384.2	2695.7	3536.2
0.0	356.3	1359.5	2112.3	3566.8
115.1	329.1	1337.2	2257.0	3698.4
110.0	320.8	1353.3	2379.8	3753.4
106.8	358.4	1358.1	2647.4	3776.0
103.9	398.5	1367.8	2763.7	3708.3
101.7	429.4	1453.6	2565.8	3639.2
99.8	448.3	1584.2	2780.6	3778.9
95.2	512.0	1871.0	2875.8	3930.6
95.2	668.6	2158.1	3065.2	4222.2
0.0	650.0	2156.7	2994.6	4228.8
0.0	559.2	1946.5	2858.4	3935.9
0.0	865.8	1964.4	2843.6	3907.8
99.2	787.1	2239.1	3183.7	4426.3
0.0	700.3	1806.6	3311.5	4655.4
461.5	859.6	1700.2	2871.3	4053.6
461.5	831.1	1777.1	2705.6	3808.2
181.8	769.5	1620.0	2721.2	3730.0
69.0	752.4	1501.1	2762.0	3584.3
443.2	705.6	1578.8	2685.6	3454.4
0.0	545.0	1598.7	2688.7	3415.1
0.0	523.5	1625.7	2714.7	3511.4
115.8	499.0	1716.3	2778.6	3511.1
108.7	475.4	1807.8	2739.1	3514.6
106.3	459.1	1867.9	2774.4	3623.6
106.0	434.0	1909.1	2805.4	3605.4
105.7	436.2	1983.2	2825.0	3585.8
106.2	428.4	2086.1	2842.0	3624.5
104.9	406.9	2009.1	2794.2	3537.1
101.8	400.0	1841.8	2774.4	3537.1
100.6	742.8	1872.6	2746.9	3551.7
113.2	999.6	1859.3	2740.6	3487.7
0.0	738.0	1909.7	2744.0	3488.4
0.0	903.7	1932.3	2814.0	3496.6
0.0	968.2	1888.2	2768.6	3518.6
0.0	740.3	1909.0	2771.5	3547.7
0.0	633.7	1891.4	2788.8	3529.8
0.0	1183.2	1889.4	2765.6	3506.7
0.0	986.2	1840.0	2770.0	3487.3
0.0	819.7	1791.2	2870.2	3624.9
0.0	450.2	1734.9	2881.9	3766.5
0.0	373.9	1572.7	2672.0	3692.4
125.5	337.7	1162.2	2320.1	3720.0
106.8	353.7	1080.5	2435.9	3720.5
104.9	326.3	1135.4	2322.5	3736.0
105.1	322.2	1183.9	2296.7	3745.2
107.4	333.6	1210.7	2301.8	3703.1
108.4	334.4	1478.6	2552.0	3767.6
112.0	343.1	1505.8	2707.3	3741.2
63.8	377.3	1430.7	2747.7	3710.7
63.8	346.0	1647.1	2647.1	3667.3
160.0	372.2	1746.8	2570.0	3515.8
154.4	469.5	1750.9	2820.4	3363.4
158.6	409.8	1732.6	2826.8	3352.5
152.2	381.7	1765.6	2786.6	3441.2
163.8	442.3	1822.4	2874.9	3550.4
144.6	426.4	1822.1	2852.1	3575.4
71.0	432.7	1851.1	2841.3	3615.8
122.2	471.1	1883.2	2833.1	3663.4
0.0	432.2	1856.1	2821.5	3724.2
0.0	444.4	1815.0	2830.5	3677.4
0.0	447.4	1758.8	2858.4	3682.9
108.7	430.8	1727.8	2864.3	3774.6
106.9	425.3	1678.6	2872.9	3902.0
102.3	420.2	1609.9	2828.7	3845.3
99.6	399.4	1582.9	2760.1	3821.3
96.0	341.1	1597.2	2781.1	3837.7
96.0	634.1	1604.4	2934.1	3897.6
92.3	491.9	1629.1	2952.7	3977.2
107.1	865.9	1916.0	2937.3	3957.1
106.2	826.0	1849.7	2807.1	3717.5
92.3	382.7	1650.5	2740.0	3625.6
120.0	406.8	1628.8	2823.2	3737.5
109.1	454.7	1631.1	2878.6	3816.0
105.1	448.6	1638.3	2883.0	3825.0
103.0	449.9	1626.6	2901.5	3735.8
100.9	449.8	1614.0	2896.4	3609.3
100.6	437.5	1606.2	2908.1	3427.0
100.1	441.6	1571.5	2907.1	3583.5
99.1	411.4	1492.6	2675.9	3742.8
98.2	360.4	1604.4	2736.7	3758.5
99.6	340.0	1452.0	2729.9	3777.0
100.6	326.9	1514.2	2665.9	3808.5
100.3	317.3	1410.9	2629.6	3832.2
100.8	325.3	1384.1	2560.3	3801.7
100.2	331.0	1535.6	2590.5	3799.9
100.2	342.9	1561.6	2640.3	3764.0
100.1	387.0	1560.8	2783.8	3566.4
100.8	488.0	1547.0	2833.7	3654.2
101.8	497.1	1548.6	2808.4	3756.8
100.5	463.7	1558.3	2784.9	3695.5
99.7	463.8	1579.8	2823.8	3582.9
99.0	477.7	1571.4	2855.6	3601.1
98.7	449.8	1548.7	2869.3	3655.1
98.8	474.9	1496.2	2866.6	3708.7
97.8	434.7	1511.3	2758.5	3666.3
96.6	508.1	1569.4	2674.7	3659.8
96.0	529.4	1650.4	2760.1	3693.2
400.0	844.7	1809.2	2924.6	3969.1
80.0	859.9	1986.6	3018.6	4634.1
545.5	852.0	2033.8	3148.5	4460.9
206.9	1025.0	2209.0	3332.3	4872.5
0.0	748.2	1927.9	2993.4	4238.8
0.0	829.2	1969.7	2944.7	3738.2
571.4	859.1	1793.1	2778.2	3515.6
244.9	864.9	1713.8	2665.3	3432.4
0.0	1078.2	1808.6	2727.6	3408.4
75.0	864.4	1759.5	2767.6	3419.3
0.0	863.9	1701.8	2687.8	3418.8
0.0	1000.6	1824.6	2648.2	3374.5
0.0	1058.9	1867.8	2670.2	3405.3
0.0	595.8	1428.5	2539.6	3346.4
0.0	585.5	1372.2	2584.0	3366.2
126.3	487.6	1424.1	2759.2	3383.9
0.0	468.9	1486.5	2823.6	3420.4
118.3	457.9	1464.2	2846.4	3389.5
111.8	442.6	1466.6	2863.4	3475.0
108.3	429.3	1455.2	2929.9	3661.1
104.4	377.7	1469.9	2872.6	3684.1
103.2	305.5	1465.6	2783.0	3724.0
101.8	299.5	1503.6	2781.9	3824.7
99.0	318.5	1338.3	2738.3	3785.3
97.1	411.3	1852.3	2773.0	3692.5
96.4	792.1	1834.5	2691.6	3649.5
90.9	690.7	1910.8	2887.0	3623.9
0.0	611.1	2270.7	3281.0	4558.8
0.0	532.4	2089.4	3145.3	4761.4
0.0	547.5	1756.9	2917.1	4501.8
0.0	490.0	1748.7	2874.7	3978.5
214.3	1099.9	2004.4	2912.3	3920.1
88.2	664.0	1545.1	2845.3	3712.3
0.0	587.6	1434.3	2711.5	3525.6
0.0	576.9	1468.1	2758.0	3545.5
142.9	566.4	1508.9	2719.5	3423.9
0.0	811.1	1574.1	2608.5	3423.2
141.1	298.6	1452.7	2512.8	3399.0
114.3	281.1	1590.8	2612.8	3373.8
107.1	788.0	1692.0	2581.7	3556.7
108.1	691.2	1613.7	2519.1	3532.6
106.4	776.7	1517.7	2524.8	3485.4
104.7	840.6	1599.4	2535.3	3437.1
0.0	729.1	1461.2	2555.6	3328.2
461.5	533.5	1506.8	2658.1	3259.4
0.0	490.9	963.6	2719.3	3272.6
163.9	498.5	945.9	2735.8	3307.8
117.6	502.3	944.8	2764.8	3336.5
103.4	522.4	947.1	2818.2	3308.4
99.1	529.0	921.3	2810.3	3283.8
96.8	431.1	867.8	2739.7	3291.9
95.4	463.4	838.4	2638.4	3325.3
92.7	492.5	826.9	2641.0	3311.7
89.9	500.2	836.6	2716.4	3382.8
88.5	518.4	917.8	2707.7	3383.8
82.2	620.0	1021.9	2640.9	3369.2
110.1	630.9	1068.1	2500.3	3355.5
214.3	663.9	1009.5	2235.7	3284.4
179.1	646.5	1029.9	2282.8	3265.9
193.5	618.4	1059.1	2290.1	3318.6
206.9	567.3	1039.6	2286.0	3335.8
375.0	595.7	1107.6	2315.3	3348.5
