0.0	0.0	0.0	0.0	0.0
0.0	0.0	0.0	0.0	0.0
0.0	0.0	0.0	0.0	0.0
0.0	752.4	1701.2	2545.2	3585.5
0.0	913.4	1700.2	2672.4	3585.0
0.0	1022.1	1776.2	2771.2	3533.9
0.0	853.5	1771.7	2754.1	3476.3
0.0	750.0	1800.2	2611.4	3412.0
0.0	829.6	1806.4	2576.9	3426.9
0.0	673.8	1665.2	2621.2	3427.0
0.0	649.6	1610.1	2637.9	3459.5
0.0	620.2	1670.7	2641.8	3420.5
0.0	968.2	1795.1	2623.2	3368.8
0.0	648.5	1690.7	2471.8	3266.9
0.0	569.9	1597.1	2480.1	3234.8
0.0	707.9	1499.1	2517.4	3337.7
0.0	373.7	1750.0	2537.5	3410.0
0.0	485.3	1914.1	2664.8	3414.2
0.0	442.3	1889.9	2660.4	3407.9
147.8	424.3	1855.2	2653.5	3466.7
136.5	419.4	1830.8	2600.1	3504.1
138.3	417.6	1767.7	2507.8	3480.3
139.5	449.4	1649.7	2480.0	3095.5
140.1	461.3	1641.2	2394.8	3082.4
144.6	439.2	1607.6	2410.3	2725.3
142.9	486.3	1671.5	2383.5	2655.1
140.5	446.6	1678.7	2380.2	2653.5
139.0	403.0	1985.4	2555.0	3094.0
133.4	385.6	1669.8	2526.5	3126.1
125.0	549.4	1550.9	2411.2	3087.7
125.0	506.7	1424.1	2361.6	3120.9
206.9	574.2	1687.3	2481.9	3235.7
71.9	704.3	1785.0	2653.1	3618.5
0.0	728.9	1799.4	2682.7	3791.1
0.0	655.8	1803.2	2677.8	3723.0
545.5	697.9	1804.5	2655.9	3474.7
108.1	687.6	1723.0	2563.8	3429.3
250.6	612.8	1715.6	2499.4	3373.9
0.0	545.4	1628.8	2449.3	3325.5
198.2	546.5	1574.3	2454.4	3352.5
170.9	549.2	1502.4	2465.3	3243.7
170.7	568.4	1430.7	2532.4	3315.8
169.6	569.4	1318.6	2584.6	3354.7
170.5	556.5	1221.1	2628.1	3376.9
172.2	543.8	1169.9	2676.8	3391.8
171.2	537.0	1122.0	2690.1	3453.5
169.8	520.2	1072.0	2704.9	3511.5
169.5	518.3	1054.8	2715.5	3466.8
168.3	509.5	1063.2	2718.1	3466.9
166.4	498.2	1104.3	2708.3	3497.2
164.4	504.4	1139.3	2683.5	3500.7
162.4	488.1	1167.0	2664.1	3408.1
159.9	490.6	1227.0	2651.0	3479.8
157.6	463.9	1319.4	2623.8	3502.9
152.1	444.5	1402.7	2577.4	3528.2
149.2	419.5	1456.5	2535.6	3619.3
141.3	400.0	1499.5	2658.4	3548.9
137.1	422.5	1545.9	2723.0	3541.3
66.6	457.1	1648.2	2741.1	3601.6
64.2	1039.2	2121.0	3037.1	3623.7
120.0	927.5	1965.0	2952.3	3571.8
0.0	1014.0	1992.9	2829.1	3392.0
0.0	454.9	1786.5	2638.2	3332.0
0.0	407.5	1739.3	2556.6	3354.3
0.0	418.0	1730.3	2459.4	3336.1
134.8	414.6	1699.2	2443.9	3280.5
134.9	430.5	1692.8	2442.1	3431.9
133.8	459.6	1669.9	2429.6	3499.9
133.1	457.9	1625.6	2259.8	3603.9
130.8	445.5	1602.7	2260.6	3704.3
127.8	432.2	1583.8	2327.4	3779.5
125.6	423.4	1556.5	2372.5	3791.5
124.1	408.1	1529.3	2396.5	3790.5
123.9	402.8	1492.3	2433.1	3727.4
122.6	482.3	1484.9	2518.4	3626.7
118.8	513.9	1684.9	2963.1	3677.1
120.0	618.6	1909.6	2955.2	3697.9
0.0	527.5	1815.8	2943.3	3633.7
0.0	486.8	1876.5	3123.9	3686.4
400.0	1148.9	2019.5	3203.9	3842.9
260.9	506.7	2040.3	3166.6	3829.1
0.0	656.5	1956.5	3105.2	3831.1
126.3	493.1	1893.3	3067.3	3828.2
93.0	520.9	2108.5	3083.9	3870.3
94.5	1082.2	2068.2	3045.1	3803.9
173.9	1189.2	1853.7	2731.3	3503.7
0.0	1096.6	1769.0	2580.0	3406.5
0.0	1097.6	1715.2	2509.2	3417.1
0.0	776.3	1720.3	2553.7	3372.1
0.0	219.9	1640.5	2589.8	3328.4
144.6	220.7	1664.9	2584.6	3332.6
148.1	1221.4	2129.5	3020.5	3528.5
0.0	1249.2	2245.4	3057.4	3537.3
129.0	650.7	2255.2	2993.3	3430.1
0.0	669.0	2157.3	2933.3	3345.1
0.0	788.1	1948.3	2881.2	3465.6
0.0	371.5	1893.8	2697.0	3339.5
0.0	405.4	1927.5	2653.6	3172.3
134.8	415.9	1915.3	2627.2	3169.5
136.9	432.1	1920.6	2579.9	3166.9
138.1	443.4	1904.5	2548.3	3160.7
138.9	452.9	1873.2	2572.7	3231.6
141.9	495.7	1847.3	2569.2	3229.0
143.9	544.4	1838.1	2561.1	3273.5
146.6	596.8	1810.7	2567.0	3291.0
148.5	605.9	1801.5	2536.4	3352.1
151.2	622.9	1794.5	2511.4	3334.0
152.6	618.2	1752.5	2514.9	3296.6
154.8	628.9	1717.2	2531.8	3321.4
156.8	631.0	1683.4	2553.7	3326.4
159.5	630.4	1632.9	2563.4	3394.8
161.4	621.5	1610.3	2559.0	3432.6
163.1	602.1	1563.0	2478.0	3391.7
163.8	536.0	1439.8	2343.8	3288.5
164.3	514.2	1260.2	2326.1	3243.8
158.2	289.3	1191.7	2302.7	3297.4
75.8	296.4	1234.9	2292.8	3292.9
151.9	301.4	1353.9	2289.4	3310.3
151.0	335.0	1460.3	2442.5	3377.7
149.2	349.7	1460.0	2440.1	3308.2
148.1	281.3	1469.3	2518.2	3388.5
144.7	372.5	1467.5	2599.8	3522.6
144.3	831.3	1674.0	2608.3	3496.2
144.1	1116.0	2147.8	2868.6	3429.3
143.8	784.8	1953.2	2767.6	3554.3
143.4	850.6	1773.6	2676.7	3697.1
0.0	449.3	1610.1	2648.5	3781.4
142.9	418.8	1677.6	2651.3	3728.4
155.2	444.6	1706.2	2637.4	3581.3
161.0	515.5	1707.0	2616.2	3529.7
160.8	477.2	1718.8	2587.5	3543.7
157.4	484.7	1703.6	2561.1	3558.3
156.4	464.3	1672.5	2534.6	3562.0
153.6	487.7	1638.2	2554.9	3392.1
150.7	821.2	1662.7	2633.1	3471.9
69.1	758.5	1791.2	2762.8	3587.9
0.0	628.0	1778.5	2637.7	3495.5
0.0	496.4	1762.6	2601.7	3450.6
0.0	743.9	1777.3	2561.0	3457.1
203.4	680.7	1829.4	2534.0	3287.2
112.1	580.5	1795.6	2471.1	3281.7
0.0	646.6	1833.4	2496.8	3345.7
0.0	580.6	1936.1	2558.3	3420.5
164.0	523.0	1960.2	2578.9	3411.1
165.4	503.7	1934.6	2605.0	3429.3
162.0	500.5	1910.5	2608.6	3430.2
162.1	482.9	1869.5	2618.7	3399.4
159.1	493.6	1803.2	2595.9	3376.2
158.7	501.9	1711.6	2579.2	3347.1
158.0	483.6	1534.5	2421.7	3259.3
157.3	466.6	1327.9	2320.9	3146.7
157.0	419.3	1160.5	2391.5	3080.1
154.3	404.2	1176.7	2450.4	3104.6
157.9	407.0	1177.5	2420.4	2987.1
157.8	403.7	1176.3	2391.7	2947.7
158.1	394.5	1151.6	2384.2	2999.7
156.4	395.0	1143.8	2351.2	2988.1
155.7	392.8	1104.3	2319.5	3061.3
154.4	449.1	1346.8	2275.8	3115.2
154.4	478.1	1485.0	2371.7	3167.8
152.3	466.0	1626.7	2481.9	3226.7
152.0	460.8	1767.2	2459.9	3302.3
151.9	442.1	1909.2	2412.9	3366.4
149.8	424.0	2046.7	2393.9	3396.8
148.7	452.1	2022.0	2320.1	3376.0
150.5	610.2	1521.9	2298.9	3172.5
70.2	683.9	1665.3	2382.9	3089.8
122.4	896.9	1910.8	2694.8	3084.0
0.0	938.7	1785.7	2699.6	3294.9
0.0	820.6	1758.5	2655.7	3515.4
0.0	538.5	1670.0	2854.4	3522.8
0.0	827.3	1777.3	3012.6	3605.6
0.0	715.3	1795.5	2908.5	3647.0
0.0	820.9	2031.4	2964.8	3588.2
83.9	816.7	2241.9	3024.6	3514.0
83.3	820.5	2217.8	2991.6	3505.3
0.0	818.9	2140.2	2921.9	3548.4
0.0	865.5	2136.9	2827.7	3544.4
0.0	885.2	2046.6	2765.1	3473.2
0.0	843.5	1951.8	2727.5	3362.5
0.0	340.4	2029.2	2611.1	3296.1
165.9	324.7	2025.6	2493.8	3330.0
158.7	319.3	1986.7	2433.2	3359.0
156.4	311.5	1943.0	2421.3	3380.4
155.8	315.1	1913.5	2378.7	3397.4
153.5	305.9	1870.2	2368.5	3408.1
152.6	323.0	1826.8	2375.6	3447.9
151.1	319.4	1786.7	2361.6	3465.2
151.0	331.8	1731.4	2374.6	3525.8
148.6	366.5	1670.4	2420.5	3545.3
146.8	383.2	1635.3	2487.4	3544.8
141.3	392.5	1608.4	2491.2	3625.2
136.4	386.4	1601.6	2526.6	3584.6
0.0	395.9	1592.5	2645.0	3503.9
0.0	371.7	1621.7	2860.2	3646.3
0.0	415.1	1674.8	2751.7	3709.4
0.0	377.8	1646.7	2565.5	3669.3
521.7	402.6	1634.9	2510.1	3578.8
142.9	413.1	1658.6	2507.0	3550.0
113.2	473.9	1724.8	2555.6	3566.7
116.5	474.9	1785.8	2565.4	3478.9
114.9	475.5	1869.3	2541.9	3392.4
112.0	465.6	1967.1	2514.4	3400.9
109.2	449.9	2061.9	2531.9	3453.3
106.8	456.2	1871.3	2303.8	3432.8
105.0	429.5	1714.6	2430.6	3193.4
101.7	438.2	1375.7	2292.7	2739.2
100.0	426.1	1081.9	2258.2	2668.8
97.6	436.1	1172.2	2305.5	2672.7
100.0	446.3	1253.7	2351.7	2751.0
98.8	455.2	1104.2	2326.2	2773.6
97.4	449.7	944.4	2378.7	2813.5
96.8	456.3	923.0	2297.6	2911.8
95.2	472.3	983.0	2325.6	3147.0
94.5	471.2	1020.3	2325.3	3335.5
93.1	482.8	1065.7	2354.6	3442.8
91.1	565.4	1207.3	2336.4	3418.2
91.5	517.9	1390.2	2525.7	3339.2
91.4	572.1	1498.7	2598.1	3404.7
90.5	520.4	1583.2	2517.1	3479.1
90.3	532.1	1638.0	2619.3	3455.5
90.1	512.3	1709.4	2636.3	3415.8
90.1	514.2	1763.9	2614.9	3391.2
90.5	534.3	1804.9	2607.3	3337.0
90.3	610.3	1844.2	2602.6	3330.6
90.0	539.9	1870.6	2613.5	3317.7
91.1	521.9	1895.0	2616.3	3296.8
92.0	508.6	1916.1	2620.1	3325.2
93.9	524.4	1928.9	2623.3	3317.3
95.8	501.7	1960.2	2633.9	3256.7
97.2	527.9	1970.7	2626.2	3227.4
100.2	621.7	2007.2	2571.6	3226.0
103.6	666.6	1967.6	2589.2	3239.3
101.7	767.6	2008.3	2589.1	3330.5
113.6	759.8	1973.8	2539.6	3307.8
108.5	690.1	1767.6	2585.1	3307.5
91.6	638.6	1859.7	2424.5	3357.3
106.2	606.7	1508.7	2385.7	3316.3
0.0	936.4	1789.1	2462.4	3355.1
0.0	924.6	1578.0	2388.6	3273.7
