0.0	0.0	0.0	0.0	0.0
0.0	0.0	0.0	0.0	0.0
0.0	0.0	0.0	0.0	0.0
0.0	728.1	1633.5	2793.4	3589.1
0.0	715.2	1590.4	2580.2	3465.6
0.0	695.4	1567.6	2468.8	3488.7
0.0	681.7	1542.6	2436.7	3461.8
133.3	761.2	1817.1	2593.0	3445.1
0.0	855.8	1815.3	2718.0	3452.5
0.0	871.3	1732.4	2717.9	3464.9
0.0	822.3	1723.3	2525.3	3369.4
0.0	1059.4	1936.7	2612.2	3445.6
0.0	934.3	1951.3	2596.1	3557.6
0.0	868.8	1780.8	2413.4	3359.3
0.0	877.6	1823.3	2428.5	3350.3
0.0	322.0	1817.9	2297.8	3472.3
0.0	307.7	1162.9	2098.7	3308.1
130.4	291.1	1157.7	2102.3	3334.6
121.5	288.6	1233.6	2128.4	3311.6
118.7	238.1	1236.3	2133.2	3290.9
117.6	258.6	1299.7	2217.2	3345.3
117.6	239.0	1266.5	2285.4	3274.3
118.3	233.4	1064.9	2245.0	3200.8
117.9	251.1	1116.1	2413.2	3216.5
118.1	374.2	1488.2	2452.7	3353.1
122.4	408.9	1569.1	2378.6	3390.6
147.7	424.8	1641.6	2363.8	3393.4
139.5	416.1	1642.4	2369.0	3460.3
139.5	430.4	1662.4	2386.2	3471.5
139.4	427.6	1639.5	2378.6	3468.8
141.2	429.9	1621.8	2360.0	3471.1
144.6	433.6	1605.8	2358.0	3452.3
147.4	434.3	1578.5	2354.8	3396.9
148.1	438.4	1525.3	2320.2	3355.9
147.7	420.6	1471.7	2339.0	3398.2
69.1	472.9	1526.4	2386.5	3340.1
145.4	447.7	1548.4	2364.1	3306.9
144.0	470.1	1581.1	2238.2	3237.5
151.1	461.0	1580.8	2059.6	3215.7
154.2	434.0	1574.1	1996.7	3226.2
154.3	431.0	1552.5	1986.5	3224.2
153.5	455.8	1530.6	1958.5	3244.5
153.1	447.7	1512.0	1909.2	3270.8
151.6	462.9	1506.0	1882.7	3275.4
151.1	451.2	1483.9	1850.1	3297.6
150.9	467.9	1463.9	1823.9	3306.8
150.9	432.7	1429.6	1806.4	3317.4
150.9	465.5	1410.5	1812.7	3317.0
150.6	437.8	1398.8	1821.5	3335.4
146.3	460.8	1395.7	1846.2	3347.2
142.9	484.7	1384.2	1860.6	3375.6
136.7	495.3	1371.7	1898.3	3411.9
119.0	531.6	1374.2	1925.4	3477.4
120.1	563.4	1342.3	1968.9	3441.2
121.3	583.0	1322.4	2046.3	3504.1
73.9	603.4	1299.2	2171.2	3442.5
126.4	632.7	1284.3	2173.3	3325.3
131.3	635.9	1268.1	2262.9	3388.0
124.8	631.8	1288.9	2315.3	3388.5
131.4	621.8	1304.1	2410.2	3392.5
129.3	642.7	1318.0	2481.3	3394.1
127.5	628.0	1338.3	2474.1	3412.2
127.5	616.7	1356.9	2462.1	3377.7
126.7	603.9	1358.9	2465.2	3308.2
126.0	639.6	1364.1	2432.1	3408.9
124.7	440.3	1395.6	2438.9	3585.1
114.3	254.0	1370.2	2453.7	3565.9
129.0	318.2	1347.7	2424.0	3525.6
129.0	283.6	1330.6	2421.3	3493.5
129.0	606.0	1336.0	2493.5	3412.2
130.3	561.5	1373.1	2623.6	3382.3
126.5	571.8	1308.6	1895.8	3033.2
123.7	565.3	1235.6	1793.4	3039.8
125.0	571.2	1249.2	1751.9	3083.6
125.0	569.4	1276.1	1755.0	3093.2
125.0	555.6	1322.4	1775.5	3116.5
125.0	545.2	1446.8	1818.9	3132.1
125.0	361.6	1590.8	1903.9	3144.8
126.7	428.7	1676.8	1971.9	3161.2
127.6	402.6	1727.7	2125.2	3179.2
129.0	404.9	1785.8	2274.0	3297.3
130.3	376.1	1835.8	2468.7	3424.0
131.2	462.8	1858.3	2435.2	3465.9
132.1	382.3	1866.9	2443.1	3471.9
133.7	335.4	1875.1	2412.1	3481.7
135.6	415.8	1875.5	2426.7	3500.4
136.6	336.1	1884.7	2455.1	3533.5
138.9	329.3	1870.3	2422.1	3529.8
140.3	373.7	1869.6	2406.0	3551.3
139.4	385.5	1853.8	2401.4	3582.4
137.9	438.5	1808.3	2409.4	3596.0
133.3	411.2	1750.2	2473.9	3590.6
129.0	358.2	1831.9	2602.7	3679.2
122.4	646.0	2009.1	2800.3	3777.4
134.8	836.9	1971.3	2747.4	3646.3
85.7	294.8	1581.2	2401.4	3518.2
123.7	315.2	1636.7	2355.7	3501.9
142.9	305.2	1704.9	2437.0	3546.2
139.4	371.6	1778.6	2473.1	3554.6
136.9	369.0	1846.5	2492.7	3542.2
135.2	499.1	1921.3	2505.4	3523.0
132.5	376.1	1975.3	2508.7	3543.8
129.0	480.6	2046.5	2521.0	3537.5
126.2	517.3	2154.6	2518.4	3556.3
123.4	682.7	2192.7	2466.5	3563.0
119.6	528.4	1602.5	2272.1	3536.3
117.6	264.1	1499.4	2244.8	3436.2
116.5	463.7	1530.5	2237.6	3305.6
114.3	539.7	1471.3	2216.4	3216.4
113.2	413.3	1383.9	2146.0	3238.9
112.1	393.2	1424.9	2097.8	3249.6
108.1	338.0	1415.9	2067.1	3181.2
109.1	301.7	1216.8	2081.3	3259.9
107.1	312.6	1680.9	2232.2	3343.9
102.6	424.4	1918.4	2556.5	3395.3
102.3	464.9	2104.1	2813.6	3412.4
101.7	391.3	2114.2	2586.8	3359.9
0.0	353.9	1801.5	2434.4	3278.7
0.0	373.4	1719.1	2347.4	3302.2
109.1	382.4	1687.6	2318.6	3455.2
111.1	447.3	1661.6	2260.8	3487.3
111.4	481.0	1618.6	2236.4	3445.7
111.4	511.4	1558.8	2189.6	3417.8
111.4	542.7	1516.8	2191.9	3413.0
111.4	555.5	1467.4	2340.9	3358.4
111.7	569.4	1402.4	2350.0	3348.3
112.2	587.7	1338.8	2356.3	3322.2
113.0	598.6	1260.5	2341.5	3355.0
113.5	609.8	1190.6	2355.9	3381.9
114.3	567.9	1113.7	2409.3	3377.5
116.5	551.2	1054.5	2426.8	3409.1
116.5	560.4	1043.1	2436.7	3390.7
117.3	548.1	1032.9	2479.4	3364.5
118.8	563.5	1022.4	2520.5	3415.1
121.2	578.9	1048.3	2530.0	3420.7
121.2	597.1	1107.1	2541.3	3387.7
126.3	573.0	1163.1	2523.6	3448.3
126.3	551.8	1183.9	2518.5	3451.2
127.0	511.3	1248.1	2537.2	3441.6
129.1	514.9	1304.6	2544.0	3514.7
129.0	547.9	1335.7	2558.8	3536.0
126.3	654.6	1506.7	2872.4	3603.6
122.2	1071.9	1995.8	2968.5	3687.7
120.0	1047.5	2024.1	2947.5	3706.3
0.0	867.6	2172.6	3006.2	3756.5
210.5	808.1	2352.8	3156.1	3722.7
0.0	726.1	2156.7	2989.3	3670.3
0.0	634.2	1643.7	2794.4	3585.7
363.6	680.4	1618.8	2709.1	3581.3
428.6	836.0	1716.2	2677.2	3669.8
0.0	599.4	1613.6	2555.1	3614.3
571.4	681.3	1626.6	2526.2	3522.6
139.5	807.7	1668.7	2529.4	3390.0
65.9	504.4	1718.3	2471.2	3343.6
0.0	506.6	1769.0	2505.8	3389.1
153.8	525.5	1811.2	2528.0	3431.2
153.8	364.5	1836.5	2536.7	3466.7
150.8	376.2	1857.9	2550.8	3477.3
152.0	350.1	1897.3	2558.1	3489.4
151.6	380.4	1948.6	2572.2	3484.3
151.7	478.6	1999.3	2607.4	3504.6
149.3	405.3	1992.0	2630.3	3561.9
148.4	292.0	2032.2	2612.7	3589.3
147.4	341.1	2183.5	2623.8	3584.9
147.4	294.7	2209.9	2640.6	3568.2
143.0	348.8	2187.2	2664.4	3569.4
72.5	438.7	1872.7	2437.7	3504.8
149.8	593.0	1635.4	2433.1	3472.5
77.1	722.9	1730.9	2553.8	3398.6
142.9	708.2	1832.1	2646.5	3362.6
88.2	655.3	1754.9	2473.0	3255.8
0.0	937.6	1713.2	2558.2	3359.1
0.0	750.7	1810.7	2670.0	3494.4
