0.0	0.0	0.0	0.0	0.0
0.0	0.0	0.0	0.0	0.0
0.0	0.0	0.0	0.0	0.0
0.0	769.0	1856.6	2403.2	3189.7
0.0	821.7	1829.6	2490.3	3394.0
0.0	807.7	1755.0	2386.1	3412.8
0.0	774.3	1730.0	2530.5	3466.4
0.0	761.2	1720.8	2592.0	3450.6
0.0	729.8	1711.7	2611.4	3431.1
0.0	769.9	1689.8	2666.5	3384.6
0.0	969.7	1777.5	2580.6	3320.0
0.0	979.9	1817.5	2500.7	3297.2
0.0	837.9	1886.6	2460.3	3289.1
0.0	766.1	1958.7	2638.8	3399.8
0.0	773.8	1756.8	2482.5	3284.0
0.0	835.2	1721.4	2447.2	3260.4
0.0	914.3	1724.7	2379.9	3349.0
0.0	943.7	1791.1	2329.2	3387.7
181.8	924.4	1802.4	2404.3	3385.9
300.0	924.0	1733.6	2365.0	3514.4
0.0	902.8	1790.1	2340.0	3513.0
0.0	960.2	1768.2	2372.8	3402.8
0.0	882.4	1672.9	2367.4	3428.3
0.0	839.0	1616.3	2340.7	3365.5
0.0	804.3	1519.2	2295.5	3294.3
0.0	788.6	1379.8	2298.8	3210.2
142.9	784.6	1344.0	2301.5	3261.1
125.0	696.5	1245.4	2262.3	3335.0
118.8	664.1	1206.2	2349.2	3364.8
123.7	672.2	1213.5	2342.6	3235.1
125.0	659.9	1163.5	2281.1	3165.9
127.7	637.3	1121.9	2269.1	3271.1
137.9	638.5	1061.6	2223.3	3262.3
141.2	594.0	909.5	2365.4	3238.8
144.9	446.3	841.2	2369.9	3083.1
146.3	462.2	963.1	2340.5	2981.0
150.0	374.0	867.8	2374.0	3003.4
160.0	413.5	972.3	2460.9	3151.9
166.7	400.7	1060.7	2512.0	3226.9
166.7	428.1	1197.8	2447.1	3233.8
169.0	500.1	1465.6	2425.8	3365.6
178.9	547.8	1706.2	2569.6	3378.0
174.7	551.7	1848.3	2637.8	3441.1
176.1	529.6	1846.2	2721.9	3694.6
175.7	512.4	1783.9	2625.2	3389.4
172.6	549.4	1604.6	2505.3	3217.8
170.9	346.1	1561.6	2553.2	3494.6
177.1	356.6	1626.2	2534.6	3355.1
178.8	392.0	2042.7	2640.8	3695.9
183.7	381.3	2265.0	2743.9	3861.3
175.5	374.4	2344.7	2835.4	3816.6
175.5	353.4	2371.0	2810.4	3733.0
176.1	367.3	2370.8	2779.3	3599.0
174.3	340.1	2324.6	2732.9	3475.4
172.7	359.2	2298.7	2697.0	3537.7
171.2	395.3	2161.7	2610.5	3575.1
169.2	335.9	2029.7	2694.6	3467.0
164.4	330.9	1757.6	2522.5	3296.5
76.4	357.1	1751.0	2693.8	3377.1
71.1	933.1	1956.7	2894.4	3489.3
130.4	1168.0	2168.0	2834.8	3556.7
0.0	825.7	2120.2	2791.3	3451.0
190.5	632.2	2071.7	2930.3	3384.6
0.0	577.0	2173.9	3013.6	3376.1
0.0	841.2	2089.5	2738.1	3375.5
106.2	708.7	2008.6	2680.6	3450.7
0.0	722.1	1950.5	2714.8	3428.7
480.0	739.7	1887.0	2695.2	3402.8
0.0	606.2	1726.6	2647.1	3370.4
0.0	466.2	1631.9	2597.2	3390.5
0.0	493.7	1521.4	2570.0	3322.8
177.0	462.7	1297.5	2571.1	3301.3
169.0	465.2	1192.5	2578.4	3253.5
169.0	490.7	1132.1	2623.4	3205.4
166.7	517.1	1049.9	2674.4	3220.2
166.7	502.9	985.1	2685.9	3213.6
167.0	496.9	989.7	2707.0	3183.2
168.6	478.6	896.5	2738.0	3094.4
169.7	464.4	866.5	2755.8	3183.2
171.6	461.8	870.4	2764.4	3399.4
173.4	394.2	865.4	2783.3	3557.4
173.0	371.9	891.4	2795.2	3527.6
170.6	422.5	1128.6	2640.6	3408.0
167.5	781.4	1208.0	2677.9	3167.2
81.2	1103.9	2280.7	2704.1	3218.3
156.9	968.8	2249.1	2602.6	3230.4
146.3	877.9	2092.7	2520.7	3320.8
141.2	391.9	2048.8	2530.2	3348.0
148.1	469.3	1915.1	2360.6	3255.7
148.1	438.7	1467.4	2082.1	3128.7
146.3	456.4	1473.1	2089.9	3154.0
141.2	452.8	1465.3	2065.7	3103.9
136.8	425.7	1511.1	2120.5	3051.2
133.3	419.2	1579.1	2165.4	2958.4
130.0	504.1	1598.6	2197.0	2830.5
127.3	569.3	1612.2	2320.6	2814.5
123.7	322.2	821.9	2444.6	2766.8
123.7	292.4	821.0	2630.9	3038.8
121.2	281.6	1565.6	2631.3	3109.6
122.4	282.1	1681.6	2594.6	3077.2
118.5	376.2	1725.6	2607.8	3264.4
116.7	568.8	1646.7	2631.5	3271.4
114.6	694.4	1826.4	2702.1	3257.8
115.5	373.3	1866.7	2643.9	3313.5
115.4	385.1	1903.3	2605.4	3319.8
111.1	370.6	1960.2	2606.7	3361.6
112.1	351.2	2014.3	2613.8	3344.4
111.1	330.8	2053.7	2634.1	3299.8
110.0	367.2	2055.0	2628.9	3312.8
110.1	398.9	2066.1	2558.8	3319.9
110.8	383.1	2061.8	2491.5	3268.3
111.2	367.7	2038.1	2438.1	3257.3
112.1	374.5	1982.2	2319.3	3248.7
113.2	347.8	1842.4	2253.0	3257.9
113.2	359.3	1644.5	2252.3	3238.0
114.3	369.6	1433.3	2275.8	3237.9
112.3	380.2	1216.8	2299.1	3257.7
111.1	384.0	1116.7	2325.0	3287.0
111.1	412.6	1028.8	2363.7	3281.8
109.2	430.8	986.0	2380.7	3294.1
108.9	444.9	1024.5	2408.7	3283.6
107.1	471.6	1104.5	2416.5	3276.0
104.9	510.1	1190.3	2399.7	3280.4
102.4	582.1	1295.4	2370.9	3263.5
102.4	535.1	1459.9	2360.7	3375.9
103.9	531.2	1521.0	2395.8	3365.0
106.2	608.6	1634.2	2405.8	3353.1
117.6	603.1	1586.1	2384.3	3436.7
114.5	582.2	1558.7	2406.0	3429.9
113.2	601.4	1550.5	2423.5	3388.0
109.8	620.6	1503.0	2457.4	3427.0
107.8	640.2	1455.3	2468.0	3428.2
108.1	624.4	1424.2	2451.2	3419.6
107.8	627.1	1378.0	2419.5	3403.0
107.1	605.5	1338.4	2392.1	3414.6
106.9	571.1	1307.7	2356.7	3396.2
106.3	535.6	1272.2	2320.4	3373.3
107.1	483.3	1233.6	2271.2	3340.3
105.3	456.8	1220.9	2219.8	3335.2
102.8	439.2	1225.5	2185.1	3327.8
98.4	486.3	1283.2	2238.9	3287.2
97.6	394.1	1525.4	2491.8	3243.0
90.9	487.9	1617.1	2605.4	3479.2
105.3	862.0	1803.0	2663.0	3500.2
0.0	856.6	1786.0	2644.8	3468.3
0.0	1048.6	1808.2	2595.8	3414.9
0.0	726.1	1704.0	2570.2	3435.7
0.0	781.8	1776.8	2514.1	3565.1
0.0	978.7	1810.4	2607.8	3436.3
0.0	914.7	1460.2	2357.2	3213.0
0.0	890.1	1372.6	2227.2	3184.0
0.0	593.2	1216.1	2057.3	3282.7
0.0	493.0	1222.4	1724.6	3415.8
0.0	506.4	1302.0	1722.2	3431.1
0.0	516.0	1375.1	1846.4	3378.1
105.7	545.1	1464.5	1982.9	3347.2
108.1	549.5	1452.1	2176.7	3354.4
105.3	550.6	1448.0	2349.0	3390.7
105.3	541.6	1437.2	2471.5	3472.9
104.3	524.3	1458.4	2560.4	3528.6
104.4	498.9	1478.3	2613.6	3605.4
104.3	457.8	1474.0	2650.1	3668.0
103.1	420.8	1466.9	2689.8	3717.1
100.1	394.6	1486.0	2698.6	3751.7
97.6	800.3	1820.7	2857.2	3935.5
93.8	908.7	1818.0	2971.6	4642.2
500.0	689.9	1821.1	2942.1	4578.8
115.4	790.5	1824.4	2957.9	4404.8
0.0	679.0	1754.0	2950.2	3895.3
0.0	697.9	1669.4	2862.9	3732.3
179.1	703.4	1604.5	2689.2	3779.6
142.9	510.4	1515.6	2485.3	3883.6
0.0	449.1	1477.4	2366.6	3896.8
0.0	470.3	1421.8	2416.2	3901.5
106.9	501.9	1405.9	2448.8	3939.0
103.2	581.3	1367.9	2642.2	3916.8
102.5	629.3	1702.5	2691.1	3801.8
101.3	540.3	1521.6	2570.8	3496.2
98.5	259.5	1602.0	2598.3	3344.6
64.3	247.2	1693.7	2583.4	3256.4
140.0	275.6	1701.6	2507.9	3383.6
160.5	383.5	1619.9	2540.2	3336.9
0.0	1048.7	1798.5	2642.6	3413.2
0.0	731.3	1660.0	2653.6	3733.8
0.0	584.3	1638.4	2741.8	3772.8
0.0	732.1	1677.3	2744.5	3749.8
0.0	757.9	1664.8	2727.5	3693.5
95.2	730.8	1714.2	2674.9	3662.4
142.9	786.5	1735.7	2671.4	3640.3
106.2	449.2	1710.0	2662.4	3612.9
0.0	423.3	1699.5	2653.0	3572.0
120.2	420.7	1703.3	2682.2	3645.9
104.2	415.7	1695.6	2670.0	3585.5
301.8	351.7	1720.1	2665.4	3490.8
91.0	239.4	1675.7	2577.8	3471.7
102.6	376.8	1658.0	2644.8	3586.1
104.3	422.2	1749.0	2730.4	3731.0
0.0	458.6	1761.9	2692.2	3848.8
0.0	474.1	1771.8	2674.4	3712.6
103.0	526.4	1766.9	2647.6	3750.5
103.7	533.1	1754.6	2629.5	3780.6
104.0	538.5	1760.4	2607.2	3728.5
103.8	546.2	1759.5	2603.3	3706.8
103.7	548.6	1753.5	2600.2	3752.8
104.1	555.9	1761.7	2592.9	3741.5
104.3	562.5	1779.4	2601.0	3718.8
106.0	556.9	1804.0	2598.8	3710.1
105.1	554.4	1823.5	2602.5	3770.9
108.2	552.1	1851.1	2595.7	3754.6
111.8	531.7	1890.3	2569.7	3710.6
116.1	510.5	1943.8	2621.7	3697.7
118.0	498.5	2002.1	2670.8	3659.8
120.8	485.5	2072.4	2661.4	3565.0
122.8	480.3	2131.3	2631.8	3575.0
127.8	507.4	2106.7	2612.5	3456.5
130.5	595.7	2132.7	2630.6	3517.9
132.4	625.6	2069.7	2678.7	3644.7
134.3	729.2	2067.4	2704.1	3575.1
65.9	794.0	2014.0	2695.2	3632.4
66.3	795.1	1828.4	2661.9	3631.6
70.7	780.6	1657.1	2409.4	3405.2
0.0	920.1	1558.1	2429.4	3600.4
0.0	792.4	1599.9	2536.0	3737.2
0.0	770.3	1680.1	2540.2	3520.4
0.0	782.5	1620.7	2398.4	3434.8
