0.0	0.0	0.0	0.0	0.0
0.0	0.0	0.0	0.0	0.0
0.0	0.0	0.0	0.0	0.0
0.0	487.8	1502.7	2371.6	3280.1
0.0	802.9	1655.9	2559.7	3467.7
266.9	885.4	1673.3	2531.9	3493.2
140.3	580.4	1572.8	2493.1	3360.6
0.0	344.4	1567.6	2460.0	3403.4
0.0	322.2	1538.2	2483.8	3369.0
0.0	615.0	1557.9	2566.2	3405.6
0.0	382.4	1681.7	2612.7	3405.8
0.0	276.3	1700.6	2746.6	3457.5
146.3	277.6	1742.4	2682.1	3529.2
131.9	269.0	1686.1	2616.2	3584.2
125.0	242.5	1581.2	2515.7	3457.5
125.0	253.0	1561.7	2528.3	3345.8
123.7	247.5	1647.7	2677.4	3423.4
126.3	869.7	2060.5	2802.3	3686.2
122.0	332.6	2191.6	2839.6	3433.1
0.0	284.8	2264.7	2845.1	3181.8
133.3	270.6	2328.4	2955.6	3200.9
130.9	269.8	2356.7	3000.7	3279.0
132.8	263.8	2381.8	2840.5	3227.7
131.1	263.6	2312.7	2585.2	3212.1
130.4	268.1	2382.3	2980.5	3207.4
130.7	283.9	2394.3	2876.7	3443.0
132.1	282.8	2280.5	2518.8	3333.1
132.2	274.7	2098.1	2438.6	3208.6
131.2	405.4	1605.5	2528.9	3312.9
117.6	311.7	1502.2	2586.9	3420.5
72.7	742.0	1709.6	2580.4	3359.6
0.0	761.6	1583.5	2576.1	3323.9
0.0	787.9	1609.4	2610.5	3385.5
0.0	838.8	1744.0	2697.3	3380.3
0.0	896.0	1655.2	2641.1	3324.5
0.0	1011.9	1563.4	2442.5	3387.4
0.0	416.8	1563.2	2483.0	3599.5
0.0	396.8	1649.6	2516.3	3619.2
135.8	439.5	1697.7	2575.8	3579.0
128.2	486.4	1731.3	2624.0	3385.1
123.5	464.0	1714.5	2592.5	3160.3
119.8	305.8	1556.2	2526.3	2798.6
115.4	257.9	1268.7	1950.2	2861.1
121.6	255.6	1274.9	2018.4	2885.1
122.4	252.4	1425.5	2091.0	2917.4
123.7	276.6	1495.5	2143.3	2950.7
126.5	283.7	1583.0	2717.7	3089.1
128.8	626.7	1624.9	2869.1	3327.5
276.2	630.4	1562.3	2860.4	3493.5
129.1	643.4	1464.1	2866.2	3540.9
131.9	658.3	1459.7	2842.9	3527.3
132.0	643.1	1466.2	2817.9	3574.9
132.0	651.9	1462.4	2815.1	3573.2
132.8	620.6	1443.6	2787.0	3588.8
131.4	623.3	1407.4	2757.6	3680.5
129.6	592.0	1377.5	2762.3	3707.2
126.5	594.0	1359.0	2733.2	3712.4
123.7	621.5	1334.4	2649.0	3683.0
121.2	600.5	1331.2	2539.3	3650.2
118.0	602.6	1330.1	2549.4	3600.8
111.1	708.7	1418.3	2540.6	3544.3
108.1	820.2	1613.1	2627.5	3518.0
94.5	940.1	1736.8	2560.4	3565.5
375.0	1033.5	1719.6	2576.6	3490.7
0.0	898.5	1490.6	2635.9	3427.8
226.4	626.6	1486.0	2612.8	3550.4
226.4	652.2	1570.1	2566.5	3526.0
285.7	955.3	1731.2	2592.4	3559.9
0.0	927.8	1753.9	2615.7	3560.9
0.0	771.0	1725.5	2614.5	3547.3
0.0	748.6	1783.3	2629.2	3597.2
0.0	720.4	1749.0	2600.7	3564.6
503.4	721.4	1861.9	2540.5	3527.2
0.0	710.1	1910.8	2525.9	3416.5
117.6	748.8	2031.8	2620.4	3299.4
383.7	702.9	2209.8	2627.6	3229.1
183.9	663.2	2219.0	2589.5	3042.2
109.1	555.7	2225.2	2583.8	3148.9
260.9	297.7	2166.0	2542.0	3300.7
0.0	319.8	2315.1	2606.0	3387.1
0.0	395.5	2325.8	2666.7	3326.3
115.6	375.8	2378.0	2793.9	3568.0
115.6	362.5	2335.9	2745.5	3281.2
117.0	363.4	2215.1	2513.1	3032.8
112.9	375.4	1940.7	2584.7	3208.7
110.5	319.8	1618.5	2518.4	3278.5
103.5	310.1	1615.5	2659.2	3367.0
108.7	305.1	1629.1	2658.1	3442.2
0.0	200.0	200.0	200.0	3042.2
0.0	609.5	1690.7	2704.6	3393.1
333.6	626.4	1773.4	2761.5	3433.4
333.3	558.4	1773.4	2752.6	3616.9
0.0	410.0	1665.2	2719.5	3669.8
106.6	458.9	1612.5	2699.9	3734.5
104.2	465.9	1604.8	2730.6	3726.4
100.9	720.5	1651.3	2718.9	3640.2
97.6	839.3	1629.5	2757.7	3662.0
0.0	968.6	2036.0	3052.7	3858.8
0.0	964.1	1938.2	3029.5	4020.1
0.0	498.5	1694.7	3044.9	3982.3
222.2	858.9	2111.2	3001.6	3838.2
137.9	659.8	1739.9	2776.4	3780.1
480.0	918.1	1737.7	2639.0	3779.1
146.3	529.9	1534.9	2608.5	3728.9
0.0	529.8	1471.6	2553.0	3722.2
120.2	540.3	1465.7	2516.7	3675.9
110.3	571.1	1457.3	2520.3	3692.8
106.6	581.8	1494.9	2574.4	3696.0
102.9	572.7	1527.3	2468.7	3685.1
106.0	600.3	1533.8	2330.5	3705.4
102.9	599.5	1572.1	2230.9	3582.8
101.4	596.7	1587.6	2253.5	3511.1
101.2	596.4	1583.9	2367.7	3527.1
100.7	582.7	1583.2	2508.2	3459.7
100.3	545.9	1564.2	2431.5	3194.1
100.0	527.2	1508.9	2210.3	3089.3
98.5	215.2	1507.6	2337.6	3369.0
580.2	457.8	1556.4	2579.0	3534.5
0.0	578.2	1598.3	2613.9	3491.6
0.0	501.1	1618.9	2645.4	3504.4
0.0	496.5	1619.0	2655.3	3363.3
93.5	492.4	1646.4	2686.8	3332.2
97.5	495.1	1678.1	2699.0	3382.9
100.9	450.4	1669.4	2745.8	3393.7
105.4	480.5	1629.2	2775.5	3409.3
107.2	517.9	1583.3	2737.5	3362.5
107.7	270.1	1612.1	2569.7	3386.9
100.0	231.3	1610.0	2563.9	3386.9
118.8	246.8	1578.1	2646.8	3396.0
118.8	255.5	1580.9	2598.7	3438.2
123.7	295.9	1561.2	2599.0	3445.3
126.3	313.5	1571.7	2551.5	3403.5
0.0	892.1	1775.2	2581.4	3431.4
0.0	786.7	1756.2	2572.4	3573.2
0.0	755.0	1636.0	2542.7	3667.1
0.0	953.3	1762.8	2440.6	3703.0
315.5	949.6	1771.6	2517.7	3649.1
0.0	956.7	1735.8	2469.3	3623.9
0.0	921.1	1773.7	2407.8	3599.9
0.0	900.1	1861.6	2454.3	3594.3
0.0	912.9	1852.4	2566.5	3633.9
0.0	896.6	1951.0	2646.4	3664.5
0.0	995.0	1955.3	2622.0	3638.1
0.0	991.7	1896.4	2641.1	3698.9
248.9	992.5	1793.4	2490.2	3663.2
282.9	921.9	1781.5	2414.7	3452.6
0.0	803.3	1631.8	2458.6	3324.4
