0.0	0.0	0.0	0.0	0.0
0.0	0.0	0.0	0.0	0.0
0.0	0.0	0.0	0.0	0.0
0.0	845.3	1789.6	2911.9	3350.3
0.0	1009.6	1793.6	2737.3	3318.5
0.0	847.8	1620.5	2283.5	3296.5
140.5	770.8	1696.3	2506.8	3351.2
147.9	719.6	1674.2	2637.5	3309.3
0.0	729.1	1629.7	2420.8	3297.7
0.0	673.1	1605.2	2244.8	3187.7
146.3	638.8	1540.7	2354.6	3211.9
126.6	276.2	1595.8	2465.4	3445.1
128.1	299.8	1589.2	2454.3	3344.4
122.6	293.9	1438.4	2454.1	3294.8
0.0	301.7	1665.5	2518.8	3518.2
118.8	284.9	1728.2	2540.0	3491.8
123.3	306.9	1660.4	2499.5	3412.3
103.4	460.8	1603.0	2542.8	3488.4
0.0	466.2	1581.5	2583.8	3388.1
114.1	497.9	1691.8	2605.1	3203.3
110.9	496.4	1786.0	2626.7	3449.5
107.1	485.8	1815.0	2626.4	3542.9
105.7	496.3	1904.6	2608.7	3531.2
106.0	487.1	1985.8	2586.1	3545.0
105.8	435.4	2026.4	2565.5	3495.6
105.7	442.1	2051.2	2513.6	3612.9
106.1	471.4	2045.6	2464.6	3603.8
107.2	500.0	1986.2	2469.4	3464.5
107.5	532.6	1952.2	2457.7	3337.2
107.5	585.0	1891.5	2475.2	3334.0
106.7	617.3	1787.3	2465.0	3271.3
108.5	663.8	1705.1	2528.5	3268.9
110.7	649.6	1665.6	2575.2	3362.0
111.2	662.3	1615.8	2607.1	3411.2
112.3	628.2	1557.9	2701.0	3472.2
114.5	595.3	1485.3	2551.8	3177.0
115.3	378.0	1432.0	2256.2	2929.6
115.2	332.6	1443.9	2318.4	2986.4
125.1	435.4	1483.2	2185.0	2793.4
125.6	467.4	1550.5	2497.0	3265.9
127.6	306.4	1530.8	2566.9	3556.5
129.1	300.8	1507.8	2452.6	2960.8
128.8	387.1	1596.4	2364.0	3077.4
127.4	456.7	1710.6	2348.0	3099.0
127.6	459.3	1710.0	2273.4	3231.7
130.5	424.2	1679.5	2178.5	3273.3
129.9	460.5	1658.5	2094.4	3263.5
128.6	449.3	1657.9	2075.5	3232.2
126.7	443.7	1645.4	2150.9	3169.0
122.2	478.2	1634.6	2278.3	3138.3
119.1	528.5	1673.9	2412.6	3159.4
113.7	741.8	1774.4	2502.8	3195.6
108.9	918.8	2297.6	2710.2	3212.3
103.9	1007.0	2288.2	2956.0	3218.1
104.3	846.3	2280.9	2979.1	3414.4
0.0	608.5	2434.0	3066.3	3454.0
375.0	790.8	2269.3	2979.4	3286.8
162.2	389.7	1953.0	2908.4	3288.1
74.5	719.9	1856.7	2870.9	3377.1
0.0	648.4	1681.1	2793.1	3500.0
0.0	759.3	1645.1	2732.2	3431.6
0.0	866.9	1645.1	2738.9	3403.7
0.0	710.7	1763.4	2751.9	3375.1
400.0	869.1	1710.2	2616.6	3344.3
0.0	407.5	1689.6	2519.0	3340.1
0.0	446.7	1668.1	2444.2	3373.1
141.1	435.0	1644.7	2411.8	3410.1
140.8	424.7	1633.6	2427.8	3509.1
139.2	429.3	1594.0	2451.8	3534.8
138.6	425.7	1558.4	2468.3	3577.3
138.3	440.9	1556.9	2498.6	3558.4
138.9	437.7	1583.9	2513.1	3517.3
139.4	426.4	1603.8	2548.4	3505.7
137.3	423.4	1600.0	2603.3	3422.7
137.1	422.4	1522.9	2633.7	3261.2
134.2	407.6	1463.6	2646.6	3275.4
118.7	258.9	1434.9	2619.6	3319.2
122.3	255.0	1579.4	2584.2	3310.1
123.2	256.9	1798.5	2648.8	3382.3
123.9	252.8	1673.1	2542.4	3468.6
117.4	300.3	1492.0	2404.8	3443.4
247.8	434.1	1582.5	2507.6	3083.3
121.8	459.9	1402.8	2231.3	2960.7
122.4	467.2	1378.9	2142.0	2935.1
121.9	308.0	1415.9	2167.8	3002.6
116.5	297.8	1472.4	2234.9	3136.2
113.3	287.6	1399.0	2305.1	3132.5
111.4	284.2	1571.6	2592.0	3303.9
110.7	295.5	1544.4	2574.2	3472.2
109.3	321.1	1557.9	2673.3	3508.5
107.8	308.3	1608.1	2569.1	3439.1
106.3	314.1	1663.2	2704.3	3511.8
102.6	301.8	1651.3	2704.8	3461.9
0.0	739.2	1763.6	2595.2	3447.1
0.0	747.9	1749.0	2589.9	3466.3
0.0	755.6	1761.4	2528.3	3383.8
0.0	794.3	1824.1	2576.0	3421.9
0.0	807.8	1978.5	2768.1	3725.9
0.0	491.0	2001.5	2758.2	3813.2
111.1	427.4	2030.5	2682.0	3261.9
0.0	523.4	1924.4	2411.8	2832.3
0.0	381.5	2205.3	2628.3	3339.9
0.0	363.4	2274.7	2689.0	3254.5
150.5	351.8	2310.3	2570.8	2892.5
143.7	341.8	2328.7	2551.7	2838.3
143.7	335.0	2340.9	2532.9	2855.5
142.2	317.2	2346.7	2574.7	3004.4
142.1	328.1	2336.6	2587.3	3156.5
140.8	376.7	2296.6	2565.2	2981.7
140.8	358.7	2279.1	2587.5	3013.3
140.7	343.2	2212.8	2573.0	3162.2
139.8	343.6	2109.7	2557.1	3060.2
138.9	475.9	2050.0	2557.0	2972.7
138.2	416.5	1986.7	2561.5	3337.8
135.3	457.5	1895.2	2547.9	3617.0
132.8	405.9	1857.3	2559.0	3670.5
129.4	371.0	1770.1	2601.1	3615.3
124.7	364.9	1816.4	2848.0	3723.8
120.0	707.4	1847.2	3252.9	3790.0
113.2	750.6	1887.5	3071.0	3665.1
110.1	1098.8	2330.8	3116.3	3475.4
115.4	898.9	2293.6	2995.1	3330.6
63.8	1087.3	2367.7	2843.5	3322.0
0.0	1032.2	2361.4	2764.0	3247.3
0.0	1100.3	1978.2	2612.1	3656.8
0.0	517.5	1539.9	2174.8	3625.7
250.0	308.3	1484.7	2230.5	3364.1
0.0	330.6	1441.9	2292.8	3223.6
123.9	365.5	1385.9	2343.3	3298.1
121.7	440.8	1378.5	2342.9	3259.2
117.7	377.5	1550.5	2353.9	3317.5
117.4	377.9	1864.7	2450.8	3396.7
115.3	361.4	2087.8	2535.5	3421.8
113.2	346.1	2182.4	2587.5	3507.7
111.7	338.0	2247.3	2635.3	3544.0
110.2	333.1	2223.2	2658.4	3573.2
107.7	343.8	2184.0	2670.5	3623.4
107.2	360.6	2112.6	2688.4	3572.4
106.0	397.9	2031.4	2656.1	3592.6
105.7	479.9	1969.7	2607.6	3558.5
106.1	448.0	1907.9	2581.2	3551.8
105.6	466.9	1831.2	2506.4	3481.2
105.3	417.1	1702.6	2385.5	3486.9
104.6	387.6	1514.1	2434.7	3423.2
103.6	313.4	1558.3	2704.3	3457.8
96.5	297.1	1647.5	2619.5	3355.6
97.6	282.7	1631.7	2476.5	3338.4
104.3	262.2	1610.5	2386.6	3325.7
107.1	840.2	1604.9	2498.7	3401.1
0.0	725.9	1711.4	2563.2	3504.6
0.0	420.9	1551.6	2486.0	3455.9
0.0	405.2	1630.5	2390.6	3361.9
0.0	412.0	1698.9	2394.0	3391.6
0.0	431.2	1716.6	2456.5	3449.5
130.8	462.1	1730.9	2495.2	3493.2
122.5	475.8	1743.8	2537.1	3534.9
117.8	478.5	1728.4	2558.4	3570.3
118.2	482.0	1705.8	2541.4	3618.0
118.1	489.7	1678.7	2549.2	3634.4
119.0	474.8	1659.1	2570.2	3612.9
134.0	484.0	1625.7	2601.7	3494.7
69.1	450.5	1590.4	2624.6	3439.6
68.9	362.8	1597.7	2617.4	3426.4
101.6	295.0	1575.0	2651.4	3514.0
244.9	303.8	1507.7	2710.0	3482.5
244.9	340.0	1605.7	2626.6	3377.0
0.0	1012.1	1832.0	2747.6	3430.3
0.0	731.8	1672.4	2662.4	3397.5
0.0	480.8	1537.9	2586.5	3255.3
0.0	580.7	1458.7	2656.0	3194.4
0.0	698.8	1503.7	2732.2	3344.5
155.1	680.2	1544.5	2737.0	3471.6
143.8	673.1	1531.3	2711.6	3526.9
65.0	684.9	1473.8	2639.8	3442.8
121.9	657.6	1414.5	2547.0	3370.4
120.5	614.1	1406.3	2509.2	3329.8
116.3	580.2	1328.2	2451.0	3275.8
122.5	371.6	1203.0	2266.5	3238.2
120.0	308.8	1297.4	2327.9	3250.0
63.5	316.2	1355.4	2259.2	3239.6
111.1	571.2	1224.3	2277.0	3218.7
126.3	1143.8	1480.5	2585.0	3325.4
110.1	436.5	1244.7	2483.9	3220.7
0.0	571.1	1282.1	2461.9	3441.8
0.0	613.5	1292.1	2462.7	3614.9
120.0	647.6	1315.2	2381.9	3645.8
115.6	663.4	1340.6	2374.9	3653.3
115.7	685.4	1334.8	2425.2	3615.5
115.6	699.0	1324.5	2467.3	3588.3
115.4	693.1	1331.1	2474.2	3518.2
115.1	686.9	1326.8	2424.9	3469.7
114.3	690.7	1334.3	2386.2	3427.1
114.8	715.8	1338.3	2376.9	3499.7
112.9	685.8	1334.6	2370.5	3528.3
113.3	680.1	1344.1	2332.1	3499.5
113.0	689.4	1356.5	2321.2	3424.7
112.6	672.0	1358.8	2400.4	3403.7
110.7	639.5	1369.6	2583.3	3484.6
111.3	607.9	1382.9	2602.7	3378.9
109.3	575.1	1397.6	2577.2	3346.8
103.9	508.9	1389.3	2533.8	3335.5
101.3	532.5	1397.8	2530.9	3359.2
112.6	535.2	1442.4	2546.0	3517.4
107.2	538.1	1479.9	2566.6	3586.7
103.9	536.6	1486.0	2589.3	3546.2
107.8	516.8	1466.8	2604.6	3577.5
104.2	451.6	1499.4	2603.0	3633.7
116.5	416.5	1562.3	2569.6	3449.3
132.5	445.2	1553.6	2298.6	3295.5
0.0	700.0	1747.8	2546.6	3435.1
98.4	1012.4	1640.0	2621.4	3506.7
0.0	973.2	1585.0	2627.9	3482.0
0.0	714.4	1695.0	2623.2	3491.3
0.0	746.9	1795.0	2637.6	3401.5
0.0	707.7	1654.6	2616.1	3314.9
0.0	710.2	1641.2	2693.3	3434.1
0.0	1110.0	1957.9	2765.0	3557.2
0.0	1034.7	1829.0	2635.8	3516.1
0.0	806.1	1829.8	2526.0	3418.1
63.5	713.7	1863.0	2474.4	3407.7
0.0	671.2	1848.7	2581.2	3485.9
0.0	378.0	1419.7	2449.3	3354.1
0.0	395.2	1563.8	2294.7	3217.4
285.7	536.3	1546.9	2130.5	2969.5
279.1	571.5	1523.9	2104.0	2859.0
292.7	630.8	1530.8	2157.6	2899.5
272.7	707.1	1526.9	2151.9	2894.8
292.7	757.1	1520.2	2220.6	2937.1
72.3	714.1	1506.9	2160.5	2959.1
64.5	705.5	1537.0	2166.9	3018.7
315.8	704.8	1562.3	2180.6	2999.0
314.3	772.2	1538.6	2151.0	2954.0
292.7	850.9	1596.6	2252.8	3073.9
292.7	776.9	1528.0	2183.1	3052.5
313.3	853.4	1528.8	2234.8	3058.4
294.5	792.9	1545.8	2333.0	3221.4
80.0	741.1	1567.2	2248.2	3111.8
0.0	740.5	1622.9	2292.2	3130.2
137.9	606.1	1579.0	2255.9	3182.7
