0.0	0.0	0.0	0.0	0.0
0.0	0.0	0.0	0.0	0.0
0.0	0.0	0.0	0.0	0.0
0.0	858.7	1843.5	2763.9	3490.6
0.0	660.6	1723.8	2637.3	3414.5
0.0	655.9	1703.3	2551.8	3399.2
0.0	922.4	1835.1	2668.8	3440.2
0.0	864.9	1758.6	2555.3	3386.3
0.0	672.1	1597.5	2485.7	3312.6
0.0	954.4	1897.4	2734.7	3487.5
0.0	879.2	1932.5	2615.1	3363.5
0.0	959.1	2027.0	2731.5	3447.2
0.0	590.6	1770.4	2647.3	3443.3
0.0	572.3	1767.1	2624.6	3425.6
0.0	753.1	1774.5	2590.3	3493.6
0.0	636.3	1770.2	2623.6	3523.7
0.0	568.6	1771.1	2632.3	3596.9
0.0	522.9	1733.1	2593.1	3591.0
0.0	442.5	1657.5	2586.8	3563.7
0.0	400.9	1665.7	2565.9	3661.8
96.0	424.3	1636.9	2573.8	3636.0
91.4	607.7	1668.8	2637.5	3643.0
86.3	702.8	1695.8	2788.4	3680.5
0.0	742.4	1752.8	2756.8	3621.8
0.0	762.7	1815.1	2710.9	3652.2
0.0	922.5	1677.3	2669.5	3571.5
0.0	902.5	1712.6	2632.9	3465.5
71.4	737.6	1778.4	2684.6	3518.3
0.0	745.8	1782.2	2630.8	3528.6
166.7	808.5	1793.6	2606.2	3412.7
218.2	819.6	1769.1	2611.4	3385.6
0.0	689.2	1710.9	2484.0	3369.6
93.8	532.0	1676.1	2361.4	3224.0
0.0	451.4	1654.4	2208.3	3140.6
0.0	451.0	1718.5	2197.0	3134.6
111.2	484.6	1806.7	2216.5	3169.8
111.1	529.4	1840.1	2207.9	3344.9
112.6	522.2	1804.1	2228.7	3534.8
113.9	498.9	1724.8	2246.1	3504.0
113.5	435.2	1649.9	2237.3	3583.1
113.7	431.1	1626.7	2237.9	3611.6
113.9	424.1	1644.8	2226.6	3528.9
114.3	415.8	1644.8	2184.6	3367.8
112.0	393.9	1604.7	2098.5	3337.6
109.2	440.3	1605.2	2034.1	3298.2
107.4	415.7	1600.0	2040.0	3195.1
108.4	429.9	1593.0	2098.8	3112.5
107.5	420.0	1584.0	2205.9	3132.4
105.0	394.3	1553.7	2326.1	3167.7
102.2	387.2	1543.8	2439.3	3306.0
99.6	391.8	1546.9	2511.5	3515.0
97.9	420.8	1551.4	2564.3	3592.5
96.8	501.4	1615.5	2664.0	3593.1
93.8	912.8	1684.8	2747.7	3667.6
93.8	943.5	1740.2	2751.0	3702.8
0.0	705.9	1812.9	2880.2	3756.8
173.9	747.2	1769.2	2741.0	3776.2
352.9	884.0	1683.5	2629.3	3727.2
266.7	913.7	1739.6	2674.5	3668.6
222.2	935.8	1776.8	2691.3	3613.6
200.0	789.3	1668.6	2644.4	3464.5
0.0	900.8	1702.2	2634.4	3440.9
0.0	875.3	1725.0	2703.8	3469.3
0.0	810.9	1728.0	2666.4	3473.8
428.6	754.9	1731.9	2604.5	3410.3
0.0	854.3	1788.7	2640.5	3438.8
0.0	814.3	1778.9	2628.1	3515.4
0.0	632.6	1586.6	2455.3	3360.8
0.0	509.7	1405.8	2373.0	3230.5
352.9	547.0	1300.9	2333.2	3288.7
0.0	542.9	1304.1	2358.5	3270.8
101.5	544.9	1275.1	2373.3	3241.9
100.8	551.3	1227.1	2391.2	3245.9
100.0	565.9	1182.3	2418.9	3431.6
100.0	568.3	1128.1	2458.0	3632.2
100.8	581.3	1067.4	2495.3	3672.9
100.8	599.8	1043.2	2538.9	3687.6
100.0	588.8	1011.1	2577.8	3694.6
100.1	561.6	952.9	2633.6	3716.4
99.9	572.3	936.5	2664.6	3718.8
100.0	519.6	977.0	2689.9	3711.9
100.5	517.7	982.9	2757.8	3726.5
97.6	506.9	986.9	2741.7	3665.8
97.6	395.8	1306.2	2637.0	3471.7
279.1	340.0	1540.9	2606.7	3456.7
63.5	693.0	1688.5	2626.7	3440.5
72.7	574.7	1770.3	2509.8	3370.0
0.0	763.7	1758.3	2549.7	3432.1
0.0	701.3	1639.3	2502.9	3385.6
0.0	713.6	1686.1	2604.3	3452.0
0.0	733.2	1640.0	2675.6	3455.1
428.6	745.3	1661.6	2669.1	3454.5
122.4	439.9	1567.3	2606.0	3370.5
0.0	469.2	1317.9	2566.3	3266.3
104.3	463.1	1352.0	2561.5	3313.8
96.0	463.5	1335.9	2525.5	3333.8
95.6	455.3	1326.7	2495.1	3306.0
93.8	449.4	1307.8	2458.7	3273.8
91.7	385.8	1286.4	2391.2	3240.1
90.0	377.5	1247.0	2358.7	3232.3
85.1	289.3	1244.7	2361.4	3263.1
81.8	272.2	1309.8	2394.7	3289.0
78.4	265.5	1502.2	2462.6	3269.3
80.5	536.0	1688.2	2619.1	3423.9
79.5	795.8	1715.7	2609.5	3463.5
92.3	729.0	1625.9	2721.7	3529.5
0.0	744.4	1860.6	2994.0	3684.6
0.0	778.3	1818.1	2815.6	3719.4
0.0	849.8	1713.6	2818.4	3775.2
187.5	803.4	1798.1	2870.8	3806.8
0.0	777.4	1646.9	2771.3	4022.9
255.3	759.8	1653.9	2732.9	3970.0
375.0	799.3	1707.5	2670.7	3664.7
134.8	788.9	1705.4	2582.3	3499.3
0.0	736.2	1624.6	2594.0	3559.2
500.0	452.5	1412.5	2557.5	3454.3
0.0	435.8	1383.9	2443.1	3267.7
0.0	428.8	1366.9	2353.7	3106.4
107.1	412.7	1363.8	2277.5	3063.7
102.9	410.9	1380.8	2209.2	3070.7
100.7	414.1	1392.2	2173.2	3108.1
100.2	417.8	1381.2	2158.9	3074.1
100.8	418.4	1389.6	2216.8	3048.5
101.8	418.2	1391.4	2291.3	3006.3
102.5	408.6	1375.8	2331.9	3026.5
102.8	401.4	1342.7	2350.9	3007.2
102.6	388.9	1287.2	2316.2	2810.2
101.1	299.3	1244.9	2374.7	3059.9
98.5	312.9	1253.6	2384.7	3260.4
96.8	491.2	1666.8	2573.3	3334.3
0.0	325.1	1468.7	2561.6	3150.7
0.0	314.2	1092.1	2507.7	3082.2
0.0	311.1	1080.3	2479.6	3143.1
102.6	312.9	1074.7	2461.9	3263.4
102.6	306.5	1116.5	2429.0	3300.9
100.8	416.7	1275.1	2424.3	3316.2
0.0	428.5	1402.1	2410.2	3334.8
100.8	412.4	1518.8	2395.5	3356.1
97.7	392.5	1618.3	2380.8	3391.3
96.1	377.4	1656.9	2375.5	3415.8
94.5	379.8	1683.1	2372.0	3428.7
93.0	387.2	1684.5	2354.8	3472.6
93.0	390.5	1663.6	2385.9	3494.3
93.0	438.5	1624.9	2542.4	3451.2
91.4	418.5	1693.0	2658.2	3473.2
92.3	776.0	1773.6	2768.2	3568.5
93.8	938.3	1865.4	2890.5	3638.4
0.0	733.1	1765.8	2710.9	3368.9
137.9	734.1	1706.3	2817.2	3453.1
400.0	765.1	1723.6	2720.5	3510.9
428.6	809.3	1745.0	2592.8	3439.5
226.4	955.1	1773.3	2633.0	3449.0
521.7	960.7	1729.3	2599.1	3422.6
0.0	946.9	1844.2	2614.3	3400.9
0.0	560.2	1752.6	2575.9	3411.4
0.0	436.2	1559.6	2612.2	3412.1
0.0	479.9	1479.6	2546.8	3321.1
0.0	483.0	1421.1	2472.8	3258.4
120.0	464.0	1488.8	2421.8	3249.1
0.0	472.4	1535.6	2378.1	3257.9
99.1	500.7	1584.2	2317.7	3261.8
98.7	433.8	1631.7	2237.6	3269.4
99.2	413.5	1689.8	2142.1	3318.6
99.2	434.5	1701.6	2107.2	3346.5
97.3	349.5	1678.3	2164.2	3413.9
93.4	386.3	1757.1	2384.1	3340.8
133.3	771.9	1851.0	2768.0	3388.8
0.0	1057.7	1920.9	2660.2	3357.2
0.0	845.4	1838.0	2715.8	3433.3
0.0	737.4	1755.6	2648.5	3458.7
0.0	750.2	1685.3	2406.2	3334.8
0.0	1018.7	1722.8	2366.8	3409.2
0.0	906.4	1741.3	2413.7	3434.9
461.5	583.6	1782.1	2417.6	3485.4
0.0	700.0	1776.3	2402.4	3458.8
214.3	712.7	1719.5	2369.8	3449.8
0.0	674.0	1717.9	2280.3	3411.6
0.0	580.9	1656.2	2265.3	3395.6
0.0	581.7	1584.1	2229.4	3435.0
97.8	572.3	1526.3	2228.5	3454.3
85.5	389.1	1463.4	2246.2	3383.5
86.0	498.7	1385.6	2195.3	3387.4
86.1	674.1	1381.4	2186.1	3433.8
85.2	560.5	1474.3	2223.2	3581.8
83.4	1165.1	1470.1	2483.4	3638.2
81.4	1210.3	1554.9	2807.2	3529.2
245.3	1244.5	1582.4	2722.5	3465.0
0.0	983.1	1696.4	2591.6	3374.2
0.0	860.5	1876.0	2589.9	3369.2
226.4	936.5	1371.0	2429.9	3320.0
285.7	999.2	1423.7	2549.1	3548.1
235.3	971.9	1622.8	2535.6	3798.2
0.0	929.0	2008.4	2489.6	3725.6
0.0	575.9	1020.4	2398.8	3295.2
0.0	505.3	961.3	2399.1	3236.2
0.0	508.0	960.7	2462.8	3237.4
91.6	533.4	1012.0	2453.4	3236.4
91.6	534.1	1014.8	2420.0	3245.6
91.6	555.1	1018.1	2388.6	3255.3
91.0	555.1	1021.9	2374.2	3262.3
91.7	644.8	1025.2	2449.6	3435.3
92.6	831.6	1818.3	2679.3	3494.9
91.8	484.0	1093.6	2448.4	3389.2
92.5	298.9	1139.6	2410.1	3432.2
93.5	273.2	1110.9	2369.7	3421.5
91.2	241.4	1160.4	2408.2	3393.3
88.7	341.9	1223.9	2485.0	3439.0
88.2	533.3	1320.7	2549.1	3556.5
0.0	588.8	1802.3	2705.7	3663.4
0.0	744.7	1852.7	2801.5	3848.6
85.1	798.3	1797.6	2722.2	3730.5
0.0	505.1	1519.6	2564.3	3508.0
0.0	487.6	1466.9	2468.2	3374.3
0.0	416.9	1469.8	2450.7	3339.7
0.0	480.4	1530.3	2459.7	3291.7
0.0	419.2	1577.8	2434.3	3298.2
78.9	423.1	1618.0	2402.6	3315.4
84.6	410.2	1651.5	2387.9	3290.7
78.4	394.2	1685.1	2403.9	3299.5
78.4	423.8	1737.1	2396.6	3324.6
80.3	427.9	1806.2	2383.0	3348.9
78.9	458.0	1817.7	2375.4	3405.4
78.4	430.6	1815.5	2330.4	3437.3
76.4	806.4	1820.5	2379.6	3455.8
73.7	790.2	1818.8	2375.6	3580.8
82.1	713.8	1814.7	2371.7	3620.4
82.2	640.4	1795.3	2284.3	3579.6
82.2	700.4	1717.7	2365.1	3642.3
78.9	740.2	1628.5	2416.1	3701.2
95.2	651.1	1669.0	2479.4	3725.2
92.3	648.4	1597.6	2528.0	3610.5
0.0	649.3	1567.5	2535.7	3481.7
