0.0	0.0	0.0	0.0	0.0
0.0	0.0	0.0	0.0	0.0
0.0	0.0	0.0	0.0	0.0
0.0	695.1	1698.5	2518.7	3486.8
0.0	744.6	1688.3	2565.7	3411.8
0.0	742.1	1679.2	2654.2	3383.3
0.0	714.6	1649.3	2580.2	3403.7
0.0	746.3	1594.4	2551.1	3334.6
0.0	802.0	1666.0	2527.1	3341.9
0.0	781.4	1781.4	2634.7	3451.8
0.0	665.5	1587.1	2450.5	3506.8
0.0	662.7	1583.6	2508.3	3387.8
0.0	827.7	1794.7	2593.9	3375.2
0.0	855.4	1811.0	2589.6	3453.2
0.0	614.1	1751.3	2650.0	3471.6
0.0	665.0	1631.4	2629.4	3366.0
0.0	570.2	1644.1	2515.8	3359.5
0.0	603.4	1761.6	2557.4	3413.2
545.5	870.7	1830.5	2577.2	3366.4
0.0	686.5	1816.4	2536.9	3320.4
0.0	665.5	1803.1	2490.6	3327.8
0.0	432.7	1762.0	2497.4	3343.2
0.0	430.1	1718.1	2465.8	3350.0
93.8	423.8	1711.8	2487.4	3321.3
106.4	420.7	1678.4	2503.0	3390.0
102.6	397.0	1660.0	2495.0	3463.4
102.4	365.7	1641.6	2486.6	3509.0
104.5	417.3	1617.6	2497.3	3453.5
105.0	392.7	1605.0	2501.1	3401.9
105.4	413.1	1570.0	2514.8	3354.0
105.2	422.1	1550.3	2524.4	3448.7
103.8	455.4	1486.0	2552.0	3525.7
101.8	464.7	1455.3	2552.6	3567.6
99.2	589.5	1471.4	2682.8	3693.1
97.6	781.1	1622.8	2990.2	3699.8
92.3	844.9	1785.7	2893.9	3555.3
90.9	1110.7	2241.0	2817.3	3424.3
93.8	703.8	1487.8	2405.1	3184.4
90.2	754.0	1628.5	2417.9	3168.3
90.2	706.2	1575.1	2307.7	3208.7
87.6	749.3	1531.6	2301.5	3203.4
0.0	661.8	1269.1	2297.9	3260.3
0.0	508.7	933.1	2218.2	3150.5
0.0	472.8	957.0	2263.1	3105.4
111.4	470.3	991.6	2242.6	3101.4
112.2	507.7	1025.7	2266.2	3121.6
112.2	532.8	1043.0	2273.7	3124.8
114.0	551.6	1057.4	2290.6	3171.1
114.9	551.6	1078.4	2298.6	3174.1
116.4	562.5	1085.6	2349.3	3162.5
116.3	576.3	1071.5	2376.1	3167.2
118.5	553.9	1058.6	2449.5	3268.4
118.9	619.2	1041.9	2550.2	3577.1
117.8	583.0	1003.6	2649.1	3734.0
116.6	506.2	940.4	2719.3	3754.8
116.5	457.8	841.0	2745.8	3780.3
114.3	437.6	814.3	2758.3	3754.9
109.1	439.3	785.6	2767.1	3739.4
105.3	432.1	769.7	2774.9	3723.1
102.6	397.5	774.2	2796.4	3713.3
100.8	424.2	852.3	2783.5	3734.5
98.4	419.2	905.6	2761.1	3703.4
100.0	503.7	936.5	2759.7	3717.8
101.7	562.7	976.9	2757.0	3784.7
103.4	570.7	1037.7	2727.2	3768.8
104.0	600.0	1116.9	2656.1	3767.3
102.6	591.1	1156.4	2580.4	3737.0
103.4	608.8	1182.1	2488.3	3682.8
105.3	591.9	1266.1	2432.2	3621.3
107.2	555.2	1333.8	2332.8	3404.2
109.1	500.0	1386.7	2198.8	3281.9
111.4	471.2	1456.5	2184.4	3335.8
112.2	446.3	1556.4	2212.5	3330.6
112.3	468.0	1566.4	2171.3	3207.4
112.2	383.8	1509.4	2383.8	3204.5
110.2	604.1	1607.6	2561.2	3379.6
100.5	720.4	1672.5	2644.9	3481.5
83.9	739.3	1764.4	2640.1	3421.1
0.0	1041.9	1793.9	2640.1	3389.1
0.0	1081.3	1848.1	2720.8	3568.1
0.0	1058.3	1925.5	2640.3	3455.5
0.0	1040.3	1909.0	2607.9	3397.0
74.1	922.8	1680.3	2463.3	3300.6
0.0	970.2	1816.8	2551.5	3341.4
0.0	531.4	1700.9	2513.2	3328.5
0.0	469.7	1232.0	2290.0	3262.3
0.0	508.5	1212.0	2191.3	3190.0
0.0	519.7	1236.6	2584.1	3196.1
97.5	520.2	1272.8	2720.8	3201.2
94.6	522.8	1313.1	2435.8	3195.9
92.3	518.7	1342.8	2401.2	3262.6
92.2	507.1	1348.7	2458.8	3316.4
91.4	487.4	1358.2	2459.2	3347.3
90.1	436.7	1336.4	2465.2	3346.7
91.0	437.7	1322.6	2427.8	3365.3
89.0	394.6	1329.8	2402.5	3325.8
87.4	391.2	1312.8	2412.2	3318.9
87.2	390.7	1340.1	2405.2	3313.1
87.1	402.3	1450.9	2447.8	3321.5
87.1	398.4	1539.7	2459.6	3329.0
86.8	425.9	1609.7	2451.3	3367.7
86.0	423.5	1634.1	2476.0	3448.9
84.9	384.5	1645.4	2519.8	3494.1
269.0	437.5	1479.9	2546.1	3488.9
78.2	560.1	1657.4	2696.8	3665.7
93.0	792.4	1946.7	2951.9	3754.2
0.0	961.4	2169.6	3150.7	3771.3
0.0	1047.9	2335.2	3143.2	3684.4
0.0	1118.7	2422.0	3120.8	3637.1
0.0	546.9	2062.3	2715.1	3374.2
0.0	911.4	1756.2	2604.5	3268.8
0.0	706.6	1717.6	2400.9	3252.7
545.5	667.4	1655.1	2303.7	3201.5
0.0	589.2	1518.2	2346.4	3142.7
0.0	458.8	1379.3	2345.4	3156.7
0.0	462.4	1294.2	2338.3	3230.0
114.4	463.9	1232.6	2356.4	3243.3
108.5	455.6	1148.6	2422.9	3232.8
105.3	450.9	1111.7	2480.6	3262.5
104.9	449.0	1044.8	2525.2	3271.0
104.3	429.6	1016.1	2540.1	3258.5
104.3	417.2	1049.2	2549.7	3264.6
103.6	416.4	1100.4	2532.7	3276.7
102.4	419.2	1176.5	2497.8	3340.6
100.9	393.1	1237.8	2498.7	3380.3
99.8	405.1	1309.8	2741.4	3313.0
98.1	1105.8	2159.1	2916.5	3325.1
90.4	1108.4	2267.3	2882.5	3434.5
0.0	1204.8	2265.3	2886.7	3448.9
0.0	1201.9	2230.4	2884.6	3389.2
0.0	1035.7	2131.0	2754.1	3288.0
0.0	620.4	1413.1	2244.2	3120.9
0.0	541.6	1357.7	2124.4	3040.9
0.0	431.9	1331.3	2089.6	2982.0
108.7	427.4	1329.2	2110.0	2911.3
98.4	459.2	1341.4	2141.2	2899.5
95.2	512.2	1365.5	2208.5	2954.8
91.8	475.3	1328.9	2258.5	3349.2
89.0	331.5	1310.7	2265.7	3425.5
89.6	547.3	1316.7	2272.2	3351.5
89.5	565.7	1322.3	2375.9	3245.1
89.1	595.7	1368.4	2390.0	3209.2
88.8	564.2	1394.2	2402.3	3138.2
88.6	569.3	1418.5	2436.3	3157.5
88.3	553.5	1376.9	2297.1	3145.5
88.6	503.0	1314.4	2195.7	3164.3
87.8	305.3	1311.7	2239.6	3348.5
86.2	272.7	1320.6	2333.8	3380.0
86.2	266.4	1368.7	2380.3	3336.6
87.1	697.6	1556.2	2473.5	3245.8
83.3	714.7	1752.6	2632.1	3235.0
144.6	898.4	1795.1	2680.3	3396.3
0.0	771.1	1725.0	2486.3	3283.3
0.0	755.5	2028.9	2541.2	3333.9
110.1	859.6	1859.0	2564.3	3464.9
0.0	846.3	1553.0	2611.7	3470.1
0.0	816.0	1632.5	2686.9	3540.8
0.0	557.0	1384.3	2419.0	3448.0
0.0	544.9	1372.8	2385.2	3384.7
98.2	548.0	1394.9	2407.8	3424.0
97.6	556.9	1425.9	2412.0	3465.4
92.4	566.9	1442.7	2411.1	3541.2
92.4	572.0	1456.1	2405.9	3535.0
90.4	565.8	1456.3	2376.8	3456.8
91.8	563.0	1456.3	2345.0	3471.2
92.4	555.3	1466.7	2311.7	3537.9
93.3	526.0	1458.5	2243.1	3533.8
94.1	459.3	1503.2	2176.0	3587.2
91.2	489.6	1522.3	2481.4	3695.0
84.5	1053.4	1359.9	2576.6	3742.9
93.5	995.9	1365.6	2730.8	3631.1
0.0	1067.4	1442.1	2760.6	3493.3
0.0	1110.1	1465.0	2743.8	3664.2
0.0	1036.0	1257.3	2437.8	3688.7
0.0	788.7	1171.6	2259.5	3591.3
0.0	498.2	1144.7	2217.8	3347.9
0.0	478.6	1044.1	2307.2	3233.6
99.5	471.2	1018.4	2423.6	3221.2
99.2	422.1	1000.3	2483.9	3257.0
93.0	371.5	1128.9	2484.0	3304.0
88.9	578.4	1769.8	2673.3	3438.2
195.4	783.8	1843.5	2725.4	3573.5
76.4	1042.8	1913.7	2700.3	3569.4
0.0	697.6	1548.4	2540.1	3334.9
0.0	688.8	1724.7	2562.0	3349.8
0.0	778.9	1769.1	2558.2	3355.7
210.5	952.3	1758.4	2479.4	3272.1
571.4	502.2	1660.9	2410.0	3299.9
0.0	439.5	1679.1	2415.9	3287.2
100.5	415.8	1694.1	2421.5	3325.6
83.1	400.8	1707.8	2418.7	3344.5
81.1	396.1	1724.4	2430.8	3290.6
81.9	389.7	1762.6	2460.2	3332.5
82.8	419.8	1812.9	2486.0	3404.5
82.7	405.2	1846.8	2513.0	3434.3
83.9	425.2	1833.2	2513.4	3450.1
87.0	421.0	1835.3	2439.7	3439.4
91.6	430.8	1865.0	2457.6	3481.3
96.7	736.1	1884.2	2473.3	3492.6
102.0	772.6	1828.5	2461.2	3485.0
101.0	810.2	1801.4	2476.6	3580.9
98.5	737.8	1800.3	2492.4	3623.8
97.5	726.0	1725.4	2403.4	3679.2
94.5	820.4	1727.0	2436.2	3754.4
83.9	749.9	1732.6	2396.2	3783.2
0.0	766.4	1665.7	2282.5	3697.3
260.9	911.0	1714.9	2330.1	3654.6
300.0	773.8	1658.7	2295.9	3646.7
92.2	764.5	1601.4	2248.6	3716.1
0.0	761.5	1595.1	2212.4	3780.4
0.0	770.9	1664.3	2306.6	3697.9
0.0	809.5	1618.3	2332.3	3648.3
