0.0	0.0	0.0	0.0	0.0
0.0	0.0	0.0	0.0	0.0
0.0	0.0	0.0	0.0	0.0
0.0	1070.8	1659.3	2604.4	3360.4
0.0	758.8	1662.0	2533.4	3299.1
0.0	758.2	1628.7	2610.2	3369.0
0.0	751.7	1632.3	2627.5	3433.6
0.0	768.0	1609.1	2511.1	3447.6
0.0	868.9	1707.1	2583.4	3484.8
0.0	906.3	1722.4	2676.8	3434.8
0.0	647.3	1724.4	2698.7	3451.1
0.0	924.7	1707.9	2621.0	3455.1
0.0	883.9	1716.8	2511.1	3416.5
116.5	854.8	1925.9	2586.1	3388.9
0.0	801.1	2037.1	2640.4	3363.7
0.0	767.7	2046.7	2669.2	3356.2
0.0	963.6	2094.1	2843.2	3409.7
0.0	978.4	2258.7	2980.0	3430.6
0.0	883.9	2306.6	3003.6	3418.8
0.0	1199.2	2336.5	2893.3	3428.8
0.0	895.5	1881.2	2571.4	3351.9
210.5	742.6	1705.5	2452.6	3351.3
134.8	461.3	1535.6	2293.8	3289.3
0.0	497.1	1478.6	2229.0	3249.1
125.5	517.4	1333.6	2188.0	3217.5
114.5	514.4	1274.5	2133.1	3242.7
114.2	512.9	1240.4	2181.6	3225.4
116.1	491.8	1190.7	2205.3	3229.0
116.3	455.3	1160.8	2198.8	3303.5
116.3	455.0	1155.6	2219.0	3455.6
115.2	414.0	1196.5	2243.1	3527.4
113.8	434.5	1276.0	2349.9	3548.2
106.2	757.3	1547.5	2505.6	3455.6
96.8	794.5	1706.9	2544.5	3429.4
90.2	1169.4	1870.6	2724.9	3551.3
0.0	1008.6	1855.7	2680.4	3571.8
0.0	792.0	1887.1	2466.4	3455.6
0.0	249.2	1908.0	2467.9	3484.6
0.0	530.8	1952.9	2405.7	3548.8
0.0	503.5	2012.5	2390.9	3588.3
126.1	397.6	2042.6	2444.3	3644.1
123.5	360.7	1987.9	2391.1	3651.6
122.7	441.8	1972.6	2377.5	3622.5
121.5	324.8	1862.2	2324.7	3684.1
119.1	443.5	1039.4	2273.3	3670.1
116.5	303.1	1063.2	2280.5	3703.5
113.9	292.3	1062.1	2256.7	3678.5
109.1	307.4	1870.0	2287.9	3645.7
104.2	314.2	1729.9	2364.5	3441.8
98.9	1146.1	1770.9	2544.0	3404.5
88.9	1494.3	1817.2	2956.4	3617.5
222.2	1588.5	1870.3	3123.3	3775.3
0.0	521.2	1775.6	2896.2	3699.2
0.0	570.6	1757.7	3133.0	3838.3
0.0	477.3	1713.6	3106.9	3829.3
84.5	663.1	1697.9	3036.3	3906.1
0.0	576.8	1696.0	2998.0	3955.3
0.0	300.9	1694.1	3014.8	3885.6
0.0	989.0	1785.5	3077.9	3746.9
103.4	1060.9	2185.5	3110.9	3753.4
64.9	471.3	2305.9	3076.2	3817.4
91.6	1053.1	2068.0	3008.1	3758.4
193.5	901.3	1906.6	2965.6	3601.4
0.0	633.9	1745.6	2867.3	3569.0
0.0	555.2	1547.0	2650.3	3542.7
0.0	541.1	1373.5	2517.6	3451.8
0.0	621.1	1283.2	2479.2	3381.2
106.9	650.1	1253.7	2415.3	3410.1
99.6	679.6	1208.6	2419.5	3217.8
98.5	685.2	1178.3	2494.8	3115.8
99.4	701.4	1178.3	2535.7	3204.4
99.1	713.9	1201.3	2524.0	3290.2
98.6	723.2	1208.8	2560.8	3244.4
98.5	710.8	1230.1	2543.8	3254.7
99.4	690.0	1250.2	2532.7	3347.1
100.1	668.1	1266.5	2406.6	3321.6
100.0	657.2	1250.5	2354.3	3310.7
99.5	679.9	1260.9	2382.8	3288.6
94.1	572.8	1360.9	2444.7	3296.4
0.0	597.3	1570.7	2564.2	3389.5
0.0	501.5	1522.8	2609.7	3501.3
0.0	981.1	1810.2	2552.4	3601.8
0.0	1038.4	2041.1	2588.3	3569.4
0.0	1084.9	1759.9	2598.3	3436.7
130.4	1052.8	1611.5	2517.0	3462.9
0.0	845.2	1675.6	2551.7	3204.5
0.0	729.8	1688.9	2692.0	3251.0
387.1	501.6	1632.2	2609.2	3352.3
0.0	546.5	1624.7	2562.5	3348.5
0.0	561.2	1627.8	2599.6	3349.7
108.1	560.5	1600.0	2582.8	3288.6
94.4	392.7	1530.0	2443.0	3135.3
96.0	408.0	1525.7	2382.3	3195.1
99.1	379.4	1490.7	2397.7	3333.5
98.1	374.0	1497.7	2394.4	3255.7
96.5	360.6	1547.1	2425.6	3076.5
96.3	616.4	1668.6	2566.9	3204.8
98.0	647.3	1713.6	2523.1	3217.0
93.7	656.0	1714.1	2486.6	3199.7
95.2	623.7	1690.9	2440.5	3176.2
94.6	585.1	1648.2	2319.3	3157.6
95.3	555.2	1581.9	2173.5	3090.2
96.1	524.3	1463.6	2046.6	3051.6
95.6	507.8	1340.7	1983.8	3047.1
95.2	554.6	1435.2	2466.4	3233.2
92.7	732.0	1699.9	2640.5	3512.1
89.6	760.0	1635.8	2547.2	3556.8
87.0	641.5	1391.0	2321.6	3271.8
0.0	576.4	1377.8	2017.4	3027.3
0.0	503.9	1435.4	2024.1	3093.7
96.8	473.4	1499.3	1990.5	3137.0
99.4	469.2	1551.3	2013.6	3125.0
99.6	456.7	1562.9	2026.1	3119.0
100.5	439.3	1514.8	2081.5	3150.7
100.4	461.7	1417.0	2111.4	3205.4
99.4	474.3	1288.3	2165.1	3277.2
98.2	508.2	1111.2	2192.4	3298.7
95.0	518.2	1046.3	2230.5	3313.8
98.3	502.9	1038.6	2271.8	3285.4
93.4	511.8	1013.4	2301.3	3217.4
94.3	519.0	1042.4	2291.4	3195.3
98.0	535.6	1107.8	2271.5	3226.8
92.6	587.4	1175.5	2270.1	3156.5
96.6	630.1	1353.5	2215.7	2893.5
94.2	822.0	1682.7	2319.2	3088.1
94.3	354.0	1462.2	2313.2	3348.2
93.7	344.5	1366.3	2315.8	3507.4
91.4	313.7	1190.0	2250.3	3377.8
93.8	262.8	1219.0	2238.7	3290.2
89.3	685.0	1235.4	2380.5	3209.2
269.9	1084.1	1453.9	2540.3	3069.8
257.1	251.7	1443.4	2310.1	3308.9
248.0	252.2	1489.1	2312.3	3264.0
255.3	1276.6	2280.2	2555.6	3520.5
251.0	708.5	2093.2	2513.5	3465.6
111.5	491.1	1975.0	2525.9	3470.3
0.0	508.5	1926.0	2474.2	3362.0
0.0	570.7	1803.5	2382.2	3299.4
87.4	627.2	1662.5	2233.7	3272.3
89.1	671.5	1583.9	2266.3	3226.7
92.3	677.9	1571.6	2264.5	3326.9
93.8	676.3	1544.9	2313.6	3418.5
92.2	693.5	1481.0	2399.1	3409.7
92.5	656.4	1439.2	2401.3	3428.5
92.5	650.7	1418.9	2364.1	3457.9
93.3	598.3	1437.4	2398.8	3482.9
92.7	513.7	1421.6	2420.6	3476.9
92.7	468.9	1316.0	2438.1	3472.7
86.7	436.8	1286.3	2443.3	3532.3
85.5	687.9	1346.2	2453.7	3500.2
80.8	636.4	1389.2	2458.6	3441.6
85.7	594.2	1407.7	2460.9	3407.3
0.0	477.3	1417.6	2448.7	3485.6
94.2	476.2	1427.8	2415.4	3541.6
0.0	474.3	1444.5	2395.3	3386.7
0.0	459.0	1442.7	2306.9	2984.9
91.6	466.0	1496.4	2202.2	2876.5
85.7	718.8	1548.9	2138.9	3004.9
84.5	463.1	1588.2	2142.6	3138.8
81.6	691.1	1509.8	2145.8	3098.0
88.2	695.6	1508.5	2057.3	2888.6
90.9	468.3	1368.4	1833.0	2775.8
91.6	482.4	1339.7	1827.2	2799.4
88.2	470.5	1329.2	1739.3	2861.4
88.2	478.2	1270.6	1705.4	2805.1
88.2	468.4	1255.1	1697.9	2895.9
88.2	479.3	1236.3	1686.5	2963.8
88.8	485.6	1237.7	1694.9	2954.9
89.6	527.8	1246.5	1985.7	3074.9
85.1	523.0	1228.5	1812.2	3109.1
96.9	537.7	1214.1	1710.5	2967.4
82.2	546.8	1203.7	1717.1	2980.8
88.1	562.1	1250.5	1702.3	2986.5
91.5	660.5	1296.8	1711.2	2949.0
88.5	662.0	1373.2	1776.0	2939.2
91.3	668.9	1434.5	1917.8	2953.7
91.1	702.7	1463.2	2035.9	2964.3
90.4	717.0	1450.5	2121.0	3016.8
91.4	746.3	1472.4	2176.6	3146.0
90.1	774.4	1500.8	2279.1	3162.9
90.9	735.0	1465.6	2401.7	3160.4
90.4	701.3	1386.5	2441.4	3213.1
89.9	830.9	1394.2	2505.1	3211.3
90.0	712.3	1318.6	2489.7	3180.8
88.3	680.3	1202.0	2467.7	3111.4
87.8	671.9	1132.8	2443.5	3046.5
87.5	651.7	1064.1	2343.4	3008.9
87.5	789.5	1323.2	2457.4	3085.3
86.2	613.2	1264.8	2649.2	3463.9
86.7	268.6	1239.9	2486.0	3620.2
88.5	277.6	1290.2	2487.5	3499.4
89.2	282.0	1238.5	2553.3	3521.2
87.9	287.9	1254.3	2561.0	3677.5
88.2	286.8	1296.7	2536.9	3445.7
88.9	259.6	1349.5	2472.8	3278.5
86.3	686.4	1483.9	2515.8	3334.1
88.9	736.7	1521.6	2562.6	3400.9
92.3	741.9	1604.6	2569.4	3471.6
