0.0	0.0	0.0	0.0	0.0
0.0	0.0	0.0	0.0	0.0
0.0	0.0	0.0	0.0	0.0
0.0	759.3	1515.7	2545.6	3466.0
0.0	707.4	1674.1	2534.4	3384.4
0.0	650.4	1703.2	2672.5	3333.0
0.0	673.4	1642.4	2603.9	3393.5
0.0	743.3	1630.7	2445.9	3441.8
0.0	732.7	1704.2	2553.7	3434.0
0.0	598.5	1588.0	2532.2	3425.4
0.0	588.3	1471.3	2524.0	3392.0
0.0	477.1	1448.3	2470.1	3315.7
0.0	452.0	1409.1	2425.2	3344.6
0.0	571.0	1466.7	2424.4	3436.1
0.0	571.7	1505.8	2477.4	3409.4
0.0	504.9	1530.0	2525.9	3335.6
0.0	491.5	1448.4	2481.1	3333.7
136.4	531.1	1383.3	2471.7	3304.3
0.0	547.0	1114.7	2558.7	3254.3
0.0	597.6	844.9	2646.9	3256.8
115.2	608.4	903.3	2775.0	3285.2
113.2	638.6	968.2	2726.7	3314.6
114.0	682.2	1070.1	2705.6	3364.6
115.3	693.6	1153.0	2686.4	3415.3
116.4	722.6	1259.8	2659.2	3481.5
117.5	718.0	1372.1	2666.8	3513.3
118.2	710.7	1470.3	2656.6	3394.7
119.1	663.1	1475.8	2673.8	3217.2
120.5	650.3	1440.6	2682.6	3177.1
121.9	662.6	1420.1	2682.6	2767.4
116.3	495.7	1434.3	2306.5	2684.6
126.3	510.3	1441.7	2602.6	2993.8
129.0	653.5	1452.8	2660.0	3346.6
133.7	660.2	1510.6	2706.4	3365.0
131.6	668.5	1522.5	2701.4	3369.6
131.5	687.2	1506.3	2675.1	3449.9
131.5	668.4	1507.6	2653.8	3420.3
133.1	656.0	1521.7	2638.4	3409.8
132.2	648.5	1524.9	2646.9	3415.0
129.4	634.8	1550.5	2622.4	3078.3
123.0	617.8	1580.8	2581.0	3102.6
110.7	572.7	1594.4	2620.7	3234.6
98.4	538.9	1645.9	2722.4	3255.4
108.9	592.6	1742.1	2762.1	3378.2
121.4	650.2	1784.5	2820.7	3548.5
121.6	985.9	1951.3	3012.9	3506.1
111.1	858.1	2144.3	2947.1	3470.9
0.0	779.4	2176.4	2877.2	3439.6
0.0	911.8	2335.8	2822.8	3495.2
0.0	682.4	2198.1	2662.3	3514.5
0.0	1036.2	2059.4	2637.2	3416.6
428.6	750.0	1710.0	2332.6	3196.7
480.0	806.7	1619.7	2259.2	3283.3
150.0	814.5	1562.4	2144.4	3300.8
121.2	586.5	1563.1	1963.5	3400.2
0.0	581.6	1456.6	1868.9	3370.4
139.9	614.0	1392.7	1880.9	3385.4
130.9	647.3	1370.7	1947.4	3372.5
127.8	661.0	1370.2	2093.3	3345.3
126.7	673.3	1328.5	2208.5	3321.9
126.3	684.3	1311.3	2275.0	3322.6
125.9	687.4	1370.5	2427.4	3361.0
124.8	699.9	1414.7	2496.3	3389.6
124.7	699.0	1410.8	2585.6	3376.2
124.1	695.6	1421.4	2572.6	3402.2
123.9	690.4	1457.3	2589.3	3440.7
124.2	670.1	1519.8	2630.6	3422.4
124.5	657.9	1572.1	2653.9	3423.1
124.4	634.0	1594.5	2694.0	3435.9
123.8	614.5	1607.3	2692.9	3359.9
123.2	492.1	1501.4	2656.2	2997.6
118.9	438.9	1377.1	2323.4	2733.5
126.3	417.4	1386.5	2292.5	2727.7
126.3	472.4	1400.1	2314.5	2750.3
125.0	438.2	1430.7	2623.4	2863.6
125.1	591.6	1651.1	2670.9	3326.8
129.4	617.3	1652.7	2702.9	3487.0
126.1	627.5	1627.9	2662.6	3521.7
124.7	635.8	1600.0	2646.9	3541.7
124.3	625.7	1556.8	2631.7	3563.5
124.0	613.8	1497.0	2633.6	3575.1
123.4	590.8	1414.2	2625.8	3543.9
122.2	570.6	1325.7	2602.4	3550.5
119.8	535.2	1350.7	2596.9	3485.0
116.5	460.9	1358.9	2445.2	3385.6
111.1	399.1	1470.4	2293.5	3274.5
104.8	956.4	1568.9	2448.9	3337.1
100.5	608.8	1581.2	2593.9	3515.1
0.0	491.4	1571.6	2587.2	3433.6
0.0	486.8	1507.1	2370.7	3415.8
0.0	467.6	1505.8	2174.7	3426.3
117.0	453.7	1531.2	2030.6	3447.4
112.2	500.1	1535.3	1981.0	3457.6
108.9	557.2	1428.7	2012.4	3344.2
102.2	930.2	1345.4	2125.8	3320.8
103.4	1045.8	1387.1	2402.4	3436.1
99.2	1101.6	1548.3	2703.4	3501.0
79.5	1062.0	1358.7	2696.1	3569.4
0.0	838.4	1335.2	2590.7	3555.2
0.0	809.0	1336.4	2636.7	3561.1
0.0	830.9	1404.1	2648.7	3599.9
0.0	907.0	1215.6	2663.4	3687.3
0.0	931.1	1224.2	2661.1	3737.8
571.4	754.0	1128.9	2661.2	3730.8
83.9	819.5	1217.0	2678.9	3723.6
83.9	811.4	1199.9	2736.4	3710.9
0.0	791.3	1275.0	2775.9	3769.3
0.0	517.6	931.9	2797.9	3729.5
0.0	581.2	981.6	2816.5	3780.5
132.7	594.7	1047.2	2826.6	3792.4
129.5	572.5	1055.7	2844.6	3749.3
130.8	591.2	1036.8	2878.5	3750.2
131.3	631.7	1060.2	2901.9	3760.5
131.7	610.3	1056.3	2903.1	3686.3
132.2	617.4	1097.4	2908.2	3692.6
131.5	620.3	1138.7	2912.5	3719.5
129.8	631.5	1161.5	2888.4	3539.5
128.0	640.6	1157.2	2843.7	3608.0
125.8	641.8	1185.1	2843.7	3737.2
122.9	644.8	1210.4	2828.8	3605.0
118.6	646.7	1241.6	2795.2	3584.2
113.9	647.4	1244.6	2770.2	3642.3
108.7	648.0	1259.4	2733.7	3656.4
102.1	654.3	1269.5	2699.1	3696.6
96.8	660.1	1282.2	2669.6	3717.3
93.7	650.8	1289.0	2611.9	3674.1
89.8	635.0	1250.8	2589.3	3642.0
88.1	598.7	1256.5	2571.1	3662.4
87.7	551.5	1235.4	2540.9	3663.3
93.5	503.8	1181.7	2458.4	3574.7
84.0	395.0	1154.4	2435.5	3456.0
83.0	235.6	1329.5	2384.8	3401.4
87.4	257.2	1791.3	2476.0	3394.0
78.9	842.4	1992.7	2476.0	3419.3
103.6	709.1	1729.2	2403.2	3304.3
96.8	628.6	1706.3	2400.1	3253.0
93.0	599.1	1665.6	2451.4	3236.8
102.6	703.9	1854.4	2375.3	3346.2
102.6	777.1	1861.9	2429.7	3379.3
101.7	646.2	1732.6	2587.5	3373.8
100.8	830.8	1877.9	2634.5	3347.8
0.0	796.0	2041.9	2542.6	3352.9
0.0	642.4	1900.8	2532.1	3504.8
