0.0	0.0	0.0	0.0	0.0
0.0	0.0	0.0	0.0	0.0
0.0	0.0	0.0	0.0	0.0
0.0	563.7	1686.4	2570.3	3479.7
0.0	769.8	1718.1	2710.0	3422.1
0.0	842.6	1713.8	2711.6	3417.2
0.0	753.0	1716.6	2611.1	3365.3
0.0	781.9	1681.9	2690.0	3445.1
0.0	852.5	1823.2	2627.5	3450.7
0.0	1062.9	1917.0	2693.8	3439.1
0.0	1117.0	1903.9	2570.2	3428.0
0.0	826.1	1756.8	2540.1	3292.8
0.0	859.4	1851.5	2665.7	3419.7
0.0	982.5	1894.0	2661.8	3524.6
0.0	1075.8	1764.4	2672.4	3484.3
0.0	914.1	1487.1	2659.7	3457.2
0.0	707.9	1643.3	2682.7	3405.6
0.0	843.2	1641.9	2514.9	3516.8
0.0	859.8	1605.8	2515.4	3556.4
0.0	764.8	1677.8	2711.5	3655.9
462.1	914.2	1688.5	2805.0	3743.6
521.7	854.9	1788.4	2891.3	3676.3
0.0	805.6	1800.0	2824.4	3464.6
0.0	778.4	1783.8	2678.8	3357.3
521.7	774.1	1804.8	2673.7	3239.0
0.0	724.6	1783.2	2491.1	3111.9
0.0	829.9	1804.9	2640.9	3316.5
0.0	877.8	1737.6	2653.7	3252.2
0.0	783.3	1678.2	2451.3	3083.1
0.0	764.0	1603.6	2498.0	3237.1
0.0	729.9	1519.4	2517.2	3346.5
127.3	710.5	1441.4	2515.8	3352.7
121.4	723.0	1387.6	2553.4	3335.9
121.3	706.3	1308.9	2572.4	3361.1
121.9	683.4	1252.5	2601.5	3380.0
122.1	643.8	1210.6	2672.9	3367.9
122.8	626.5	1201.5	2689.5	3356.0
122.5	598.8	1211.9	2681.1	3337.0
122.4	563.0	1234.4	2675.6	3305.7
122.0	521.3	1296.3	2676.4	3307.7
122.8	455.9	1432.7	2671.3	3221.6
120.2	417.5	1524.2	2642.5	3256.1
115.4	442.9	1578.9	2588.2	3413.1
110.1	483.5	1661.8	2651.4	3368.7
107.1	453.1	1722.6	2654.0	3317.9
107.1	456.3	1815.8	2588.7	3348.7
113.2	427.1	1768.6	2511.6	3350.6
0.0	460.8	1704.0	2310.2	3302.4
114.3	426.9	1698.6	2331.4	3331.6
115.4	417.4	1694.1	2304.9	3341.8
117.6	423.0	1619.6	2034.3	3315.6
117.5	414.3	1573.7	1968.2	3299.0
117.8	433.9	1465.5	1811.8	3251.8
116.6	450.7	1417.1	1779.8	3222.1
116.7	457.1	1396.4	1775.8	3227.5
116.1	462.8	1367.8	1809.0	3216.2
116.4	458.4	1328.4	1798.9	3140.0
116.6	456.7	1380.3	2183.4	3061.3
115.2	450.1	1264.3	2482.8	3177.3
112.5	418.1	1136.7	2484.5	3255.7
107.6	440.4	1078.9	2576.1	3335.2
114.0	436.4	1053.6	2707.4	3446.3
115.5	446.4	1034.8	2793.3	3529.6
118.0	432.6	1029.8	2862.6	3576.0
119.6	487.5	1012.7	2869.0	3517.7
121.7	556.8	1102.9	2888.7	3543.5
127.1	616.0	1157.8	2894.7	3581.8
126.3	623.6	1186.7	2869.6	3593.2
126.9	652.4	1214.8	2850.1	3560.8
127.8	653.0	1234.6	2818.3	3585.3
129.9	661.6	1246.3	2788.3	3616.3
130.6	656.6	1258.5	2718.8	3595.0
130.4	654.2	1304.0	2686.4	3593.5
128.2	669.5	1347.0	2624.2	3609.2
127.6	678.3	1383.9	2629.1	3605.8
125.6	672.5	1422.6	2581.0	3590.3
122.1	644.8	1471.8	2452.3	3554.9
116.1	609.5	1501.8	2308.2	3447.3
111.2	615.0	1590.4	2265.9	3261.4
107.5	692.9	1660.1	2222.0	3224.5
96.2	839.0	1762.9	2306.6	3279.7
99.9	842.7	1754.8	2421.6	3420.5
77.9	681.1	1753.4	2532.6	3447.8
88.9	984.9	1887.0	2555.8	3519.2
0.0	929.2	1964.5	2554.9	3661.8
0.0	779.8	1926.6	2568.8	3586.0
200.0	714.7	1873.8	2551.2	3464.7
200.0	768.6	1956.7	2671.8	3591.7
0.0	747.0	1903.5	2720.8	3522.3
0.0	767.7	1829.8	2732.7	3445.6
0.0	812.3	1768.7	2699.8	3402.8
98.4	814.1	1745.1	2626.8	3382.4
0.0	758.3	1695.4	2647.6	3339.3
0.0	719.8	1641.6	2645.6	3336.4
0.0	678.3	1640.7	2656.2	3428.8
105.0	679.6	1617.3	2678.8	3453.4
102.0	684.2	1620.4	2681.4	3454.1
99.7	672.3	1614.7	2674.8	3504.0
98.4	673.2	1612.2	2664.5	3508.7
97.7	665.6	1629.5	2661.3	3504.6
97.8	656.7	1637.2	2649.1	3509.7
97.8	649.3	1602.1	2635.4	3412.8
97.5	624.0	1540.3	2571.1	3450.0
97.1	470.7	1515.7	2538.2	3678.4
96.0	453.0	1534.6	2523.8	3741.2
99.6	422.6	1592.8	2450.2	3740.7
100.4	607.9	1775.7	2533.2	3701.9
102.2	616.7	1960.9	2722.7	3637.3
104.6	626.3	2106.7	2816.7	3609.7
104.1	606.7	2189.8	2882.5	3643.6
104.2	573.4	2264.2	2864.4	3578.3
105.7	659.8	2350.4	2836.0	3566.8
107.2	656.1	2371.4	2677.4	3622.3
109.2	541.3	2399.2	2758.9	3700.7
109.5	650.4	2359.4	2660.3	3515.5
110.0	590.6	2202.6	2602.6	3353.4
110.8	549.1	2259.9	2594.7	3177.2
109.4	514.4	1430.2	2592.0	3269.2
111.8	647.4	2091.3	2598.1	3461.4
111.8	627.1	1986.7	2716.6	3445.4
110.5	595.7	1588.7	2701.1	3300.4
0.0	783.1	2198.5	2650.6	3310.7
98.4	845.9	2129.8	2615.4	3343.4
0.0	983.9	2167.3	2625.7	3439.5
0.0	1013.7	2034.2	2529.8	3386.9
0.0	753.6	1924.4	2466.5	3359.2
0.0	875.4	1927.3	2410.5	3455.4
0.0	494.9	1493.1	2346.7	3412.5
