0.0	0.0	0.0	0.0	0.0
0.0	0.0	0.0	0.0	0.0
0.0	0.0	0.0	0.0	0.0
0.0	786.1	1778.3	2766.5	3433.0
0.0	797.3	1681.9	2785.5	3414.9
0.0	756.1	1555.6	2644.9	3271.0
0.0	920.8	1803.4	2822.0	3361.8
127.7	916.8	1729.5	2578.6	3455.2
0.0	978.9	1669.4	2516.0	3446.5
0.0	889.2	1729.3	2512.7	3440.6
120.0	918.1	1785.1	2573.7	3520.2
279.1	971.9	1636.6	2684.1	3477.8
0.0	920.0	1439.3	2577.8	3455.2
0.0	912.0	1542.5	2511.8	3465.4
0.0	916.9	1679.4	2617.5	3503.0
0.0	697.9	1402.4	2469.7	3584.0
0.0	200.0	1297.5	2405.4	3518.0
0.0	686.8	1672.1	2584.9	3474.6
0.0	708.2	1818.6	2625.9	3535.2
0.0	761.8	1852.1	2596.6	3441.8
0.0	574.1	1995.1	2590.9	3273.5
0.0	682.3	2005.8	2639.1	3278.0
0.0	621.1	1951.7	2604.0	3332.3
83.3	615.6	1937.8	2585.8	3345.5
0.0	610.5	1975.4	2625.4	3423.2
0.0	557.9	1915.3	2638.7	3487.8
144.9	546.6	1891.6	2655.2	3488.6
123.8	593.3	1866.3	2648.1	3431.2
124.5	601.3	1822.2	2661.8	3444.4
123.7	593.6	1760.4	2683.3	3491.3
121.9	594.0	1688.3	2698.4	3420.8
121.8	612.0	1650.2	2727.5	3496.0
121.5	572.6	1602.1	2747.4	3503.7
121.4	565.8	1520.4	2767.5	3487.5
121.1	551.0	1425.8	2759.9	3559.2
119.9	445.8	1392.6	2728.8	3591.4
116.1	435.1	1480.8	2692.6	3538.2
121.7	384.0	1438.5	2699.6	3682.7
121.2	407.8	1401.8	2685.6	3733.2
121.2	305.1	1332.3	2669.9	3633.2
118.8	348.4	1361.3	2618.2	3475.1
118.5	445.8	1383.9	2615.4	3513.6
111.2	504.1	1412.4	2663.1	3473.5
118.1	561.6	1411.3	2631.8	3409.3
133.8	625.1	1399.6	2603.6	3423.1
230.7	672.5	1374.6	2550.1	3433.6
0.0	711.7	1339.5	2528.7	3424.6
0.0	974.6	1324.9	2505.8	3405.2
0.0	801.8	1286.7	2488.4	3408.0
0.0	738.6	1271.4	2443.7	3448.1
0.0	698.2	1271.8	2442.8	3412.2
0.0	705.6	1241.9	2439.9	3403.7
107.9	692.8	1251.2	2401.6	3411.6
109.1	673.8	1244.2	2397.1	3468.9
114.0	669.0	1229.8	2540.2	3536.3
111.6	600.5	1232.3	2593.0	3539.3
112.3	569.8	1224.6	2639.5	3637.1
112.5	540.9	1205.4	2594.2	3661.4
112.0	506.4	1214.3	2542.3	3642.7
111.8	277.1	1291.2	2491.5	3523.6
94.5	248.7	1312.1	2364.6	3338.8
104.3	688.8	1454.4	2470.9	3331.3
102.5	371.5	1404.8	2513.1	3605.2
0.0	420.6	1435.7	2543.1	3556.4
0.0	438.0	1457.5	2501.7	3443.2
107.9	436.4	1473.7	2384.2	3327.2
106.4	432.2	1483.0	2257.8	3231.8
105.2	423.6	1480.8	2089.9	3162.7
102.0	410.2	1446.0	1958.6	3138.1
99.6	402.1	1412.7	1908.7	3128.4
97.9	400.1	1411.6	1863.4	3136.0
97.0	394.3	1429.0	1806.5	3114.6
96.4	387.2	1430.5	1804.7	3087.3
96.1	380.4	1457.6	1806.2	3083.6
94.6	381.8	1479.1	1744.2	3069.7
93.6	383.9	1506.5	1728.6	3025.4
93.6	383.2	1555.9	2131.8	2981.0
92.8	397.6	1620.6	2543.3	3016.1
91.8	419.4	1727.1	2663.2	3198.2
89.5	931.4	2497.2	3031.9	3449.4
86.3	1046.3	2460.9	3171.9	3517.5
93.8	977.7	2341.4	3254.3	3514.1
0.0	957.0	2378.6	3287.1	3596.8
0.0	846.0	2293.3	3082.1	3453.8
413.8	686.1	2123.8	3047.9	3118.1
0.0	857.8	1708.4	2812.0	3547.8
0.0	999.3	1651.6	2672.9	3563.3
0.0	808.9	1369.6	2424.7	3501.9
127.7	287.3	1266.9	2294.5	3270.0
0.0	423.1	1350.2	2158.4	3184.4
116.5	384.1	1329.3	2133.7	3141.6
108.1	376.7	1366.1	2101.0	3144.4
95.7	465.8	1477.6	2193.2	3184.7
96.0	496.7	1559.1	2350.7	3291.1
98.1	593.3	1656.1	2437.7	3400.0
96.6	605.4	1706.8	2476.2	3457.7
95.6	585.9	1757.2	2507.5	3472.0
96.5	606.9	1800.9	2530.2	3505.8
97.3	636.8	1839.2	2534.3	3500.3
97.8	547.4	1890.1	2539.2	3481.7
98.5	487.6	1934.1	2558.1	3502.8
100.0	449.5	1963.4	2549.8	3491.6
99.8	429.7	1999.2	2543.4	3512.3
100.7	426.6	2013.7	2556.3	3533.0
100.4	412.9	2007.4	2544.7	3555.8
100.9	422.8	2024.4	2531.8	3566.1
100.5	431.4	1983.8	2464.5	3585.4
100.2	462.8	1693.2	2395.1	3543.4
99.8	352.9	1497.5	2415.5	3525.3
93.0	280.0	1543.1	2479.1	3481.5
97.6	257.7	1559.8	2432.4	3385.4
90.2	321.7	1488.0	2427.2	3443.2
90.2	251.0	1593.2	2472.7	3505.8
95.2	260.2	1703.5	2552.3	3521.3
0.0	221.6	1593.5	2469.8	3520.1
97.6	348.0	1541.0	2486.5	3638.3
95.9	388.2	1524.5	2519.9	3704.9
96.6	377.8	1489.9	2536.6	3703.1
96.7	420.0	1485.8	2557.3	3678.1
96.0	411.7	1419.9	2552.6	3631.5
95.3	417.1	1435.6	2551.1	3522.5
97.4	494.4	1519.0	2551.8	3426.7
97.2	568.0	1519.4	2500.1	3403.1
95.4	582.2	1460.7	2453.0	3335.7
95.9	583.8	1414.4	2418.4	3331.1
96.2	595.2	1342.1	2397.5	3314.6
96.6	581.8	1291.3	2349.0	3280.8
96.9	582.4	1221.5	2342.8	3260.7
97.6	624.1	1174.5	2321.3	3240.8
96.1	597.6	1124.7	2293.5	3198.3
96.9	556.6	1090.4	2222.0	3163.0
97.3	490.9	1044.1	2143.8	3147.1
96.0	484.1	1021.1	2129.5	3148.8
96.0	470.3	1011.3	2051.5	3120.7
94.6	426.9	999.7	1984.5	3091.7
94.3	416.5	1005.3	1913.9	3087.9
93.3	433.9	1005.9	1854.9	3087.5
91.0	446.8	984.9	1821.9	3072.4
87.9	430.6	1007.9	1723.3	3112.5
89.0	429.5	1076.0	1676.0	3124.6
90.7	430.9	1033.3	1603.8	3084.2
92.0	426.8	1041.0	1627.1	3024.4
92.5	452.8	1072.0	1498.0	3038.1
91.6	475.5	1064.0	1490.8	3040.7
92.2	446.7	1056.2	1527.8	3066.1
90.5	457.7	1066.4	1574.5	3088.4
90.2	420.3	1102.5	1614.7	3043.4
88.8	388.4	1427.5	2306.9	3224.9
80.4	628.0	1520.9	2493.4	3341.5
76.8	919.8	1641.7	2620.4	3444.5
193.5	786.5	1571.1	2537.4	3413.0
0.0	843.5	1427.8	2487.4	3446.7
0.0	1030.9	1544.0	2551.4	3511.8
0.0	1016.5	1646.8	2467.8	3471.5
0.0	795.0	1693.1	2390.3	3366.2
0.0	666.6	1144.6	2276.9	3283.3
0.0	663.8	1344.7	2437.1	3404.2
0.0	624.5	1175.0	2449.1	3305.3
84.5	622.4	1256.8	2514.2	3210.6
0.0	640.8	1394.7	2567.4	3274.3
0.0	548.1	1296.5	2557.6	3557.2
119.2	454.9	1191.1	2539.6	3729.3
107.2	435.7	1005.3	2505.2	3668.9
95.5	457.9	895.8	2507.3	3600.6
92.4	594.4	905.9	2491.0	3576.7
92.1	655.1	935.0	2533.5	3563.4
96.1	691.7	950.5	2550.5	3496.2
93.0	721.3	984.0	2553.2	3422.2
91.4	725.6	1004.0	2564.4	3465.3
92.0	736.1	1026.9	2542.9	3480.9
90.0	745.4	1045.8	2556.8	3450.1
89.6	734.3	1057.9	2526.9	3425.0
89.8	725.2	1054.8	2534.7	3420.1
89.4	753.5	1078.1	2538.7	3390.9
88.6	793.2	1104.5	2529.4	3388.6
88.2	800.5	1143.6	2531.6	3382.6
87.8	775.0	1164.9	2553.2	3392.2
87.6	749.1	1197.6	2533.3	3411.2
86.8	811.1	1212.3	2497.8	3396.8
85.3	737.0	1213.1	2488.2	3379.3
85.2	735.7	1214.2	2510.6	3442.5
84.6	776.4	1266.6	2469.7	3431.0
84.8	745.3	1307.2	2449.9	3419.1
84.5	785.1	1390.1	2428.8	3433.9
83.3	744.0	1435.1	2412.9	3437.7
83.3	710.2	1486.1	2433.7	3352.2
83.9	682.5	1524.6	2436.1	3400.7
83.3	686.7	1579.0	2417.4	3446.2
84.4	655.1	1700.7	2444.7	3466.8
84.7	704.9	1732.2	2418.6	3418.1
84.8	719.0	1753.9	2415.4	3363.9
88.2	673.0	1860.8	2441.3	3399.0
97.6	653.7	1891.3	2476.3	3445.0
93.1	681.1	1869.6	2453.1	3460.1
105.3	666.6	1817.4	2447.4	3337.1
104.6	610.9	1694.8	2426.6	3321.2
93.0	461.6	1510.2	2420.9	3256.5
100.0	602.5	1496.9	2437.4	3237.3
105.3	668.8	1616.3	2477.2	3354.9
97.7	639.9	1653.2	2459.1	3484.2
94.5	664.6	1661.2	2523.3	3499.6
89.6	571.0	1571.4	2555.1	3353.9
0.0	708.8	1524.0	2579.6	3307.3
226.4	764.8	1604.3	2614.5	3322.9
240.0	614.2	1697.6	2579.3	3309.6
0.0	999.4	1781.1	2585.3	3302.8
0.0	1072.2	1719.4	2463.6	3354.9
0.0	1085.1	1770.1	2610.5	3459.0
218.2	834.9	1657.3	2591.6	3403.5
226.4	780.9	1728.8	2586.6	3387.7
0.0	696.8	1710.1	2656.5	3504.9
0.0	1084.0	1860.9	2671.3	3532.8
66.3	1083.5	1829.8	2757.6	3455.0
0.0	636.6	1526.2	2760.0	3314.6
0.0	935.0	1804.4	2781.5	3422.6
96.0	921.2	1739.3	2723.0	3433.3
0.0	713.2	1779.8	2748.2	3414.1
0.0	665.4	1727.6	2672.8	3436.9
0.0	891.1	1720.3	2655.1	3409.1
0.0	889.2	1739.9	2787.7	3374.3
0.0	1162.3	1754.5	2868.5	3405.4
0.0	767.4	1537.6	2718.7	3382.5
0.0	767.5	1495.6	2653.9	3413.2
0.0	818.8	1610.4	2634.9	3399.9
0.0	792.9	1707.9	2596.1	3390.5
0.0	901.2	1714.3	2654.0	3413.9
0.0	737.5	1459.2	2655.6	3381.3
0.0	848.8	1721.9	2631.5	3430.9
122.4	911.7	1729.9	2649.9	3444.4
0.0	610.7	1548.5	2685.6	3398.9
