0.0	0.0	0.0	0.0	0.0
0.0	0.0	0.0	0.0	0.0
0.0	0.0	0.0	0.0	0.0
0.0	1056.8	1645.3	2554.5	3459.6
0.0	854.0	1590.0	2584.3	3392.7
0.0	990.6	1657.4	2565.3	3310.6
0.0	931.6	1743.8	2583.1	3374.3
0.0	858.3	1706.7	2612.9	3394.7
0.0	852.0	1820.9	2718.1	3439.5
0.0	903.8	1761.8	2671.6	3392.9
77.9	644.6	1666.0	2580.4	3359.8
0.0	674.6	1733.9	2657.4	3416.7
0.0	756.3	1832.0	2656.3	3484.3
0.0	856.5	1808.2	2615.8	3470.6
0.0	830.1	1864.7	2563.0	3425.5
0.0	863.3	1792.3	2554.1	3280.5
0.0	823.5	1698.2	2566.4	3286.6
0.0	809.1	1728.2	2664.2	3444.9
0.0	841.6	1910.4	2634.6	3460.0
0.0	895.9	1963.2	2667.7	3442.8
0.0	1002.0	1968.3	2728.6	3410.7
0.0	908.4	1883.2	2717.7	3445.2
0.0	877.3	1754.5	2508.1	3322.2
0.0	773.1	1632.6	2512.1	3444.7
387.1	730.9	1627.9	2538.2	3524.4
387.1	625.2	1614.3	2506.2	3538.0
0.0	671.6	1613.4	2402.3	3520.4
0.0	422.4	1592.0	2448.2	3381.2
148.1	423.9	1623.2	2442.1	3385.6
131.9	467.4	1654.7	2436.9	3372.8
129.6	625.5	1664.3	2445.4	3287.1
129.2	634.0	1700.6	2463.1	3463.3
118.1	621.2	1737.1	2489.4	3446.5
116.1	591.9	1774.1	2504.8	3465.8
114.3	629.8	1757.5	2557.5	3495.5
112.1	696.3	1768.0	2525.4	3386.7
116.5	682.9	1743.1	2479.9	3339.0
123.4	606.1	1701.5	2511.0	3277.7
127.7	559.3	1682.8	2481.1	3252.0
132.5	551.6	1623.0	2457.7	3237.1
135.2	573.7	1635.2	2469.5	3232.0
137.5	558.1	1638.5	2375.4	3180.0
139.0	574.1	1568.3	2320.0	3184.4
139.8	561.4	1527.4	2237.3	3175.9
140.2	538.7	1466.4	2145.0	3114.8
139.8	482.1	1404.8	2051.4	3099.0
136.2	484.0	1373.9	2076.9	3122.4
133.6	527.1	1368.8	2110.1	3159.9
131.6	465.0	1385.3	2105.2	3139.6
130.8	456.0	1404.0	2118.7	3137.4
132.1	474.8	1427.0	2155.3	3092.4
131.9	444.9	1438.7	2175.2	3085.0
137.4	507.7	1456.4	2189.6	3175.7
139.1	463.0	1454.5	2194.7	3460.2
139.2	411.7	1467.9	2266.9	3604.5
137.3	410.2	1500.8	2327.7	3634.4
135.9	409.5	1514.4	2324.9	3517.7
133.8	391.7	1526.0	2345.8	3432.8
134.6	394.4	1554.1	2474.0	3617.2
131.9	393.5	1657.3	3100.1	3673.6
130.1	413.0	1674.2	2987.4	3552.7
123.7	1028.9	2001.2	2949.1	3479.1
123.7	972.0	2009.1	2683.0	3363.4
122.4	861.5	1931.0	2532.6	3388.3
122.4	446.7	1768.9	2663.8	3350.9
126.3	373.4	1655.7	2556.0	3241.3
123.7	384.5	1667.0	2461.3	3182.2
129.0	413.9	1701.6	2317.3	3079.2
126.4	400.9	1743.1	2282.2	3120.9
128.0	414.0	1782.1	2299.3	3175.9
128.2	416.7	1787.2	2362.7	3188.5
128.1	420.9	1796.3	2374.0	3176.8
127.5	403.1	1822.4	2442.1	3179.4
126.5	370.0	1889.4	2424.2	3288.0
125.3	373.1	1869.3	2482.9	3359.1
122.4	508.1	1813.2	2627.4	3413.5
117.6	824.7	1874.4	2631.0	3427.9
110.1	720.4	1785.2	2558.2	3424.7
0.0	679.9	1779.0	2511.1	3482.7
0.0	601.0	1915.9	2543.3	3432.0
0.0	913.2	1939.8	2617.0	3396.7
0.0	747.4	1912.0	2547.4	3413.6
0.0	722.7	1822.2	2467.3	3375.6
0.0	679.5	1945.3	2551.5	3416.2
137.9	593.8	1982.4	2539.6	3322.1
0.0	420.3	1872.0	2383.9	3296.1
0.0	324.4	1877.7	2271.3	3264.5
130.0	361.3	1905.8	2211.6	3273.2
127.4	299.6	1896.3	2176.4	3276.3
127.9	625.2	1885.8	2177.2	3295.4
259.2	297.5	1868.8	2190.7	3314.7
127.7	437.2	1865.8	2185.1	3356.9
127.6	443.6	1865.8	2182.9	3406.6
127.4	350.6	1854.3	2205.7	3447.8
127.5	349.0	1872.3	2243.0	3516.5
127.8	423.2	1866.0	2258.9	3377.4
128.6	424.9	1844.8	2283.0	3303.2
128.3	386.7	1789.1	2342.1	3242.6
128.0	391.4	1933.3	2531.9	3342.5
125.9	463.7	1792.3	2995.1	3614.1
121.4	670.7	1814.4	3078.8	3725.8
120.0	986.9	1858.9	3152.7	3820.7
65.6	654.4	1827.0	3179.6	3885.9
0.0	606.2	1902.9	3302.4	3912.3
111.1	570.1	1892.0	3192.1	3872.1
0.0	764.7	1776.3	3064.8	3826.7
0.0	761.7	1768.3	3066.5	3787.4
0.0	860.7	1714.7	3067.8	3725.3
0.0	765.6	1684.5	2531.2	3716.7
134.8	606.1	1689.1	2286.7	3617.4
0.0	356.2	1760.3	2213.5	3513.7
0.0	370.6	1824.2	2163.0	3530.8
115.1	392.8	1844.9	2175.2	3455.0
118.8	267.0	1946.5	2251.1	3459.3
0.0	253.6	2013.1	2434.0	3546.8
0.0	260.9	1654.0	2263.1	3295.8
77.4	275.5	1782.6	2318.8	3361.1
117.6	844.9	2092.5	2459.5	3582.1
119.8	645.7	2020.1	2424.6	3501.8
0.0	352.7	1990.3	2381.0	3461.7
0.0	420.7	1931.3	2321.7	3402.2
130.4	382.5	1890.5	2266.3	3313.7
125.2	414.2	1838.8	2205.5	3280.1
124.0	428.5	1740.2	2130.4	3236.1
123.2	451.1	1633.9	2032.3	3181.4
122.3	474.6	1460.2	1971.2	3110.4
121.4	499.9	1307.5	1967.1	3117.5
118.8	486.5	1289.5	1952.0	3119.4
117.2	419.7	1263.1	2010.5	3075.0
116.4	479.0	1261.6	2015.5	3069.2
116.9	480.7	1270.4	2007.0	3032.8
118.0	479.6	1276.7	2025.2	3014.4
119.1	500.7	1291.1	2053.5	3024.7
119.1	518.3	1262.6	2061.3	3024.2
119.0	517.7	1237.9	2056.4	3020.4
117.7	492.2	1182.6	2096.0	3017.4
114.8	416.9	1105.8	2083.9	3095.4
109.7	364.6	1137.1	2195.3	3185.8
100.1	342.0	1652.2	2599.8	3349.5
97.6	789.2	1853.2	2696.7	3464.2
130.4	792.1	1912.6	2877.5	3499.7
0.0	675.9	1340.8	2650.3	3421.3
0.0	414.5	1297.1	2532.6	3420.6
0.0	685.5	1430.3	2644.3	3658.3
0.0	547.6	1521.3	2575.8	3563.9
0.0	638.3	1666.0	2453.4	3361.5
0.0	701.8	1592.9	2352.5	3298.9
100.8	436.9	1464.9	2347.8	3141.5
0.0	458.1	1396.7	2116.9	2938.1
114.3	438.0	1360.0	2078.0	2908.5
111.0	436.2	1257.2	2062.6	2940.4
111.1	422.5	1149.2	2124.1	2975.3
110.2	414.4	1047.8	2166.2	3036.4
109.9	402.4	952.0	2189.6	3082.2
110.4	422.6	894.1	2191.8	3132.1
112.2	393.4	885.9	2228.5	3220.0
112.4	419.5	912.1	2251.4	3279.2
112.7	410.8	954.8	2294.2	3250.8
113.4	350.2	1089.2	2241.8	3296.3
114.1	361.2	1301.1	2176.1	3341.8
115.1	348.5	1527.1	2141.3	3353.4
115.7	368.5	1742.7	2160.8	3362.4
116.1	343.6	2004.6	2258.9	3376.1
118.3	358.0	2043.9	2404.2	3323.9
116.9	351.2	2058.4	2436.4	3346.2
116.2	340.9	2061.0	2406.5	3328.0
115.3	325.0	2002.8	2335.0	3307.4
114.2	326.4	1885.8	2236.2	3279.3
113.4	317.6	1416.4	2308.8	3245.2
106.2	293.0	1504.4	2420.1	3322.9
84.8	980.4	1674.4	2511.3	3432.8
87.0	909.4	1573.5	2606.7	3327.3
0.0	1036.5	1349.5	2654.4	3246.4
0.0	816.2	1329.5	2656.3	3280.5
0.0	827.1	1341.4	2555.1	3147.7
0.0	895.0	1327.0	2445.3	3074.6
0.0	431.9	1675.0	2146.7	3141.5
0.0	384.6	1772.0	2180.1	3184.5
0.0	392.9	1820.9	2192.9	3210.5
73.6	413.5	1876.9	2254.1	3234.7
65.5	478.8	1923.4	2270.9	3303.0
63.5	487.1	1969.6	2269.4	3401.2
0.0	484.9	1995.9	2273.2	3407.9
0.0	469.0	2052.1	2383.8	3469.0
0.0	405.7	1933.2	2367.1	3543.6
0.0	435.4	1599.8	2263.2	3563.5
0.0	473.1	1870.5	2217.0	3495.6
0.0	457.6	1886.3	2290.9	3397.9
0.0	429.2	1874.6	2315.7	3311.6
0.0	603.1	1899.7	2374.4	3335.0
165.2	555.8	1845.9	2446.2	3533.0
0.0	710.3	1837.0	2385.0	3629.2
153.7	675.9	1786.8	2405.7	3541.7
78.4	486.6	1804.5	2460.6	3518.5
133.3	890.3	1653.0	2413.6	3338.9
130.7	757.3	1669.5	2456.3	3247.5
114.3	577.8	1797.5	2434.2	3331.8
105.4	631.5	1774.6	2369.7	3390.1
107.6	770.9	1888.6	2443.9	3513.9
108.2	817.5	1876.3	2470.0	3639.0
413.8	739.8	1769.3	2441.1	3587.8
0.0	692.0	1913.5	2490.1	3559.1
