0.0	0.0	0.0	0.0	0.0
0.0	0.0	0.0	0.0	0.0
0.0	0.0	0.0	0.0	0.0
0.0	876.3	1724.3	2659.1	3514.2
0.0	885.1	1733.7	2554.2	3416.8
266.7	702.7	1698.5	2583.9	3296.4
0.0	770.4	1762.3	2626.3	3313.3
0.0	687.1	1764.6	2533.2	3400.1
0.0	645.2	1701.6	2543.1	3333.8
285.7	942.1	1750.6	2564.7	3337.6
0.0	934.1	1898.5	2623.4	3548.3
0.0	944.2	1928.5	2674.0	3575.0
0.0	1009.6	1767.4	2673.5	3454.3
0.0	715.4	1658.8	2564.6	3342.1
0.0	668.4	1674.0	2558.9	3360.9
0.0	579.3	1750.7	2566.2	3519.6
0.0	603.4	1823.5	2583.8	3597.0
0.0	760.0	1901.0	2615.4	3574.1
0.0	653.6	1890.9	2610.5	3616.4
0.0	775.0	1836.6	2597.6	3604.9
0.0	837.0	1932.5	2599.3	3525.6
110.1	799.3	1918.8	2596.4	3496.4
193.5	427.2	1910.8	2549.0	3454.1
0.0	333.7	1879.7	2515.8	3464.2
0.0	314.5	1862.5	2492.7	3466.6
99.9	338.8	1875.3	2453.7	3453.0
125.0	374.7	1848.1	2424.1	3506.8
111.2	382.4	1783.7	2420.1	3510.5
113.9	343.3	1640.8	2446.3	3385.5
113.0	316.1	1637.6	2493.8	3275.0
109.1	270.6	1696.0	2610.9	3414.1
107.1	583.5	1889.6	2629.2	3510.4
117.6	816.2	1822.5	2511.0	3446.3
0.0	773.4	1756.4	2590.2	3558.0
0.0	640.5	1829.5	2610.6	3524.3
0.0	519.1	1612.6	2391.8	3334.2
0.0	507.5	1590.5	2301.0	3325.8
0.0	425.8	1568.1	2246.1	3242.0
0.0	425.5	1549.8	2203.7	3248.2
124.1	410.9	1544.2	2162.7	3304.6
130.1	407.1	1517.7	2157.1	3382.5
129.5	421.5	1451.2	2145.2	3394.6
126.7	476.5	1417.7	2194.5	3412.1
118.9	652.2	1443.3	2430.3	3424.4
101.7	1084.1	1716.4	2648.4	3378.8
0.0	1050.6	1788.3	2614.1	3376.0
0.0	998.6	1605.8	2543.1	3501.7
0.0	972.8	1642.0	2519.6	3473.5
0.0	649.5	1627.3	2390.8	3484.7
0.0	697.1	1428.5	2384.8	3406.8
152.8	494.1	1538.9	2164.6	3306.2
0.0	458.6	1664.5	2104.3	3203.0
118.4	479.0	1782.6	2169.9	3201.8
120.7	442.1	1896.7	2246.8	3215.9
124.4	435.0	1944.2	2380.2	3296.0
124.9	439.1	1956.9	2464.2	3317.4
123.5	447.9	1938.7	2473.3	3329.6
122.6	442.1	1901.7	2396.0	3325.3
122.3	413.8	1800.2	2126.7	3223.9
120.4	456.7	1563.3	2068.6	3227.1
118.4	333.5	1152.6	2238.1	3334.4
111.7	332.2	1174.6	2506.0	3375.7
107.8	479.1	1386.1	2422.5	3340.3
104.4	700.0	1701.0	2467.7	3379.1
112.7	201.0	1275.5	2214.5	3261.0
114.3	483.3	1330.1	2294.1	3204.6
0.0	538.1	1343.9	2172.1	3138.2
0.0	579.4	1385.2	2283.8	3180.7
108.7	594.8	1416.5	2262.8	3208.4
109.7	602.2	1462.9	2334.9	3216.0
111.3	598.6	1487.8	2384.4	3257.3
109.8	598.6	1532.9	2400.2	3313.8
108.5	574.9	1555.2	2426.1	3387.6
108.5	551.6	1572.8	2429.3	3453.8
109.4	536.0	1593.7	2439.5	3534.2
111.4	488.1	1581.5	2432.3	3522.8
111.1	416.8	1624.1	2403.9	3555.1
109.1	532.6	1617.5	2477.5	3566.5
106.2	729.4	1663.6	2651.5	3643.5
101.7	900.5	1721.0	2640.2	3689.8
240.0	852.0	2100.1	3036.9	3945.2
218.2	793.2	2090.7	3136.7	3848.4
0.0	883.9	1887.7	3031.7	3671.0
0.0	765.2	1610.1	2602.0	3460.4
0.0	808.9	1644.6	2551.8	3342.2
0.0	390.5	1540.4	2421.7	3141.4
0.0	423.2	1456.3	2253.4	2926.8
125.4	437.2	1277.1	2079.6	2873.6
105.1	409.5	1190.3	1977.7	2930.1
103.1	384.5	1231.3	2142.2	3217.6
101.3	256.1	1165.5	2295.0	3262.4
95.2	558.1	1591.2	2508.4	3318.0
114.3	718.2	1556.7	2613.8	3372.0
112.1	961.8	1720.4	2671.0	3437.1
122.4	754.5	1880.7	2540.2	3262.2
0.0	1085.5	1834.9	2443.7	3164.7
0.0	823.3	1525.2	2434.3	3196.2
0.0	585.2	1253.2	2139.9	3091.1
0.0	513.3	1153.0	1836.5	2990.4
0.0	504.5	1149.0	1755.7	3001.7
109.2	548.3	1200.9	1730.6	3021.6
111.6	528.4	1228.8	1783.9	2966.9
110.6	556.8	1274.1	1853.2	2953.3
109.7	567.3	1308.4	1877.7	3001.3
107.7	570.6	1328.1	1906.1	3041.8
106.2	566.0	1371.5	1958.8	3042.0
105.1	562.9	1422.7	2077.1	3031.5
105.1	553.4	1467.4	2190.1	3067.2
104.3	540.6	1487.6	2231.8	3097.4
103.4	516.1	1502.9	2266.2	3121.0
102.4	503.8	1517.2	2896.7	2943.3
102.0	497.4	1508.4	2391.0	3193.8
101.6	496.0	1521.3	2408.5	3202.1
101.2	497.0	1519.9	2422.1	3247.1
102.0	469.9	1591.1	2441.1	3304.8
100.9	452.0	1600.5	2409.1	3357.8
101.3	416.3	1588.6	2403.5	3469.4
102.7	408.9	1587.7	2426.1	3527.0
103.7	402.2	1563.3	2391.7	3550.7
103.5	427.8	1602.4	2344.8	3579.6
105.5	590.3	1627.3	2400.8	3532.9
110.1	652.4	1770.5	2476.2	3492.5
97.6	687.4	2028.3	2642.1	3537.2
521.7	778.7	2022.5	2793.9	3533.3
300.0	771.4	1818.1	2654.8	3500.3
235.3	819.1	1731.3	2560.2	3561.0
131.9	960.5	1897.6	2783.3	3635.2
146.3	855.7	2133.5	2799.4	3671.3
0.0	836.3	1741.0	2669.1	3590.9
0.0	626.8	1672.5	2787.6	3547.8
0.0	594.0	1631.4	2476.4	3433.0
292.7	671.5	1590.4	2525.3	3513.0
106.2	707.7	1593.7	2524.1	3532.3
166.7	699.4	1614.3	2551.3	3561.2
97.6	859.5	1631.2	2628.3	3517.9
106.2	705.6	1564.2	2372.3	3462.1
0.0	727.2	1550.0	2466.5	3534.6
146.3	785.6	1531.2	2525.6	3561.5
82.2	741.2	1580.4	2484.9	3492.5
86.3	699.1	1467.2	2453.6	3434.5
67.4	624.1	1418.6	2421.9	3377.7
0.0	657.8	1671.1	2438.1	3365.7
64.9	703.9	1614.1	2475.6	3461.5
0.0	702.5	1567.0	2618.0	3367.8
