0.0	0.0	0.0	0.0	0.0
0.0	0.0	0.0	0.0	0.0
0.0	0.0	0.0	0.0	0.0
0.0	851.2	1715.7	2593.1	3682.1
0.0	908.9	1747.7	2530.3	3473.1
0.0	664.9	1641.1	2437.5	3455.7
0.0	859.4	1749.7	2534.6	3549.6
0.0	592.6	1601.9	2510.3	3452.2
0.0	703.7	1624.7	2577.2	3335.0
0.0	823.9	1541.2	2615.1	3346.1
0.0	853.2	1610.1	2598.6	3372.6
0.0	724.7	1794.1	2602.3	3475.1
0.0	597.5	1717.6	2569.4	3422.8
0.0	606.8	1515.2	2590.8	3249.7
0.0	816.2	1396.1	2568.9	3172.4
151.9	903.1	1793.2	2632.5	3236.7
171.4	891.7	1822.3	2685.8	3204.8
0.0	728.2	1951.9	2731.5	3286.5
110.1	754.7	1920.5	2678.1	3313.5
444.4	505.4	1868.7	2668.2	3217.0
315.8	841.5	2144.6	2689.4	3244.3
375.0	852.8	2089.0	2601.1	3244.4
240.0	456.9	2306.2	2599.9	3095.9
0.0	417.4	2244.0	2613.9	3102.8
158.7	435.7	2146.4	2587.6	3203.3
147.1	438.1	2221.7	2727.3	3443.6
146.7	442.3	2036.1	2677.3	3333.7
148.5	427.2	1932.1	2702.1	3267.4
147.0	494.4	1861.2	2736.2	3255.2
141.2	877.8	1891.8	2666.1	3182.9
66.7	752.0	1991.7	2638.9	3118.8
63.5	835.6	1816.2	2565.7	3105.1
0.0	775.1	1731.4	2623.4	3076.7
461.5	818.9	1648.3	2655.9	3001.0
0.0	928.1	1549.1	2651.7	3109.2
0.0	825.1	1630.1	2530.5	3300.3
0.0	810.3	1627.8	2431.4	3355.8
0.0	1028.3	1630.6	2565.6	3440.9
0.0	982.8	1499.4	2496.1	3432.9
0.0	808.0	1335.9	2330.7	3432.9
241.5	580.7	1335.0	2515.2	3519.6
249.5	608.7	1339.1	2559.1	3575.7
0.0	817.5	1300.9	2602.9	3454.8
0.0	829.6	1320.6	2639.7	3413.5
0.0	693.0	1220.9	2485.6	3412.8
150.8	714.3	1244.1	2408.6	3268.4
144.5	714.7	1249.4	2444.7	3215.3
144.6	721.3	1255.0	2423.1	3232.7
142.5	762.6	1205.6	2346.8	3190.0
142.5	778.2	1167.4	2356.3	3168.8
141.6	731.9	1063.6	2322.4	2910.9
141.4	747.6	1070.4	2368.4	2814.9
140.5	671.6	1099.9	2423.3	3142.0
140.9	672.9	1084.2	2429.8	3045.9
140.6	611.4	1089.5	2455.1	3564.2
140.4	582.3	1067.0	2446.5	3777.1
140.3	552.8	1056.8	2526.6	3688.9
140.4	545.5	1161.4	2594.2	3549.8
142.1	559.5	1265.4	2708.5	3432.9
143.3	547.7	1309.0	2711.0	3392.7
143.2	588.8	1369.4	2593.0	3105.9
142.7	534.4	1421.0	2214.9	3004.4
141.8	507.7	1411.0	1988.4	3013.8
141.2	497.3	1412.2	1955.7	3036.4
140.1	482.9	1432.5	1962.7	3065.8
137.6	467.8	1465.0	1930.6	3048.9
136.0	434.5	1462.8	1898.6	3041.4
134.3	462.6	1433.0	1874.0	3007.6
129.4	433.3	1402.9	1829.2	3028.3
125.5	415.2	1404.2	1849.7	3269.7
122.7	456.2	1521.8	2239.3	3365.5
118.3	742.9	1587.2	2379.1	3360.1
0.0	761.3	1561.5	2374.5	3214.0
0.0	998.3	1622.9	2437.3	3327.6
105.3	337.6	1369.1	2445.0	3189.2
126.3	337.3	1720.3	2523.4	3270.1
128.9	368.7	1568.7	2467.8	3316.8
128.8	418.1	1476.1	2524.0	3327.2
129.0	707.0	1532.7	2552.5	3257.9
144.4	521.4	879.5	2362.2	3378.3
130.8	551.7	872.7	2512.1	3409.8
132.0	658.6	974.7	2587.2	3365.3
129.6	679.3	1013.0	2477.8	3217.8
129.6	678.9	1033.9	2469.7	3140.3
130.5	695.5	1136.0	2404.3	3111.8
131.1	695.8	1221.7	2226.9	3128.1
129.7	636.6	1283.2	2346.5	3228.2
126.8	477.1	1386.7	2462.3	3235.0
63.7	509.6	1472.2	2511.9	3197.6
129.6	542.8	1483.0	2315.9	3177.9
130.5	589.8	1477.5	2299.2	3263.4
135.2	620.0	1499.4	2410.6	3146.1
129.2	588.2	1488.7	2451.1	3100.6
126.9	518.9	1473.9	2445.9	3166.6
125.8	493.2	1519.9	2431.7	3273.1
121.3	422.2	1685.2	2456.2	3401.9
122.4	756.7	1814.7	2641.9	3499.9
125.0	891.8	1774.8	2638.5	3372.6
122.4	894.9	1680.5	2666.3	3399.6
118.8	866.7	1606.8	2681.8	3387.0
0.0	394.8	1574.0	2641.7	3345.6
0.0	405.6	1586.4	2697.8	3463.3
0.0	520.7	1587.4	2816.6	3737.2
122.1	440.0	1590.0	2845.9	3803.8
125.0	445.0	1598.7	2868.2	3881.7
124.9	469.4	1616.8	2856.3	3895.5
123.8	481.4	1642.1	2847.2	3832.2
123.0	466.4	1700.1	2844.2	3792.9
122.3	481.6	1727.8	2828.3	3782.9
125.0	533.6	1721.6	2775.5	3682.3
127.7	565.5	1810.0	2821.9	3560.2
133.3	886.1	1932.2	3050.0	3393.4
115.4	780.1	1994.1	2777.9	3385.3
110.1	1225.3	1980.7	2732.7	3434.4
75.5	892.4	1979.5	2772.3	3333.8
240.0	1026.9	2115.0	2682.3	3297.1
63.5	794.1	2013.5	2588.0	3156.6
0.0	911.6	1965.9	2515.3	3148.8
0.0	938.1	1920.6	2581.0	3187.3
0.0	533.8	1850.4	2612.7	3174.3
0.0	668.5	1810.4	2563.8	3212.6
210.5	620.3	1810.1	2516.7	3130.8
0.0	534.7	1791.4	2477.1	3231.4
127.1	586.6	1775.7	2523.2	3256.8
121.0	636.1	1721.5	2588.8	3242.2
118.1	674.4	1634.1	2548.4	3209.5
120.3	694.2	1552.6	2417.5	3134.9
119.2	701.8	1540.1	2360.1	3083.4
120.8	687.7	1412.6	2246.6	3041.7
120.7	553.6	1370.3	2159.5	3044.5
120.1	466.1	1377.3	2266.5	3050.1
122.4	469.4	1308.5	2501.5	3336.3
123.5	529.2	1234.7	2421.6	3156.6
123.5	515.5	1189.4	2352.2	3032.5
123.6	577.7	1141.6	2367.0	3035.9
123.1	592.4	1121.8	2433.5	3238.4
122.5	688.5	1126.4	2511.0	3197.9
123.4	544.8	1127.2	2432.8	2922.2
123.7	533.0	1127.1	2435.9	2962.8
121.2	545.4	1133.1	2437.2	2911.6
122.0	506.9	1132.6	2385.9	2921.5
119.1	547.8	1165.5	1952.9	2786.7
120.0	564.2	1101.8	2338.1	3032.4
119.9	572.6	1060.7	2435.8	3360.9
119.3	572.6	1033.4	2448.7	3503.5
116.3	545.2	1027.9	2484.5	3565.2
119.4	575.8	1008.7	2494.1	3526.9
118.9	520.4	940.0	2492.8	3517.4
117.9	505.3	902.6	2475.6	3500.9
117.6	504.1	895.6	2478.4	3482.0
117.7	537.2	914.9	2492.6	3507.8
117.9	513.7	950.2	2460.7	3547.6
118.7	472.7	957.2	2475.1	3625.1
118.1	468.7	972.4	2414.2	3723.0
117.6	485.5	1217.9	2718.1	3806.0
118.8	464.9	1596.3	2702.8	3765.4
118.8	596.9	1741.4	2916.5	3771.0
125.0	615.7	1633.3	2935.0	3727.7
125.0	703.9	1742.0	3152.5	3800.5
571.4	722.4	1490.5	2718.9	3716.3
0.0	650.6	1447.9	2511.4	3648.6
0.0	580.6	1431.9	2489.2	3547.0
129.0	577.5	1469.5	2482.5	3442.4
117.0	588.2	1515.2	2502.3	3308.1
113.2	629.0	1476.0	2464.0	3189.9
111.9	500.0	1455.9	2499.2	3332.0
105.6	473.1	1475.4	2534.0	3239.9
119.4	502.8	1469.9	2535.5	3175.8
116.0	479.5	1447.9	2564.0	3332.9
117.6	419.3	1405.7	2609.3	3302.4
118.7	392.5	1397.2	2648.3	3332.4
119.4	302.3	1487.0	2698.1	3483.6
122.7	787.7	1564.4	2662.6	3543.5
126.3	840.6	1931.4	2658.5	3543.7
90.9	1018.0	1849.4	2601.5	3521.0
63.8	858.7	1780.6	2569.8	3337.1
0.0	861.6	1779.2	2585.8	3358.4
0.0	717.3	1452.1	2486.8	3380.1
0.0	664.2	1313.6	2410.6	3363.2
0.0	821.6	1457.7	2487.9	3332.5
0.0	753.4	1468.5	2494.3	3263.9
0.0	709.4	1356.2	2489.0	3193.5
133.3	740.6	1285.8	2491.9	3270.3
119.5	669.1	1267.7	2505.0	3338.6
119.1	629.5	1223.3	2520.7	3331.7
118.3	599.2	1183.8	2532.9	3315.3
115.5	579.4	1133.5	2544.4	3398.2
117.2	527.0	1074.8	2493.9	3330.6
115.4	391.0	1104.1	2450.6	3336.3
118.8	508.2	1468.7	2492.5	3352.6
92.3	877.5	1792.2	2634.1	3518.5
96.8	845.3	1675.7	2649.2	3638.3
0.0	872.7	1598.2	2544.5	3617.2
0.0	750.5	1477.1	2505.6	3542.5
0.0	714.2	1471.9	2496.5	3354.3
0.0	726.1	1618.5	2495.3	3399.8
0.0	668.9	1552.8	2520.9	3583.5
139.5	693.3	1281.2	2636.1	3560.4
0.0	539.8	1085.5	2632.5	3640.1
0.0	528.4	1176.8	2594.7	3690.5
114.5	566.5	1273.8	2607.8	3716.2
111.7	547.1	1362.6	2627.7	3657.1
111.6	532.0	1469.6	2581.4	3645.3
116.1	549.9	1541.3	2581.2	3587.1
122.6	625.4	1598.3	2476.4	3347.4
142.1	734.3	1670.1	2471.6	3453.7
0.0	710.1	1732.4	2492.7	3424.4
0.0	795.9	1748.1	2471.5	3415.6
77.9	1107.6	1694.3	2424.7	3392.6
0.0	959.9	1858.7	2492.4	3328.7
260.9	200.0	1609.9	2421.4	3262.6
272.7	668.5	1880.3	2367.0	3551.9
0.0	822.1	1893.3	2452.3	3608.0
190.5	954.2	1889.2	2524.1	3616.7
0.0	600.0	1892.5	2440.7	3624.0
0.0	627.1	1847.3	2406.4	3515.9
0.0	688.0	1827.4	2577.6	3476.1
428.6	736.9	1782.4	2549.7	3405.1
0.0	845.7	1753.4	2524.9	3273.0
0.0	864.6	1682.0	2561.4	3344.7
181.8	882.3	1652.2	2647.5	3388.4
181.8	883.5	1715.5	2620.3	3352.8
189.3	823.2	1634.5	2536.5	3369.7
67.8	767.5	1600.6	2550.1	3383.0
125.0	805.6	1628.8	2580.5	3374.4
123.7	858.5	1594.1	2576.3	3367.2
