0.0	0.0	0.0	0.0	0.0
0.0	0.0	0.0	0.0	0.0
0.0	0.0	0.0	0.0	0.0
0.0	708.9	1960.7	2481.4	3491.8
0.0	709.7	1945.2	2668.8	3497.1
0.0	828.0	1843.0	2732.8	3535.6
0.0	790.7	1656.8	2472.1	3407.2
0.0	607.8	1628.0	2155.2	3362.9
0.0	588.0	1614.7	2145.4	3297.5
0.0	490.0	1658.0	2439.1	3528.5
0.0	331.3	1643.0	2465.1	3494.2
80.0	411.5	1671.4	2528.1	3413.6
0.0	336.0	1658.1	2383.1	3283.2
0.0	355.6	1784.1	2601.7	3366.3
71.6	347.8	1803.7	2539.8	3365.2
143.4	332.8	1245.3	2055.5	2817.1
140.1	308.0	1235.5	2013.6	2990.9
139.5	435.7	1302.1	2008.3	3180.9
141.2	455.7	1556.1	2012.0	3168.4
0.0	462.2	1614.2	2018.8	3138.9
152.2	466.1	1641.0	2024.8	3135.8
155.3	457.8	1660.2	2005.7	3149.4
154.9	467.9	1643.2	1980.8	3151.4
155.5	466.1	1620.0	1937.4	3155.4
156.1	473.4	1593.1	1893.6	3133.5
156.8	455.1	1584.6	1881.1	3147.9
156.2	452.8	1558.9	1872.3	3143.9
156.3	455.4	1554.1	1861.5	3156.0
155.1	447.3	1553.4	1869.6	3139.3
154.2	445.3	1573.4	1893.5	3180.9
153.2	438.5	1622.6	1935.2	3163.9
152.3	424.1	1693.8	1993.9	3138.9
151.3	448.4	1745.4	2067.3	3103.2
149.4	465.1	1810.4	2138.9	3135.4
148.2	432.0	1849.5	2280.3	3158.3
147.8	386.4	1891.0	2451.2	3211.8
146.3	502.6	1911.3	2484.5	3229.2
146.0	384.7	1952.4	2488.6	3275.4
145.9	446.9	1927.4	2469.8	3326.5
145.7	375.4	1873.5	2431.5	3348.5
144.9	383.6	1793.5	2381.7	3353.9
144.6	383.4	1670.0	2269.7	3316.5
139.5	390.5	1584.7	2258.8	3323.0
136.4	490.5	1557.8	2283.1	3268.8
130.4	359.5	1545.1	2302.9	3252.6
130.4	374.7	1528.8	2401.3	3244.4
133.9	423.0	1506.5	2423.5	3219.3
139.0	468.7	1485.7	2440.5	3220.5
144.3	479.8	1440.7	2442.3	3188.4
144.1	524.3	1413.7	2424.4	3163.9
143.1	541.6	1394.6	2453.9	3150.1
142.9	546.1	1345.6	2467.0	3124.7
142.2	550.6	1321.6	2492.5	3151.0
141.4	523.9	1301.0	2509.8	3141.4
141.0	463.6	1303.1	2467.4	3157.6
140.6	435.0	1327.4	2485.7	3184.1
139.5	396.7	1351.7	2479.8	3214.8
139.5	370.4	1392.8	2479.9	3249.0
137.9	363.8	1409.7	2432.2	3280.5
137.9	356.0	1423.5	2427.3	3336.2
133.3	363.9	1451.1	2502.1	3516.6
133.3	424.3	1496.0	2596.8	3725.0
129.0	436.9	1537.2	2803.3	3789.9
125.0	680.1	1606.1	2978.0	3814.3
125.0	719.4	1676.2	3057.9	3931.7
130.4	735.2	1773.6	2957.9	3899.8
134.8	676.7	1823.5	2704.1	3796.3
118.8	687.4	1881.4	2739.1	3722.5
139.5	644.7	2022.6	2909.8	3767.9
136.4	474.0	2072.5	2835.2	3697.2
144.6	491.6	1915.2	2633.1	3354.2
144.2	348.3	1985.3	2604.1	3201.7
142.9	397.9	1986.2	2529.1	3189.4
143.9	424.6	1992.2	2392.6	3180.4
143.5	361.3	1989.0	2280.5	3164.8
142.9	394.5	1972.4	2227.3	3150.2
142.9	349.3	1965.4	2208.1	3182.3
142.9	357.4	1922.4	2118.9	3206.2
141.2	359.0	1854.5	2162.2	3215.0
142.9	349.4	1788.8	2169.0	3191.8
142.9	372.4	1750.0	2201.2	3136.5
142.9	350.3	1687.9	2567.1	3140.5
142.1	346.8	1563.3	2450.4	3290.9
140.9	331.9	1296.7	2386.3	3375.1
140.3	333.5	1540.5	2397.9	3320.2
141.2	355.6	1538.2	2428.9	3233.6
140.6	451.7	1482.0	2495.3	3145.2
137.5	481.3	1427.2	2299.1	3045.7
136.8	510.9	1314.9	2137.9	3078.8
134.7	492.1	1250.7	2144.3	3082.6
130.7	510.2	1200.6	2173.1	3106.2
125.0	475.7	1303.2	2287.8	3253.4
120.1	970.5	1644.4	2553.8	3430.4
114.5	948.5	1641.1	2573.5	3377.5
151.9	907.7	1709.6	2556.4	3329.9
0.0	844.9	1824.2	2577.6	3376.5
0.0	1023.5	1800.5	2608.9	3405.7
387.1	1202.5	1889.6	2686.2	3457.1
218.2	887.9	1864.6	2705.3	3450.0
0.0	1177.8	1938.0	2671.0	3516.3
0.0	898.6	1900.6	2546.6	3486.6
0.0	930.8	1789.2	2514.1	3485.0
0.0	876.8	1714.1	2568.9	3478.7
0.0	846.3	1612.5	2625.4	3362.9
400.0	688.1	1137.9	2374.6	3224.2
187.5	458.2	937.1	2187.0	3122.4
0.0	490.3	812.8	2050.4	2855.1
0.0	481.6	801.8	2040.2	2840.7
130.6	489.5	802.2	2042.0	2947.1
131.8	487.4	804.7	2038.5	2860.6
132.1	490.4	800.9	2028.6	2858.9
129.2	497.1	815.7	2100.3	2867.4
129.3	431.9	805.8	2105.2	2600.2
128.6	445.3	810.1	2149.5	2603.0
126.5	391.8	841.5	2100.8	2586.2
125.9	457.5	937.2	2092.0	2625.3
126.2	457.9	978.0	1968.9	2579.6
126.5	435.0	1011.8	1908.9	2510.2
124.7	397.0	1041.3	1847.8	2616.9
124.5	451.8	1088.5	1816.8	2732.0
125.2	509.6	1126.0	1907.4	3166.0
126.2	485.0	1121.3	1849.6	3357.3
122.2	350.1	1115.8	1818.5	3440.4
123.3	377.4	1082.5	1752.2	3484.2
125.7	476.0	1148.1	1754.5	3448.9
124.9	507.0	1583.4	2158.3	3499.9
123.1	353.3	1414.8	1934.3	3462.6
122.5	379.4	1034.7	1991.6	3402.9
119.7	378.5	958.6	1992.5	3315.9
119.4	379.9	1500.5	2361.0	3272.6
115.8	784.9	1892.6	2770.2	3530.4
111.7	812.9	1861.5	2894.3	3689.5
120.0	836.1	1864.1	3056.4	3863.7
203.4	927.9	1975.1	3091.9	3898.7
0.0	812.1	2140.7	2976.8	3815.4
0.0	815.4	2222.2	2977.2	3854.3
285.7	754.9	1870.4	2943.9	3798.6
0.0	709.1	1618.4	2781.6	3684.4
0.0	1045.2	1801.5	2889.6	3752.7
118.8	900.8	1774.5	2855.8	3900.5
500.0	867.8	1724.3	2753.9	3806.7
0.0	841.0	1586.1	2642.2	3648.8
521.7	652.5	1569.1	2488.0	3446.7
0.0	532.9	1389.0	2455.2	3177.9
0.0	478.6	1225.5	2529.5	3116.4
145.8	487.1	1226.6	2527.3	3106.0
136.4	559.4	1204.4	2504.8	3083.8
133.3	517.8	1189.2	2503.3	3079.5
132.2	472.5	1185.0	2508.8	3087.0
131.2	549.0	1165.9	2521.8	3095.9
129.9	386.2	1163.6	2510.4	3130.5
125.8	354.9	1153.6	2443.9	3091.0
120.4	415.3	1129.3	2407.6	3129.6
117.7	390.2	1168.6	2441.5	3163.2
120.9	522.8	1253.0	2506.5	3148.3
122.9	541.3	1314.6	2535.1	3179.9
127.7	539.5	1397.1	2534.2	3154.5
127.6	538.4	1487.7	2499.4	3160.9
127.4	534.8	1574.3	2447.6	3214.9
126.6	507.6	1666.7	2410.6	3215.4
126.6	489.9	1712.3	2332.5	3163.1
126.3	489.7	1692.7	2188.1	3147.8
126.1	468.0	1560.0	2049.6	3147.7
126.0	385.9	1322.3	2042.0	3166.2
127.8	380.5	1111.9	2065.6	3240.5
127.7	404.8	981.3	2095.4	3240.8
127.4	398.4	873.6	2125.7	3078.7
127.6	436.0	823.7	2164.9	2868.2
130.1	435.4	795.3	2214.6	2723.1
130.8	440.5	784.9	2302.4	3029.4
131.8	436.3	790.1	2263.8	3097.5
131.3	446.0	790.7	2208.7	3037.3
130.4	501.0	829.9	2213.0	3070.9
129.3	481.1	827.7	2234.5	3069.0
129.2	446.5	818.2	2337.8	3085.9
128.3	424.3	830.8	2294.4	3062.4
126.7	461.3	838.1	2356.9	3090.2
120.5	455.7	830.9	2428.4	3179.0
107.8	430.1	810.6	2454.1	3238.6
89.0	310.5	1605.1	2438.8	3402.9
258.2	318.9	1702.0	2377.1	3408.2
65.5	341.5	1777.8	2425.5	3401.1
105.3	337.7	1863.4	2631.2	3496.3
77.8	285.2	1579.9	2425.9	3361.8
127.7	330.3	1427.0	2411.9	3226.4
113.2	455.1	1442.9	2523.4	3220.3
0.0	507.5	1591.9	2278.3	3141.5
0.0	386.3	1857.5	2320.6	3153.2
133.2	364.6	1998.9	2501.6	3178.3
129.8	388.4	2021.8	2577.7	3216.8
127.7	373.6	2046.1	2610.5	3247.0
123.7	352.2	2056.4	2613.5	3250.8
123.7	323.8	2095.2	2588.7	3248.9
122.4	376.2	2042.4	2482.8	3255.9
125.0	419.5	2011.0	2441.2	3276.8
125.0	468.9	1753.8	2444.7	3283.8
131.9	800.1	1738.2	2411.9	3308.5
69.0	755.5	1701.6	2425.0	3412.0
0.0	694.6	1620.7	2462.1	3445.4
0.0	750.9	1663.3	2504.9	3372.5
155.8	765.7	1671.2	2482.0	3357.4
0.0	752.3	1621.1	2490.8	3411.9
169.0	765.5	1618.6	2421.3	3441.1
0.0	759.4	1618.8	2458.9	3401.3
0.0	807.3	1615.5	2436.3	3242.6
240.0	830.6	1707.9	2458.8	3263.4
461.5	871.8	1699.8	2405.0	3357.7
0.0	600.5	1234.5	2031.7	3168.8
0.0	613.7	1268.1	2033.7	3119.3
133.1	625.2	1359.5	2050.4	3150.0
133.2	664.1	1433.5	2092.0	3189.8
130.0	680.8	1455.5	2099.7	3199.5
130.5	716.9	1493.5	2142.0	3231.2
130.8	746.4	1548.5	2140.4	3263.6
129.4	682.7	1543.3	2100.2	3264.0
128.2	727.3	1583.9	2137.7	3283.6
126.7	679.7	1612.2	2181.4	3291.6
126.5	625.4	1577.1	2287.8	3223.1
125.3	669.6	1550.1	2303.9	3248.5
123.8	680.8	1477.8	2360.6	3261.1
122.6	693.0	1437.8	2429.1	3219.9
121.6	696.8	1404.4	2449.3	3208.3
119.8	719.2	1356.2	2550.4	3176.5
117.7	676.9	1281.3	2540.1	3150.2
116.2	710.8	1233.9	2456.0	3137.2
115.3	588.0	1085.4	2555.0	3192.5
112.3	576.4	1008.6	2576.9	3160.5
110.3	575.6	1033.0	2584.1	3158.3
109.2	548.3	951.5	2463.2	3079.2
107.3	544.5	956.1	2389.1	3012.0
107.4	556.1	976.1	2443.0	3051.6
106.5	552.2	986.4	2577.8	3105.3
105.7	560.3	1001.0	2619.0	3174.3
107.9	555.7	1020.9	2618.4	3299.2
107.9	545.9	1058.2	2606.3	3363.4
108.1	355.4	1111.3	2633.7	3376.9
107.0	352.4	1085.9	2659.8	3403.0
111.9	357.3	1062.5	2677.4	3383.7
116.8	354.7	1056.8	2617.3	3337.7
114.1	363.2	1067.8	2392.7	3221.7
119.8	368.1	1043.9	2476.8	3116.0
123.5	406.0	1321.5	2590.7	3174.3
127.7	427.3	1650.8	2465.7	3322.6
134.8	476.8	1607.9	2537.2	3306.8
0.0	736.6	1436.4	2575.2	3262.7
444.4	765.2	1409.8	2521.5	3192.4
0.0	778.2	1462.7	2534.3	3244.0
231.9	789.8	1521.8	2504.8	3252.6
253.0	815.1	1447.6	2485.5	3173.3
0.0	778.4	1425.6	2520.5	3105.4
111.1	722.9	1485.9	2527.3	3128.7
0.0	843.9	1472.1	2523.9	3098.7
0.0	937.5	1489.1	2488.6	3167.1
0.0	899.6	1479.9	2553.6	3234.7
101.7	780.6	1472.6	2580.9	3138.7
