0.0	0.0	0.0	0.0	0.0
0.0	0.0	0.0	0.0	0.0
0.0	0.0	0.0	0.0	0.0
0.0	783.5	1710.6	2254.5	3470.6
0.0	786.7	1764.9	2340.7	3406.8
461.5	799.2	1713.4	2360.7	3449.0
146.3	806.8	1678.1	2306.9	3417.3
222.2	812.7	1688.5	2275.6	3331.3
0.0	724.9	1715.8	2314.3	3466.0
0.0	654.5	1683.6	2336.4	3389.6
0.0	663.6	1685.3	2617.5	3465.6
0.0	857.5	1754.9	2735.1	3628.7
0.0	888.0	1866.0	2704.5	3516.2
0.0	743.0	1783.6	2574.0	3420.0
0.0	661.2	1663.5	2452.1	3450.7
0.0	606.9	1677.0	2503.6	3484.5
0.0	905.9	1755.7	2637.4	3495.7
0.0	848.1	1750.9	2583.2	3455.4
0.0	802.4	1681.6	2549.2	3417.6
521.7	843.5	1803.3	2556.7	3454.1
375.0	876.3	1877.6	2691.0	3535.2
352.9	862.7	1899.0	2707.7	3570.4
352.9	886.0	1800.1	2636.1	3670.0
571.4	1055.0	1738.7	2603.3	3593.3
0.0	933.0	1641.2	2469.2	3349.1
0.0	822.1	1866.4	2412.0	3393.2
0.0	710.7	1905.1	2355.1	3373.1
120.0	693.4	1716.9	2347.8	3224.5
127.7	624.2	1649.0	2364.2	3260.0
0.0	528.9	1344.1	1775.9	3119.6
190.8	546.3	1341.7	1731.1	3182.3
175.7	544.4	1360.6	1739.0	3307.1
177.8	540.8	1417.1	1805.1	3367.3
180.1	558.8	1474.9	1991.0	3407.8
183.7	561.3	1501.3	2095.0	3334.0
186.2	568.7	1525.9	2136.6	3201.5
188.1	559.2	1560.0	2206.7	3213.5
189.3	562.5	1614.2	2290.1	3076.4
188.5	568.1	1664.8	2348.5	2956.6
188.1	564.1	1661.9	2307.0	2794.6
187.9	575.1	1650.2	2116.3	2533.7
187.4	606.0	1530.0	1772.4	2553.9
188.0	425.2	1239.9	1826.6	2619.5
181.9	622.1	1347.8	2571.1	3354.5
182.8	325.2	1369.0	2631.2	3373.2
180.3	333.9	1353.2	2489.5	3247.1
181.8	394.4	1364.6	2121.3	3140.9
190.5	419.4	1382.1	2108.6	3235.0
189.7	410.9	1410.3	2129.5	3329.9
195.0	558.4	1653.1	2211.2	3377.1
189.0	568.3	1701.0	2246.5	3461.9
185.0	569.2	1718.1	2241.6	3490.5
186.1	574.0	1716.6	2315.3	3452.0
187.1	578.8	1725.6	2331.0	3330.6
188.5	598.8	1704.4	2272.0	3243.2
189.6	639.3	1714.3	2339.6	3308.5
190.0	655.6	1723.2	2334.8	3560.7
190.2	649.4	1738.4	2406.9	3592.6
190.1	638.4	1740.7	2525.4	3534.7
190.0	604.1	1751.9	2574.4	3569.5
190.4	578.6	1762.6	2577.9	3536.0
192.1	565.6	1774.4	2581.5	3481.4
190.3	564.1	1818.8	2635.3	3481.8
184.8	613.6	1860.8	2667.3	3474.4
173.4	545.0	1787.7	2671.8	3483.7
63.5	896.8	1799.3	2657.3	3518.6
78.4	1331.6	2189.7	3046.3	3512.9
0.0	1182.8	2180.7	3040.4	3645.8
0.0	1098.0	2173.5	3171.9	3766.6
0.0	1381.6	2325.1	3266.1	3780.3
0.0	811.9	2396.1	3199.8	3665.9
300.0	833.1	2144.7	2986.5	3519.5
0.0	557.5	2031.4	2832.8	3491.8
0.0	497.0	1862.6	2714.4	3470.3
0.0	511.6	2047.8	2694.5	3439.5
202.0	560.3	2126.0	2651.3	3471.8
187.2	563.1	2166.8	2609.0	3463.2
178.7	556.3	1794.2	2567.7	3490.9
175.9	554.6	1855.4	2514.9	3569.0
172.6	525.5	1845.1	2418.3	3529.0
169.8	504.8	1575.1	2362.1	3489.7
168.0	495.9	1515.7	2339.6	3447.2
167.1	483.6	1524.7	2370.1	3434.1
166.6	478.4	1525.7	2443.0	3447.5
166.6	468.5	1553.2	2486.2	3557.7
167.0	469.5	2347.5	3098.1	3634.0
166.5	445.0	2357.0	3234.0	3653.2
165.9	457.0	2298.5	3210.3	3633.4
165.4	472.5	2184.6	3087.2	3585.0
165.1	467.3	2046.8	2878.9	3521.4
165.0	500.1	2055.1	2849.8	3459.1
167.2	506.7	1987.8	2857.4	3394.6
167.2	498.5	1916.6	2607.3	3343.9
167.3	513.1	1804.5	2304.7	3354.5
168.4	522.0	1610.7	2292.2	3335.6
168.4	541.7	1529.7	2191.2	3310.1
167.6	553.6	1446.7	2140.9	3281.9
167.0	583.4	1381.3	2077.3	3209.1
166.2	604.8	1289.0	2075.3	3216.8
166.4	612.0	1219.1	2073.5	3319.6
166.7	637.6	1215.4	2093.5	3336.9
167.0	645.1	1198.9	2154.5	3329.9
166.9	652.4	1198.0	2068.1	3342.9
166.6	669.8	1192.8	1930.7	3374.9
166.7	670.1	1187.3	1862.9	3360.3
166.6	672.5	1194.5	1882.9	3370.6
166.6	683.2	1195.5	1867.5	3397.3
166.4	679.9	1201.5	1854.1	3400.0
166.1	678.2	1217.2	1808.8	3397.0
166.7	685.5	1222.5	1786.0	3369.4
166.9	678.3	1218.2	1797.1	3365.1
166.6	674.0	1228.0	1763.7	3393.9
166.7	677.6	1233.6	1781.6	3392.9
166.2	660.0	1229.5	1751.7	3387.4
166.0	661.8	1250.4	1777.6	3385.2
166.7	690.0	1293.9	1783.3	3367.1
166.6	675.3	1297.8	1790.1	3351.4
166.3	652.6	1326.6	1835.7	3352.9
167.3	658.1	1380.1	1852.5	3351.4
166.8	642.0	1463.9	1883.7	3329.0
166.7	629.7	1511.5	1930.3	3280.6
167.1	597.1	1575.4	1947.0	3227.3
166.8	558.3	1634.9	1976.2	3089.8
166.7	500.7	1684.0	2014.9	2860.4
168.2	473.7	1709.2	2266.4	2973.6
168.2	516.3	1732.8	2466.0	3383.8
167.9	541.4	1762.7	2471.3	3476.7
168.8	540.7	1808.2	2467.0	3370.8
168.5	532.8	1884.9	2542.9	3231.5
168.1	528.0	2150.9	2621.8	3676.1
167.9	504.6	2081.8	2611.2	3777.2
167.0	488.1	2078.4	2613.1	3890.5
167.0	464.9	1939.3	2584.8	3758.6
168.0	450.7	1942.0	2543.0	3407.5
84.6	493.1	1992.4	2705.5	3382.4
86.4	495.6	2019.3	2748.6	3556.2
86.7	525.1	2040.2	2764.2	3591.1
82.3	523.6	2059.3	2711.6	3520.1
76.8	507.6	2041.3	2625.5	3496.9
181.3	508.7	2032.0	2687.0	3480.0
152.2	478.6	1975.8	2559.7	3126.0
153.0	477.7	1928.3	2425.4	3010.0
150.2	412.2	1853.8	2438.2	3175.5
145.0	371.1	1827.7	2471.5	3114.1
147.6	366.1	1797.9	2502.0	3082.5
146.0	374.7	2068.8	2558.5	3329.7
145.9	362.3	1993.9	2539.8	3379.4
145.1	323.6	1867.3	2484.2	3266.3
145.5	476.3	1821.3	2497.8	3321.6
142.4	477.2	1709.5	2545.4	3330.4
138.5	264.0	1674.8	2606.0	3290.3
67.4	336.5	1801.5	2740.3	3456.0
67.4	834.0	1785.5	2744.4	3466.8
0.0	664.5	1787.4	2715.6	3561.2
0.0	760.6	1898.3	2665.5	3615.8
0.0	693.3	1915.3	2618.9	3465.0
136.4	704.6	1928.5	2579.9	3134.6
244.9	695.5	1897.7	2574.0	3106.8
142.9	707.1	1905.1	2522.9	3132.4
545.5	753.5	1858.3	2483.2	3309.9
181.8	743.2	1810.0	2460.1	3228.0
0.0	692.1	1733.1	2410.8	3227.6
187.3	713.2	1704.5	2364.2	3308.2
171.7	700.1	1638.0	2330.9	3265.5
168.9	743.7	1619.0	2335.8	3264.6
167.1	779.0	1603.4	2345.4	3327.8
164.6	778.0	1588.7	2352.3	3425.4
163.2	785.3	1552.5	2338.8	3440.4
162.5	783.7	1533.1	2375.5	3493.5
161.4	755.4	1512.0	2379.2	3536.2
162.1	680.5	1475.8	2246.8	3481.7
163.1	614.4	1431.4	2189.8	3413.0
163.9	466.4	1427.2	2475.8	3383.6
159.5	221.4	1490.6	2619.7	3430.2
72.0	309.6	1652.7	2653.8	3471.9
85.7	572.8	1765.7	2560.8	3408.5
90.2	311.4	1646.9	2475.0	3314.8
0.0	728.4	1724.1	2624.8	3247.1
0.0	606.7	1680.1	2602.6	3184.4
0.0	579.3	1660.7	2509.0	3290.9
172.2	624.5	1695.3	2586.9	3352.8
163.2	617.5	1932.9	2994.8	3532.7
151.9	510.9	2093.7	3129.0	3570.8
146.3	453.6	2233.1	3248.3	3501.8
93.0	534.0	2353.5	3282.6	3576.4
244.9	1157.5	2523.6	3513.1	3548.3
0.0	492.7	2449.6	3493.6	3499.9
0.0	913.5	2310.8	3130.4	3561.6
226.4	1178.6	2315.5	2978.9	3540.3
0.0	655.8	2208.9	2828.1	3370.8
0.0	1065.2	2177.6	2791.6	3400.9
0.0	1162.8	2278.7	2786.8	3481.1
0.0	1481.8	2329.9	2878.7	3469.0
0.0	499.2	1929.2	2419.7	3267.2
0.0	596.7	2036.1	2405.8	3289.0
150.0	417.0	1893.1	2238.1	3236.0
0.0	420.6	1856.4	2181.8	3168.1
179.6	432.7	1901.1	2223.7	3207.7
161.0	431.8	1968.7	2295.0	3265.6
159.8	514.6	2022.0	2342.7	3253.4
156.9	479.3	2088.0	2410.7	3207.6
155.8	489.2	2118.6	2509.8	3173.3
155.1	449.7	2119.2	2582.4	3153.1
151.9	458.4	2071.0	2561.5	3300.0
150.5	445.1	2141.9	2536.0	3371.1
150.2	433.1	2357.5	2528.1	3424.4
150.9	463.8	2426.5	2523.4	3430.2
150.5	420.5	2414.2	2458.9	3444.2
149.5	443.6	2341.0	2534.7	3438.4
149.9	422.7	2078.4	2508.8	3366.0
150.3	443.0	2168.9	2585.8	3523.8
153.4	435.9	2231.9	2663.7	3583.8
151.7	446.6	2270.4	2719.5	3597.3
151.9	439.1	2279.0	2725.0	3596.6
152.9	448.2	2289.3	2713.8	3593.3
152.7	446.3	2288.3	2713.4	3575.6
153.8	448.2	2290.1	2724.0	3612.3
152.7	454.4	2275.4	2723.8	3591.1
153.9	465.3	2276.9	2690.5	3584.8
153.3	459.6	2232.6	2624.5	3580.0
153.8	473.8	2190.5	2608.0	3560.7
153.8	453.4	2104.3	2568.0	3511.4
152.6	456.7	2056.0	2570.2	3425.3
152.2	444.6	1880.7	2490.3	3367.7
150.5	441.0	1709.2	2439.8	3308.6
147.9	438.9	1603.3	2442.5	3202.5
144.2	461.9	1537.8	2456.8	3417.2
143.1	460.4	1494.1	2418.3	3549.8
141.5	481.4	1394.3	2405.4	3560.2
139.3	516.5	1314.7	2392.6	3548.2
139.0	526.2	1268.9	2403.1	3481.2
134.6	521.1	1182.7	2419.0	3479.0
136.1	538.8	1140.1	2396.6	3377.3
132.5	543.8	1111.0	2383.3	3285.4
129.0	517.0	1050.1	2393.4	3237.4
137.9	519.9	1023.4	2393.0	3172.1
129.0	549.6	1022.3	2338.0	3118.3
127.9	522.0	967.0	2408.1	3112.5
128.0	536.3	984.9	2433.1	3203.4
129.0	560.1	963.3	2409.7	3252.2
127.7	538.3	935.8	2393.4	3101.2
129.4	554.1	937.4	2405.8	3153.3
130.4	582.3	907.0	2459.5	3208.5
134.8	643.0	1211.5	2473.4	3087.9
131.9	683.9	1725.5	2609.4	3168.3
131.2	859.0	2100.0	2828.5	3273.2
130.9	821.3	2032.8	2669.6	3245.1
77.5	786.6	1979.3	2677.4	3260.4
266.7	761.8	1664.2	2389.4	3094.5
0.0	737.8	1551.1	2387.1	3057.5
210.5	811.6	2001.2	2797.6	3284.6
0.0	781.4	1896.9	2750.8	3265.9
0.0	768.2	1546.6	2441.6	3263.7
0.0	748.4	1577.5	2492.9	3278.5
214.3	716.9	1566.5	2397.4	3212.4
226.4	771.5	1546.9	2461.5	3208.0
