0.0	0.0	0.0	0.0	0.0
0.0	0.0	0.0	0.0	0.0
0.0	0.0	0.0	0.0	0.0
0.0	637.0	1640.4	2366.2	3427.9
0.0	686.5	1529.4	2363.0	3400.4
0.0	744.7	1516.5	2431.4	3356.5
0.0	656.2	1532.3	2451.5	3360.5
0.0	743.8	1433.0	2377.2	3375.0
0.0	796.8	1495.7	2421.0	3320.0
0.0	862.9	1615.5	2534.2	3473.3
0.0	774.3	1705.9	2686.5	3562.2
0.0	623.2	1736.1	2666.5	3403.8
187.5	606.4	1639.5	2641.1	3354.9
0.0	777.3	1710.0	2583.9	3453.8
0.0	887.2	1821.6	2573.7	3446.8
0.0	860.9	1873.7	2536.0	3481.4
0.0	789.5	1825.9	2572.5	3414.9
0.0	758.2	1782.3	2633.1	3439.2
0.0	853.5	1749.5	2918.8	3529.1
0.0	581.4	1773.4	3057.2	3624.7
0.0	652.7	1734.9	3024.7	3606.5
0.0	636.0	1689.2	2704.4	3521.5
0.0	798.5	1688.9	2680.1	3483.8
155.8	781.5	1665.4	2564.9	3441.3
0.0	370.7	1689.5	2527.8	3400.0
0.0	376.5	1705.0	2514.9	3407.2
115.6	406.6	1706.8	2529.4	3427.9
115.8	477.9	1728.6	2542.7	3416.2
113.4	573.7	1750.7	2560.7	3496.4
111.3	619.8	1774.1	2561.2	3529.2
111.0	591.4	1796.3	2554.1	3447.2
111.1	371.1	1840.9	2521.5	3451.6
112.9	422.6	1862.2	2575.1	3511.3
114.5	391.1	1877.3	2623.4	3536.7
117.8	367.5	1874.7	2630.3	3543.8
121.2	384.8	1881.5	2618.2	3540.3
123.7	394.3	1874.8	2621.3	3568.9
127.4	420.6	1847.1	2611.5	3554.5
128.0	435.7	1819.0	2576.4	3545.2
128.9	425.6	1795.9	2582.5	3562.4
130.2	427.7	1782.2	2613.5	3610.5
129.5	465.3	1762.3	2696.5	3605.3
128.4	489.2	1734.4	2724.4	3620.7
125.0	464.6	1719.8	2811.2	3634.1
120.0	789.7	1742.3	2967.4	3803.4
112.1	844.4	1740.9	3124.1	3879.4
0.0	921.6	1815.3	3116.0	3870.6
324.3	756.4	1813.4	3036.1	3749.6
0.0	808.9	1761.9	3068.3	3694.5
193.5	776.9	1727.9	3073.4	3712.7
461.5	844.4	1767.7	3130.0	3716.7
461.5	850.0	1703.6	2873.8	3586.7
0.0	664.4	1669.5	2691.3	3500.3
387.1	810.8	1714.7	2716.7	3456.4
110.1	886.4	1694.8	2643.1	3414.7
73.6	612.2	1632.5	2534.3	3248.3
0.0	434.2	1519.4	2404.2	3080.8
147.7	427.1	1413.3	2309.9	3025.3
98.8	438.5	1287.5	1972.1	3038.0
98.9	528.1	1313.5	2253.0	3280.1
92.5	305.8	1313.9	2420.9	3415.5
88.2	962.3	1760.4	2638.2	3428.7
66.7	898.5	1805.3	2633.4	3420.6
0.0	964.4	1830.3	2615.4	3438.1
0.0	1001.9	1837.4	2691.1	3444.4
0.0	769.4	1632.3	2575.3	3355.8
0.0	1181.4	1809.1	2618.6	3449.9
0.0	1171.9	1798.2	2454.1	3344.5
0.0	901.0	1473.8	2253.2	3204.4
0.0	743.2	1288.9	2280.1	3070.2
0.0	730.6	1325.1	2321.4	3121.4
0.0	704.7	1312.9	2250.9	3212.4
428.6	740.5	1283.0	1921.7	3156.0
0.0	560.3	1242.5	1850.0	3111.0
140.0	587.9	1268.0	1859.9	3088.7
125.6	597.2	1259.0	1905.1	3060.1
123.5	597.4	1265.3	1999.2	3095.1
123.2	623.1	1289.3	2124.4	3163.4
119.5	654.3	1330.2	2215.8	3173.1
118.8	664.0	1336.6	2286.3	3210.3
118.6	665.7	1341.0	2335.5	3277.9
117.7	667.4	1362.6	2364.7	3310.2
116.9	666.9	1381.9	2386.3	3344.5
115.4	660.2	1385.1	2404.1	3372.7
113.6	671.0	1393.0	2415.0	3385.0
112.2	685.1	1413.0	2418.1	3428.0
110.5	688.5	1424.8	2430.9	3469.3
108.9	689.9	1431.0	2444.4	3468.5
107.1	689.0	1431.6	2480.5	3441.6
105.7	667.5	1440.5	2492.9	3481.8
104.3	680.5	1461.4	2498.3	3440.2
103.4	664.5	1475.1	2514.1	3439.0
103.0	639.4	1494.6	2521.0	3487.9
102.7	615.4	1520.4	2475.5	3457.8
101.9	587.3	1531.0	2483.9	3504.9
101.9	534.6	1551.6	2507.4	3542.5
100.4	477.3	1578.0	2617.9	3717.7
100.3	464.5	1585.7	2739.4	3756.5
96.3	671.8	1594.9	2776.1	3674.4
324.3	375.0	1684.8	2980.7	3689.6
87.0	905.7	1963.7	3086.7	3732.2
85.1	736.4	1866.1	2989.1	3699.1
0.0	889.4	1789.0	2855.8	3692.6
352.9	507.6	1673.3	2763.7	3669.8
0.0	463.9	1697.4	2669.7	3614.1
0.0	496.7	1711.0	2675.6	3620.5
95.2	495.8	1696.9	2664.3	3625.1
93.8	448.3	1711.5	2635.8	3536.0
177.9	420.5	1723.6	2633.7	3437.2
87.4	404.4	1710.6	2631.5	3486.3
85.8	413.2	1708.7	2650.3	3567.2
85.0	412.3	1702.6	2733.9	3622.0
85.0	506.5	1773.4	2965.0	3469.4
83.7	788.3	1983.0	3123.5	3552.4
82.2	899.6	1803.1	3046.6	3492.7
0.0	785.4	1731.0	2973.1	3393.5
0.0	763.4	1695.5	2726.2	3325.9
352.9	715.6	1545.0	2390.9	3202.8
90.2	1146.1	1694.3	2483.6	3286.2
0.0	807.6	1634.2	2541.4	3317.2
0.0	909.3	1780.9	2625.1	3417.3
0.0	650.3	1834.7	2696.0	3327.1
0.0	909.6	1684.1	2566.3	3330.1
0.0	941.5	1662.6	2661.7	3459.2
0.0	517.4	1582.8	2620.3	3353.8
0.0	805.2	1584.7	2577.4	3249.8
0.0	787.9	1540.8	2541.3	3293.9
0.0	686.4	1489.9	2559.6	3347.2
0.0	730.6	1646.2	2836.6	3471.5
216.7	890.1	1768.0	2794.7	3500.5
79.2	731.3	1132.2	2699.4	3497.2
0.0	632.4	1043.3	2722.1	3571.3
0.0	650.6	1095.1	2749.9	3554.9
119.0	654.7	1172.4	2736.1	3499.0
117.5	651.7	1247.2	2708.1	3474.3
116.5	656.6	1334.7	2672.2	3436.4
115.9	638.7	1438.8	2625.0	3429.1
115.4	643.7	1522.5	2602.3	3499.4
115.5	634.3	1586.3	2570.3	3487.7
114.3	630.4	1627.4	2569.4	3530.1
113.2	627.1	1684.6	2552.6	3540.2
113.1	623.8	1697.4	2506.5	3536.4
113.1	628.4	1697.9	2501.0	3498.7
112.8	621.4	1686.1	2449.8	3505.1
112.3	621.3	1648.2	2378.3	3517.3
111.2	614.2	1586.5	2417.7	3519.0
110.8	610.4	1456.8	2406.9	3411.9
109.5	601.5	1319.5	2266.0	3201.9
108.4	601.4	1145.8	2118.7	3069.7
107.3	568.2	962.5	2195.8	3065.8
106.3	517.9	831.0	2334.2	3091.5
105.1	462.0	725.3	2380.1	3129.8
104.0	448.1	741.5	2337.1	3140.0
102.6	555.9	2046.8	2969.9	3354.8
100.9	461.8	744.6	2272.6	3112.7
100.9	459.7	789.0	2248.5	3133.5
102.6	476.0	867.1	2159.7	3165.1
102.4	465.1	906.9	2028.0	3181.6
103.4	468.9	959.6	1946.5	3140.6
104.4	471.2	992.7	1870.5	3183.2
104.7	486.7	1045.9	1821.8	3270.6
105.2	509.3	1093.6	1768.4	3240.0
105.2	515.8	1125.5	1726.0	3238.9
104.7	516.2	1177.7	1685.9	3251.2
104.5	525.5	1215.0	1669.6	3255.3
104.3	502.9	1237.1	1671.6	3247.7
103.4	490.5	1265.5	1676.9	3256.1
105.2	474.4	1294.4	1720.4	3291.8
103.3	442.6	1318.9	1767.8	3280.5
107.1	425.1	1339.9	1828.9	3335.1
67.8	432.1	1343.6	1913.5	3384.1
67.3	512.4	1416.6	2292.0	3356.2
63.5	393.6	1405.4	2458.2	3465.5
0.0	801.5	1687.3	2659.2	3454.8
0.0	726.4	1668.6	2577.6	3284.8
0.0	778.1	1767.2	2596.0	3444.9
0.0	856.9	1809.1	2699.6	3654.3
0.0	893.0	1753.5	2636.1	3531.1
0.0	772.5	1745.7	2623.0	3433.3
0.0	642.2	1658.0	2591.7	3406.1
0.0	931.4	1736.2	2542.3	3472.9
0.0	709.0	1478.1	2483.4	3390.0
0.0	721.0	1601.5	2440.0	3296.3
0.0	1043.5	1626.5	2500.0	3319.8
0.0	781.8	1347.1	2153.8	3119.2
240.0	751.7	1332.6	2081.9	3241.5
117.6	731.6	1318.6	1879.3	3234.5
400.0	786.4	1419.5	1930.8	3261.9
0.0	700.4	1251.7	1767.1	3255.6
0.0	528.9	1245.6	1704.9	3299.3
112.0	520.9	1263.3	1696.8	3337.3
109.1	523.7	1287.2	1706.4	3262.4
106.4	535.4	1302.8	1736.0	3190.7
103.9	524.4	1322.3	1741.8	3190.5
102.7	509.9	1370.0	1748.8	3185.3
100.4	495.8	1360.3	1778.6	3185.9
98.5	488.7	1365.3	1801.5	3197.8
95.9	508.2	1421.1	1827.6	3252.5
91.5	594.0	1535.9	1925.0	3241.6
89.6	642.1	1697.0	2372.3	3317.7
81.1	715.9	1600.4	2506.3	3404.4
110.1	862.5	1751.8	2635.3	3436.3
0.0	723.4	1704.0	2584.5	3367.5
0.0	809.9	1625.8	2486.8	3335.3
0.0	722.1	1589.9	2425.9	3357.8
0.0	681.0	1605.9	2413.3	3305.7
210.5	730.9	1641.6	2436.3	3262.2
0.0	481.2	1652.3	2288.2	3272.7
0.0	515.2	1660.4	2303.3	3316.5
0.0	506.2	1637.8	2348.4	3386.5
79.4	459.0	1629.0	2325.5	3446.9
89.6	506.1	1597.0	2335.9	3503.5
71.8	487.7	1532.9	2390.6	3540.5
111.1	694.9	1499.4	2556.5	3599.9
111.8	733.5	1430.3	2545.5	3479.3
0.0	734.6	1358.8	2613.6	3352.9
0.0	770.0	1324.1	2891.4	3448.3
0.0	1047.9	1551.4	2998.7	3401.3
0.0	937.0	1818.7	2967.2	3298.3
0.0	838.3	1776.9	2797.6	3367.7
545.5	878.8	1774.5	2795.1	3411.2
500.0	663.0	1131.6	2657.8	3404.0
0.0	529.3	1126.0	2657.9	3428.9
0.0	490.5	1130.3	2655.5	3516.5
0.0	487.8	1211.4	2653.4	3478.9
108.1	538.4	1245.6	2599.8	3421.6
95.2	580.1	1326.9	2600.1	3439.5
78.4	645.4	1420.2	2561.9	3452.9
80.5	711.8	1527.2	2553.9	3367.7
84.5	752.7	1653.3	2543.8	3385.3
81.1	720.7	1715.4	2665.9	3471.1
82.8	698.6	1761.5	2663.3	3474.1
87.0	753.5	1799.1	2643.0	3432.2
85.1	735.5	1825.6	2751.1	3405.3
88.2	629.3	1875.9	2705.4	3433.1
214.3	716.1	1813.4	2617.4	3469.7
0.0	738.0	1854.0	2637.8	3469.6
0.0	758.3	1847.8	2629.7	3418.3
0.0	732.2	1813.6	2589.4	3482.9
0.0	663.0	1742.8	2375.4	3352.6
162.2	690.7	1719.1	2392.0	3303.4
171.4	699.9	1677.3	2509.8	3391.1
184.6	693.4	1704.3	2308.6	3377.5
67.4	678.8	1600.7	2106.3	3369.8
0.0	500.1	1654.5	2190.8	3435.5
230.8	837.2	1731.2	2314.2	3419.4
118.8	700.0	1750.7	2336.5	3383.5
