0.0	0.0	0.0	0.0	0.0
0.0	0.0	0.0	0.0	0.0
0.0	0.0	0.0	0.0	0.0
0.0	743.2	1806.3	2566.3	3623.5
0.0	739.6	1723.2	2613.7	3412.5
0.0	1014.0	1742.7	2645.5	3439.8
0.0	840.6	1672.0	2520.2	3436.5
0.0	836.4	1769.8	2567.6	3379.6
0.0	689.2	1793.1	2709.9	3418.9
0.0	707.3	1828.5	2628.1	3462.4
0.0	759.8	1805.1	2695.0	3451.8
0.0	528.5	1775.9	2633.4	3329.3
0.0	767.3	1891.5	2592.5	3370.8
0.0	1061.8	2018.6	2756.4	3495.3
0.0	937.2	2083.1	2843.2	3514.3
0.0	479.3	1993.4	2763.8	3371.3
160.0	313.8	2054.3	2761.4	3331.9
0.0	276.4	2143.1	2864.2	3264.4
0.0	300.1	2173.7	2867.5	3245.9
126.0	302.5	2162.7	2807.2	3227.9
125.9	288.6	2155.1	2657.4	3238.3
127.7	313.5	2142.0	2610.6	3245.8
128.9	311.6	2092.7	2437.0	3214.2
129.3	345.6	1993.3	2322.2	3194.8
129.2	326.2	1623.2	2318.1	3142.4
128.7	287.8	1132.8	2290.0	3059.9
129.8	286.5	1216.5	2285.0	3155.9
131.4	293.6	1200.7	2293.3	3199.5
133.1	276.7	1249.7	2298.7	3150.3
133.7	343.5	1941.4	2365.2	3269.2
136.1	416.6	2179.7	2453.0	3321.9
141.3	432.1	2253.0	2645.6	3342.0
141.2	445.3	2288.5	2723.5	3356.7
146.4	422.1	2260.3	2732.5	3355.4
149.1	419.1	2216.0	2733.6	3402.9
150.3	430.8	2112.6	2708.6	3429.5
150.0	407.5	1851.5	2496.2	3430.4
149.1	378.3	1555.7	2473.6	3397.4
146.3	523.7	1704.9	2506.0	3452.1
149.7	582.0	1796.8	2668.2	3376.2
147.8	611.5	1803.1	2694.4	3294.9
141.7	631.9	1790.4	2638.0	3332.5
137.3	645.7	1802.4	2526.9	3313.8
133.7	627.5	1834.8	2402.6	3347.2
129.8	551.4	1903.0	2375.8	3474.7
128.6	495.0	1953.2	2374.0	3599.1
129.0	484.9	1929.6	2360.3	3592.3
124.0	270.8	1991.3	2342.9	3513.3
116.1	298.9	2155.4	2403.0	3500.3
122.8	356.8	2022.5	2513.3	3432.2
122.7	281.5	1880.9	2448.8	3291.6
115.3	725.2	1813.8	2601.8	3333.8
240.0	548.3	2158.6	2715.1	3468.6
0.0	454.8	2154.8	2664.1	3435.2
133.8	499.7	2113.1	2616.6	3413.9
132.0	526.2	2063.1	2592.9	3440.5
130.7	525.0	2050.5	2570.9	3438.1
131.5	545.1	2071.9	2563.8	3396.2
131.7	598.2	2086.8	2598.7	3425.9
133.0	624.0	2120.5	2650.8	3420.3
136.5	620.9	2148.4	2707.1	3392.5
138.5	607.3	2152.3	2735.6	3454.4
140.8	555.8	2186.0	2766.8	3462.3
144.0	636.5	2193.6	2760.7	3484.7
146.2	602.6	2218.3	2695.5	3368.0
150.0	651.7	2186.5	2609.5	3320.1
151.7	727.8	1963.6	2401.2	3271.1
151.8	507.4	1423.4	2348.2	3143.3
151.6	425.8	1284.4	2431.8	2977.5
149.9	444.0	1939.7	2557.1	3197.3
149.2	425.4	1417.9	2407.2	2904.3
145.9	439.6	1328.3	2484.4	3021.6
143.2	396.5	1264.2	2486.4	3204.9
139.0	330.9	1182.7	2422.1	3341.1
134.8	573.9	1149.8	2390.6	3333.6
130.3	565.2	1208.1	2368.9	3360.2
129.1	560.4	1286.8	2390.7	3386.8
120.3	554.8	1370.0	2465.7	3396.1
116.3	607.5	1431.7	2556.0	3470.3
109.4	764.2	1577.9	2571.0	3528.8
108.0	838.6	1760.8	2667.6	3419.0
103.4	794.8	1772.9	2684.4	3362.6
545.5	644.2	1620.1	2533.4	3374.0
285.7	1017.6	1549.5	2451.9	3563.5
0.0	896.6	1421.1	2187.6	3571.0
0.0	606.1	1410.4	2352.2	3408.4
0.0	1076.1	1536.1	2542.2	3467.6
0.0	958.1	1596.4	2509.8	3442.6
0.0	859.6	1264.0	2447.6	3384.1
0.0	821.9	1289.2	2622.8	3762.8
461.5	691.4	1296.0	2633.1	3748.5
0.0	1019.3	1294.0	2579.9	3597.9
266.7	742.1	1212.6	2653.5	3558.4
266.7	730.0	1226.2	2728.6	3501.5
0.0	697.5	1124.1	2363.0	3488.0
0.0	819.7	1141.9	2299.6	3510.1
0.0	726.4	1015.5	2318.8	3522.1
0.0	668.4	1013.8	2263.2	3521.1
144.2	684.2	1029.2	2248.3	3423.5
135.9	685.7	959.1	2263.7	3404.6
131.8	670.8	956.3	2230.3	3386.0
126.4	662.6	961.6	2206.3	3336.7
123.5	677.1	1001.2	2157.9	3288.6
123.0	672.0	1011.9	2100.7	3241.7
122.5	664.5	1034.2	2023.3	3222.6
121.8	649.9	1067.5	1949.2	3223.9
121.6	641.0	1078.6	1880.7	3220.4
120.6	644.4	1119.6	1817.4	3246.5
119.9	643.5	1158.8	1780.8	3225.7
120.1	644.6	1187.5	1746.9	3270.1
121.7	632.6	1211.6	1721.1	3242.3
124.5	649.2	1253.4	1754.0	3228.4
128.9	635.1	1275.8	1753.2	3194.8
132.1	594.7	1309.5	1761.3	3188.1
137.1	587.9	1345.1	1757.3	3144.7
139.5	579.4	1386.5	1749.6	3109.1
147.3	545.4	1462.4	1815.3	3051.2
155.8	516.2	1520.3	1846.5	2986.8
168.9	510.0	1543.8	1886.7	2907.2
171.4	435.7	1555.2	2674.6	3342.0
81.7	247.1	1533.6	2724.8	3473.8
186.5	293.6	1475.2	2681.0	3443.3
186.5	202.9	1425.9	2681.6	3521.9
185.6	200.0	1557.1	2597.3	3445.1
193.6	817.5	2013.3	2835.4	3693.3
203.4	1155.6	2062.5	3068.3	3891.3
0.0	1047.6	1708.8	3004.1	4017.4
0.0	475.2	1710.1	2959.0	3950.2
0.0	1080.5	1925.7	3025.7	4033.7
0.0	1029.2	1835.0	2934.2	3956.2
428.6	830.2	1756.8	2873.9	3807.9
428.6	798.2	1743.0	2882.4	3768.6
260.9	783.8	1732.3	2625.8	3706.9
0.0	889.6	1604.2	2588.7	3647.3
169.0	880.7	1500.2	2726.4	3649.9
461.5	962.1	1511.1	2601.2	3547.7
226.4	816.0	1527.9	2392.4	3445.2
230.8	898.5	1588.7	2410.0	3372.1
0.0	938.0	1603.4	2309.2	3298.2
0.0	974.9	1608.6	2240.3	3251.8
0.0	944.7	1572.3	2287.2	3220.4
0.0	928.6	1519.2	2303.8	3303.4
0.0	890.2	1453.6	2276.1	3333.2
0.0	853.7	1581.7	2341.3	3316.1
0.0	935.6	1702.8	2364.0	3274.0
352.9	966.1	1803.2	2420.6	3235.7
0.0	922.1	1814.8	2418.7	3211.3
0.0	819.0	1566.9	2275.6	3094.5
0.0	770.9	1658.4	2269.3	3166.8
0.0	753.2	1742.1	2345.2	3206.7
160.0	785.8	1708.1	2446.3	3187.1
104.3	938.2	1819.6	2419.9	3222.9
0.0	845.2	2025.6	2530.1	3343.1
0.0	977.9	1913.3	2533.6	3342.2
64.2	1186.1	1926.8	2552.4	3289.4
