0.0	0.0	0.0	0.0	0.0
0.0	0.0	0.0	0.0	0.0
0.0	0.0	0.0	0.0	0.0
0.0	668.7	1568.2	2272.8	3262.6
0.0	690.9	1617.5	2256.5	3252.5
0.0	832.6	1612.6	2354.3	3362.7
0.0	751.2	1591.3	2517.3	3467.8
0.0	704.6	1582.4	2641.7	3392.8
0.0	690.0	1517.6	2457.1	3262.5
0.0	742.8	1569.7	2477.5	3394.4
0.0	919.4	1808.0	2650.1	3443.3
0.0	1057.3	1907.2	2713.7	3507.3
0.0	669.0	1628.9	2541.2	3460.6
0.0	709.9	1637.1	2686.9	3406.5
0.0	801.1	1643.0	2510.6	3281.4
236.6	586.9	1652.1	2341.3	3436.6
0.0	875.7	1647.9	2388.2	3386.3
0.0	830.3	1729.1	2588.6	3469.6
0.0	962.9	1846.9	2762.5	3762.7
0.0	853.3	1809.6	2821.1	3865.6
0.0	704.8	1822.3	2805.4	3894.0
352.9	767.1	1879.4	2810.5	3971.5
0.0	788.9	1815.9	2776.5	3889.4
0.0	762.1	1802.3	2721.1	3810.8
0.0	844.8	1863.4	2794.3	3957.6
226.4	842.9	1821.0	2809.3	4050.3
0.0	756.7	1871.2	2854.1	4039.1
0.0	775.7	1830.6	2802.4	3854.7
0.0	824.2	1736.3	2731.8	3713.3
0.0	693.0	1746.2	2557.7	3525.3
0.0	200.0	200.0	2158.4	3327.8
0.0	530.6	1599.2	2726.9	3462.3
0.0	537.9	1613.3	2820.7	3579.1
156.2	586.5	1601.5	2808.1	3725.4
149.4	605.2	1598.0	2818.7	3616.1
143.1	623.8	1601.2	2825.0	3441.4
141.4	603.0	1593.5	2855.2	3610.7
140.4	584.1	1583.6	2863.1	3583.3
139.8	549.9	1524.0	2860.1	3623.3
140.1	489.7	1478.8	2859.5	3625.0
133.2	448.9	1507.8	2820.9	3557.8
65.6	486.0	1525.2	2910.2	3715.8
140.6	501.2	1554.4	2940.9	3674.1
147.3	501.4	1538.4	1902.0	2984.0
148.1	507.1	1557.8	1958.0	2993.9
149.0	525.9	1561.8	2395.0	3104.5
146.4	589.3	1638.3	2488.1	3554.1
137.7	904.9	1779.0	2691.1	3671.8
80.5	1001.7	1744.0	2698.9	3805.3
244.9	814.4	1633.9	2655.8	3855.8
0.0	893.8	1771.9	2658.0	3714.4
260.9	912.3	1808.4	2775.1	3851.8
461.5	860.4	1785.5	2886.1	3930.2
0.0	908.8	1816.7	2949.2	3895.4
0.0	886.4	1788.0	2927.5	3852.2
0.0	653.5	1649.9	2796.3	3830.0
0.0	908.8	1659.7	2760.1	3794.6
173.9	718.4	1702.6	2763.3	3639.7
521.7	728.5	1729.4	2626.5	3605.1
272.7	706.2	1532.9	2343.8	3382.4
0.0	568.9	1439.2	2729.6	3731.3
0.0	579.0	1442.3	2768.1	3943.2
148.2	624.5	1458.2	2746.3	3542.6
141.1	630.7	1443.0	2674.3	3158.1
135.6	644.4	1405.3	2560.9	2837.8
131.4	655.4	1427.4	2406.1	2823.1
129.1	675.8	1427.7	2381.3	2941.7
127.8	671.0	1458.6	2556.0	2903.9
127.5	663.0	1457.5	2732.9	3173.6
126.0	682.3	1475.5	2776.2	3533.9
125.4	679.7	1488.3	2802.2	3650.3
125.3	660.1	1486.9	2828.4	3715.0
125.8	664.8	1480.0	2814.0	3692.9
126.6	674.4	1501.1	2782.6	3627.9
126.7	664.3	1511.2	2789.7	3680.9
127.7	660.1	1541.1	2805.2	3691.1
128.4	652.2	1555.6	2812.8	3663.9
127.5	659.2	1556.8	2799.8	3680.4
127.0	651.1	1554.0	2820.7	3735.5
126.1	636.7	1573.8	2848.8	3770.6
126.2	636.8	1597.9	2843.8	3759.0
126.9	639.2	1626.0	2835.4	3719.1
128.0	641.4	1647.1	2839.1	3560.8
128.6	601.2	1664.5	2867.8	3687.2
128.7	588.0	1698.0	2876.2	3594.5
127.6	535.4	1696.0	2907.3	3647.9
128.5	498.2	1707.5	2924.5	3600.7
129.2	486.0	1659.5	2861.2	3510.9
129.1	466.6	1602.4	2739.1	3506.6
120.3	360.7	1679.1	2563.5	3370.9
115.4	994.8	1833.6	2673.9	3441.2
72.3	851.5	1751.3	2547.6	3424.6
0.0	692.4	1712.2	2555.0	3396.4
0.0	774.0	1654.6	2525.9	3348.2
0.0	939.9	1818.6	2605.7	3432.0
0.0	1102.4	1840.3	2719.0	3379.4
0.0	732.8	1920.5	2962.8	3515.1
0.0	1252.1	1957.7	2936.5	3562.1
500.0	1202.2	1879.1	2855.1	3490.4
0.0	733.6	1761.6	2659.3	3494.8
0.0	573.3	1741.4	2703.0	3418.6
0.0	471.1	1710.2	2739.4	3305.7
0.0	394.9	1716.1	2664.7	3145.0
160.0	376.7	1702.0	2478.4	3167.6
141.7	286.1	1726.1	2382.6	3421.3
68.9	267.9	1758.0	2376.0	3382.4
131.9	236.0	1763.5	2334.9	3297.5
127.5	238.6	1767.4	2440.0	3257.2
123.8	631.4	1757.6	2402.5	3307.3
125.0	826.6	1703.6	2465.9	3279.8
0.0	842.4	1642.4	2515.4	3327.5
0.0	635.9	1602.7	2507.7	3337.8
157.9	589.8	1526.7	2305.2	3276.8
144.6	440.6	1420.5	2215.9	3260.9
147.3	476.2	1362.4	2221.1	3268.8
139.9	505.9	1327.2	2231.1	3320.4
133.7	523.7	1315.2	2231.0	3335.5
133.8	571.4	1299.7	2251.1	3313.1
134.0	607.3	1263.1	2292.0	3344.4
132.1	652.2	1262.9	2331.1	3316.4
130.3	687.4	1269.2	2363.3	3004.4
128.6	711.3	1257.0	2410.9	3104.2
126.8	708.6	1275.4	2438.9	3150.1
126.4	728.7	1284.8	2456.0	3135.8
125.6	733.5	1280.2	2471.7	3181.5
125.4	719.1	1340.8	2488.6	3245.8
125.3	739.2	1390.9	2522.2	3330.0
124.8	762.9	1434.5	2547.7	3423.3
124.9	751.7	1434.7	2491.2	3435.4
124.7	740.9	1446.3	2513.1	3486.7
124.8	757.0	1485.7	2538.1	3553.1
124.5	768.5	1496.6	2525.8	3541.6
125.5	747.2	1490.0	2501.4	3555.2
125.4	734.6	1501.8	2504.8	3609.4
126.1	719.9	1531.7	2499.0	3588.4
126.0	757.9	1543.0	2484.6	3334.0
126.6	769.3	1543.5	2467.6	3030.1
127.4	763.2	1560.1	2690.2	3172.4
126.1	774.4	1542.9	2721.6	3445.1
138.8	782.2	1618.1	2761.1	3582.7
65.5	767.0	1640.6	2750.6	3496.0
0.0	757.9	1702.9	2700.7	3554.9
181.8	896.1	1811.3	2773.7	3504.9
0.0	879.5	1833.3	2770.3	3509.7
0.0	882.6	1845.2	2717.4	3541.3
0.0	897.6	1712.4	2670.7	3395.3
0.0	899.3	1844.5	2637.4	3509.3
0.0	965.0	1825.5	2733.8	3535.7
0.0	957.9	1771.5	2712.6	3537.8
545.5	755.4	1658.3	2714.9	3548.6
0.0	642.7	1494.6	2695.2	3458.2
0.0	545.7	1378.4	2624.0	3277.3
154.5	502.0	1359.8	2590.6	3027.4
150.6	496.3	1390.6	2368.8	2924.2
142.7	492.0	1325.6	1856.1	2952.9
140.1	499.9	1301.1	1853.5	3037.2
137.5	498.4	1291.3	1859.4	3164.1
136.6	505.2	1287.5	1858.7	3360.9
136.1	506.1	1301.9	1877.4	3478.6
136.1	522.0	1314.6	1856.1	3426.0
135.8	534.5	1319.0	1866.6	3399.4
134.8	521.3	1344.3	1887.7	3210.5
132.0	534.3	1337.4	1947.2	3064.5
130.0	547.6	1298.2	2091.3	3016.8
127.9	558.9	1265.9	2306.3	3064.3
126.7	562.2	1240.4	2494.1	3179.7
124.9	553.2	1204.6	2570.3	3389.4
123.9	546.6	1126.1	2591.9	3485.0
122.2	512.6	1052.0	2604.2	3641.2
119.8	497.2	1013.8	2619.0	3636.4
118.3	487.8	925.4	2599.2	3628.6
117.9	505.2	946.7	2609.2	3682.2
118.8	514.5	1001.3	2641.8	3676.5
120.4	504.9	1051.0	2676.2	3728.7
119.6	508.3	1184.7	2686.9	3691.3
118.7	484.4	1268.6	2737.5	3681.7
116.8	504.1	1418.5	2765.4	3400.9
117.1	466.4	1517.7	2762.6	3398.7
118.1	446.9	1636.5	2699.2	3282.2
118.2	462.4	1750.9	2732.1	3317.6
118.5	468.6	1827.5	2739.6	3393.7
119.9	444.9	1912.2	2707.3	3377.4
119.2	455.9	2013.0	2632.6	3400.8
119.0	522.7	2013.5	2664.2	3505.5
121.2	491.0	1972.2	2681.2	3496.6
118.7	500.1	1839.5	2641.3	3436.0
131.1	718.8	1538.3	2510.7	3388.2
63.5	910.1	1553.9	2429.2	3377.7
0.0	841.2	1449.5	2471.6	3403.1
0.0	779.8	1571.8	2488.7	3427.6
0.0	1005.5	1871.4	2552.8	3607.4
0.0	926.8	1643.0	2526.5	3528.3
0.0	576.0	1463.2	2514.5	3416.4
0.0	498.7	1271.0	2579.1	3454.4
0.0	660.7	1308.4	2509.3	3321.8
0.0	583.1	1196.5	2460.0	3326.3
0.0	454.8	1570.4	2559.8	3524.9
