0.0	0.0	0.0	0.0	0.0
0.0	0.0	0.0	0.0	0.0
0.0	0.0	0.0	0.0	0.0
0.0	793.0	1219.6	2515.7	3554.1
0.0	755.9	1195.2	2409.7	3286.4
218.2	898.2	1775.0	2623.8	3464.5
0.0	975.9	1687.8	2653.2	3492.3
0.0	595.7	1674.4	2565.6	3440.7
0.0	716.7	1700.4	2553.6	3446.1
0.0	758.6	1657.2	2610.1	3439.4
0.0	748.2	1784.5	2649.0	3449.6
0.0	922.9	1843.9	2656.3	3427.3
0.0	837.6	1712.2	2588.1	3376.4
0.0	817.3	1765.5	2511.2	3412.5
0.0	749.5	1725.4	2519.0	3523.0
0.0	746.6	1736.7	2522.4	3533.1
0.0	612.1	1700.9	2504.3	3465.3
0.0	648.0	1004.1	2615.2	3278.1
0.0	669.6	1020.4	2673.3	3370.2
0.0	647.5	1029.1	2555.6	3481.8
0.0	662.6	1028.5	2417.4	3517.1
94.5	680.0	1042.9	2578.9	3435.3
108.1	682.1	1066.1	2671.4	3410.7
112.5	685.4	1103.9	2722.7	3376.8
112.9	707.6	1159.7	2775.9	3503.6
117.2	712.8	1212.9	2799.0	3531.7
121.8	718.2	1279.2	2769.9	3487.7
126.6	707.6	1340.2	2683.3	3466.4
129.9	686.3	1373.2	2686.3	3551.9
132.6	672.3	1427.1	2657.4	3450.0
138.6	639.6	1450.7	2856.7	3499.6
141.2	547.3	1403.3	2396.2	3327.5
144.6	432.4	1356.9	2264.4	3100.5
148.1	395.1	1367.7	2359.5	2987.8
75.9	298.1	1396.4	2436.7	2985.0
160.0	304.6	1434.5	2463.4	2932.4
162.2	301.6	1393.5	2494.4	2867.5
166.7	301.6	1340.1	2491.4	2785.6
155.8	321.9	1015.6	2353.5	2694.7
0.0	297.4	1364.2	2388.0	2691.9
151.9	375.1	1680.0	2526.8	3417.7
155.8	449.1	1812.0	2580.3	3632.4
151.9	437.5	1871.2	2575.2	3481.5
146.3	436.4	1924.6	2680.4	3500.0
144.6	421.0	1990.4	2707.4	3548.8
141.8	432.4	2012.9	2682.8	3437.4
141.2	421.0	2060.3	2742.0	3626.4
139.5	417.9	2098.7	2744.2	3614.3
139.5	436.7	2139.1	2797.8	3576.6
138.3	405.6	2170.7	2844.2	3632.2
138.2	414.3	2199.6	2810.1	3649.9
137.9	373.5	2164.5	2758.6	3636.2
138.3	331.8	2136.0	2672.6	3669.9
137.9	317.7	2064.7	2621.5	3555.4
137.9	343.7	2014.1	2589.4	3618.9
137.9	342.3	1939.1	2577.4	3678.4
139.5	361.6	1879.1	2580.7	3714.9
139.5	367.4	1783.0	2669.0	3663.8
133.3	876.7	1744.8	2717.5	3723.8
0.0	770.1	1760.9	2742.0	3778.6
0.0	819.0	1769.7	2770.5	3704.5
110.1	681.1	1606.0	2633.3	3526.9
66.7	818.4	1690.9	2646.1	3636.2
127.7	881.4	1697.9	2739.9	3742.5
69.4	839.2	1620.3	2662.4	3582.6
521.7	708.4	1771.4	2690.5	3457.1
146.3	638.6	1807.2	2756.9	3426.1
106.2	817.5	1837.6	2784.4	3418.5
500.0	675.6	1614.3	2670.4	3408.0
0.0	416.7	1480.0	2543.6	3504.5
0.0	427.1	1525.3	2447.7	3601.5
115.4	468.0	1582.4	2451.4	3610.3
119.3	481.4	1676.6	2450.7	3608.7
121.2	451.0	1772.2	2487.3	3622.7
118.8	414.1	1820.8	2538.0	3622.0
118.6	381.3	1869.2	2570.6	3615.6
117.7	375.1	1919.2	2587.5	3580.3
117.6	372.3	1938.9	2580.0	3503.7
117.6	360.8	1968.1	2515.4	3490.5
122.4	356.7	1924.4	2525.6	3461.4
134.8	824.0	1899.8	2596.4	3464.6
137.9	742.4	1895.1	2533.7	3325.7
130.4	765.9	1854.3	2508.0	3345.4
90.2	733.4	1783.0	2509.1	3357.9
218.2	865.8	1801.8	2571.8	3345.2
0.0	942.6	1746.4	2722.7	3466.0
324.3	1176.7	1735.9	2666.5	3558.7
88.9	1192.3	1711.5	2582.6	3550.3
0.0	1037.8	1767.5	2509.6	3413.4
0.0	1002.6	1741.3	2518.8	3376.5
0.0	903.8	1650.3	2589.2	3320.1
244.9	905.7	1644.4	2537.2	3328.4
0.0	920.3	1718.0	2440.3	3403.0
0.0	783.4	1709.4	2461.5	3443.5
0.0	369.1	1625.7	2396.8	3350.6
0.0	328.4	1657.0	2339.8	3272.2
0.0	375.3	1685.2	2345.4	3276.3
146.5	438.4	1678.4	2375.0	3239.3
143.7	423.0	1563.2	2394.9	3215.6
139.5	427.9	1472.7	2413.8	3236.9
139.2	432.5	1368.6	2449.7	3211.4
138.3	451.8	1248.1	2427.3	3145.7
138.0	445.4	1161.1	2508.6	3155.4
136.8	463.2	1079.7	2636.7	3140.0
136.4	458.9	1043.1	2717.6	3167.6
136.3	443.6	1023.7	2757.1	3233.4
136.0	442.0	968.8	2807.0	3379.0
136.1	427.2	905.5	2826.8	3461.7
136.1	420.3	842.7	2851.4	3498.2
135.6	402.0	817.2	2820.0	3543.0
136.0	407.8	816.6	2760.6	3548.4
135.2	415.3	819.3	2761.8	3513.1
135.2	419.9	869.3	2747.7	3517.0
134.4	422.4	954.8	2757.3	3513.6
134.6	415.9	1000.5	2753.3	3502.3
133.5	442.8	1117.7	2760.8	3465.3
132.2	496.4	1219.1	2745.6	3419.2
130.4	533.6	1328.1	2706.8	3473.4
130.4	523.2	1454.8	2686.7	3521.0
127.7	526.6	1552.4	2720.0	3525.7
127.8	518.5	1649.6	2808.0	3488.0
127.8	507.6	1733.0	2769.8	3498.4
128.3	491.1	1875.8	2738.9	3539.9
129.6	446.9	1949.3	2737.4	3566.1
128.1	408.1	1983.5	2706.9	3440.4
127.5	387.1	2134.5	2703.1	3317.8
126.0	368.1	2221.6	2757.2	3536.3
127.7	440.9	2044.7	2691.2	3472.9
125.0	632.7	1881.4	2748.6	3515.8
71.4	813.9	1750.6	2861.9	3565.8
0.0	819.8	1682.8	2714.4	3572.0
0.0	549.9	1709.2	2628.1	3464.9
0.0	1203.1	2103.3	2721.9	3336.4
0.0	794.2	2153.3	2682.3	3264.5
545.5	862.3	1951.7	2633.6	3315.7
0.0	746.5	1967.0	2597.0	3578.2
0.0	599.5	1869.1	2607.5	3628.4
0.0	578.3	1891.3	2582.6	3507.5
0.0	735.8	1814.0	2470.6	3435.0
0.0	469.6	1672.1	2437.3	3393.5
146.3	456.2	1497.0	2267.3	2981.6
130.4	378.3	1098.0	2301.4	2710.7
545.5	360.4	1108.7	2357.2	2769.8
545.5	366.3	1233.1	2327.4	2673.3
118.8	469.8	1345.2	2369.1	2641.9
111.1	506.0	1099.7	2412.4	2633.2
116.5	366.5	1009.4	2425.1	2675.5
73.2	366.0	1024.5	2451.3	2777.4
116.5	386.2	1039.1	2556.7	2962.9
114.3	499.5	1082.6	2518.2	2957.2
111.1	481.2	1018.3	2366.0	2860.9
0.0	500.3	1008.3	1771.3	2904.6
121.2	541.6	1039.0	1855.7	3014.1
116.5	553.7	1044.4	2015.9	2988.9
114.3	565.5	1040.3	2193.8	2950.5
114.3	572.8	1025.4	2382.7	2939.1
114.3	574.5	1005.3	2619.0	3068.9
113.9	571.3	992.0	2663.8	3324.3
112.6	570.2	973.5	2635.8	3483.6
111.9	557.6	958.6	2598.9	3586.0
111.1	550.5	939.3	2606.1	3642.9
111.1	555.5	909.9	2626.9	3589.4
111.1	559.9	915.7	2631.3	3649.1
112.1	570.8	957.3	2641.3	3683.4
111.7	582.9	969.4	2658.5	3699.8
111.1	596.5	986.6	2657.0	3727.5
111.6	613.4	1004.9	2632.4	3728.8
111.4	624.5	1006.5	2638.5	3710.1
111.9	637.9	1012.7	2631.6	3717.1
111.7	648.8	1029.7	2641.2	3686.5
111.9	651.1	1049.0	2653.8	3627.5
113.2	658.3	1077.9	2647.5	3671.9
110.5	662.4	1107.3	2656.6	3623.5
110.4	666.1	1119.2	2651.0	3630.9
110.1	670.0	1125.8	2640.2	3525.1
110.2	677.2	1143.0	2613.9	3459.5
109.8	674.6	1150.3	2618.0	3511.2
109.1	678.7	1181.7	2591.1	3488.8
108.1	685.1	1224.6	2564.0	3457.2
107.1	689.6	1231.5	2550.9	3554.1
105.3	684.0	1247.1	2533.1	3461.7
103.5	686.3	1303.7	2514.2	3420.5
102.5	694.5	1333.1	2523.4	3566.2
100.9	697.2	1352.7	2530.0	3546.1
100.2	694.8	1417.7	2532.9	3525.4
96.9	685.2	1457.9	2533.9	3525.9
96.8	667.8	1497.6	2553.9	3604.9
94.4	646.4	1550.4	2559.6	3613.7
97.8	632.9	1594.0	2533.3	3572.9
94.7	640.3	1621.4	2512.3	3521.4
92.2	592.6	1660.1	2549.4	3527.7
100.8	569.4	1714.5	2516.8	3346.3
100.8	560.8	1747.7	2449.2	3008.9
0.0	818.1	1750.4	2529.8	3147.2
96.8	658.6	1791.8	2711.9	3633.5
96.4	671.1	1692.4	2756.1	3673.9
115.5	744.3	1596.4	2663.5	3492.8
119.7	702.8	1619.2	2534.2	3380.1
121.2	886.5	1581.4	2611.8	3441.2
0.0	875.4	1511.6	2388.6	3483.2
0.0	701.3	1409.0	2289.5	3501.6
0.0	938.7	1544.1	2483.3	3477.2
0.0	684.3	1600.7	2500.8	3373.8
0.0	664.6	1466.8	2494.3	3375.2
0.0	593.4	1445.7	2429.4	3392.2
