0.0	0.0	0.0	0.0	0.0
0.0	0.0	0.0	0.0	0.0
0.0	0.0	0.0	0.0	0.0
0.0	756.1	1645.2	2532.4	3351.0
0.0	764.9	1633.6	2378.4	3323.5
0.0	777.7	1661.3	2350.7	3398.4
0.0	782.8	1658.7	2426.9	3369.8
0.0	789.5	1708.2	2555.0	3319.0
0.0	590.4	1691.7	2539.9	3337.8
0.0	797.9	1785.1	2534.7	3392.4
0.0	731.5	1726.9	2530.4	3478.5
0.0	669.0	1672.3	2608.7	3517.2
0.0	767.2	1713.7	2597.5	3506.7
0.0	783.0	1825.9	2647.8	3380.4
0.0	780.2	1640.4	2660.2	3354.8
0.0	778.3	1604.3	2640.9	3393.7
0.0	712.9	1690.4	2530.0	3302.8
0.0	713.3	1825.0	2584.9	3388.0
0.0	822.0	1837.9	2698.1	3440.7
0.0	861.0	1732.5	2693.0	3418.3
0.0	666.1	1712.1	2493.4	3318.8
0.0	407.0	1764.5	2416.7	3310.1
0.0	471.4	1783.0	2480.8	3316.6
0.0	501.4	1798.8	2459.0	3334.0
0.0	501.5	1817.5	2486.7	3414.4
84.5	493.2	1815.9	2492.9	3405.3
101.1	488.8	1831.9	2471.8	3332.9
99.7	466.1	1887.2	2475.0	3344.2
102.1	427.3	1905.4	2489.1	3351.4
102.3	427.1	1910.0	2537.2	3350.6
101.3	426.9	1895.0	2540.7	3387.7
101.3	415.9	1836.6	2491.0	3369.8
106.0	418.9	1669.9	2398.6	3444.8
100.5	502.7	1611.9	2240.7	3499.9
98.4	409.6	1577.8	2306.6	3421.3
94.5	364.6	1479.8	2360.1	3424.6
96.5	534.6	1419.7	2381.7	3442.9
96.3	358.4	1374.0	2400.9	3415.2
95.7	405.5	1283.2	2499.0	3408.4
95.4	389.9	1190.9	2618.3	3418.9
96.8	450.4	1130.2	2672.8	3390.6
96.8	488.2	1093.6	2633.8	3342.9
96.8	491.1	1003.8	2548.4	3269.8
99.2	443.8	977.0	2494.8	3191.2
100.8	419.5	957.3	2495.4	3087.5
102.6	461.3	939.7	2491.5	3053.4
101.7	535.7	931.3	2484.4	3019.1
103.4	565.6	924.9	2468.5	2946.1
100.8	628.4	954.5	2476.7	2899.3
103.4	682.4	980.2	2460.2	2908.5
102.6	675.7	966.2	2473.1	3102.8
106.2	609.9	962.9	2457.6	3200.5
105.3	702.8	968.5	2459.8	3244.9
106.6	649.8	905.5	2410.5	3193.3
108.1	658.5	902.4	2339.9	3207.1
108.5	653.8	894.8	2353.9	3248.1
108.6	648.6	880.9	2316.3	3256.0
108.1	653.9	882.8	2323.2	3323.6
108.5	648.5	889.8	2344.6	3332.2
109.5	655.1	893.1	2301.6	3306.4
110.1	662.0	897.3	2244.8	3297.1
110.5	647.1	892.8	2259.4	3317.3
110.8	653.7	898.4	2276.3	3363.4
111.3	673.2	903.4	2230.1	3358.1
112.0	675.1	909.7	2222.2	3365.9
112.2	680.5	915.5	2255.8	3393.9
112.7	675.4	917.8	2240.3	3404.7
113.2	675.3	921.1	2246.2	3408.9
113.8	636.4	919.6	2238.1	3394.3
114.0	627.8	928.6	2206.6	3397.5
114.4	615.9	935.2	2206.3	3410.1
115.6	628.1	963.4	2201.4	3438.7
115.3	630.5	1014.6	2196.8	3430.7
115.4	630.9	1045.9	2226.3	3446.4
115.6	582.7	1049.8	2249.7	3498.8
115.7	492.0	1054.4	2275.3	3502.8
115.8	468.8	1068.7	2254.3	3367.9
115.4	446.8	1103.3	2232.4	3279.6
115.2	539.4	1130.1	2260.9	3270.2
117.1	553.8	1172.0	2276.0	3258.5
115.5	557.1	1225.8	2318.2	3123.9
114.8	533.5	1296.3	2302.0	2928.7
116.0	576.1	1374.4	2339.6	3182.9
234.6	529.6	1373.3	2371.0	3266.0
117.8	452.4	1455.3	2361.8	3251.2
115.7	560.4	1422.9	2352.0	3225.3
114.2	545.4	1368.3	2363.1	3271.9
112.7	527.8	1271.4	2394.3	3250.9
110.8	445.9	1254.7	2424.3	3139.6
109.3	418.8	1180.4	2321.9	2675.5
108.2	609.6	1254.4	2351.6	2706.4
104.7	371.4	1263.5	2445.7	3083.1
102.0	451.7	1217.7	2386.3	3310.2
206.9	690.9	1202.2	2489.7	3604.4
0.0	533.6	1159.9	2555.9	3557.7
108.1	563.9	1406.0	2509.0	3505.4
113.2	782.4	1959.0	2653.2	3598.0
76.4	870.2	2065.8	2765.4	3610.9
0.0	898.3	2081.3	2751.3	3629.1
0.0	817.4	1938.2	2735.7	3611.3
0.0	853.0	1813.1	2637.6	3606.5
0.0	967.0	1861.5	2794.6	3531.8
0.0	897.8	1736.8	2725.7	3427.4
0.0	702.8	1723.6	2623.8	3405.8
0.0	737.7	1729.0	2543.4	3267.4
0.0	455.8	1816.8	2767.3	3283.4
0.0	404.8	825.7	2443.8	3417.9
0.0	385.5	802.9	2375.7	3487.2
121.5	403.1	834.1	2378.1	3477.9
104.9	422.6	860.5	2371.7	3472.9
104.1	425.0	865.9	2389.7	3401.8
104.5	444.1	887.1	2382.3	3377.5
104.5	571.3	909.6	2409.0	3433.0
104.4	627.2	899.3	2439.0	3413.8
103.4	686.2	874.3	2489.1	3389.4
103.9	685.1	862.9	2494.7	3393.4
104.1	627.6	852.1	2440.4	3416.1
104.0	647.4	861.9	2442.9	3388.7
104.9	621.4	866.2	2409.9	3358.5
104.6	691.8	910.8	2419.3	3381.8
104.6	734.4	952.7	2450.9	3384.0
104.6	749.5	942.5	2354.5	3382.6
104.5	770.7	958.2	2359.2	3390.5
103.9	764.1	959.4	2407.2	3407.7
104.6	736.2	973.8	2387.4	3392.6
104.8	772.1	998.3	2407.8	3377.1
105.1	797.2	1006.7	2330.9	3332.8
106.0	690.1	1007.1	2260.9	3294.1
106.2	831.0	1022.2	2263.2	3292.8
105.9	644.2	1018.7	2298.9	3313.9
105.7	816.0	1022.5	2353.1	3354.8
105.8	893.5	1028.7	2391.4	3343.1
105.4	852.5	1029.9	2434.1	3344.5
104.5	566.8	990.7	2432.4	3412.6
104.4	530.3	988.7	2416.2	3316.2
104.0	641.5	1111.5	2315.2	2852.7
103.6	575.6	1222.4	2318.6	2744.4
103.5	560.2	1306.2	2304.8	2791.7
104.4	534.8	1324.7	2270.3	2658.8
103.6	533.3	1296.8	2252.4	2545.5
102.7	519.9	1233.0	2246.4	2516.6
101.7	436.9	1145.9	2241.9	2544.3
100.6	469.0	1191.5	2216.1	2526.2
100.0	502.0	1293.1	2217.9	2524.2
99.8	545.9	1352.3	2239.3	2539.1
99.1	546.8	1346.6	2225.1	2589.5
98.1	535.2	1247.3	2189.4	2594.8
96.7	546.7	1336.8	2173.0	2591.0
96.1	478.4	1233.9	2196.5	2738.5
95.3	478.3	1765.4	2295.6	3306.9
89.6	543.5	1662.9	2289.5	3419.9
83.2	489.9	1434.9	2182.4	3265.1
79.4	483.9	1504.4	2168.9	3237.3
78.0	525.3	1326.4	2162.3	3173.9
68.7	369.1	703.9	2150.8	3170.4
74.1	348.4	715.2	2151.8	3115.7
83.3	370.1	740.4	2134.4	3117.5
88.2	395.8	804.6	2136.8	3108.5
90.4	408.4	856.4	2151.4	3094.1
93.2	438.7	922.8	2126.3	3112.2
95.6	481.3	1046.3	2121.1	3158.4
97.2	511.7	1178.1	2116.0	3230.6
98.8	500.5	1300.6	2109.7	3237.1
99.3	492.7	1404.3	2079.7	3244.7
99.7	487.1	1502.8	2082.4	3350.3
100.1	480.0	1599.5	2106.2	3379.4
99.7	487.1	1664.4	2109.5	3374.7
100.1	479.6	1735.6	2104.4	3383.3
100.0	470.6	1780.5	2138.7	3394.7
99.3	457.5	1815.6	2141.1	3431.4
99.0	435.0	1847.7	2136.2	3442.2
98.9	418.1	1870.0	2179.0	3484.6
99.2	406.6	1889.7	2206.5	3502.1
98.6	391.3	1914.0	2189.6	3520.5
98.3	385.1	1923.2	2370.3	3489.3
98.2	391.6	1916.4	2462.4	3524.9
98.0	404.5	1917.2	2473.1	3570.3
98.3	434.6	1912.5	2486.5	3602.9
99.2	423.6	1821.1	2353.6	3649.5
98.8	416.7	1680.2	2274.5	3630.3
93.4	283.3	1657.8	2487.6	3500.6
89.0	280.2	1673.4	2577.0	3431.5
91.6	241.0	1663.3	2540.9	3340.1
108.1	586.5	1612.1	2579.6	3377.6
96.0	952.3	1846.8	2648.5	3504.3
0.0	927.3	1866.8	2672.0	3510.1
0.0	738.5	1669.7	2534.7	3420.6
0.0	676.7	1562.6	2510.7	3378.6
0.0	916.8	1742.9	2550.4	3520.1
571.4	453.6	1600.0	2406.9	3712.7
0.0	675.4	1680.5	2393.4	3676.2
173.9	488.7	1697.0	2367.4	3603.9
0.0	432.6	1688.8	2389.1	3550.6
0.0	457.6	1677.1	2418.1	3529.7
94.9	490.0	1662.4	2400.6	3521.7
91.2	538.4	1651.2	2360.0	3504.2
90.3	561.2	1627.2	2310.7	3450.1
90.3	582.7	1593.3	2148.4	3437.4
90.9	614.8	1579.6	2146.2	3432.7
91.1	662.9	1545.2	2137.7	3416.0
91.7	663.5	1520.5	2166.5	3453.3
91.5	681.5	1500.4	2138.3	3475.1
91.5	706.4	1480.0	2133.7	3455.7
91.2	729.1	1451.5	2139.1	3411.6
90.6	751.7	1430.1	2127.9	3425.4
89.8	752.8	1405.3	2155.3	3397.8
89.7	713.2	1390.9	2202.2	3356.3
89.7	718.9	1392.0	2214.1	3351.9
88.8	711.9	1328.5	2205.2	3467.1
88.3	768.1	1290.8	2222.6	3482.3
87.6	729.2	1272.1	2237.6	3498.4
87.1	711.1	1232.7	2210.5	3491.9
87.0	740.7	1210.8	2230.3	3429.4
86.2	730.5	1163.3	2219.6	3433.3
86.0	729.9	1123.5	2197.0	3435.6
86.3	697.0	1099.3	2234.5	3384.8
85.5	695.4	1097.8	2261.1	3328.2
84.6	712.7	1061.7	2251.2	3313.8
85.2	582.9	1010.9	2225.0	3193.2
86.0	589.8	1031.2	2245.8	3030.3
85.0	710.6	1189.7	2294.2	3103.6
86.2	496.0	1276.5	2362.8	2933.0
81.6	405.1	1364.2	2458.3	2860.2
87.6	409.5	1314.8	2478.2	2740.6
88.9	383.9	1262.6	2456.6	2797.6
87.6	405.5	1296.5	2459.0	2976.6
86.4	406.9	1317.2	2505.9	3108.8
86.9	400.7	1326.8	2534.5	3197.8
86.4	516.3	1281.1	2458.7	3106.7
86.6	673.9	1283.8	2333.9	3290.6
86.9	774.2	1309.5	2148.8	3281.5
86.4	807.8	1286.3	2270.7	3230.0
89.3	687.6	1335.1	2357.6	3268.0
88.6	743.2	1338.6	2288.0	3276.3
84.5	773.6	1339.2	2233.2	3268.5
90.2	777.6	1380.4	2259.8	3202.5
83.3	816.9	1346.2	2230.3	3101.2
84.5	835.8	1408.9	2387.3	3192.6
87.6	835.6	1469.0	2374.9	3315.9
0.0	842.5	1386.8	2312.2	3370.0
0.0	824.9	1314.2	2400.9	3368.8
0.0	877.8	1325.6	2457.3	3264.3
0.0	680.9	1316.4	2408.6	3181.2
0.0	761.3	1412.2	2331.9	3231.9
