0.0	0.0	0.0	0.0	0.0
0.0	0.0	0.0	0.0	0.0
0.0	0.0	0.0	0.0	0.0
0.0	744.1	1778.2	2583.4	3296.3
0.0	772.2	1901.8	2684.8	3408.3
0.0	963.4	1883.0	2686.9	3421.3
0.0	909.4	1736.4	2692.7	3395.1
0.0	947.8	1796.4	2679.8	3423.0
0.0	664.2	1676.9	2622.8	3405.8
0.0	435.7	1710.1	2555.2	3395.5
0.0	693.9	1614.9	2541.0	3403.5
0.0	538.1	1576.2	2544.5	3310.9
0.0	976.2	1743.1	2610.6	3448.9
0.0	598.2	1588.6	2583.0	3476.2
235.3	609.6	1492.9	2567.5	3515.0
0.0	639.1	1454.5	2644.4	3368.4
0.0	659.2	1450.1	2597.2	3301.4
155.8	634.1	1425.0	2532.8	3361.3
0.0	504.2	1303.9	2524.1	3460.7
0.0	501.6	1214.9	2515.4	3511.5
122.7	511.4	1138.6	2530.1	3478.7
124.6	466.0	1061.6	2500.6	3278.8
119.4	376.8	944.9	2500.2	3202.2
120.0	366.6	939.0	2460.3	3100.3
122.4	390.1	933.7	2498.3	3083.7
123.7	398.2	914.5	2495.1	3006.7
122.4	390.7	915.5	2540.7	3072.2
120.0	446.5	967.2	2547.1	3051.9
120.8	613.4	1034.3	2555.4	3000.7
125.2	647.1	1089.5	2552.8	2910.1
124.6	667.2	1103.0	2549.8	3221.0
126.1	692.6	1138.7	2527.8	3467.5
129.0	717.8	1172.5	2515.5	3556.0
132.0	713.9	1219.0	2515.0	3374.8
134.6	722.3	1260.1	2486.3	3376.8
134.8	718.9	1349.9	2491.6	3293.3
136.4	694.7	1437.8	2473.0	3117.8
137.4	672.6	1518.7	2454.2	3093.2
139.1	657.9	1593.4	2487.0	3230.2
140.9	607.4	1640.9	2494.1	3309.5
141.1	665.1	1630.3	2449.4	3315.2
141.4	709.6	1697.2	2480.8	3415.3
137.4	793.2	1783.0	2582.7	3452.1
151.9	757.2	1825.1	2616.1	3419.3
272.7	977.1	1816.2	2626.8	3487.0
0.0	816.6	1834.0	2729.0	3428.0
144.6	730.0	1797.0	2775.3	3419.9
131.9	854.2	1684.4	2668.1	3413.8
115.4	1127.6	1858.9	2722.6	3407.2
64.9	1023.3	1750.3	2671.5	3448.3
0.0	879.6	1747.1	2680.0	3520.4
0.0	572.6	1665.1	2656.6	3394.5
0.0	686.7	1589.8	2663.3	3427.0
0.0	419.3	1475.3	2647.4	3468.9
0.0	477.9	1338.3	2402.9	3228.4
0.0	483.2	1285.9	2346.1	3119.1
139.1	509.7	1303.2	2342.0	3108.3
128.1	509.4	1314.9	2359.5	3110.2
129.9	505.2	1328.3	2385.0	3260.6
128.7	512.6	1326.0	2384.2	3347.9
128.6	504.1	1313.1	2372.2	3337.7
127.6	503.5	1299.8	2363.9	3286.2
128.3	514.9	1298.3	2361.9	3281.0
129.2	516.5	1306.7	2369.9	3341.0
130.2	501.7	1337.7	2381.1	3241.5
130.9	501.6	1424.4	2374.5	3049.4
130.9	519.5	1498.7	2422.6	3090.8
130.3	437.4	1543.9	2472.3	3194.8
130.1	687.2	1548.9	2606.2	3339.6
126.3	766.2	1898.2	2779.3	3512.5
104.3	893.9	2100.9	2851.6	3618.9
78.4	868.3	2180.0	2921.3	3686.4
0.0	710.8	2163.2	2926.5	3699.4
0.0	1059.6	2136.1	2911.5	3642.2
480.0	701.5	1614.9	2489.2	3353.0
315.8	813.2	1471.8	2431.8	3274.6
92.3	1111.4	1457.0	2472.0	3309.6
0.0	1032.1	1468.2	2338.3	3163.7
116.5	374.9	1411.0	2238.3	3197.8
0.0	417.0	1214.4	2011.8	3097.4
205.8	425.8	1241.1	1952.0	3100.5
72.3	427.3	1317.8	1963.5	3108.8
127.9	426.9	1372.4	1978.0	3094.7
110.3	433.7	1502.9	2068.6	3111.7
112.9	520.5	1693.7	2266.0	3177.9
115.8	701.2	2248.1	2708.7	3302.7
118.4	865.7	2333.8	2789.8	3347.0
133.3	763.8	2440.7	2991.0	3484.4
0.0	629.1	2418.3	3114.8	3511.7
181.8	1089.8	2356.9	3386.1	3726.5
0.0	706.1	2254.1	3229.8	3707.0
333.3	899.8	2261.5	3211.2	3655.9
0.0	1134.7	2208.7	3048.6	3650.8
0.0	914.0	2109.3	2989.2	3642.1
0.0	1027.8	2275.3	3237.2	3850.5
83.9	850.7	2211.5	3153.9	3932.7
0.0	416.9	1849.7	2783.4	3641.1
300.0	941.5	1831.1	2654.9	3523.9
77.9	864.7	1913.0	2742.3	3488.3
545.5	579.8	1407.5	2634.5	3447.7
545.5	634.9	1611.2	2652.8	3519.1
0.0	517.4	1577.5	2559.2	3553.1
0.0	556.6	1540.7	2568.7	3469.8
0.0	609.9	1508.8	2545.0	3384.7
122.2	644.2	1445.9	2501.9	3264.8
127.7	661.7	1391.5	2460.7	3265.6
125.9	670.5	1376.0	2421.1	3387.1
126.1	671.1	1377.4	2370.1	3323.1
120.9	664.0	1398.8	2357.4	3178.2
114.4	644.4	1430.3	2327.0	3109.5
111.1	624.4	1465.7	2241.0	3096.2
101.4	599.4	1541.6	2130.1	3122.9
96.4	430.1	1561.9	2153.9	3166.5
69.7	455.5	1709.7	2659.7	3441.0
212.3	982.4	2122.6	2817.7	3467.7
80.0	919.5	1733.3	2694.5	3421.5
0.0	814.0	1789.1	2687.5	3459.9
285.7	894.0	1764.3	2690.9	3479.1
285.7	996.6	1886.1	2898.6	3610.6
0.0	962.9	1767.6	2699.7	3618.7
0.0	919.7	1702.2	2620.7	3478.4
0.0	906.0	1752.3	2590.0	3374.9
0.0	784.8	1720.7	2553.3	3467.3
260.9	780.9	1552.0	2569.1	3473.0
0.0	820.4	1619.0	2596.1	3428.8
0.0	956.0	1774.0	2654.0	3477.1
0.0	737.6	1611.2	2564.6	3422.9
0.0	570.7	1481.2	2465.8	3354.7
0.0	581.9	1486.1	2392.7	3288.4
0.0	605.7	1548.2	2395.2	3316.6
116.0	631.8	1553.8	2422.3	3364.1
118.8	653.0	1560.9	2423.5	3382.6
99.5	666.3	1586.5	2413.9	3277.6
120.5	677.4	1579.7	2408.0	3553.4
92.7	685.9	1585.8	2404.6	3729.0
75.5	689.6	1602.8	2405.9	3571.7
98.2	690.3	1599.5	2398.1	3569.8
0.0	699.7	1602.2	2396.9	3649.9
80.5	715.0	1587.8	2395.1	3407.9
0.0	706.7	1597.4	2384.6	3248.8
100.0	701.5	1605.3	2393.8	3358.5
100.8	701.7	1601.2	2390.5	3530.1
65.2	702.6	1579.8	2370.2	3447.4
70.2	708.4	1585.3	2382.3	3499.9
212.1	700.7	1575.1	2383.7	3521.4
0.0	699.3	1579.7	2373.6	3550.3
0.0	685.8	1559.0	2375.0	3562.1
0.0	680.0	1590.3	2382.9	3373.5
125.0	695.2	1602.9	2433.9	3545.2
0.0	781.8	1559.2	2471.3	3568.8
0.0	852.5	1633.8	2495.5	3567.0
0.0	783.4	1684.6	2543.1	3608.7
136.4	813.8	1698.8	2588.4	3656.7
133.3	820.5	1776.7	2656.0	3720.3
0.0	826.3	1979.9	2869.7	3764.8
151.9	792.6	2044.7	3052.1	3825.7
480.0	812.2	2140.5	2957.9	3769.3
521.7	834.7	1980.2	3018.1	3723.2
130.4	877.3	1956.6	3078.7	3854.7
0.0	772.7	2120.5	3071.5	3806.6
444.4	741.1	2051.2	3027.2	3620.7
139.5	659.9	1853.3	2819.8	3506.6
67.0	875.0	1598.8	2659.2	3491.3
71.9	983.7	1687.1	2722.9	3480.6
279.1	726.7	1873.5	2909.7	3530.6
0.0	704.0	1996.6	3096.1	3801.2
0.0	853.9	2011.6	2627.0	3671.6
0.0	866.5	1862.3	2560.7	3451.9
82.2	758.3	1672.6	2558.2	3470.7
226.4	713.0	1663.7	2540.4	3455.2
127.7	919.5	1613.6	2483.8	3375.6
72.3	543.6	1627.7	2528.7	3365.2
90.2	793.6	1815.0	2631.2	3415.7
0.0	828.2	1744.2	2555.0	3439.6
72.7	760.5	1598.1	2496.0	3377.3
0.0	721.1	1786.8	2494.3	3404.4
91.6	767.2	1767.0	2558.6	3412.2
0.0	790.1	1650.5	2603.8	3425.2
