0.0	0.0	0.0	0.0	0.0
0.0	0.0	0.0	0.0	0.0
0.0	0.0	0.0	0.0	0.0
0.0	550.4	1555.7	2386.8	3099.5
0.0	677.0	1527.9	2540.0	3291.9
0.0	823.9	1631.8	2682.6	3410.9
0.0	736.4	1702.3	2685.8	3429.1
0.0	744.1	1675.8	2644.0	3465.2
0.0	773.7	1599.5	2721.4	3494.2
0.0	744.7	1639.5	2602.7	3337.1
0.0	706.3	1671.2	2532.9	3345.0
0.0	700.4	1655.2	2585.3	3385.3
0.0	735.4	1619.4	2631.3	3369.4
0.0	747.3	1617.7	2546.8	3397.4
0.0	655.5	1599.3	2463.7	3353.8
0.0	200.0	1602.5	2422.5	3286.2
0.0	467.0	1601.6	2238.1	3163.9
0.0	446.8	1544.6	2120.9	3307.1
0.0	427.7	1482.5	2104.9	3318.3
145.5	784.9	1438.8	2354.2	3385.3
148.1	740.3	1411.6	2499.5	3428.0
69.4	678.5	1504.7	2469.6	3328.8
63.5	967.5	1823.6	2629.9	3453.7
292.7	940.6	1705.0	2559.2	3622.0
0.0	732.4	1031.4	2443.2	3384.3
0.0	595.9	1022.0	2249.3	3260.2
0.0	645.5	1251.7	2225.5	3329.7
76.1	786.5	1487.7	2408.5	3343.5
76.2	758.8	1540.9	2375.7	3248.0
0.0	445.2	889.6	2356.5	3208.3
0.0	466.6	877.9	2363.3	3216.6
156.4	393.2	855.8	2349.0	3230.5
156.5	505.0	1003.3	2341.6	3270.6
157.0	481.9	1104.8	2322.8	3295.2
156.2	473.6	1214.6	2311.4	3320.0
155.1	473.3	1339.1	2319.3	3340.4
148.6	487.1	1431.0	2336.6	3370.9
147.6	525.9	1472.8	2349.0	3371.4
137.8	555.4	1472.5	2384.1	3366.8
132.3	558.9	1431.8	2415.6	3384.7
120.6	539.0	1342.2	2414.9	3404.7
94.4	498.0	1176.0	2399.1	3442.1
165.0	298.8	1166.8	2436.4	3429.3
0.0	316.2	1160.4	2446.4	3447.7
230.8	339.9	1171.6	2436.6	3468.1
0.0	309.4	1183.3	2457.0	3503.2
127.7	278.4	1225.7	2460.5	3467.4
125.0	305.7	1283.9	2494.8	3425.1
252.9	647.5	1510.2	2428.0	3420.7
248.5	635.4	1567.9	2453.7	3440.7
109.3	578.3	1615.9	2479.1	3321.3
98.1	516.7	1621.8	2441.1	3290.0
92.0	580.8	1692.0	2563.4	3317.6
73.8	526.9	1726.0	2617.9	3161.6
74.8	457.2	1703.3	2734.9	3210.4
79.7	556.8	1710.6	2741.0	3323.8
115.4	466.0	1704.4	2708.8	3425.6
76.4	790.6	1624.5	2674.4	3450.5
63.8	948.4	1652.0	2711.3	3508.7
0.0	874.9	1707.2	2727.4	3522.0
0.0	786.5	1763.9	2725.1	3396.7
0.0	790.7	1755.3	2714.4	3454.5
0.0	338.8	1626.6	2716.0	3408.2
206.9	345.4	1777.1	2807.7	3440.8
176.5	240.6	1946.4	2860.6	3444.8
184.6	218.8	1848.0	2755.8	3468.0
218.2	578.7	1635.8	2593.5	3392.1
193.5	528.8	1521.4	2616.4	3405.6
0.0	492.7	1558.1	2433.6	3381.6
0.0	550.4	1587.3	2416.9	3428.8
0.0	536.3	1629.5	2490.9	3410.9
134.2	537.8	1671.8	2484.9	3355.8
129.7	553.8	1707.4	2509.6	3388.1
127.4	547.7	1779.8	2508.5	3424.3
129.1	541.8	1832.0	2507.3	3449.1
130.5	533.7	1884.1	2508.9	3486.6
132.5	525.4	1917.4	2523.3	3507.9
136.8	528.2	1948.4	2531.3	3466.4
137.6	467.7	1982.5	2555.5	3374.9
139.8	455.5	2012.7	2550.8	3240.9
142.3	419.5	1986.7	2707.7	3372.0
142.7	441.6	1867.8	2739.3	3477.2
134.8	765.3	1858.0	2756.9	3513.7
146.3	895.7	1903.7	2757.0	3547.0
187.5	990.2	1894.0	2823.5	3686.1
0.0	887.6	1900.3	2809.6	3592.6
0.0	761.4	1842.4	2794.5	3631.2
352.9	707.8	1774.8	2817.8	3843.3
102.6	719.0	1790.7	2745.4	3710.1
196.7	698.5	1995.5	2695.3	3475.4
75.5	409.2	1888.3	2674.8	3374.6
174.1	400.0	1892.1	2577.8	3467.6
178.5	414.0	1968.2	2472.9	3481.3
70.7	392.9	1994.2	2337.8	3417.4
96.1	356.6	1955.4	2259.5	3394.0
67.2	257.7	1728.9	2454.6	3345.9
214.3	265.0	1629.8	2541.7	3413.1
78.9	969.6	1775.4	2660.8	3494.2
122.4	603.3	1993.5	2707.9	3449.7
0.0	686.9	2001.0	2607.8	3407.6
333.3	959.9	1723.6	2660.3	3449.3
0.0	726.8	1709.0	2666.9	3478.3
0.0	724.9	1772.2	2669.3	3433.3
315.8	200.0	1582.4	2759.7	3397.3
0.0	507.1	1512.8	2615.1	3322.9
0.0	570.8	1293.4	2342.8	3280.7
0.0	718.2	1315.0	2420.9	3347.6
139.8	846.5	1322.8	2432.8	3490.5
141.6	731.3	1230.1	2442.3	3395.1
138.5	675.1	1197.7	2527.8	3378.6
133.6	666.1	1190.5	2566.2	3293.9
130.4	655.3	1183.4	2538.1	3179.8
127.7	662.5	1186.2	2557.1	3177.9
127.7	666.1	1178.9	2571.2	3146.7
126.3	649.3	1184.9	2554.1	3165.9
126.9	671.7	1191.9	2527.8	3186.2
127.5	659.1	1230.8	2499.8	3154.4
127.4	665.4	1244.9	2469.0	3195.6
124.8	626.1	1238.1	2408.7	3122.3
123.7	606.3	1221.3	2050.1	2985.7
123.4	448.8	1247.9	1809.2	3006.5
109.1	447.4	1300.2	1695.5	2887.0
63.5	484.8	1283.5	1680.9	2926.9
134.2	504.6	1242.7	1667.1	2975.8
121.9	480.3	1207.3	1649.0	3022.7
129.6	460.3	1180.2	1655.8	3091.9
124.7	455.2	1186.4	1725.1	3149.1
125.2	488.0	1211.0	1751.7	3158.8
118.9	428.8	1330.0	1817.0	3139.4
116.5	417.6	1473.9	1902.4	3120.7
130.8	367.5	1673.3	1981.6	3183.3
130.0	370.1	1826.3	2112.0	3266.2
125.8	339.2	1920.6	2298.6	3300.8
124.8	308.8	1947.4	2453.4	3207.9
121.8	333.2	2042.7	2600.7	3341.9
121.0	809.5	2182.2	2696.1	3505.5
120.3	993.9	2137.8	2795.9	3546.5
122.4	779.7	2035.5	2816.8	3626.9
0.0	733.3	1974.7	2842.6	3687.7
244.9	804.2	1985.0	2857.7	3708.8
300.0	681.3	2000.6	2804.3	3720.6
0.0	656.4	1933.5	2774.2	3621.8
0.0	427.0	1892.7	2759.5	3697.4
0.0	451.2	1914.3	2776.6	3751.3
206.9	827.9	1870.7	2769.8	3690.5
85.1	814.5	1828.8	2757.7	3578.6
75.5	895.0	1912.5	2734.2	3436.4
0.0	725.0	1851.4	2651.6	3494.6
0.0	748.7	1778.2	2604.2	3500.2
0.0	875.4	1804.5	2712.4	3620.1
0.0	636.6	1888.5	2758.6	3527.8
0.0	359.6	1862.8	2710.8	3425.4
164.4	343.6	1838.7	2645.6	3430.0
125.9	376.5	1837.2	2511.0	3390.8
132.7	382.1	1814.5	2426.7	3367.3
108.3	379.9	1767.5	2377.3	3359.1
0.0	376.6	1725.2	2350.0	3294.7
0.0	378.7	1724.4	2373.2	3203.5
0.0	358.0	1742.1	2362.6	2987.5
111.1	369.7	1731.1	2388.5	2877.7
224.9	374.1	1783.4	2438.1	2928.9
228.3	379.3	1853.3	2492.6	3369.0
100.5	356.4	1950.0	2520.0	3435.7
109.4	400.2	1998.1	2556.4	3349.4
91.5	374.1	2041.0	2621.0	3546.6
267.2	380.6	2069.2	2647.2	3581.0
0.0	421.8	2086.4	2670.0	3491.0
262.5	402.4	2079.9	2638.7	3458.2
89.2	382.0	2041.5	2545.2	3417.2
111.0	413.9	1972.1	2437.7	3330.7
74.9	437.5	1872.0	2425.8	3360.8
117.9	459.3	1746.4	2333.5	3259.6
78.3	493.2	1590.6	2303.9	3355.1
93.7	520.1	1484.5	2315.0	3409.3
72.0	536.3	1370.8	2322.3	3369.8
71.6	535.2	1318.6	2348.2	3350.2
63.5	541.6	1275.1	2366.2	3324.6
63.5	561.2	1264.5	2380.5	3313.4
0.0	551.1	1249.7	2359.9	3369.4
122.7	555.2	1228.5	2355.3	3501.7
63.5	561.0	1228.3	2357.1	3475.1
63.5	542.0	1236.3	2320.8	3307.1
74.2	595.5	1241.1	2296.3	3330.8
82.1	472.6	1223.1	2368.8	3366.3
117.2	438.7	1146.8	2566.3	3359.2
65.5	1101.8	1839.8	2785.7	3550.0
66.7	872.2	1724.0	2823.2	3514.8
545.5	777.4	1533.2	2688.7	3440.6
545.5	874.4	1598.2	2515.2	3444.6
0.0	828.0	947.5	2261.3	3312.6
0.0	765.1	905.2	2291.0	3420.2
0.0	844.2	1511.5	2420.8	3251.5
0.0	914.8	1494.1	2434.6	3216.0
96.8	984.7	1532.8	2368.7	3333.8
0.0	549.9	1073.8	2227.2	3197.6
0.0	424.7	1035.8	2277.1	3241.4
191.3	464.2	1167.1	2304.2	3278.7
102.4	496.0	1266.6	2333.8	3305.2
132.4	526.9	1350.8	2361.9	3331.8
80.5	551.0	1416.1	2350.3	3342.0
91.4	556.0	1444.4	2380.8	3336.3
208.7	585.0	1438.1	2425.1	3362.3
0.0	583.9	1394.9	2394.7	3385.5
0.0	549.9	1316.4	2433.5	3363.7
73.6	390.1	1288.9	2498.7	3453.2
203.4	533.4	1620.3	2491.3	3419.6
76.9	419.6	1595.3	2437.9	3347.8
0.0	540.7	1511.6	2410.5	3436.3
0.0	292.0	1286.1	2480.4	3402.9
117.6	350.4	1407.0	2502.4	3450.8
114.3	498.8	1469.3	2513.3	3453.7
0.0	588.1	1501.4	2500.9	3323.3
0.0	585.2	1540.9	2546.7	3234.9
64.5	586.6	1588.3	2556.8	3195.1
0.0	603.2	1621.5	2505.2	3062.2
214.3	580.5	1663.8	2586.3	3171.0
0.0	561.1	1639.8	2796.7	3190.8
0.0	493.7	1672.2	2726.3	3360.6
207.3	882.8	1829.0	2701.1	3441.8
64.2	881.7	1822.3	2664.0	3437.2
0.0	862.0	1841.9	2702.8	3431.2
0.0	839.9	1923.0	2724.2	3474.0
0.0	1054.9	1895.2	2741.0	3473.4
76.9	1059.8	1700.0	2737.9	3455.0
0.0	695.9	1547.3	2725.8	3493.2
0.0	766.0	1683.8	2701.7	3464.9
