0.0	0.0	0.0	0.0	0.0
0.0	0.0	0.0	0.0	0.0
0.0	0.0	0.0	0.0	0.0
0.0	822.7	1888.7	2377.8	3435.1
0.0	833.3	1903.5	2441.7	3543.8
0.0	816.0	1881.0	2531.8	3590.7
0.0	821.2	1773.3	2500.1	3481.3
0.0	811.4	1825.5	2581.0	3472.5
0.0	808.2	1861.3	2616.2	3372.5
0.0	720.2	1869.2	2552.4	3304.1
0.0	728.0	1846.0	2522.0	3383.5
0.0	718.5	1841.8	2531.9	3472.3
0.0	637.5	1736.3	2492.5	3386.0
0.0	569.4	1731.6	2576.9	3352.7
0.0	799.4	1669.3	2530.7	3338.5
0.0	813.1	1710.7	2567.4	3436.8
0.0	815.8	1853.4	2728.3	3588.7
0.0	700.7	1806.8	2753.1	3579.5
0.0	644.2	1723.1	2660.1	3567.2
461.5	623.5	1753.0	2700.2	3484.8
0.0	796.0	1989.3	2770.3	3415.4
0.0	788.7	2044.9	2678.5	3495.3
0.0	687.7	1870.1	2734.0	3568.7
0.0	1041.9	1994.3	2835.1	3633.1
0.0	533.7	1781.3	2776.4	3603.7
0.0	629.4	1850.8	2886.0	3613.1
0.0	658.7	1876.9	2858.7	3565.8
0.0	223.2	1984.7	2882.4	3550.1
180.3	261.9	2069.4	2892.6	3568.2
0.0	324.2	2085.3	2822.0	3532.9
0.0	336.0	2081.3	2731.8	3504.9
78.5	333.0	2074.5	2691.4	3454.0
155.8	325.5	2063.5	2576.9	3427.8
162.4	335.7	2037.8	2470.2	3401.6
168.4	342.3	2006.4	2394.5	3394.3
171.4	339.8	1934.8	2301.0	3391.1
171.1	340.9	1823.5	2245.9	3396.8
171.4	343.1	1728.7	2222.3	3369.7
169.0	335.6	1614.6	2232.7	3342.2
168.5	342.9	1522.3	2229.8	3333.6
166.2	331.2	1388.2	2311.8	3348.3
164.5	350.1	1353.5	2386.3	3362.8
161.5	355.1	1265.8	2427.6	3373.9
159.7	371.3	1170.6	2472.1	3363.6
157.5	312.3	1076.5	2511.4	3345.3
152.6	306.0	1042.4	2598.8	3237.4
152.4	297.1	1013.9	2629.4	3360.8
148.1	356.2	998.1	2658.5	3474.0
146.8	315.6	947.8	2647.1	3508.3
145.7	307.0	956.1	2645.5	3474.3
142.0	322.2	957.8	2639.1	3459.5
141.2	385.1	945.3	2661.8	3489.0
137.9	330.5	963.2	2666.9	3489.2
137.9	315.2	963.3	2652.6	3464.1
137.9	418.0	993.0	2662.3	3485.6
139.5	542.5	1021.8	2667.2	3502.2
145.2	570.3	1109.7	2663.4	3518.9
149.0	599.0	1165.6	2651.1	3504.2
145.0	612.0	1168.2	2597.6	3486.8
145.0	629.9	1194.6	2564.3	3470.9
144.6	630.6	1211.2	2478.2	3479.7
144.6	632.1	1255.3	2435.5	3491.1
144.6	617.7	1304.3	2356.3	3527.7
144.7	614.2	1370.6	2309.0	3609.7
144.5	551.6	1437.0	2256.3	3706.9
144.4	511.5	1489.0	2266.2	3647.9
147.1	447.0	1530.9	2489.6	3440.6
0.0	586.8	1742.6	2549.8	3433.1
73.2	664.1	1787.6	2467.5	3411.9
78.4	678.7	1713.8	2386.9	3403.0
0.0	664.4	1754.1	2518.0	3165.4
0.0	528.0	1932.0	2727.5	3059.8
0.0	804.0	1907.0	2853.7	3341.4
0.0	686.7	1689.4	2936.0	3569.0
428.6	801.0	1892.8	2917.2	3499.5
187.5	628.7	2117.2	2896.3	3426.1
0.0	408.7	2116.5	2888.8	3516.4
188.8	404.9	2121.1	2874.7	3479.3
0.0	378.2	2141.9	2878.5	3529.3
133.5	326.8	2162.0	2817.3	3527.0
128.0	376.9	2167.1	2760.2	3514.5
125.1	370.1	2143.6	2703.5	3543.3
120.9	324.7	2000.5	2612.5	3497.1
111.1	505.6	1796.9	2560.4	3319.3
0.0	750.5	1804.4	2683.9	3402.8
0.0	1018.3	1958.3	2829.3	3509.7
0.0	856.5	1838.3	2658.0	3488.6
0.0	906.9	1882.6	2650.0	3513.4
0.0	747.6	1672.6	2548.4	3421.3
0.0	741.0	1757.6	2602.8	3383.4
0.0	714.4	1832.0	2641.4	3450.1
0.0	861.2	1874.7	2740.0	3508.9
0.0	891.6	2044.0	2793.2	3518.5
100.8	729.6	2097.4	2763.1	3521.2
0.0	668.3	1985.7	2750.4	3478.5
0.0	715.6	1921.1	2727.4	3516.5
0.0	697.1	1761.4	2711.9	3508.4
0.0	694.0	1809.5	2668.5	3457.3
0.0	713.0	1970.6	2697.6	3384.6
171.4	679.8	1983.0	2593.8	3327.5
179.1	322.8	1969.4	2531.7	3387.9
0.0	460.5	1960.6	2515.2	3400.1
160.0	453.9	1937.7	2493.9	3453.4
150.2	427.0	1879.1	2476.2	3446.6
141.3	434.5	1872.1	2463.6	3458.6
140.3	443.2	1852.5	2421.1	3462.8
139.1	451.4	1823.1	2431.5	3480.9
71.0	465.8	1816.5	2440.4	3506.2
69.4	461.9	1780.1	2423.9	3498.9
69.4	443.8	1750.0	2396.1	3509.8
139.8	428.0	1711.0	2307.2	3507.8
138.5	428.0	1664.2	2363.8	3523.1
139.8	407.5	1589.4	2337.2	3548.9
141.0	450.8	1480.4	2292.6	3541.6
137.2	273.9	1459.2	2318.3	3594.9
67.9	286.2	1467.9	2334.2	3495.9
132.2	278.6	1476.7	2363.2	3463.0
132.0	266.9	1512.9	2454.8	3498.3
130.4	264.8	1533.3	2486.4	3509.8
129.0	258.5	1491.9	2488.4	3395.3
129.0	291.2	1493.3	2397.5	3426.0
0.0	738.8	1823.0	2639.5	3634.7
255.3	801.1	1877.2	2709.4	3692.7
500.0	723.7	1898.3	2764.5	3933.8
106.2	757.7	1802.2	3016.8	4430.3
400.0	687.5	1731.0	2955.4	4347.3
400.0	854.7	1792.0	2976.8	4689.5
0.0	507.6	1696.6	2784.5	4164.8
0.0	820.4	1721.3	2754.3	3932.6
0.0	934.2	1730.4	2698.9	3776.9
190.5	797.7	1769.5	2508.4	3717.6
203.4	499.1	1853.8	2546.3	3664.1
222.2	811.9	1889.6	2621.4	3666.6
80.5	800.4	1863.9	2541.3	3661.0
0.0	631.2	1815.5	2521.1	3595.1
226.4	830.5	1891.4	2510.8	3556.2
77.4	771.3	1886.4	2526.6	3477.4
164.4	729.4	1865.0	2519.5	3503.7
0.0	613.9	2022.0	2592.7	3618.4
0.0	362.1	2080.4	2591.5	3605.8
153.1	400.0	2081.5	2560.1	3566.0
145.9	358.0	2093.4	2578.6	3590.5
139.3	413.5	2119.3	2598.0	3553.4
138.3	323.8	2137.3	2593.8	3536.7
137.6	320.1	2152.0	2600.4	3566.6
136.5	341.6	2110.8	2549.8	3554.2
135.6	323.5	2076.4	2534.6	3566.3
134.9	310.9	1993.2	2485.8	3625.4
133.7	365.2	1929.9	2454.7	3600.8
130.4	414.6	1881.8	2541.9	3795.9
131.9	862.0	1844.7	2877.8	4743.0
129.0	871.1	1815.5	2959.2	4559.9
0.0	883.3	1852.1	2900.7	4354.3
375.0	1021.5	2004.9	3002.5	4508.2
65.9	1026.4	1926.5	2972.3	4448.0
0.0	975.7	1973.2	3042.2	4634.6
0.0	829.2	1856.9	2944.3	4403.4
571.4	788.8	1735.0	2901.1	4499.4
184.6	646.4	1749.5	2989.7	4465.3
88.2	815.5	1784.6	3087.4	4307.4
218.2	880.6	1843.7	2969.0	4251.3
571.4	770.3	1814.3	2743.9	4079.9
218.2	638.7	1720.2	2587.2	3921.4
235.3	446.2	1665.9	2495.2	3674.9
206.9	465.9	1622.3	2452.6	3594.7
156.9	477.5	1628.3	2422.8	3515.4
146.6	503.7	1631.4	2410.8	3546.5
72.8	527.4	1642.3	2424.8	3609.3
69.8	547.5	1644.5	2428.6	3472.0
70.0	570.8	1653.0	2416.8	3569.7
68.3	562.3	1659.3	2406.3	3470.3
136.2	569.9	1644.3	2433.9	3420.2
135.3	580.4	1648.4	2452.1	3400.9
136.4	572.9	1632.9	2437.7	3359.3
136.3	577.6	1641.2	2458.4	3424.8
137.5	577.0	1653.9	2512.9	3521.5
138.0	569.3	1641.6	2479.6	3492.8
138.3	569.0	1647.3	2485.1	3560.3
138.9	557.7	1619.4	2458.2	3580.9
139.5	544.4	1602.2	2455.6	3505.1
139.4	527.5	1566.4	2460.5	3495.4
139.3	414.6	1447.7	2391.4	3400.5
139.0	295.6	1428.8	2406.8	3356.0
69.7	300.5	1434.5	2416.3	3375.0
133.3	281.5	1437.7	2386.5	3443.8
136.4	298.8	1452.5	2378.0	3387.7
133.3	276.0	1508.5	2394.6	3385.2
134.8	303.8	1640.5	2643.2	3428.8
139.5	865.2	1750.9	2683.5	3376.8
134.8	752.8	1703.5	2573.9	3385.2
71.9	736.5	1734.7	2592.3	3430.1
0.0	928.2	1758.6	2616.7	3533.3
0.0	1037.9	1849.4	2652.9	3626.3
0.0	739.6	1945.6	2713.1	3550.6
0.0	802.3	1935.8	2646.4	3564.3
0.0	875.1	1806.5	2609.2	3511.0
97.6	936.4	1925.9	2680.6	3463.2
352.9	796.5	1758.1	2556.3	3407.1
0.0	790.9	1660.7	2529.5	3519.3
0.0	908.1	1739.1	2605.9	3404.1
0.0	943.3	1895.7	2584.7	3269.7
0.0	723.1	1934.7	2563.4	3359.4
0.0	760.7	1941.5	2576.9	3271.9
0.0	1011.2	1900.4	2574.5	3193.4
0.0	850.1	1533.0	2516.4	3242.7
0.0	685.5	1462.0	2507.8	3207.6
