0.0	0.0	0.0	0.0	0.0
0.0	0.0	0.0	0.0	0.0
0.0	0.0	0.0	0.0	0.0
0.0	654.4	1821.0	2590.1	3623.1
0.0	755.9	1632.7	2582.5	3457.0
0.0	698.1	1438.6	2471.0	3450.7
0.0	1070.2	1756.0	2598.1	3673.7
244.9	1083.1	2080.8	2838.5	3708.9
226.4	1047.8	1968.8	2722.1	3691.7
0.0	896.0	1937.4	2610.4	3615.9
0.0	926.7	1815.5	2555.9	3625.2
69.8	951.7	1823.1	2590.1	3588.7
0.0	858.8	1624.0	2567.3	3258.6
0.0	817.8	1784.6	2608.0	3314.2
0.0	714.6	1716.8	2531.5	3423.6
0.0	836.2	1579.5	2587.3	3421.8
0.0	688.9	1377.0	2551.8	3310.5
136.4	647.3	1512.3	2479.7	3274.0
0.0	722.4	1542.9	2431.7	3287.3
0.0	762.3	1475.6	2194.9	3186.0
0.0	815.3	1473.4	2110.6	3203.6
0.0	932.6	1560.5	2082.0	3327.7
121.2	797.1	1453.4	1864.7	3455.5
0.0	592.8	1320.8	1777.3	3670.5
0.0	579.5	1285.7	1718.7	3681.4
128.1	555.4	1264.0	1695.1	3591.7
127.5	534.1	1308.7	1704.9	3527.8
126.0	519.6	1363.4	1744.1	3487.1
125.4	515.1	1353.9	1728.4	3470.9
124.8	506.4	1325.5	1716.5	3500.8
124.1	505.9	1317.1	1669.0	3556.4
123.1	501.7	1297.2	1628.3	3457.3
121.4	500.1	1351.1	2128.5	3191.8
119.4	803.0	1390.5	2593.5	3415.8
112.1	1004.8	1684.4	2605.1	3380.5
98.4	1067.4	1789.4	2533.6	3395.9
0.0	1052.8	1738.9	2524.7	3430.4
0.0	951.7	1820.4	2608.7	3431.6
0.0	829.0	1815.8	2466.8	3309.3
0.0	741.8	1751.9	2460.1	3258.3
0.0	575.1	1729.1	2357.3	3217.7
0.0	525.9	1635.8	2138.4	3391.9
0.0	453.2	1653.1	2228.7	3472.4
123.5	434.6	1691.0	2345.9	3357.1
104.5	432.4	1729.7	2365.2	3350.7
103.6	413.7	1802.1	2376.5	3378.8
97.9	383.9	1929.3	2482.5	3458.5
94.3	372.1	1950.6	2365.0	3465.8
89.1	327.8	1942.6	2301.4	3439.2
79.9	354.2	1743.7	2407.2	3443.2
75.2	596.9	1605.8	2627.8	3419.0
85.1	773.4	1614.9	2610.1	3381.7
150.0	668.2	1771.6	2683.2	3453.4
0.0	553.3	1751.1	2759.8	3510.3
121.2	742.4	1493.7	2464.5	3435.8
480.6	722.9	1406.5	2357.4	3386.6
480.8	826.4	1774.1	2593.6	3488.7
0.0	785.1	1770.9	2717.0	3548.9
0.0	634.4	1801.8	2688.1	3572.3
0.0	604.4	1856.9	2697.3	3617.3
0.0	711.5	1885.4	2660.6	3585.4
129.0	809.9	1812.0	2622.4	3542.5
0.0	796.7	1816.6	2654.4	3357.6
0.0	790.0	1798.3	2728.2	3310.7
0.0	772.2	1780.3	2756.2	3308.3
116.3	801.1	1805.9	2689.2	3321.3
0.0	797.2	1815.2	2660.3	3334.3
0.0	807.1	1841.5	2635.6	3295.7
268.9	775.0	1904.1	2703.5	3291.7
0.0	800.8	1935.4	2757.1	3348.0
0.0	751.3	2045.6	2722.6	3356.6
0.0	704.1	2030.6	2648.7	3210.6
0.0	734.0	1978.9	2751.1	3347.3
218.2	824.8	2013.0	2800.4	3404.4
136.4	870.1	2018.8	2712.3	3460.6
0.0	408.4	1992.0	2740.8	3452.2
0.0	426.6	2052.1	2788.3	3450.2
0.0	441.8	2080.0	2737.1	3382.0
104.6	424.2	2060.0	2675.8	3405.4
109.5	303.4	2037.2	2544.2	3409.9
106.8	422.9	1995.9	2443.9	3428.7
104.1	458.5	1893.6	2370.1	3452.2
101.7	325.6	1823.5	2510.5	3391.1
92.7	696.1	1857.4	2811.6	3432.3
181.8	675.6	2013.0	3075.2	3664.1
160.0	870.1	2087.6	3105.2	4199.9
444.4	632.8	1977.0	3042.9	4060.5
0.0	838.6	1840.5	3044.0	3755.0
0.0	775.8	1738.3	3028.6	3645.2
0.0	592.6	1692.3	2784.8	3756.6
0.0	635.9	1636.9	2748.3	3683.5
0.0	356.9	1591.1	2630.1	3591.1
116.5	559.8	1434.2	2600.2	3563.4
0.0	553.2	1310.1	2668.3	3571.4
123.5	583.6	1291.6	2649.6	3495.9
97.5	643.7	1297.2	2560.7	3426.0
103.5	691.1	1277.0	2560.8	3367.8
103.3	705.0	1250.5	2571.9	3326.1
101.3	706.0	1218.9	2597.0	3332.6
100.5	707.3	1195.9	2627.0	3348.4
99.2	702.6	1185.2	2652.8	3380.2
97.6	694.2	1181.1	2650.2	3331.0
96.1	694.6	1187.4	2651.3	3332.3
95.2	705.1	1194.2	2661.8	3364.4
95.0	698.4	1189.6	2664.0	3399.2
94.3	689.7	1193.8	2650.7	3480.3
94.3	678.7	1212.9	2634.7	3443.2
92.3	676.5	1247.4	2634.9	3442.0
90.0	678.1	1268.8	2592.1	3551.4
87.6	667.3	1311.8	2566.4	3527.0
82.2	646.8	1377.0	2563.8	3558.9
72.4	648.2	1387.3	2513.1	3619.0
228.1	380.3	1288.8	2389.0	3421.6
0.0	407.7	1344.2	2347.7	3310.2
0.0	474.3	1356.9	2306.2	3275.0
67.4	502.2	1368.6	2419.8	3428.4
193.5	588.5	1818.6	2676.7	3516.8
200.0	676.9	1635.7	2606.7	3353.4
64.9	893.3	1728.8	2693.1	3398.3
63.5	967.3	1904.1	2638.3	3428.3
0.0	956.4	1836.6	2578.5	3430.4
0.0	657.9	1527.4	2434.3	3335.1
0.0	556.6	1406.3	2215.8	3018.9
226.4	669.3	1433.9	2213.3	3102.4
67.4	781.0	1476.0	2193.7	3226.4
102.6	818.1	1606.7	2222.0	3389.9
104.3	791.7	1640.7	2241.0	3360.0
94.5	748.7	1671.0	2251.6	3242.9
94.5	713.4	1601.5	2227.7	3324.0
86.3	449.3	1577.2	2206.6	3371.9
0.0	710.8	1668.6	2211.9	3405.5
0.0	783.1	1695.8	2247.6	3399.8
176.5	831.6	1719.0	2382.1	3404.1
82.2	781.4	1675.4	2355.7	3364.0
83.3	760.8	1673.0	2333.1	3304.2
0.0	734.8	1640.8	2360.7	3355.0
0.0	675.5	1672.4	2390.2	3373.1
133.3	691.0	1694.6	2376.9	3363.9
102.6	625.8	1645.8	2234.7	3310.5
100.8	599.1	1611.8	2185.9	3173.5
0.0	576.0	1616.5	2123.2	3101.5
292.7	936.9	1750.1	2361.7	3262.6
300.0	774.6	1708.0	2307.5	3299.7
0.0	749.1	1658.5	2340.8	3330.6
200.0	720.3	1609.4	2355.8	3418.9
100.8	434.3	1612.0	2248.1	3332.5
0.0	765.4	1643.3	2190.0	3339.2
324.3	763.2	1660.3	2120.3	3336.4
244.9	634.7	1561.9	2083.0	3198.0
0.0	727.4	1727.1	2406.1	3339.3
0.0	755.9	1730.9	2656.3	3274.8
108.1	687.2	1690.6	2642.2	3079.6
0.0	672.1	1712.6	2539.6	2990.5
0.0	676.9	1729.0	2625.0	3027.5
64.2	838.6	1775.7	2569.6	3111.2
115.4	800.2	1743.4	2550.1	3111.7
250.0	791.0	1735.3	2510.7	3064.1
0.0	800.3	1776.7	2523.8	3048.1
0.0	726.2	1734.0	2562.7	3043.3
240.0	757.3	1721.2	2530.1	3072.5
230.8	850.1	1752.6	2520.8	3083.6
181.8	817.0	1805.6	2477.7	3151.2
