0.0	0.0	0.0	0.0	0.0
0.0	0.0	0.0	0.0	0.0
0.0	0.0	0.0	0.0	0.0
0.0	789.2	1956.2	2751.1	3617.1
0.0	740.3	1628.4	2587.4	3424.9
0.0	703.0	1733.6	2605.8	3390.2
0.0	833.9	1880.8	2704.0	3425.8
69.0	807.7	1806.2	2686.1	3416.1
0.0	814.7	1775.4	2571.3	3340.8
0.0	819.0	1918.6	2652.3	3349.0
0.0	831.0	1860.0	2690.6	3456.9
0.0	839.8	1781.9	2620.6	3579.0
0.0	790.3	1720.9	2597.8	3459.2
0.0	735.4	1616.5	2648.1	3383.0
0.0	759.4	1754.3	2624.0	3387.8
0.0	786.9	1808.2	2636.5	3478.8
0.0	650.8	1892.8	2518.4	3460.2
0.0	414.8	866.2	2222.9	3358.4
0.0	375.8	791.7	2246.7	3309.6
0.0	431.7	792.8	2287.5	3310.6
104.4	424.9	835.0	2305.5	3338.4
107.0	445.7	880.0	2331.2	3392.2
106.9	455.9	983.9	2321.6	3434.7
107.2	478.9	1085.7	2322.1	3420.4
107.4	501.0	1177.9	2311.1	3441.1
108.1	498.1	1291.0	2310.5	3426.2
107.6	502.8	1387.4	2356.6	3279.9
107.1	494.5	1413.6	2337.6	2847.0
107.1	516.8	1417.3	2386.5	2450.6
99.2	473.4	1474.8	2446.5	2829.3
109.0	472.4	1519.2	2467.0	3271.4
106.2	474.8	1572.0	2416.3	3148.0
107.5	471.0	1597.7	2321.2	3082.7
112.1	479.4	1610.8	2249.7	3171.8
112.1	481.7	1603.7	2208.9	3222.3
113.2	486.6	1578.5	2158.4	3255.6
115.2	490.8	1538.8	2085.0	3304.3
116.5	488.1	1479.9	1920.7	3316.6
120.0	481.0	1433.4	1856.0	3335.0
121.2	490.5	1347.6	1793.8	3341.1
123.6	465.2	1253.4	1812.0	3335.9
123.2	399.3	1204.5	1787.5	3326.9
119.7	720.4	1677.9	2275.4	3301.7
118.7	606.4	1749.9	2476.3	3285.8
119.0	370.8	1673.0	2006.3	3148.9
122.5	385.8	1674.2	2140.6	3128.9
125.0	393.2	1704.5	2449.3	3245.4
128.4	389.1	1773.5	2623.8	3344.1
127.9	396.8	1806.9	2661.5	3482.3
128.4	372.0	1816.8	2733.4	3493.3
129.5	371.8	1850.1	2715.8	3550.8
129.1	350.5	1879.6	2666.0	3678.6
128.1	332.8	1906.3	2645.6	3663.5
127.8	328.6	1932.9	2596.3	3642.6
127.7	330.1	1943.3	2503.9	3646.7
127.1	592.2	1935.4	2485.4	3687.2
126.5	367.1	1935.7	2443.3	3681.8
125.9	400.8	1905.2	2430.0	3571.9
124.3	399.7	1857.0	2443.7	3497.0
123.4	402.3	1771.2	2485.6	3447.5
121.2	721.9	1839.0	2636.9	3453.4
125.0	939.6	1887.2	2738.4	3520.0
101.7	910.5	1804.2	2603.6	3402.1
0.0	689.3	1755.3	2622.8	3383.9
0.0	1090.2	1900.0	2690.3	3453.9
0.0	1030.8	1846.0	2579.7	3640.6
521.7	786.6	1819.0	2567.5	3686.6
352.9	627.3	1850.5	2615.4	3682.0
0.0	677.5	1852.2	2572.7	3643.7
127.7	779.7	1825.4	2476.1	3399.4
0.0	758.1	1767.2	2506.6	3314.7
0.0	505.3	1700.2	2528.1	3552.7
0.0	509.4	1687.1	2518.8	3593.9
126.7	520.1	1645.6	2518.8	3658.0
125.8	547.4	1558.1	2538.3	3683.2
124.4	582.9	1448.9	2549.7	3671.7
121.2	587.2	1330.3	2536.3	3691.1
118.8	592.1	1252.5	2566.4	3683.4
114.8	592.3	1195.2	2573.8	3706.3
113.7	589.1	1101.7	2572.5	3769.0
110.5	573.0	1062.0	2570.2	3841.2
109.0	562.6	1058.9	2561.4	3791.7
106.6	540.0	1061.1	2544.2	3746.1
104.0	544.3	1106.6	2566.3	3727.1
102.1	587.3	1243.1	2535.2	3630.4
98.4	626.6	1412.0	2475.3	3546.1
91.1	653.4	1512.7	2506.5	3580.8
86.3	741.2	1560.4	2459.7	3509.7
89.6	614.1	1622.6	2430.2	3470.8
88.2	576.4	1710.9	2459.9	3463.0
93.6	541.9	1767.8	2451.5	3427.7
100.4	478.8	1799.9	2507.4	3499.7
103.0	444.6	1781.3	2529.5	3528.6
107.1	451.3	1776.0	2533.4	3554.7
101.8	455.9	1761.4	2543.5	3575.9
99.0	464.9	1730.1	2556.3	3562.1
95.5	457.0	1666.9	2566.6	3540.3
93.7	453.4	1617.9	2530.7	3478.9
93.2	452.5	1556.5	2529.7	3359.1
92.5	454.2	1441.7	2466.2	3305.1
92.3	434.8	1358.9	2401.3	3202.4
93.5	379.6	1289.5	2393.9	3201.1
91.8	356.1	1299.4	2388.2	3291.5
88.9	375.6	1299.9	2392.9	3162.9
90.2	411.0	1296.8	2667.3	3180.5
87.6	397.6	1377.7	2653.6	3260.3
86.3	582.3	1635.5	2502.8	3215.1
83.3	565.7	1741.6	2529.9	3294.3
0.0	730.6	1852.5	2626.5	3386.9
87.6	752.0	1870.9	2645.6	3460.6
84.2	723.6	1915.7	2676.0	3521.5
93.0	440.6	1948.1	2643.9	3551.8
99.2	388.2	2024.0	2590.6	3584.7
111.3	382.4	2021.0	2571.8	3623.5
111.1	388.5	1998.3	2485.7	3687.0
109.8	377.1	1973.7	2381.9	3610.8
108.0	355.6	1905.5	2270.2	3586.0
106.1	330.1	1760.2	2187.9	3577.5
105.3	324.0	1540.9	2189.8	3532.7
105.3	324.7	1356.6	2210.0	3515.1
101.5	345.4	1139.2	2217.0	3489.4
99.2	378.8	1055.5	2255.1	3453.3
99.2	403.7	1034.7	2311.0	3428.5
100.8	438.9	1008.9	2357.6	3460.3
101.9	439.8	1013.9	2411.6	3539.4
101.8	450.1	1012.0	2480.6	3622.5
102.0	452.6	979.3	2563.9	3708.0
103.2	454.9	952.7	2605.1	3732.1
104.5	455.9	947.3	2640.7	3764.2
0.0	439.6	902.6	2647.7	3831.8
279.1	433.8	873.4	2636.9	3801.8
109.1	412.2	921.2	2613.1	3762.4
107.7	350.8	1268.3	2269.0	3553.1
103.8	363.5	1165.6	2386.7	3392.0
96.8	834.1	1443.1	2504.9	3431.2
91.6	565.9	1381.8	2500.8	3439.0
0.0	588.3	1244.5	2654.2	3623.4
0.0	475.9	1263.6	2687.3	3683.9
0.0	503.5	1310.2	2669.5	3712.3
105.7	537.3	1312.7	2667.5	3733.1
101.8	560.7	1313.6	2672.7	3748.9
100.1	600.6	1321.7	2674.9	3746.5
96.7	631.0	1278.8	2472.6	3672.8
96.1	623.0	1239.8	2250.9	3647.4
93.2	645.6	1234.0	2252.9	3715.2
91.6	661.2	1230.7	2276.6	3692.1
91.2	680.3	1242.5	2274.2	3746.7
90.9	671.0	1257.0	2265.9	3766.6
90.1	668.7	1275.0	2250.9	3697.0
90.4	669.0	1303.5	2266.1	3662.8
90.8	686.4	1336.3	2248.9	3683.9
91.4	680.9	1378.1	2243.7	3748.2
91.4	702.2	1388.5	2240.5	3762.1
91.1	672.1	1409.5	2221.0	3579.0
90.3	637.5	1444.5	2224.7	3573.3
85.7	628.3	1465.1	2238.9	3655.4
85.4	650.9	1488.4	2298.6	3731.5
84.5	629.1	1510.0	2412.3	3696.0
85.3	629.1	1558.7	2358.5	3614.9
88.5	623.4	1577.9	2447.4	3586.1
89.4	646.2	1591.7	2419.3	3526.3
90.6	672.9	1569.0	2436.1	3545.0
92.3	619.4	1579.3	2486.1	3448.3
93.8	646.7	1545.8	2464.4	3500.4
93.0	691.9	1544.6	2475.8	3535.5
99.9	599.8	1621.9	2576.8	3608.5
78.9	594.7	1637.7	2596.7	3621.6
0.0	607.9	1601.4	2535.4	3539.0
0.0	623.9	1583.4	2515.8	3591.6
0.0	751.3	1630.8	2565.4	3651.2
0.0	777.8	1604.9	2579.9	3592.6
0.0	768.8	1566.1	2566.4	3602.5
0.0	756.2	1531.5	2457.1	3592.9
151.7	738.9	1524.3	2427.9	3435.9
64.2	735.1	1544.9	2596.4	3479.8
176.5	742.0	1580.2	2584.4	3506.1
176.5	702.9	1552.4	2404.9	3284.7
169.0	831.3	1554.9	2460.2	3472.4
117.6	845.3	1604.9	2532.8	3485.5
66.7	724.0	1588.4	2516.6	3438.4
0.0	700.1	1585.4	2524.0	3383.5
65.2	663.5	1519.3	2558.1	3385.9
