0.0	0.0	0.0	0.0	0.0
0.0	0.0	0.0	0.0	0.0
0.0	0.0	0.0	0.0	0.0
0.0	738.5	1377.0	2439.4	3389.1
0.0	789.6	1359.9	2475.4	3376.9
0.0	784.1	1344.1	2426.5	3349.3
0.0	834.8	1338.6	2391.5	3319.5
0.0	750.0	1349.9	2401.6	3205.0
0.0	722.6	1297.4	2414.9	3327.4
0.0	775.4	1537.5	2490.2	3474.6
126.3	774.7	1553.6	2553.8	3417.7
0.0	744.0	1779.7	2571.3	3429.3
0.0	792.2	1578.6	2575.2	3398.0
0.0	917.1	1566.0	2696.6	3450.4
0.0	922.9	1742.5	2736.1	3467.4
0.0	1045.1	1802.2	2725.6	3522.3
0.0	984.2	1822.6	2672.5	3528.4
0.0	646.5	1400.8	2385.9	3545.0
0.0	631.9	1393.0	2276.2	3551.1
0.0	617.6	1447.1	2300.2	3349.1
121.2	577.7	1517.5	2317.1	3286.9
121.2	529.2	1578.3	2358.3	3216.3
123.7	502.0	1600.9	2431.0	3110.3
118.8	384.8	1609.2	2476.8	3103.5
127.7	296.8	1603.0	2459.3	3334.7
95.2	263.2	1540.9	2441.3	3385.3
100.0	461.9	1717.2	2596.3	3371.8
101.7	802.0	1850.0	2787.4	3456.5
0.0	973.8	1890.3	2720.7	3459.8
0.0	809.7	1792.1	2513.1	3333.4
0.0	325.3	1587.8	2516.4	3512.3
0.0	754.1	1741.9	2683.1	3581.9
0.0	744.9	1738.7	2645.1	3493.7
0.0	780.7	1715.8	2631.0	3531.6
0.0	704.6	1671.1	2565.7	3553.4
131.9	631.0	1617.9	2507.9	3461.5
169.0	637.7	1492.3	2441.6	3467.2
157.9	671.4	1419.6	2486.3	3411.8
153.8	679.0	1388.3	2398.7	3333.9
156.1	681.2	1365.5	2268.1	3333.8
157.9	677.2	1333.3	2243.7	3330.9
164.4	665.9	1337.9	2216.5	3348.0
169.0	659.0	1345.6	2444.2	3334.1
169.0	644.2	1295.8	2344.3	3286.4
176.5	619.8	1297.3	2277.2	3409.1
176.7	359.0	1427.8	2284.4	3565.0
179.1	370.8	1452.3	2256.6	3596.4
193.5	383.3	1459.2	2249.4	3589.6
193.5	385.2	1464.2	2221.4	3578.5
187.5	398.2	1436.4	2260.1	3533.7
187.5	526.6	1525.8	2370.8	3448.8
188.5	551.5	1661.8	2488.7	3488.5
190.4	553.8	1744.7	2472.7	3523.5
190.5	517.9	1839.2	2508.7	3585.0
188.6	468.2	1915.1	2530.1	3630.5
187.9	451.0	2003.3	2456.3	3671.4
186.7	408.3	2068.8	2459.2	3664.7
182.2	622.5	1546.4	2413.9	3247.5
173.9	697.2	1397.7	2470.0	3119.8
63.8	627.0	1401.2	2515.6	3267.9
74.1	720.3	1658.0	2555.6	3360.1
0.0	893.2	1767.5	2611.5	3424.2
0.0	742.0	1798.4	2672.0	3502.6
0.0	766.6	1938.2	2623.4	3497.9
0.0	925.4	1928.5	2554.1	3463.1
0.0	954.7	1966.3	2694.9	3485.3
0.0	519.7	1857.8	2685.4	3270.1
0.0	695.0	1729.0	2657.6	3333.1
0.0	765.6	1785.7	2594.1	3416.0
500.0	200.0	1843.9	2680.6	3433.5
0.0	461.5	1869.9	2748.5	3502.7
0.0	382.9	2041.5	2823.2	3682.1
0.0	389.2	2035.9	2736.1	3758.0
0.0	435.0	2020.0	2599.7	3637.4
0.0	473.7	1995.1	2618.5	3538.5
141.2	478.8	1983.0	2639.3	3472.7
150.0	517.8	1950.0	2565.2	3429.7
150.0	507.8	1895.8	2533.1	3393.1
148.1	496.7	1835.1	2486.1	3349.6
148.1	491.7	1773.6	2485.5	3328.9
141.2	507.1	1668.9	2473.2	3303.7
140.4	467.1	1469.9	2354.4	3376.2
135.2	537.1	1388.3	2273.7	3417.6
65.9	586.2	1430.6	2257.5	3445.1
131.9	574.3	1443.1	2213.5	3514.8
127.7	520.9	1477.0	2318.1	3585.5
123.5	502.5	1499.9	2194.3	3516.9
121.1	480.4	1505.9	2160.7	3507.0
118.5	468.3	1560.9	1997.4	3394.1
115.4	457.4	1601.2	1754.8	3313.7
112.9	457.3	1547.9	1797.9	3443.3
112.1	415.2	1615.1	1853.9	3434.3
110.1	429.5	1692.8	2405.1	3443.6
110.5	288.8	1688.1	2648.5	3521.5
108.3	461.9	1660.5	2702.1	3482.8
102.6	520.3	1709.6	2696.9	3507.1
101.7	928.9	1688.2	2758.9	3523.6
100.0	855.1	1654.3	2757.4	3543.3
0.0	759.4	1867.4	2737.0	3511.7
0.0	442.7	1659.2	2647.4	3407.9
0.0	379.2	1762.1	2597.1	3418.8
0.0	386.7	1766.5	2567.7	3303.8
108.1	403.0	1757.0	2517.2	3246.3
110.1	360.8	1783.4	2497.2	3386.9
107.1	361.3	1827.4	2504.7	3579.9
110.1	292.0	1830.2	2462.0	3484.4
107.1	301.6	1860.9	2418.7	3379.3
105.3	325.0	1879.8	2403.8	3380.3
103.4	348.9	1818.8	2346.0	3278.8
105.3	320.1	1618.2	2157.4	3329.0
102.1	369.2	1458.4	2079.3	3357.3
97.6	380.6	1614.5	2130.8	3408.6
97.6	276.1	1510.0	2140.9	3476.2
0.0	283.4	1495.8	2167.7	3595.0
105.3	292.7	1476.1	2219.5	3613.7
105.3	293.7	1438.0	2192.7	3605.6
104.3	291.3	1396.6	2217.9	3611.9
104.3	296.5	1445.8	2273.6	3637.4
104.5	485.2	1546.9	2271.5	3682.0
205.3	488.9	1577.8	2286.6	3699.4
106.8	554.2	1583.4	2286.5	3700.9
104.5	573.7	1540.1	2292.0	3739.3
104.8	584.9	1489.7	2276.1	3749.5
104.4	608.3	1437.6	2225.0	3665.4
102.6	634.0	1378.7	2202.2	3312.1
102.6	631.0	1332.9	2204.0	3531.6
101.7	628.3	1272.6	2196.2	3665.8
100.8	617.7	1186.8	2187.2	3282.7
99.2	591.2	1122.5	2164.2	3150.3
97.6	623.7	1027.9	2154.1	3195.7
96.0	618.5	1007.6	2269.6	3301.9
88.8	901.7	1408.4	2479.7	3337.1
90.5	880.8	1489.4	2473.3	3329.3
95.0	818.3	1576.0	2490.6	3337.0
89.1	742.2	1405.7	2414.7	3420.7
0.0	641.6	966.4	2373.0	3339.5
87.6	567.5	898.2	2367.2	3303.2
0.0	408.7	853.2	2355.3	3323.2
94.5	427.3	870.5	2352.3	3271.6
98.4	410.6	849.8	2368.1	3269.8
94.5	414.7	850.1	2379.7	3356.7
94.5	405.0	852.7	2393.5	3407.8
95.2	402.8	851.9	2401.5	3342.6
95.2	402.5	852.8	2434.1	3629.3
93.8	404.4	823.1	2442.9	3655.9
97.6	381.5	791.5	2445.5	3729.2
97.6	373.0	806.5	2444.8	3810.3
100.0	397.0	826.3	2442.7	3728.2
99.2	426.9	859.5	2453.0	3721.3
100.0	500.6	905.1	2484.4	3757.8
102.6	690.1	1384.7	2510.9	3595.1
104.3	919.9	1487.2	2520.5	3413.4
107.7	954.1	1878.6	3098.9	3646.0
108.3	1030.2	1923.9	2996.6	3622.6
118.8	1063.9	1670.2	2771.3	3588.0
0.0	1041.8	1684.0	2756.6	3606.6
0.0	1040.7	1688.7	2725.3	3582.9
0.0	1063.5	1821.4	2780.2	3611.4
0.0	1029.9	1765.4	2866.2	3575.8
0.0	987.5	1733.7	2793.9	3557.1
214.3	1034.2	1778.9	2567.3	3595.0
0.0	686.6	1421.8	2493.2	3482.3
0.0	614.2	1375.7	2566.0	3422.8
146.3	628.3	1359.1	2548.3	3491.8
0.0	574.9	1318.5	2405.8	3475.0
88.9	795.1	1396.2	2331.9	3432.4
96.0	603.4	1271.4	2510.1	3409.8
187.5	646.6	1207.6	2419.3	3431.2
129.0	693.8	1208.7	2357.4	3247.1
142.9	838.3	1288.5	2462.6	3352.3
94.5	681.4	1198.2	2477.9	3384.1
0.0	728.3	1186.0	2464.1	3388.0
107.1	754.8	1390.5	2464.6	3378.0
0.0	738.4	1404.7	2497.7	3346.9
115.4	676.0	1160.3	2486.2	3360.9
0.0	935.1	1512.5	2669.6	3406.2
