0.0	0.0	0.0	0.0	0.0
0.0	0.0	0.0	0.0	0.0
0.0	0.0	0.0	0.0	0.0
0.0	1011.4	1857.1	2668.3	3485.8
0.0	994.6	1912.8	2618.0	3457.3
0.0	939.4	1817.0	2709.6	3390.8
0.0	742.7	1617.6	2610.3	3305.0
0.0	1005.1	1816.7	2666.4	3408.3
0.0	693.6	1778.8	2657.7	3474.0
0.0	717.2	1724.9	2560.3	3530.8
0.0	704.2	1695.0	2554.7	3553.4
0.0	787.7	1671.6	2534.9	3536.2
0.0	768.6	1676.3	2616.3	3571.2
0.0	900.3	1760.8	2670.4	3610.9
0.0	439.6	1735.2	2581.1	3608.7
0.0	874.9	1849.0	2674.7	3592.4
0.0	1004.1	1830.1	2711.6	3534.6
0.0	933.2	1713.0	2644.5	3426.8
0.0	814.8	1704.3	2634.2	3480.4
0.0	851.7	1237.6	2461.3	3686.1
411.7	868.3	1038.2	2551.3	3747.6
92.0	829.3	1363.3	2486.3	3624.8
77.7	829.7	1405.3	2518.4	3450.7
0.0	774.6	1277.0	2556.0	3356.8
0.0	655.3	1103.1	2490.0	3218.5
521.7	637.1	1109.7	2422.2	3123.0
571.4	746.8	1292.2	2694.5	3207.9
181.8	773.8	1553.8	2917.9	3254.1
110.1	755.2	1572.6	2890.5	3270.0
0.0	540.0	902.7	2610.8	3241.5
170.5	558.2	925.7	2592.8	3257.9
173.8	587.1	995.6	2556.4	3221.2
174.8	651.1	1094.8	2485.2	3207.9
174.2	690.7	1192.9	2418.6	3220.3
173.4	684.6	1243.9	2392.6	3235.7
171.8	678.5	1307.1	2377.4	3282.2
168.7	670.4	1383.3	2354.1	3261.1
164.7	661.1	1442.0	2339.5	3282.6
160.4	647.6	1473.8	2324.9	3278.4
151.6	633.1	1504.1	2334.1	3254.0
146.3	630.0	1528.9	2334.5	3245.0
134.8	632.7	1536.7	2358.3	3236.2
125.9	625.5	1516.7	2394.0	3246.5
116.8	620.8	1471.5	2464.7	3292.4
114.1	601.5	1433.7	2511.4	3378.4
101.7	588.3	1354.6	2548.3	3529.0
92.4	552.6	1274.8	2565.2	3513.4
85.7	524.4	1185.1	2588.8	3505.6
72.6	465.2	1128.9	2591.1	3486.7
123.4	437.7	1093.5	2595.7	3475.7
75.7	425.1	1075.5	2580.9	3510.0
126.3	452.9	1088.9	2574.6	3519.2
95.2	424.6	1145.7	2564.0	3498.4
113.1	449.9	1233.6	2546.4	3503.9
115.7	456.1	1337.2	2516.8	3497.3
116.3	470.7	1459.0	2475.7	3480.5
116.8	473.5	1579.9	2462.3	3486.1
116.7	449.6	1743.5	2460.9	3492.3
118.5	401.5	1879.7	2488.5	3439.0
120.2	354.4	1995.8	2513.7	3537.9
121.3	356.2	2056.2	2519.8	3540.4
122.4	369.4	2096.1	2538.9	3530.4
122.6	361.7	2121.4	2604.1	3532.2
118.1	360.5	2174.8	2728.3	3549.2
119.7	359.6	2184.4	2716.2	3577.0
119.8	363.5	2126.4	2639.7	3532.1
120.5	418.5	2218.1	2726.8	3518.4
121.2	400.4	2226.2	2760.8	3511.0
122.2	347.4	2162.3	2746.3	3508.7
125.4	338.0	2135.4	2781.0	3474.2
127.1	355.1	2175.1	2807.3	3487.4
128.0	373.0	2194.4	2732.9	3462.4
130.2	288.7	2196.1	2734.4	3485.4
127.9	332.6	2173.2	2673.4	3468.9
126.2	295.3	2127.7	2621.1	3457.1
122.7	418.3	2026.4	2495.9	3447.9
241.8	575.1	1794.2	2329.2	3428.5
115.7	263.9	1738.5	2351.4	3394.0
100.2	289.8	1740.4	2343.4	3399.4
108.3	365.4	1752.8	2357.7	3405.0
101.7	585.0	1855.4	2445.5	3430.9
0.0	386.8	1902.9	2488.8	3478.0
0.0	368.1	1890.3	2488.6	3452.2
110.9	375.3	1861.5	2487.6	3493.4
108.5	414.7	1839.9	2488.2	3514.0
106.0	461.4	1814.9	2481.0	3482.8
102.8	471.4	1761.7	2455.2	3365.0
100.0	464.5	1677.0	2506.2	3418.7
89.8	321.5	1541.2	2562.0	3440.6
84.5	802.3	1826.2	2594.5	3407.9
0.0	862.4	1856.9	2638.2	3418.6
0.0	1162.7	1921.2	2700.6	3538.3
0.0	821.8	1689.7	2718.3	3454.6
0.0	793.5	1830.4	2673.1	3355.7
0.0	783.7	1801.2	2661.2	3484.3
0.0	719.2	1684.7	2806.3	3647.3
0.0	700.5	1762.0	2856.0	3614.6
0.0	692.8	1869.0	2711.2	3527.3
0.0	707.3	1682.5	2592.5	3340.0
0.0	778.5	1729.1	2523.2	3250.1
0.0	872.6	1851.4	2317.7	3220.6
521.7	744.8	1723.0	2226.5	3302.2
121.2	645.4	1722.8	2137.4	3267.0
0.0	546.8	1419.9	1908.1	3137.9
146.3	501.4	1353.6	1836.9	3140.1
146.0	521.0	1352.7	1780.5	3104.8
142.9	549.5	1338.2	1742.5	3115.8
144.6	518.5	1292.5	1689.3	3164.3
144.6	557.5	1263.8	1653.7	3203.2
146.6	519.3	1232.9	1637.3	3202.2
148.1	518.3	1219.4	1621.3	3214.9
150.1	505.9	1162.1	1665.6	3281.2
151.4	454.7	1077.8	1724.1	3445.5
152.2	427.6	1035.0	1906.9	3555.9
153.4	328.1	960.8	2063.2	3534.4
153.4	340.0	941.7	1899.9	3536.6
153.8	326.5	962.4	1847.8	3481.1
155.8	338.6	1008.0	1926.3	3460.7
153.8	348.2	1124.3	1991.6	3302.5
155.8	484.3	1252.8	2089.2	3116.9
154.6	466.1	1296.3	2238.1	3083.4
153.1	491.9	1384.1	2452.4	3111.5
153.9	471.7	1410.1	2636.9	3359.8
154.3	441.8	1400.1	2697.8	3692.9
154.2	390.1	1250.7	2620.7	3771.4
152.8	372.6	1145.4	2592.4	3835.3
153.0	348.7	1148.6	2572.7	3826.7
155.2	364.8	1207.7	2575.8	3855.1
151.6	338.6	1218.2	2622.0	3874.0
151.3	312.2	1151.0	2498.9	3801.7
148.4	301.5	1272.4	2482.7	3811.8
147.4	288.6	1417.4	2618.4	3716.1
0.0	366.8	1420.2	2598.6	3537.9
279.1	425.4	1404.3	2560.0	3397.5
141.7	432.0	1345.8	2514.9	3296.8
141.5	426.0	1279.2	2436.6	3216.9
141.6	436.7	1210.8	2409.6	3228.4
140.9	605.1	1193.9	2454.2	3297.2
135.5	814.8	1347.8	2576.8	3397.9
127.7	882.8	1635.2	2580.8	3359.7
0.0	789.8	1592.8	2569.0	3322.9
0.0	959.9	1703.1	2680.7	3424.2
0.0	905.9	1775.0	2774.0	3432.4
0.0	966.3	1724.4	2685.7	3421.9
144.6	1007.9	1694.2	2603.3	3434.7
64.5	1157.5	1831.2	2670.3	3450.1
0.0	1038.3	1856.9	2625.9	3398.1
0.0	996.7	1800.0	2588.5	3358.3
0.0	1020.0	1803.7	2665.4	3314.3
0.0	998.4	1738.4	2616.0	3269.4
0.0	948.2	1619.1	2611.9	3389.6
0.0	904.8	1575.9	2574.3	3404.4
0.0	813.2	1696.0	2670.5	3332.8
0.0	484.1	833.5	2647.7	3231.9
0.0	490.7	800.0	2667.1	3209.8
137.1	475.7	760.3	2676.2	3194.3
132.8	456.9	738.8	2685.5	3174.5
130.4	490.7	762.9	2691.2	3233.9
128.5	544.6	818.0	2666.0	3237.0
127.8	504.9	875.5	2610.0	3238.2
126.8	480.9	949.1	2545.4	3244.1
124.7	488.3	1039.2	2502.0	3263.9
123.0	484.2	1097.5	2458.0	3251.0
120.8	478.0	1155.1	2432.6	3234.7
118.8	472.2	1186.7	2418.4	3243.8
117.0	469.7	1210.3	2433.1	3249.7
115.0	472.7	1218.7	2466.2	3274.9
112.0	482.5	1196.4	2498.7	3310.3
108.9	503.0	1148.9	2543.6	3311.8
105.7	524.1	1084.7	2593.5	3305.1
101.8	523.3	1022.6	2636.6	3288.1
99.2	517.5	975.1	2675.6	3273.6
97.3	541.6	932.0	2703.3	3239.9
93.3	573.0	909.1	2691.1	3235.1
93.6	598.9	904.4	2682.4	3248.1
94.0	589.6	887.6	2678.9	3306.5
95.0	602.7	916.3	2627.5	3280.3
94.2	676.6	961.5	2542.4	3257.8
96.5	679.4	996.3	2505.9	3373.5
96.5	669.5	1049.3	2455.9	3408.9
99.7	706.0	1097.6	2342.5	3372.7
100.9	705.3	1156.6	2253.1	3459.1
102.1	688.4	1153.8	2024.2	3464.0
104.3	690.2	1149.5	2004.7	3505.2
101.2	682.2	1160.3	1968.8	3415.4
103.4	712.0	1199.3	1854.5	3313.9
104.1	652.3	1150.4	1876.3	3378.6
102.4	602.6	1159.1	1801.0	3421.5
103.9	651.9	1190.1	1711.8	3434.2
103.8	703.6	1208.1	1695.5	3403.6
100.5	648.4	1198.0	1670.8	3374.4
97.7	573.0	1196.5	1635.4	3419.4
95.3	520.2	1180.8	1621.5	3281.4
91.7	528.9	1193.0	1596.9	3248.1
89.5	513.4	1210.8	1606.1	3237.3
88.4	503.8	1212.2	1588.7	3279.9
86.6	521.5	1236.1	1592.7	3139.5
86.0	516.3	1229.9	1597.5	3208.5
84.4	534.9	1225.7	1592.3	3149.7
84.4	554.8	1250.3	1746.8	3072.0
82.2	550.0	1245.9	1671.6	3077.6
81.5	519.0	1255.4	1608.5	3079.9
80.6	564.1	1271.9	1608.3	3108.9
81.6	605.6	1309.0	1580.5	3096.9
83.6	597.5	1338.4	1667.0	3133.9
83.9	582.0	1376.3	1756.6	3197.2
86.9	579.1	1399.3	1717.5	3095.6
87.8	704.6	1401.4	1694.6	2985.7
87.5	645.6	1440.8	1770.6	3055.3
90.9	654.6	1440.0	1837.1	3151.1
97.6	602.7	1465.2	1780.3	3136.3
99.2	749.0	1549.8	1901.4	3279.7
95.2	850.8	1496.1	2019.2	3332.8
96.8	693.9	1518.8	2154.6	3369.2
100.8	706.6	1542.9	2234.2	3300.9
98.1	787.9	1577.9	2239.8	3300.1
73.2	993.0	1595.2	2241.0	3425.2
