0.0	0.0	0.0	0.0	0.0
0.0	0.0	0.0	0.0	0.0
0.0	0.0	0.0	0.0	0.0
0.0	896.1	1887.6	2738.6	3523.1
0.0	896.0	1799.5	2692.0	3500.9
0.0	902.9	1724.4	2741.2	3490.8
0.0	796.0	1742.4	2703.8	3481.0
0.0	989.6	1828.9	2643.9	3460.8
0.0	832.6	1759.3	2648.7	3411.1
0.0	847.6	1681.6	2696.4	3444.4
0.0	869.5	1766.0	2593.1	3382.3
0.0	757.9	1822.6	2479.1	3363.8
0.0	673.3	2006.7	2596.2	3381.4
0.0	771.0	1828.7	2686.0	3498.9
0.0	860.2	1896.2	2785.9	3612.0
0.0	823.3	2020.7	2846.1	3630.0
0.0	782.9	2091.6	2815.3	3643.4
0.0	855.0	1997.8	2805.6	3491.6
0.0	597.1	1848.8	2641.2	3360.1
0.0	528.8	1763.1	2528.4	3370.1
150.4	469.8	1724.4	2524.2	3361.0
126.2	541.2	1596.8	2470.2	3184.9
125.4	612.6	1507.7	2418.6	3074.6
113.5	275.2	1480.7	2450.5	3059.9
118.3	459.0	1467.2	2478.9	3078.1
0.0	466.9	1481.7	2503.4	3209.8
0.0	560.6	1466.0	2492.3	3285.8
132.1	565.1	1389.8	2380.1	3229.2
133.1	587.8	1237.1	2349.7	3172.8
136.3	634.2	1171.0	2463.1	3420.7
136.6	624.5	1055.9	2525.1	3498.5
137.6	633.6	951.2	2619.2	3584.8
140.0	614.8	915.0	2688.2	3396.7
141.8	618.9	909.4	2709.5	3463.8
144.2	603.3	869.3	2753.2	3427.0
145.3	611.9	865.4	2810.8	3585.2
146.6	590.6	845.4	2833.4	3463.5
147.3	591.8	812.2	2856.8	3381.5
147.8	586.7	805.3	2885.7	3497.4
149.2	543.1	810.0	2917.9	3518.6
152.2	513.3	887.7	2930.8	3552.1
153.7	455.8	889.6	2927.4	3428.9
152.8	450.0	994.9	2894.9	3368.0
149.4	472.6	1080.8	2789.6	3303.9
136.4	291.9	1172.3	2649.3	3348.5
64.2	311.2	1228.6	2691.4	3319.0
135.4	290.6	1281.2	2672.8	3304.4
135.6	416.0	1418.2	2716.2	3392.6
0.0	434.2	1483.5	2712.7	3483.3
0.0	445.3	1542.9	2737.3	3534.6
146.9	462.7	1572.6	2706.2	3470.6
148.5	447.9	1590.3	2693.4	3371.5
150.0	453.5	1610.4	2688.6	3403.1
149.6	438.3	1576.7	2681.8	3445.3
148.9	445.4	1536.4	2710.4	3428.3
147.5	427.6	1468.5	2708.9	3416.0
145.3	443.7	1397.6	2705.5	3376.6
140.1	278.5	1327.0	2636.8	3353.3
129.0	254.4	1303.1	2575.6	3375.6
63.5	254.3	1248.1	2592.4	3376.1
123.2	248.5	1157.2	2614.3	3304.6
124.6	263.6	1116.8	2645.4	3205.0
125.0	261.7	1087.1	2769.1	3171.9
125.2	1017.2	1587.6	2794.4	3262.8
126.2	533.9	1268.5	2570.4	3322.5
0.0	548.2	1345.9	2627.7	3499.0
141.2	448.7	1163.9	2684.3	3347.1
0.0	449.5	1172.4	2655.1	3276.5
142.9	455.2	1185.7	2612.3	3299.6
148.9	467.1	1191.5	2573.9	3269.2
154.1	466.9	1196.5	2484.1	3327.6
156.5	482.3	1245.4	2375.4	3244.3
160.6	479.2	1300.4	2285.9	3303.3
161.9	451.6	1311.7	2165.7	3410.8
162.2	431.3	1326.0	2084.0	3449.4
158.1	328.5	1326.4	2224.2	3372.9
146.8	436.5	1437.6	2486.3	3424.3
65.2	1079.6	1479.2	2359.6	3344.1
0.0	1055.7	1383.0	2410.1	3208.9
0.0	657.2	1306.0	2485.4	3246.8
0.0	809.8	1765.5	2664.0	3433.7
499.9	841.4	1766.6	2608.4	3351.0
413.8	803.9	1704.6	2675.8	3501.6
235.3	1008.4	1764.2	2627.5	3610.9
0.0	818.6	1733.5	2628.3	3573.5
0.0	335.6	1626.4	2638.3	3507.7
0.0	436.2	1590.9	2294.2	3281.9
0.0	459.6	1400.9	1995.9	3152.1
122.4	474.3	1453.1	1978.9	3087.3
118.6	477.3	1500.1	1926.7	3029.6
119.9	475.4	1493.0	1860.0	3036.0
119.2	472.5	1454.3	1759.6	3067.6
117.9	471.4	1405.5	1708.1	3124.7
117.5	472.0	1375.4	1671.5	3143.4
116.9	464.1	1346.6	1640.5	3138.2
116.0	464.1	1311.7	1626.6	3144.5
114.5	456.6	1322.3	1647.4	3170.7
113.5	460.0	1373.6	1684.5	3136.1
114.3	455.7	1425.0	1733.1	3110.8
114.0	451.2	1521.1	1810.9	3095.2
113.6	450.6	1586.1	1888.8	3040.3
113.2	446.4	1680.9	2044.3	2983.0
112.6	448.3	1770.4	2263.9	3003.0
112.3	385.2	1846.0	2486.1	3168.7
114.1	363.7	1874.6	2603.2	3388.1
112.2	333.5	1895.5	2640.8	3394.1
111.6	347.7	1929.4	2616.9	3384.5
111.2	352.1	1936.6	2565.8	3390.1
110.6	359.3	1921.8	2499.0	3399.5
109.9	394.5	1890.7	2472.1	3397.1
106.2	427.1	1803.0	2431.9	3443.8
102.6	492.5	1663.2	2494.4	3321.8
137.9	889.9	1709.8	2459.6	3437.5
71.9	722.7	1789.7	2551.8	3511.2
0.0	735.8	1769.0	2677.7	3496.3
109.1	795.2	1786.9	2607.6	3375.9
0.0	785.5	1777.8	2658.5	3415.5
0.0	868.1	1810.4	2716.4	3354.6
0.0	865.1	1882.8	2594.0	3343.2
0.0	704.3	1708.3	2528.5	3422.8
428.6	633.6	1650.2	2493.1	3390.9
0.0	434.9	1613.5	2351.7	3388.0
0.0	415.5	1597.3	2315.7	3375.9
140.3	427.4	1638.7	2355.9	3362.3
140.4	421.2	1635.9	2366.8	3310.6
141.4	422.1	1668.1	2410.4	3321.4
141.2	412.5	1668.8	2430.8	3304.6
139.2	410.8	1693.7	2550.3	3374.3
132.8	439.8	1764.5	2626.7	3505.7
132.3	843.5	2180.6	2748.3	3518.8
0.0	818.6	2027.4	2785.3	3449.8
0.0	918.5	2290.8	2803.2	3510.6
0.0	643.1	2330.1	2755.0	3512.6
461.5	690.7	2278.6	2755.4	3465.7
0.0	795.6	2123.7	2669.8	3455.4
0.0	739.0	1996.3	2624.2	3484.6
0.0	790.8	2096.3	2559.1	3527.2
0.0	807.1	2039.9	2528.2	3416.9
0.0	618.0	1802.5	2528.0	3333.7
250.0	656.5	1611.8	2572.6	3284.1
0.0	559.5	1520.5	2623.4	3246.5
140.8	539.7	1571.6	2564.0	3451.9
129.3	323.1	1594.5	2436.8	3685.2
124.9	368.5	1088.5	2395.7	3411.4
122.4	322.5	998.5	2416.9	3249.8
118.8	428.5	1523.3	2418.9	3532.5
114.1	448.3	1522.1	2490.5	3530.5
110.5	490.5	1601.6	2499.7	3514.0
0.0	465.4	1650.1	2495.2	3515.4
113.2	482.6	1663.4	2492.1	3450.4
113.2	483.5	1676.3	2489.5	3448.8
112.6	505.3	1674.1	2466.5	3426.5
111.3	522.5	1657.5	2464.1	3433.9
110.5	552.6	1627.7	2481.9	3396.6
109.8	573.9	1596.5	2545.4	3378.5
109.3	567.3	1537.9	2607.4	3387.6
108.2	568.8	1696.5	2565.8	3388.8
105.5	305.0	1980.7	2535.4	3768.6
107.5	328.0	1964.0	2541.4	3725.3
106.5	298.7	990.5	2365.0	3098.2
106.2	301.5	959.5	2437.4	3115.6
104.3	349.2	1469.2	2646.2	3245.7
101.2	435.4	1684.1	2657.3	3313.5
101.0	1117.7	2336.7	2823.4	3454.6
258.3	1093.5	2525.9	2998.0	3556.6
0.0	1085.7	2448.8	2896.4	3633.4
0.0	984.9	2418.8	3033.4	3577.4
0.0	801.4	2469.3	2850.8	3481.6
0.0	877.7	2352.9	2691.9	3496.3
0.0	563.5	2203.7	2646.6	3451.8
0.0	599.5	2097.1	2595.5	3445.6
0.0	656.9	1905.0	2560.6	3481.9
157.9	749.1	2114.4	2516.6	3486.5
93.8	441.7	1656.4	2444.4	3389.2
0.0	439.9	1607.5	2446.5	3406.2
141.1	436.7	1561.6	2405.8	3244.4
139.9	440.9	1499.4	2360.7	3210.0
140.1	450.4	1385.0	2288.0	3219.5
139.1	397.8	1308.5	2166.6	3238.7
138.2	244.4	1375.4	2232.7	3199.0
63.5	256.7	1550.8	2357.9	3206.7
107.1	286.3	1633.5	2522.2	3345.7
129.0	825.0	1683.4	2582.0	3410.4
0.0	719.6	1741.3	2545.6	3302.7
0.0	983.0	1845.7	2425.3	3330.4
413.8	884.7	1917.4	2361.7	3282.9
413.8	752.3	2027.5	2557.3	3372.7
0.0	1014.5	2152.1	2633.4	3436.2
0.0	1200.0	2379.2	2749.2	3465.0
0.0	1110.9	2466.2	2770.4	3473.1
0.0	982.2	2294.4	2718.6	3488.2
0.0	1075.7	2318.8	2758.7	3477.8
0.0	912.9	2228.6	2719.3	3489.0
0.0	725.0	2101.4	2652.0	3462.3
0.0	572.5	1934.7	2577.5	3433.6
113.2	484.8	1654.4	2551.9	3410.3
0.0	454.6	1462.6	2475.4	3377.4
0.0	482.4	1516.2	2423.8	3426.0
124.0	486.0	1562.6	2438.3	3432.9
120.8	484.1	1596.5	2435.3	3374.8
119.9	478.6	1617.7	2444.7	3340.1
116.1	476.0	1645.8	2390.6	3383.3
113.7	469.7	1696.1	2382.7	3380.4
112.9	459.6	1722.1	2385.3	3390.8
111.4	450.5	1761.1	2372.5	3449.5
109.4	446.6	1748.3	2372.7	3476.9
108.0	438.6	1780.5	2310.2	3428.0
110.7	421.2	1785.3	2246.7	3441.9
102.9	411.4	1719.0	2146.4	3398.7
120.4	394.8	1580.2	2165.1	3447.2
120.0	350.0	1557.2	2295.1	3461.7
64.2	565.5	1523.4	2538.5	3527.5
130.4	795.7	1564.9	2622.0	3521.8
63.5	863.0	1880.4	2565.1	3506.7
0.0	980.3	1895.8	2616.3	3497.0
0.0	900.2	1691.1	2604.0	3489.0
222.2	901.1	1633.3	2516.1	3544.8
0.0	775.8	1536.6	2500.1	3420.0
0.0	897.6	1513.4	2425.1	3326.1
545.5	847.2	1445.1	2414.5	3375.4
0.0	765.7	1408.3	2503.1	3359.9
99.2	757.6	1413.0	2574.3	3251.7
75.5	813.6	1387.6	2623.9	3265.5
89.6	841.6	1272.9	2697.3	3322.7
106.2	889.9	1287.3	2703.9	3333.5
0.0	887.0	1356.7	2526.8	3346.9
0.0	828.4	1373.9	2552.3	3485.9
0.0	820.7	1282.5	2428.2	3445.0
342.9	912.1	1286.6	2424.1	3433.6
118.8	870.9	1270.5	2454.0	3444.6
