0.0	0.0	0.0	0.0	0.0
0.0	0.0	0.0	0.0	0.0
0.0	0.0	0.0	0.0	0.0
0.0	912.8	1732.8	2660.4	3603.8
0.0	914.1	1711.3	2703.7	3575.3
0.0	775.7	1852.7	2648.9	3554.8
0.0	652.4	1794.5	2629.3	3399.8
63.5	1076.3	1808.2	2703.4	3354.5
0.0	899.7	1755.2	2560.1	3429.9
0.0	727.9	1573.8	2484.6	3430.6
0.0	915.8	1660.9	2604.9	3525.3
0.0	892.1	1666.8	2572.7	3423.1
0.0	1002.3	1830.1	2708.3	3472.2
0.0	824.8	1555.6	2577.2	3404.1
0.0	583.2	1198.6	2473.7	3375.8
375.0	565.8	1097.2	2407.5	3273.4
387.1	696.9	1077.4	2404.4	3218.4
0.0	732.7	1087.8	2423.3	3184.2
0.0	602.6	1108.0	2396.3	3127.0
0.0	500.1	1036.4	2302.1	3148.4
0.0	335.3	989.3	2313.8	3137.1
0.0	363.3	992.2	2328.1	2977.9
139.6	422.8	984.7	2381.1	3009.0
134.8	371.0	962.2	2381.3	3090.7
134.8	358.0	944.5	2333.2	3103.5
135.1	359.4	934.7	2318.4	3027.0
135.0	377.5	901.8	2354.4	2975.7
134.0	335.6	816.3	2382.0	2949.7
133.1	356.1	765.4	2382.8	2955.9
131.6	374.0	747.1	2355.5	2973.9
127.7	380.0	746.5	2320.0	2977.3
125.7	351.4	773.4	2323.8	3024.4
123.4	332.0	835.8	2326.7	2975.7
122.7	362.8	928.9	2322.1	2968.7
121.0	356.0	1022.7	2313.4	3028.8
120.0	357.0	1145.8	2300.7	3086.7
114.2	362.9	1313.3	2211.1	3105.4
111.1	358.1	1466.8	2220.4	3188.5
108.7	336.7	1539.2	2284.4	3240.6
106.0	339.3	1506.4	2369.2	3222.5
105.1	454.0	1494.2	2406.6	3229.7
104.7	216.5	1558.8	2377.7	3258.2
107.6	204.1	1555.0	2408.1	3275.9
103.9	200.0	1590.4	2430.0	3311.0
0.0	235.5	1633.1	2467.3	3387.8
0.0	255.0	1740.4	2514.8	3462.8
87.6	264.8	1704.1	2502.0	3427.2
0.0	839.0	1786.4	2582.1	3459.5
63.5	597.8	1807.2	2535.4	3528.9
0.0	842.9	1891.1	2645.4	3458.2
0.0	635.5	1741.7	2498.8	3441.7
333.3	534.3	1572.7	2476.3	3429.0
272.7	396.5	1717.5	2519.7	3317.9
0.0	405.6	1730.3	2476.2	3198.6
129.0	458.6	1699.8	2431.7	3258.9
122.2	453.2	1696.7	2454.5	3197.1
114.3	449.7	1720.3	2460.7	3178.9
108.1	448.8	1741.5	2448.6	3174.1
102.7	434.5	1783.5	2396.5	3170.4
100.1	405.2	1831.6	2342.7	3140.6
99.7	377.7	1884.3	2293.2	3133.9
99.3	378.2	1926.3	2223.5	3155.2
98.5	403.8	1876.9	2153.7	3187.2
93.5	475.9	1826.7	2232.4	3341.5
81.6	691.6	1763.6	2469.7	3333.5
0.0	873.5	1708.2	2577.6	3314.5
0.0	876.0	1682.7	2457.8	3452.4
244.9	890.6	1319.9	2287.0	3432.5
0.0	733.9	1339.1	2181.0	3278.7
342.9	421.9	1405.7	2147.2	3017.7
0.0	418.4	1352.4	2184.7	2945.4
123.9	452.7	1187.1	2233.6	2956.3
109.5	471.5	1104.0	2310.3	2972.1
107.3	495.1	1056.1	2422.5	3018.2
105.8	487.0	984.2	2510.5	3053.5
105.4	471.2	945.0	2474.0	3055.3
105.3	460.6	933.9	2483.2	3058.7
105.0	449.1	931.1	2497.4	3059.5
104.9	440.7	931.1	2495.3	3063.2
105.2	438.3	921.6	2482.6	3052.0
104.9	435.2	914.8	2463.7	3055.9
103.9	429.7	916.2	2374.1	3046.8
102.6	422.3	919.3	2317.3	3026.8
100.4	416.4	942.7	2251.4	3024.6
98.2	416.9	962.0	2193.3	3029.5
95.7	439.3	990.4	2121.9	3090.6
92.1	363.2	1036.3	2076.2	3142.6
88.3	799.8	1665.9	2687.2	3384.8
81.6	910.7	1589.8	2523.3	3391.4
84.4	547.0	1554.0	2400.5	3332.4
78.4	481.2	1135.5	1783.2	3098.4
0.0	431.3	1108.1	1669.2	3123.8
0.0	436.9	1151.4	1630.4	3159.6
85.6	433.7	1181.4	1591.4	3124.7
84.2	448.2	1201.2	1572.9	3154.8
84.4	466.7	1219.6	1545.3	3146.5
90.9	502.1	1255.7	1534.5	3241.1
78.9	487.9	1294.2	1578.0	3120.7
78.9	622.0	1346.1	1604.8	3131.8
82.8	600.9	1365.4	1641.6	3119.0
82.2	833.1	1386.3	1640.2	3004.5
77.4	711.4	1403.3	1677.5	2998.6
113.2	702.6	1383.6	1725.8	3094.3
77.4	695.0	1402.7	1780.4	3024.4
126.3	710.8	1414.6	1729.6	2933.7
130.4	727.9	1445.4	1815.1	3019.6
272.7	715.4	1471.0	1958.1	3162.0
279.1	706.9	1412.5	1834.1	3088.9
86.3	676.1	1391.5	2108.0	3145.9
428.6	685.8	1659.8	2461.5	3342.3
244.9	674.5	1833.8	2610.4	3584.0
279.1	585.9	1795.7	2539.1	3528.2
0.0	575.6	1796.6	2582.9	3449.9
77.4	620.7	1745.4	2622.5	3524.8
112.1	700.6	1784.7	2634.0	3627.8
69.0	672.4	1796.4	2669.6	3570.9
112.1	418.1	1810.4	2643.9	3529.7
0.0	546.5	1769.6	2426.4	3597.7
266.7	587.5	1833.8	2522.4	3601.4
240.0	569.8	1839.2	2625.2	3642.3
285.7	729.2	1760.5	2742.7	3591.5
0.0	915.8	1854.7	2710.1	3574.7
324.3	944.8	1906.3	2751.1	3688.0
137.9	665.8	1860.4	2714.7	3490.4
127.7	781.4	1877.1	2674.6	3512.8
0.0	879.9	1896.4	2792.6	3636.7
240.0	491.9	1872.7	2727.8	3634.3
285.7	798.3	1787.1	2684.5	3616.0
87.0	810.9	1805.7	2781.5	3666.3
81.1	666.4	1839.5	2721.3	3627.7
244.9	551.9	1750.9	2716.5	3647.9
0.0	641.4	1788.3	2651.1	3686.8
179.1	477.5	1927.6	2686.8	3592.9
260.9	563.7	1892.8	2800.4	3597.3
130.4	540.8	1822.6	2654.6	3624.0
0.0	527.4	1758.9	2698.3	3626.4
0.0	832.1	1822.1	2692.4	3714.6
