0.0	0.0	0.0	0.0	0.0
0.0	0.0	0.0	0.0	0.0
0.0	0.0	0.0	0.0	0.0
0.0	767.9	1794.2	2704.7	3358.3
0.0	663.8	1586.3	2595.5	3384.0
0.0	659.8	1649.2	2496.5	3319.2
250.0	710.5	1830.7	2634.8	3384.5
0.0	646.4	1588.5	2641.9	3404.1
0.0	653.2	1591.1	2670.5	3390.8
0.0	684.9	1578.0	2654.2	3356.6
0.0	714.0	1618.3	2652.6	3403.8
0.0	699.1	1693.2	2555.4	3350.8
0.0	706.4	1470.8	2473.9	3338.6
0.0	690.9	1499.9	2451.5	3413.9
0.0	584.6	1548.6	2468.1	3379.0
141.2	583.3	1552.9	2536.0	3402.4
0.0	671.9	1579.2	2611.6	3542.4
0.0	752.0	1520.1	2707.5	3663.5
444.4	776.0	1575.9	2702.2	3659.5
0.0	712.4	1737.9	2630.6	3704.6
0.0	1095.8	1901.7	2895.5	4644.8
0.0	855.2	1827.5	2878.6	5091.0
0.0	826.6	1777.0	2829.6	4576.0
226.4	917.6	1815.3	2922.6	4164.4
244.9	903.4	1897.7	3014.0	4490.9
244.9	920.0	1969.8	3094.7	4421.2
91.6	929.7	1837.2	3157.1	4501.8
0.0	1005.6	1771.8	2975.0	4093.9
0.0	814.1	1746.0	2822.2	3969.0
300.0	841.6	1718.8	2829.1	3848.5
200.0	771.8	1825.9	2834.2	3631.1
0.0	689.8	1871.7	2787.3	3588.1
0.0	498.0	1368.4	2695.0	3640.4
173.9	549.1	1297.6	2618.2	3717.6
176.0	565.9	1217.6	2536.8	3575.6
176.7	590.0	1106.4	2461.4	3436.4
173.4	588.4	1025.5	2452.5	3353.9
171.4	576.9	953.8	2449.0	3315.6
171.4	561.5	929.3	2492.3	3315.8
171.8	552.0	904.5	2519.4	3319.4
173.9	534.5	883.1	2557.4	3329.2
173.9	529.2	877.7	2585.7	3362.4
177.1	532.9	879.9	2574.2	3379.4
179.2	524.0	870.2	2588.1	3338.2
176.3	523.0	868.1	2586.6	3342.2
172.6	521.1	861.6	2576.4	3338.4
171.5	524.3	853.0	2580.0	3338.0
168.4	540.1	836.1	2567.2	3340.5
161.8	537.2	848.7	2536.9	3365.6
160.0	559.5	987.1	2546.1	3388.9
152.7	556.8	1021.9	2499.7	3401.7
150.0	531.7	1013.8	2449.9	3438.9
145.6	514.3	995.4	2427.3	3444.3
142.8	496.6	1003.6	2415.4	3473.2
136.1	868.9	1592.3	2495.6	3533.7
126.9	791.9	1555.6	2494.0	3513.3
120.3	715.0	1571.7	2558.9	3445.6
113.2	764.7	1658.8	2618.1	3398.2
114.3	975.2	1763.6	2580.8	3429.2
0.0	989.0	1762.1	2542.5	3413.5
324.3	1050.7	1750.3	2598.3	3420.6
0.0	961.0	1549.9	2405.0	3352.8
148.1	950.0	1525.5	2497.0	3447.3
0.0	932.0	1597.1	2617.7	3383.5
0.0	942.9	1780.1	2675.3	3413.1
0.0	964.2	1675.9	2622.9	3390.4
0.0	919.9	1471.3	2477.8	3452.4
0.0	942.7	1483.8	2579.6	3693.8
413.8	687.6	1192.4	2400.9	3591.0
461.5	843.2	1204.2	2413.4	3528.5
0.0	711.4	1128.4	2324.2	3475.6
0.0	949.0	1286.9	2568.8	3421.9
0.0	789.8	1434.8	2691.0	3414.0
127.7	731.8	1428.3	2640.6	3389.7
0.0	688.3	1353.5	2581.9	3371.7
0.0	550.9	839.3	2514.3	3330.2
0.0	497.6	835.4	2471.5	3247.4
160.0	509.4	846.3	2435.3	3301.3
155.8	525.6	822.2	2464.5	3293.6
151.8	517.2	788.3	2475.6	3347.5
151.1	520.6	818.4	2481.2	3366.5
149.0	514.4	808.1	2473.7	3327.3
149.2	534.0	866.1	2465.0	3342.3
148.7	540.8	914.2	2434.6	3372.3
148.1	546.1	958.3	2408.2	3360.1
147.3	572.2	1024.3	2410.4	3375.3
145.6	560.4	1051.8	2401.4	3396.5
144.2	568.2	1109.3	2377.2	3450.6
141.4	551.4	1197.3	2365.9	3483.9
137.9	572.7	1276.6	2332.4	3549.3
134.3	639.1	1400.4	2545.0	3657.9
131.8	658.2	1490.8	2620.5	3672.7
125.9	998.1	1715.9	2778.6	3746.1
123.6	957.4	1708.3	2742.5	3692.7
127.7	859.4	1670.8	2689.3	3694.1
0.0	773.6	1710.6	2732.3	3835.0
218.2	1025.6	1802.0	2806.1	3733.6
153.8	903.2	1783.2	2757.8	3694.6
333.3	806.8	1811.4	2734.8	3679.1
0.0	788.0	1898.0	2834.9	3818.6
90.2	779.0	1874.5	2832.1	3816.9
0.0	877.5	1833.4	2859.5	3708.1
0.0	740.1	1867.2	2853.8	3696.8
272.7	785.8	1905.3	2845.0	3650.0
0.0	855.2	1923.2	2814.4	3638.5
0.0	818.1	1920.2	2766.0	3643.4
0.0	638.9	2034.8	2704.1	3427.7
0.0	280.9	2122.7	2712.4	3447.2
0.0	320.1	2156.7	2714.7	3652.4
123.8	323.4	2169.7	2687.1	3722.9
125.0	287.5	2154.1	2716.1	3879.9
123.7	301.5	2070.2	2723.0	3592.5
120.5	389.3	1966.0	2679.2	3538.0
117.6	971.2	1968.6	2781.6	3885.4
112.1	921.0	1948.0	2852.0	4002.9
166.7	832.6	1920.2	2812.7	4095.0
0.0	876.8	1857.7	2780.2	3869.2
0.0	861.1	1888.9	2795.6	3616.4
100.8	856.4	1936.1	2834.5	3750.5
102.6	882.4	1842.8	2849.5	3933.8
148.1	954.5	1808.1	2951.3	3961.2
148.1	802.8	1894.5	2840.6	3735.0
0.0	868.4	1879.2	2733.7	3708.6
0.0	742.7	1877.7	2658.8	3522.1
285.7	766.4	1776.5	2649.3	3460.2
93.8	817.8	1769.4	2565.8	3489.9
72.3	794.9	1871.9	2586.5	3406.1
0.0	782.7	1670.6	2562.3	3396.5
0.0	535.6	1875.6	2753.6	3578.6
0.0	432.0	1871.5	2780.9	3690.1
0.0	445.0	1889.3	2738.5	3591.1
129.0	474.5	1917.8	2700.7	3355.5
129.0	473.6	1937.1	2689.5	3145.1
121.2	468.1	1962.8	2658.6	3002.2
118.8	470.1	2016.9	2647.0	3065.5
118.8	468.8	2059.7	2702.5	3287.0
118.8	462.0	2076.2	2685.5	3298.4
117.6	456.0	2090.6	2698.3	3345.0
115.4	448.6	2111.9	2735.2	3441.4
115.4	431.4	2104.4	2735.1	3474.3
115.4	409.1	2078.7	2725.6	3476.9
114.4	375.1	1994.6	2688.2	3350.9
114.3	355.1	1739.2	2524.5	3090.0
112.4	323.4	1672.8	2484.7	3369.3
101.1	235.9	1625.7	2500.2	3504.3
100.8	487.6	1699.8	2456.6	3436.0
102.6	646.0	1725.4	2486.0	3508.0
0.0	678.8	1575.6	2453.7	3345.4
0.0	722.6	1629.0	2392.5	3429.6
0.0	826.7	1650.1	2459.5	3466.4
0.0	785.4	1793.0	2728.3	3471.2
0.0	758.9	1775.2	2642.2	3346.9
0.0	772.1	1718.6	2462.5	3380.5
0.0	778.6	1669.7	2550.4	3350.8
375.0	782.4	1709.3	2584.3	3389.3
352.9	914.2	1687.6	2489.2	3405.8
90.2	811.5	1479.6	2498.2	3439.2
0.0	718.9	1435.1	2506.0	3403.0
0.0	795.2	1383.3	2467.3	3311.6
93.8	693.3	1094.5	2545.8	3268.1
0.0	712.2	1079.7	2538.4	3281.3
250.0	775.0	1143.3	2424.4	3281.3
0.0	542.7	922.5	2446.2	3250.6
0.0	482.7	912.8	2463.6	3292.6
125.0	498.6	923.3	2458.8	3334.7
117.6	526.7	942.3	2415.1	3326.2
115.4	549.9	992.1	2387.9	3338.7
115.4	563.7	1030.1	2354.2	3361.6
114.3	565.1	1102.6	2357.3	3366.9
115.4	559.9	1208.8	2331.1	3553.2
113.2	549.6	1309.9	2356.2	3494.8
111.1	529.7	1438.3	2452.4	3569.4
0.0	517.2	1527.4	2468.8	3653.2
307.7	490.6	1607.7	2519.6	3707.1
75.9	419.0	1618.6	2575.6	3478.8
0.0	362.6	1633.2	2624.3	3312.0
260.4	576.2	1604.8	2641.5	3442.9
77.9	760.1	1612.0	2719.3	3444.5
0.0	878.3	1704.4	2632.6	3352.1
0.0	930.7	1713.2	2562.7	3382.0
0.0	968.0	1815.7	2581.6	3426.1
0.0	656.1	1821.4	2667.0	3458.5
0.0	770.5	1833.3	2722.2	3413.4
0.0	724.9	1711.3	2575.4	3303.4
0.0	928.8	1651.5	2661.0	3365.9
105.3	847.2	1748.9	2637.9	3472.2
0.0	771.4	1739.3	2636.3	3380.9
0.0	728.0	1645.7	2647.4	3382.0
461.5	765.4	1712.8	2549.7	3379.5
0.0	815.9	2064.0	2651.6	3466.6
0.0	786.0	1855.0	2638.5	3430.6
0.0	769.2	1781.9	2622.8	3362.8
0.0	732.7	1676.1	2573.8	3362.6
0.0	804.6	1707.7	2554.0	3410.1
0.0	855.6	1870.4	2546.5	3425.6
0.0	837.0	1907.6	2600.7	3379.5
0.0	801.0	2043.5	2724.8	3594.5
0.0	877.6	2050.6	2762.7	3609.2
0.0	939.5	2063.2	2671.5	3498.5
0.0	883.0	2006.5	2732.2	3512.4
0.0	825.7	1975.0	2665.2	3537.3
0.0	817.9	2047.3	2658.0	3516.6
0.0	938.1	2099.1	2623.5	3520.0
0.0	870.5	2016.3	2622.0	3581.8
179.1	839.8	2055.4	2643.3	3572.1
0.0	839.4	2126.3	2770.5	3566.4
0.0	850.5	2092.5	2610.8	3466.4
0.0	831.0	2024.3	2655.4	3427.2
375.0	892.3	2066.5	2758.6	3569.1
0.0	822.9	2033.0	2668.9	3615.9
0.0	796.5	2007.4	2656.8	3568.9
0.0	789.3	1989.0	2639.7	3487.3
126.3	848.0	1893.8	2523.7	3470.4
0.0	916.1	2092.2	2781.6	3502.5
0.0	900.4	2084.6	2707.1	3521.2
0.0	836.8	2138.2	2641.3	3554.9
352.9	936.7	2130.7	2603.8	3557.8
0.0	850.0	2043.3	2562.1	3420.3
0.0	743.9	1922.9	2587.8	3414.8
0.0	945.7	2143.5	2734.1	3481.3
112.1	847.7	2110.0	2743.2	3528.0
0.0	794.7	2082.8	2619.4	3530.1
0.0	791.2	2121.7	2608.3	3495.6
0.0	858.4	2146.3	2770.5	3480.8
0.0	801.3	2093.1	2610.1	3499.5
0.0	823.6	2111.5	2638.8	3549.3
0.0	805.3	2063.6	2580.2	3499.5
0.0	794.5	2061.8	2556.8	3512.4
0.0	858.0	2091.0	2612.8	3540.2
0.0	849.9	2066.5	2657.6	3464.2
0.0	766.8	1965.0	2603.5	3496.2
0.0	706.4	2014.1	2572.0	3511.1
0.0	686.3	1927.1	2614.4	3444.0
0.0	794.0	1843.1	2793.2	3412.1
0.0	747.3	1993.3	2662.5	3436.9
0.0	624.5	2062.2	2554.9	3480.3
0.0	733.9	2110.7	2544.6	3477.1
