0.0	0.0	0.0	0.0	0.0
0.0	0.0	0.0	0.0	0.0
0.0	0.0	0.0	0.0	0.0
0.0	953.1	1807.8	2765.8	3511.8
0.0	834.1	1834.0	2673.6	3435.7
0.0	925.4	1812.0	2631.7	3465.1
0.0	612.8	1664.1	2610.7	3400.6
0.0	901.3	1789.5	2606.7	3371.5
0.0	875.1	1775.7	2637.5	3327.8
0.0	868.9	1718.2	2696.4	3289.9
0.0	876.6	1746.0	2597.9	3388.1
0.0	873.9	1697.8	2532.6	3374.0
0.0	903.0	1705.9	2563.9	3420.5
115.4	1041.1	1734.3	2661.4	3412.3
63.5	734.2	1799.5	2773.0	3441.6
0.0	899.6	1809.8	2714.1	3367.1
0.0	783.6	1660.1	2586.8	3266.8
0.0	781.2	1542.1	2472.4	3394.4
0.0	726.2	1466.0	2415.4	3517.6
0.0	708.5	1527.9	2366.2	3510.4
82.8	1033.9	1619.2	2518.8	3526.2
444.4	1138.7	1565.7	2554.9	3457.0
0.0	1344.8	1605.0	2454.7	3459.1
206.9	413.0	1573.1	2365.2	3370.0
0.0	435.6	1568.1	2280.1	3361.4
0.0	420.2	1535.8	2158.7	3416.9
142.9	411.1	1587.7	2270.7	3417.5
137.9	402.5	1631.3	2392.6	3359.3
136.4	378.9	1646.9	2316.6	3224.7
131.9	357.4	1644.7	2275.6	3185.4
121.2	425.5	1663.7	2382.1	3262.4
0.0	366.0	1691.3	2410.8	3277.9
0.0	357.4	1710.3	2456.2	3278.7
114.3	377.3	1723.4	2320.4	3148.7
121.2	380.5	1735.6	2376.1	3160.7
126.3	384.3	1776.3	2485.5	3187.3
127.7	380.6	1828.3	2498.5	3177.6
126.3	377.9	1823.0	2524.0	3177.8
126.3	368.7	1820.4	2530.7	3272.4
120.0	336.5	1760.0	2562.9	3329.5
117.6	350.2	1734.6	2545.2	3425.1
99.2	930.3	1885.0	2732.2	3528.4
250.0	966.1	1846.7	2700.5	3596.5
0.0	864.0	1673.4	2585.3	3498.0
0.0	695.2	1613.4	2556.7	3458.9
0.0	861.5	1715.4	2610.3	3455.1
0.0	896.5	1774.6	2548.4	3385.9
63.5	966.7	1873.3	2762.5	3506.1
0.0	955.3	1813.6	2772.7	3505.7
0.0	1010.8	1815.8	2643.1	3462.1
0.0	793.2	1753.3	2684.3	3421.8
0.0	893.0	1858.4	2719.1	3591.0
0.0	849.2	1936.9	2768.6	3555.7
0.0	855.3	2248.4	2892.8	3573.3
85.1	729.9	1990.5	2714.0	3561.4
0.0	417.5	1862.4	2629.2	3466.4
0.0	374.0	1843.3	2540.7	3267.2
0.0	369.4	1850.0	2493.2	3212.2
127.7	369.1	1842.6	2425.0	3216.0
127.7	367.5	1779.2	2327.4	3169.3
121.2	360.0	1642.2	2304.9	3156.8
126.3	370.9	1482.0	2282.8	3181.3
255.3	399.9	1347.0	2284.0	3219.6
120.0	355.4	1242.1	2280.5	3260.9
122.4	410.0	1173.5	2286.2	3298.3
122.4	359.0	1094.5	2295.9	3307.3
255.3	346.0	1081.4	2297.3	3327.5
125.0	410.5	1091.0	2319.0	3331.6
126.3	386.4	1111.3	2332.5	3329.2
121.2	358.5	1137.3	2329.0	3343.0
0.0	388.6	1158.0	2322.3	3340.0
100.8	435.2	1174.5	2329.1	3321.0
78.9	474.6	1179.3	2355.0	3317.4
144.6	532.5	1150.2	2378.3	3309.0
0.0	535.0	1126.2	2415.6	3412.7
164.4	593.3	1120.9	2470.6	3429.8
63.5	919.7	1823.1	2668.6	3506.3
0.0	613.4	1157.5	2498.4	3326.3
0.0	624.5	1138.5	2493.9	3283.0
0.0	615.5	1147.7	2500.0	3283.9
0.0	619.4	1157.2	2505.8	3281.0
113.2	608.4	1181.8	2509.8	3288.5
117.6	568.8	1208.2	2536.4	3349.7
120.0	516.2	1197.4	2551.9	3520.1
120.0	639.5	1299.0	2601.4	3487.5
113.2	605.3	1655.6	2689.6	3468.7
92.3	805.1	1693.8	2511.8	3450.5
63.5	843.7	1758.3	2618.4	3545.1
0.0	780.7	1710.7	2724.4	3473.7
0.0	659.4	1664.3	2714.0	3475.6
0.0	444.3	1422.7	2499.8	3446.1
0.0	460.0	1383.7	2390.9	3084.7
0.0	461.9	1316.4	2241.6	2866.7
117.6	454.7	1270.6	2097.0	2766.0
115.4	452.4	1244.9	1948.3	2757.0
114.3	455.2	1215.8	1907.1	2790.8
116.5	451.1	1164.5	1898.0	2799.6
112.0	445.5	1123.0	1892.8	2804.2
111.1	444.6	1062.6	1906.3	2770.8
109.1	424.1	1024.1	1916.3	2820.4
106.2	417.2	988.1	1960.4	2910.3
104.3	418.6	939.3	2028.3	2997.4
102.6	406.2	900.8	2179.0	3055.7
100.8	391.7	836.6	2318.1	3031.2
98.8	385.8	844.3	2369.5	3045.7
97.6	392.9	823.2	2360.8	3111.1
98.4	405.4	822.0	2373.3	3139.1
98.4	423.0	793.5	2384.4	3182.8
100.8	440.4	813.4	2353.5	3128.2
99.2	492.7	846.1	2354.1	3128.3
104.3	561.1	931.3	2368.3	3140.0
101.7	579.2	965.5	2355.9	3211.1
102.6	625.9	1027.8	2349.3	3226.3
0.0	631.6	1060.9	2352.8	3211.0
103.4	626.7	1074.6	2356.3	3218.5
101.7	631.0	1116.2	2362.2	3222.8
101.7	631.2	1135.8	2379.8	3228.5
100.0	633.1	1163.8	2380.2	3231.4
101.7	635.7	1216.6	2345.0	3266.5
99.2	638.0	1261.0	2333.5	3247.7
99.2	629.9	1305.0	2333.1	3243.1
218.2	636.5	1361.9	2315.8	3225.8
100.0	623.1	1424.1	2306.2	3234.6
0.0	600.3	1475.2	2400.8	3270.7
91.6	574.3	1521.2	2440.0	3302.1
106.2	546.5	1543.7	2456.9	3323.7
95.2	515.7	1574.7	2628.5	3298.8
113.2	462.6	1604.8	2633.8	3316.1
96.8	429.0	1652.6	2635.8	3382.8
102.6	414.1	1644.2	2618.3	3371.8
102.6	414.4	1584.5	2616.1	3351.3
93.1	453.1	1677.2	2692.8	3431.5
90.9	530.3	1726.8	2670.8	3427.1
0.0	826.1	1739.9	2778.2	3383.6
0.0	832.5	1735.3	2761.3	3384.8
0.0	1124.5	2016.2	2843.1	3317.6
85.1	987.6	1834.2	2908.4	3404.3
0.0	991.2	1821.1	2820.3	3436.5
0.0	1002.5	1807.1	2745.1	3382.3
0.0	1033.3	1806.8	2810.9	3305.4
117.6	873.9	1706.5	2676.4	3207.5
0.0	887.1	1664.6	2672.3	3156.5
146.3	844.6	1599.9	2583.2	3075.9
96.8	917.5	1593.8	2491.9	3207.7
83.3	870.5	1641.7	2523.8	3333.5
0.0	841.4	1668.8	2658.3	3357.9
0.0	907.4	1821.5	2726.2	3476.2
0.0	965.8	1835.4	2657.8	3476.1
0.0	825.2	1728.2	2505.0	3480.6
0.0	801.1	1737.3	2468.3	3447.0
0.0	999.7	1754.1	2676.1	3423.8
0.0	921.5	1824.4	2689.0	3515.6
