0.0	0.0	0.0	0.0	0.0
0.0	0.0	0.0	0.0	0.0
0.0	0.0	0.0	0.0	0.0
0.0	652.6	1493.2	2483.1	3505.0
0.0	668.6	1550.3	2506.3	3506.2
0.0	657.7	1563.8	2486.0	3413.0
0.0	710.8	1596.0	2481.1	3382.4
0.0	728.3	1602.7	2609.7	3399.5
0.0	729.1	1675.1	2668.8	3513.0
0.0	826.4	1891.2	2688.1	3543.1
0.0	795.0	1985.0	2701.6	3452.1
0.0	926.8	1826.8	2676.6	3409.6
0.0	965.7	1811.3	2654.7	3407.1
0.0	734.7	1551.4	2473.1	3397.4
0.0	793.5	1779.7	2573.4	3463.5
0.0	670.8	1826.6	2552.5	3477.0
0.0	975.7	1677.0	2525.5	3475.2
250.0	831.9	1618.7	2599.7	3511.3
0.0	986.8	1755.2	2903.0	3807.0
0.0	1115.3	2073.5	3101.8	3878.3
0.0	842.8	1751.7	2972.8	3740.4
521.7	812.8	1655.2	2984.1	3848.6
428.6	762.8	1716.7	3074.0	3935.0
0.0	798.9	1684.0	3014.4	3905.7
480.0	954.0	1817.4	3024.4	3813.7
0.0	646.6	1767.2	3077.1	3773.0
315.8	1012.9	1815.7	3139.0	3897.9
0.0	1167.5	1870.2	3148.0	3984.5
0.0	480.1	1735.6	3189.9	3910.8
461.5	928.6	1775.9	3181.7	3899.9
0.0	821.2	1788.5	2954.5	3820.3
0.0	767.5	1460.5	2660.0	3692.5
0.0	567.7	1400.3	2655.3	3451.0
96.0	473.2	1330.5	2596.0	3239.9
0.0	502.8	1378.0	2570.4	3163.2
157.0	543.1	1348.0	2546.1	3261.0
158.4	587.8	1263.2	2503.3	3260.3
158.9	568.7	1186.3	2496.0	3252.9
160.2	529.9	1129.2	2528.3	3193.2
160.6	505.1	1089.1	2577.2	3211.9
160.0	469.6	1018.8	2581.2	3265.0
160.8	463.6	961.4	2597.3	3312.0
162.4	455.7	945.8	2576.2	3407.7
162.2	475.8	890.7	2553.4	3467.8
159.4	393.3	834.9	2552.0	3532.1
149.5	539.7	863.1	2526.0	3485.9
72.2	377.8	930.0	2495.3	3384.4
68.5	903.0	1816.8	2774.5	3482.6
230.8	1134.3	1814.7	2737.2	3575.6
75.5	1125.4	1808.3	2636.5	3590.2
0.0	647.2	1648.1	2521.4	3372.0
63.5	791.0	1477.0	2435.6	3444.5
0.0	789.1	1437.2	2466.7	3686.4
0.0	740.0	1469.9	2491.9	3729.4
226.4	539.7	1485.1	2469.3	3514.8
74.9	556.3	1443.8	2451.9	3438.1
0.0	543.5	1468.4	2585.4	3426.0
0.0	675.5	1569.2	2657.8	3410.6
0.0	763.7	1599.0	2620.0	3410.7
0.0	870.7	1507.7	2566.5	3315.1
0.0	732.4	1428.6	2576.0	3219.9
521.7	660.0	1400.3	2562.6	3204.0
0.0	655.4	1325.2	2573.0	3282.9
0.0	638.4	1301.8	2583.7	3316.3
141.6	641.9	1288.6	2616.5	3249.6
152.4	640.1	1241.6	2632.2	3188.9
154.4	639.5	1203.1	2655.9	3196.0
150.5	642.8	1207.4	2663.1	3202.6
150.1	638.7	1193.4	2672.6	3201.6
149.3	634.3	1177.3	2669.9	3212.0
148.9	620.0	1160.2	2703.8	3238.4
147.7	607.5	1127.3	2707.5	3227.2
146.8	591.3	1086.2	2722.1	3201.7
145.4	565.9	1011.9	2692.4	3193.0
144.1	525.1	966.1	2641.7	3180.2
139.2	495.7	976.3	2540.5	3186.4
133.3	506.1	1194.0	2504.1	3252.1
122.4	232.0	1532.3	2504.4	3297.5
105.3	273.8	1697.2	2537.4	3373.8
75.5	377.5	1639.6	2652.8	3428.0
0.0	820.0	1715.2	2795.3	3479.2
0.0	937.0	1945.7	2845.0	3528.0
0.0	1000.6	1967.8	2787.8	3499.1
0.0	727.2	1920.0	2691.6	3497.7
0.0	693.5	1804.9	2517.5	3329.5
0.0	761.0	1538.7	2543.6	3377.1
142.9	649.0	1752.4	2660.8	3511.7
142.9	446.3	1721.9	2783.0	3612.3
134.3	397.0	1100.0	2830.5	3583.3
130.4	386.4	815.0	2831.0	3518.1
129.2	380.7	798.3	2846.3	3567.3
128.4	385.7	843.0	2809.8	3517.5
127.9	394.8	913.7	2783.3	3485.9
131.4	387.2	943.1	2760.3	3438.2
134.9	412.0	901.0	2781.1	3481.1
137.5	458.8	892.9	2742.6	3483.1
140.9	487.5	948.7	2752.5	3473.7
143.9	545.5	985.8	2753.8	3438.4
142.7	574.4	973.5	2784.3	3409.6
143.2	566.6	965.0	2765.5	3380.4
144.0	560.7	980.6	2767.4	3380.9
144.1	563.3	994.2	2768.5	3392.7
144.2	557.1	942.5	2760.9	3425.5
144.1	530.3	896.4	2771.1	3564.3
145.4	465.8	874.3	2745.9	3749.3
147.4	422.2	888.6	2758.1	3812.8
148.1	476.7	841.4	2658.6	3740.1
144.6	476.4	825.2	2581.0	3419.9
139.5	384.8	835.2	2601.5	3278.9
67.8	378.7	875.6	2431.5	3389.8
63.7	927.3	1815.6	2639.7	3604.8
117.6	889.1	1679.7	2597.0	3435.1
0.0	896.6	1791.8	2609.1	3417.5
0.0	891.5	1005.8	2456.1	3521.6
0.0	853.9	1005.0	2445.5	3526.0
461.5	535.9	1011.5	2572.8	3522.9
0.0	441.9	987.7	2535.8	3473.9
173.9	435.1	898.7	2594.1	3385.0
148.0	438.6	876.8	2658.0	3424.7
147.3	434.9	871.0	2700.8	3432.9
146.6	446.2	860.5	2721.9	3460.0
144.1	417.0	853.9	2707.8	3505.5
142.7	414.2	842.9	2690.4	3594.2
141.2	407.3	853.7	2696.8	3695.1
141.2	404.3	812.4	2601.1	3756.2
141.1	472.3	813.3	2569.6	3761.3
136.4	463.8	784.8	2525.0	3465.3
127.3	517.2	820.6	2529.0	3323.0
111.7	913.4	1885.0	2618.1	3459.9
117.1	963.9	1801.5	2606.8	3377.5
117.1	960.1	1800.4	2693.2	3335.0
118.8	786.6	1729.1	2633.4	3394.4
0.0	950.2	1672.3	2522.0	3454.4
0.0	886.2	1797.3	2618.0	3601.1
0.0	865.5	1836.5	2640.7	3559.1
0.0	1193.5	1392.1	2580.3	3568.3
0.0	1170.5	1315.7	2406.6	3578.0
0.0	858.9	1392.6	2491.2	3592.1
0.0	855.5	1421.0	2477.0	3537.7
0.0	812.6	1438.1	2524.8	3508.6
0.0	723.2	1384.0	2532.9	3544.5
0.0	693.9	1384.9	2522.9	3477.4
0.0	792.3	1396.6	2606.2	3386.4
461.5	774.5	1334.9	2590.4	3286.7
0.0	695.0	1235.4	2518.5	3171.8
145.5	657.8	1168.0	2462.6	3143.1
143.1	641.4	1119.5	2496.8	3154.8
142.9	648.6	985.5	2557.5	3182.2
140.6	626.6	996.9	2559.1	3175.3
138.1	614.7	947.6	2579.4	3226.8
135.0	610.0	896.3	2586.7	3266.4
133.5	569.4	885.4	2549.0	3299.7
131.7	540.7	833.7	2576.5	3312.4
131.9	505.4	814.3	2604.4	3289.6
129.8	512.6	833.0	2583.4	3264.0
129.0	507.0	884.1	2626.9	3286.4
127.4	509.8	1000.6	2627.2	3306.4
124.3	537.1	1104.7	2606.8	3309.1
121.1	556.1	1188.1	2574.4	3292.3
116.7	567.3	1272.6	2498.8	3230.6
111.4	575.8	1363.3	2451.7	3185.7
107.2	561.7	1410.0	2297.4	3142.4
104.3	543.0	1429.6	2190.0	3117.6
103.3	527.5	1459.4	2105.2	3086.7
103.1	516.5	1488.2	2067.7	3115.6
100.2	516.2	1509.2	2027.8	3145.3
99.6	509.2	1534.5	2011.8	3174.0
98.6	496.1	1559.7	2015.8	3201.4
105.0	610.0	1551.7	1978.4	3189.7
106.5	637.0	1534.3	2054.0	3173.2
101.7	886.5	1577.7	2076.1	3229.2
97.6	874.2	1587.5	2129.9	3265.6
88.2	841.7	1650.3	2111.8	3287.4
87.6	786.6	1584.8	2027.0	3482.5
89.6	789.1	1580.8	2157.1	3437.5
93.0	803.9	1580.4	2125.3	3369.6
571.4	861.6	1658.8	2529.5	3457.0
0.0	867.9	1696.3	2836.7	3407.5
0.0	836.9	1794.2	2503.8	3428.4
0.0	932.7	1755.8	2538.8	3396.5
0.0	795.3	1574.8	2471.2	3345.4
181.8	802.6	1557.1	2406.1	3304.1
0.0	789.3	1609.6	2445.7	3313.4
231.1	779.9	1549.8	2443.4	3354.9
0.0	784.7	1560.9	2582.1	3493.3
