0.0	0.0	0.0	0.0	0.0
0.0	0.0	0.0	0.0	0.0
0.0	0.0	0.0	0.0	0.0
0.0	806.6	1700.7	2552.8	3344.9
0.0	780.7	1739.6	2594.5	3366.0
0.0	679.5	1726.7	2549.5	3284.7
0.0	602.7	1638.2	2472.0	3315.9
0.0	635.2	1566.6	2558.3	3348.1
0.0	886.3	1682.1	2688.5	3348.8
0.0	808.5	1696.8	2588.7	3426.8
0.0	595.3	1655.3	2434.8	3448.0
0.0	626.2	1928.3	2621.7	3460.5
0.0	770.7	1834.9	2667.7	3501.0
0.0	703.7	1703.5	2553.6	3577.0
0.0	757.0	1643.8	2463.6	3516.3
0.0	787.6	1636.9	2477.6	3390.4
333.3	820.1	1807.7	2583.4	3501.9
315.8	685.6	1794.9	2576.6	3561.0
0.0	351.8	1801.2	2529.0	3557.1
0.0	389.0	1833.3	2515.2	3474.3
160.0	501.0	1816.1	2502.4	3469.5
155.6	412.1	1739.4	2484.4	3468.8
146.9	472.5	1709.4	2466.7	3446.2
146.3	383.0	1675.1	2443.5	3430.3
149.3	438.9	1632.4	2425.5	3418.7
151.2	367.0	1574.8	2403.2	3413.8
150.7	464.9	1492.8	2392.6	3410.0
153.6	364.4	1396.2	2400.1	3418.0
155.6	360.7	1319.2	2404.0	3397.4
158.0	343.0	1226.8	2426.3	3388.6
159.2	369.8	1105.3	2415.7	3348.5
159.7	375.9	1051.1	2415.1	3345.9
159.3	407.5	960.1	2427.7	3312.6
155.6	448.7	992.3	2430.7	3271.0
151.8	442.8	987.6	2400.7	3307.0
150.6	459.4	1048.7	2366.1	3258.6
146.3	469.9	1090.2	2408.5	3246.6
147.3	468.4	1175.1	2418.0	3319.7
144.5	410.5	1290.0	2404.7	3336.1
140.2	451.8	1382.2	2404.8	3329.7
132.7	529.6	1454.0	2493.8	3385.5
128.4	543.4	1522.6	2588.9	3433.7
123.4	463.6	1572.6	2596.7	3481.2
117.1	439.2	1662.9	2576.4	3698.0
127.7	717.6	1851.3	2759.1	3824.3
400.0	714.2	1824.0	2655.1	3534.2
146.3	687.0	1823.8	2644.3	3477.9
0.0	764.0	1670.5	2625.1	3479.8
0.0	621.5	1593.1	2588.4	3493.7
500.0	617.1	1693.0	2686.0	3664.5
0.0	635.1	1645.7	2554.9	3743.2
0.0	694.4	1617.4	2476.1	3450.5
0.0	631.4	1564.6	2480.7	3460.2
0.0	581.9	1606.3	2531.7	3650.5
0.0	595.6	1595.1	2539.0	3643.5
140.3	601.0	1587.8	2520.4	3658.4
141.5	615.2	1587.7	2473.8	3653.5
141.2	649.3	1554.1	2421.7	3606.2
140.5	666.9	1504.5	2372.7	3641.2
139.7	689.2	1445.9	2375.6	3626.2
139.7	675.5	1414.3	2418.4	3581.5
140.5	686.4	1407.0	2342.9	3465.0
140.0	691.1	1376.7	2212.8	3422.1
139.8	690.6	1328.3	2225.7	3476.3
139.5	681.9	1285.1	2219.3	3456.8
138.2	642.6	1195.0	2221.4	3463.8
136.4	593.5	1152.3	2245.1	3435.3
116.5	553.8	1112.7	2221.2	3355.7
87.0	508.4	1116.8	2328.0	3290.5
352.9	573.7	1159.1	2322.7	3281.2
81.1	594.5	1139.1	2288.2	3313.9
0.0	577.7	1252.4	2407.9	3292.0
160.6	1158.4	1615.1	2701.0	3516.1
81.1	860.1	1663.1	2631.8	3570.1
83.3	940.2	1821.6	2592.1	3610.7
400.0	946.4	1766.7	2601.3	3528.5
0.0	895.4	1735.8	2731.1	3473.4
428.6	842.0	1736.3	2755.1	3507.8
203.4	837.0	1718.6	2672.7	3489.9
521.7	937.1	1826.5	2621.5	3391.6
121.2	959.6	1863.8	2672.8	3428.8
0.0	913.8	1741.7	2580.4	3498.1
0.0	772.4	1720.0	2535.4	3540.5
0.0	607.3	1618.8	2511.6	3481.2
295.3	563.4	1658.7	2522.5	3498.5
0.0	597.8	1682.4	2486.1	3658.1
155.2	599.4	1714.6	2454.4	3723.2
145.8	592.6	1752.0	2462.2	3713.9
142.6	573.6	1792.0	2545.1	3739.0
141.3	569.3	1815.1	2583.6	3769.8
140.2	587.7	1827.4	2557.5	3794.0
140.3	562.6	1839.7	2567.2	3825.7
139.0	589.0	1833.1	2555.5	3822.0
139.0	577.1	1819.8	2559.2	3863.4
139.7	542.3	1788.5	2544.9	3872.4
139.9	526.9	1725.3	2537.8	3813.7
139.1	465.6	1678.4	2504.0	3751.4
134.4	604.5	1642.7	2440.6	3491.7
130.7	544.3	1707.3	2558.4	3498.2
129.4	731.9	1900.6	2679.2	3449.8
136.2	715.5	1786.4	2598.7	3416.6
86.4	592.8	1608.8	2490.3	3398.0
0.0	943.2	1715.1	2622.6	3415.3
0.0	917.9	1753.3	2714.8	3539.5
480.0	937.4	1937.2	2739.7	3669.8
160.0	1003.2	1938.3	2768.8	3761.3
272.7	764.4	1856.4	2728.2	3790.3
0.0	797.9	1803.0	2679.1	3717.9
203.4	935.6	1781.6	2697.9	3709.1
500.0	658.7	1763.7	2619.9	3622.7
545.5	730.4	1852.8	2634.3	3548.7
118.8	722.6	1897.7	2617.4	3599.7
0.0	366.8	1970.3	2586.6	3654.5
0.0	377.5	2027.2	2573.2	3638.7
0.0	447.8	2077.4	2570.4	3562.2
133.6	425.9	2120.6	2593.0	3513.1
132.1	387.4	2136.3	2560.8	3519.5
129.8	392.3	2122.4	2577.8	3501.3
127.9	387.9	2043.8	2556.9	3578.8
125.6	501.9	1840.4	2669.1	3541.2
214.3	813.5	1763.2	2632.4	3433.2
67.0	1102.0	1901.0	2660.7	3465.7
87.0	1032.8	1757.6	2562.4	3431.8
0.0	1177.5	1833.4	2731.9	3491.9
0.0	873.9	1731.4	2727.5	3427.3
0.0	935.5	1790.0	2648.6	3418.7
0.0	547.0	1781.9	2555.7	3472.6
0.0	600.4	1797.1	2532.9	3532.2
226.4	655.0	1769.6	2507.8	3557.1
400.0	660.7	1758.6	2477.6	3406.9
0.0	642.0	1730.2	2472.5	3380.0
0.0	599.5	1755.9	2497.7	3535.8
136.7	580.1	1766.4	2487.4	3549.8
133.9	554.8	1798.7	2521.6	3613.4
132.8	549.8	1829.7	2538.9	3659.4
131.1	538.4	1849.3	2541.2	3638.1
130.2	508.8	1890.7	2544.1	3598.0
128.8	494.8	1959.8	2531.4	3522.1
127.4	519.4	1973.3	2541.6	3393.0
125.8	481.4	2015.3	2565.4	3442.2
124.7	441.1	2016.1	2518.2	3431.5
123.9	396.8	1843.4	2422.9	3403.4
124.5	370.6	1531.4	2365.6	3346.7
124.9	361.0	1286.9	2309.3	3321.1
123.7	352.0	1104.9	2276.2	3302.5
119.2	344.4	1137.1	2304.1	3261.0
122.4	307.3	1011.5	2216.0	3248.6
123.7	317.8	1075.7	2333.1	3239.0
129.0	376.5	1069.3	2425.8	3266.0
131.9	383.5	974.4	2332.4	3285.2
123.0	412.4	966.3	2328.3	3297.0
120.8	427.2	955.7	2330.3	3271.9
119.8	474.6	939.0	2344.1	3282.4
117.9	486.1	924.6	2354.8	3286.4
117.3	479.3	924.3	2269.7	3290.0
114.9	519.2	946.9	2241.8	3352.5
111.1	904.2	1102.2	2469.1	3431.3
134.8	908.2	1119.3	2469.2	3400.8
0.0	976.3	1838.6	2568.9	3423.3
207.4	976.5	1879.3	2534.1	3538.3
0.0	970.8	1536.3	2628.7	3571.2
279.1	869.2	1294.3	2611.5	3572.5
250.0	859.9	1723.3	2616.7	3453.1
240.0	869.7	1528.6	2347.0	3175.7
0.0	860.5	1318.8	2314.6	3172.3
157.9	972.4	1748.5	2517.0	3263.2
536.9	1001.9	1767.6	2551.2	3188.8
502.2	549.9	1034.5	2084.6	3122.1
0.0	537.5	1032.3	2150.1	3100.3
0.0	613.6	1049.1	2243.4	3152.0
108.1	643.0	1150.8	2227.2	3376.0
0.0	678.5	1173.2	2240.4	3541.6
70.6	715.1	1129.9	2281.4	3516.5
115.4	704.4	1114.8	2247.8	3429.1
136.4	699.2	1104.5	2263.7	3418.5
65.2	682.0	1073.7	2254.0	3389.7
113.2	677.7	1096.0	2233.3	3444.1
115.4	731.0	1148.8	2212.2	3421.2
125.5	743.6	1109.4	2210.0	3402.2
107.1	734.8	1095.9	2283.6	3339.8
0.0	725.9	1109.8	2298.8	3367.2
127.2	719.9	1082.7	2292.6	3422.1
0.0	690.0	1086.7	2295.7	3393.0
135.4	690.0	1106.0	2290.1	3390.4
93.0	687.4	1096.0	2298.0	3393.2
0.0	682.8	1099.4	2306.5	3407.5
116.5	615.6	1102.5	2301.9	3449.5
116.5	604.6	1131.8	2317.5	3462.8
116.5	606.7	1161.8	2352.1	3515.1
120.0	598.9	1232.5	2414.9	3525.7
117.7	623.3	1264.6	2444.8	3597.4
115.5	607.5	1286.1	2405.4	3615.4
115.8	597.9	1278.3	2417.2	3485.0
117.6	645.6	1245.1	2358.6	3280.7
123.7	678.6	1467.4	2460.7	3417.1
68.2	829.5	1672.9	2704.6	3578.1
69.0	1025.8	1767.0	2606.1	3570.0
0.0	1041.3	1752.2	2582.2	3450.4
571.4	919.6	1669.5	2610.2	3433.6
0.0	992.5	1729.2	2618.0	3505.6
0.0	936.6	1715.4	2725.5	3623.7
400.0	720.6	1865.8	2791.3	3723.0
235.3	810.2	1938.4	2812.6	3722.8
0.0	833.1	1815.8	2665.8	3633.7
0.0	839.2	1824.5	2647.8	3634.0
123.7	815.7	1768.0	2658.3	3729.4
0.0	744.4	1709.3	2471.3	3680.2
0.0	671.1	1592.5	2334.0	3629.9
171.4	896.8	1573.2	2432.6	3543.9
150.0	899.0	1599.6	2500.9	3486.9
91.6	797.8	1637.0	2502.5	3562.7
0.0	728.6	1601.0	2518.5	3500.6
0.0	646.0	1544.1	2414.5	3384.3
0.0	657.4	1468.5	2400.6	3441.6
0.0	606.7	1345.8	2427.1	3434.9
0.0	801.5	1817.5	2513.5	3463.9
0.0	761.5	1831.1	2599.6	3428.7
0.0	693.5	1848.3	2571.8	3453.3
0.0	977.0	1895.1	2672.8	3437.0
