0.0	0.0	0.0	0.0	0.0
0.0	0.0	0.0	0.0	0.0
0.0	0.0	0.0	0.0	0.0
0.0	678.1	1588.1	2527.1	3345.9
0.0	738.6	1608.6	2546.3	3347.7
0.0	851.6	1595.9	2612.0	3350.2
0.0	827.5	1588.5	2580.5	3367.6
0.0	860.6	1617.4	2555.9	3392.6
0.0	927.4	1729.6	2557.8	3455.3
0.0	737.5	1669.2	2617.9	3439.2
0.0	745.4	1635.7	2575.0	3349.5
0.0	1003.8	1783.1	2608.7	3487.9
0.0	757.1	1650.1	2493.4	3498.2
0.0	962.0	1735.8	2493.5	3448.1
0.0	1087.3	1786.5	2583.3	3437.0
0.0	796.1	1694.0	2556.8	3467.7
0.0	556.4	1514.5	2400.7	3397.6
0.0	602.6	1563.8	2631.6	3546.7
0.0	420.7	1546.2	2779.2	3674.3
0.0	461.0	1589.0	2773.0	3599.8
0.0	474.3	1625.0	2764.7	3476.0
0.0	462.5	1644.6	2637.3	3235.5
0.0	452.3	1592.9	2460.6	2980.8
110.6	450.7	1467.2	2326.4	2971.4
111.6	436.7	1309.5	2249.1	2943.8
110.9	441.2	1146.6	2230.2	2969.5
111.4	442.1	1033.6	2220.3	3005.5
112.2	436.8	978.2	2206.4	2998.0
111.2	429.8	963.0	2171.0	2993.1
110.5	438.7	965.9	2106.5	2917.7
109.5	446.2	970.2	2047.2	2897.3
108.9	455.4	981.2	1988.2	2802.6
108.4	461.7	986.4	1910.0	2752.9
108.3	475.5	1001.8	1856.0	2702.4
108.6	470.4	1004.0	1819.0	2689.4
109.7	472.5	1021.3	1794.7	2692.5
109.1	480.8	1021.3	1782.2	2673.5
109.9	485.3	1030.3	1755.2	2693.2
110.2	491.2	1034.9	1759.0	2688.8
110.5	503.3	1041.3	1773.5	2693.5
110.0	513.9	1048.7	1792.0	2676.9
110.0	546.2	1037.3	1836.3	2666.6
110.6	579.4	1003.7	1888.1	2697.5
111.2	570.7	971.3	1927.1	2771.8
111.4	566.6	976.9	1993.8	3057.7
114.2	560.8	960.6	2009.3	3167.5
116.4	575.0	928.4	2065.0	3128.6
118.7	615.5	917.5	2107.5	3191.5
119.9	617.0	912.9	2113.4	3249.1
121.4	604.1	895.4	2118.8	3291.6
122.6	570.3	881.4	2126.3	3273.5
125.3	588.6	872.5	2131.6	3302.3
124.8	614.3	877.9	2129.0	3280.7
125.1	565.2	853.1	2116.9	3268.6
124.9	531.7	848.5	2102.2	3270.0
126.4	547.9	842.0	2098.8	3222.2
126.4	528.0	844.3	2080.2	3007.8
127.5	520.7	888.9	2050.3	2954.4
126.4	520.5	936.8	2014.5	2823.3
126.8	487.0	952.4	1816.6	2574.8
125.2	492.3	981.4	1700.2	2542.3
123.2	501.0	964.1	1652.6	2595.4
122.0	497.6	963.6	1680.7	2653.8
122.5	481.9	988.2	1693.0	2676.9
122.1	450.0	991.9	1702.7	2689.3
121.6	478.4	1041.1	1702.6	2707.6
120.7	497.2	1098.6	1738.5	2726.6
122.0	499.9	1164.7	1780.0	2756.5
121.6	505.2	1252.3	1859.0	2793.0
121.3	496.5	1334.1	1947.8	2799.0
120.8	500.2	1423.3	2026.1	2799.1
120.7	481.4	1490.4	2113.6	2764.9
119.9	462.4	1479.4	2398.6	3247.8
118.6	498.4	1442.0	2442.3	3241.0
115.5	381.1	1565.9	2492.6	3217.1
118.7	402.9	1657.7	2529.5	3472.0
117.4	405.9	1713.4	2555.3	3590.1
121.4	398.9	1753.1	2576.3	3593.4
122.5	388.4	1782.8	2573.0	3556.9
123.7	373.0	1772.0	2571.6	3485.5
123.8	385.2	1749.8	2631.4	3529.3
123.5	364.0	1695.2	2686.5	3581.5
122.5	387.8	1613.4	2785.9	3561.8
118.6	546.1	1589.8	2965.2	3677.6
111.1	849.1	1696.3	3089.9	3675.6
125.0	901.3	1872.4	3191.2	3675.7
137.9	854.5	1763.8	3193.2	3710.5
0.0	365.8	1712.3	3095.5	3689.5
169.0	845.8	1979.4	3470.5	3476.5
352.9	991.2	1985.9	3173.5	3417.3
0.0	1082.7	1772.0	2892.9	3414.0
0.0	953.6	1530.8	2728.9	3276.0
0.0	824.6	1578.8	2818.1	3292.1
160.0	780.7	1707.9	2771.1	3282.3
0.0	1069.0	1827.5	2657.4	3211.5
0.0	921.8	1598.1	2449.7	3128.6
0.0	942.8	1540.3	2487.1	3208.5
0.0	431.2	929.4	2330.4	3125.1
0.0	436.2	881.6	2303.0	3082.7
140.6	475.1	856.2	2295.2	3100.0
120.9	497.5	835.6	2295.8	3078.2
119.4	490.4	826.7	2299.9	3130.2
118.8	502.9	820.0	2299.3	3162.1
117.4	519.8	807.0	2311.2	3199.6
117.9	505.6	793.7	2318.1	3226.7
119.1	511.8	814.9	2321.1	3301.8
118.8	538.1	847.3	2335.9	3334.5
117.6	556.1	872.4	2357.2	3390.3
116.3	542.7	846.9	2329.4	3321.5
114.7	536.5	884.2	2324.8	3309.9
113.3	532.2	874.3	2347.2	3393.6
112.6	534.3	845.0	2330.6	3304.6
112.1	522.9	846.9	2304.7	3497.1
111.8	557.4	885.5	2266.1	3548.0
110.6	539.0	962.7	2306.5	3584.7
109.3	559.9	1003.2	2342.3	3590.2
108.8	561.2	1025.8	2360.6	3568.6
108.2	535.8	1082.0	2405.6	3614.7
108.1	524.5	1131.3	2496.5	3503.5
106.3	484.4	1152.1	2525.0	3264.5
107.1	416.4	1138.5	2549.0	3075.5
106.2	382.9	1163.5	2532.0	2938.4
105.3	413.0	1183.8	2604.9	3246.4
107.9	365.3	1152.6	2576.6	3333.3
106.2	425.0	1358.2	2597.2	3473.1
104.2	416.0	1635.9	2596.8	3617.5
100.4	414.3	1816.9	2575.9	3627.9
93.5	534.9	1782.4	2580.0	3500.0
67.0	502.9	1613.1	2469.7	3380.8
375.0	652.9	1730.7	2600.3	3278.7
0.0	953.3	1810.2	2779.3	3409.8
0.0	560.5	1618.6	2819.7	3401.4
0.0	665.6	1597.1	2644.0	3317.1
444.4	722.0	1555.9	2576.3	3186.1
76.4	557.0	1503.1	2465.3	3036.0
0.0	382.8	1450.1	2370.0	2911.2
121.9	368.4	1412.0	2274.7	2843.5
113.3	387.9	1305.0	2173.9	2822.4
112.7	344.4	1191.4	2085.1	2886.3
109.6	577.7	1120.0	2089.7	3143.0
100.8	260.2	929.5	1994.0	3197.7
106.2	267.8	1196.1	2365.7	3268.8
105.7	217.3	1278.1	2558.7	3327.3
105.4	224.2	1556.6	2639.4	3438.2
106.9	228.6	1582.1	2656.3	3525.2
113.2	927.5	1733.4	2628.2	3483.0
0.0	699.0	1333.7	2142.9	3133.7
0.0	475.8	1098.8	1897.3	2840.1
0.0	445.0	1095.4	1846.1	2744.0
110.9	456.8	1118.9	1812.8	2711.3
109.0	468.7	1130.3	1800.1	2676.2
111.5	447.4	1172.4	1781.7	2682.9
110.5	444.0	1200.7	1762.5	2687.6
109.4	440.0	1195.5	1749.8	2661.7
108.4	446.7	1202.0	1738.5	2654.8
108.3	458.5	1216.5	1735.6	2683.9
108.0	436.2	1225.4	1747.4	2655.1
108.2	439.4	1229.1	1765.8	2587.2
108.0	432.1	1280.7	1823.0	2702.5
106.9	442.1	1610.3	2121.4	2978.8
102.6	475.5	1857.6	2687.8	3294.0
108.1	971.1	1989.3	2849.6	3381.6
112.1	1163.8	1989.5	2887.8	3382.9
0.0	1144.7	2022.9	2814.6	3355.2
150.0	1022.6	1846.1	2802.3	3341.3
0.0	902.1	1669.8	2765.8	3363.0
0.0	783.8	1523.4	2558.6	3474.1
0.0	645.1	1735.4	2598.6	3504.8
424.0	547.3	1650.8	2662.0	3476.3
0.0	607.9	1579.4	2933.2	3472.7
426.8	645.5	1553.2	2972.5	3455.9
176.5	440.0	1459.4	2725.3	3518.9
0.0	495.9	1518.4	2692.2	3539.6
97.8	483.3	1605.3	2673.7	3477.1
99.2	478.3	1704.2	2642.2	3501.1
102.8	492.6	1798.3	2575.3	3433.0
103.9	466.3	1885.1	2554.0	3459.1
102.7	500.0	1909.2	2538.6	3606.9
102.7	389.6	1845.6	2580.5	3591.2
101.5	500.4	1814.2	2573.8	3457.5
101.6	626.3	1785.2	2526.0	3392.5
100.2	813.6	1567.1	2508.5	3303.9
102.3	890.4	1679.6	2672.2	3515.4
98.3	864.4	1733.0	2650.4	3565.7
92.8	827.3	1701.8	2569.9	3552.1
100.8	798.9	1688.0	2499.1	3550.0
0.0	858.4	1741.5	2520.4	3491.5
0.0	887.6	1694.9	2556.4	3469.3
0.0	807.6	1558.9	2407.3	3456.5
0.0	763.8	1574.8	2241.8	3365.4
0.0	865.6	1555.9	2138.3	3400.9
244.9	691.2	1522.8	2218.2	3327.9
0.0	583.9	1496.3	2276.3	3118.6
0.0	858.6	1491.9	2543.8	3330.8
0.0	823.0	1523.8	2487.4	3387.9
0.0	705.4	1578.6	2426.2	3413.6
0.0	690.7	1597.6	2513.9	3434.2
0.0	727.0	1538.5	2595.6	3409.9
0.0	723.4	1483.1	2635.4	3362.6
0.0	702.3	1489.5	2706.8	3410.7
