0.0	0.0	0.0	0.0	0.0
0.0	0.0	0.0	0.0	0.0
0.0	0.0	0.0	0.0	0.0
0.0	746.1	1871.3	2598.0	3383.2
0.0	809.0	1834.9	2629.8	3342.6
342.9	854.8	1762.3	2590.9	3392.8
0.0	985.4	1775.8	2533.3	3511.3
0.0	827.2	1631.2	2537.6	3435.1
0.0	792.4	1645.5	2672.4	3335.6
0.0	749.3	1800.7	2726.7	3493.2
0.0	723.8	1738.5	2589.8	3483.5
0.0	651.7	1677.2	2535.6	3384.0
0.0	609.3	1671.4	2644.3	3385.1
0.0	404.4	1531.9	2611.1	3187.7
0.0	368.3	1700.7	2545.3	3195.2
0.0	370.6	1719.4	2579.4	3333.2
80.1	398.7	1691.9	2624.1	3300.8
0.0	422.6	1345.8	2487.4	3124.0
0.0	407.4	746.4	2390.4	3140.7
0.0	445.3	837.5	2364.4	3156.0
81.6	456.2	807.1	2337.4	3142.5
103.4	497.4	826.4	2321.7	3224.7
101.7	558.5	903.2	2344.9	3258.6
106.2	617.2	965.1	2320.7	3296.7
110.1	637.8	1016.3	2200.8	3352.1
112.1	670.6	1094.4	2247.7	3391.7
115.4	692.1	1177.8	2249.5	3453.2
121.2	710.4	1222.0	2309.5	3282.5
121.2	712.6	1262.0	2250.6	3194.5
123.7	712.1	1337.2	2295.7	3223.4
127.7	694.0	1408.8	2118.5	2908.9
134.8	675.2	1477.1	2365.1	3069.1
136.4	639.3	1564.7	2319.6	2962.3
144.6	596.1	1637.9	2331.3	2985.7
142.9	546.1	1700.9	2365.8	2991.0
148.1	500.0	1791.7	2394.7	3077.9
148.1	401.0	1837.6	2458.7	3188.8
142.9	438.4	1915.3	2600.3	3363.3
135.2	902.2	2010.9	2658.1	3302.2
124.2	855.8	1898.8	2766.8	3283.4
114.3	864.6	1885.4	2791.5	3382.8
0.0	960.7	1907.1	2797.1	3414.7
0.0	987.5	1866.9	2771.3	3381.2
0.0	884.5	1897.1	2766.1	3276.1
0.0	918.1	1955.9	2795.5	3241.3
0.0	926.2	2004.5	2810.3	3338.4
0.0	736.6	1839.8	2787.6	3311.6
0.0	735.2	1769.1	2617.5	3227.3
0.0	613.1	1684.4	2387.2	3168.9
0.0	370.8	1657.2	2397.2	3118.5
0.0	388.7	1659.5	2443.4	3258.7
121.9	384.7	1680.4	2480.0	3446.2
119.5	352.5	1648.4	2510.3	3509.4
113.2	606.7	1615.7	2532.8	3625.5
282.2	241.3	1600.3	2502.6	3665.5
93.8	226.6	1582.5	2504.3	3664.1
107.8	238.2	1598.2	2546.5	3677.3
106.5	541.9	1608.2	2553.2	3611.7
106.6	663.3	1628.7	2556.9	3618.0
105.9	681.6	1648.2	2579.3	3643.9
103.4	621.6	1688.5	2627.3	3639.1
0.0	315.6	1693.7	2626.0	3747.4
0.0	346.1	1710.7	2612.5	3763.9
112.5	382.5	1729.7	2577.7	3693.7
115.4	403.3	1727.2	2588.0	3586.6
117.7	413.1	1728.1	2549.8	3480.1
117.7	419.8	1719.8	2554.9	3506.1
117.5	444.9	1711.2	2522.9	3504.9
116.6	455.0	1679.3	2490.2	3621.6
113.2	444.5	1649.9	2548.9	3726.6
110.1	426.4	1659.7	2790.0	3714.5
105.3	769.3	1666.6	2899.9	3684.0
100.0	853.5	1806.2	2985.8	3702.0
0.0	785.4	2036.2	2954.1	3752.5
0.0	853.0	2023.1	3014.0	3747.1
387.1	894.3	2149.5	3044.3	3828.8
0.0	897.9	2159.2	3025.7	3883.9
0.0	799.0	2024.6	3003.1	3829.9
0.0	884.6	1990.2	2915.9	3737.4
0.0	1066.4	2086.2	3025.2	3777.8
69.8	1000.9	1976.7	3040.2	3801.9
571.4	1146.2	2121.0	3054.5	3752.8
0.0	853.3	2027.0	2952.8	3783.1
0.0	926.7	1909.8	2902.7	3818.2
444.4	745.8	1778.7	2783.7	3676.8
0.0	652.2	1632.1	2628.0	3541.7
0.0	519.2	1490.9	2552.7	3327.2
0.0	553.4	1488.5	2528.9	3380.1
125.0	580.0	1473.2	2507.6	3407.1
117.6	582.1	1479.1	2490.6	3409.5
116.8	571.5	1475.2	2475.6	3225.4
113.2	560.7	1489.6	2511.6	3220.2
113.2	523.5	1496.0	2551.7	3361.4
115.4	570.2	1486.9	2509.9	3291.7
112.8	576.6	1398.0	2511.6	3273.6
102.5	232.6	1357.3	2520.6	3396.6
107.1	226.3	1367.7	2526.6	3442.3
107.2	233.5	1354.7	2510.8	3400.8
104.3	303.8	1321.1	2474.2	3421.7
0.0	704.8	1320.4	2557.5	3344.6
0.0	463.4	1031.1	2627.5	3240.5
114.3	545.1	1017.9	2678.1	3345.5
110.1	568.3	1093.6	2701.9	3434.4
110.1	537.2	1085.6	2697.4	3461.7
108.1	702.1	1099.3	2684.2	3449.6
106.2	544.0	1038.7	2681.0	3450.5
103.4	554.5	1029.4	2514.8	3442.4
101.7	542.4	1296.3	2389.2	3377.6
100.8	547.9	985.7	2191.8	3320.8
100.0	545.4	909.4	2269.2	3330.7
100.0	471.1	1035.2	2596.3	3576.5
102.6	457.8	1281.6	2618.7	3745.0
100.8	424.7	1458.6	2626.9	3795.4
100.8	408.8	1655.9	2617.7	3663.7
100.8	406.8	1836.5	2597.5	3583.8
99.2	389.6	1964.4	2600.1	3592.5
99.2	387.7	2041.2	2589.3	3605.2
99.8	391.0	2077.2	2565.7	3594.4
100.0	402.6	2063.7	2563.9	3611.5
97.6	394.8	2032.8	2535.2	3583.8
96.8	388.5	1986.3	2519.4	3600.6
94.5	402.0	1933.3	2523.3	3694.9
92.3	434.7	1873.6	2500.9	3767.6
91.6	455.9	1836.2	2544.1	3637.2
89.6	455.9	1754.1	2539.2	3553.0
88.2	480.3	1675.0	2505.4	3483.0
82.8	645.2	1644.0	2514.7	3548.6
83.9	771.4	1685.6	2582.3	3608.3
74.1	828.5	1793.6	2808.6	3770.2
90.2	963.7	1930.2	3005.2	3828.1
0.0	1067.5	2011.2	3133.3	3790.2
0.0	1123.5	2132.0	3108.0	3762.8
0.0	1106.4	2276.4	3136.3	3834.4
0.0	1051.2	1897.1	3008.5	3801.1
0.0	876.6	1766.2	2991.8	3763.2
0.0	796.2	1815.1	2799.9	3700.6
0.0	843.9	1867.4	2837.7	3640.1
444.4	1020.8	1819.9	2828.9	3620.9
0.0	951.8	1729.2	2699.5	3649.5
0.0	423.3	1708.8	2575.7	3547.3
0.0	442.8	1784.9	2537.4	3415.4
115.4	466.1	1835.4	2518.2	3402.6
115.4	451.3	1858.3	2514.5	3570.8
114.3	438.8	1865.0	2531.6	3554.2
109.1	444.9	1875.0	2532.2	3459.3
107.3	450.0	1879.8	2517.2	3474.3
105.8	451.2	1882.0	2517.2	3450.5
105.0	458.7	1856.8	2538.1	3497.7
104.2	490.3	1767.1	2488.1	3390.7
102.3	515.6	1634.8	2421.1	3239.0
100.8	536.5	1510.0	2459.2	3421.0
100.8	558.8	1402.5	2502.2	3393.1
100.0	582.2	1244.9	2518.0	3347.9
99.0	605.6	1188.2	2512.0	3335.0
96.8	617.2	1096.7	2497.9	3366.4
93.0	559.0	1014.1	2483.8	3622.0
90.9	522.2	966.9	2461.0	3630.1
86.8	610.4	992.4	2444.8	3659.1
84.5	675.4	1056.9	2476.1	3618.6
81.7	778.6	1144.6	2473.2	3479.7
74.6	784.8	1221.7	2453.9	3379.8
68.6	716.7	1254.8	2398.7	3255.1
69.4	819.8	1423.5	2352.3	3186.2
69.4	829.1	1462.9	2290.6	3185.8
73.6	826.3	1507.9	2173.4	3239.6
83.3	753.1	1418.0	1976.8	3229.4
85.1	608.2	1360.0	1903.6	3285.2
87.0	607.1	1345.5	1853.4	3301.9
88.2	639.0	1309.3	1808.8	3286.1
86.5	545.2	1269.9	1793.6	3419.6
84.5	531.0	1279.6	1779.2	3411.0
81.1	523.0	1273.9	1743.0	3429.9
77.9	529.2	1294.3	1680.7	3486.6
77.8	596.4	1294.3	1690.5	3470.7
75.0	618.1	1276.5	1669.3	3458.3
71.9	529.9	1286.8	1677.0	3475.2
71.0	521.1	1256.3	1628.4	3437.0
70.2	599.9	1297.3	1670.1	3363.2
70.6	697.5	1367.7	1766.8	3378.2
0.0	869.7	1382.2	1658.5	3418.6
70.6	848.5	1335.0	1648.0	3356.3
71.4	807.4	1387.4	1745.9	3152.8
0.0	868.9	1590.5	2306.5	3244.3
157.9	860.3	1600.3	2390.6	3318.9
0.0	493.7	1387.0	2078.1	3241.5
255.3	1011.5	1469.7	2212.6	3228.1
210.5	1120.3	1661.8	2590.6	3325.8
185.2	812.5	1512.9	2376.1	3423.9
104.3	661.9	1382.8	2462.5	3482.5
0.0	713.9	1427.6	2646.7	3492.2
0.0	742.0	1433.2	2526.7	3407.2
255.3	786.6	1440.5	2476.8	3410.4
0.0	894.7	1516.9	2583.8	3482.9
100.8	1088.3	1402.3	2583.1	3474.8
100.8	706.1	1237.8	2530.9	3381.2
0.0	636.9	1265.1	2578.2	3434.6
400.0	758.1	1537.8	2572.6	3445.4
285.7	1129.6	1792.0	2635.6	3429.5
290.0	897.4	1263.2	2450.7	3381.9
92.3	910.2	1358.3	2591.8	3434.1
90.9	976.0	1651.4	2671.7	3548.3
0.0	769.7	1189.7	2467.8	3402.1
0.0	820.4	1184.5	2633.0	3495.5
