0.0	0.0	0.0	0.0	0.0
0.0	0.0	0.0	0.0	0.0
0.0	0.0	0.0	0.0	0.0
0.0	932.5	1896.2	2704.3	3479.5
0.0	802.7	1774.7	2604.8	3426.2
0.0	801.4	1769.0	2637.1	3455.7
0.0	684.7	1653.9	2544.0	3433.3
0.0	656.3	1671.6	2564.2	3362.9
0.0	879.8	1717.1	2573.4	3403.3
0.0	940.3	1777.2	2561.0	3363.8
0.0	911.8	1739.9	2644.4	3433.6
0.0	892.5	1794.7	2699.3	3523.0
0.0	981.0	1694.2	2528.7	3484.3
0.0	821.0	1659.8	2511.1	3446.0
0.0	635.8	1408.9	2422.4	3369.0
0.0	635.2	1372.0	2383.1	3379.3
0.0	826.8	1405.3	2414.6	3385.0
0.0	934.7	1588.6	2536.7	3555.7
0.0	986.1	1840.3	2701.6	3528.4
0.0	978.2	1888.3	2780.1	3550.7
0.0	896.0	1819.7	2823.4	3572.8
0.0	903.9	1870.0	2840.7	3577.7
315.8	996.4	1846.0	2789.7	3655.9
333.3	1098.0	1957.9	2786.1	3587.3
0.0	1218.4	2028.2	2832.3	3493.1
0.0	1078.4	1953.7	2694.6	3559.1
0.0	816.0	1909.1	2659.4	3562.0
0.0	400.3	1711.8	2568.5	3481.5
0.0	412.0	1713.3	2498.8	3624.2
0.0	404.8	1716.0	2485.8	3662.9
122.4	382.2	1724.6	2507.1	3555.3
123.7	417.3	1732.0	2524.0	3548.1
125.5	415.4	1732.1	2520.8	3531.8
126.1	426.6	1688.1	2540.3	3516.0
126.4	413.0	1671.0	2560.3	3459.6
127.7	424.3	1630.6	2580.3	3470.2
127.7	453.1	1591.2	2620.2	3635.7
125.0	667.5	1701.1	2706.6	3720.8
116.5	694.4	1768.5	2873.0	3748.9
106.2	973.0	1772.6	2942.8	3742.3
0.0	827.4	1933.0	2926.7	3681.0
0.0	507.7	1943.0	2889.7	3657.1
0.0	500.1	1806.6	2893.6	3691.5
0.0	539.8	1771.1	2891.5	3658.2
0.0	866.2	2015.8	2755.6	3529.7
545.5	840.2	1827.2	2654.8	3408.3
226.4	874.0	1772.9	2685.5	3361.9
0.0	878.4	1816.4	2512.5	3431.2
0.0	603.5	1299.3	2317.0	3453.4
0.0	309.3	1104.0	2343.1	3485.4
0.0	503.8	1087.0	2396.4	3534.0
111.1	498.5	1071.9	2402.8	3489.5
110.1	299.2	1059.8	2382.8	3319.6
108.1	472.3	1086.7	2359.0	3239.7
106.2	508.2	1562.7	2193.9	3314.1
112.1	406.7	1746.8	2366.8	3522.5
110.1	389.1	1871.7	2508.6	3526.7
112.1	373.3	1874.7	2511.8	3512.8
112.1	370.0	1813.4	2503.0	3507.5
112.1	364.8	1946.9	2498.8	3535.4
111.5	355.7	1989.5	2509.5	3547.4
110.1	349.6	1930.6	2514.1	3529.6
110.1	445.2	2004.4	2516.7	3541.1
110.1	466.4	2027.5	2525.5	3552.0
110.1	739.4	2267.4	2533.7	3573.3
110.1	481.7	2054.2	2526.5	3603.1
110.5	346.1	1049.6	2496.2	3560.8
111.1	353.6	955.3	2526.0	3605.6
110.1	350.8	946.9	2525.9	3591.1
110.1	467.1	982.8	2516.6	3612.3
105.3	504.1	1596.9	2516.9	3681.5
104.6	548.6	1687.2	2526.3	3703.4
101.1	585.0	1690.3	2555.3	3612.5
98.1	958.6	1865.0	2732.1	3775.6
98.7	945.7	1995.0	2979.1	3937.2
0.0	755.8	1861.0	2939.1	3867.9
0.0	712.2	1868.8	2642.1	3697.0
0.0	582.9	1899.7	2687.6	3647.8
0.0	884.1	1883.5	2672.0	3588.1
0.0	337.3	1964.6	2587.6	3592.3
0.0	355.4	2065.1	2569.4	3731.1
0.0	337.0	2144.8	2597.9	3733.7
85.1	344.2	2169.3	2573.9	3669.4
86.3	444.3	2199.3	2538.0	3719.2
89.9	409.7	2208.8	2521.6	3686.0
96.0	331.0	2206.0	2522.6	3642.3
102.6	340.5	2168.2	2519.8	3669.9
104.6	339.4	2078.4	2521.0	3664.1
107.1	321.8	1996.6	2548.0	3731.4
107.1	309.8	1898.1	2516.6	3850.2
107.1	316.2	1801.4	2504.1	3749.5
104.3	375.2	1718.8	2482.2	3609.7
99.2	417.9	1683.1	2472.8	3626.6
93.8	421.8	1693.7	2483.6	3601.5
93.8	461.4	1701.7	2522.4	3622.8
0.0	386.0	1696.1	2483.5	3622.3
96.8	385.8	1673.5	2419.0	3421.5
95.2	395.0	1661.6	2275.6	3260.0
93.8	452.4	1642.3	2084.7	3297.1
91.6	406.2	1609.6	1984.4	3483.0
89.6	417.8	1547.2	1906.2	3595.4
83.3	395.3	1462.4	1901.3	3708.1
75.0	513.5	1511.9	2479.2	3726.8
74.9	935.1	1478.7	2602.6	3676.8
75.9	787.7	1597.2	2559.2	3487.2
0.0	911.3	1734.1	2590.8	3390.8
0.0	736.4	1773.3	2742.9	3466.8
0.0	829.3	1813.8	2708.4	3396.3
0.0	1253.1	1704.3	2620.9	3401.7
0.0	687.0	1372.6	2401.3	3378.7
0.0	1150.2	1419.7	2375.7	3557.3
0.0	658.3	1283.6	2295.1	3683.8
0.0	610.2	1271.0	2276.7	3601.9
500.0	980.1	1317.6	2225.6	3396.3
0.0	950.2	1243.0	2219.3	3426.7
0.0	952.1	1539.0	2408.5	3516.2
0.0	838.8	1297.4	2174.7	3542.3
0.0	772.9	1169.0	2156.6	3580.9
120.0	652.9	1069.8	2155.6	3586.2
109.1	633.8	1067.0	2135.2	3612.0
108.1	643.0	1066.8	2115.4	3605.3
108.1	639.7	1056.0	2111.9	3496.4
106.2	650.8	1045.7	2091.1	3596.3
103.4	636.6	1038.2	2082.7	3674.8
102.3	627.1	1057.7	2053.1	3486.7
100.0	624.8	1053.5	2022.2	3437.0
99.5	615.4	1072.5	1985.4	3507.1
99.4	619.8	1087.7	1950.9	3462.7
100.0	614.8	1107.0	1912.6	3341.7
100.0	604.8	1122.8	1873.4	3352.1
100.8	600.7	1182.2	1832.3	3446.6
100.7	589.1	1209.0	1801.2	3466.8
100.1	574.9	1247.6	1775.4	3465.4
99.9	548.7	1308.3	1787.8	3445.5
100.0	534.0	1372.4	1816.4	3412.0
101.1	526.5	1440.4	1868.2	3409.7
100.9	495.9	1474.8	1913.8	3386.7
100.2	475.9	1493.9	1976.4	3381.5
98.4	481.5	1530.5	2445.4	3269.1
94.9	521.9	1642.7	2637.4	3202.2
88.4	680.6	1814.6	2857.4	3266.7
74.1	895.3	1873.4	2799.8	3312.3
0.0	660.0	1807.0	2690.3	3251.9
0.0	797.6	1832.1	2643.2	3276.7
0.0	1010.9	1747.2	2569.6	3271.5
0.0	540.0	1469.9	2447.5	3138.8
0.0	465.6	1371.0	2198.1	3063.4
94.5	431.8	1171.4	2041.0	3055.7
91.6	415.7	1048.9	2018.2	3180.3
90.9	449.0	1018.2	1975.9	3371.3
90.9	443.9	1004.6	1966.3	3494.4
90.2	468.0	1018.0	1944.8	3553.5
86.3	492.9	1055.8	1912.6	3590.4
83.3	434.9	1128.5	1858.3	3584.9
81.6	448.0	1245.6	1825.5	3566.5
81.6	494.9	1404.4	1780.6	3474.6
80.5	486.2	1617.4	1965.9	3273.5
76.4	369.4	1546.3	2161.2	3087.8
157.9	611.8	1619.5	2431.3	3304.8
67.4	809.0	1748.6	2625.4	3404.4
0.0	915.7	1848.7	2600.4	3514.2
0.0	914.2	1980.6	2594.1	3564.3
0.0	1196.0	1925.9	2567.0	3519.5
0.0	992.5	1750.6	2637.4	3274.5
0.0	1043.1	1779.9	2572.5	3255.0
0.0	1112.2	1788.2	2468.1	3309.4
0.0	740.8	1551.0	2480.9	3327.4
0.0	718.8	1484.4	2332.0	3324.7
0.0	939.4	1684.2	2404.0	3291.7
444.4	906.2	1637.1	2372.9	3262.1
0.0	852.5	1581.9	2250.3	3315.9
90.9	553.5	1420.0	1884.9	3379.2
0.0	506.8	1401.9	1856.7	3410.1
110.1	516.6	1383.1	1899.6	3410.0
102.6	556.9	1375.4	1936.5	3445.8
103.4	583.3	1330.0	1977.8	3424.8
99.2	590.0	1332.2	2066.2	3417.9
95.2	612.4	1355.4	2110.6	3391.8
91.6	626.1	1293.5	2115.5	3383.9
88.2	614.2	1282.9	2151.8	3399.6
84.5	608.9	1300.0	2158.6	3450.9
84.5	610.3	1299.9	2146.4	3454.3
81.6	751.5	1348.6	2146.0	3415.9
73.6	926.2	1358.5	2158.8	3369.4
285.7	849.8	1349.4	2245.1	3433.8
71.0	883.7	1414.3	2670.3	3412.3
0.0	617.3	1565.3	2486.5	3301.6
0.0	1070.9	1849.5	2670.0	3467.0
0.0	688.9	1620.9	2624.2	3470.4
0.0	603.3	1619.1	2638.3	3393.4
63.5	681.6	1645.9	2586.0	3412.4
0.0	809.7	1655.0	2478.1	3374.8
0.0	926.4	1623.7	2553.8	3462.2
0.0	850.8	1613.6	2378.9	3498.5
222.2	640.6	1673.4	2375.0	3474.7
223.7	722.4	1669.0	2436.6	3429.3
0.0	587.8	1712.4	2586.2	3430.7
0.0	686.7	1713.3	2817.8	3576.4
0.0	919.3	1776.3	2859.9	3607.5
0.0	877.8	1884.5	2947.9	3650.3
0.0	831.5	1768.4	2932.5	3650.1
0.0	864.4	1961.1	2870.0	3574.2
0.0	816.4	2021.8	2853.8	3568.1
131.9	797.2	1928.4	2903.7	3559.3
0.0	830.5	1907.3	3039.4	3574.5
545.5	870.5	1927.6	2990.8	3609.7
0.0	1030.0	1794.5	2749.3	3559.5
0.0	882.4	1627.1	2664.2	3558.4
0.0	750.2	1644.7	2806.0	3557.2
226.4	851.0	1853.9	2814.9	3524.7
500.0	707.6	1998.9	2786.2	3448.5
84.5	1027.7	1912.3	2807.3	3495.9
153.8	749.0	1444.5	2636.1	3400.2
0.0	870.1	1453.7	2568.2	3233.6
428.6	990.2	1862.1	2842.7	3453.2
85.1	747.3	1737.0	2921.2	3562.7
71.4	928.0	1967.1	2948.5	3688.3
333.6	954.1	2008.1	2870.7	3701.5
375.0	924.7	1974.6	2844.7	3665.7
0.0	1045.6	1887.2	2929.3	3662.8
0.0	566.2	1791.8	2878.4	3773.3
0.0	558.8	1597.7	2866.8	3764.8
100.0	967.3	1859.8	3041.9	3613.6
230.8	988.2	1968.1	2901.5	3546.3
255.3	996.6	1890.3	2790.3	3518.0
137.9	907.7	1865.6	2910.4	3633.5
0.0	1004.6	1926.4	2892.5	3701.4
0.0	995.4	1916.3	2912.6	3722.8
272.7	978.4	1936.0	3029.4	3732.5
279.1	939.3	1972.4	2966.6	3678.2
166.7	950.1	1920.7	2959.4	3626.2
0.0	1101.2	1949.4	2990.2	3563.7
0.0	1088.5	1936.8	2996.9	3683.5
0.0	986.0	1880.5	2930.1	3674.8
0.0	1058.9	1937.9	2900.5	3556.0
0.0	1032.0	2009.8	2889.6	3659.0
184.6	636.9	1335.7	2634.4	3727.9
113.2	952.6	1868.7	2841.9	3726.1
0.0	997.5	1995.3	2909.8	3630.7
0.0	979.0	2083.9	2977.7	3644.4
0.0	886.2	1957.2	2871.1	3611.2
375.0	936.7	1917.7	2986.8	3653.6
324.3	994.7	2014.5	2945.1	3705.6
226.4	1002.5	1957.5	2937.4	3665.0
0.0	1091.6	1939.3	2950.3	3622.0
0.0	1112.1	1986.2	2891.1	3673.1
0.0	879.5	1945.5	2948.4	3602.9
0.0	774.6	1943.9	3001.9	3655.9
0.0	710.4	1929.5	2998.0	3765.7
83.9	929.3	1990.7	3016.1	3758.6
196.7	1068.1	1885.6	3002.9	3714.7
0.0	1073.7	1861.8	3176.2	3644.7
0.0	796.9	1840.4	3178.3	3527.2
0.0	1116.1	1965.5	3107.6	3488.7
