0.0	0.0	0.0	0.0	0.0
0.0	0.0	0.0	0.0	0.0
0.0	0.0	0.0	0.0	0.0
0.0	789.3	1735.6	2476.3	3395.5
0.0	778.3	1734.2	2486.5	3350.6
0.0	807.8	1787.8	2475.9	3406.3
0.0	835.1	1778.2	2588.6	3462.1
0.0	799.6	1741.7	2623.4	3420.6
0.0	1068.3	1775.0	2680.5	3391.4
0.0	1126.8	1852.4	2726.3	3411.0
0.0	916.6	1848.5	2576.8	3400.1
64.2	887.7	1700.2	2518.8	3296.4
0.0	793.7	1611.1	2495.9	3266.4
0.0	810.1	1644.7	2430.0	3434.6
0.0	788.8	1676.0	2489.9	3535.9
573.1	750.4	1665.3	2647.1	3641.5
0.0	750.9	1635.1	2669.8	3648.3
0.0	709.8	1629.5	2667.4	3637.9
0.0	679.4	1619.2	2616.4	3537.3
63.5	635.7	1632.5	2590.8	3447.1
72.7	700.6	1626.9	2641.8	3333.0
70.2	717.8	1560.2	2611.3	3474.7
0.0	738.9	1564.7	2575.4	3532.3
0.0	642.6	1552.9	2606.6	3474.0
0.0	430.5	1642.5	2596.3	3454.6
0.0	472.8	1704.2	2613.3	3476.8
110.5	501.1	1797.9	2629.8	3462.5
109.0	532.6	1866.2	2659.2	3447.0
108.1	499.0	1919.6	2650.8	3422.1
107.0	458.6	1970.5	2689.7	3446.1
106.7	440.3	2006.0	2683.6	3435.9
105.2	450.2	2029.1	2665.6	3441.6
103.1	425.3	2034.3	2641.8	3389.6
100.5	424.1	2021.6	2589.5	3379.2
99.5	413.7	1907.5	2488.7	3321.9
98.9	410.7	1718.9	2458.8	3312.5
98.2	384.1	1321.0	2408.8	3325.3
93.8	237.5	1210.9	2422.8	3327.4
81.6	486.6	1253.3	2483.8	3272.5
87.0	653.6	1306.0	2535.2	3237.8
116.5	1116.4	1763.7	2564.9	3406.4
0.0	1098.0	1945.2	2668.6	3508.8
0.0	1184.9	1929.4	2700.3	3432.1
0.0	1080.6	1882.2	2713.7	3460.8
0.0	1089.7	1874.5	2738.3	3498.5
0.0	789.4	1647.6	2622.9	3444.3
0.0	639.1	1615.2	2612.9	3474.1
0.0	784.1	1536.0	2656.9	3400.6
0.0	802.0	1479.1	2633.9	3228.9
0.0	783.7	1435.4	2653.4	3389.2
0.0	753.6	1327.2	2698.0	3595.0
130.6	778.8	1298.9	2718.3	3551.3
118.9	757.2	1205.5	2748.9	3461.7
122.1	731.7	1162.2	2769.0	3498.0
122.1	708.6	1099.2	2759.7	3520.6
122.5	711.1	1063.1	2753.1	3540.3
123.1	669.2	1051.7	2766.1	3587.5
124.3	673.5	1038.9	2781.3	3624.9
124.8	682.9	1018.0	2795.8	3607.3
126.5	614.6	1000.3	2779.3	3584.1
128.0	580.8	977.6	2804.9	3592.5
130.6	554.9	943.9	2854.5	3630.2
131.4	540.0	949.7	2873.0	3608.4
132.0	528.1	970.6	2884.0	3601.8
132.9	525.6	1056.4	2881.4	3594.6
133.4	547.5	1200.7	2859.7	3601.5
134.3	536.7	1320.4	2874.1	3602.2
136.8	550.0	1450.9	2891.3	3622.4
136.9	526.5	1555.7	2864.0	3574.8
137.3	507.2	1705.3	2842.2	3433.9
136.5	762.4	1793.4	2832.5	3402.2
135.4	505.3	1888.7	2800.8	3356.2
134.4	417.1	1936.8	2745.9	3273.4
132.8	455.6	1929.1	2635.2	3243.2
130.4	437.5	1908.0	2685.1	3208.2
131.9	546.0	1852.2	2694.6	3293.2
123.7	828.2	1874.3	2643.3	3346.6
126.3	849.1	1907.7	2674.7	3286.3
121.2	923.2	2028.1	2677.7	3256.4
0.0	964.1	2010.3	2650.7	3241.0
0.0	1108.9	1954.9	2675.3	3342.8
0.0	801.1	1933.2	2734.1	3397.3
400.0	880.9	2133.8	3024.2	3611.0
0.0	474.6	1749.3	2783.1	3665.7
0.0	708.9	1763.3	2795.7	3623.8
500.0	462.8	1694.3	2645.8	3572.8
78.4	745.9	1743.9	2612.3	3511.9
0.0	933.6	1736.4	2704.1	3385.0
64.5	927.9	1717.0	2672.4	3341.3
0.0	600.9	1595.4	2543.8	3504.3
0.0	779.6	1531.8	2540.3	3376.8
0.0	803.6	1502.9	2478.1	3310.5
400.0	759.0	1539.1	2539.4	3389.3
0.0	774.5	1659.8	2600.2	3420.4
0.0	734.6	1670.3	2608.2	3425.4
0.0	392.7	1583.2	2553.7	3364.4
571.4	466.4	1455.1	2482.7	3296.6
0.0	408.7	1245.8	2339.4	3263.9
123.1	379.2	1054.7	2335.4	3280.0
117.0	370.8	923.2	2341.8	3337.9
114.2	383.1	900.5	2371.4	3354.7
112.8	400.2	889.8	2359.2	3333.5
111.8	315.7	904.7	2367.0	3383.5
111.9	319.1	979.1	2356.2	3379.1
116.2	408.8	1057.3	2323.4	3403.5
119.4	406.8	1224.3	2352.5	3381.0
121.0	429.1	1406.8	2328.4	3335.9
122.6	475.9	1629.5	2314.6	3311.9
125.4	497.3	1785.6	2348.6	3328.8
126.6	500.5	1903.5	2418.1	3364.9
127.6	483.4	1956.9	2428.3	3367.6
128.6	425.5	1943.0	2502.9	3467.3
130.5	414.9	1877.8	2533.5	3529.0
131.5	349.3	1504.8	2484.6	3369.5
132.4	376.1	1160.0	2427.9	2989.3
135.5	404.9	1135.6	2455.9	2951.5
136.1	377.0	1200.0	2509.7	3177.5
134.7	388.1	1222.8	2502.0	3085.1
133.3	388.8	1260.2	2520.4	3173.0
132.0	343.2	1209.1	2522.9	3448.7
130.5	313.4	1935.1	2663.6	3555.8
128.9	502.6	2091.9	2872.7	3549.0
127.2	752.7	2057.1	2847.5	3541.0
123.9	561.0	2099.0	2781.6	3488.3
118.4	659.7	2194.0	2839.2	3466.9
114.6	851.2	2350.4	3028.2	3489.3
109.1	1063.0	2344.2	2998.1	3449.7
0.0	660.1	2101.5	2814.3	3385.6
400.0	639.5	2105.6	2791.0	3350.7
292.7	998.9	2223.6	2752.7	3379.6
153.8	829.8	2087.4	2769.3	3325.0
0.0	572.7	2089.2	2725.7	3321.4
413.8	933.9	2160.9	2713.7	3293.2
0.0	777.7	2104.0	2651.5	3272.1
0.0	742.1	2183.0	2616.4	3197.8
0.0	760.6	2137.3	2617.8	3284.2
0.0	528.2	2034.9	2672.8	3338.3
0.0	521.4	1990.1	2647.2	3290.6
0.0	427.1	2004.4	2565.4	3187.0
0.0	406.7	2004.8	2518.3	3143.3
80.5	378.6	2002.4	2465.0	3162.7
82.7	420.5	1982.3	2443.8	3162.8
81.6	414.8	1957.5	2435.7	3178.5
79.6	407.3	1924.7	2436.1	3184.1
79.5	412.1	1870.0	2431.2	3182.4
75.9	409.9	1814.6	2423.8	3181.3
75.5	450.3	1754.8	2422.5	3196.5
75.5	524.0	1696.2	2451.7	3215.3
76.9	533.6	1603.5	2489.9	3240.0
75.9	534.8	1486.4	2559.1	3316.5
74.5	562.6	1438.9	2551.3	3365.7
74.8	603.9	1383.7	2491.7	3400.8
75.3	631.8	1350.8	2555.4	3509.5
71.4	623.4	1238.7	2593.8	3416.3
69.9	638.7	1203.9	2605.8	3379.4
69.4	638.1	1184.0	2607.3	3433.5
68.9	642.5	1170.7	2690.5	3498.7
69.2	631.6	1123.0	2685.3	3492.0
69.2	599.8	1104.2	2730.7	3406.7
68.9	622.5	1104.1	2807.8	3455.8
67.1	693.3	1100.1	2783.6	3507.8
69.8	728.8	1101.1	2758.9	3487.9
70.2	645.6	1108.8	2781.7	3460.1
0.0	632.2	1098.6	2840.0	3396.8
0.0	614.2	1150.6	2797.6	3069.7
0.0	612.7	1181.0	2715.0	3242.5
87.0	642.2	1135.5	2631.9	3338.3
78.4	664.8	1230.1	2512.8	3340.7
74.1	709.9	1746.5	2658.2	3448.1
99.1	637.7	1311.1	2610.8	3346.5
96.0	611.8	1643.6	2584.1	3282.2
88.2	903.2	1818.1	2532.1	3261.5
0.0	766.1	1439.6	2484.2	3315.9
0.0	720.2	1397.5	2573.9	3410.9
260.9	709.5	1413.3	2511.3	3308.3
214.3	737.9	1392.6	2499.4	3171.9
235.3	737.1	1391.9	2644.5	3151.4
72.1	781.3	1418.6	2634.8	3301.7
227.8	788.2	1418.6	2616.5	3272.6
83.9	779.4	1383.2	2453.0	3144.7
235.3	822.5	1393.6	2512.9	3279.9
222.2	804.7	1373.8	2458.0	3279.7
90.7	802.0	1401.0	2319.1	3248.7
