0.0	0.0	0.0	0.0	0.0
0.0	0.0	0.0	0.0	0.0
0.0	0.0	0.0	0.0	0.0
0.0	777.8	1741.7	2406.3	3270.5
0.0	742.5	1678.8	2385.0	3397.9
0.0	738.0	1614.1	2388.1	3470.5
0.0	781.4	1590.4	2381.8	3380.6
0.0	671.5	1545.6	2431.1	3328.5
0.0	676.4	1488.1	2422.1	3383.2
0.0	808.1	1475.9	2485.7	3398.9
0.0	714.1	1535.8	2550.0	3391.5
0.0	550.1	1422.7	2327.0	3249.9
0.0	643.2	1334.9	2229.7	3231.7
0.0	655.1	1365.4	2360.0	3288.5
0.0	744.0	1486.6	2368.3	3277.9
0.0	706.7	1500.8	2389.9	3368.6
0.0	307.3	1259.8	2215.1	3209.5
0.0	322.7	1157.3	1663.8	3204.9
124.1	329.8	1171.1	1678.1	3167.3
118.5	345.8	1205.4	1674.9	3150.3
120.6	371.7	1228.3	1667.2	3125.2
122.7	375.9	1259.7	1681.0	3192.6
123.5	398.9	1307.9	1704.0	3267.7
123.5	486.1	1390.5	1733.5	3306.4
123.7	506.6	1417.5	1782.0	3402.6
125.7	525.6	1488.4	1880.4	3388.3
127.3	541.6	1560.5	1991.9	3405.7
127.9	575.5	1557.4	2148.4	3375.2
128.6	606.1	1561.6	2322.9	3358.0
130.2	647.1	1598.5	2402.6	3338.0
130.7	665.6	1616.9	2451.4	3378.5
131.3	660.7	1618.3	2517.1	3395.1
132.8	658.8	1649.7	2544.0	3392.8
134.2	651.5	1673.4	2538.6	3337.1
135.4	641.8	1705.4	2553.5	3349.3
137.7	629.3	1744.1	2533.9	3329.6
138.2	623.0	1771.5	2579.4	3377.8
138.6	614.3	1815.7	2576.3	3347.0
139.5	583.4	1825.4	2549.6	3329.0
140.4	569.2	1838.9	2546.5	3295.3
141.4	547.9	1845.0	2497.5	3244.8
142.2	526.9	1884.4	2529.4	3223.3
143.6	513.2	1906.6	2527.9	3157.9
144.3	540.1	1919.4	2541.4	3191.8
144.9	722.6	1939.5	2578.5	3275.6
145.4	512.4	1949.0	2548.7	3283.9
146.0	483.7	1962.5	2562.3	3324.2
147.1	459.9	1968.5	2574.6	3319.1
148.7	493.1	1986.0	2582.8	3338.1
150.7	465.2	1984.9	2520.8	3292.5
151.5	370.0	1990.4	2586.3	3332.2
152.9	414.3	1993.8	2677.3	3358.9
154.2	363.2	1996.1	2656.4	3396.9
153.5	324.6	1893.5	2491.4	3374.2
154.9	334.6	1806.8	2452.7	3226.8
155.8	344.6	1819.9	2429.7	3081.9
157.4	340.4	1825.1	2428.3	3030.5
158.4	321.3	1855.4	2542.4	3080.4
158.3	338.6	1859.5	2532.7	3183.5
158.0	320.0	1858.2	2494.6	3153.5
156.0	308.8	1849.6	2530.0	3232.1
154.2	288.8	1848.6	2557.7	3385.5
148.4	276.8	1795.5	2688.4	3441.5
144.2	746.1	1906.9	2845.9	3465.6
137.2	859.6	2106.9	2991.5	3462.9
127.7	927.0	2187.3	3010.9	3492.9
121.2	744.8	2074.9	2916.1	3386.1
0.0	760.1	2194.0	2801.4	3357.4
400.0	743.5	2276.9	2719.9	3363.7
0.0	837.9	2232.1	2764.3	3318.0
480.0	688.8	2111.2	2519.4	3225.5
0.0	769.9	1791.0	2424.6	3249.7
0.0	565.8	1681.9	2430.6	3295.1
0.0	509.6	1605.8	2340.4	3286.4
82.2	450.8	1450.8	2284.5	3217.9
0.0	334.7	1309.1	2192.1	3197.1
126.3	360.6	1195.8	2151.2	3233.5
126.3	360.8	1132.0	2160.6	3192.7
123.2	365.3	1101.4	2175.5	3250.1
121.0	363.0	1098.6	2190.6	3245.2
122.4	369.1	1100.8	2208.8	3256.7
123.5	368.8	1145.5	2217.3	3296.5
124.7	394.8	1212.4	2228.7	3348.1
125.1	411.4	1280.4	2254.6	3412.3
126.6	393.7	1341.4	2337.0	3441.4
125.9	373.2	1443.8	2459.7	3507.1
124.7	350.9	1417.6	2487.5	3597.8
122.6	360.7	1425.6	2464.7	3701.0
115.4	391.4	1463.4	2489.4	3768.6
113.2	673.4	1684.9	2662.8	3764.1
113.2	997.8	1839.4	2857.3	3736.8
108.1	973.3	1753.3	2791.3	3743.2
0.0	651.1	1534.7	2775.2	3788.8
0.0	584.6	1508.3	2734.3	3722.4
0.0	562.2	1649.2	2705.1	3735.1
0.0	324.0	1537.3	2722.8	3742.9
0.0	262.3	1601.0	2618.6	3725.7
144.6	335.4	1498.9	2443.2	3658.0
117.6	361.2	1380.4	2381.3	3451.2
116.5	417.2	1373.7	2385.2	3348.7
115.3	420.9	1338.1	2343.9	3308.5
112.9	487.0	1296.7	2313.5	3258.0
111.0	539.1	1283.8	2299.7	3233.7
110.1	429.5	1242.7	2305.9	3293.4
110.3	265.5	1209.4	2375.5	3369.4
111.1	218.9	1181.3	2446.4	3372.4
113.2	244.6	1402.6	2584.9	3344.3
115.4	805.2	1725.3	2707.8	3386.7
110.1	925.5	1810.9	2752.4	3465.7
110.1	975.9	1807.4	2690.1	3519.4
112.1	713.1	1733.3	2630.2	3502.2
113.2	733.7	1760.7	2653.8	3455.7
114.3	913.3	1938.4	2679.5	3437.1
121.0	998.4	2009.1	2728.3	3430.2
121.2	1045.3	1979.1	2808.2	3497.7
0.0	514.4	1116.7	2380.2	3268.7
0.0	520.7	1127.2	2396.7	3283.9
0.0	509.5	1110.8	2431.2	3283.9
121.5	564.7	1105.1	2456.9	3155.0
122.4	618.3	1142.2	2472.5	3155.8
124.1	638.6	1185.0	2497.1	3268.0
124.4	652.1	1189.9	2495.8	3288.2
125.1	670.0	1212.2	2485.1	3204.4
126.4	680.4	1239.1	2463.0	3177.3
129.9	700.0	1262.4	2474.2	3260.0
131.0	675.8	1291.1	2433.5	3252.8
131.9	667.9	1358.8	2400.9	3291.5
133.6	654.2	1429.6	2422.6	3231.9
134.2	639.0	1482.9	2406.8	3289.0
134.9	600.3	1517.8	2406.1	3387.9
136.7	581.5	1570.0	2404.8	3381.5
137.6	544.6	1619.4	2411.0	3365.3
138.1	519.5	1692.8	2458.1	3436.5
140.0	474.1	1718.6	2528.3	3392.0
141.9	444.6	1732.3	2576.6	3376.7
143.0	465.3	1734.4	2608.9	3442.2
142.1	462.9	1668.2	2635.5	3481.6
133.3	678.7	1729.4	2635.0	3460.3
69.0	546.3	1665.4	2674.9	3332.7
116.7	738.2	1357.9	2523.0	3295.8
0.0	822.6	1403.6	2471.8	3340.2
0.0	524.6	1455.4	2548.6	3296.5
0.0	875.8	1829.7	2850.7	3568.1
400.0	694.2	1764.1	2756.6	3642.7
0.0	826.1	1695.3	2697.5	3695.8
0.0	745.9	1601.2	2590.3	3708.1
203.4	809.3	1544.9	2574.7	3656.4
0.0	434.2	1358.5	2546.0	3531.1
149.4	409.4	1185.9	2491.1	3464.5
147.1	396.8	1144.6	2487.7	3379.3
139.9	391.7	1087.9	2474.6	3276.1
136.2	392.7	1088.0	2480.2	3245.0
135.2	390.6	1095.4	2497.0	3257.2
136.2	394.5	1110.0	2502.4	3208.8
137.3	398.3	1125.2	2500.2	3162.5
138.9	351.6	1131.8	2508.9	3137.3
138.7	321.3	1129.5	2527.4	3103.2
136.8	309.6	1171.7	2556.4	3184.3
67.7	358.1	1187.3	2544.6	3213.1
71.3	341.3	1233.3	2568.0	3157.5
143.9	341.6	1281.0	2541.4	3207.5
142.0	290.2	1294.0	2485.5	3195.8
141.0	286.7	1341.6	2530.7	3202.8
138.2	284.3	1360.7	2557.0	3213.7
135.7	269.5	1380.2	2438.7	3188.2
133.1	340.4	1558.8	2500.3	3245.6
0.0	360.9	1647.6	2577.3	3319.0
137.9	330.7	1673.0	2506.7	3249.2
133.9	352.8	1682.7	2493.7	3314.9
135.0	404.0	1744.8	2476.5	3267.9
137.1	369.3	1816.4	2477.7	3220.9
138.9	443.0	1828.8	2494.7	3216.0
138.5	459.6	1834.2	2481.6	3195.0
137.9	380.4	1869.8	2490.3	3266.5
136.7	408.0	1904.4	2482.4	3293.5
135.2	425.2	1905.7	2498.2	3226.9
133.7	335.7	1896.2	2511.7	3349.6
131.4	363.9	1922.2	2498.2	3405.1
129.9	410.1	1950.8	2520.7	3356.6
128.2	306.3	1973.7	2580.6	3348.9
126.7	319.3	1995.1	2608.3	3410.3
125.6	362.7	1999.4	2570.8	3470.6
124.9	352.8	1931.2	2624.9	3602.9
123.3	276.4	1804.0	2532.6	3564.6
110.1	719.1	1754.5	2605.7	3495.1
118.8	934.1	1634.1	2696.4	3426.0
63.5	937.0	1618.1	2547.0	3471.6
64.3	1012.2	1724.2	2516.2	3455.7
120.0	822.1	1845.3	2640.2	3555.4
0.0	902.0	1880.3	2713.4	3610.8
0.0	950.0	1803.4	2645.6	3612.9
0.0	909.3	1896.7	2618.5	3634.3
461.5	662.9	1846.0	2644.9	3664.4
230.8	718.5	1832.4	2671.0	3632.8
87.6	695.3	1795.4	2593.2	3520.4
0.0	472.1	1762.8	2516.9	3629.6
133.3	443.6	1743.8	2494.0	3536.4
128.1	457.7	1702.7	2474.3	3442.2
125.3	457.8	1689.9	2455.3	3411.0
120.3	454.2	1702.1	2458.1	3464.5
114.6	446.4	1699.0	2420.8	3560.2
113.0	438.0	1703.4	2371.2	3594.4
111.8	428.1	1705.1	2343.8	3540.2
110.3	428.1	1703.2	2390.0	3513.4
109.5	447.2	1694.5	2455.4	3476.1
108.6	429.4	1688.0	2442.6	3442.0
108.3	429.2	1690.5	2424.2	3466.8
108.1	434.1	1689.3	2408.1	3491.7
108.2	431.3	1674.4	2403.5	3444.6
108.3	438.7	1654.5	2394.1	3431.9
107.2	459.3	1622.6	2375.5	3432.1
107.3	450.5	1589.2	2372.5	3490.7
106.8	453.9	1554.2	2389.9	3493.2
106.9	473.6	1489.5	2344.7	3496.9
106.1	486.6	1446.4	2343.0	3534.0
105.6	478.3	1394.8	2303.1	3607.7
105.3	477.1	1331.8	2297.0	3646.8
104.5	491.6	1301.4	2354.2	3679.3
103.1	483.9	1265.1	2379.0	3639.8
102.7	526.1	1212.5	2388.7	3528.2
102.0	506.9	1150.2	2427.4	3428.1
101.4	527.1	1108.9	2473.6	3385.8
100.5	530.7	1107.5	2530.7	3466.2
100.4	560.8	1092.2	2535.5	3483.6
101.6	654.7	1133.6	2555.6	3448.2
103.6	674.4	1083.3	2504.7	3439.1
105.5	708.1	1108.3	2440.0	3430.6
107.3	714.2	1153.2	2340.7	3345.5
100.1	743.6	1255.5	2239.5	3256.4
91.6	738.8	1393.6	2356.8	3271.1
99.2	805.4	1465.2	2390.5	3325.4
166.7	931.4	1502.4	2570.2	3461.3
82.8	790.8	1626.9	2589.1	3447.5
95.2	814.7	1643.6	2571.4	3416.7
97.6	817.2	1537.3	2636.8	3352.6
73.6	855.6	1633.8	2695.4	3421.7
86.3	596.2	1669.1	2599.7	3522.7
0.0	916.1	1711.3	2544.7	3493.0
0.0	937.0	1790.7	2598.9	3443.4
0.0	891.0	1737.1	2686.1	3398.9
0.0	891.3	1670.8	2621.9	3354.4
0.0	815.0	1677.8	2544.5	3359.7
