0.0	0.0	0.0	0.0	0.0
0.0	0.0	0.0	0.0	0.0
0.0	0.0	0.0	0.0	0.0
0.0	541.3	1646.0	2495.1	3239.0
0.0	491.5	1700.9	2524.1	3296.6
0.0	901.8	1890.8	2669.3	3514.9
0.0	961.1	1785.1	2674.9	3470.0
0.0	803.0	1845.3	2650.5	3405.4
0.0	974.0	1934.5	2673.5	3490.2
0.0	1077.2	1953.1	2659.0	3528.9
0.0	1041.0	1870.9	2644.7	3447.2
0.0	977.3	1828.2	2650.2	3353.6
0.0	647.0	1644.1	2510.2	3366.6
0.0	200.0	1590.0	2482.9	3401.9
181.8	257.3	1562.4	2487.9	3246.8
155.8	257.1	1349.8	2471.7	3256.8
141.2	236.2	1440.8	2449.8	3253.0
112.1	600.6	1513.2	2468.6	3228.5
119.2	553.5	1525.5	2555.7	3270.3
0.0	532.9	1542.3	2620.8	3745.0
120.0	534.4	1565.2	2604.9	3674.8
117.2	521.3	1583.3	2465.9	3329.1
116.9	512.1	1580.8	2165.7	3146.5
114.8	502.9	1472.5	2052.8	3109.8
114.0	493.1	1308.6	2059.2	2991.6
113.5	465.9	1217.5	2056.9	2951.6
113.5	486.6	1150.3	2079.1	2914.1
113.2	456.6	1133.8	2126.2	2870.0
114.2	468.2	1202.9	2128.3	2884.4
114.0	451.1	1285.9	2093.7	2996.3
114.3	469.8	1384.0	2029.8	3073.1
113.2	471.6	1468.7	2152.4	3025.7
113.1	492.6	1549.5	2631.3	3648.0
110.9	488.0	1584.6	2660.9	3768.0
106.7	547.3	1564.9	2770.5	3771.7
99.9	779.3	1612.2	2811.8	3708.4
100.0	776.9	1665.8	2801.3	3714.0
240.0	876.0	1735.3	2931.8	3652.7
130.4	612.2	1721.4	2845.7	3457.6
0.0	873.9	1650.6	2614.3	3538.0
0.0	340.9	1386.5	2529.1	3389.7
0.0	274.3	1290.0	2560.4	3276.3
0.0	250.8	1163.9	2487.0	2966.1
127.7	249.3	974.4	2631.0	3172.0
127.7	249.7	1010.1	2541.1	3166.2
125.0	251.0	1011.8	2456.1	3497.0
0.0	639.4	1145.7	2433.2	3617.9
284.8	673.6	1207.4	2624.1	3558.5
138.1	650.2	1263.6	2714.1	3505.3
137.6	651.2	1315.0	2675.4	3514.5
140.1	640.4	1401.3	2640.4	3554.3
143.2	592.8	1516.9	2613.4	3478.1
147.3	558.0	1591.9	2630.6	3435.5
150.9	506.2	1641.6	2669.2	3478.7
152.5	413.7	1706.3	2730.0	3453.2
156.0	773.6	1861.2	2759.0	3579.4
132.0	255.5	1824.0	2852.3	3686.6
133.3	522.1	2164.3	3089.5	3677.5
65.2	604.1	2254.2	3049.7	3660.2
226.4	855.2	2076.7	2981.6	3665.0
0.0	1017.0	2041.8	3061.3	3689.2
342.9	886.2	1998.6	2962.2	3650.7
0.0	524.8	1952.9	2826.5	3541.8
0.0	732.6	1873.0	2716.3	3482.3
0.0	566.2	1858.5	2682.2	3373.7
0.0	472.2	1788.7	2599.6	3101.9
146.2	487.4	1677.8	2290.2	2905.0
141.0	399.1	1582.8	2096.9	2808.2
138.2	275.8	1169.9	1924.9	2784.6
135.7	269.0	1021.8	1914.8	2804.6
134.8	270.6	988.0	1873.6	2809.1
133.3	265.8	969.4	1822.7	2812.2
136.4	260.4	968.4	1805.9	2906.5
131.9	257.0	1007.3	1803.3	3098.9
127.7	252.2	1526.8	2249.2	3325.7
0.0	672.6	1458.2	2259.5	3328.3
244.9	541.8	1244.6	1754.6	3091.3
130.5	480.9	1258.0	1659.9	3026.4
136.4	483.2	1274.2	1652.2	3048.3
135.9	490.1	1330.3	1731.5	3065.2
139.4	512.6	1363.2	1821.5	3085.1
140.8	519.9	1444.1	1880.3	3125.6
142.5	535.8	1552.3	1939.9	3150.4
143.6	515.7	1627.2	2048.9	3242.0
146.6	492.1	1711.7	2125.7	3290.7
148.5	476.6	1770.5	2206.4	3375.8
150.2	469.1	1816.7	2296.2	3423.5
152.8	458.9	1866.7	2292.1	3510.4
153.7	467.5	1934.0	2400.1	3563.6
153.6	437.0	1973.4	2519.6	3640.2
149.1	440.5	1952.0	2563.2	3703.5
148.7	432.9	1888.3	2662.9	3689.8
145.1	673.0	1892.4	2768.1	3665.5
136.4	807.7	1903.9	2725.9	3745.5
136.4	778.3	1847.9	2649.9	3749.9
333.3	738.2	1827.8	2702.2	3767.3
333.3	741.5	1814.7	2761.9	3883.9
292.7	776.1	1837.9	2748.8	3861.3
214.3	711.0	1842.8	2718.4	3833.6
226.4	771.5	1839.3	2705.7	3617.5
100.0	504.6	1850.1	2680.3	3604.5
0.0	527.3	1941.2	2599.8	3557.0
152.4	554.6	2003.3	2590.4	3428.2
148.2	582.3	2073.8	2625.1	3363.7
149.4	668.6	2109.8	2639.0	3365.6
150.2	719.6	2122.4	2655.3	3398.7
149.2	488.8	2121.6	2673.1	3395.8
148.4	406.1	2116.6	2700.1	3424.7
147.0	513.7	2065.2	2672.3	3333.3
146.2	350.3	1689.5	2521.9	3150.6
146.3	304.0	963.8	2357.3	2720.2
148.1	301.6	921.7	2355.9	2706.3
148.1	285.3	867.5	2347.0	2763.9
144.6	286.5	1717.8	2557.0	3485.3
144.6	282.3	1584.9	2478.9	3599.0
139.7	359.4	1518.7	2437.0	3478.4
134.8	277.9	1621.0	2407.5	3461.2
130.1	808.2	1613.6	2460.3	3453.0
127.3	889.4	1687.7	2485.3	3596.6
63.5	615.6	1651.5	2417.0	3476.5
0.0	584.1	1390.1	2406.1	3262.3
0.0	717.6	1442.3	2597.0	3370.0
315.8	792.4	1405.3	2495.8	3282.8
75.9	835.0	1432.1	2430.1	3331.0
0.0	709.4	1431.0	2485.5	3374.9
0.0	838.0	1604.7	2462.4	3336.4
0.0	866.0	1614.8	2490.2	3303.8
244.9	845.1	1598.0	2495.9	3294.1
244.9	369.0	1433.2	2465.5	3218.5
0.0	294.8	1348.3	2422.0	3227.5
0.0	226.0	1180.8	2410.6	3253.2
0.0	219.1	1311.7	2442.0	3287.3
112.1	223.7	1412.3	2530.5	3072.4
110.1	222.7	1453.2	2514.7	3048.0
108.1	232.4	1394.2	2506.4	3214.9
110.1	233.8	1103.0	2541.6	3201.4
112.1	246.3	1172.4	2517.3	3214.8
116.5	243.8	1081.1	2469.9	2911.7
117.6	238.9	1062.8	2497.7	3110.8
117.6	243.9	1032.0	2497.9	3174.0
0.0	580.5	1144.0	2602.2	3325.0
257.3	614.3	1229.1	2773.9	3451.2
257.5	633.8	1288.0	2743.3	3593.7
128.4	647.2	1328.5	2718.3	3636.2
130.1	647.5	1363.4	2696.6	3654.6
132.9	637.0	1420.5	2718.8	3690.3
137.6	630.1	1508.5	2734.4	3655.3
139.4	589.3	1562.9	2740.7	3565.9
139.9	541.1	1572.0	2615.5	3435.9
140.0	521.6	1564.3	2493.7	3538.9
138.5	630.2	1562.7	2451.7	3476.7
110.3	622.0	1631.6	2478.0	3411.8
128.8	600.9	1370.3	2386.6	3476.6
0.0	716.3	1528.6	2537.4	3462.3
0.0	844.9	1900.9	2926.1	3673.3
0.0	845.6	2062.1	2906.0	3706.7
0.0	859.5	1990.6	2731.2	3721.9
0.0	572.6	1768.7	2705.8	3554.5
0.0	871.1	1842.9	2587.5	3513.0
71.0	468.5	1765.5	2377.1	3565.6
0.0	465.8	1698.3	2262.2	3642.2
0.0	507.8	1664.6	2317.7	3719.5
119.3	473.1	1592.0	2392.5	3712.6
115.3	1029.9	1629.6	2629.9	3616.8
125.0	816.6	1633.2	2702.7	3579.2
63.8	738.3	1539.8	2692.3	3689.1
0.0	1083.5	1595.5	2633.4	3673.4
0.0	1051.0	1620.0	2602.0	3560.9
266.7	718.9	1597.7	2679.2	3501.6
0.0	1299.9	1707.8	2823.3	3751.5
218.2	1057.2	1685.5	2623.5	3697.0
0.0	1190.6	1756.8	2599.8	3612.6
428.6	1353.5	1743.1	2637.0	3702.9
307.7	1352.0	1592.4	2608.7	3669.1
74.5	1080.5	1553.0	2535.9	3597.6
82.2	1140.8	1570.7	2510.1	3677.6
0.0	1060.4	1558.7	2526.7	3544.0
0.0	956.1	1491.9	2467.7	3472.4
461.5	659.5	1425.8	2411.6	3465.6
0.0	936.9	1527.0	2272.3	3418.3
0.0	855.0	1723.7	2428.1	3129.5
0.0	572.5	994.0	2598.4	3336.3
0.0	572.4	996.8	2522.3	3262.1
134.8	581.6	956.6	2432.1	3384.2
134.8	573.8	965.5	2421.4	3409.4
134.0	608.6	1182.3	2423.7	3507.5
134.5	666.3	1427.6	2367.4	3513.7
132.7	654.8	1576.2	2313.3	3467.6
130.7	649.3	1721.4	2477.0	3575.4
257.3	623.3	1823.6	2609.6	3434.4
125.8	674.5	1946.8	2725.8	3525.4
123.6	701.1	2003.5	2757.1	3572.2
121.6	717.9	2011.9	2764.4	3522.4
119.2	678.9	1930.0	2728.8	3457.2
115.5	565.8	1695.8	2569.7	3269.0
113.4	467.5	1230.4	2430.4	3015.7
108.8	360.4	964.4	2503.6	3047.3
105.3	244.5	957.0	2529.7	3134.3
106.5	391.6	962.0	2514.3	3183.8
217.4	495.7	1707.3	2572.7	3269.1
106.3	503.0	1953.8	2673.1	3288.7
104.6	499.9	2116.6	2729.1	3374.4
101.0	479.6	2204.2	2749.7	3490.5
100.5	409.6	2291.3	2778.7	3532.8
97.1	396.0	2338.4	2763.6	3627.0
93.5	344.6	2328.7	2770.6	3714.6
88.7	231.2	1965.7	2636.6	3492.5
80.6	678.8	1692.4	2461.3	3500.8
92.6	585.6	1685.1	2511.3	3455.3
96.3	312.2	1585.7	2546.5	3327.5
105.3	974.5	1811.2	2567.7	3141.7
105.3	996.9	1803.1	2676.2	3391.6
101.3	309.9	1559.0	2539.5	3349.6
0.0	488.1	1494.2	2512.4	3274.3
279.1	739.0	1668.5	2571.9	3300.1
0.0	743.0	1728.3	2591.4	3373.6
