0.0	0.0	0.0	0.0	0.0
0.0	0.0	0.0	0.0	0.0
0.0	0.0	0.0	0.0	0.0
0.0	456.9	1723.7	2410.7	3478.9
0.0	762.8	1754.4	2642.1	3438.7
0.0	761.8	1674.5	2677.6	3452.6
0.0	885.1	1785.4	2659.5	3514.7
0.0	794.7	1716.1	2534.6	3384.4
0.0	808.4	1801.2	2609.2	3348.0
0.0	849.8	1803.2	2749.3	3418.5
0.0	895.1	1801.0	2680.1	3487.3
0.0	862.2	1676.7	2496.5	3442.0
0.0	790.8	1721.7	2548.5	3477.8
0.0	730.8	1914.2	2651.9	3265.0
0.0	745.1	1933.8	2554.0	3118.4
0.0	779.6	1958.8	2407.7	2997.5
127.7	787.4	2029.2	2479.6	2989.9
0.0	757.3	2117.3	2752.5	3191.4
0.0	748.2	2174.8	2833.3	3265.3
240.0	736.8	2183.0	2879.7	3421.7
244.9	716.6	2190.0	2798.4	3388.4
0.0	595.4	2320.4	2856.7	3391.7
142.9	596.1	2311.2	2888.6	3446.2
0.0	741.7	2307.7	2923.3	3512.6
0.0	417.4	2340.4	2975.7	3701.9
132.8	423.2	2322.7	2847.9	3584.4
238.9	422.5	2179.9	2657.5	3415.9
115.7	604.1	1837.0	2455.3	3331.2
113.8	239.9	1111.0	2455.5	2796.4
111.0	250.0	1165.8	2463.5	3107.3
113.5	256.0	1216.9	2454.4	3290.8
114.0	245.5	1175.5	2433.6	3291.1
114.9	243.7	1136.1	2444.8	3221.6
113.2	251.8	1167.6	2443.5	3182.3
113.2	514.8	1747.3	2523.5	3346.7
244.8	537.5	1823.1	2576.6	3419.3
241.0	576.0	1853.6	2611.9	3466.0
116.6	562.7	1845.9	2637.3	3536.6
116.6	557.2	1838.1	2639.7	3531.1
116.0	546.7	1845.9	2685.1	3560.3
114.2	534.7	1869.3	2718.0	3649.1
106.0	540.5	1876.5	2753.1	3705.3
97.6	510.2	1846.8	2774.8	3660.9
92.3	484.5	1766.5	2757.5	3632.8
80.0	289.6	1676.3	2683.8	3601.8
84.8	275.3	1699.6	2677.5	3690.6
191.5	237.6	1745.4	2660.0	3715.8
100.8	225.0	1781.3	2638.5	3431.2
110.6	226.5	1775.3	2643.4	3301.1
114.3	234.5	1788.9	2644.6	3270.7
243.7	584.3	1731.5	2627.5	3156.0
236.0	582.0	1674.8	2691.1	3209.4
248.0	597.8	1596.9	2682.6	3248.0
122.6	618.4	1482.6	2638.0	3279.4
119.9	570.3	1403.7	2609.5	3358.9
122.1	549.0	1268.5	2585.3	3508.4
122.9	537.1	1202.0	2597.8	3593.3
125.9	518.4	1100.3	2601.6	3605.5
127.0	511.9	964.5	2632.7	3611.4
130.6	491.3	954.7	2565.2	3627.9
128.6	268.1	1238.2	2528.0	3572.7
123.0	272.5	924.0	2541.8	3434.6
136.2	281.5	918.7	2490.0	3345.8
137.8	281.4	921.2	2471.3	3308.5
137.5	399.1	943.3	2611.5	3392.0
0.0	552.7	977.9	2735.2	3476.9
0.0	592.1	1049.0	2764.8	3534.2
140.3	636.7	1128.5	2771.2	3595.6
141.1	654.7	1163.7	2762.5	3591.0
141.2	686.3	1217.8	2748.1	3656.4
141.3	712.6	1269.4	2695.2	3589.7
141.5	733.0	1297.4	2678.7	3597.2
141.6	788.4	1352.3	2670.2	3562.5
141.5	734.8	1392.8	2635.7	3566.3
141.3	730.4	1457.4	2623.2	3400.0
141.3	661.6	1465.3	2612.8	3447.9
141.3	597.0	1455.6	2635.5	3417.3
139.4	359.7	1444.3	2575.8	3137.8
67.4	537.3	1577.0	2619.7	3395.7
155.4	514.5	1693.6	2687.7	3436.8
142.1	500.4	1821.3	2719.7	3547.4
141.0	484.9	1936.9	2749.3	3582.6
142.5	449.3	2002.4	2797.0	3566.0
142.6	424.9	2059.1	2817.9	3580.2
141.0	415.6	2168.4	2854.8	3648.0
134.6	416.7	2237.7	2903.2	3587.7
131.9	508.5	2159.2	2866.1	3427.9
128.2	522.7	2041.8	2819.9	3479.7
126.3	506.8	2233.6	2897.3	3549.6
129.0	523.4	2304.6	2937.8	3646.2
131.3	689.4	2303.9	2879.5	3618.7
133.7	632.7	2267.0	2849.0	3500.4
138.8	464.5	2297.7	2808.2	3512.8
143.9	477.7	2322.6	2784.4	3569.7
142.5	316.0	2315.7	2786.4	3657.7
141.1	308.9	2314.2	2813.0	3708.4
139.9	351.8	2263.4	2806.1	3660.4
139.3	334.8	2124.3	2763.1	3638.5
139.5	284.5	1964.8	2717.6	3600.5
137.8	271.7	1684.9	2606.5	3350.3
137.2	283.7	986.6	2420.8	2724.3
139.2	277.4	1235.0	2458.7	2731.6
138.4	278.6	1343.0	2464.5	2706.1
138.0	277.8	1533.0	2569.4	2984.7
138.1	300.8	1786.1	2638.1	3364.5
140.7	343.3	1876.8	2683.9	3422.3
139.7	362.6	1918.6	2680.4	3413.9
139.8	348.4	1910.8	2663.1	3420.1
140.1	336.3	1901.0	2662.6	3433.8
139.7	344.7	1878.4	2625.1	3414.8
140.0	365.9	1859.0	2613.5	3420.9
139.6	384.8	1834.9	2605.9	3430.3
138.2	368.5	1807.6	2568.9	3375.5
136.8	351.2	1784.7	2556.4	3354.3
134.5	350.6	1762.3	2548.3	3377.5
131.1	354.4	1754.5	2540.6	3341.8
128.4	368.9	1733.3	2528.9	3342.9
123.7	369.4	1696.5	2514.0	3339.9
120.9	367.2	1660.4	2503.4	3318.9
117.7	358.4	1628.2	2493.3	3321.6
115.8	366.1	1581.7	2473.1	3299.0
114.5	370.8	1533.7	2496.3	3322.5
112.5	399.0	1442.4	2492.2	3299.7
111.0	393.2	1367.3	2485.1	3280.2
109.3	409.2	1298.5	2487.5	3262.6
108.1	415.9	1212.4	2493.2	3251.3
105.7	423.6	1129.3	2503.5	3219.6
105.7	434.2	1065.4	2460.5	3284.9
104.4	544.5	1042.5	2432.7	3319.8
103.8	589.6	1031.7	2416.0	3398.8
103.8	640.4	990.2	2413.3	3450.5
103.5	654.1	1012.2	2446.6	3555.2
105.0	651.1	1052.9	2531.3	3637.0
106.2	662.0	1081.8	2506.9	3695.4
106.2	655.8	1105.6	2392.9	3761.0
107.3	633.7	1145.7	2371.2	3731.9
108.1	601.9	1172.5	2393.8	3257.7
108.1	561.2	1266.8	2354.6	2890.8
106.3	246.0	1316.3	2398.4	2886.8
110.1	236.4	1318.3	2396.5	2875.9
110.1	244.1	1324.5	2414.8	2886.7
109.1	260.9	1341.6	2479.6	2892.0
108.1	314.1	1363.4	2561.8	2885.9
108.8	246.6	1408.8	2667.8	3022.3
108.1	394.5	1510.8	2654.7	3522.9
229.4	435.4	1525.2	2752.5	3833.7
109.6	447.8	1532.7	2778.6	3942.5
107.2	438.0	1533.8	2795.7	4021.1
106.8	467.4	1561.6	2816.7	3917.9
104.4	588.7	1569.9	2769.1	3747.9
99.0	739.9	1789.7	2749.6	3858.2
106.2	723.7	1746.5	2714.6	3937.1
545.5	695.5	1636.7	2781.1	3812.0
413.8	661.6	1552.9	2716.6	3692.7
0.0	654.3	1469.5	2468.5	3518.4
0.0	674.7	1409.8	2357.0	3412.2
108.1	941.5	1429.9	2525.7	3376.1
187.5	993.1	1663.2	2597.6	3391.2
500.0	903.7	1644.1	2553.7	3387.3
0.0	773.1	1497.5	2439.1	3314.5
0.0	698.9	1480.7	2470.7	3267.9
0.0	478.8	811.6	2538.6	3191.2
0.0	466.4	816.6	2576.6	3218.0
118.3	496.8	834.8	2570.9	3261.0
119.9	490.2	853.0	2603.4	3280.6
120.0	498.4	888.7	2598.1	3369.1
118.1	517.4	908.2	2611.1	3416.0
117.6	532.5	906.6	2627.2	3427.5
115.3	560.7	915.1	2622.2	3457.4
112.8	574.9	922.2	2607.2	3430.5
110.3	571.8	930.2	2610.8	3434.4
108.5	585.3	942.5	2595.1	3445.0
106.3	596.4	941.4	2548.1	3478.3
103.4	616.8	977.5	2497.7	3499.7
100.6	618.8	976.5	2466.4	3475.7
98.2	635.9	988.5	2385.0	3531.2
93.8	645.3	1009.9	2267.3	3616.6
88.4	654.3	1029.5	2166.9	3609.6
81.6	621.6	1055.5	2057.4	3607.9
65.1	585.6	1061.9	2248.7	3493.4
64.8	415.9	1086.5	2353.5	3317.1
0.0	378.0	1117.8	2379.1	3259.7
0.0	373.1	1232.9	2361.1	3299.7
111.1	343.5	1433.8	2470.0	3386.1
0.0	981.1	1568.0	2558.6	3480.0
0.0	820.3	1692.4	2619.5	3486.6
0.0	1022.6	1762.5	2672.3	3518.6
0.0	922.2	1492.9	2412.8	3467.0
0.0	767.9	1530.9	1991.8	3216.9
0.0	645.8	1585.8	2047.1	3553.7
300.0	940.9	1712.0	2247.8	3637.4
69.4	943.1	1812.8	2272.4	3604.6
189.3	925.6	1727.7	2208.0	3543.0
142.9	1071.9	1728.3	2284.3	3449.0
110.1	661.1	1612.3	2280.6	3432.3
260.9	663.9	1605.7	2325.0	3521.7
0.0	646.6	1659.8	2389.7	3577.3
0.0	586.2	1616.2	2299.0	3551.2
0.0	743.1	1529.4	2335.2	3518.8
