0.0	0.0	0.0	0.0	0.0
0.0	0.0	0.0	0.0	0.0
0.0	0.0	0.0	0.0	0.0
0.0	590.1	1624.4	2344.6	3207.4
0.0	695.7	1659.6	2398.0	3315.8
461.5	802.8	1690.1	2440.9	3384.0
250.0	820.2	1697.1	2619.2	3514.1
92.3	722.3	1709.9	2546.5	3462.5
157.9	831.2	1638.4	2447.2	3463.0
144.6	822.6	1732.4	2499.9	3431.9
0.0	743.9	1786.7	2538.8	3463.9
0.0	812.8	1818.3	2564.3	3437.1
0.0	863.8	1846.0	2541.8	3341.6
0.0	1007.4	2011.4	2557.1	3511.5
0.0	962.4	2189.9	2688.4	3459.3
0.0	899.8	2094.0	2649.3	3420.6
571.4	693.3	1932.4	2679.2	3483.0
0.0	1014.0	2205.7	2962.5	3697.7
118.8	1014.8	2141.7	2737.7	3593.8
0.0	788.0	1680.1	2544.7	3684.6
0.0	693.2	1624.3	2569.0	3730.5
333.3	269.4	1552.0	2629.2	3418.2
0.0	533.6	1440.6	2470.6	3238.2
0.0	512.3	1406.5	2394.9	3218.7
117.6	571.3	1351.1	2371.0	3177.8
106.2	578.5	1259.8	2348.8	3127.2
105.3	637.2	1196.7	2340.4	3032.7
100.8	329.0	1282.0	2348.5	2789.5
100.8	337.3	1430.5	2360.1	2781.0
103.4	338.7	1396.6	2389.9	2839.3
106.2	330.5	1416.9	2403.2	2861.6
106.2	339.8	1389.1	2419.6	2899.0
110.1	303.8	1391.6	2453.1	2936.8
110.1	264.3	1327.8	2422.8	3032.9
230.8	700.0	1054.2	2345.3	3054.7
240.0	652.4	1066.2	2523.6	3120.6
114.3	651.8	1064.4	2643.8	3143.3
113.2	656.8	1051.1	2737.5	3135.6
113.2	661.0	1050.9	2748.6	3161.6
114.6	627.4	1050.8	2704.0	3145.1
115.4	661.4	1042.1	2860.3	3163.1
115.9	703.1	990.2	2671.8	3196.7
120.0	769.9	968.1	2588.7	3196.9
122.2	585.5	928.4	2429.5	3223.5
123.3	557.1	801.8	2444.7	3188.7
125.0	583.2	1157.3	2589.0	3252.2
126.3	284.9	1414.2	2654.6	3259.0
127.7	269.0	1426.6	2602.0	3153.7
130.4	274.2	1460.8	2599.7	3215.4
130.4	267.3	1487.2	2611.9	3241.7
131.9	258.7	1527.0	2523.5	3036.7
133.3	259.6	1572.3	2487.9	2963.6
133.3	278.4	1529.4	2479.2	2983.1
133.3	307.1	1186.3	2221.8	2825.7
0.0	349.5	1157.0	1968.3	2763.8
134.8	489.4	1280.4	2020.8	2700.8
127.7	479.3	1299.9	1886.1	2637.1
134.8	277.3	1209.6	1837.5	2624.8
127.7	496.5	1265.5	1884.6	2599.5
130.4	519.6	1309.5	2123.7	2621.2
133.3	516.4	1347.0	2238.4	2703.9
133.3	509.2	1351.4	2279.3	2830.8
129.0	511.1	1366.4	2286.1	2948.0
129.5	539.7	1408.8	2259.6	3035.6
129.7	591.6	1381.4	2268.5	3094.3
128.7	460.9	1391.9	2351.9	3232.3
125.2	720.9	1573.6	2562.6	3407.4
122.4	702.6	1725.2	2499.1	3484.0
125.0	771.0	1762.6	2589.9	3392.6
125.0	823.4	1794.3	2637.9	3359.7
0.0	709.0	1976.8	2741.4	3345.8
0.0	932.8	1964.8	2649.5	3394.1
0.0	975.7	1850.1	2382.8	3421.9
255.3	252.0	1462.6	2555.2	3433.2
244.9	270.6	1341.4	2519.2	3351.4
244.9	315.0	1392.9	2435.3	3313.3
0.0	439.8	1507.6	2412.8	3300.8
0.0	666.7	1519.8	2417.4	3400.4
0.0	760.1	1754.8	2195.0	3132.3
0.0	932.8	2006.9	2434.9	3145.4
0.0	1069.8	1992.2	2378.1	3264.4
0.0	700.3	1755.1	2227.9	3202.7
0.0	669.2	1696.7	2251.4	3224.2
300.0	589.7	1738.5	2302.8	3307.5
164.4	571.9	1673.4	2294.7	3267.0
164.4	551.4	1519.2	2213.0	3416.9
0.0	458.0	1271.6	1576.4	3150.1
146.3	474.2	1245.7	1556.0	3107.4
116.5	482.1	1260.1	1613.3	3100.6
116.5	448.5	1288.3	1650.6	3136.5
117.6	448.4	1311.1	1699.9	3154.7
114.3	429.6	1371.6	1757.6	3158.9
112.3	434.8	1428.8	1805.9	3164.2
112.1	438.6	1453.3	1861.2	3179.5
112.1	435.4	1474.6	1898.7	3184.3
112.1	429.2	1495.9	1958.4	3224.6
112.1	447.6	1537.9	2010.7	3279.4
112.1	436.0	1571.8	2039.3	3281.0
112.1	414.7	1596.2	2083.3	3282.7
113.2	365.9	1603.9	2130.7	3324.1
113.2	353.7	1621.6	2266.1	3380.6
112.2	319.6	1617.7	2261.5	3430.2
111.1	329.8	1624.7	2266.0	3411.1
108.1	332.1	1654.8	2285.5	3393.3
108.1	404.6	1617.5	2329.1	3606.9
102.6	547.3	1646.5	2557.0	3713.8
101.7	848.6	1681.0	2695.6	3736.5
97.6	748.4	1595.6	2701.2	3533.9
67.4	771.5	1692.1	2689.3	3565.6
0.0	849.7	1764.6	2680.3	3752.8
444.4	920.5	1885.2	2598.6	3693.2
0.0	726.0	1711.2	2522.0	3612.1
0.0	744.0	1713.1	2541.7	3702.2
292.7	266.8	1675.7	2472.6	3611.2
0.0	419.4	1627.8	2406.3	3331.8
0.0	424.3	1635.5	2415.0	3321.1
113.2	419.3	1639.2	2425.5	3293.0
98.4	436.1	1635.8	2427.7	3290.5
100.8	408.2	1630.9	2442.5	3317.4
99.2	420.9	1617.7	2469.4	3328.4
100.0	399.4	1596.7	2488.3	3439.1
96.0	420.4	1627.1	2492.8	3603.3
96.8	393.2	1668.0	2517.7	3659.3
92.3	399.4	1682.9	2684.6	3793.3
91.6	820.9	1694.9	2759.2	3843.6
90.2	844.4	1726.1	2720.4	3830.1
97.6	915.5	1840.5	2713.8	3734.5
96.0	958.2	1873.2	2783.6	3662.3
101.7	988.6	1754.0	2647.7	3465.0
200.0	398.3	1520.3	2543.7	3492.6
226.4	1169.7	1785.6	2834.2	3689.6
226.4	1066.2	1890.8	2750.1	3780.4
428.6	636.2	1619.8	2571.8	3564.5
0.0	404.6	1467.2	2346.0	3341.4
0.0	483.2	1418.2	2320.5	3251.6
0.0	481.7	1393.8	2331.4	3185.9
103.4	487.1	1346.9	2291.0	3168.2
95.2	491.4	1253.3	2267.5	3150.0
96.0	510.2	1240.7	2258.5	3076.5
95.4	506.1	1461.4	2309.7	2976.4
199.9	479.0	1525.1	2358.2	3010.9
96.8	428.7	1502.6	2388.9	3024.9
96.8	388.6	1431.9	2387.1	2921.1
96.8	364.8	1353.3	2359.8	2963.9
97.6	410.9	1429.1	2334.5	2985.8
96.0	513.1	1199.7	2300.0	3137.8
214.3	611.6	995.3	2296.4	3205.5
196.7	606.2	1012.8	2335.8	3065.7
98.4	623.6	1035.4	2382.0	3016.2
99.2	633.6	1028.6	2551.6	3099.4
102.6	632.5	1027.9	2539.0	3048.5
101.7	615.8	1027.1	2458.4	3030.2
102.6	611.0	1031.1	2405.4	2972.9
102.6	599.3	1018.8	2389.0	2981.7
103.4	582.6	970.4	2362.8	3051.5
103.4	585.2	928.9	2358.6	3156.9
105.3	618.1	911.9	2411.3	3179.1
103.6	623.9	965.8	2384.9	3169.4
103.4	658.3	1352.4	2386.0	3190.4
102.6	624.5	1314.6	2431.1	3168.1
100.8	557.6	1313.9	2444.8	3169.5
101.4	551.9	1281.3	2458.3	3184.2
101.8	623.1	1205.8	2463.3	3245.0
103.4	511.1	937.9	2423.1	3219.1
102.2	519.1	979.5	2413.7	3176.6
101.7	533.0	1064.0	2374.6	3051.8
102.2	536.2	1173.6	2355.9	2934.4
101.7	522.1	1230.8	2343.8	2865.3
101.9	553.6	1291.9	2160.0	2687.3
101.7	564.6	1298.2	2178.3	2611.8
102.6	553.6	1293.2	2170.6	2590.3
102.6	562.3	1320.1	2418.5	2524.9
105.3	586.4	1318.3	2199.0	2804.2
102.6	575.5	1249.3	2129.3	2909.8
102.6	572.8	1214.3	2159.8	2978.0
101.7	575.2	1229.1	2205.0	3061.4
99.2	730.4	1405.9	2452.6	3195.2
96.8	810.9	1579.1	2637.1	3373.1
92.3	1024.3	1666.9	2581.9	3456.6
0.0	1052.1	1580.1	2495.0	3498.0
0.0	1101.9	1482.7	2417.2	3460.6
315.8	990.0	1681.6	2500.9	3455.7
0.0	856.9	1779.2	2534.1	3481.8
0.0	723.3	1841.7	2632.8	3433.7
0.0	1110.8	1490.1	2567.7	3595.2
0.0	1081.4	1163.5	2339.6	3858.5
0.0	962.5	1237.9	2270.2	3690.2
461.5	1104.4	1532.4	2506.3	3525.9
458.1	1056.4	1479.0	2349.3	3373.3
78.2	776.8	1403.4	2127.9	3249.8
387.1	375.0	1274.8	2112.7	3189.9
571.4	594.6	1186.7	1819.3	3152.3
0.0	537.5	1056.3	1574.9	2989.8
157.9	561.5	1063.6	1622.4	2839.1
93.0	557.9	1066.1	1668.7	2872.6
99.2	583.1	1097.3	1747.3	3016.7
93.8	609.6	1177.3	1841.3	3098.7
92.5	630.5	1151.5	1960.9	3024.1
92.3	642.2	1172.9	1962.9	3027.2
87.0	645.8	1223.2	1993.2	3070.8
90.2	649.4	1262.2	1975.5	3012.7
90.2	650.6	1339.1	1990.6	2978.3
89.3	643.9	1407.4	2059.4	3037.7
90.4	687.1	1475.3	2145.3	3129.0
88.9	797.2	1533.0	2340.0	3277.1
88.0	690.0	1595.9	2336.9	3330.6
87.8	639.5	1622.0	2308.6	3463.1
82.8	785.8	1826.6	2578.4	3760.5
82.8	827.1	2067.8	3035.1	3845.8
89.6	843.8	1816.3	2855.7	3843.3
0.0	971.1	2047.0	2761.7	3874.5
0.0	739.8	2229.9	2711.2	3879.9
0.0	788.3	2042.0	2709.9	3831.8
0.0	778.2	1828.2	2741.2	3615.3
0.0	511.8	1766.3	2582.2	3678.0
127.7	787.3	1738.2	2568.1	3633.9
75.5	724.5	1612.4	2400.0	3460.0
0.0	367.6	1602.6	2349.1	3395.6
0.0	410.9	1612.9	2352.4	3399.0
63.5	365.8	1616.4	2357.3	3412.1
0.0	377.8	1597.7	2367.5	3450.8
98.4	351.1	1639.9	2361.8	3522.3
214.3	541.2	1697.2	2450.3	3581.3
0.0	884.4	2162.1	2889.7	3839.6
0.0	880.3	2237.2	3134.4	3855.5
0.0	666.2	1704.5	2663.4	3800.4
0.0	784.2	1819.8	2762.7	3775.5
285.7	944.1	2011.2	3150.4	3747.4
260.9	1101.8	1915.1	3087.2	3717.9
0.0	875.2	1830.1	2941.2	3716.1
0.0	890.8	1676.1	3005.9	3762.4
0.0	1112.4	1794.6	3265.5	3865.6
300.0	877.0	1777.9	3161.9	3791.0
0.0	862.0	1769.2	3053.8	3757.7
279.1	701.0	1793.3	2916.9	3710.0
0.0	829.3	1673.1	2928.7	3705.5
352.9	811.2	1567.8	2924.7	3723.5
0.0	751.4	1645.8	2857.3	3635.8
432.0	1001.6	1489.7	2539.4	3572.1
151.9	850.4	1417.2	2485.8	3549.6
0.0	832.0	1436.9	2458.3	3507.8
0.0	821.8	1397.1	2486.1	3464.4
67.0	801.4	1367.0	2471.5	3387.5
0.0	760.6	1266.9	2414.0	3349.3
266.7	839.2	1209.0	2326.2	3305.3
0.0	1031.3	1657.8	2598.9	3484.6
0.0	977.1	1719.9	2635.9	3491.3
0.0	855.8	1600.7	2599.5	3376.4
