0.0	0.0	0.0	0.0	0.0
0.0	0.0	0.0	0.0	0.0
0.0	0.0	0.0	0.0	0.0
0.0	806.3	1619.0	2703.7	3448.1
0.0	794.8	1568.5	2696.6	3370.4
0.0	843.0	1702.9	2703.2	3380.1
0.0	871.6	1858.8	2620.9	3408.8
0.0	696.5	1856.0	2605.0	3426.5
0.0	685.4	1796.4	2644.6	3486.9
0.0	820.7	1720.7	2682.1	3597.8
0.0	676.7	1751.2	2637.5	3466.9
67.0	681.5	1721.7	2673.4	3419.1
0.0	919.6	1739.5	2674.1	3460.6
0.0	893.7	1751.8	2640.8	3474.7
0.0	991.8	1687.1	2535.6	3565.5
0.0	947.1	1695.6	2546.1	3505.8
0.0	722.6	1749.6	2549.2	3357.1
0.0	668.7	1751.0	2776.5	3491.9
0.0	414.5	1729.2	2865.7	3619.0
0.0	401.9	1738.8	2726.3	3611.4
100.8	1475.8	1980.0	2833.8	3515.0
437.5	1487.5	2091.8	2868.3	3359.7
0.0	1376.8	2196.7	3108.2	3344.2
0.0	537.2	2184.0	2984.7	3436.1
0.0	598.7	2176.8	2897.5	3449.1
400.0	632.1	2062.5	2879.2	3551.8
307.7	755.3	2257.7	3023.3	3607.0
100.8	1083.5	2483.1	3072.2	3568.0
226.4	785.8	2475.1	2969.1	3599.3
0.0	707.0	2428.0	2993.3	3567.9
0.0	636.4	2361.1	2856.2	3552.0
0.0	514.2	2061.1	2678.8	3505.4
461.5	622.0	1913.6	2701.7	3466.4
196.7	611.0	1905.1	2673.1	3494.7
96.8	424.4	1993.5	2655.7	3413.7
0.0	352.6	2024.2	2609.0	3329.2
172.8	323.2	2080.9	2475.6	3317.5
146.4	351.7	2075.4	2366.1	3339.6
146.0	347.9	2013.5	2286.0	3339.5
144.7	482.2	1887.0	2265.6	3315.9
144.7	434.8	1704.6	2262.4	3240.4
142.9	456.6	1586.1	2231.6	3218.8
144.6	495.8	1450.8	2207.7	3189.2
144.5	558.3	1325.2	2277.5	3227.1
142.9	580.5	1196.6	2306.2	3264.7
142.8	572.2	1104.0	2324.7	3251.7
145.5	554.9	1012.1	2313.5	3221.0
147.5	506.3	921.5	2280.9	3244.1
152.1	479.5	900.6	2220.0	3216.6
155.3	524.1	933.7	2207.6	3256.3
151.7	580.5	1735.3	2518.8	3456.5
139.5	610.7	1690.6	2628.4	3415.7
65.9	708.2	1704.5	2678.7	3463.6
0.0	927.5	1707.9	2566.6	3461.3
0.0	926.4	1602.4	2340.1	3267.6
0.0	543.2	1118.0	2007.5	3225.1
0.0	423.3	1032.4	1384.8	3487.1
158.1	552.8	1114.1	1377.3	3736.7
157.8	440.5	1092.9	1366.3	3745.4
154.9	503.1	1047.6	1341.9	3683.1
150.2	462.7	998.1	1344.0	3487.9
147.0	512.0	1050.5	2300.8	3246.6
139.5	259.0	1465.4	2328.7	3322.3
116.7	318.1	1662.2	2512.7	3412.9
71.9	724.7	1814.8	2625.9	3484.0
125.0	608.4	1786.7	2633.4	3401.7
0.0	814.8	1741.3	2684.0	3430.5
0.0	200.0	200.0	2253.3	3331.8
0.0	825.3	1944.3	2432.5	3311.3
0.0	697.5	2179.2	2418.9	3071.1
0.0	766.5	1968.9	2681.3	3018.4
0.0	775.5	1753.5	2741.8	3191.4
0.0	710.1	1680.3	2738.5	3273.8
333.3	587.5	1546.6	2771.7	3342.9
0.0	520.9	896.9	2816.8	3689.6
184.1	504.2	903.0	2809.9	3858.7
149.6	579.3	1026.0	2809.0	3772.4
149.2	626.3	1171.6	2807.5	3677.7
147.7	644.2	1339.2	2778.7	3470.0
145.0	619.6	1457.1	2686.7	3269.5
143.8	608.4	1566.7	2599.0	3354.5
142.2	579.1	1665.7	2600.2	3458.0
140.8	553.3	1756.5	2586.1	3443.6
137.8	539.7	1847.6	2586.0	3375.6
136.2	525.7	1897.0	2562.9	3275.1
133.3	486.3	1987.9	2533.4	3397.8
128.6	456.5	2010.3	2582.9	3453.1
128.1	438.3	2033.9	2542.1	3374.5
127.1	418.7	2047.0	2516.1	3308.7
125.0	384.0	2032.0	2486.3	3308.9
126.5	411.4	1960.4	2485.5	3356.1
128.8	377.8	1839.1	2550.4	3352.7
124.4	314.8	1814.4	2395.3	3337.3
66.0	1078.5	1962.2	2842.1	3559.6
65.1	683.0	1874.3	2473.5	3317.3
0.0	672.4	1794.0	2383.9	3186.0
0.0	580.5	1758.1	2152.4	3237.4
0.0	555.5	1697.5	2053.1	3337.2
131.4	489.0	1601.6	1869.5	3396.9
125.7	497.5	1551.2	1859.3	3375.4
129.2	536.5	1521.2	1753.4	3491.5
129.9	515.9	1485.9	1696.6	3579.8
127.4	577.4	1461.9	1683.5	3565.3
123.1	607.3	1482.3	1691.7	3617.7
120.0	643.5	1476.1	1684.5	3631.0
118.7	663.2	1511.4	1686.0	3562.7
117.5	650.8	1556.8	1716.7	3541.5
116.7	672.4	1581.8	1841.4	3488.6
117.8	693.9	1716.1	1903.5	3539.1
117.3	676.6	1781.7	1942.1	3433.3
120.2	699.0	1808.2	2222.7	3414.5
124.3	683.6	1804.0	2274.6	3423.7
129.5	672.3	1868.0	2291.9	3463.9
136.1	671.4	1873.6	2304.2	3401.5
136.1	671.9	1910.4	2430.5	3348.3
137.0	658.9	1986.3	2544.0	3359.4
135.5	667.0	2044.6	2615.5	3386.7
133.8	655.2	2034.2	2623.1	3371.2
133.8	659.1	2052.2	2616.5	3312.7
132.2	671.0	2062.1	2635.4	3322.4
130.5	652.8	2086.8	2688.4	3388.9
129.1	637.9	2047.0	2597.2	3322.6
126.3	641.4	2005.0	2612.5	3312.2
124.8	645.1	1957.9	2697.3	3296.9
122.7	671.8	1935.2	2688.3	3259.4
117.9	695.4	1783.1	2383.1	3078.5
115.3	696.0	1704.7	2215.0	2958.3
110.5	692.5	1663.9	2159.0	2857.4
106.7	710.1	1617.0	2141.5	3014.7
105.6	669.0	1570.2	2164.7	3141.8
102.1	648.1	1497.4	2281.8	3285.4
104.2	622.4	1366.2	2333.6	3349.3
101.4	431.0	1341.9	2363.2	3345.7
99.0	388.8	1490.0	2398.9	3100.9
106.1	425.9	1428.2	2533.9	3365.7
105.6	405.8	1239.7	2456.1	3516.3
106.3	381.7	1175.6	2437.8	3534.5
106.5	503.2	1690.0	2585.1	3658.6
106.8	373.9	1623.8	2554.7	3582.7
106.9	679.9	1630.5	2598.0	3597.2
0.0	673.8	1578.7	2619.8	3671.6
0.0	833.8	1539.4	2608.1	3495.3
0.0	807.9	1637.3	2569.2	3425.6
0.0	1016.5	1632.6	2543.6	3529.8
300.0	639.1	1618.5	2529.0	3616.2
0.0	746.2	1606.6	2493.8	3561.6
148.1	837.2	1635.8	2510.7	3522.4
78.9	734.2	1604.5	2589.0	3479.3
0.0	670.6	1574.4	2567.8	3558.1
0.0	650.5	1583.8	2530.0	3610.0
96.8	724.6	1610.5	2510.6	3608.7
0.0	778.8	1633.0	2500.6	3576.4
0.0	817.0	1617.2	2565.5	3556.9
0.0	866.6	1598.4	2430.8	3561.2
0.0	853.9	1646.5	2403.6	3511.4
77.4	833.5	1589.8	2409.2	3464.1
0.0	798.0	1536.5	2293.0	3505.8
0.0	793.2	1595.2	2240.5	3498.9
110.1	765.9	1606.0	2271.8	3421.4
0.0	847.4	1556.1	2281.8	3537.0
