0.0	0.0	0.0	0.0	0.0
0.0	0.0	0.0	0.0	0.0
0.0	0.0	0.0	0.0	0.0
0.0	904.8	1821.6	2645.8	3513.4
0.0	857.4	1751.5	2668.8	3504.1
0.0	761.7	1682.9	2708.3	3500.7
0.0	725.1	1700.2	2675.7	3334.4
0.0	688.5	1740.0	2610.4	3302.2
0.0	752.1	1754.6	2512.2	3249.4
0.0	695.3	1719.2	2386.9	3198.7
0.0	707.1	1758.8	2426.2	3205.1
0.0	738.6	1755.0	2392.4	3150.4
255.3	749.5	1755.4	2443.5	3156.3
255.3	750.7	1745.2	2477.7	3221.8
0.0	665.6	1705.8	2420.2	3216.6
0.0	709.3	1797.1	2427.9	3227.8
0.0	763.6	1800.2	2438.4	3220.7
0.0	673.2	1750.7	2412.2	3249.9
0.0	595.9	1681.2	2369.6	3179.0
0.0	608.9	1674.0	2355.3	3116.8
132.2	636.3	1664.9	2304.6	3121.7
124.4	588.5	1636.1	2212.8	3137.9
127.6	545.7	1586.0	2142.7	3134.0
121.2	492.1	1570.6	2088.1	3142.2
122.4	519.0	1546.8	2066.7	3149.4
119.5	511.5	1584.7	2133.3	3144.2
117.7	528.3	1695.6	2241.3	3175.2
117.6	350.5	1760.5	2383.8	3206.2
117.6	352.6	1790.1	2530.0	3226.9
117.6	352.0	1785.6	2614.5	3244.9
118.8	352.1	1775.6	2611.4	3223.9
117.6	354.7	1755.6	2566.1	3201.8
117.6	368.1	1776.6	2486.2	3172.7
116.5	380.0	1772.7	2374.6	3139.3
116.5	380.8	1784.9	2263.2	3116.7
116.5	356.2	1793.5	2071.5	3120.5
116.5	338.0	1795.1	1997.9	3115.4
114.3	313.9	1804.0	1938.7	3168.0
114.3	297.0	1798.4	1956.1	3228.5
104.3	303.8	1838.4	2351.9	3370.3
97.6	451.2	1744.9	2514.7	3390.3
103.4	957.3	1840.6	2534.2	3331.8
105.3	719.6	1843.6	2122.2	3205.6
0.0	489.8	1882.2	2222.6	3262.3
88.2	551.8	1693.8	2399.4	3220.3
0.0	508.0	1603.2	2113.3	3023.6
166.3	549.3	1541.2	2045.5	2992.8
142.9	602.2	1469.5	2106.8	2992.3
121.2	620.6	1421.3	2150.7	3043.3
123.7	640.9	1403.1	2190.4	3082.9
123.4	661.4	1384.1	2187.7	3053.1
124.2	692.0	1366.9	2208.3	3031.4
125.0	681.4	1374.8	2238.9	3051.6
129.2	689.9	1366.8	2288.2	3071.9
132.8	677.2	1337.9	2283.8	3095.5
133.5	682.2	1376.8	2269.7	3112.7
140.5	645.4	1413.8	2321.9	3196.5
72.3	621.1	1429.6	2389.2	3362.4
75.5	577.2	1389.1	2377.7	3446.5
76.2	572.6	1380.9	2458.5	3299.4
141.8	764.8	1876.7	2591.7	3234.1
63.5	606.5	1878.0	2574.4	3248.7
0.0	572.8	1443.5	2487.1	3327.5
0.0	585.2	1412.2	2528.3	3342.8
0.0	629.3	1484.3	2440.2	3211.8
0.0	646.0	1409.9	2363.9	3149.6
222.2	771.5	1393.8	2358.7	3230.6
196.7	835.6	1380.6	2301.5	3289.2
181.8	713.4	1336.2	2166.3	3046.0
0.0	669.4	1303.9	2046.3	2810.1
144.3	659.7	1286.8	2042.1	2757.9
138.0	638.1	1220.9	2014.4	2702.2
134.0	636.4	1162.5	1956.5	2657.3
131.6	631.2	1131.8	1924.1	2642.1
129.1	602.2	1077.6	1889.3	2609.7
123.7	593.7	1019.6	1895.7	2614.7
119.3	564.8	1001.4	1894.5	2744.0
121.2	566.4	965.7	1827.5	2640.3
118.8	547.9	975.3	1787.2	2578.7
121.2	555.5	1009.0	1763.3	2863.8
119.8	556.6	1036.7	1719.2	2826.2
120.0	544.0	1067.8	1680.1	2725.1
119.6	531.1	1105.3	1655.5	2706.1
119.3	528.2	1147.4	1623.2	2734.9
119.5	528.3	1216.2	1630.0	2779.8
117.3	522.7	1287.6	1648.1	2773.0
117.6	528.2	1376.0	1659.7	2768.5
116.5	529.4	1471.3	1665.4	2764.7
114.3	503.2	1580.6	1753.0	2825.5
111.3	388.7	1732.0	1771.7	2993.8
105.3	321.3	1828.4	2351.7	3294.9
99.6	926.5	1906.0	2835.2	3357.2
0.0	888.7	1972.7	2959.2	3540.5
0.0	886.9	2008.1	2884.6	3581.5
0.0	892.3	1929.4	2641.2	3470.5
0.0	860.7	1923.6	2565.6	3502.9
0.0	826.1	1924.5	2876.7	3368.7
307.7	670.8	1772.6	2915.1	3331.7
375.0	669.0	1817.0	2889.0	3378.0
0.0	836.6	1867.4	2904.1	3443.5
0.0	592.7	1939.7	2867.7	3513.3
82.8	599.4	1807.7	2843.0	3447.9
0.0	614.4	1844.9	2839.8	3378.0
0.0	695.1	1882.8	2883.0	3325.2
118.8	359.8	1878.9	2953.4	3259.4
0.0	353.1	1885.0	2945.5	3373.2
0.0	373.6	1877.5	2946.6	3424.5
127.7	362.6	1870.3	2958.4	3363.4
124.8	406.4	1875.5	2971.0	3356.1
123.7	399.2	1870.4	2983.1	3359.2
125.0	408.5	1872.0	2982.5	3384.0
125.0	425.4	1898.5	2992.1	3373.6
125.0	280.4	1908.2	2985.8	3346.4
125.3	278.7	1901.3	2982.8	3368.5
125.0	291.7	1904.7	2952.4	3374.9
125.0	287.4	1916.6	2915.1	3346.3
125.8	273.9	1917.8	2851.9	3316.4
125.1	275.1	1910.1	2782.6	3317.7
123.5	441.7	1905.7	2658.4	3340.3
125.3	285.8	1891.3	2568.1	3340.2
123.7	363.0	1846.2	2547.5	3372.1
123.7	430.3	1801.2	2528.3	3386.3
123.1	402.0	1770.8	2509.3	3400.3
121.2	448.1	1759.0	2518.8	3506.8
123.7	444.8	1724.0	2652.0	3728.0
0.0	972.5	1862.6	2698.3	3638.5
120.0	967.2	1905.6	2754.8	3855.7
64.2	999.6	1797.1	2848.9	3954.8
0.0	957.3	1786.2	2964.4	4230.4
571.4	1037.6	1798.4	2743.8	3687.9
0.0	874.9	1801.8	2671.8	3477.5
0.0	857.6	1782.1	2632.0	3532.3
97.6	869.9	1792.3	2683.2	3519.2
78.4	737.1	1861.1	2636.8	3501.8
63.5	609.8	1898.5	2549.3	3535.4
0.0	646.1	1922.5	2563.3	3536.5
122.4	683.7	1991.0	2557.1	3407.2
116.5	686.0	1962.7	2582.1	3240.4
0.0	639.0	1920.7	2591.2	3298.4
0.0	544.9	1936.2	2593.3	3336.4
127.7	618.2	1955.2	2601.6	3331.3
118.8	569.4	1922.4	2609.6	3359.3
118.1	638.7	1900.5	2599.5	3342.8
115.4	667.8	1972.0	2600.0	3344.1
0.0	625.4	1994.1	2589.4	3361.7
0.0	643.9	1983.5	2587.1	3365.1
0.0	612.7	1947.8	2552.1	3371.1
114.3	624.9	1959.3	2506.9	3357.8
106.6	650.9	1971.1	2504.3	3335.9
107.1	612.1	1902.8	2426.6	3305.5
115.3	637.8	1764.5	2386.1	3307.8
103.8	647.0	1717.6	2422.0	3329.6
112.0	645.4	1688.4	2373.8	3315.6
102.6	615.4	1664.9	2366.9	3260.8
110.2	643.0	1641.5	2415.9	3293.7
103.3	576.2	1556.3	2448.2	3326.2
110.4	303.7	1065.7	2467.8	3371.3
95.4	318.9	1026.6	2462.3	3374.9
0.0	301.0	1012.6	2418.2	3302.8
94.5	281.5	964.6	2417.2	3257.6
0.0	335.2	949.7	2398.4	3193.4
0.0	276.7	1217.6	2336.2	3167.8
0.0	274.4	1394.4	2339.1	3165.0
90.2	374.9	1719.3	2440.6	3181.9
0.0	422.5	1755.0	2540.5	3194.1
102.5	428.7	1782.0	2609.2	3207.3
101.0	416.6	1753.0	2653.8	3187.1
67.1	393.6	1796.4	2689.0	3145.7
133.3	399.4	1817.8	2727.2	3162.4
84.4	374.7	1818.8	2730.8	3164.6
95.2	376.9	1841.2	2769.7	3148.9
74.1	379.9	1839.4	2819.8	3144.4
75.0	428.7	1857.8	2825.9	3174.7
87.0	428.5	1864.8	2827.2	3201.8
65.2	448.5	1870.2	2857.8	3152.4
64.9	693.1	1825.1	2811.0	3146.1
0.0	734.9	1776.9	2749.8	3165.8
110.1	778.5	1949.5	2856.5	3255.1
109.5	679.6	1783.3	2744.6	3185.5
117.4	715.4	1826.5	2699.8	3174.4
113.4	743.8	1903.5	2673.0	3316.6
115.4	726.8	1836.2	2618.9	3336.0
110.1	689.4	1728.1	2590.5	3342.2
98.4	882.1	1813.3	2656.9	3428.9
200.0	730.8	1743.8	2608.2	3388.4
