0.0	0.0	0.0	0.0	0.0
0.0	0.0	0.0	0.0	0.0
0.0	0.0	0.0	0.0	0.0
0.0	575.2	1612.0	2671.4	3452.2
0.0	771.4	1679.6	2652.5	3469.5
0.0	863.0	1707.3	2565.7	3396.0
0.0	732.8	1639.9	2549.8	3324.5
0.0	726.9	1745.4	2608.2	3441.2
0.0	651.7	1903.3	2653.7	3529.7
0.0	698.2	1811.7	2647.9	3562.4
0.0	753.3	1831.8	2511.0	3454.3
0.0	640.5	1769.2	2545.7	3463.5
0.0	731.1	1772.5	2525.7	3475.6
0.0	727.0	1889.0	2464.3	3398.2
0.0	596.4	1848.9	2358.6	3285.1
0.0	725.5	1859.4	2415.8	3500.7
0.0	810.8	1841.4	2496.2	3590.6
0.0	831.0	1837.2	2528.8	3572.4
226.4	754.2	1806.0	2461.2	3492.4
0.0	744.9	1760.6	2374.3	3402.3
500.0	755.4	1765.6	2364.3	3447.3
0.0	621.8	1812.2	2408.5	3510.0
0.0	527.3	1794.5	2354.1	3384.1
0.0	511.9	1759.0	2321.5	3044.9
144.6	493.2	1784.4	2456.1	3387.4
142.9	468.1	1840.0	2449.4	3600.4
142.9	471.3	1836.8	2410.0	3516.4
141.1	458.7	1864.9	2428.1	3506.8
137.9	452.7	1890.5	2484.8	3627.6
137.9	445.3	1900.9	2531.8	3589.0
136.4	432.5	1924.2	2607.3	3614.6
133.3	430.8	1952.9	2591.2	3650.2
127.7	419.8	1966.4	2559.1	3551.4
125.0	417.6	1993.5	2501.3	3511.4
116.5	391.3	2052.1	2532.5	3615.5
112.1	372.2	2075.7	2571.2	3654.3
106.4	342.4	2092.4	2537.0	3670.8
101.7	316.8	2085.4	2465.2	3678.5
95.9	300.0	2148.4	2445.2	3760.3
91.7	328.5	2156.7	2420.5	3655.4
79.1	374.9	1957.2	2348.8	3328.1
76.2	792.9	1850.9	2426.4	3269.7
0.0	887.9	1870.6	2531.5	3337.8
0.0	827.0	1809.6	2649.9	3455.8
0.0	900.1	1772.7	2748.9	3432.0
0.0	853.7	1745.3	2816.9	3480.4
0.0	516.8	1670.5	2694.0	3485.4
0.0	1041.8	1864.9	2515.2	3475.6
0.0	809.7	1790.2	2376.2	3444.8
480.0	745.7	1717.3	2377.6	3589.4
500.0	692.3	1752.3	2624.8	3492.2
500.0	695.2	1780.1	2577.2	3480.1
164.4	693.4	1618.8	2448.7	3568.9
0.0	742.0	1549.5	2235.0	3657.1
0.0	662.2	1511.2	2125.0	3691.3
130.4	616.9	1452.9	2086.9	3675.0
120.2	560.7	1381.2	2046.9	3652.9
120.1	567.7	1315.1	2030.4	3605.5
120.1	542.6	1243.1	1999.1	3611.2
120.0	520.6	1192.6	1973.5	3589.0
121.2	504.4	1110.7	1976.7	3578.7
121.1	482.5	1015.8	2000.9	3476.5
120.7	434.9	947.4	1995.5	3291.5
120.3	408.4	969.5	2035.4	3252.8
118.8	339.3	1091.9	2151.5	3337.0
125.0	370.0	1112.4	2300.1	3563.9
126.2	407.7	1140.4	2410.9	3592.3
123.7	430.0	1148.4	2383.4	3466.5
123.7	429.9	1174.6	2327.3	3388.4
125.0	411.1	1213.8	2286.5	3450.4
125.0	380.0	1253.1	2280.2	3222.8
127.7	420.2	1234.8	2277.8	3236.2
123.7	400.6	1250.9	2321.4	3280.7
122.3	471.7	1414.2	2384.9	3444.1
0.0	477.8	1488.5	2413.7	3655.1
0.0	517.2	1564.1	2450.2	3751.1
122.5	537.1	1621.0	2487.2	3693.4
127.0	544.4	1691.7	2514.9	3705.0
126.4	558.0	1726.6	2540.5	3770.1
126.5	565.1	1756.4	2520.2	3754.3
124.8	574.6	1741.9	2538.9	3720.1
123.3	576.6	1713.7	2547.1	3711.2
123.7	571.2	1677.4	2526.2	3694.7
120.0	579.6	1660.8	2455.7	3643.7
118.5	590.5	1670.7	2342.2	3647.0
115.4	618.8	1712.6	2298.5	3440.6
111.1	602.8	1687.5	2263.0	3122.1
104.3	591.4	1696.2	2247.2	3323.3
102.6	572.8	1721.8	2233.8	3540.1
99.2	548.6	1768.3	2162.0	3552.5
96.0	548.2	1831.4	2161.0	3618.7
91.8	432.9	1985.3	2158.6	3626.6
91.0	417.8	2016.4	2179.7	3407.6
83.9	658.4	1921.0	2277.2	3392.0
81.9	1008.6	1789.6	2585.4	3410.7
76.9	669.8	1611.0	2503.7	3323.8
0.0	816.1	1882.1	2633.5	3532.0
0.0	757.8	1906.1	2532.2	3457.4
0.0	678.2	1977.9	2550.5	3467.3
0.0	606.2	2013.0	2639.0	3529.8
114.3	832.7	2182.2	2689.9	3468.7
0.0	531.7	2253.6	2733.7	3465.4
307.7	562.4	2158.0	2722.8	3375.5
444.4	567.6	2089.2	2655.3	3437.2
0.0	431.5	2116.2	2680.7	3502.4
0.0	381.5	2103.3	2653.6	3526.0
0.0	375.9	2092.5	2633.3	3536.8
90.3	333.8	2092.9	2566.6	3577.8
90.2	345.3	2097.5	2517.6	3604.3
89.6	334.9	2086.3	2529.8	3602.9
88.2	349.8	2082.3	2634.4	3572.5
87.0	369.0	2159.1	2710.4	3481.7
86.3	743.0	2137.0	2582.6	3504.1
77.9	697.4	2015.8	2538.5	3446.6
0.0	818.1	2102.1	2573.2	3410.7
0.0	707.3	2019.3	2526.9	3423.1
0.0	690.2	2016.7	2600.8	3428.4
0.0	938.0	1985.6	2611.7	3385.3
0.0	808.6	2009.2	2618.0	3373.7
0.0	841.9	1980.9	2642.1	3377.9
0.0	816.8	1974.4	2566.4	3372.2
400.0	700.1	1953.0	2559.9	3365.1
480.0	735.1	2034.2	2722.6	3374.9
129.0	763.5	1961.6	2603.1	3436.1
444.4	699.7	1880.5	2502.8	3381.2
0.0	420.0	1863.3	2487.5	3341.4
0.0	419.9	1830.0	2500.1	3336.6
0.0	433.5	1812.8	2492.6	3324.9
0.0	470.6	1812.3	2476.0	3374.9
88.9	475.0	1786.9	2483.6	3389.8
88.9	488.3	1765.0	2465.1	3388.0
87.8	509.8	1752.7	2437.2	3496.7
87.3	521.3	1721.5	2419.4	3513.7
86.3	539.9	1731.1	2398.5	3485.5
85.7	579.1	1716.9	2407.3	3507.1
85.1	598.5	1643.6	2324.8	3615.3
85.1	607.8	1619.3	2213.6	3559.4
84.5	598.6	1586.6	2120.9	3513.7
84.5	626.5	1536.6	2140.4	3483.1
83.9	631.3	1486.0	2029.8	3579.0
83.9	642.1	1476.8	2038.2	3569.7
85.7	616.8	1456.4	2063.7	3530.8
85.1	585.7	1404.2	2074.2	3592.1
83.9	569.5	1332.1	2055.4	3582.2
83.9	569.2	1297.4	2019.0	3443.0
85.1	520.1	1313.7	2022.2	3185.1
85.1	508.1	1359.5	1964.7	3033.9
85.1	482.3	1365.6	1936.6	3021.6
84.5	377.9	1393.1	1865.0	2888.5
79.5	333.1	1458.8	1912.0	2954.2
79.5	376.5	1553.1	2679.6	3144.2
0.0	493.4	1617.0	2545.5	3147.1
0.0	454.9	1588.2	2423.4	3187.7
0.0	433.4	1642.6	2397.0	3187.3
95.0	437.3	1712.6	2429.6	3191.5
0.0	429.5	1711.6	2406.2	3249.9
0.0	414.1	1701.7	2434.0	3207.4
0.0	419.1	1751.8	2446.4	3295.0
0.0	422.1	1742.2	2448.7	3437.6
131.0	383.2	1717.9	2619.9	3420.3
115.7	359.7	1747.2	2802.2	3269.6
93.1	532.6	1638.4	2839.0	3340.0
244.9	529.1	1693.2	2576.4	3471.9
0.0	505.5	1484.3	2415.5	3560.5
0.0	838.9	1514.9	2400.9	3343.3
127.7	738.5	1527.3	2334.1	3253.6
117.6	621.2	1578.9	2333.2	3267.0
0.0	723.2	1598.2	2387.7	3256.8
0.0	728.1	1590.4	2357.9	3252.7
0.0	759.2	1582.8	2379.8	3330.0
0.0	756.9	1561.0	2358.3	3347.8
0.0	752.6	1513.5	2409.7	3182.2
0.0	667.5	1462.8	2415.4	3210.1
