0.0	0.0	0.0	0.0	0.0
0.0	0.0	0.0	0.0	0.0
0.0	0.0	0.0	0.0	0.0
0.0	788.0	1639.7	2581.2	3533.3
0.0	870.2	1678.5	2597.2	3379.2
0.0	956.1	1837.3	2709.3	3469.6
0.0	1299.6	1832.2	2754.4	3542.0
0.0	800.3	1667.7	2575.7	3439.5
0.0	1060.4	1826.3	2602.5	3477.8
64.2	971.7	1777.3	2608.0	3414.9
0.0	855.5	1790.0	2779.3	3505.9
0.0	852.0	1863.6	2813.0	3568.0
0.0	717.9	1868.0	2648.5	3373.9
0.0	724.0	1646.3	2503.3	3361.6
0.0	705.0	1523.9	2435.3	3450.1
0.0	738.6	2067.0	2480.6	3400.8
0.0	595.7	1874.0	2436.2	3300.8
0.0	477.0	1854.8	2362.0	3299.6
0.0	347.2	800.4	2225.9	2952.2
119.4	334.6	685.5	2207.0	3031.2
127.4	442.3	756.6	2191.4	3032.8
120.2	422.4	828.3	2122.0	3047.9
123.0	456.4	896.3	2029.8	3076.7
123.7	471.6	970.6	1951.9	3069.2
126.7	483.3	1040.2	1892.2	3095.6
129.5	584.5	1098.6	1849.6	3117.0
130.8	414.7	1165.2	1826.3	3112.1
132.2	452.9	1226.8	1813.9	3090.8
133.3	427.4	1310.7	1785.4	3086.4
0.0	422.0	1425.9	1811.7	3109.1
122.6	388.4	1552.1	1843.9	3139.6
120.8	385.4	1720.4	1938.7	3162.6
125.4	315.1	1810.8	2134.6	3199.5
127.9	257.8	1881.7	2655.4	3286.0
127.7	259.3	1937.1	3122.5	3433.3
127.7	257.1	1974.2	3176.6	3469.8
130.1	279.8	2006.6	3128.4	3453.9
131.7	280.3	2022.3	3092.5	3438.1
134.2	282.5	2043.5	3074.8	3440.4
136.9	294.6	2050.5	2978.5	3464.0
138.7	295.5	2057.3	2970.2	3421.9
140.9	308.6	2064.1	2876.3	3408.6
144.1	315.5	2063.6	2702.2	3387.6
147.5	314.4	2062.7	2446.6	3355.4
151.9	320.6	2004.8	2291.4	3373.2
151.9	339.6	1905.8	2260.8	3371.0
153.8	370.2	1715.6	2272.6	3361.2
157.9	388.2	1561.2	2307.0	3300.2
162.2	401.1	1371.8	2354.7	3315.2
164.4	481.2	1251.3	2448.0	3377.7
164.4	611.5	1173.6	2504.4	3423.6
164.6	506.8	1021.2	2547.2	3501.7
162.9	513.0	981.1	2628.9	3581.5
162.4	497.0	957.3	2698.4	3605.0
160.1	481.0	938.2	2744.0	3632.7
155.0	498.8	949.4	2787.1	3616.3
151.4	531.8	922.8	2805.2	3528.5
147.5	520.6	923.1	2724.1	3374.7
145.1	537.6	1004.6	2635.2	3121.9
143.4	520.9	1061.1	2445.5	3012.1
140.1	562.8	1114.0	2241.4	2917.2
139.1	439.1	1203.7	2598.4	2974.3
133.5	304.7	1296.5	2656.2	3008.3
131.0	284.1	1434.1	2663.1	3085.8
129.4	277.3	1501.0	2609.0	3046.9
126.6	253.6	1528.4	2552.9	2972.7
125.8	244.7	1561.1	2603.8	2914.6
124.2	244.6	1589.2	2410.7	2852.3
122.0	233.8	1592.4	1810.9	2704.7
121.5	232.9	1628.1	2183.5	2814.9
225.3	343.3	1666.4	2208.9	2908.1
0.0	381.6	1715.3	2265.9	3052.4
124.6	385.1	1737.8	2282.7	3198.1
129.2	382.8	1744.4	2257.1	3280.0
131.3	381.3	1726.7	2249.2	3332.2
133.1	457.5	1698.6	2250.5	3363.1
134.2	375.0	1672.3	2223.4	3370.9
136.8	377.0	1629.8	2243.5	3370.6
137.7	445.4	1608.4	2251.4	3353.3
139.2	389.8	1593.4	2262.9	3309.0
140.1	412.3	1641.3	2259.0	3209.1
140.4	421.3	1682.3	2211.6	3015.0
139.6	318.5	1679.9	2095.5	2784.4
136.1	261.8	1659.1	2115.6	2595.5
66.5	256.9	1676.1	2277.2	2731.1
65.0	276.2	1806.9	2306.0	3029.9
0.0	332.3	1925.5	2388.4	3327.9
131.0	336.2	1975.3	2287.5	3370.0
132.8	340.3	2019.0	2274.9	3401.7
133.8	308.8	2049.8	2284.0	3453.8
133.0	300.6	2050.3	2296.4	3455.3
132.0	279.8	2064.9	2327.9	3477.0
130.4	283.3	2076.2	2351.2	3499.1
129.5	355.5	2075.5	2403.8	3453.2
130.4	435.1	2068.6	2394.0	3442.7
131.1	371.9	2053.2	2387.7	3465.1
131.6	383.8	2024.8	2422.5	3397.4
130.2	367.6	1998.9	2429.2	3407.9
129.2	386.4	2035.3	2421.5	3413.6
129.9	362.1	1958.5	2343.1	3408.7
130.4	376.1	1921.6	2332.7	3428.7
131.1	390.2	1944.1	2341.3	3424.4
135.4	401.8	1950.2	2335.1	3388.0
136.5	414.5	1837.9	2233.2	3363.4
137.1	394.9	1822.6	2140.8	3447.2
132.5	394.0	1793.0	2068.1	3470.2
129.0	394.1	1749.7	2027.5	3455.2
126.0	401.6	1728.9	1993.9	3475.0
122.9	414.8	1683.4	1957.1	3490.0
124.2	422.6	1642.6	1925.9	3496.8
124.9	435.8	1602.4	1902.5	3448.3
124.7	443.6	1602.3	1886.7	3415.5
123.9	437.9	1597.1	1886.3	3439.3
124.8	430.6	1598.1	1885.8	3458.7
126.1	382.3	1593.3	1896.3	3391.4
127.8	352.6	1627.2	1878.0	3323.0
129.0	328.3	1625.0	1899.1	3200.9
125.2	507.8	1633.2	2157.5	3305.6
114.3	273.7	1636.8	2515.6	3477.1
110.1	740.1	1702.2	2662.1	3511.6
63.5	726.6	1736.3	2681.5	3488.7
0.0	639.6	1927.8	2678.8	3558.6
0.0	1031.6	1869.0	2697.0	3423.7
0.0	752.7	1770.2	2768.3	3342.3
0.0	684.6	1786.8	2748.9	3400.7
0.0	657.5	1797.9	2702.5	3437.2
0.0	653.2	1795.3	2643.4	3417.9
352.9	650.9	1772.8	2575.3	3453.8
0.0	652.6	1777.6	2498.6	3419.8
0.0	422.9	1673.4	2329.6	3275.1
150.0	384.9	1650.4	2285.9	3232.9
132.9	355.0	1590.8	2241.8	3259.3
130.4	382.8	1496.4	2224.7	3295.7
128.5	347.7	1346.6	2244.2	3313.2
127.3	299.5	1231.9	2268.3	3348.8
125.6	332.6	1126.2	2292.8	3330.7
124.2	426.3	1036.6	2315.4	3305.5
250.4	438.1	980.3	2334.2	3279.9
122.7	355.3	967.8	2345.8	3249.3
122.0	298.7	979.0	2361.1	3233.1
121.1	425.8	1008.1	2345.2	3217.8
121.0	394.5	1079.9	2311.2	3201.9
121.5	362.5	1201.6	2284.9	3210.4
121.2	374.7	1393.2	2273.7	3217.1
121.1	365.9	1592.9	2291.0	3233.5
121.2	370.0	1755.3	2305.8	3285.5
121.0	372.4	1883.1	2308.8	3304.6
123.1	399.3	1983.1	2307.3	3294.9
125.1	285.8	2064.0	2248.9	3343.1
124.7	384.8	2106.4	2233.5	3377.8
122.4	220.8	2077.3	2223.0	3419.9
115.4	241.0	1951.7	2289.9	3436.1
72.7	842.6	1929.7	2459.2	3562.7
248.9	1092.9	1926.1	2485.4	3597.1
410.0	787.8	1900.1	2564.6	3505.1
0.0	684.2	1792.6	2649.4	3608.8
206.9	673.2	1710.2	2698.5	3692.5
0.0	740.6	1654.1	2681.1	3653.2
226.4	865.0	1655.4	2618.4	3583.5
80.0	890.2	1647.5	2725.2	3658.6
0.0	610.3	1609.9	2771.1	3686.5
0.0	558.3	1529.7	2568.5	3578.5
571.4	504.6	1493.8	2503.0	3548.2
255.3	455.2	1573.0	2462.3	3491.4
255.3	423.4	1688.0	2371.9	3419.8
122.4	411.9	1742.5	2222.7	3418.5
118.2	460.5	1730.3	2176.3	3447.9
118.3	530.5	1685.1	2130.8	3451.1
110.3	212.9	1704.1	2140.7	3441.8
70.7	239.1	1611.9	2124.8	3426.8
102.3	479.5	1651.8	2190.4	3452.6
0.0	414.3	1659.4	2246.6	3362.4
279.1	448.9	1609.0	2289.6	3320.8
120.0	478.6	1556.6	2326.7	3291.0
121.3	496.7	1492.7	2356.5	3328.8
120.2	503.5	1422.0	2386.2	3353.6
120.2	510.9	1400.1	2398.8	3352.1
120.0	518.2	1365.9	2409.4	3399.5
122.2	538.2	1337.8	2438.2	3439.3
122.4	565.3	1315.2	2467.1	3483.3
123.4	560.7	1271.3	2480.4	3487.6
124.1	545.9	1232.6	2498.6	3496.4
125.2	540.6	1179.5	2534.5	3538.2
127.4	532.8	1135.7	2594.4	3571.6
128.8	534.9	1081.0	2591.6	3597.5
130.5	540.5	1013.5	2490.6	3540.8
132.9	442.7	984.2	2388.0	3270.8
134.6	364.3	995.4	2443.9	3286.4
135.6	274.9	897.4	2312.4	3122.0
137.0	316.7	866.2	2265.4	3011.8
139.5	291.7	908.0	2263.2	3050.0
139.5	464.0	1143.3	2278.2	2984.0
133.3	760.2	1343.3	2408.7	3032.9
131.5	872.2	1858.5	2407.1	3074.8
129.0	795.5	1819.7	2359.4	3073.5
125.0	855.4	1870.4	2533.6	3298.8
65.6	947.1	1749.3	2435.5	3357.3
0.0	676.2	1436.0	2385.5	3281.3
112.1	981.1	1726.1	2455.2	3394.7
105.3	878.8	1447.8	2366.2	3440.2
0.0	1004.7	2047.2	2449.3	3461.3
84.5	820.7	1858.4	2476.1	3268.1
0.0	741.8	1890.2	2435.3	3307.1
218.2	849.1	1973.0	2474.6	3387.5
0.0	789.9	2032.4	2484.1	3382.6
117.6	730.4	2046.9	2438.8	3382.9
0.0	619.5	1571.6	2298.8	3223.4
150.0	648.8	1904.5	2443.7	3338.5
0.0	780.9	1900.6	2547.1	3429.6
153.8	892.8	1919.0	2468.8	3407.2
73.6	919.5	1966.5	2451.9	3425.4
0.0	720.0	1271.0	2345.5	3239.8
0.0	608.3	1578.5	2367.9	3293.2
428.6	566.8	1640.0	2364.7	3283.1
102.6	629.3	1749.9	2528.2	3452.7
171.4	611.2	1739.2	2522.4	3538.6
0.0	691.7	1873.6	2469.3	3393.6
125.0	696.0	1927.8	2465.3	3373.6
0.0	756.2	1889.4	2448.7	3432.9
0.0	689.8	1809.1	2403.4	3335.5
0.0	645.7	1847.1	2536.3	3387.9
0.0	849.9	1989.9	2636.0	3475.4
96.0	801.2	2014.6	2737.7	3498.8
0.0	846.4	1984.4	2606.1	3457.1
0.0	878.5	1858.8	2498.3	3542.8
0.0	693.2	1799.5	2449.9	3431.0
0.0	711.0	1686.4	2401.8	3333.5
153.8	658.4	1720.2	2412.8	3390.5
133.3	559.1	1557.4	2401.8	3411.7
