0.0	0.0	0.0	0.0	0.0
0.0	0.0	0.0	0.0	0.0
0.0	0.0	0.0	0.0	0.0
0.0	819.5	1739.1	2453.0	3171.6
0.0	800.6	1782.9	2552.1	3239.6
212.9	782.1	1781.3	2615.5	3385.9
0.0	846.5	1783.5	2651.4	3332.6
0.0	888.1	1868.2	2604.1	3333.9
0.0	996.0	1716.9	2474.9	3336.2
0.0	866.9	1645.1	2682.0	3433.6
0.0	826.9	1897.4	2695.1	3469.7
0.0	879.7	1903.2	2647.1	3466.0
0.0	838.6	1718.8	2633.0	3393.5
0.0	582.4	1784.9	2585.6	3460.6
0.0	554.0	1778.7	2522.4	3439.7
0.0	796.7	1819.4	2552.6	3407.1
129.0	324.9	1588.9	2425.7	3261.5
0.0	491.9	1664.3	2427.1	3255.5
0.0	552.3	1811.2	2571.1	3135.9
131.4	632.3	1894.4	2630.6	3058.8
129.9	652.4	1924.1	2607.0	3046.0
127.8	652.7	1956.7	2582.4	3072.6
128.6	649.9	1979.2	2506.5	3044.4
128.8	658.2	1981.0	2460.0	3118.7
129.3	646.6	2000.3	2521.2	3141.9
131.0	634.3	2020.1	2543.9	3182.6
132.3	623.5	1992.5	2522.8	3179.5
133.3	580.1	1901.7	2406.5	3196.4
134.8	555.4	1704.8	2313.9	3207.9
134.8	541.3	1502.1	2246.3	3115.4
133.9	313.2	1251.0	2099.6	2858.5
129.2	299.5	1125.7	2166.0	2792.8
137.4	302.7	1499.5	2458.8	3057.7
136.5	296.1	1401.9	2421.2	3223.3
132.2	286.9	1656.5	2343.5	3067.9
127.7	455.7	1794.2	2494.9	3099.9
0.0	481.8	1851.9	2532.4	3211.1
138.0	574.4	1856.4	2567.4	3211.8
134.6	624.4	1813.3	2551.8	3166.3
132.1	639.6	1774.1	2526.5	3158.2
129.7	684.5	1719.7	2476.2	3223.0
127.4	745.9	1643.3	2434.0	3184.2
125.8	753.0	1586.9	2361.7	3170.0
124.2	715.7	1564.0	2358.1	3290.1
122.7	720.4	1539.7	2328.9	3422.5
121.0	746.1	1516.8	2310.0	3415.5
113.8	597.3	1506.6	2371.5	3400.3
123.8	890.1	1669.3	2536.2	3333.8
134.4	855.3	2000.0	2669.1	3416.2
87.0	1167.9	1928.8	2485.0	3291.7
0.0	1018.3	1864.4	2450.7	3290.7
105.3	1043.5	2102.4	2598.7	3524.7
0.0	1461.4	2143.4	2711.7	3493.6
0.0	1520.8	2169.1	2688.8	3446.3
0.0	1580.9	2205.7	2793.7	3428.6
500.0	1249.7	2004.8	2326.5	3252.9
0.0	392.7	1603.4	2320.9	3174.9
0.0	428.2	1592.8	2488.5	3273.7
140.0	438.7	1570.3	2541.4	3390.0
127.2	431.9	1537.0	2552.1	3383.7
124.2	335.9	1509.6	2513.9	3374.4
116.6	349.3	1507.2	2511.2	3447.0
112.8	370.0	1497.2	2473.1	3478.9
112.4	442.8	1498.8	2495.9	3498.9
112.7	429.1	1510.5	2538.9	3332.8
115.0	450.8	1554.6	2558.0	3316.2
117.5	460.9	1548.8	2518.5	3339.8
114.2	443.4	1477.2	2392.5	3274.4
112.9	446.4	1342.6	2218.7	3206.1
109.9	308.2	1309.3	2182.6	3206.6
105.8	302.7	1285.3	2178.1	3207.6
106.3	292.6	1265.1	2178.6	3192.0
104.2	307.2	1267.4	2170.5	3198.9
102.4	309.8	1263.5	2198.9	3246.1
101.3	359.3	1293.4	2199.4	3316.5
101.9	552.7	1449.6	2273.9	3309.3
0.0	618.2	1543.5	2367.7	3211.5
116.0	653.4	1616.0	2425.0	3113.9
111.5	646.4	1623.5	2444.7	3063.3
107.3	683.6	1632.0	2481.8	3116.7
106.2	710.5	1612.5	2469.7	3108.2
105.4	701.6	1572.0	2438.1	3078.0
106.1	744.1	1552.9	2466.8	3174.0
104.7	740.8	1494.7	2498.7	3143.9
106.6	730.6	1429.0	2549.5	3104.4
106.8	729.0	1389.5	2602.1	3148.7
106.8	685.3	1336.3	2647.4	3188.3
106.7	650.2	1264.1	2704.2	3393.6
106.9	596.0	1219.5	2730.3	3393.4
106.8	571.1	1196.8	2734.8	3369.8
106.8	566.3	1191.6	2715.7	3267.6
106.8	578.1	1217.4	2698.7	3265.1
106.5	601.8	1272.7	2694.9	3219.2
106.1	656.8	1329.0	2702.1	3136.1
105.4	651.8	1406.5	2675.5	3134.0
105.4	651.0	1482.8	2675.5	3144.3
103.9	658.0	1555.2	2626.0	3111.4
105.1	655.9	1603.8	2587.7	3240.6
102.8	647.0	1653.6	2596.5	3204.6
106.4	646.0	1682.4	2576.9	3243.3
101.4	634.9	1728.3	2528.6	3192.5
103.7	623.7	1769.2	2503.7	3108.4
99.8	615.5	1791.2	2496.5	3145.7
101.1	595.6	1799.6	2459.0	3211.4
95.8	589.1	1828.5	2498.5	3364.5
103.2	619.0	1860.6	2485.4	3408.2
100.7	641.5	1882.3	2452.4	3416.3
98.4	628.5	1898.7	2465.6	3363.1
99.4	678.1	1908.4	2499.8	3471.0
106.6	636.6	1906.9	2477.1	3446.1
105.6	583.0	1959.9	2470.3	3311.7
105.0	670.7	2033.1	2489.2	3347.7
103.0	786.8	2009.6	2500.4	3427.8
98.7	587.1	2010.8	2466.3	3331.9
96.9	835.7	1946.4	2427.5	3371.2
96.8	915.9	1936.7	2396.9	3322.1
99.1	841.7	1935.6	2367.2	3379.9
99.2	859.0	1863.3	2319.8	3426.3
103.4	826.1	1775.5	2530.2	3480.0
0.0	837.3	1767.3	2601.9	3391.1
0.0	800.7	1685.3	2496.6	3395.6
0.0	842.1	1578.3	2475.6	3434.9
