0.0	0.0	0.0	0.0	0.0
0.0	0.0	0.0	0.0	0.0
0.0	0.0	0.0	0.0	0.0
0.0	998.1	1786.0	2600.9	3351.5
0.0	904.9	1685.6	2619.4	3354.6
0.0	831.1	1723.5	2710.0	3437.0
0.0	599.1	1616.2	2701.4	3439.2
0.0	369.2	1472.6	2572.1	3311.3
0.0	472.9	1715.9	2562.6	3301.4
0.0	878.5	1879.5	2629.0	3465.1
0.0	745.2	1710.3	2622.5	3384.4
0.0	931.4	1649.6	2584.3	3373.0
0.0	972.1	1787.8	2526.7	3495.9
0.0	825.2	1779.4	2592.5	3495.3
0.0	857.2	1822.4	2623.5	3434.8
0.0	283.1	1558.0	2565.8	3392.8
146.3	308.2	1492.5	2517.0	3335.0
0.0	340.0	1488.8	2552.0	3155.5
0.0	290.5	1391.6	2609.3	3212.6
0.0	287.1	1346.5	2373.2	3016.6
0.0	276.8	1510.9	2438.2	3247.6
0.0	657.6	1653.3	2700.1	3518.2
263.9	657.8	1752.9	2732.5	3497.1
126.6	663.9	1655.1	2672.6	3342.3
128.4	650.6	1601.9	2611.8	3359.5
132.4	626.9	1568.4	2566.6	3369.5
136.0	596.2	1500.5	2417.9	3266.6
138.7	583.2	1405.5	2337.6	3201.2
141.9	536.7	1335.4	2188.9	3103.9
140.7	438.3	1197.5	2179.5	3002.6
137.2	421.8	1124.2	2041.1	2922.0
137.1	393.7	1155.1	1911.0	2939.2
139.5	670.0	1540.6	2508.1	3252.6
142.3	603.9	1451.5	2506.4	3187.1
141.0	402.4	1356.1	2407.4	3102.3
141.2	392.7	1377.3	2434.7	3087.1
138.0	386.3	1388.3	2483.5	2791.1
138.5	454.7	1357.9	2520.3	2935.9
143.9	482.2	1365.3	2564.9	3407.0
142.1	468.2	1345.1	2588.9	3501.4
140.1	426.5	1237.8	2618.1	3471.9
138.5	409.0	1102.3	2640.2	3599.8
137.2	415.6	1075.6	2667.9	3663.2
135.2	413.7	1063.8	2688.4	3664.3
135.7	414.4	1045.5	2672.4	3567.9
136.5	412.0	1033.5	2694.3	3502.8
138.0	421.2	1032.0	2695.6	3379.5
139.1	441.7	1052.5	2710.1	3427.0
140.4	473.8	1128.3	2733.7	3421.4
144.9	509.1	1217.4	2743.7	3612.8
147.7	581.1	1267.5	2753.5	3763.9
153.1	630.6	1352.8	2760.8	3828.5
156.5	642.5	1390.9	2752.4	3758.0
160.4	657.3	1426.4	2775.3	3667.7
163.4	665.4	1446.9	2785.2	3651.9
166.0	664.2	1431.8	2754.7	3672.7
165.4	654.9	1496.8	2753.7	3657.3
162.0	659.9	1581.0	2717.8	3346.9
158.3	681.9	1632.3	2639.3	3135.8
148.0	794.9	1803.5	2684.6	3608.3
145.9	881.9	1851.9	2747.9	3677.2
69.0	971.0	1782.5	2937.9	4103.3
67.0	1001.5	1841.4	2967.4	4415.7
190.5	964.9	1917.9	2957.1	4371.0
255.3	935.4	1923.9	3017.3	4368.9
375.0	769.2	1804.8	2912.3	4522.6
375.0	787.3	1697.4	2822.4	4308.8
0.0	719.6	1757.0	2759.2	3577.8
387.1	472.0	1695.3	2714.7	3636.2
0.0	407.8	1622.4	2741.7	3702.8
132.5	409.7	1607.5	2739.3	3735.3
123.7	338.5	1598.9	2687.4	3692.2
123.5	293.6	1580.4	2707.0	3689.1
103.6	299.0	1598.3	2821.2	3671.0
0.0	700.1	1927.5	2940.9	3705.1
0.0	1148.0	1956.1	3232.7	3661.0
0.0	1078.3	1932.4	3173.5	3678.4
0.0	1012.6	2219.5	3096.3	3570.8
521.7	979.9	2374.3	3137.7	3472.4
153.8	870.7	2326.9	3003.9	3454.1
0.0	601.9	2296.4	2785.9	3430.8
0.0	1135.9	2056.9	2677.7	3390.8
375.0	1025.1	2226.5	2641.3	3479.7
571.4	821.5	1551.9	2630.9	3466.5
0.0	1066.3	2044.3	2623.9	3255.0
0.0	1039.6	2005.0	2468.7	3191.9
0.0	1086.3	1944.2	2450.1	3319.5
0.0	1390.6	2194.3	2699.2	3459.4
0.0	899.4	1865.8	2370.3	3305.9
0.0	635.2	1706.6	2354.6	3290.0
0.0	528.6	1614.5	2221.2	3188.1
0.0	442.8	1477.3	1903.3	2993.0
167.1	447.1	1515.7	1930.3	3031.5
168.8	459.6	1553.9	1998.4	3057.4
172.0	470.9	1534.4	2099.7	3079.5
176.4	459.9	1452.6	2134.9	3145.1
178.9	471.5	1409.5	2165.1	3168.6
177.3	485.6	1413.1	2176.5	3273.2
172.9	462.4	1415.3	2238.5	3378.1
166.0	457.5	1387.2	2351.7	3449.4
154.3	433.0	1327.9	2360.6	3520.9
145.7	401.3	1287.9	2398.0	3568.1
133.5	403.8	1161.4	2376.1	3612.5
126.9	361.5	1132.4	2298.5	3509.8
123.1	366.5	1091.3	2364.9	3336.9
115.2	322.8	1054.9	2435.7	3338.5
112.1	324.2	1319.4	2423.4	3358.7
107.1	797.1	1529.8	2554.1	3459.6
103.4	571.6	1716.6	2585.1	3457.4
106.2	922.7	1773.1	2641.0	3450.2
151.1	726.1	1500.3	2588.1	3353.3
0.0	514.7	1450.0	2567.2	3490.3
0.0	757.4	1763.0	2663.6	3511.3
0.0	781.5	1912.1	2732.2	3443.2
0.0	606.8	1735.6	2683.7	3336.9
0.0	630.2	1637.6	2544.8	3313.3
0.0	815.5	1681.9	2561.2	3367.3
0.0	642.6	1546.0	2549.3	3338.5
