0.0	0.0	0.0	0.0	0.0
0.0	0.0	0.0	0.0	0.0
0.0	0.0	0.0	0.0	0.0
0.0	734.7	1457.2	2518.6	3293.9
0.0	720.6	1584.7	2442.9	3285.6
0.0	762.9	1613.2	2368.2	3356.6
0.0	691.1	1622.6	2458.7	3432.7
0.0	1018.2	1724.4	2631.4	3408.0
0.0	875.4	1616.1	2704.2	3512.8
0.0	835.0	1677.4	2584.0	3454.9
0.0	919.3	1612.0	2496.0	3359.2
0.0	784.9	1753.0	2508.8	3390.8
0.0	814.1	1834.1	2660.2	3499.4
0.0	868.1	1736.1	2731.8	3533.4
0.0	590.6	1539.3	2535.4	3425.3
0.0	582.5	1591.5	2475.0	3445.6
0.0	738.5	1906.4	2524.0	3419.8
0.0	870.0	2053.2	2662.2	3427.2
0.0	851.0	2026.5	2669.3	3452.4
0.0	229.4	1948.0	2673.5	3440.6
397.1	481.4	1985.8	2747.9	3476.2
0.0	371.2	1967.4	2790.0	3520.6
132.2	332.7	1950.6	2882.3	3464.3
134.8	366.2	1915.1	2878.8	3541.3
136.4	360.8	1670.3	2714.1	3580.7
123.7	251.9	1772.2	2766.6	3572.8
66.7	279.6	1776.5	2703.2	3565.7
0.0	393.8	1661.5	2640.8	3552.9
0.0	830.4	1756.1	2687.6	3487.0
0.0	1035.3	1853.4	2724.3	3426.6
0.0	1051.1	1890.1	2722.6	3508.1
0.0	850.4	1803.0	2549.6	3560.7
0.0	875.9	1733.3	2487.7	3446.1
0.0	583.9	1380.8	2386.9	3436.0
163.0	518.1	1258.5	2391.7	3449.8
160.2	542.0	1175.5	2434.2	3447.3
162.3	562.4	1118.2	2470.0	3463.3
169.6	559.0	1076.6	2480.7	3468.9
177.2	559.7	1029.5	2517.1	3496.5
183.3	574.3	977.0	2558.4	3551.5
190.3	549.6	986.7	2588.5	3569.7
196.7	528.0	1002.7	2601.9	3645.5
199.6	515.8	996.0	2612.4	3652.7
201.0	473.0	956.5	2582.0	3609.6
199.2	421.5	1045.4	2499.0	3464.7
192.7	366.3	1072.5	2538.0	2929.1
183.5	350.0	1087.2	2244.0	2726.9
177.0	320.9	1104.8	2532.8	3207.6
165.0	309.0	1102.8	2500.6	3394.5
146.8	316.8	1379.7	2465.2	3464.3
135.0	349.0	1692.5	2442.5	3511.4
132.3	392.4	1875.0	2501.5	3535.3
128.1	321.8	2077.3	2540.2	3496.5
125.3	483.2	2106.5	2540.6	3571.4
121.3	708.5	1932.0	2641.5	3689.7
113.4	698.1	1877.7	2751.4	3688.7
105.3	700.3	1862.2	2766.2	3667.1
444.4	1007.7	1804.5	2874.5	3740.6
0.0	694.4	1697.8	2745.2	3677.4
0.0	669.5	1741.0	2654.6	3686.1
272.7	852.7	1724.8	2600.5	3621.8
260.9	796.3	1700.3	2564.2	3576.9
137.9	620.5	1585.3	2492.0	3455.6
0.0	586.2	1446.5	2493.2	3563.9
0.0	563.7	1374.7	2458.1	3490.0
128.9	544.4	1270.5	2427.8	3446.7
125.6	535.2	1174.9	2453.0	3404.6
122.3	516.3	1190.3	2487.5	3407.0
120.9	488.3	1210.5	2483.5	3412.5
119.4	496.3	1238.0	2527.0	3529.6
115.0	454.1	1297.3	2540.6	3603.0
113.8	412.0	1552.2	2568.5	3560.6
137.9	380.0	1723.1	2577.9	3463.2
0.0	773.1	1816.1	2567.8	3421.6
0.0	951.9	1773.5	2600.7	3549.8
0.0	999.6	1715.8	2821.8	3755.9
0.0	643.9	1800.2	2849.4	3660.7
363.6	550.2	1742.5	2734.7	3422.4
342.9	569.2	1613.9	2660.7	3550.7
0.0	419.1	1618.7	2590.9	3657.6
0.0	408.4	1609.2	2577.1	3573.1
134.3	560.2	1539.9	2558.5	3573.1
132.8	420.3	1571.1	2547.9	3468.6
130.0	461.8	1632.4	2598.4	3256.1
138.7	527.4	1615.6	2625.4	3313.0
144.1	573.6	1605.9	2640.0	3485.4
147.9	601.4	1646.3	2600.6	3581.4
149.7	619.6	1707.3	2645.8	3572.2
153.6	614.1	1699.2	2634.0	3526.7
156.4	615.9	1756.5	2664.4	3361.2
159.1	591.0	1770.9	2646.6	3071.3
159.7	569.4	1811.3	2590.0	2930.4
159.6	559.4	1887.4	2665.0	3084.7
154.8	535.4	1971.4	2684.8	3366.4
150.7	534.3	2073.1	2605.0	3647.1
141.0	517.6	2141.8	2581.3	3720.2
135.2	403.0	2207.8	2525.0	3718.0
127.6	425.8	2102.8	2418.1	3666.8
122.7	299.7	1789.2	2499.6	3456.6
83.0	321.0	1811.2	2675.1	3371.7
0.0	1092.3	1977.9	2815.2	3523.7
0.0	1074.4	1884.7	2795.2	3498.0
0.0	979.9	1872.2	2654.2	3516.0
0.0	962.0	1916.7	2417.9	3411.4
0.0	890.6	1899.8	2387.1	3387.5
456.1	737.3	1795.2	2490.0	3468.9
0.0	673.8	1732.0	2420.8	3474.3
106.2	617.3	1637.2	2370.4	3558.4
0.0	634.9	1525.3	2431.1	3581.6
133.9	660.1	1368.8	2423.9	3570.1
126.3	676.9	1278.0	2441.0	3435.4
122.7	689.7	1147.4	2390.7	3319.7
121.7	641.4	1137.6	2289.8	3211.5
120.5	245.7	1310.7	2383.5	3011.6
119.5	250.6	1331.7	2283.0	2740.3
122.6	256.1	1339.6	2327.5	3072.3
123.2	250.3	1343.3	2227.7	3117.1
123.1	288.6	1345.9	2281.0	3266.3
276.8	595.7	1543.9	2441.2	3347.2
258.2	545.3	1767.4	2447.3	3395.1
122.9	551.1	1969.8	2435.3	3476.4
123.7	251.4	2116.8	2437.4	3590.5
123.8	269.4	1947.1	2411.5	3563.3
123.4	274.6	1596.7	2305.0	3265.7
122.2	271.0	1285.3	2250.7	2875.4
124.1	274.5	1457.2	2247.9	3236.2
124.3	268.0	1729.5	2329.8	3478.1
126.2	491.0	1955.6	2402.6	3573.5
255.9	630.6	1851.1	2456.5	3492.1
129.1	621.6	1729.2	2435.4	3550.1
128.8	647.8	1604.0	2415.5	3499.7
128.5	677.2	1474.4	2476.0	3467.4
127.5	666.4	1384.9	2429.6	3378.7
126.1	628.8	1257.8	2396.9	3342.7
126.2	559.5	1164.5	2404.8	3342.7
126.3	482.9	1399.5	2429.7	3353.1
132.8	278.2	1577.0	2651.9	3448.4
93.0	369.7	1609.9	2659.6	3472.7
0.0	786.2	1750.0	2577.6	3421.3
0.0	773.6	1808.1	2543.6	3481.1
0.0	757.5	1773.0	2601.1	3418.3
0.0	915.8	1768.4	2568.7	3374.3
0.0	525.7	1291.6	2422.3	3381.2
0.0	611.5	1181.3	2464.9	3263.4
0.0	659.2	1156.6	2534.1	3260.9
124.8	706.8	1210.4	2603.5	3321.3
119.8	720.2	1266.3	2657.2	3360.6
118.9	703.3	1255.1	2609.3	3415.4
117.6	575.6	1247.8	2480.8	3436.0
115.3	503.6	1336.2	2499.6	3282.6
112.7	256.8	1332.9	2559.6	3351.1
115.1	342.9	1217.8	2454.8	3378.1
114.0	500.0	1313.5	2556.9	3415.8
112.3	516.6	1435.2	2642.4	3420.1
111.0	571.0	1524.1	2657.7	3487.0
111.9	578.7	1612.6	2644.4	3570.3
113.2	609.3	1670.8	2687.3	3460.3
112.6	332.4	1551.3	2720.8	3410.9
210.5	282.5	1568.0	2597.6	3509.5
0.0	874.5	1827.9	2499.8	3345.0
0.0	861.1	1916.9	2479.7	3116.7
0.0	848.9	1993.5	2504.5	3276.1
0.0	608.7	1901.3	2477.9	3408.3
0.0	608.8	1865.4	2394.8	3240.6
0.0	709.3	1679.5	2210.6	3057.3
226.4	677.7	1522.0	2044.0	2952.4
0.0	566.6	1415.9	1822.5	2857.0
144.7	557.9	1420.0	1855.5	2920.5
148.3	555.0	1473.9	1924.0	2948.9
152.9	608.1	1508.6	2077.8	2965.4
157.9	610.1	1558.8	2235.1	2990.7
163.4	655.0	1606.9	2372.4	3054.7
167.9	667.1	1668.6	2555.9	3199.3
173.0	693.1	1771.6	2675.2	3353.3
174.7	629.0	1863.3	2730.2	3476.5
171.8	575.1	1918.0	2771.0	3522.0
163.7	583.7	2000.4	2767.8	3500.6
155.6	607.1	2066.0	2739.3	3429.2
142.8	605.4	2124.7	2750.0	3408.2
128.7	577.4	2159.4	2704.6	3381.0
116.5	538.6	2108.3	2656.0	3360.3
109.0	482.0	1920.0	2581.2	3339.8
103.9	276.6	1658.0	2407.2	3104.0
99.4	292.5	1553.7	2364.4	2853.3
97.7	281.5	1564.0	2568.5	3005.4
97.0	290.3	1508.0	2538.7	2879.7
94.7	289.9	1478.9	2395.8	2929.4
92.3	714.7	1437.6	2439.6	3231.3
92.3	534.7	1627.7	2438.2	3220.7
106.2	447.9	1560.3	2513.8	3328.9
0.0	326.2	1492.1	2601.5	3478.0
0.0	402.7	1597.3	2629.2	3464.2
0.0	578.7	1643.4	2692.2	3443.8
272.7	507.6	1597.7	2660.8	3451.4
266.7	829.3	1844.4	2703.7	3599.1
0.0	784.7	1831.5	2628.1	3608.4
0.0	504.8	1733.8	2627.0	3523.5
0.0	497.4	1813.9	2616.0	3527.8
122.4	583.2	1734.0	2591.4	3491.3
0.0	648.0	1754.6	2631.4	3513.7
400.0	632.3	1575.3	2590.8	3472.5
0.0	548.8	1512.5	2529.1	3523.5
0.0	505.8	1595.8	2585.7	3513.4
160.0	783.1	1856.7	2677.0	3578.7
0.0	874.7	1816.5	2624.5	3481.0
0.0	717.5	1828.1	2565.7	3484.7
0.0	817.3	1877.3	2607.3	3566.5
324.3	1032.1	1713.8	2623.4	3504.8
324.3	982.7	1700.5	2636.8	3569.0
307.7	864.4	1651.6	2705.1	3521.1
333.3	797.3	1791.7	2642.5	3421.8
144.6	694.2	1681.2	2646.7	3471.1
0.0	453.7	1824.6	2738.0	3482.0
387.1	699.4	1687.4	2605.6	3366.1
0.0	605.2	1607.2	2573.3	3342.7
0.0	849.7	1964.7	2799.1	3569.8
148.1	458.1	1800.9	2627.8	3492.5
0.0	455.5	1731.6	2565.4	3444.6
0.0	503.0	1807.4	2613.5	3456.4
315.8	573.2	1698.1	2649.4	3469.3
0.0	749.2	1774.7	2685.6	3531.9
0.0	633.9	1900.8	2654.0	3464.9
0.0	722.6	1815.2	2565.7	3444.0
0.0	664.1	1786.5	2516.8	3458.3
315.8	668.2	1747.4	2584.7	3425.0
333.3	991.1	1922.7	2724.7	3522.7
0.0	877.9	1910.1	2725.6	3574.5
0.0	420.8	1787.3	2610.7	3478.3
214.3	543.5	1685.9	2536.1	3460.1
0.0	582.6	1767.0	2638.0	3511.5
0.0	573.9	1853.3	2666.4	3481.5
0.0	377.8	1781.8	2615.5	3339.3
307.7	599.5	1842.3	2643.8	3463.1
