0.0	0.0	0.0	0.0	0.0
0.0	0.0	0.0	0.0	0.0
0.0	0.0	0.0	0.0	0.0
0.0	647.7	1770.5	2485.1	3512.4
0.0	698.6	1748.3	2520.1	3509.2
0.0	737.4	1715.0	2498.1	3435.4
0.0	711.5	1742.5	2502.0	3323.5
0.0	750.3	1751.6	2534.2	3300.3
0.0	986.3	1752.1	2578.5	3334.7
0.0	969.4	1847.5	2590.3	3478.8
0.0	692.4	1591.2	2529.7	3456.7
0.0	732.0	1566.3	2544.7	3366.7
0.0	756.1	1665.8	2515.0	3389.9
0.0	802.9	1712.4	2517.2	3526.7
0.0	754.6	1803.0	2609.1	3631.6
0.0	782.6	1886.7	2699.0	3560.1
0.0	339.8	1874.7	2715.9	3455.3
213.7	583.0	1785.0	2546.7	3420.8
240.0	597.6	1808.1	2479.8	3465.6
240.6	614.0	1836.3	2547.8	3701.0
111.4	625.8	1784.8	2567.2	3568.2
0.0	574.1	1835.3	2572.6	3391.1
0.0	555.0	1900.7	2502.8	3488.9
120.4	554.6	1850.2	2569.5	3376.1
230.0	551.5	1858.5	2607.4	3410.1
68.2	534.8	1917.8	2632.3	3374.8
67.3	521.6	1900.8	2604.9	3328.1
128.2	505.6	1916.8	2604.7	3464.5
131.9	485.9	1950.2	2637.0	3347.9
131.7	439.5	1962.5	2648.8	3202.1
129.6	451.6	1981.0	2639.4	3318.6
129.5	440.8	1999.6	2633.0	3384.4
126.6	400.2	2057.2	2711.0	3500.8
123.7	413.0	2228.7	2768.6	3546.6
117.6	387.3	2234.4	2751.7	3520.2
115.4	666.9	2361.7	2910.0	3515.4
116.5	529.2	2318.9	2973.7	3469.0
0.0	431.6	2323.9	2952.8	3477.6
0.0	439.7	2368.5	3023.0	3402.0
126.3	1135.7	2342.9	2984.2	3406.1
0.0	462.5	2061.4	2786.9	3572.2
0.0	505.8	2085.4	2779.0	3634.7
0.0	1093.3	2276.1	2823.8	3652.4
88.9	771.2	2207.4	2787.8	3588.8
400.0	399.6	2051.6	2711.2	3535.4
218.2	434.4	2101.1	2651.9	3486.8
200.0	323.8	2070.9	2571.4	3500.8
134.8	293.3	2074.3	2509.0	3455.8
132.6	316.0	2042.7	2431.4	3404.0
133.4	296.4	1995.9	2312.3	3356.8
141.5	305.7	1943.0	2303.2	3344.6
137.2	317.6	1874.5	2287.7	3324.5
141.2	296.8	1829.4	2282.7	3360.6
135.7	356.4	1761.2	2270.0	3368.6
135.7	381.2	1770.6	2268.3	3413.1
132.9	380.8	1892.6	2416.0	3513.0
65.2	816.3	2064.5	2634.4	3524.6
71.4	1079.8	2231.4	2755.4	3507.0
155.8	1041.6	2288.6	2892.5	3587.6
0.0	1073.5	2257.3	2784.4	3497.7
0.0	871.0	2172.3	2822.8	3454.4
240.0	817.4	2194.4	2800.2	3578.7
0.0	579.2	2253.8	2625.3	3494.5
180.7	578.9	2284.0	2538.4	3505.1
159.6	567.1	2220.9	2534.2	3616.9
156.1	488.0	2153.9	2542.6	3594.4
150.6	469.4	1573.4	2479.2	3194.9
145.9	454.7	1934.3	2494.1	3394.7
141.1	517.8	1296.6	2308.0	2638.6
139.5	479.8	1153.8	2284.2	2583.1
134.8	544.3	1695.7	2399.2	3325.6
130.5	314.7	1424.3	2370.6	3508.5
125.4	803.2	1573.3	2344.3	3532.4
78.5	912.5	1809.2	2541.0	3360.0
0.0	850.5	1873.9	2761.3	3251.2
0.0	711.6	2008.2	2867.4	3425.5
0.0	864.1	1907.5	2886.4	3490.4
0.0	823.7	1833.3	2778.2	3407.7
0.0	938.8	1893.4	2798.1	3425.8
0.0	557.3	1938.8	2821.0	3509.3
0.0	591.1	1919.5	2691.2	3566.6
0.0	628.1	1865.5	2572.4	3576.1
171.7	679.8	1823.4	2506.6	3530.4
162.6	665.1	1735.0	2511.4	3452.0
159.4	693.5	1688.6	2522.6	3395.1
152.5	714.3	1671.8	2505.0	3439.8
149.7	745.7	1655.3	2499.5	3331.3
146.1	739.2	1584.5	2494.6	3347.9
144.4	759.5	1538.6	2512.5	3371.8
144.7	774.0	1501.6	2536.0	3375.9
144.2	745.3	1466.4	2568.5	3389.0
143.9	750.9	1396.7	2576.8	3344.2
145.0	731.8	1321.9	2549.3	3343.9
144.7	719.3	1314.5	2554.5	3246.3
144.2	703.0	1303.8	2545.0	3101.6
144.3	674.7	1306.9	2411.5	2824.2
144.0	570.0	1274.3	2396.4	2600.6
143.1	493.5	1234.4	2368.3	2712.6
138.0	522.9	1234.3	2348.1	2749.8
142.9	538.0	1292.5	2306.0	2686.2
139.5	555.2	1269.2	2303.0	2705.1
140.6	630.4	1321.1	2391.7	2740.1
142.5	638.9	1408.8	2459.1	2834.1
137.4	695.9	1450.6	2445.4	2937.3
138.0	688.8	1468.7	2460.2	3031.3
137.5	695.3	1490.0	2407.9	2998.6
136.7	708.0	1494.5	2457.4	3216.3
137.1	660.2	1480.7	2414.1	3272.3
137.2	640.9	1495.2	2339.7	3120.2
136.7	636.7	1466.4	2365.6	3124.3
136.6	533.0	1432.7	2152.4	2888.2
135.5	521.6	1391.2	2122.9	2784.5
134.9	457.4	1207.9	2167.0	2662.3
134.1	455.9	1281.7	2215.0	2655.6
134.8	424.0	1191.1	2145.1	2671.0
134.8	426.0	1163.3	2156.5	2649.5
134.8	454.9	1309.2	2129.2	2755.0
134.8	398.9	1260.7	2092.4	2881.7
136.4	409.2	1281.8	2188.8	3008.0
136.4	490.6	1304.8	2232.5	3055.9
137.9	454.4	1297.0	2226.8	3020.0
139.0	612.1	1280.8	2233.1	3142.7
139.5	396.3	1226.2	2229.1	3085.4
141.2	487.3	1550.5	2282.3	3309.8
144.6	501.2	1955.7	2539.3	3471.3
142.2	494.6	2109.4	2597.3	3481.1
141.5	481.2	2167.6	2639.9	3494.2
142.4	484.4	2204.1	2666.7	3454.6
141.5	474.5	2224.9	2678.2	3438.2
141.5	461.6	2247.6	2686.4	3445.2
141.7	450.5	2245.0	2709.3	3468.4
141.0	444.4	2240.8	2651.1	3471.2
139.6	440.1	2229.8	2624.6	3454.9
139.5	431.4	2230.6	2616.0	3399.5
139.5	439.9	2214.7	2619.5	3417.0
139.5	423.7	2198.1	2678.5	3520.3
140.2	420.8	2137.7	2639.1	3516.2
139.9	419.2	1984.6	2588.5	3484.3
139.0	371.0	1872.4	2536.1	3508.7
126.9	255.6	1785.6	2496.2	3457.4
126.3	236.2	1762.5	2528.7	3393.7
124.5	264.6	1761.3	2519.8	3335.5
123.4	355.8	1791.2	2548.7	3385.6
126.1	381.6	1794.3	2593.7	3440.6
127.2	427.2	1835.3	2643.4	3520.9
126.3	428.9	1842.0	2623.5	3531.9
125.0	438.3	1824.3	2608.6	3477.3
123.4	400.4	1807.7	2608.8	3489.0
120.4	405.9	1786.6	2566.5	3398.0
114.2	395.5	1762.6	2546.6	3367.5
111.3	201.1	1760.2	2533.4	3467.8
109.8	213.9	1735.9	2469.8	3345.6
107.8	218.5	1712.2	2442.5	3341.2
105.6	225.0	1703.8	2568.6	3403.7
107.1	223.7	1643.7	2642.2	3513.6
113.2	227.2	1642.6	2599.1	3462.2
109.1	243.0	1552.0	2453.6	3335.2
126.3	248.5	1618.3	2537.1	3330.3
126.3	764.9	1799.4	2655.2	3494.6
0.0	456.2	1810.3	2575.5	3556.0
0.0	365.9	1826.2	2540.2	3430.2
0.0	333.5	1800.1	2484.8	3362.2
123.7	398.1	1783.1	2405.4	3445.9
126.3	375.0	1764.3	2350.3	3426.5
131.4	365.6	1734.4	2325.8	3438.8
133.0	366.1	1707.5	2305.5	3443.2
134.7	339.7	1680.1	2300.1	3427.8
135.1	395.2	1660.3	2326.9	3443.0
134.5	461.9	1657.0	2370.3	3458.5
133.7	353.9	1651.4	2392.7	3473.1
134.6	444.0	1645.3	2443.3	3450.4
133.3	423.4	1620.4	2465.4	3431.7
131.7	399.2	1578.3	2479.1	3455.1
130.2	495.9	1548.5	2495.0	3446.2
124.0	377.0	1537.3	2478.2	3405.1
120.0	425.7	1515.1	2480.6	3426.2
121.0	440.9	1524.6	2498.8	3451.0
117.6	395.1	1542.9	2521.2	3421.0
120.0	436.8	1551.7	2558.6	3491.1
123.7	439.0	1554.5	2550.6	3494.9
125.6	355.0	1569.0	2547.5	3456.3
127.9	385.6	1581.8	2546.7	3466.5
130.3	375.6	1600.9	2588.1	3498.8
130.0	402.7	1599.9	2641.9	3541.8
129.1	435.0	1603.0	2665.9	3554.6
126.9	758.5	1711.0	2771.2	3749.0
121.2	774.0	1847.9	2933.8	3795.6
0.0	665.7	1897.1	2893.2	3652.3
0.0	653.8	1839.2	2885.2	3623.7
100.8	941.7	1848.7	2935.4	3684.1
112.1	944.8	1924.6	2910.5	3690.8
0.0	1062.3	1953.7	2887.7	3600.7
0.0	1010.2	1800.6	2872.7	3605.5
0.0	809.3	1784.6	2838.0	3609.8
0.0	838.0	1777.3	2810.4	3683.7
255.3	867.0	1722.9	2779.3	3746.5
244.9	787.2	1729.6	2788.8	3688.3
352.9	807.1	1710.3	2792.2	3710.1
94.5	852.7	1710.9	2679.5	3700.1
130.4	860.8	1718.1	2708.4	3710.2
104.3	542.3	1585.0	2653.0	3591.5
0.0	517.1	1570.8	2571.5	3511.1
0.0	546.9	1598.0	2566.7	3498.8
131.3	549.5	1598.6	2533.0	3409.0
131.1	566.8	1629.1	2518.5	3419.6
128.2	575.8	1675.3	2539.8	3461.1
126.3	650.4	1716.8	2561.9	3444.0
125.0	650.7	1732.8	2554.4	3391.0
123.1	606.7	1761.8	2535.6	3417.3
120.7	636.9	1808.5	2527.4	3423.7
120.9	582.6	1835.5	2541.2	3433.9
121.1	550.9	1857.7	2539.7	3430.5
120.5	522.1	1889.8	2579.4	3395.7
119.7	530.1	1923.2	2595.0	3437.4
117.9	537.7	1922.3	2586.4	3434.2
117.0	530.2	1908.9	2597.8	3428.5
114.1	531.5	1850.4	2588.8	3333.1
112.4	523.2	1734.3	2506.3	3235.6
110.8	521.4	1541.4	2338.1	3175.0
109.6	476.9	1328.3	2312.5	3193.4
108.9	416.3	1229.4	2259.0	3057.5
110.2	360.8	1365.4	2283.2	3143.1
110.9	326.8	1424.0	2345.9	3213.1
110.5	256.8	1463.4	2364.7	3153.3
127.7	757.4	1624.6	2413.6	3308.3
122.4	803.6	1668.5	2350.4	3394.3
0.0	839.6	1640.7	2366.1	3428.5
0.0	704.8	1680.1	2352.8	3472.5
0.0	567.6	1648.0	2265.1	3411.6
0.0	662.9	1556.9	2237.6	3212.0
0.0	752.9	1596.6	2330.6	3303.8
0.0	705.4	1680.4	2367.0	3312.6
