0.0	0.0	0.0	0.0	0.0
0.0	0.0	0.0	0.0	0.0
0.0	0.0	0.0	0.0	0.0
0.0	960.6	1598.2	2287.5	3583.7
0.0	937.5	1586.2	2279.6	3478.3
0.0	829.8	1606.5	2249.0	3440.5
375.0	852.1	1558.2	2282.9	3468.5
0.0	811.0	1594.6	2304.2	3461.4
0.0	756.9	1611.6	2289.5	3451.3
0.0	842.5	1570.7	2292.9	3373.7
0.0	696.9	1573.7	2326.7	3369.7
0.0	916.2	1654.1	2310.6	3383.1
0.0	917.5	1670.0	2306.4	3365.2
0.0	665.4	1557.3	2258.7	3352.0
0.0	733.9	1548.6	2297.2	3409.5
0.0	640.8	1556.0	2370.8	3372.2
0.0	711.6	1527.1	2390.2	3451.1
0.0	715.3	1529.7	2372.6	3514.5
0.0	787.0	1546.8	2458.2	3412.5
244.9	788.0	1477.2	2537.8	3459.8
0.0	745.4	1484.9	2638.9	3458.3
0.0	743.3	1563.2	2718.7	3448.7
0.0	619.4	1671.5	2725.9	3462.2
0.0	717.7	1707.7	2537.6	3355.4
0.0	665.2	1634.2	2609.7	3432.3
0.0	470.9	1435.5	2360.3	3426.0
0.0	588.5	1272.3	2322.8	3348.1
0.0	398.5	1099.0	2499.0	3512.3
0.0	457.1	1141.8	2582.5	3587.8
111.1	485.0	1214.0	2566.0	3588.2
0.0	511.4	1298.4	2554.8	3579.0
104.3	530.9	1361.2	2516.8	3569.2
106.3	545.6	1410.9	2529.0	3552.6
106.9	521.2	1453.5	2519.4	3641.5
108.2	493.6	1483.0	2537.1	3694.2
110.1	468.1	1503.3	2574.5	3678.8
111.4	443.5	1471.3	2541.4	3632.4
133.3	327.2	1490.8	2497.9	3503.4
91.5	326.6	1776.1	2631.0	3390.6
93.8	865.5	1816.9	2665.5	3329.7
74.7	856.3	1718.0	2595.6	3368.3
0.0	928.9	1761.9	2751.5	3631.7
0.0	967.4	1877.5	2960.7	4049.9
0.0	995.6	1853.9	2885.6	4352.4
0.0	674.1	1732.9	2783.0	3898.7
0.0	791.8	1710.1	2755.4	3704.3
169.0	788.5	1689.0	2686.1	3702.1
169.0	648.0	1627.8	2610.7	3608.0
461.5	781.6	1643.3	2642.5	3567.3
413.8	795.3	1577.2	2600.1	3584.0
0.0	770.1	1522.1	2439.1	3547.8
0.0	578.9	1345.7	2309.0	3471.6
0.0	534.1	1329.8	2232.7	3423.3
122.4	513.9	1298.7	2234.2	3334.3
104.3	503.9	1248.3	2217.4	3316.5
100.9	474.9	1202.8	2206.3	3367.3
99.4	465.2	1164.0	2208.8	3350.9
99.2	458.3	1102.4	2229.1	3299.6
99.8	416.7	1015.6	2244.6	3294.7
99.2	395.9	896.1	2257.3	3283.9
99.2	393.7	808.9	2277.1	3294.2
99.2	463.4	1130.4	2272.0	3271.6
96.9	344.2	1486.3	2410.4	3319.4
90.9	312.6	1690.2	2555.2	3449.8
92.2	331.8	1610.9	2479.0	3381.2
92.3	826.2	1825.0	2616.6	3365.8
0.0	803.2	1799.5	2636.1	3421.7
0.0	1140.3	2174.1	2825.4	3347.7
0.0	1009.9	1676.4	2550.6	3439.7
461.5	950.9	1644.5	2429.7	3268.9
400.0	962.4	1419.6	2353.2	3255.4
0.0	371.6	1242.8	2160.5	3483.5
0.0	383.3	1400.6	2115.9	3646.9
101.7	423.2	1603.8	2129.6	3514.9
99.2	429.1	1793.3	2143.6	3411.7
97.7	433.2	1907.1	2218.2	3445.8
94.4	398.7	1958.3	2204.3	3498.4
91.6	363.6	2006.0	2157.3	3579.7
85.7	366.4	1982.4	2277.6	3576.1
80.5	350.8	1719.7	2694.9	3516.6
75.9	898.7	1736.3	2678.7	3456.2
76.9	1027.6	1832.4	2596.1	3543.5
0.0	710.7	1651.8	2351.7	3451.4
0.0	780.9	1717.3	2364.4	3457.7
300.2	553.9	1748.1	2339.3	3663.8
0.0	839.6	1772.2	2350.6	3628.3
0.0	850.6	1624.0	2357.9	3478.9
0.0	704.4	1592.0	2320.4	3428.0
0.0	762.8	1620.9	2272.1	3472.3
0.0	614.3	1357.7	2148.9	3338.6
0.0	599.1	1331.2	2161.4	3491.9
0.0	606.2	1307.7	2165.8	3571.2
100.0	611.0	1287.0	2199.4	3530.6
98.2	609.8	1264.0	2191.2	3549.9
98.2	611.2	1216.1	2189.1	3420.9
98.1	584.8	1149.5	2186.2	3329.8
97.6	593.6	1140.9	2184.6	3297.3
97.6	400.8	1125.3	2202.0	3602.2
93.8	354.8	1125.6	2230.4	3786.8
95.2	641.4	1271.9	2253.5	3776.5
96.8	348.3	1284.6	2331.0	3662.9
97.6	296.7	1294.4	2340.2	3515.0
96.8	290.3	1258.6	2345.1	3372.0
95.2	295.6	1486.1	2383.1	3315.3
94.5	616.2	1353.9	2348.0	3410.7
88.9	560.5	1343.1	2505.2	3312.3
76.9	742.9	1630.6	2635.2	3440.6
153.8	754.2	1669.1	2532.0	3555.6
0.0	731.9	1632.6	2465.8	3542.3
0.0	748.5	1642.3	2408.9	3482.2
0.0	756.6	1598.7	2305.0	3463.3
0.0	681.3	1418.7	2259.9	3326.2
121.2	439.1	1304.6	2210.9	3237.4
0.0	384.3	1215.4	2122.7	3435.8
0.0	370.5	1162.8	2073.6	3522.9
94.4	379.7	1151.3	2074.7	3463.3
88.8	412.2	1178.2	2063.4	3440.8
87.3	437.2	1249.2	2088.7	3500.2
85.5	429.6	1341.7	2128.5	3589.2
84.7	450.6	1393.7	2180.5	3546.3
87.6	481.2	1479.0	2215.3	3501.0
82.8	486.6	1488.2	2255.7	3569.3
84.5	572.6	1488.1	2337.8	3617.2
81.3	641.2	1551.0	2443.5	3591.1
78.8	730.6	1638.7	2580.8	3582.2
461.5	689.5	1572.3	2650.0	3777.6
0.0	640.0	1579.3	2584.8	3916.2
480.0	813.7	1615.2	2579.3	3881.0
104.3	850.4	1941.7	2773.4	3867.9
307.7	730.9	1898.3	2962.3	4146.6
87.6	684.5	1671.1	2902.4	4268.6
461.5	720.8	1640.4	2786.2	3711.9
196.7	1035.5	1690.1	2785.7	3800.2
0.0	841.0	1616.6	2581.7	3984.0
0.0	768.5	1602.0	2481.1	3668.5
521.7	458.8	1566.8	2451.8	3596.8
102.6	458.2	1527.9	2355.2	3543.5
0.0	474.4	1545.6	2309.0	3594.0
96.0	475.3	1578.0	2306.6	3685.8
90.1	465.5	1620.2	2335.8	3657.5
91.5	449.5	1668.4	2318.6	3631.2
89.5	439.0	1702.7	2320.5	3627.9
88.5	433.0	1732.2	2335.9	3644.3
89.0	425.5	1741.7	2284.8	3547.3
89.4	444.1	1717.3	2183.1	3323.0
89.6	475.3	1639.6	2034.5	3273.0
92.4	416.7	1681.3	2283.8	3327.2
91.8	346.3	1735.0	2514.5	3373.1
75.5	946.8	1796.7	2636.3	3475.3
79.5	878.8	1730.6	2573.3	3507.3
0.0	715.4	1593.6	2502.7	3520.9
0.0	711.9	1622.4	2559.1	3471.5
166.7	1110.4	1735.5	2416.6	3328.8
0.0	552.5	1530.1	2269.3	3299.3
0.0	434.5	1484.9	2263.3	3330.3
0.0	390.4	1305.5	2053.6	3283.4
0.0	394.8	1208.4	1486.3	3239.8
94.9	409.4	1166.4	1484.0	3209.4
91.3	390.1	1100.8	1476.7	3169.9
89.4	373.0	1320.5	2211.9	3271.2
89.8	311.0	1403.7	2432.4	3436.7
80.4	285.0	1639.1	2605.3	3472.2
78.7	290.8	1653.1	2524.4	3403.4
71.9	999.6	1794.6	2597.9	3454.6
83.9	1138.8	1864.6	2678.4	3468.7
0.0	1157.4	1909.4	2702.8	3553.7
0.0	890.8	1835.0	2661.2	3404.3
0.0	815.8	1713.2	2575.1	3397.0
0.0	789.4	1513.4	2471.8	3279.2
0.0	784.1	1370.8	2393.8	3168.7
0.0	786.1	1266.3	2512.6	3257.0
0.0	957.4	2014.8	2826.6	3481.9
0.0	659.3	1558.0	2572.3	3499.8
0.0	508.4	990.1	2545.2	3517.2
0.0	541.6	989.8	2557.2	3547.5
0.0	527.1	961.7	2555.5	3584.7
93.9	534.8	1049.8	2528.8	3685.7
91.0	556.2	1140.1	2518.8	3586.7
90.9	565.1	1253.4	2520.9	3510.8
87.0	550.5	1312.0	2484.3	3495.7
85.1	542.4	1392.1	2448.1	3474.5
84.0	541.9	1470.0	2401.9	3487.5
83.3	538.6	1529.1	2399.2	3474.6
77.1	529.8	1578.2	2413.8	3470.2
67.5	497.3	1604.2	2395.0	3578.9
0.0	486.0	1644.4	2401.0	3597.1
63.5	504.2	1692.2	2399.2	3440.2
0.0	444.1	1721.1	2415.0	3447.2
0.0	420.4	1770.2	2443.1	3459.1
86.4	410.2	1788.9	2449.2	3464.0
0.0	393.2	1805.2	2448.4	3495.1
142.4	368.7	1834.5	2446.3	3468.8
0.0	386.7	1837.0	2442.1	3478.7
0.0	384.5	1835.1	2429.8	3495.0
266.7	372.7	1822.7	2407.7	3527.7
0.0	560.6	1770.4	2422.7	3512.9
0.0	702.2	1840.6	2586.2	4031.8
0.0	963.9	1937.4	2703.7	4444.5
0.0	923.7	1873.6	2743.7	4159.1
184.6	889.5	1798.0	2962.0	4310.5
87.6	1260.1	1855.5	3248.3	4712.1
0.0	989.5	1825.2	3101.0	4356.9
279.1	893.9	1818.6	2782.3	3823.2
0.0	802.2	1777.3	2917.0	4086.4
169.0	770.5	1726.6	2901.1	4486.9
129.0	795.5	1712.7	2857.2	4334.1
146.3	833.0	1805.8	2875.4	4243.9
114.3	800.0	1730.7	2823.1	3868.6
0.0	830.6	1636.5	2796.5	3754.6
0.0	751.6	1618.9	2913.5	3787.0
0.0	894.5	1783.4	2772.3	3748.3
127.7	898.9	1749.1	2596.7	3708.9
0.0	827.3	1707.4	2623.4	3698.8
160.0	827.9	1647.3	2616.1	3584.1
80.0	813.7	1731.2	2730.7	3480.7
130.4	813.0	1891.8	2641.3	3424.6
0.0	888.6	1780.4	2418.0	3333.1
0.0	760.2	1537.2	2430.1	3338.5
0.0	675.4	1763.2	2478.4	3331.2
64.2	712.4	1672.5	2426.6	3370.2
71.0	667.1	1632.6	2399.6	3296.7
65.2	756.4	1889.2	2532.6	3293.0
0.0	1105.4	1905.3	2588.0	3319.1
0.0	659.9	1683.2	2468.4	3364.3
0.0	802.4	1817.6	2570.9	3417.8
0.0	690.7	1842.1	2578.6	3411.0
70.6	914.9	1776.9	2600.9	3347.7
0.0	750.4	1640.9	2597.0	3362.5
