0.0	0.0	0.0	0.0	0.0
0.0	0.0	0.0	0.0	0.0
0.0	0.0	0.0	0.0	0.0
0.0	621.9	1605.3	2424.5	3275.3
0.0	770.1	1660.4	2539.2	3292.6
0.0	794.4	1747.3	2614.3	3431.2
0.0	657.8	1836.7	2645.8	3469.8
0.0	790.4	1795.7	2678.8	3432.4
0.0	848.4	1759.5	2546.0	3395.9
0.0	863.3	1739.1	2519.1	3424.0
0.0	1035.6	1766.7	2593.0	3436.3
0.0	992.9	1945.4	2636.7	3470.8
0.0	834.5	1576.8	2464.3	3383.7
0.0	772.1	1575.5	2489.4	3337.9
0.0	369.4	1370.9	2403.5	3313.1
0.0	261.3	1144.3	2318.1	3323.1
115.4	239.8	1177.1	2365.0	3279.8
113.7	246.6	1280.1	2391.0	3261.1
110.1	540.9	1353.1	2347.0	3360.0
231.6	502.5	1384.8	2280.4	3365.8
0.0	499.2	1481.1	2359.3	3377.2
0.0	508.6	1532.5	2366.7	3416.3
130.4	526.8	1581.3	2391.1	3451.4
127.7	522.0	1619.7	2430.8	3416.1
129.6	525.9	1663.4	2449.0	3383.0
131.0	524.1	1682.1	2468.8	3339.8
130.9	528.0	1715.2	2449.6	3298.0
133.3	520.0	1745.1	2375.4	3193.8
133.5	539.0	1738.9	2411.3	3341.3
134.1	536.1	1757.7	2393.1	3304.9
136.0	549.1	1761.7	2337.2	3236.6
136.2	541.8	1736.1	2390.6	3212.7
136.1	523.7	1734.3	2240.1	3243.1
135.4	537.0	1708.6	2260.0	3272.7
134.6	526.5	1692.4	2488.2	3271.6
133.4	524.6	1689.5	2532.1	3269.0
131.0	526.8	1683.0	2252.6	3185.7
130.3	527.6	1656.2	2649.1	3257.8
129.3	526.3	1639.2	2705.4	3377.4
127.7	520.7	1646.1	2414.5	3329.4
126.6	510.6	1591.5	2456.8	3429.0
125.7	513.8	1536.5	2465.1	3533.5
124.5	503.8	1530.3	2479.9	3602.8
123.4	500.2	1567.1	2540.7	3592.3
121.7	533.3	1574.5	2602.0	3561.6
119.7	509.5	1499.4	2619.3	3572.5
117.1	527.6	1484.0	2650.0	3507.7
113.8	582.6	1511.8	2720.3	3438.8
110.1	505.0	1607.1	2726.3	3525.6
0.0	434.1	1685.8	2752.5	3471.6
125.0	908.8	2140.9	2975.4	3508.0
116.5	1124.7	2162.6	3002.3	3557.1
0.0	438.4	1988.2	2745.2	3664.2
571.4	678.9	1505.2	2562.0	3775.9
244.9	659.1	1387.1	2525.4	3473.3
0.0	593.6	1151.5	2476.6	3528.6
0.0	567.2	1135.3	2498.4	3276.0
0.0	386.0	1130.1	2419.8	2663.0
0.0	365.1	1146.8	2418.6	2693.0
126.3	324.8	1221.9	2425.8	2733.3
123.7	377.6	1304.7	2405.7	2740.5
121.2	398.1	1318.7	2417.9	2716.1
117.6	402.1	1230.5	2512.9	3069.7
120.0	444.1	1154.1	2514.3	3475.8
123.7	558.6	1219.9	2627.8	3510.4
126.3	575.4	1235.6	2722.8	3444.2
124.7	546.0	1205.8	2725.9	3407.7
126.5	514.1	1132.0	2747.6	3411.4
127.7	509.7	1105.7	2744.3	3399.2
128.9	514.8	1116.0	2754.1	3439.8
130.5	522.9	1119.2	2775.7	3459.1
131.8	510.4	1110.2	2775.3	3525.7
132.3	477.5	1208.0	2758.0	3570.4
133.0	418.8	1247.3	2746.0	3575.0
133.2	508.2	1252.4	2731.3	3522.2
131.3	508.5	1331.0	2691.0	3540.2
128.7	549.6	1440.6	2642.7	3507.2
131.2	496.9	1458.3	2628.2	3461.0
131.9	414.1	1530.6	2592.6	3421.4
131.9	377.7	1613.0	2557.4	3404.1
133.3	409.3	1678.7	2568.6	3403.1
131.6	402.4	1729.5	2558.2	3398.1
131.3	422.6	1732.1	2545.2	3395.3
129.6	443.7	1751.5	2553.6	3403.4
128.0	464.9	1772.8	2560.9	3394.4
125.0	486.7	1789.2	2579.0	3453.4
120.0	536.3	1763.4	2604.6	3472.1
110.1	881.9	1742.6	2579.2	3471.7
0.0	882.6	1876.6	2638.5	3507.0
0.0	943.4	1843.8	2595.3	3552.4
521.7	1000.5	1829.8	2652.2	3810.7
0.0	903.2	1795.1	2680.9	3733.4
324.3	835.3	1816.8	2817.5	3828.6
0.0	933.4	1822.8	2910.3	3704.1
0.0	858.8	1832.7	2856.0	3496.7
375.0	547.1	1768.7	2764.3	3506.1
104.3	637.3	1647.0	2564.6	3482.6
65.6	840.1	1660.2	2505.2	3446.7
71.4	751.3	1786.5	2577.9	3475.6
0.0	757.2	1737.3	2515.1	3443.3
71.4	837.0	1771.0	2571.9	3421.0
0.0	810.1	1734.9	2587.0	3449.4
0.0	769.6	1677.9	2448.5	3298.0
0.0	802.2	1525.5	2460.4	3315.4
0.0	742.2	1423.0	2439.5	3236.5
0.0	361.3	1614.6	2320.9	3219.8
0.0	346.7	1752.5	2160.3	3085.8
0.0	360.8	1865.9	2221.2	3033.7
143.4	380.7	1886.7	2314.3	3069.7
141.4	426.3	1864.5	2330.0	3026.6
140.0	435.7	1805.0	2325.4	3019.6
139.5	428.2	1745.2	2344.2	3074.8
139.0	426.0	1643.8	2354.7	3048.9
138.3	407.0	1542.6	2360.5	3035.6
137.1	423.7	1397.6	2385.4	3056.3
134.6	422.2	1310.0	2379.9	3051.3
132.4	436.7	1203.2	2392.9	3038.4
129.5	449.6	1162.2	2413.9	3115.5
126.9	412.0	1211.0	2431.6	3234.9
124.8	434.5	1253.7	2429.7	3276.5
123.5	452.8	1344.9	2303.2	3204.1
121.2	414.7	1316.1	2299.8	3132.2
108.5	290.9	1314.3	2447.5	3215.3
74.0	748.0	1641.2	2406.1	3109.6
225.6	526.9	1574.5	2495.8	3387.4
0.0	515.7	1635.0	2446.8	3339.7
0.0	448.9	1691.8	2405.1	3299.1
114.2	450.9	1696.9	2390.6	3337.6
112.5	447.7	1633.8	2344.6	3279.6
112.5	451.8	1558.4	2261.7	3140.4
111.7	464.2	1408.7	2190.3	3077.2
110.1	498.2	1164.3	2243.4	3128.6
105.2	512.9	1174.3	2320.4	3511.1
100.8	473.7	1115.7	2331.7	3661.6
103.4	461.5	1068.8	2358.6	3452.4
108.1	446.5	1058.3	2360.1	3275.9
106.4	421.0	1047.3	2346.7	3321.9
104.3	438.5	1045.2	2306.6	3282.1
99.1	450.9	993.2	2309.7	3278.3
98.0	384.5	919.4	2395.3	3308.0
98.2	433.7	948.6	2422.2	3254.4
99.1	666.9	1060.7	2404.5	3249.0
0.0	508.8	984.3	2489.6	3295.6
0.0	518.4	984.7	2570.2	3293.8
114.1	599.0	991.7	2581.8	3273.7
113.8	613.1	979.4	2628.7	3415.2
109.3	641.7	985.8	2669.6	3494.1
108.8	632.2	987.1	2653.4	3412.1
109.1	640.9	994.5	2635.4	3474.3
109.6	643.1	1002.7	2690.5	3535.2
111.3	656.5	1017.5	2644.1	3552.6
112.9	666.3	1031.0	2607.3	3561.5
114.0	672.5	1031.2	2516.6	3576.7
114.5	664.7	1023.8	2529.9	3613.0
114.6	660.0	1013.9	2507.8	3534.2
114.3	660.0	1011.6	2484.8	3317.1
113.9	655.5	1009.6	2475.6	3246.8
113.2	632.4	997.3	2440.5	3182.5
112.1	601.0	986.8	2393.7	3135.0
109.5	566.4	983.3	2373.2	3117.5
107.6	524.0	1038.3	2328.1	3070.4
105.5	516.6	1096.9	2407.6	3103.2
105.9	559.5	1149.8	2478.8	3219.0
110.7	558.9	1217.6	2411.8	3302.3
111.1	703.7	1368.2	2426.5	3064.4
110.0	565.3	1453.1	2427.8	3081.0
109.3	543.3	1528.9	2374.1	2985.5
108.5	535.8	1614.8	2359.0	2941.4
108.5	492.8	1628.2	2320.8	2923.8
108.1	519.5	1514.4	2324.6	2872.7
105.3	562.7	1166.1	2296.2	2924.3
102.6	480.1	1162.2	2277.5	3268.8
98.4	470.6	1163.6	2347.7	3377.4
107.1	486.2	1164.4	2447.8	3445.3
78.9	441.3	1124.6	2397.9	3313.9
210.5	858.1	1436.1	2412.2	3311.7
121.2	985.3	1898.2	2679.1	3420.8
63.5	745.1	1696.6	2628.6	3470.6
0.0	874.8	1687.1	2505.0	3530.1
0.0	615.5	1674.3	2397.9	3389.7
0.0	801.0	1766.9	2535.2	3429.1
0.0	829.4	1653.5	2517.3	3356.4
0.0	650.2	1647.7	2437.6	3321.1
0.0	574.7	1733.7	2391.6	3283.8
0.0	429.6	1853.2	2389.8	3138.5
0.0	398.5	1904.6	2443.6	3104.6
122.9	390.7	1991.8	2494.3	3138.5
122.5	379.6	2033.2	2524.9	3139.1
122.7	386.5	2048.8	2534.9	3152.2
123.2	371.4	2058.3	2534.6	3168.9
123.8	397.5	2056.0	2532.8	3162.0
123.6	379.0	2007.5	2496.8	3147.3
123.4	395.1	1914.6	2450.4	3132.2
122.5	455.2	1750.4	2426.1	3093.1
122.4	458.5	1613.5	2395.6	3082.3
120.4	488.3	1433.8	2377.0	3049.9
119.7	485.9	1310.8	2374.6	3115.0
119.0	489.5	1185.2	2390.4	3260.4
118.7	511.6	1117.2	2405.7	3234.8
119.0	514.1	1013.9	2441.8	3273.0
118.8	507.2	976.9	2453.3	3251.9
118.2	500.0	958.1	2463.5	3117.7
117.5	472.0	933.2	2466.6	3053.1
116.3	450.1	897.5	2490.9	3079.0
113.5	436.5	828.0	2489.1	3014.6
113.2	441.4	794.5	2499.8	3006.2
111.4	436.7	785.9	2562.4	3016.7
110.9	441.8	762.5	2575.7	2978.5
109.2	421.1	734.6	2506.7	2994.8
109.1	433.8	746.3	2497.4	2998.7
108.0	448.7	730.5	2585.8	3023.0
107.2	425.3	744.4	2553.6	2968.4
106.9	433.0	769.2	2477.5	2980.2
107.5	435.5	821.9	2413.7	3004.2
107.7	482.2	858.4	2340.7	2992.5
107.4	500.6	926.4	2274.6	2956.0
107.1	527.8	1009.8	2218.2	3011.4
105.4	548.0	1080.4	2149.3	3199.5
105.2	560.1	1148.3	2070.6	3151.9
104.4	561.8	1176.2	2033.6	3328.2
103.4	559.3	1186.8	1999.9	3291.1
103.1	558.1	1207.2	1950.8	3035.7
103.4	543.0	1234.1	1912.0	3046.0
103.4	541.2	1244.9	1884.0	2990.9
102.3	527.4	1256.1	1856.7	2983.4
102.1	522.1	1272.6	1847.0	2915.1
103.7	509.3	1302.5	1827.2	2914.0
103.4	502.8	1327.7	1815.7	2926.8
102.0	490.8	1360.5	1786.8	2901.0
101.0	468.7	1387.9	1798.2	2895.8
98.4	454.9	1442.4	1844.0	2961.1
116.5	455.6	1461.9	1836.1	2934.0
65.9	447.3	1464.7	1824.6	2968.8
230.8	429.2	1506.6	1856.5	3000.4
0.0	417.7	1535.6	1895.7	3052.9
0.0	412.6	1654.3	2219.9	3308.6
0.0	475.4	1519.5	2285.6	3300.0
0.0	900.4	1821.0	2589.4	3451.0
0.0	823.3	1751.7	2587.7	3544.2
0.0	847.0	1735.0	2576.4	3534.9
0.0	843.6	1796.2	2632.0	3543.3
0.0	829.2	1689.1	2613.5	3527.8
0.0	847.0	1669.1	2588.8	3444.1
0.0	803.7	1720.0	2545.7	3282.3
