0.0	0.0	0.0	0.0	0.0
0.0	0.0	0.0	0.0	0.0
0.0	0.0	0.0	0.0	0.0
0.0	871.2	1718.2	2667.4	3447.7
0.0	783.9	1693.3	2630.2	3475.0
0.0	738.9	1669.1	2644.5	3449.8
0.0	779.4	1624.1	2606.0	3354.2
0.0	628.1	1357.6	2435.6	3301.6
0.0	810.8	1647.9	2596.7	3327.4
0.0	778.6	1574.9	2582.8	3304.5
0.0	877.9	1653.3	2550.1	3313.9
0.0	1192.8	1909.7	2703.1	3368.9
0.0	814.6	1444.0	2526.3	3375.5
0.0	1024.1	1621.8	2568.1	3473.3
0.0	1023.6	1638.6	2574.4	3406.7
0.0	1169.2	1617.4	2568.8	3461.7
0.0	1155.5	1693.3	2619.5	3487.7
0.0	575.3	1549.9	2517.5	3380.1
0.0	529.4	1468.4	2569.2	3415.9
300.0	569.8	1341.5	2594.6	3420.5
0.0	501.0	1334.9	2562.3	3429.8
127.7	512.2	1358.2	2593.4	3502.0
0.0	518.8	1377.0	2606.6	3507.9
133.0	515.4	1391.5	2599.0	3512.0
126.7	508.4	1400.0	2604.8	3567.3
124.6	515.4	1439.2	2656.5	3567.4
120.0	507.0	1480.8	2709.7	3572.0
117.5	449.4	1481.7	2723.8	3583.1
117.6	471.1	1466.7	2727.3	3541.1
115.4	338.5	1452.3	2681.3	3479.1
104.3	306.6	1477.4	2664.7	3478.7
113.6	274.5	1481.8	2612.7	3352.3
117.9	292.9	1452.2	2670.2	3396.2
120.0	350.6	1553.9	2623.2	3486.2
124.0	349.5	1561.5	2573.7	3401.1
127.8	351.1	1570.6	2622.8	3503.2
132.7	763.7	1689.1	2679.0	3561.3
131.3	736.3	1610.2	2694.7	3629.3
0.0	419.0	1643.5	2670.2	3559.1
0.0	408.6	1648.6	2697.8	3602.7
148.4	462.9	1621.5	2724.3	3621.5
151.2	469.7	1579.4	2719.2	3614.6
154.4	481.1	1550.6	2726.1	3629.0
157.2	478.9	1524.8	2733.9	3623.6
164.4	475.0	1467.5	2735.4	3621.1
164.4	473.1	1444.8	2742.0	3617.2
164.4	476.9	1392.8	2750.4	3694.6
157.9	507.9	1357.3	2735.1	3694.9
157.9	725.9	1478.6	2778.6	3722.8
151.9	605.3	1621.9	2739.4	3802.1
169.0	611.4	1816.7	2882.4	3981.6
169.0	953.8	1794.6	2890.6	3962.3
0.0	744.4	1680.8	2868.2	3713.6
0.0	825.1	1620.6	2778.4	3417.8
157.9	403.8	1383.8	2558.0	3282.5
166.7	385.8	1168.8	2438.5	3043.8
0.0	333.3	1140.1	2349.8	2963.1
162.2	357.4	1138.9	2390.4	2993.9
179.1	348.6	1144.6	2379.5	2968.9
571.4	336.6	1134.3	2337.7	3034.2
157.9	354.4	1126.2	2225.8	2999.0
162.2	547.5	1295.9	2297.4	3006.4
166.7	555.2	1580.9	2410.3	3079.5
162.2	560.2	1707.5	2493.9	3215.1
155.8	558.4	1796.7	2565.7	3334.4
155.8	533.5	1869.3	2622.6	3464.9
153.8	506.8	1947.5	2648.3	3455.6
151.9	462.2	2031.5	2677.2	3418.6
151.9	447.9	2116.8	2683.0	3434.8
153.8	450.0	2249.2	2706.5	3478.4
150.7	452.7	2338.8	2774.0	3500.7
143.2	456.4	2297.9	2870.7	3487.3
133.4	606.3	2096.4	2996.2	3481.2
67.0	763.7	1550.9	2937.2	3530.5
65.6	813.3	2056.5	2992.5	3620.4
0.0	698.6	1953.1	2991.5	3640.1
0.0	939.6	1942.0	2922.0	3567.9
0.0	654.8	1922.6	2888.9	3490.8
0.0	396.0	2093.4	2824.1	3542.5
0.0	438.6	2097.1	2753.5	3550.9
146.3	423.3	2049.4	2703.3	3520.4
143.5	441.7	2007.8	2660.3	3491.6
137.9	435.3	1951.1	2640.6	3585.7
137.2	431.9	1912.3	2640.7	3665.4
133.6	407.0	1864.9	2600.1	3637.6
134.8	390.7	1838.0	2578.0	3636.7
130.4	385.1	1853.4	2571.9	3680.2
129.9	387.5	1911.1	2592.0	3604.3
126.3	395.7	2000.4	2621.6	3682.8
122.4	409.7	2076.0	2635.7	3840.7
102.6	410.5	2104.3	2661.0	3773.4
72.7	416.3	2127.3	2638.9	3582.0
0.0	404.8	2154.3	2621.0	3887.5
0.0	419.9	2158.0	2620.9	4047.5
0.0	442.1	2152.6	2594.7	4046.6
146.3	457.6	2144.3	2584.3	3912.2
148.9	448.1	2138.3	2572.8	3963.6
148.4	441.3	2103.9	2546.0	3940.8
148.1	450.6	2087.9	2562.6	3897.5
151.9	437.8	2058.6	2574.2	3867.2
148.1	434.5	2008.7	2557.0	3880.1
148.1	398.6	1899.8	2529.1	3850.6
148.1	434.4	1738.4	2486.1	3811.7
142.9	427.0	1700.4	2481.3	3726.5
71.8	466.6	1799.6	2515.2	3676.3
146.9	501.0	1941.9	2540.7	3672.4
148.4	470.7	2072.5	2636.2	3450.7
148.1	473.0	2176.5	2635.3	3067.2
146.4	444.1	2257.7	2697.5	3447.2
146.2	474.4	2327.4	2766.9	3416.7
145.6	397.6	2346.0	2804.1	3444.9
146.6	372.4	2369.4	2866.0	3448.4
146.3	372.0	2393.0	2894.1	3548.1
146.3	363.5	2390.2	2920.5	3541.9
146.3	339.8	2405.2	2928.5	3536.5
144.6	326.2	2427.8	2943.9	3470.2
144.6	298.1	2445.0	2910.2	3374.7
144.6	303.4	2438.3	2876.4	3328.5
144.6	298.4	2420.1	2748.8	3138.3
144.6	305.8	2437.4	2815.2	3198.7
141.2	318.7	2424.0	2702.6	3006.6
151.9	308.9	2401.0	2625.0	3029.9
148.1	317.2	2376.7	2643.7	3121.0
150.0	309.6	2358.1	2771.0	3220.6
150.0	321.7	2348.4	2783.2	3342.0
150.3	312.8	2320.4	2771.7	3407.9
150.3	324.9	2269.9	2744.1	3349.4
149.9	328.6	2187.1	2693.5	3290.5
148.4	347.8	2077.3	2669.9	3247.8
146.3	403.9	1921.7	2654.1	3393.4
144.5	397.6	1792.9	2603.5	3489.5
141.2	434.6	1690.1	2597.6	3543.8
137.9	378.5	1651.3	2538.3	3577.5
130.4	404.2	1643.4	2534.4	3631.2
131.9	574.5	1634.7	2537.7	3765.3
134.8	431.2	1622.7	2510.3	3757.0
0.0	421.4	1637.5	2531.9	3692.9
136.4	422.5	1668.0	2565.3	3689.2
136.4	432.8	1703.0	2555.6	3605.0
139.5	419.5	1764.3	2554.5	3541.6
139.4	430.1	1828.7	2579.4	3470.4
139.6	400.0	1882.4	2579.6	3303.3
141.8	396.2	1942.9	2596.0	3340.3
142.3	456.1	2023.0	2622.4	3322.4
140.2	370.8	2082.4	2624.4	3362.0
138.9	383.5	2080.0	2622.6	3336.1
137.5	390.5	2081.5	2639.7	3172.0
137.1	348.1	2075.5	2575.7	3142.0
135.9	414.7	2045.4	2530.8	3117.0
135.4	373.7	2016.3	2504.2	3109.7
135.7	400.3	1989.2	2397.6	3102.5
136.6	418.6	1908.1	2352.8	3122.7
137.9	466.6	1866.6	2474.3	3269.0
134.7	509.6	1829.4	2421.9	3337.9
130.7	519.1	1810.6	2434.3	3105.0
129.2	475.0	1761.3	2309.2	2975.3
125.2	444.8	1835.6	2449.8	3280.4
121.0	404.4	1921.8	2424.3	3321.4
113.2	705.3	1854.4	2424.3	3361.3
121.2	845.2	1769.6	2644.0	3488.5
0.0	825.8	1709.1	2660.4	3421.0
0.0	560.3	1651.2	2613.5	3353.5
0.0	719.2	1733.8	2554.4	3273.7
0.0	796.2	1805.1	2540.9	3284.8
0.0	877.2	1712.5	2649.7	3381.9
0.0	886.6	1670.0	2628.2	3347.0
0.0	884.3	1922.1	2648.8	3254.1
0.0	843.7	1989.7	2721.3	3227.8
0.0	720.7	1955.7	2730.3	3229.1
0.0	803.7	1991.7	2713.0	3293.0
0.0	599.1	1714.0	2687.1	3336.2
0.0	574.8	1701.9	2621.4	3402.3
0.0	559.6	1923.7	2698.0	3449.5
500.0	572.2	1910.7	2764.5	3450.7
0.0	883.7	2082.2	2732.7	3518.7
0.0	910.8	2114.1	2682.0	3448.2
545.5	921.9	1974.9	2662.6	3428.4
68.2	971.6	1924.9	2636.9	3494.6
0.0	1119.2	1944.3	2568.1	3465.1
0.0	855.9	1898.5	2545.3	3429.6
159.1	848.5	1827.0	2483.0	3489.1
155.5	850.6	1770.7	2450.7	3491.6
150.0	893.7	1754.5	2400.0	3414.8
148.0	883.1	1735.3	2406.3	3414.1
143.3	916.6	1726.7	2541.7	3365.1
138.3	969.8	1656.8	2534.1	3275.2
136.7	945.2	1553.3	2565.5	3288.8
136.6	968.9	1493.1	2570.4	3291.3
139.5	940.6	1425.6	2519.8	3294.4
136.9	897.8	1412.6	2618.2	3329.9
137.2	847.6	1336.1	2592.7	3317.9
141.2	836.0	1262.7	2486.0	3415.8
141.0	841.6	1252.0	2495.5	3394.4
144.2	768.1	1092.6	2492.3	3354.3
146.0	715.4	1077.0	2354.2	3323.6
146.3	611.9	1037.4	2343.0	3307.5
148.1	572.6	1011.3	2403.5	3266.9
148.1	574.6	976.0	2436.2	3190.0
148.1	526.9	902.7	2514.2	3331.6
148.7	523.8	910.3	2687.0	3423.9
150.0	542.7	921.8	2755.6	3426.8
151.7	561.7	981.7	2426.2	3414.3
152.0	566.5	1036.1	2345.5	3408.1
152.2	610.9	1137.7	2282.3	3425.4
151.8	608.3	1245.6	2250.7	3397.1
150.1	604.4	1360.0	2213.5	3382.4
148.5	604.2	1450.2	2206.3	3405.9
74.5	584.9	1528.2	2190.1	3421.8
139.5	585.9	1630.5	2192.6	3449.4
85.8	559.1	1659.7	2251.6	3479.3
74.8	548.1	1686.4	2301.2	3429.6
127.7	514.1	1751.4	2359.3	3358.9
0.0	557.4	1682.9	2468.1	3345.2
0.0	629.0	1705.8	2513.3	3369.4
0.0	940.6	1939.4	2750.8	3445.2
0.0	630.6	1748.2	2724.4	3537.1
0.0	599.1	1726.4	2654.6	3572.1
0.0	636.4	1711.4	2505.6	3498.2
0.0	721.2	1679.8	2649.7	3372.7
