0.0	0.0	0.0	0.0	0.0
0.0	0.0	0.0	0.0	0.0
0.0	0.0	0.0	0.0	0.0
0.0	657.9	1763.8	2667.8	3497.6
0.0	650.1	1707.0	2557.4	3439.1
0.0	878.4	1966.2	2598.2	3442.2
0.0	814.3	1612.8	2493.5	3415.6
76.9	785.1	1579.9	2544.5	3406.7
123.7	768.5	1595.7	2528.3	3376.5
0.0	661.4	1588.6	2504.4	3356.6
375.0	643.8	1544.0	2437.0	3286.0
480.0	667.0	1543.4	2340.4	3372.2
0.0	660.3	1540.3	2472.1	3370.2
0.0	765.1	1585.1	2609.7	3277.6
0.0	886.0	1686.3	2660.8	3323.5
0.0	870.3	1696.8	2692.4	3367.9
0.0	945.2	1822.5	2676.4	3422.7
0.0	706.2	1630.7	2531.9	3415.1
272.7	667.1	1468.3	2530.1	3269.1
171.4	664.7	1602.6	2632.9	3332.5
545.5	639.2	1621.5	2563.9	3437.8
0.0	572.2	1335.4	2430.7	3222.4
0.0	589.2	1314.7	2467.7	3099.5
0.0	607.4	1300.8	2451.6	3099.3
133.8	564.3	1289.2	2406.2	3106.3
129.0	550.0	1275.2	2401.6	3115.0
132.6	564.7	1329.4	2400.4	3168.6
134.8	1091.3	1896.0	2737.8	3455.6
142.9	1109.6	1949.2	2705.9	3388.8
96.0	724.2	1793.3	2647.2	3364.8
428.6	926.1	1849.0	2616.3	3392.3
97.6	960.2	1947.4	2668.0	3389.5
0.0	923.4	1874.7	2801.0	3489.3
285.7	546.6	1679.3	2625.0	3393.7
0.0	558.5	1539.5	2637.8	3350.9
0.0	473.8	1550.5	2661.1	3450.1
375.0	670.0	1795.3	2622.4	3349.4
461.5	681.7	1802.5	2504.3	3338.9
210.5	1000.9	1909.1	2575.1	3330.2
0.0	537.3	1854.9	2610.6	3235.9
0.0	329.1	1930.9	2646.5	3223.5
172.2	321.1	1945.5	2646.4	3243.4
144.6	304.3	1959.2	2664.6	3239.5
144.6	296.0	1959.9	2606.6	3240.7
146.3	297.2	1960.5	2539.5	3232.7
144.6	292.9	1942.7	2488.8	3224.3
144.6	298.6	1928.3	2461.8	3229.4
150.0	299.9	1921.4	2413.2	3220.3
146.3	297.6	1927.9	2380.2	3231.9
148.1	295.9	1940.9	2377.1	3207.3
74.1	309.4	1945.6	2356.4	3241.9
151.9	314.5	1953.2	2412.7	3260.9
155.8	317.9	1967.3	2511.1	3275.1
155.8	320.1	1988.5	2673.6	3278.1
155.8	302.1	1995.2	2796.1	3291.2
153.8	305.5	1987.4	2742.0	3291.2
153.8	304.5	1990.8	2723.9	3297.4
150.0	316.5	1971.8	2722.2	3283.2
150.0	340.9	1962.0	2676.8	3248.3
148.1	310.1	1912.2	2607.9	3243.3
151.9	333.3	1883.8	2526.0	3222.0
146.3	442.0	1844.8	2396.3	3196.2
146.3	412.9	1800.6	2620.5	3221.5
146.2	465.0	1763.1	2629.6	3298.4
146.2	445.5	1738.8	2605.9	3296.8
146.6	467.6	1751.8	2432.7	3237.9
146.8	440.4	1718.5	2091.5	3218.4
146.8	442.8	1742.8	2537.5	3366.0
146.9	438.7	1714.9	2641.9	3499.3
146.1	422.4	1680.1	2510.6	3420.0
145.3	426.9	1620.8	2599.8	3483.3
142.3	392.1	1605.4	2582.9	3424.6
137.7	544.0	1713.1	2995.6	3525.6
131.9	695.0	1852.9	3084.4	3657.6
130.4	826.1	1787.8	2860.0	3787.6
0.0	889.4	1795.0	2924.5	3816.6
0.0	943.4	1780.2	2880.5	3603.5
300.0	835.3	1816.7	2719.6	3431.8
0.0	825.1	1815.8	2742.0	3432.9
0.0	330.0	994.4	2790.8	3399.6
0.0	351.1	950.9	2925.0	3409.8
133.3	337.8	929.4	2932.2	3425.0
132.7	471.9	919.9	3059.5	3456.4
132.0	427.0	994.0	2768.5	3485.5
131.4	507.5	1160.5	2522.8	3566.0
130.1	533.3	1248.6	2493.1	3494.3
126.7	534.0	1377.8	2439.7	3443.9
126.3	518.5	1477.0	2403.4	3495.1
126.7	506.3	1580.8	2400.2	3495.3
126.2	500.6	1654.9	2394.6	3472.1
125.2	501.2	1727.6	2383.0	3483.9
124.8	471.5	1774.5	2410.3	3501.1
124.7	464.9	1806.8	2416.8	3435.6
124.8	462.4	1821.6	2423.4	3378.0
124.8	460.6	1810.0	2413.5	3376.1
124.8	434.4	1779.1	2412.9	3413.9
124.5	467.4	1690.4	2337.0	3409.2
123.9	341.7	1561.3	2295.1	3353.0
122.7	404.5	1596.4	2323.5	3369.5
97.4	412.8	1639.4	2334.2	3407.2
0.0	397.1	1617.4	2228.6	3339.6
123.0	397.0	1589.2	2050.1	3072.0
124.4	397.3	1553.1	1964.5	3029.1
125.0	407.2	1503.7	1900.1	3051.3
124.8	398.3	1472.0	1930.3	3106.9
124.1	387.9	1463.4	1999.1	3181.1
123.7	390.0	1481.4	2238.6	3260.0
123.5	372.6	1478.0	2347.1	3286.3
123.1	372.4	1436.8	2323.8	3317.1
122.0	380.2	1354.0	2312.4	3335.0
116.7	267.8	1376.5	2305.5	3311.8
63.5	286.9	1369.2	2371.6	3293.8
116.4	352.8	1397.1	2336.4	3295.3
116.2	377.4	1408.4	2372.8	3302.6
121.6	373.7	1477.1	2433.2	3339.2
0.0	380.3	1524.1	2429.7	3374.9
121.7	371.5	1538.0	2439.1	3395.5
120.1	361.3	1552.2	2448.3	3369.4
120.0	374.9	1546.4	2439.2	3389.3
118.8	418.6	1523.1	2408.7	3422.4
116.6	242.9	1518.1	2369.9	3435.1
104.4	232.8	1550.0	2396.5	3461.1
117.6	238.3	1534.2	2395.8	3448.6
113.9	222.3	1530.9	2384.7	3461.9
111.1	225.3	1537.6	2413.7	3462.9
109.1	224.0	1571.0	2478.2	3455.5
105.3	656.6	1704.4	2483.6	3477.1
0.0	387.0	1625.9	2406.8	3418.9
0.0	410.6	1595.1	2366.3	3320.7
124.3	442.7	1555.5	2300.3	3264.2
124.7	486.4	1491.6	2288.1	3209.4
123.7	496.8	1375.9	2274.6	3185.1
122.3	501.9	1325.6	2240.7	3174.5
122.2	533.2	1213.7	2228.8	3171.0
121.5	564.9	1146.5	2258.3	3198.6
121.6	647.5	1096.9	2222.0	3178.9
120.2	712.8	1051.3	2224.7	3206.1
120.8	729.7	993.9	2224.2	3238.9
121.4	687.7	952.5	2289.5	3241.9
122.2	892.7	2080.2	2761.3	3503.1
121.9	827.3	2128.3	2764.6	3537.4
121.8	782.4	2108.0	2735.2	3556.2
122.1	749.3	2087.5	2608.2	3438.0
121.0	679.0	2036.5	2565.6	3503.8
119.6	361.1	944.3	2418.1	2904.5
118.3	664.1	1853.3	2527.5	3699.2
118.4	314.2	930.5	2424.2	3621.9
118.5	333.2	951.0	2411.9	3671.1
117.5	346.3	969.5	2384.7	3500.9
116.1	377.5	967.9	2311.1	3450.3
112.9	332.6	2080.2	2343.5	3443.4
113.2	748.2	1746.5	2361.9	3257.8
108.5	945.4	1808.2	2521.4	3423.3
73.7	689.8	1518.6	2447.5	3344.1
0.0	912.5	1636.9	2355.0	3238.8
0.0	701.4	1565.7	2453.1	3256.8
0.0	863.3	1638.0	2598.3	3339.5
0.0	940.0	1684.5	2587.3	3346.0
521.7	766.0	1626.4	2467.1	3319.3
173.9	615.4	1578.0	2365.9	3233.8
352.9	618.1	1509.8	2371.0	3206.7
0.0	463.9	1480.5	2356.3	3221.6
0.0	490.3	1447.3	2359.3	3215.6
131.5	527.0	1432.8	2394.2	3265.1
118.8	560.2	1408.9	2432.5	3236.9
0.0	581.3	1355.8	2478.7	3261.3
0.0	573.1	1306.3	2513.2	3315.4
0.0	592.2	1243.8	2552.2	3311.4
0.0	595.3	1173.1	2577.1	3342.6
111.1	578.8	1097.9	2613.7	3375.5
124.8	589.1	1044.2	2639.8	3428.1
0.0	563.8	1001.1	2652.2	3472.1
0.0	594.7	983.3	2597.3	3483.3
0.0	574.4	969.8	2548.3	3504.0
0.0	546.0	974.8	2574.1	3539.0
127.8	604.6	1011.7	2445.4	3575.5
112.1	574.1	1068.4	2325.0	3552.6
119.8	592.0	1167.3	2396.3	3494.7
115.6	570.5	1229.4	2450.7	3458.9
0.0	593.8	1279.6	2466.9	3452.9
133.1	570.6	1361.9	2514.3	3401.9
108.2	585.4	1410.6	2545.1	3398.0
0.0	527.2	1421.1	2537.0	3392.0
0.0	539.9	1423.2	2514.9	3397.7
0.0	516.8	1445.7	2494.4	3410.0
133.5	474.4	1452.5	2448.9	3422.2
109.8	484.0	1448.9	2411.1	3464.0
126.3	419.3	1404.1	2438.8	3350.0
113.9	348.1	1518.0	2451.1	3286.3
117.6	313.9	1631.5	2466.7	3431.3
120.0	261.6	1553.0	2483.0	3359.0
118.8	898.6	1584.0	2530.6	3102.2
119.2	782.3	1542.6	2540.6	3024.3
114.2	749.3	1600.1	2554.1	3259.6
112.1	587.7	1460.0	2497.2	3097.2
0.0	836.2	1734.4	2556.3	3245.9
0.0	691.2	1731.5	2504.9	3255.5
0.0	625.3	1609.1	2343.4	3279.5
96.0	716.4	1818.2	2590.6	3467.1
118.8	736.9	1777.9	2517.9	3468.6
