0.0	0.0	0.0	0.0	0.0
0.0	0.0	0.0	0.0	0.0
0.0	0.0	0.0	0.0	0.0
0.0	409.3	1652.0	2684.3	3559.0
0.0	423.0	1796.8	2680.0	3433.7
0.0	533.6	1738.2	2643.8	3417.4
0.0	548.5	1568.3	2540.9	3378.7
0.0	558.8	1568.3	2448.5	3367.8
0.0	782.4	1715.8	2571.5	3454.2
0.0	942.2	1999.9	2800.0	3435.3
0.0	908.4	1849.1	2713.5	3360.4
0.0	840.8	1836.6	2533.1	3357.7
0.0	845.5	1905.8	2574.8	3257.4
0.0	961.6	2055.3	2514.5	3227.9
0.0	856.3	2010.4	2481.4	3265.6
0.0	875.8	1936.6	2477.7	3391.3
0.0	944.5	1911.9	2516.3	3455.1
0.0	400.9	1717.0	2523.9	3335.2
0.0	449.4	1010.0	2166.1	3079.2
0.0	465.9	1013.1	2302.5	3077.9
201.2	483.7	1060.4	2307.6	3104.2
66.9	505.5	1129.5	2294.7	3178.3
0.0	512.1	1204.2	2282.1	3166.9
123.5	519.3	1293.1	2260.4	3183.9
128.7	503.6	1368.9	2266.9	3171.5
125.0	497.9	1390.0	2271.7	3243.5
125.2	499.1	1360.8	2275.4	3226.3
124.1	697.2	1359.5	2345.6	2978.1
111.5	447.0	1442.7	2374.2	3297.1
127.9	465.9	1517.2	2381.0	3458.5
124.5	476.1	1558.0	2399.3	3401.3
124.4	468.9	1586.2	2441.2	3410.3
124.1	458.1	1603.9	2487.2	3448.5
123.5	499.8	1587.7	2460.6	3463.3
122.5	518.1	1548.2	2371.9	3489.1
121.5	316.6	1490.6	2372.3	3416.2
121.2	321.8	1866.6	2436.1	3202.2
123.7	275.1	1740.8	2423.3	2856.7
123.7	298.3	2081.0	2443.9	3439.4
125.0	277.1	1965.0	2433.4	3343.3
127.7	272.4	1703.9	2432.7	3185.6
131.9	311.1	1629.7	2392.7	3497.7
131.9	425.2	1617.9	2410.6	3586.4
142.9	440.4	1631.8	2491.1	3611.1
139.9	391.4	1635.0	2496.1	3588.4
144.6	442.2	1625.7	2495.1	3579.5
147.3	410.7	1598.1	2473.7	3568.4
150.0	445.4	1573.8	2483.7	3556.6
150.0	447.4	1557.8	2511.7	3572.1
148.1	437.3	1597.1	2613.3	3572.2
148.1	521.1	1692.3	2888.0	3582.9
137.9	740.4	1766.7	3046.2	3624.6
120.0	807.4	1798.2	3083.3	3667.6
0.0	750.1	1678.9	3061.8	3633.1
0.0	774.6	1579.9	2987.0	3573.8
400.0	700.1	1452.1	2822.7	3492.6
521.7	989.0	1496.0	2953.4	3362.4
375.0	933.3	1529.1	2763.5	3338.8
375.0	1097.1	1611.8	2418.0	3336.1
235.3	858.8	1717.0	2490.0	3326.5
80.5	902.8	1778.8	2583.8	3401.6
266.7	933.8	1707.7	2596.7	3467.7
75.9	591.4	1451.3	2444.6	3566.7
0.0	493.4	1308.8	2384.9	3511.5
157.6	604.2	2222.1	2550.7	3680.0
148.1	721.3	2015.4	2540.6	3666.5
144.1	502.6	811.5	2408.5	3536.9
143.5	555.9	865.6	2387.4	3449.6
143.3	560.2	949.2	2182.4	3310.4
144.2	561.1	1030.7	2268.9	3281.4
144.3	558.1	1093.0	2165.4	3226.0
144.5	570.3	1172.4	2197.0	3217.5
144.7	578.2	1224.6	2307.1	3352.6
145.3	567.3	1290.6	2275.8	3545.1
146.2	560.0	1324.1	2269.5	3576.8
146.7	509.5	1280.9	2386.0	3543.8
146.3	305.8	1137.4	2490.1	3393.5
72.8	318.7	1890.9	2483.2	3555.8
145.8	364.7	1910.4	2486.3	3565.8
143.5	398.2	1486.3	2460.7	3067.0
142.0	788.5	2000.5	2578.4	3536.2
135.9	660.2	2043.2	2875.5	3586.5
134.8	811.0	2022.6	2920.3	3779.7
0.0	740.6	1800.9	2929.6	3758.1
0.0	828.0	1786.4	2968.0	3773.1
0.0	621.2	1969.7	2965.2	3801.7
0.0	718.7	2025.9	3028.3	3818.5
0.0	680.1	2008.7	2898.0	3721.9
0.0	855.8	1836.9	2908.7	3663.8
0.0	830.9	1989.4	3108.9	3685.0
97.6	879.4	2092.8	3073.7	3662.7
0.0	633.5	1682.2	2579.9	3578.0
413.8	579.6	1560.7	2456.3	3523.3
0.0	490.5	1470.7	2436.9	3537.3
153.8	560.2	1449.4	2398.7	3554.5
148.6	564.2	1458.2	2345.5	3590.8
142.5	562.8	1501.7	2325.1	3634.5
136.4	564.5	1506.3	2285.6	3518.2
136.4	545.8	1542.7	2253.5	3400.1
137.9	563.3	1586.4	2247.8	3366.1
139.5	539.0	1642.3	2232.0	3350.4
141.2	545.8	1714.3	2162.6	3275.9
141.2	446.0	1759.3	2226.7	3282.9
142.9	398.8	1846.3	2403.6	3332.4
136.4	575.0	1965.5	2600.8	3555.2
71.0	1067.3	2114.3	2738.9	3527.2
63.5	1035.7	2005.8	2665.6	3416.3
0.0	1236.2	2108.2	2777.8	3531.9
0.0	898.5	2241.2	2702.7	3513.4
0.0	1263.9	2286.1	2960.0	3578.0
0.0	1234.0	2203.1	3076.2	3597.0
0.0	1132.2	1983.8	3016.6	3537.9
0.0	898.8	1912.2	3002.7	3422.9
0.0	863.1	1828.5	2947.8	3025.2
0.0	744.0	1785.2	2549.4	3176.5
0.0	824.5	1764.9	2455.6	3207.0
0.0	505.9	1366.4	2480.1	3516.0
176.6	518.3	1361.4	2514.3	3664.5
147.5	573.0	1496.5	2565.7	3631.0
134.9	614.6	1936.0	2569.0	3687.8
130.4	351.7	2088.8	2557.4	3700.9
125.7	334.4	2079.1	2547.8	3742.2
123.8	333.5	2095.8	2533.2	3740.3
121.7	306.0	2168.8	2508.2	3753.5
120.8	322.1	2207.2	2470.8	3758.1
121.4	388.2	2144.3	2423.7	3684.7
121.9	460.4	2062.2	2358.7	3534.4
123.9	470.0	1005.7	2297.6	3420.4
123.1	486.3	1195.1	2204.4	3414.7
122.2	489.1	1349.7	2175.2	3350.0
121.7	482.7	1502.8	2150.3	3340.8
120.0	443.8	1590.5	2145.6	3346.4
118.8	374.4	1579.8	2132.6	3357.5
118.4	323.4	1492.3	2122.7	3343.5
118.1	354.1	1323.3	2148.9	3358.3
117.8	296.4	1165.0	2151.1	3392.8
116.9	346.1	886.0	2177.3	3395.9
115.2	350.3	784.3	2237.9	3272.5
114.1	380.8	682.4	2269.9	3068.5
113.9	290.1	663.5	2285.1	3184.4
113.5	422.9	1937.2	2331.1	3374.6
114.4	388.2	761.6	2316.7	3449.5
114.8	425.3	1169.8	2331.4	3508.3
115.6	398.1	708.9	2372.2	3486.9
118.0	421.8	743.2	2388.6	3471.5
121.2	380.4	812.2	2403.7	3572.6
122.4	433.5	925.9	2381.7	3477.7
126.3	471.6	1025.2	2344.3	3340.4
123.7	509.0	1131.1	2343.4	3290.6
126.2	525.2	1177.2	2375.9	3281.7
127.7	539.4	1185.6	2437.2	3296.0
129.0	556.3	1178.3	2504.2	3338.3
130.5	575.2	1167.5	2528.1	3262.9
131.9	576.1	1119.2	2541.2	3201.2
134.0	574.2	1075.5	2520.0	3176.3
136.3	572.0	1038.1	2465.3	3186.6
137.6	585.0	1027.6	2445.7	3306.1
139.5	588.7	1043.2	2398.9	3388.6
139.5	493.9	1020.9	2306.2	3629.7
141.2	476.4	1028.1	2284.9	3653.4
137.4	340.4	1061.2	2373.4	3475.4
74.1	1080.0	1843.5	2662.0	3444.4
68.3	1062.7	1361.8	2401.8	3334.4
71.4	1116.6	1583.7	2562.2	3455.9
0.0	955.0	1621.4	2649.3	3479.6
0.0	689.6	1393.9	2541.3	3471.4
428.6	554.9	1349.1	2377.3	3588.3
428.6	998.3	1372.1	2382.9	3586.5
134.8	500.5	1204.5	2374.7	3549.1
194.0	562.5	1148.0	2452.3	3422.2
0.0	558.0	1108.4	2432.5	3376.3
140.8	705.1	1150.1	2400.6	3450.6
137.4	329.7	1188.2	2414.2	3605.3
129.3	316.4	1450.5	2539.6	3629.5
136.1	288.2	1560.9	2536.9	3503.3
135.0	395.4	2064.0	2538.9	3691.5
131.3	288.2	2119.7	2500.5	3781.4
129.3	284.7	2071.8	2469.8	3536.5
129.0	278.1	1372.9	2389.6	3066.7
122.4	277.0	1279.9	2361.1	3110.3
116.5	324.6	1321.3	2372.2	3362.7
210.5	403.4	1441.3	2437.7	3403.4
0.0	433.8	1446.8	2451.9	3321.2
0.0	441.4	1403.1	2416.3	3283.6
120.0	459.8	1344.5	2427.4	3306.3
109.1	493.9	1262.7	2479.1	3211.1
118.9	526.8	1205.0	2465.7	3188.7
0.0	552.3	1145.4	2402.8	3190.3
0.0	546.9	1092.6	2445.4	3247.9
0.0	530.7	1045.0	2456.0	3221.3
120.3	534.3	1012.2	2468.0	3169.8
123.7	592.0	1030.4	2457.5	3161.1
117.6	615.1	1037.8	2468.2	3177.6
115.2	615.2	1041.4	2452.8	3173.5
115.4	628.6	1052.0	2455.6	3217.7
115.7	646.0	1054.9	2457.1	3287.6
117.5	643.2	1072.4	2435.5	3337.2
116.5	636.2	1101.3	2420.5	3343.1
120.0	623.8	1132.4	2406.1	3317.1
120.0	613.9	1198.4	2388.5	3293.7
121.2	604.2	1236.2	2380.7	3267.6
121.8	587.4	1274.2	2364.3	3295.7
124.0	561.3	1347.4	2354.3	3403.6
123.9	537.6	1377.9	2328.1	3417.9
123.6	503.3	1358.5	2397.8	3473.9
122.0	442.7	1346.3	2452.0	3477.8
103.8	470.3	1414.3	2441.5	3438.6
0.0	473.1	1486.5	2484.2	3445.1
121.9	470.3	1507.5	2495.1	3375.3
119.4	458.4	1513.7	2488.0	3510.3
116.1	468.3	1549.0	2499.2	3569.5
115.5	463.2	1575.3	2525.0	3489.7
114.8	478.5	1585.4	2513.0	3310.6
117.2	495.0	1546.1	2497.9	3282.8
117.3	522.1	1507.0	2484.8	3402.7
115.7	437.3	1501.1	2475.1	3431.2
112.7	406.3	1552.3	2516.3	3312.0
111.9	565.9	1575.0	2605.7	3210.0
116.9	476.4	1565.0	2843.9	3570.9
113.9	397.5	1520.3	1904.6	3033.6
115.1	427.6	1512.3	1875.4	3062.8
114.8	402.2	1488.9	1861.7	3092.9
114.1	370.5	1455.6	1805.2	3076.6
117.6	386.7	1460.2	1783.2	3085.4
203.4	381.1	1471.1	1838.9	3113.1
155.6	382.3	1554.1	1876.6	3110.4
74.2	375.8	1591.3	1920.5	3135.0
69.3	407.6	1574.3	1977.0	3109.2
154.8	461.7	1553.1	2033.3	3107.6
145.9	459.6	1587.3	2145.0	3241.1
135.9	1013.0	1613.8	2479.3	3229.6
127.7	424.7	1627.1	2528.5	3232.4
69.0	841.7	1855.3	2552.9	3422.1
0.0	715.1	1761.7	2706.8	3517.0
352.9	658.7	1708.1	2823.7	3475.1
0.0	752.9	1772.9	2911.4	3546.4
255.3	931.6	1916.8	3180.7	3612.1
0.0	700.9	1899.9	3124.0	3632.3
0.0	779.9	1928.0	3106.1	3654.6
375.0	767.8	1703.6	2930.2	3545.3
0.0	981.5	1951.0	2960.3	3539.2
0.0	992.1	1906.9	2757.7	3472.1
0.0	742.3	1660.6	2589.4	3479.2
0.0	666.0	1558.4	2669.2	3487.4
0.0	581.8	1550.9	2452.1	3439.0
91.6	601.6	1561.6	2320.0	3408.8
171.4	624.7	1547.6	2303.6	3421.2
99.2	664.4	1508.4	2224.4	3456.5
117.6	823.9	1654.7	2295.2	3432.6
107.9	831.4	1525.4	2413.3	3433.9
0.0	774.8	1492.2	2385.8	3399.5
0.0	795.0	1448.9	2343.3	3388.0
0.0	577.0	1409.8	2295.3	3320.3
0.0	693.7	1533.6	2432.0	3411.2
0.0	520.2	1449.1	2434.1	3383.3
