0.0	0.0	0.0	0.0	0.0
0.0	0.0	0.0	0.0	0.0
0.0	0.0	0.0	0.0	0.0
0.0	882.3	1754.6	2446.5	3357.2
0.0	648.8	1688.0	2521.2	3397.6
0.0	692.2	1664.1	2505.9	3306.4
0.0	865.7	1720.4	2560.4	3315.0
0.0	861.8	1736.7	2631.8	3431.8
0.0	848.2	1755.8	2582.6	3442.2
226.4	840.1	1767.2	2626.8	3519.4
117.6	796.3	1743.0	2571.0	3472.6
0.0	723.4	1639.7	2465.3	3363.7
0.0	700.3	1624.3	2512.1	3429.3
0.0	966.7	1679.8	2616.1	3474.7
0.0	944.5	1808.2	2642.6	3412.6
0.0	904.0	1789.1	2516.3	3344.6
0.0	891.0	1689.2	2577.9	3356.5
545.5	713.1	1589.2	2410.2	3246.1
0.0	525.4	1652.2	2346.0	3257.4
0.0	452.3	1698.7	2322.8	3342.5
0.0	445.7	1721.1	2335.0	3392.5
109.0	440.5	1762.8	2364.5	3409.0
108.6	437.7	1797.5	2394.2	3455.3
108.8	428.8	1864.4	2398.9	3462.0
108.2	419.3	1902.7	2427.4	3464.2
108.2	417.2	1924.5	2403.9	3500.6
109.0	354.1	1950.4	2357.0	3541.6
109.2	358.6	1956.2	2326.7	3556.3
101.7	554.8	1876.4	2341.5	3547.7
100.0	916.7	1783.0	2422.0	3479.8
87.0	911.8	1801.9	2444.2	3449.3
67.8	890.6	1829.2	2412.3	3464.5
0.0	840.2	1876.9	2450.0	3505.0
0.0	1070.9	1909.5	2583.3	3675.2
0.0	940.6	1799.2	2638.7	3723.4
0.0	815.2	1722.0	2699.9	3667.2
444.4	693.1	1730.5	2928.8	4186.0
300.0	698.1	1731.0	2850.7	3942.2
131.9	783.4	1664.2	2918.4	3924.0
190.5	1030.9	1768.1	3035.8	4369.7
64.2	1212.3	1906.9	3153.5	4568.5
0.0	1235.1	1943.4	2981.6	4026.6
0.0	1167.5	1892.1	2700.9	3634.0
0.0	1270.1	2147.6	2879.3	3739.0
0.0	593.4	1824.5	2671.7	3609.8
0.0	649.0	1649.2	2747.4	3478.9
240.0	842.6	1592.5	2732.8	3349.0
102.6	1013.3	1640.4	2895.1	3531.6
72.7	851.6	1540.2	2611.2	3681.3
63.5	433.5	952.6	2341.7	3494.9
0.0	385.2	969.9	2368.7	3398.0
115.5	457.9	1025.9	2390.8	3325.1
108.1	483.8	1078.6	2418.4	3315.3
106.2	492.0	1094.0	2409.5	3258.4
103.5	488.1	1107.6	2412.9	3211.6
103.5	494.4	1093.6	2397.7	3211.7
103.5	488.8	1069.1	2403.7	3214.1
103.5	479.9	1052.7	2428.9	3219.7
103.4	465.4	1023.3	2445.1	3226.3
103.4	459.0	1001.7	2465.1	3244.2
103.4	439.6	962.7	2475.8	3295.8
103.4	424.0	910.8	2497.7	3306.4
101.7	437.8	891.2	2503.8	3290.6
101.7	438.9	882.1	2443.2	3270.7
97.6	422.1	864.6	2442.6	3303.5
97.6	332.1	855.0	2450.1	3335.7
97.6	333.5	880.4	2445.9	3359.4
95.2	407.9	962.6	2452.3	3325.6
97.6	468.6	1257.3	2378.4	3323.0
101.7	446.3	1314.9	2369.2	3301.8
105.3	424.3	1543.6	2316.9	3266.3
104.7	409.5	1718.7	2255.1	3298.6
104.3	395.6	1799.4	2245.7	3334.9
104.3	380.1	1850.7	2312.6	3334.0
103.4	378.2	1879.3	2333.8	3349.4
102.6	382.8	1879.9	2334.7	3353.6
101.7	391.4	1865.0	2329.4	3372.0
100.8	398.7	1839.0	2303.4	3392.6
100.6	401.7	1797.9	2318.6	3394.7
100.0	416.0	1745.9	2304.0	3407.5
99.3	417.0	1683.0	2293.0	3387.0
98.5	425.4	1636.2	2290.1	3385.0
98.4	431.9	1580.3	2306.7	3397.9
96.1	432.8	1532.8	2336.2	3422.5
87.6	407.4	1373.6	2347.0	3331.6
0.0	389.0	1294.0	2467.6	3347.9
118.8	903.1	1541.5	2607.0	3383.6
83.3	736.4	1600.7	2609.4	3397.6
66.3	313.9	1661.8	2508.7	3396.6
0.0	316.2	1052.4	2484.8	3397.0
0.0	318.7	992.3	2618.9	3352.8
0.0	330.0	1012.7	2929.5	3349.3
97.6	311.9	1068.0	2950.2	3525.8
95.2	379.3	1310.3	2750.9	3526.4
0.0	420.5	1492.9	2340.4	3462.2
0.0	322.3	1621.3	2261.0	3367.0
95.2	317.5	1866.0	2301.6	3363.9
99.2	318.6	1892.9	2332.8	3350.7
99.2	304.1	1921.4	2351.2	3344.6
99.2	295.0	1944.7	2377.5	3353.0
98.4	297.0	1941.4	2401.9	3371.9
96.8	306.3	1917.2	2386.8	3405.3
94.5	334.1	1782.9	2391.0	3454.1
89.6	665.1	1744.4	2402.9	3468.2
90.9	850.0	1866.1	2476.2	3503.1
95.2	960.9	1929.3	2579.5	3656.7
0.0	425.3	1676.1	2623.7	3712.6
206.9	725.2	1732.6	2746.1	3774.5
108.1	688.7	1597.4	2500.1	3568.9
64.2	876.1	1410.0	2449.4	3353.5
96.8	846.0	1420.7	2403.0	3349.2
72.7	756.5	1360.4	2349.5	3377.8
0.0	828.7	1248.3	2375.3	3309.7
0.0	1080.4	1850.8	2645.9	3344.4
0.0	1095.4	1884.5	2618.6	3401.4
0.0	770.4	1742.1	2459.7	3451.7
0.0	761.2	1497.5	2458.6	3380.1
105.3	774.4	1590.4	2429.1	3355.1
0.0	661.1	1571.4	2434.8	3309.4
0.0	497.9	1075.4	2365.2	3285.8
0.0	467.1	871.7	2369.4	3261.5
102.7	487.6	897.0	2405.8	3327.6
99.5	519.9	961.0	2357.6	3375.2
99.0	529.4	1077.9	2329.7	3368.1
98.5	555.8	1187.8	2292.1	3371.1
97.1	527.7	1263.0	2314.8	3419.3
96.8	525.8	1290.2	2363.8	3352.5
96.1	441.9	1283.5	2360.0	3112.0
94.1	554.8	1273.2	2352.4	3060.3
93.0	601.3	1363.8	2357.6	3109.3
95.8	450.1	1476.2	2448.9	3421.3
92.0	696.4	1535.7	2467.4	3568.5
93.0	691.0	1615.5	2384.9	3456.3
90.6	642.5	1624.0	2307.5	3484.0
89.0	725.4	1580.5	2255.1	3409.2
89.6	631.4	1606.4	2289.9	3433.1
90.4	622.3	1594.0	2361.8	3452.6
95.4	602.0	1608.9	2392.3	3457.5
98.8	629.9	1610.5	2333.4	3500.8
100.0	636.2	1580.7	2371.2	3491.8
99.8	608.4	1545.8	2333.2	3440.2
97.6	592.1	1530.5	2341.5	3464.3
97.0	586.3	1507.6	2323.0	3523.4
96.6	608.6	1508.0	2300.2	3506.2
95.9	636.8	1499.8	2322.6	3474.8
95.4	632.4	1485.0	2264.4	3517.6
95.2	623.2	1465.9	2269.8	3405.2
93.0	621.6	1458.9	2401.1	3359.3
91.6	627.4	1434.6	2380.0	3462.1
90.1	666.3	1439.4	2473.2	3416.4
0.0	840.1	1490.1	2625.1	3317.9
0.0	866.9	1513.2	2495.2	3360.2
0.0	933.1	1699.9	2620.2	3392.3
0.0	905.2	1653.1	2560.2	3339.4
0.0	793.0	1595.9	2532.4	3467.3
0.0	704.1	1563.4	2483.6	3412.4
0.0	655.6	1579.8	2495.6	3382.6
0.0	599.2	1340.3	2364.5	3366.1
0.0	615.9	1370.3	2407.0	3268.6
0.0	628.3	1362.2	2321.7	3192.4
0.0	615.9	1317.7	2267.2	3521.9
110.5	644.0	1306.1	2275.0	3643.3
89.1	646.3	1289.8	2260.7	3609.7
95.4	651.1	1298.3	2276.5	3550.1
96.0	648.0	1314.2	2281.8	3484.1
95.3	625.7	1252.1	2263.6	3405.1
94.5	643.5	1166.8	2234.4	3358.5
94.5	619.7	1129.0	2207.4	3330.8
95.1	625.6	1111.2	2196.0	3287.3
95.4	732.3	1108.2	2185.9	3357.9
95.3	610.8	1102.8	2161.4	3264.1
95.2	598.7	1096.7	2112.5	3158.3
95.9	589.6	1091.8	2073.1	3139.1
95.9	575.4	1090.5	2005.4	3169.7
95.6	534.3	1094.6	1944.3	3212.1
96.8	533.2	1121.9	1907.6	3218.3
95.2	537.4	1152.1	1901.8	3169.3
94.8	509.2	1187.0	1921.6	3119.9
94.4	477.4	1223.5	2038.9	3003.6
93.8	497.7	1205.2	2142.0	2943.7
94.4	490.7	1134.8	2228.6	3141.4
94.3	450.0	1106.1	2290.7	3351.4
91.6	443.7	1007.9	2309.3	3370.2
91.3	428.5	976.3	2288.1	3381.6
91.6	426.3	951.5	2288.8	3371.9
91.9	441.3	1012.0	2393.9	3345.9
91.6	468.6	967.0	2503.9	3353.3
94.5	508.6	957.6	2493.5	3382.2
98.4	529.4	1000.0	2592.0	3362.4
96.0	582.7	1030.7	2660.1	3323.9
94.5	599.6	1051.8	2667.9	3273.5
94.4	602.2	1066.3	2613.6	3248.2
95.2	583.3	1072.7	2554.6	3219.9
95.2	576.9	1085.7	2554.7	3227.3
96.0	555.9	1079.7	2526.1	3228.0
96.6	535.8	1078.7	2560.9	3237.2
96.0	495.0	1084.1	2624.3	3406.3
96.7	534.7	1080.3	2541.4	3574.5
96.6	521.9	1065.2	2455.7	3616.0
96.6	490.8	1045.4	2407.5	3658.5
94.6	500.3	1103.9	2406.6	3606.6
96.8	503.1	1285.7	2384.9	3367.1
97.7	481.3	1168.7	2293.5	3281.5
97.0	516.6	1149.0	2256.0	3261.0
96.7	613.2	1291.1	2295.4	3390.6
96.3	607.2	1381.4	2380.0	3383.5
95.9	613.4	1531.3	2508.9	3461.2
93.9	674.0	1328.4	2502.9	3440.6
0.0	498.9	1328.0	2252.8	3363.6
0.0	444.0	1354.4	2028.5	3347.7
116.5	418.0	1348.7	1900.5	3379.9
105.7	437.4	1379.9	1875.5	3329.1
105.8	438.9	1395.9	1851.9	3354.6
106.9	437.9	1392.3	1829.2	3336.7
107.9	399.2	1380.0	1813.5	3364.8
109.3	451.2	1398.4	1819.7	3313.0
109.0	431.8	1433.9	1877.2	3326.1
110.4	396.5	1507.2	2183.9	3290.0
111.6	640.5	1699.2	2463.9	3364.1
116.4	642.1	1540.5	2328.7	3307.8
111.2	462.4	1528.3	2410.3	3262.5
113.6	646.5	1474.1	2362.7	3216.8
104.3	673.9	1525.8	2340.1	3330.9
104.4	829.1	1570.8	2373.2	3307.5
87.6	817.4	1405.7	2301.5	3217.1
571.4	791.8	1460.4	2388.8	3340.2
