0.0	0.0	0.0	0.0	0.0
0.0	0.0	0.0	0.0	0.0
0.0	0.0	0.0	0.0	0.0
0.0	926.3	1745.9	2616.4	3266.7
0.0	907.3	1753.3	2672.3	3339.0
0.0	692.0	1668.4	2594.0	3330.3
0.0	802.7	1718.7	2618.1	3398.1
0.0	892.1	1753.3	2654.7	3461.0
0.0	573.6	1641.9	2638.8	3386.6
0.0	794.3	1591.6	2466.5	3294.7
0.0	746.6	1627.4	2374.8	3378.7
0.0	735.7	1697.3	2683.6	3512.4
0.0	730.5	1637.0	2535.6	3395.9
0.0	737.7	1623.0	2456.9	3276.3
0.0	791.9	1590.1	2478.2	3290.7
0.0	805.6	1576.0	2300.1	3225.8
122.4	604.4	973.5	2127.4	3243.5
0.0	509.0	1027.3	2047.2	3248.6
0.0	528.8	1096.6	1998.4	3191.0
108.9	544.3	1137.0	1971.6	3253.9
110.2	544.9	1164.1	2044.3	3361.4
110.5	567.4	1119.8	2248.2	3411.2
110.2	562.3	1058.5	2336.1	3493.1
110.6	537.9	1005.0	2383.1	3510.8
111.7	524.2	957.3	2433.9	3435.4
111.1	492.8	920.8	2463.9	3449.6
111.1	506.2	911.2	2469.7	3479.4
112.2	507.6	921.6	2454.5	3467.1
113.2	600.4	1001.4	2424.9	3473.3
113.2	622.6	1069.4	2384.4	3502.3
114.5	642.9	1123.2	2325.7	3540.6
114.3	656.7	1159.3	2256.0	3519.6
114.2	650.1	1191.5	2203.3	3542.3
113.7	675.5	1246.1	2191.4	3555.2
113.1	657.4	1341.0	2204.4	3557.0
113.1	620.1	1476.4	2208.8	3509.1
111.4	581.9	1574.3	2186.1	3501.7
111.0	551.7	1725.4	2136.5	3622.9
110.1	444.4	1869.6	2129.5	3701.8
111.9	443.6	1977.2	2146.3	3672.3
111.3	429.3	2001.3	2158.8	3664.6
110.4	394.4	1975.7	2159.4	3776.0
107.7	364.5	1918.9	2169.6	3672.6
105.5	358.3	1945.3	2313.7	3605.2
106.8	391.6	1974.3	2375.2	3674.8
109.8	341.5	1957.4	2325.7	3655.3
235.7	385.0	1927.6	2297.7	3594.7
122.4	431.9	1884.9	2238.5	3559.0
126.1	459.9	1799.4	2244.3	3589.2
128.6	503.3	1721.7	2258.2	3657.1
131.2	545.9	1645.6	2262.9	3644.0
134.1	533.9	1572.5	2283.2	3623.4
137.3	536.4	1529.6	2291.6	3707.6
142.1	537.5	1491.3	2300.1	3774.0
142.9	547.5	1418.1	2340.8	3853.2
143.2	552.0	1523.9	2426.6	3771.5
137.4	810.2	1587.7	2493.4	3778.0
131.9	845.3	1596.2	2657.9	3806.3
222.2	969.0	1807.3	2669.2	3766.0
0.0	962.8	2026.1	2772.3	3839.7
0.0	881.8	1985.3	2785.6	3921.3
0.0	854.0	1843.5	2825.6	3909.8
0.0	810.3	1471.9	2532.6	3760.3
0.0	589.6	1358.8	2435.6	3727.6
99.2	551.1	1261.9	2407.2	3717.6
0.0	579.4	1215.5	2352.4	3656.6
138.3	602.6	1243.0	2315.5	3578.4
133.7	617.3	1260.2	2286.7	3554.3
130.3	613.3	1262.2	2255.9	3536.4
126.3	613.4	1272.2	2218.9	3522.9
121.7	612.3	1282.4	2178.8	3483.2
118.8	616.6	1291.8	2150.7	3480.5
117.3	633.4	1288.0	2130.6	3452.0
116.3	641.7	1271.0	2111.9	3429.8
115.6	659.7	1252.7	2099.4	3416.0
115.5	678.4	1237.0	2099.4	3408.0
115.4	667.9	1215.2	2096.9	3410.1
115.1	670.3	1188.7	2112.8	3402.7
116.4	673.8	1186.4	2128.7	3410.5
116.7	662.0	1181.1	2126.2	3418.9
116.4	666.8	1194.2	2142.6	3430.4
116.7	648.0	1239.6	2168.0	3503.4
119.1	614.2	1330.6	2206.9	3507.5
121.2	554.7	1474.7	2287.5	3424.8
122.1	531.6	1506.2	2453.1	3158.0
122.1	571.8	1557.7	2514.2	3219.4
109.0	711.1	1670.6	2590.3	3452.7
83.8	693.7	1781.5	2667.7	3494.5
0.0	629.0	1880.9	2637.2	3478.0
0.0	620.9	1748.0	2586.8	3395.8
0.0	658.2	1724.7	2478.5	3398.7
176.5	619.7	1666.5	2403.0	3420.7
68.6	434.6	1634.3	2351.6	3386.2
0.0	373.6	1638.1	2317.0	3355.3
121.6	361.0	1626.4	2309.2	3228.0
120.2	382.8	1604.5	2322.9	3168.8
115.8	609.4	1561.8	2323.2	3268.6
292.6	247.4	1499.8	2311.8	3308.1
98.1	215.1	1479.2	2320.6	3284.6
71.0	207.3	1486.3	2326.8	3179.1
101.2	212.0	1481.3	2365.2	3158.6
98.5	231.2	1520.7	2406.7	3292.4
97.6	212.9	1526.3	2346.1	3374.4
203.4	552.0	1693.7	2390.2	3384.1
201.9	522.4	1539.1	2455.7	3384.5
0.0	480.1	1507.6	2382.2	3416.9
0.0	439.5	1483.8	2342.9	3464.9
112.9	482.4	1448.0	2354.9	3488.5
114.1	494.5	1406.2	2323.5	3479.8
115.4	532.4	1378.7	2300.8	3463.3
115.3	564.4	1359.5	2298.3	3482.2
115.7	574.5	1322.9	2322.5	3526.7
117.2	559.9	1285.8	2346.7	3594.8
118.3	553.3	1349.5	2393.9	3605.4
119.0	550.3	1510.8	2428.2	3580.9
118.7	519.4	1507.9	2502.9	3587.4
111.1	774.8	1961.1	2751.9	3748.0
108.1	802.8	2028.8	2963.7	4033.8
480.0	764.5	2077.0	3029.5	4044.0
521.7	971.9	2290.2	3224.8	3963.5
108.1	969.9	1845.4	2959.1	3821.2
87.0	651.8	1881.0	2721.4	3627.9
0.0	709.7	1816.8	2664.3	3484.5
0.0	820.7	1766.0	2643.0	3394.5
0.0	757.8	1591.8	2496.4	3476.0
0.0	598.2	1462.7	2413.9	3565.0
0.0	489.0	1448.6	2371.7	3594.9
0.0	519.1	1419.9	2341.3	3581.9
119.6	548.1	1411.8	2300.2	3548.5
121.2	585.4	1388.1	2258.4	3461.7
119.0	639.7	1361.0	2245.4	3466.2
118.7	664.9	1308.5	2232.8	3454.3
118.1	685.1	1267.0	2222.5	3399.2
117.3	693.9	1232.4	2220.4	3391.7
116.8	693.2	1184.9	2235.9	3413.7
117.3	672.5	1186.8	2250.8	3463.9
117.7	658.8	1192.0	2255.2	3510.5
117.8	620.5	1245.7	2246.9	3679.9
117.6	527.6	1256.9	2276.5	3604.4
116.8	470.6	1575.8	2464.4	3428.6
0.0	474.2	1675.3	2502.2	3460.7
70.2	619.4	1698.4	2569.5	3541.3
63.8	824.0	1652.1	2603.3	3502.3
0.0	703.5	1642.7	2605.7	3493.7
0.0	628.4	1546.9	2632.9	3573.0
0.0	580.4	1701.7	2481.0	3435.5
77.9	548.0	1641.7	2412.3	3383.4
400.0	496.5	1560.7	2365.5	3570.2
0.0	476.8	1522.3	2349.8	3780.0
122.3	475.2	1524.6	2365.0	3621.7
109.8	487.2	1511.5	2355.9	3554.3
108.7	460.7	1536.2	2340.6	3560.8
106.8	429.8	1539.6	2346.5	3532.9
104.9	334.6	1512.7	2334.1	3544.3
165.4	214.7	1440.1	2366.1	3444.5
63.5	263.2	1485.7	2566.8	3397.0
190.3	211.9	1528.1	2587.9	3426.3
95.3	200.0	1571.8	2436.6	3416.4
95.8	200.0	1534.8	2304.0	3289.3
98.3	200.0	1489.8	2348.4	3303.2
100.8	214.5	1495.9	2311.4	3381.5
99.3	387.8	1563.1	2354.4	3541.7
0.0	467.4	1612.2	2384.7	3578.8
210.5	464.5	1605.8	2368.2	3485.1
113.6	482.1	1588.5	2352.0	3476.3
110.5	508.6	1554.7	2323.9	3531.7
112.0	549.5	1513.2	2297.7	3488.0
111.7	563.1	1491.2	2263.5	3474.1
111.7	573.2	1430.0	2255.2	3510.9
111.9	563.2	1402.3	2290.6	3556.0
114.3	524.6	1379.4	2328.5	3621.8
117.4	501.2	1334.9	2373.5	3660.2
118.1	456.8	1408.9	2428.7	3578.7
117.8	398.0	1379.4	2481.0	3487.6
117.6	955.1	1620.5	2565.2	3603.2
0.0	849.1	1660.0	2603.7	3703.5
0.0	848.1	1776.0	2585.6	3804.7
0.0	950.7	1894.8	2680.8	3810.0
0.0	797.3	1739.3	2658.7	3726.5
166.7	540.5	1737.7	2382.9	3484.4
0.0	530.0	1724.1	2256.3	3259.2
75.5	732.1	1782.0	2469.3	3411.5
67.4	737.5	1754.1	2486.4	3405.1
0.0	895.9	2081.0	2528.9	3540.8
0.0	616.3	1979.3	2536.8	3580.1
0.0	482.5	1866.4	2385.4	3483.4
0.0	496.2	1850.0	2295.4	3514.7
126.3	553.8	1825.7	2305.6	3483.6
132.8	607.0	1799.7	2321.7	3470.6
131.6	628.9	1773.5	2341.4	3478.1
131.1	624.1	1728.0	2357.1	3495.3
132.3	638.6	1669.9	2351.5	3528.6
133.3	580.9	1535.8	2306.6	3568.5
132.8	277.5	1506.4	2318.0	3609.9
66.2	558.8	1606.3	2380.7	3665.9
135.2	559.4	1722.7	2410.7	3578.7
271.4	729.4	1836.8	2415.1	3544.8
132.1	565.2	1927.2	2425.6	3526.6
128.9	565.2	1973.3	2468.3	3493.8
127.5	551.9	1993.6	2471.6	3505.5
250.0	583.4	1989.5	2459.0	3509.3
245.9	575.3	2014.1	2456.9	3554.1
120.2	677.8	2020.1	2436.1	3534.9
118.2	607.4	1999.9	2438.3	3544.7
115.3	581.6	1947.9	2406.8	3544.5
111.9	545.3	1893.0	2352.6	3485.3
108.2	627.5	1820.5	2296.4	3484.1
106.2	856.4	1764.4	2275.0	3461.3
103.5	805.9	1699.0	2271.9	3465.1
103.4	684.3	1616.3	2244.4	3454.9
105.3	694.9	1570.0	2169.0	3420.3
103.4	720.6	1528.6	2146.2	3462.1
101.1	691.2	1489.7	2104.9	3448.5
96.4	694.1	1451.2	2116.4	3425.4
93.0	710.8	1394.0	2149.6	3393.0
91.1	723.9	1312.0	2130.0	3370.1
87.6	719.6	1249.5	2109.6	3360.3
86.8	736.5	1273.1	2103.0	3345.9
85.6	717.2	1211.9	2116.5	3306.9
84.0	731.1	1178.5	2083.4	3259.4
84.6	716.6	1141.8	2037.8	3261.4
83.0	720.2	1107.9	2097.3	3218.4
82.1	677.2	1054.6	2186.4	3193.3
81.7	723.5	1048.5	2189.5	3153.0
82.6	722.7	994.9	2185.1	3158.4
84.9	721.5	1017.2	2171.1	3084.2
88.2	698.5	1054.1	2180.1	3114.8
95.2	738.5	1076.2	2160.7	3118.2
91.6	874.8	1098.2	2186.1	3155.1
101.7	906.7	1149.7	2357.0	3221.1
90.9	745.3	1167.1	2425.3	3282.3
90.9	772.7	1244.4	2435.0	3246.9
87.6	796.1	1315.1	2408.8	3316.3
92.3	804.6	1350.1	2360.1	3306.3
0.0	885.6	1495.7	2455.2	3281.0
0.0	840.2	1490.2	2419.8	3374.3
0.0	883.0	1634.6	2513.6	3429.5
