0.0	0.0	0.0	0.0	0.0
0.0	0.0	0.0	0.0	0.0
0.0	0.0	0.0	0.0	0.0
0.0	544.6	1505.0	2659.3	3487.0
0.0	549.0	1593.9	2604.2	3461.6
0.0	695.9	1728.8	2603.3	3462.6
0.0	678.5	1673.7	2619.5	3501.4
0.0	708.1	1638.8	2471.7	3417.8
0.0	1031.4	1770.8	2616.0	3528.0
0.0	766.5	1780.4	2733.9	3490.9
0.0	797.9	1901.6	2626.2	3289.0
0.0	518.2	1661.9	2459.6	3258.0
0.0	882.4	1715.7	2551.5	3416.6
0.0	981.8	1684.7	2492.3	3466.8
0.0	996.0	1843.5	2576.1	3569.1
0.0	378.0	1730.9	2561.9	3438.5
0.0	275.2	1432.8	2398.6	3309.0
0.0	331.4	1481.5	2414.1	3380.9
0.0	562.1	1630.0	2434.1	3442.0
233.1	657.1	1629.0	2405.6	3452.7
105.8	685.0	1601.0	2330.5	3458.6
105.3	709.2	1572.5	2338.0	3417.5
105.2	709.1	1530.3	2345.3	3380.5
104.8	694.8	1475.4	2314.7	3415.4
105.0	667.0	1417.2	2252.1	3448.4
103.8	650.3	1396.1	2235.7	3404.6
102.8	618.9	1415.2	2188.8	3383.4
102.7	590.5	1435.5	2162.8	3363.4
102.4	548.1	1489.8	2194.4	3284.3
101.8	499.7	1545.8	2350.8	3124.7
101.2	409.8	1529.3	2377.6	3076.3
126.0	262.6	1495.9	2390.9	3184.3
102.6	221.8	1529.6	2402.8	3293.8
102.6	225.6	1562.6	2409.6	3286.8
100.3	218.3	1656.3	2523.1	3298.5
100.8	212.2	1638.9	2546.2	3405.3
96.0	337.0	1540.9	2530.3	3380.7
0.0	670.3	1641.8	2633.4	3447.8
0.0	639.2	1609.3	2467.9	3535.1
0.0	445.1	1551.0	2386.7	3452.6
0.0	466.1	1505.4	2312.0	3460.6
126.0	509.1	1459.6	2278.9	3421.8
130.5	544.8	1390.1	2256.5	3380.5
131.9	604.2	1278.1	2261.6	3356.7
134.9	650.0	1214.7	2268.6	3339.0
140.7	664.8	1158.3	2191.7	3295.1
142.9	689.4	1088.5	2263.7	3261.0
147.3	698.5	1040.7	2354.2	3248.9
149.9	707.9	991.9	2371.4	3219.5
156.1	669.0	977.8	2356.3	3177.7
161.6	695.4	992.2	2329.0	3126.7
162.2	658.9	1049.7	2249.0	3124.6
161.7	666.1	1126.5	2134.0	3086.3
152.1	556.0	1224.1	2248.6	2988.1
138.8	441.4	1340.0	2260.6	3012.6
243.2	288.0	1413.9	2314.5	3313.8
89.6	255.9	1445.0	2376.6	3236.5
63.7	691.6	1580.6	2480.5	3186.1
121.2	831.0	1968.4	2720.4	3198.1
0.0	1051.7	2230.9	2980.1	3375.3
571.4	782.6	2333.5	3049.1	3463.2
0.0	666.2	2348.6	2932.0	3356.8
315.8	1138.2	2358.4	2904.8	3326.9
0.0	974.0	2197.9	2844.0	3335.4
0.0	636.4	1862.7	2649.8	3342.2
0.0	868.6	2183.5	2689.6	3409.1
0.0	817.6	2322.4	2638.9	3404.4
110.1	697.8	2030.1	2519.3	3341.1
203.4	670.5	2011.9	2517.8	3263.4
545.5	662.1	1849.2	2443.9	3155.3
93.0	422.8	1621.4	2337.3	3107.9
0.0	478.2	1597.9	2286.9	3149.9
147.0	476.2	1524.9	2308.1	3211.5
146.1	507.1	1460.3	2258.2	3263.6
141.6	581.7	1365.7	2170.3	3296.8
140.0	593.3	1347.8	2108.5	3350.2
138.5	610.5	1392.4	2208.4	3403.0
137.6	612.1	1410.0	2267.8	3438.6
136.6	616.5	1431.8	2318.3	3528.9
134.7	590.6	1458.0	2348.9	3618.4
133.4	574.0	1514.3	2383.0	3716.4
132.9	505.6	1579.6	2390.8	3653.4
130.4	521.7	1582.7	2407.3	3591.0
75.9	373.0	1536.4	2402.8	3536.2
88.9	843.5	1763.2	2613.1	3482.1
83.9	700.2	1749.4	2633.0	3449.0
0.0	624.8	1631.3	2601.1	3450.7
0.0	1026.4	1740.4	2680.4	3510.9
0.0	887.1	1726.5	2620.2	3547.2
0.0	778.6	1716.2	2634.8	3567.6
500.0	745.7	1633.4	2498.1	3475.6
0.0	789.2	1622.9	2504.8	3478.4
285.7	923.3	1761.5	2743.8	3506.4
0.0	650.6	1553.7	2456.7	3629.2
0.0	370.8	1522.2	2395.1	3788.8
0.0	387.4	1537.3	2405.9	3786.4
125.1	399.9	1509.6	2409.6	3737.4
126.8	406.4	1494.1	2415.4	3770.8
124.4	418.8	1488.3	2422.8	3793.0
124.6	474.5	1505.4	2449.4	3731.6
121.1	466.3	1548.0	2514.7	3763.4
116.5	626.2	1873.2	2650.8	3753.5
111.1	885.9	2125.3	2752.6	3758.3
0.0	893.0	1887.4	2700.3	3757.0
0.0	713.6	1956.2	2787.7	3808.5
139.5	1046.3	2269.9	2889.7	3947.9
260.9	1009.2	2219.6	2690.9	3927.3
0.0	797.7	1941.0	2846.2	3815.1
190.5	879.7	2001.7	3172.8	3900.2
196.7	963.8	2172.4	3067.4	3810.8
79.5	399.6	1735.3	2765.7	3788.9
150.0	748.2	1635.5	2634.4	3729.3
71.0	693.5	1583.3	2592.3	3497.7
0.0	390.9	1540.4	2566.2	3336.1
0.0	274.7	1382.6	2442.3	3239.3
0.0	241.9	1389.1	2402.3	3261.6
0.0	848.5	1833.8	2595.7	3221.2
231.4	698.3	1495.7	2522.3	3313.6
0.0	439.6	1438.4	2414.2	3370.3
134.8	400.6	1428.9	2329.3	3299.4
125.0	417.3	1378.4	2284.6	3294.8
125.2	443.8	1248.4	2221.2	3254.1
124.0	496.7	1181.1	2053.7	3296.5
122.7	490.5	1105.5	2040.8	3340.1
121.8	481.9	1047.4	2043.2	3324.5
120.9	478.2	1000.4	2047.0	3327.1
117.8	482.6	963.7	2040.1	3302.4
116.5	465.1	934.4	2044.7	3188.0
115.6	477.7	924.3	2024.0	3170.8
114.1	490.6	942.9	1987.1	3161.8
111.0	547.2	951.0	1951.9	3146.4
109.1	518.9	956.8	1901.6	3140.5
105.3	530.3	989.7	1860.0	3138.3
103.1	525.5	1031.6	1801.5	3169.5
99.1	517.0	1087.7	1735.2	3148.7
94.8	520.1	1129.8	1695.8	3220.1
93.7	506.8	1165.0	1653.6	3271.1
93.1	482.0	1179.3	1679.5	3242.6
92.1	548.2	1186.3	1651.1	3225.2
93.0	593.2	1242.9	1632.9	3153.5
93.1	555.6	1227.6	1651.0	3157.3
92.3	511.9	1203.5	1673.4	3145.0
93.8	774.3	1455.4	1869.0	3132.5
93.8	879.3	1511.7	2447.2	3171.9
102.6	865.4	1508.7	2465.1	3268.1
90.2	808.4	1456.5	2510.1	3522.3
99.2	859.6	1564.1	2615.5	3616.2
92.3	576.9	1534.2	2662.9	3522.5
0.0	598.4	1470.3	2586.6	3420.1
461.5	694.4	1557.6	2625.1	3507.7
0.0	666.3	1780.2	2634.1	3562.3
0.0	853.2	1690.8	2558.0	3545.5
0.0	888.9	1579.9	2539.5	3461.0
0.0	1004.2	1825.2	2632.1	3513.1
461.5	708.5	1738.5	2537.1	3558.7
428.6	696.9	1556.4	2560.0	3504.2
400.0	990.7	1843.5	2660.4	3540.9
171.4	712.4	1757.3	2531.6	3492.9
480.0	654.5	1840.0	2609.1	3538.1
333.3	624.7	1853.0	2679.5	3561.3
571.4	705.1	1807.6	2650.2	3605.2
571.4	811.3	1969.0	2703.6	3648.1
0.0	681.4	1792.0	2575.8	3518.7
0.0	510.4	1582.4	2560.3	3510.8
0.0	561.3	1662.8	2630.9	3566.6
400.0	581.2	1800.5	2627.9	3514.0
83.9	625.3	1698.9	2650.7	3515.7
428.6	599.5	1612.1	2692.4	3541.3
292.7	660.2	1999.2	2691.8	3647.9
73.6	704.6	1886.2	2630.6	3551.7
333.3	618.2	1637.5	2607.0	3521.4
521.7	470.1	1491.5	2593.4	3567.2
352.9	835.8	1725.7	2557.2	3578.6
144.6	840.3	1849.9	2616.1	3543.7
428.6	648.2	1764.9	2639.8	3522.1
461.5	546.6	1832.4	2595.4	3559.9
0.0	560.1	1786.9	2541.5	3529.8
480.0	476.8	1666.3	2528.3	3501.1
400.0	506.9	1510.8	2513.6	3501.7
0.0	535.0	1606.7	2618.3	3594.7
187.5	511.3	1587.2	2644.2	3553.9
0.0	624.2	1719.3	2619.4	3507.2
71.9	728.5	1795.6	2520.6	3564.2
521.7	734.0	1660.5	2463.0	3422.9
461.5	535.8	1476.6	2475.6	3355.3
352.9	749.6	1834.6	2568.1	3413.5
375.0	769.9	1837.0	2635.2	3496.1
210.5	796.9	1801.8	2654.0	3439.3
266.7	794.3	1796.6	2692.1	3530.8
160.0	669.1	1889.5	2645.1	3566.4
292.7	585.0	1829.4	2704.6	3476.0
545.5	590.4	1663.1	2658.5	3443.2
222.2	861.4	1772.1	2655.8	3556.3
187.5	579.6	1766.0	2743.8	3534.8
0.0	871.3	1825.6	2693.1	3489.0
146.3	572.1	1703.8	2667.1	3525.8
0.0	610.9	1730.7	2735.6	3536.4
315.8	744.5	1736.3	2754.4	3584.0
126.3	738.1	1708.0	2672.1	3650.1
0.0	705.5	1718.4	2713.4	3638.6
0.0	902.7	1908.5	2744.3	3589.1
0.0	711.0	1825.6	2682.6	3660.6
279.1	636.2	1806.1	2676.0	3666.3
400.0	814.2	1741.6	2631.2	3573.1
226.4	752.5	1782.8	2593.0	3545.0
0.0	780.7	1864.2	2730.2	3609.4
545.5	562.8	1670.5	2674.8	3584.8
176.5	572.2	1595.0	2648.8	3560.9
500.0	500.2	1702.7	2664.3	3493.9
139.5	894.0	2038.7	2716.4	3546.8
0.0	848.8	1935.3	2577.1	3498.8
428.6	600.6	1497.4	2571.5	3509.8
428.6	688.5	1543.0	2505.7	3457.4
300.0	950.1	1895.8	2581.1	3500.5
108.1	812.1	1912.7	2667.3	3559.3
0.0	746.0	1605.3	2576.7	3489.0
162.2	1061.5	1902.0	2639.5	3410.6
0.0	613.2	1940.5	2613.8	3441.9
0.0	654.0	1540.5	2590.4	3461.5
352.9	724.8	1603.8	2678.9	3519.0
110.1	867.9	1661.4	2643.1	3439.0
0.0	802.8	1586.7	2583.8	3495.9
0.0	672.1	1697.0	2513.5	3514.4
0.0	690.3	1744.1	2468.2	3535.1
0.0	1052.8	1774.7	2680.9	3545.2
0.0	811.1	1627.1	2653.4	3542.3
