0.0	0.0	0.0	0.0	0.0
0.0	0.0	0.0	0.0	0.0
0.0	0.0	0.0	0.0	0.0
0.0	812.1	1944.3	2768.6	3536.6
0.0	761.8	1721.9	2652.2	3419.4
0.0	847.3	1743.1	2686.7	3376.2
0.0	814.4	1602.9	2580.5	3406.6
0.0	700.0	1583.6	2341.9	3331.5
0.0	683.1	1583.9	2428.1	3384.9
0.0	725.0	1594.3	2668.6	3702.8
0.0	692.2	1630.8	2544.0	3810.4
0.0	756.5	1705.9	2685.0	3890.9
0.0	769.3	1676.9	2573.5	3891.9
0.0	661.8	1700.0	2481.3	3854.2
0.0	556.5	1682.0	2422.9	3809.7
142.9	202.1	1514.4	2481.8	3699.8
0.0	341.1	1508.9	2424.8	3479.7
147.7	357.2	1499.3	2305.5	3355.2
137.1	556.9	1619.4	2351.9	3289.4
133.0	586.1	1761.2	2550.8	3305.9
129.6	583.0	1863.3	2658.4	3320.2
129.0	603.7	1919.6	2673.7	3362.9
135.2	584.8	1938.9	2650.0	3355.1
134.8	587.4	2003.0	2688.3	3367.2
133.7	583.8	2046.7	2700.5	3359.4
133.9	562.0	2097.4	2688.1	3390.7
134.0	553.9	2098.6	2718.7	3360.7
135.1	534.8	2133.9	2651.6	3344.6
136.8	531.0	2128.6	2636.9	3295.0
136.9	492.9	2128.4	2661.4	3304.0
137.6	452.9	2054.9	2462.3	3310.7
137.3	456.4	1810.2	2475.3	3263.8
136.2	421.2	1690.4	2517.6	3268.4
127.5	413.4	1758.1	2376.2	3310.6
130.7	425.7	1783.3	2312.5	3255.4
132.8	438.8	1810.9	2413.7	3371.3
135.9	431.5	1870.8	2482.9	3402.5
139.5	432.3	1941.2	2583.1	3375.5
141.5	432.7	1994.9	2658.3	3413.4
142.9	433.0	2010.1	2719.3	3528.7
142.9	415.0	2003.5	2752.5	3617.8
141.3	420.3	1957.1	2679.4	3622.6
138.5	411.8	1863.2	2736.3	3535.3
134.9	422.2	1832.0	2751.3	3558.6
123.7	429.7	1863.5	2708.3	3650.6
115.4	485.4	1851.6	2636.3	3607.2
115.6	446.9	1785.4	2667.3	3583.4
118.8	465.8	1805.4	2669.3	3511.9
121.8	476.3	1834.7	2677.9	3527.7
126.0	492.2	1856.2	2719.6	3603.5
130.7	512.4	1829.6	2708.7	3490.5
131.1	523.1	1871.4	2615.3	3492.0
131.9	528.5	1924.4	2673.8	3424.8
133.2	516.5	1926.2	2734.5	3384.3
132.6	514.4	1989.0	2731.4	3473.0
131.9	517.3	2044.3	2717.7	3500.5
130.8	508.4	2043.0	2648.4	3465.5
131.9	531.8	2041.3	2651.2	3395.8
132.5	517.5	2009.7	2592.9	3300.3
132.1	536.6	1960.2	2524.1	3233.7
132.3	573.7	1860.9	2453.1	3232.8
133.3	631.5	1768.3	2429.3	3272.1
133.5	680.4	1657.3	2423.0	3210.5
135.3	716.0	1475.6	2336.6	3264.5
136.0	766.3	1426.3	2215.3	3303.0
137.4	761.4	1307.5	2135.6	3270.6
137.1	733.7	1233.5	2225.4	3363.8
136.7	760.6	1238.5	2235.7	3347.8
136.7	744.6	1217.6	2131.7	3351.8
136.8	718.8	1220.5	2112.9	3360.5
136.5	715.5	1227.9	2047.2	3330.9
136.7	687.5	1208.0	1940.5	3270.6
136.6	650.7	1214.9	1881.0	3268.7
135.8	607.8	1247.3	1859.7	3237.8
136.8	576.4	1208.8	1716.7	3242.8
135.9	553.0	1231.0	1758.8	3243.2
135.9	546.2	1240.5	1761.8	3248.9
135.8	543.8	1260.1	1746.4	3247.8
135.2	535.5	1301.2	1815.8	3223.9
135.2	541.5	1344.2	1824.1	3233.7
135.6	556.5	1381.9	1820.9	3230.7
136.0	561.0	1473.0	1907.0	3218.9
135.5	552.0	1528.7	1917.0	3149.4
134.4	535.0	1578.8	1887.3	3018.4
133.3	512.3	1637.5	1930.0	2976.7
131.2	524.8	1680.2	1940.9	3003.4
128.6	491.7	1761.5	1908.1	2987.8
124.8	470.4	1785.0	2257.8	2952.9
120.8	470.9	1868.9	2397.9	3012.2
122.4	467.7	1915.0	2655.2	3138.0
123.9	532.7	1943.1	2566.9	3141.5
127.1	496.9	2008.2	2569.8	3265.0
128.0	478.1	2104.4	2632.9	3370.2
127.4	449.2	2182.1	2674.9	3486.0
127.5	416.1	2208.1	2603.5	3504.7
127.4	418.5	2260.5	2551.8	3480.8
121.6	395.5	2268.0	2514.2	3477.8
116.6	304.7	1892.3	2395.2	3365.5
110.2	294.3	1906.0	2433.4	3308.7
105.1	709.4	1816.0	2405.5	3312.1
101.2	613.4	1816.4	2327.8	3348.7
0.0	479.5	1931.3	2377.7	3432.5
0.0	457.9	1881.5	2372.7	3415.9
0.0	508.2	1805.4	2382.2	3402.8
130.0	544.1	1689.6	2389.8	3321.6
127.2	660.8	1592.5	2384.7	3366.7
126.7	688.4	1414.2	2390.8	3470.0
126.3	720.0	1355.1	2370.8	3281.8
126.5	696.6	1249.9	2269.4	3266.3
127.1	690.9	1266.2	2166.4	3322.4
128.5	717.6	1274.3	2642.2	3473.4
129.0	717.8	1286.2	2714.7	3478.3
129.8	776.9	1276.0	2523.0	3421.4
130.0	731.9	1271.9	2457.0	3375.3
130.9	744.7	1287.7	2376.6	3410.9
132.3	791.6	1337.8	2448.6	3431.8
133.8	747.7	1317.4	2363.3	3335.6
134.2	757.7	1350.7	2367.1	3190.1
134.3	713.3	1337.7	2384.4	3022.2
132.7	602.7	1384.5	2341.5	2999.4
130.7	530.2	1345.1	2388.5	2883.7
117.3	575.2	1369.6	2366.7	2722.4
124.7	627.9	1436.0	2304.6	2747.7
122.3	644.9	1494.1	2467.4	2842.8
120.0	679.5	1496.8	2549.0	2990.8
117.2	708.1	1407.3	2558.8	3158.0
114.5	700.5	1429.3	2584.8	3178.5
109.9	672.1	1458.9	2601.4	3133.4
106.5	644.2	1451.5	2378.1	3163.8
101.8	613.0	1347.5	2240.8	3239.4
100.9	383.9	1390.4	2241.8	3234.6
103.5	434.8	1515.4	2174.0	3144.5
108.1	492.5	1455.8	2037.5	3163.0
108.1	366.1	1238.4	1945.6	3121.5
109.1	679.1	1366.5	2140.2	3083.1
110.1	333.2	1402.1	2192.8	3050.1
110.1	685.7	1462.8	2211.9	3133.2
115.4	726.5	1430.6	2172.1	3054.1
121.2	938.9	1699.0	2311.0	3070.0
116.5	1150.3	1744.2	2493.9	3113.1
110.9	901.3	1658.0	2339.8	3141.3
106.2	837.3	1653.3	2409.5	3152.3
111.1	884.6	1651.4	2453.6	3160.9
122.4	901.1	1617.0	2430.3	3164.3
0.0	919.8	1581.7	2324.0	3126.5
0.0	804.6	1607.8	2131.7	3100.5
0.0	867.2	1608.6	2176.5	3072.1
0.0	854.4	1601.5	2166.0	3086.8
324.3	820.7	1574.2	2274.2	3053.6
157.9	880.1	1550.7	2419.7	3091.9
0.0	941.8	1641.4	2450.8	3212.2
193.5	907.5	1636.4	2320.9	3108.2
0.0	894.1	1630.9	2361.0	3222.3
0.0	794.7	1564.1	2439.0	3322.8
0.0	922.0	1632.1	2595.6	3296.9
0.0	582.0	1627.6	2573.3	3363.3
315.8	845.9	1689.6	2585.1	3339.3
125.0	994.2	1669.9	2594.2	3347.6
307.7	772.7	1694.6	2640.6	3516.9
0.0	805.4	1664.8	2629.6	3474.4
461.5	1021.6	1641.5	2669.7	3483.0
0.0	972.6	1600.8	2627.2	3383.7
0.0	835.8	1543.6	2485.8	3426.6
0.0	802.6	1578.1	2656.6	3613.9
0.0	837.0	1694.8	2682.0	3509.9
0.0	922.1	1690.3	2576.8	3303.7
363.6	1029.9	1635.9	2509.2	3267.3
0.0	872.7	1613.6	2526.0	3250.7
244.9	818.7	1604.2	2580.7	3250.3
0.0	921.8	1547.7	2498.6	3396.2
0.0	819.1	1529.4	2527.1	3387.1
0.0	818.1	1599.9	2559.0	3421.0
0.0	784.1	1567.5	2556.8	3441.6
0.0	1023.3	1606.8	2585.7	3545.2
0.0	906.3	1579.3	2561.0	3515.3
129.0	896.1	1565.1	2592.6	3566.2
0.0	820.3	1605.4	2544.4	3499.8
0.0	815.4	1573.7	2547.2	3483.4
0.0	749.1	1581.7	2579.3	3573.9
400.0	737.3	1566.5	2557.1	3552.7
0.0	750.3	1583.3	2543.7	3449.3
0.0	865.1	1614.6	2499.8	3420.5
0.0	672.2	1559.4	2497.8	3399.3
0.0	632.1	1532.0	2498.8	3268.2
0.0	1034.6	1629.2	2614.9	3347.3
103.4	1057.8	1631.6	2662.1	3490.0
0.0	758.2	1631.0	2692.9	3543.9
0.0	842.5	1680.6	2717.8	3600.6
122.4	879.9	1587.3	2676.7	3584.4
0.0	971.7	1596.1	2667.2	3489.2
0.0	855.2	1601.7	2563.3	3453.5
0.0	913.6	1737.2	2614.5	3579.5
0.0	801.5	1575.1	2535.0	3390.9
0.0	845.4	1560.8	2607.7	3456.2
0.0	866.3	1599.6	2543.8	3533.9
0.0	757.9	1550.1	2521.7	3535.4
0.0	793.1	1565.9	2551.9	3620.5
0.0	778.2	1616.8	2536.2	3591.9
0.0	619.9	1608.3	2573.2	3574.7
0.0	576.8	1645.6	2523.1	3494.9
375.0	742.9	1681.2	2449.2	3398.3
0.0	865.9	1640.4	2452.8	3474.9
0.0	888.7	1585.8	2495.0	3492.0
545.5	789.1	1613.7	2593.2	3565.2
300.0	816.6	1642.2	2663.2	3600.3
0.0	897.7	1626.3	2578.6	3410.3
0.0	918.8	1631.2	2495.3	3350.2
342.9	881.2	1636.9	2545.7	3415.0
0.0	843.5	1606.2	2531.7	3341.6
0.0	674.8	1578.4	2518.0	3431.6
0.0	738.1	1545.6	2568.6	3476.1
0.0	739.2	1511.0	2515.4	3437.2
413.8	849.8	1645.4	2643.5	3525.9
0.0	974.6	1702.9	2695.9	3531.4
285.7	852.7	1562.2	2534.8	3533.2
272.7	959.7	1683.3	2571.5	3551.9
0.0	857.2	1579.1	2586.9	3562.9
0.0	797.0	1580.8	2708.9	3466.1
0.0	709.4	1589.6	2594.3	3297.6
0.0	687.5	1599.6	2482.3	3321.3
0.0	634.4	1563.8	2564.1	3458.1
0.0	784.4	1571.8	2553.4	3399.9
300.0	833.7	1570.0	2557.4	3450.3
0.0	843.1	1628.1	2602.1	3680.6
0.0	819.4	1643.2	2606.3	3645.4
0.0	843.7	1670.4	2615.3	3580.3
0.0	872.8	1686.7	2569.9	3490.2
0.0	864.6	1607.3	2610.5	3471.4
0.0	797.8	1598.2	2642.4	3532.4
545.5	820.4	1556.2	2578.7	3560.0
400.0	807.3	1463.3	2564.6	3517.4
0.0	707.3	1544.5	2534.3	3542.3
0.0	806.4	1547.0	2494.9	3555.2
0.0	821.9	1544.8	2509.6	3497.0
400.0	893.9	1649.1	2696.9	3518.8
0.0	785.4	1630.6	2770.5	3446.5
0.0	747.9	1648.4	2544.2	3509.1
0.0	710.9	1626.4	2452.9	3501.6
0.0	760.6	1539.6	2587.5	3522.9
0.0	700.5	1614.9	2561.2	3443.0
315.8	644.0	1661.1	2478.6	3364.5
77.9	818.8	1708.3	2636.9	3526.6
300.0	830.7	1892.4	2727.1	3619.5
0.0	856.6	1781.7	2701.0	3546.6
0.0	981.0	1600.2	2626.3	3508.1
0.0	759.5	1600.8	2642.8	3505.2
0.0	658.9	1590.5	2638.7	3400.5
545.5	630.1	1641.1	2631.0	3429.0
413.8	739.9	1615.5	2546.6	3378.7
