0.0	0.0	0.0	0.0	0.0
0.0	0.0	0.0	0.0	0.0
0.0	0.0	0.0	0.0	0.0
0.0	861.9	1606.6	2523.8	3704.2
0.0	909.3	1685.7	2571.0	3577.1
0.0	874.7	1724.3	2461.2	3455.1
0.0	922.1	1606.8	2261.6	3249.9
0.0	792.9	1603.4	2442.3	3426.2
0.0	858.7	1674.2	2520.7	3566.5
0.0	887.5	1713.4	2506.1	3518.6
0.0	873.9	1855.9	2662.0	3544.4
0.0	755.2	1783.0	2661.4	3488.7
0.0	780.8	1613.6	2526.0	3417.8
0.0	646.2	1457.2	2491.3	3476.4
0.0	774.8	1615.1	2592.7	3510.6
0.0	792.0	1592.3	2475.5	3450.0
0.0	730.4	1546.2	2413.3	3432.2
0.0	908.0	1644.8	2546.0	3532.8
0.0	873.3	1713.6	2647.0	3495.8
0.0	841.8	1730.7	2739.3	3571.5
400.0	800.6	1653.1	2628.3	3537.4
300.0	959.5	1820.6	2682.2	3547.7
300.0	1085.1	1845.4	2754.5	3572.9
324.3	890.4	1756.3	2756.9	3650.2
0.0	896.6	1797.2	2780.4	3613.1
260.9	1077.4	1801.5	2711.2	3588.9
571.4	868.0	1792.9	2724.6	3656.8
571.4	968.0	1815.3	2714.8	3693.9
571.4	909.2	1608.6	2640.6	3659.7
0.0	400.4	1640.7	2608.2	3583.8
0.0	1000.3	1840.7	2606.5	3489.9
0.0	1115.7	1833.8	2536.3	3459.4
0.0	730.7	1470.0	2574.3	3419.2
0.0	759.8	1499.0	2633.4	3512.4
0.0	739.2	1507.1	2656.6	3638.5
0.0	659.6	1377.4	2458.4	3555.5
96.8	562.3	1198.4	2319.0	3459.9
0.0	478.6	1055.4	2336.4	3440.0
0.0	449.9	1025.3	2392.4	3375.0
147.2	449.4	1028.4	2441.1	3309.1
148.2	455.9	1010.6	2462.9	3296.4
153.8	471.1	1015.1	2504.4	3310.4
155.9	465.9	999.9	2538.2	3351.0
156.7	526.0	1039.7	2565.6	3375.3
157.9	473.9	990.8	2584.4	3397.2
158.4	531.0	1049.9	2600.6	3385.5
159.0	513.3	1072.7	2586.7	3408.8
158.7	530.0	1118.4	2583.8	3495.0
157.9	569.7	1183.5	2610.9	3558.9
156.0	510.3	1212.1	2594.1	3512.2
152.7	468.0	1245.4	2561.3	3531.6
150.0	444.9	1315.3	2659.2	3598.2
144.6	441.8	1570.6	2704.5	3677.6
153.8	446.6	1677.8	2643.5	3681.1
125.0	424.4	1662.2	2659.4	3660.1
0.0	405.9	1664.6	2681.3	3719.6
0.0	417.7	1709.9	2591.7	3776.6
125.0	388.0	1778.7	2575.2	3564.1
64.5	364.1	1856.1	2625.1	3464.8
125.0	362.8	1882.7	2663.3	3364.6
122.4	399.2	1872.2	2630.2	3301.0
120.0	383.0	1850.1	2613.3	3253.9
119.1	393.8	1785.1	2526.8	3210.3
118.7	372.3	1533.0	1809.1	3237.0
119.3	386.5	1280.2	1758.8	3240.6
118.9	411.6	1134.9	1703.9	3210.4
116.9	453.1	1120.3	1704.2	3227.5
116.2	481.8	1146.9	1705.0	3263.7
117.1	465.5	1220.9	1721.7	3268.0
119.6	499.2	1341.4	1774.1	3278.5
119.4	542.9	1493.5	1847.8	3253.8
120.1	585.1	1587.2	1898.9	3206.1
120.5	604.8	1659.8	1996.9	3202.8
243.5	612.2	1702.2	2083.7	3207.8
120.5	641.5	1725.7	2202.8	3181.3
118.2	647.5	1739.9	2293.6	3192.0
117.3	660.0	1719.8	2337.1	3263.7
116.0	659.0	1694.5	2359.7	3304.4
115.0	677.8	1647.7	2406.9	3299.7
114.6	664.4	1595.9	2434.0	3274.9
114.9	666.5	1574.1	2480.1	3311.8
114.8	654.6	1507.1	2496.9	3392.9
114.8	628.3	1410.6	2443.8	3392.0
114.6	518.5	1316.4	2318.3	3352.2
114.0	524.7	1316.7	2428.8	3350.4
239.7	652.5	1357.1	2523.2	3368.1
249.4	661.7	1401.1	2574.0	3402.8
124.5	661.3	1444.0	2529.4	3400.1
126.3	679.8	1436.6	2521.6	3412.8
128.2	666.8	1419.3	2523.7	3434.3
132.2	653.1	1378.8	2469.9	3432.4
133.1	638.9	1323.9	2429.0	3422.1
133.5	588.2	1277.6	2372.2	3456.4
132.6	500.0	1215.9	2325.7	3484.8
128.7	427.3	1170.9	2281.2	3456.5
121.4	385.9	1176.9	2359.4	3450.7
105.9	295.5	1485.8	2430.8	3365.8
63.5	250.5	1662.8	2454.5	3393.0
218.2	401.8	1766.2	2592.0	3539.1
0.0	909.8	1812.9	2708.4	3504.6
0.0	736.6	1821.4	2606.0	3381.0
0.0	750.8	1716.6	2613.9	3457.5
0.0	678.0	1709.8	2565.6	3459.5
0.0	1097.7	1922.5	2663.4	3437.6
0.0	1120.9	1935.4	2699.4	3378.8
0.0	733.2	1871.4	2777.9	3403.5
0.0	945.4	1952.6	2918.5	3591.1
571.4	940.8	1893.1	2815.1	3651.7
0.0	825.4	1775.1	2741.1	3790.4
0.0	647.1	1435.3	2563.2	3692.7
0.0	511.0	1217.1	2502.1	3585.8
0.0	474.8	1117.9	2428.9	3417.4
0.0	471.1	1027.6	2418.1	3420.5
98.4	443.3	946.1	2406.2	3426.0
100.8	430.9	842.9	2411.9	3416.5
98.1	389.7	764.4	2397.3	3351.1
95.7	404.9	747.0	2394.1	3305.6
96.0	445.1	832.1	2356.6	3306.3
99.3	462.9	881.8	2392.1	3302.5
102.7	515.6	999.6	2367.7	3342.5
103.0	568.3	1145.5	2354.0	3388.5
102.7	563.8	1284.8	2323.0	3419.2
103.6	561.8	1420.8	2288.1	3451.0
102.9	527.1	1571.9	2225.0	3479.6
102.9	496.2	1711.3	2252.2	3480.8
103.3	468.4	1791.8	2328.1	3495.5
103.1	431.7	1858.4	2403.7	3526.0
101.4	408.8	1903.2	2621.4	3562.4
98.4	395.3	1899.1	2623.2	3681.7
88.0	385.7	1886.5	2609.9	3774.1
70.4	374.6	1830.2	2474.2	3692.8
70.3	381.2	1735.2	2349.5	3666.6
80.4	364.0	1707.9	2441.8	3575.2
0.0	591.3	1776.5	2678.8	3393.0
0.0	958.4	1726.7	2815.4	3400.2
0.0	869.1	1699.0	2704.3	3310.2
0.0	855.1	1609.0	2550.8	3261.3
136.4	1020.3	1730.7	2570.3	3396.6
428.6	927.4	1732.7	2516.9	3457.9
0.0	1058.7	1831.4	2645.4	3423.0
0.0	1009.4	1791.6	2578.1	3355.1
0.0	807.2	1492.5	2512.5	3312.5
375.0	1093.1	1780.6	2812.8	3430.3
0.0	586.4	1529.2	2712.3	3311.7
0.0	574.2	1311.7	2554.7	3389.5
0.0	391.8	877.6	2434.7	3461.8
0.0	420.9	893.8	2415.2	3423.0
102.1	473.0	933.6	2456.9	3438.8
102.4	537.4	1040.6	2473.9	3457.1
104.1	604.0	1141.7	2455.3	3480.2
103.8	625.2	1201.5	2484.8	3438.8
104.0	645.5	1252.6	2518.9	3398.3
104.4	664.9	1315.2	2512.6	3383.5
104.5	670.5	1355.7	2516.1	3413.8
104.5	668.0	1402.5	2502.4	3408.5
104.6	663.7	1465.8	2492.8	3335.6
104.4	679.2	1502.3	2512.3	3271.3
104.5	660.5	1548.1	2465.2	3348.0
104.7	651.0	1590.0	2457.3	3341.1
103.8	640.2	1641.6	2426.1	3379.4
102.6	630.6	1674.7	2387.9	3458.9
100.6	616.5	1711.2	2319.3	3481.4
98.4	606.3	1765.3	2257.8	3539.2
96.8	588.0	1794.3	2195.2	3496.6
94.8	576.2	1782.9	2115.7	3475.8
93.4	536.1	1718.6	2080.5	3469.8
91.1	486.0	1585.3	2128.2	3483.5
89.9	475.7	1450.4	2190.0	3514.2
88.3	513.5	1355.7	2224.2	3528.2
88.3	564.3	1281.1	2244.8	3564.9
90.9	604.2	1225.7	2251.7	3566.8
90.2	630.1	1117.2	2247.1	3595.0
89.3	590.3	1066.2	2275.3	3585.9
90.4	601.6	1056.6	2336.4	3584.9
89.6	613.0	1031.6	2350.9	3586.1
91.3	590.7	969.6	2405.9	3567.9
91.2	585.0	957.2	2437.5	3570.5
91.6	587.0	935.7	2480.2	3577.4
92.1	586.6	907.0	2563.9	3580.3
92.3	557.1	903.3	2620.5	3617.0
92.6	497.7	916.1	2640.5	3568.3
93.0	497.0	934.2	2621.6	3585.9
92.2	452.9	956.8	2707.6	3583.0
89.6	416.0	983.2	2604.7	3491.5
87.7	418.3	1041.7	2493.9	3480.4
82.8	489.3	1197.1	2451.4	3600.7
81.0	479.2	1324.6	2494.7	3584.2
0.0	442.0	1490.7	2421.1	3511.5
90.9	421.1	1696.8	2320.0	3504.1
90.3	439.9	1847.6	2222.3	3515.2
91.9	289.7	1929.6	2260.0	3523.6
89.3	265.6	1927.9	2239.7	3560.0
89.0	296.8	2048.7	2464.6	3532.8
89.0	388.1	2034.3	2581.3	3466.8
90.6	414.6	2013.1	2670.4	3500.8
91.7	443.3	1919.6	2480.6	3515.6
92.7	475.4	1834.0	2378.7	3493.0
93.2	511.0	1730.2	2341.0	3503.1
93.6	568.8	1646.0	2301.6	3480.7
93.2	598.9	1611.2	2335.3	3450.3
92.9	601.9	1518.9	2337.2	3446.7
93.4	610.1	1452.2	2375.1	3451.0
93.6	588.8	1377.1	2385.1	3458.5
93.9	568.2	1329.6	2360.3	3537.0
93.4	527.6	1301.1	2339.2	3650.3
92.3	494.8	1299.0	2343.5	3636.7
89.1	499.6	1338.5	2315.8	3590.8
88.9	525.3	1392.5	2293.6	3536.0
87.2	522.5	1430.6	2209.5	3394.4
0.0	516.7	1465.9	2129.0	3362.8
82.8	501.7	1493.3	2039.5	3298.6
78.9	502.0	1454.9	1794.4	3283.5
80.5	479.0	1403.6	1768.0	3358.8
80.5	507.2	1296.7	1794.1	3406.0
80.4	519.7	1212.5	1692.5	3469.2
80.4	435.7	1216.7	1908.0	3293.5
77.0	662.8	1397.9	2351.1	3288.8
78.4	788.1	1498.0	2321.7	3168.6
95.3	854.7	1675.5	2605.0	3337.1
88.2	954.8	1729.4	2732.4	3418.5
94.5	967.6	1776.7	2679.8	3395.1
0.0	796.3	1782.0	2626.3	3475.4
0.0	897.2	1706.7	2628.1	3485.7
0.0	941.4	1683.5	2597.7	3411.6
0.0	643.9	1618.6	2489.8	3380.0
