0.0	0.0	0.0	0.0	0.0
0.0	0.0	0.0	0.0	0.0
0.0	0.0	0.0	0.0	0.0
0.0	1103.9	1723.7	2494.3	3283.8
0.0	1015.4	1748.5	2517.4	3327.6
0.0	728.9	1710.4	2524.4	3458.8
307.7	600.2	1708.5	2596.3	3423.0
0.0	842.9	1794.4	2607.3	3327.4
0.0	841.8	1708.2	2574.6	3359.1
0.0	711.3	1627.1	2649.4	3397.9
0.0	800.2	1807.0	2648.7	3418.9
0.0	827.5	1843.3	2654.6	3475.6
0.0	805.1	1705.9	2671.6	3492.1
0.0	598.0	1748.0	2626.4	3498.1
0.0	527.8	1642.4	2581.0	3454.3
0.0	546.7	1667.1	2530.5	3350.3
0.0	652.0	1859.0	2546.7	3205.5
0.0	640.3	1863.7	2570.0	3113.4
0.0	757.0	1870.9	2552.6	3218.9
0.0	530.3	1856.6	2518.2	3245.0
0.0	441.6	1944.9	2556.2	3534.1
154.4	423.7	1935.8	2528.2	3843.2
128.8	427.5	1869.0	2545.3	3887.1
124.5	467.7	1845.8	2535.9	3931.1
118.8	476.3	1823.6	2524.9	3876.4
116.7	445.8	1805.0	2557.6	3868.1
115.3	508.6	1750.6	2584.5	3713.8
111.7	411.1	1719.3	2613.1	3793.9
109.1	459.4	1700.1	2615.0	3792.2
106.2	466.7	1661.0	2589.0	3729.2
104.3	567.8	1635.9	2592.3	3745.4
100.8	679.0	1644.5	2597.6	3625.2
100.8	390.7	1668.1	2602.4	3682.9
104.3	393.1	1594.0	2574.4	3970.8
111.1	449.9	1543.3	2570.4	4044.4
110.2	511.3	1497.4	2548.8	4075.7
99.5	571.3	1463.9	2548.9	4039.6
88.5	610.6	1421.3	2506.9	3938.4
83.9	652.7	1343.3	2372.6	3822.9
83.9	690.8	1317.1	2288.9	3733.5
82.8	714.2	1293.5	2273.7	3705.3
88.9	746.8	1301.8	2263.1	3665.3
90.9	753.6	1307.7	2268.2	3503.1
94.5	744.2	1304.7	2280.6	3526.7
99.2	723.2	1321.3	2293.4	3596.0
100.0	721.4	1350.2	2291.8	3636.7
102.6	731.5	1378.9	2295.6	3638.5
105.3	724.9	1402.9	2303.3	3660.3
107.1	725.4	1420.2	2303.0	3752.2
108.2	715.2	1432.4	2302.5	3720.4
109.1	717.5	1459.3	2303.5	3690.1
110.1	698.8	1521.0	2295.7	3750.2
110.5	661.5	1565.4	2287.3	3712.1
112.4	623.2	1658.5	2297.3	3743.8
115.3	583.7	1730.6	2304.3	3689.7
117.3	566.6	1779.5	2334.2	3701.3
118.6	535.4	1802.3	2359.4	3710.6
119.3	491.2	1831.5	2399.6	3690.9
122.4	485.7	1862.2	2450.4	3826.3
126.1	490.1	1900.6	2482.1	3776.0
127.1	454.6	1894.7	2507.7	3525.9
127.7	397.2	1842.4	2502.6	3553.3
129.0	391.1	1828.9	2506.0	3550.2
126.3	411.1	1809.5	2600.3	3746.3
125.0	444.6	1799.3	2739.5	3800.1
125.0	778.8	1765.2	2768.7	3835.1
122.4	749.0	1771.3	2749.2	3696.9
0.0	740.0	1763.1	2680.3	3596.2
0.0	773.0	1764.9	2590.0	3699.8
0.0	718.1	1728.3	2594.6	3729.0
0.0	669.8	1604.2	2546.1	3549.3
521.7	316.9	1468.8	2514.2	3421.8
105.3	292.4	1438.2	2245.8	3291.9
118.4	284.3	1339.2	2057.9	3228.3
115.2	256.3	1262.9	2050.4	3147.8
108.4	230.1	1227.3	1978.7	3111.7
103.4	219.2	1184.2	1896.2	3260.7
100.8	223.8	1122.0	1861.0	3306.5
0.0	684.2	1126.5	1850.2	3345.4
199.5	533.3	1133.9	1811.0	3350.6
101.8	509.9	1092.7	1645.4	3457.1
215.2	533.2	1074.3	1607.4	3464.3
109.1	497.6	1092.5	1584.5	3475.1
108.0	497.7	1152.0	1574.5	3539.7
107.4	508.6	1171.5	1547.6	3580.7
108.0	496.9	1186.5	1530.1	3589.3
108.8	542.4	1199.2	1532.3	3555.3
109.1	640.3	1203.8	1550.5	3547.0
109.7	621.0	1206.8	1563.4	3547.9
109.7	628.8	1211.4	1562.8	3556.3
109.9	653.8	1219.9	1592.9	3519.6
110.5	659.3	1230.1	1615.3	3531.5
111.4	654.5	1254.2	1623.9	3527.4
111.1	652.7	1313.5	1628.5	3521.5
110.5	650.2	1392.4	1655.6	3507.8
110.3	663.3	1429.6	1697.0	3487.8
109.7	665.7	1470.6	1740.8	3435.5
109.2	585.7	1548.3	1779.3	3355.5
109.1	527.4	1621.0	1847.3	3184.9
109.2	546.9	1649.3	1860.3	2890.5
109.1	261.9	1611.8	1902.1	2679.8
106.2	270.4	1533.4	2434.3	3430.6
106.2	300.9	1503.8	2383.5	3283.5
217.7	330.7	1488.3	2363.4	3265.1
218.2	320.4	1485.2	2384.4	3340.8
108.1	306.9	1484.9	2359.6	3366.4
107.1	744.0	1701.5	2342.3	3272.0
103.9	866.5	1871.7	2493.1	3419.2
100.8	850.7	1830.6	2546.6	3490.7
0.0	784.0	1755.4	2586.8	3451.9
0.0	790.1	1764.3	2626.9	3508.3
160.0	860.5	1844.5	2623.7	3565.9
0.0	617.1	1728.8	2513.5	3565.7
315.8	530.3	1727.2	2581.1	3541.2
0.0	806.6	1908.0	2778.2	3514.4
133.3	913.6	1945.9	2846.6	3596.8
187.5	997.7	1906.8	2692.7	3624.6
300.0	897.9	1910.3	2652.1	3603.6
0.0	803.2	1826.0	2715.6	3555.5
0.0	737.0	1814.0	2695.8	3522.6
0.0	742.0	1906.3	2680.0	3532.6
117.6	815.8	1879.7	2707.1	3575.0
0.0	412.8	1881.4	2611.5	3617.9
0.0	416.2	1965.3	2680.2	3638.2
125.8	406.5	1994.6	2715.5	3599.9
120.8	414.2	2011.6	2788.4	3669.4
113.4	465.6	2031.5	2766.7	3683.9
110.5	467.1	2048.3	2737.4	3660.9
109.0	442.9	2056.9	2680.4	3647.4
108.1	422.2	2050.5	2575.1	3598.3
108.1	357.4	2018.7	2407.9	3575.6
108.1	423.0	1896.4	2185.0	3574.4
107.2	422.9	1716.5	2117.4	3523.1
106.2	412.0	1534.9	2059.4	3477.3
103.2	489.3	1348.6	1977.4	3439.3
100.5	444.9	1632.9	2228.7	3467.7
99.1	468.9	1659.2	2330.7	3489.0
98.6	553.5	1555.2	2253.2	3496.0
99.8	554.9	1397.5	1777.3	3476.2
101.5	460.5	1266.1	1576.9	3477.6
101.9	437.9	1247.1	1540.9	3506.4
101.1	417.1	1263.0	1536.3	3525.1
100.8	421.4	1291.0	1567.6	3534.0
98.4	426.5	1323.1	1602.0	3528.7
98.4	414.7	1365.8	1659.4	3510.4
96.8	417.3	1404.5	1702.6	3480.7
93.0	427.9	1438.8	1784.6	3436.9
91.6	400.1	1509.2	1843.3	3373.2
91.2	564.9	1625.3	2127.1	3206.5
89.1	661.1	1784.5	2274.0	3256.9
83.5	572.8	1909.0	2439.5	3382.8
196.7	729.6	1986.5	2544.7	3408.5
0.0	763.2	1903.6	2636.7	3389.9
266.7	710.3	1931.3	2537.8	3430.9
0.0	664.3	1905.2	2415.9	3389.3
0.0	787.1	1948.2	2565.9	3477.3
0.0	781.0	1845.3	2598.3	3564.9
0.0	718.4	1745.2	2449.7	3453.1
0.0	789.9	1661.0	2474.3	3370.9
315.8	909.7	1745.1	2608.4	3537.3
81.6	741.5	1688.5	2670.6	3673.3
266.7	682.4	1506.7	2974.4	3479.4
110.1	705.6	1535.1	2934.4	3275.5
139.5	556.5	1359.1	2577.4	3484.9
0.0	426.7	866.3	2250.6	3538.5
0.0	461.1	874.5	2175.2	3490.3
0.0	517.6	925.0	2220.8	3620.8
106.2	542.6	981.8	2240.9	3674.7
64.5	532.6	1057.4	2234.6	3726.4
0.0	530.9	1169.2	2289.1	3663.8
81.6	549.2	1272.2	2321.3	3693.4
81.2	563.0	1361.3	2347.9	3674.6
79.2	557.2	1469.8	2394.4	3548.7
82.1	518.5	1601.7	2392.3	3601.3
81.6	491.8	1685.9	2383.8	3488.1
82.9	482.9	1767.1	2386.8	3538.7
84.5	544.4	1820.1	2421.7	3446.4
90.9	624.8	1861.7	2441.9	3384.0
95.2	638.3	1921.8	2447.7	3382.6
89.6	567.6	1900.6	2453.7	3412.8
91.6	544.5	1864.9	2458.8	3400.4
91.4	536.6	1940.3	2465.2	3304.7
0.0	818.7	1900.4	2472.5	3256.2
0.0	899.2	1934.1	2451.3	3324.7
0.0	841.3	1869.9	2459.2	3278.6
81.1	737.3	1811.2	2511.1	3242.5
66.1	748.6	1793.6	2400.5	3268.5
80.0	762.0	1764.6	2217.9	3404.5
0.0	451.1	1675.7	2227.2	3238.9
0.0	740.6	1631.2	2426.9	3275.4
142.9	767.7	1650.5	2556.7	3375.2
106.2	733.8	1663.6	2401.4	3329.3
